#include <cstdio>

int pre[] = {0,1,2,3,5,7,11,15,22,30,41,55,75,97,129,169,216,278,354,450,564,705,879,1090,1346,1652,2025,2460,2985,3614,4358,5227,6258,7466,8885,10553,12462,14734,17327,20336,23847,27874,32487,37844,43966,50954,58950,68044,78407,90200,103603,118825,136087,155514,177567,202328,230271,261703,296948,336677,381119,430885,486654,548985,618559,696167,782719,879104,986414,1105567,1238121,1385073,1547940,1728496,1928348,2149727,2394169,2664319,2962635,3291488,3654135
};

int main()
{
    int i;
    scanf("%d",&i);
    printf("%d\n",pre[i]);
    return 0;
}
