100
9383 886
2777 6915
7793 8335
5386 492
6649 1421
2362 27
8690 59
7763 3926
540 3426
9172 5736
5211 5368
2567 6429
5782 1530
2862 5123
4067 3135
3929 9802
4022 3058
3069 8167
1393 8456
5011 8042
6229 7373
4421 4919
3784 8537
5198 4324
8315 4370
6413 3526
6091 8980
9956 1873
6862 9170
6996 7281
2305 925
7084 6327
336 6505
846 1729
1313 5857
6124 3895
9582 545
8814 3367
5434 364
4043 3750
1087 6808
7276 7178
5788 3584
5403 2651
2754 2399
9932 5060
9676 3368
7739 12
6226 8586
8094 7539
795 570
1434 378
7467 6601
97 2902
3317 492
6652 756
7301 280
4286 9441
3865 9689
8444 6619
8440 4729
8031 8117
8097 5771
4481 675
709 8927
4567 7856
9497 2353
4586 6965
5306 4683
6219 8624
1528 2871
5732 8829
9503 19
8270 3368
9708 6715
6340 8149
7796 723
2618 2245
2846 3451
2921 3555
2379 7488
7764 8228
9841 2350
5193 1500
7034 7764
124 4914
6987 5856
3743 6491
2227 8365
9859 1936
1432 2551
6437 9228
3275 5407
1474 6121
8858 4395
6029 1237
8235 3793
5818 4428
6143 1011
5928 9529
