100
8888 0
8587 2298
-5861 6682
7438 4872
-8767 -1487
938 8846
8087 -3698
-8342 -3068
950 -8837
-131 8890
6327 -6249
7800 -4271
3294 -8256
6719 -5826
7881 4126
8849 -842
6991 -5500
7162 5267
8822 1105
-3843 -8021
151 -8886
-6309 -6262
-6577 -5988
3452 8195
-8875 -530
-2657 -8485
6339 -6235
-8780 -1404
-8575 -2360
4229 7826
5751 -6785
8416 2886
-4490 7671
-1131 8816
-3977 -7957
-8669 1983
-8867 -681
-627 -8874
-7851 -4186
-4455 7695
3939 7968
5349 -7108
8542 -2488
5716 6814
6205 6362
8889 28
-7602 -4611
8767 1489
1958 -8674
-2098 8645
-8777 -1445
-910 8849
-8711 1772
-8409 2898
8694 -1880
-8695 1883
5923 6637
8840 1008
-4281 -7797
5529 6966
7459 -4847
-5928 6634
6663 -5888
4620 7597
-8817 1122
-6910 -5602
3659 8105
7152 -5281
8320 -3136
8062 -3762
-4657 7576
-2638 -8497
1008 -8838
7485 4807
4052 7910
-7765 4329
-6414 6158
5734 6795
-2734 8456
624 8866
1608 8746
-8891 305
1325 -8789
6490 6079
-4854 7450
-7565 -4676
8051 3784
-7297 5083
3214 8295
3969 7954
6640 5910
8885 -410
3367 -8232
-4253 7812
3962 -7963
-4859 -7446
-6838 -5683
3530 -8165
-1352 8784
-7160 -5274
