100
9000 0
8995 94
8982 188
8960 282
8929 375
8889 469
8840 562
8783 654
8717 746
8642 836
8559 927
8467 1016
8367 1104
8259 1191
8143 1277
8019 1361
7886 1445
7746 1527
7598 1607
7443 1686
7281 1763
7111 1838
6934 1912
6750 1983
6560 2053
6363 2121
6160 2186
5951 2250
5736 2311
5516 2370
5290 2427
5058 2481
4822 2532
4581 2582
4335 2628
4085 2673
3832 2714
3574 2753
3313 2789
3048 2822
2781 2853
2510 2880
2238 2905
1963 2927
1686 2946
1407 2963
1127 2976
846 2986
565 2994
282 2998
0 3000
-282 2998
-565 2994
-846 2986
-1127 2976
-1407 2963
-1686 2946
-1963 2927
-2238 2905
-2510 2880
-2781 2853
-3048 2822
-3313 2789
-3574 2753
-3832 2714
-4085 2673
-4335 2628
-4581 2582
-4822 2532
-5058 2481
-5290 2427
-5516 2370
-5736 2311
-5951 2250
-6160 2186
-6363 2121
-6560 2053
-6750 1983
-6934 1912
-7111 1838
-7281 1763
-7443 1686
-7598 1607
-7746 1527
-7886 1445
-8019 1361
-8143 1277
-8259 1191
-8367 1104
-8467 1016
-8559 927
-8642 836
-8717 746
-8783 654
-8840 562
-8889 469
-8929 375
-8960 282
-8982 188
-8995 94
