100
6 -7
-1358 -1129
-628 662
3152 -3713
-3230 3195
5555 -6182
-3655 -4347
355 363
-140 126
-2001 2210
-3465 -4030
3937 -3325
-1246 -1412
4333 -3711
5256 -6230
-751 -913
5092 5965
-1928 -1642
2919 2406
4639 4983
46 -41
871 916
5577 -5321
-3285 3725
-2229 -2238
-2489 -2699
-2418 -2812
3040 -3009
4763 -4682
5475 -6247
-5817 5031
-7418 -6196
-599 -560
-548 -500
-5926 5522
3995 -4053
-4156 4136
5861 6450
6926 -6713
-2868 -2683
-738 840
-6125 5316
-6948 5786
4488 -5189
30 26
-1221 1493
-2604 -2696
3581 2960
3300 -2943
-6283 -5772
-5176 5123
-5792 -5274
1383 -1401
5204 5095
4829 5826
-6102 6185
-6403 -5528
-7261 -5981
5460 5845
-3997 4612
-5903 5010
-6495 6852
2896 3380
2794 -3199
220 219
-5721 5478
-3940 -3469
-2350 2002
-2975 2490
-6974 5865
3887 3642
7137 -6582
-5023 -5593
-5524 6511
-148 -130
2061 -2129
-3031 -2887
2880 2491
142 -154
-275 -248
3502 -3916
6246 6232
393 439
-4156 -3567
3330 3126
4063 4209
5271 -6266
4058 -4218
-6686 -5907
1370 -1560
1206 1034
4321 5269
4248 4814
5389 5033
5418 -4759
2455 2615
-2868 -2998
-5116 -5805
-330 -301
3707 -3560
