9000000001 500000 4000
99350
112698
184962
1178446
1179657
1192849
1553841
1724347
1785892
1989933
2147895
2212483
2625723
3049099
3295483
3504427
3737290
3963100
4021488
4173508
4186376
4317670
5106650
5227736
5278086
5391076
5506909
6150350
6161279
6185794
6267098
6574167
7309366
7840272
7907759
8319008
8589981
8894597
8979863
9269619
9328857
9376277
9425047
9642118
10201388
10910468
11089988
11411303
11750318
11855531
12892194
13369805
13706568
13884363
13995798
14519549
14616334
14979095
15156637
15280424
15546265
15683645
15918494
15995909
16258293
16364554
17044616
17470344
17875206
18066625
18125063
18527469
19100911
19193993
19561942
19861367
20382094
20452087
20906803
21046083
21860581
21967870
22351363
22850847
22888027
23412229
23948775
24426266
24470371
24688417
24778370
25027905
25110130
25123193
25126302
25134481
25486545
25668361
25849024
26269877
26422991
26921671
26951340
27215446
27419222
27605370
28387749
28481228
28507865
28622304
29003361
29564594
29612255
29850378
30149988
30233552
30565472
30725723
30984831
31190916
31410268
31459317
31536484
32053167
32166487
32199877
32209154
32389138
32892879
33317978
33545668
33633998
33981159
34202743
34299201
34779186
35030915
35136105
35190489
35318626
35470512
35550984
35570264
35688834
35743057
35862705
35929368
36567020
36740608
37542917
37632665
37641032
37687689
37729656
37828879
38020474
38169750
38789421
38956677
38983351
39433336
39694352
39783366
40064798
40092302
40667686
41114361
41185714
41878868
41949201
42139472
42533137
42550864
43326188
43487852
43640721
43703167
44024404
44092699
44173720
44732711
44985003
45009132
45152369
45274858
45491624
45853534
45887027
45963489
46061546
46316948
46563831
47028760
47189264
47394157
47639899
47643189
47835856
48266431
48679449
48914299
49143578
49344099
49707568
49855610
49946712
50133303
51042364
51235207
51391016
51463885
51801455
51902770
52110585
52335611
52469891
52772019
52820908
53331396
53524314
54487094
54502886
54653257
54885402
54992185
55100322
55192830
55239268
55610155
55705718
55766094
55796280
56153775
56179864
56339969
56505833
56908858
56945473
57016888
57502072
57570379
57718432
57727569
58750731
58875417
59566483
60115233
60396832
60448622
60884599
60922049
61178639
61248643
61442307
63201141
63339168
63838111
63910385
64260781
64415105
65466657
65960839
66199479
66290175
66464952
66569274
66901538
66914396
66976349
67504642
67689769
67788322
68184355
68223880
68420364
68471736
68564918
68604936
69406151
69583985
69602553
70305936
70308453
70556623
70726348
70917559
71628005
71780786
71972612
71983793
72275477
72511281
72605846
72859533
73870758
73972036
74364609
74575660
75319684
76030990
76195293
76384058
76581597
77056514
77088529
78268867
78381564
78875607
79321902
79441344
79823523
80029103
80126666
80868779
81149010
81313734
81888534
82355064
82580389
82603432
82898942
83047984
83061949
83733287
84216296
84320492
84457960
84606007
84788148
84842530
85848573
86004215
86543681
86688457
87230608
87947086
88186348
88395164
88788420
88869540
89052579
89124442
89301096
89413981
89820192
89909613
89950393
90235305
90931447
91298720
91740974
91750165
91774239
91845678
91936515
92039737
92144358
92716446
92766709
93505556
93761459
94007755
94038409
94082988
94141902
94297595
94637784
94644585
95197353
95205171
95242697
95425838
95532936
95667599
95990090
96029576
96293257
96307090
96418119
96747023
96804506
96834247
97223119
97654718
97900128
98325887
98390458
98447895
99086921
99590436
101644214
101797473
101919272
102131542
102649096
102724644
102775487
102931176
103222178
103280904
103385078
104081868
104517937
104736696
104755449
104772578
105238585
105553241
105778964
105857369
106112462
106242985
106544242
106565334
106909361
107244932
107292118
107670510
107863822
107979895
107997493
108019160
108146461
108712976
108764360
109085853
109234594
109266146
110144332
110295215
110463984
110551847
110880421
111214197
111519228
111644894
111751363
111762466
111830688
111990735
112063405
112348666
113096259
113843322
114209067
114645176
115131418
115749475
116065357
116353831
116402800
116479177
116820774
116994886
117178475
117309107
118597904
118722381
119367571
119430656
119497547
119571555
120414462
120584568
120692573
120859468
121583338
122425912
122500814
122905193
123305712
123405678
123425072
123470552
123651565
123651816
124611274
124612117
124705692
125013856
125282425
125879953
126345843
126426686
126709347
126948492
127157052
127326931
127443890
127504040
127627824
127635206
127642926
127645715
127732268
127738551
127870109
127925133
128092772
128878348
129699249
130022889
130073260
130414370
130702332
130846339
130927446
131287550
131345727
131473882
131573070
132270822
132552982
132930898
133192167
133682262
134264783
134325102
134441719
134922800
135054791
135754446
135894178
136263089
136581612
136773532
137354655
137667357
137881611
137959984
138760600
139125917
139138205
139438239
139782975
140142555
140166775
140882602
140903381
140927506
141015449
141350989
141888801
142124341
143189330
143659663
143832050
144056262
144121679
144467150
144921396
144931949
145995513
146246052
146387151
146633713
146810068
146826543
147120297
147382762
148191041
148544074
148869911
149682550
151671611
152302943
152794045
153141745
153454007
154512345
154707196
155536787
156256372
156320259
156693495
156946294
157033179
157349938
157500731
157550535
157948836
158050295
158683469
158725588
158780335
158964475
160079938
162680845
162707424
163054592
163378547
163518198
163781571
164880594
165304466
166566290
166583208
167116433
167587974
168340060
168385226
168677992
169319076
169455655
169682443
169945548
171351182
171455525
171740564
172226529
172266353
174555827
175786664
176267590
176611311
178838565
180165322
180362270
181122880
181365320
183565222
183627964
184183151
184207822
184994744
185665573
185734860
186101914
186165827
187155762
187733161
187803639
187809541
188835656
189067153
190155909
190479974
190792707
192358729
192683020
193325463
194508659
195278775
196944487
197034304
197167615
197351847
198015232
198438919
199110777
199763755
200062325
201027988
203186516
203466081
204095755
204155334
204609512
204891433
205676716
206304548
206993312
207056885
207799417
210791678
210791890
210931369
210935934
211346751
212223003
212405532
212544523
212715691
212716498
213282149
213756838
213959371
214379304
214526288
214565738
214849255
215079371
215709867
215747073
216620635
216835981
217248433
217888865
218655862
219169110
219215188
220971634
221510381
223944198
224444893
225176253
225301907
225315749
225705754
226793332
226853786
227024722
227324764
227722532
228247418
230013739
230535005
230644848
231438050
231466525
233002581
233101570
233185329
233495486
233720280
233958302
234307102
234820118
234869710
236106234
236196155
237497648
238795966
238998072
240399477
240481597
242271727
242344853
243440989
243856995
244403159
245216433
245606458
246834451
247458385
248826329
249221645
249553589
249788517
250081904
250622708
251299491
252381845
252715634
253116244
253727620
254595065
255209376
255973150
256897530
258198756
259154790
259573410
259807065
260885662
261325890
261704709
261855143
265248822
265543030
266046810
266401498
267837918
268082683
269021610
269052646
269548706
269822383
272148079
273154827
273429557
274401337
274891765
275593921
276321625
276433696
277705517
278328036
278652067
279601465
279983269
280337519
280382193
280461091
282009120
283005641
283332961
283847260
284913275
285672077
286175842
286345924
286986433
287403664
287777965
288159927
289694743
290348402
291395326
291495887
293492716
293725877
294162669
294558387
295112381
295227986
297183044
298956478
298985496
299001549
299053880
299996486
300404860
300416433
300581959
300701499
300808842
302816097
303082709
303433298
303658850
303782722
303788535
306449171
307466996
307622818
310300591
311399340
311517970
311542117
311644809
312623097
313050675
313090135
313280203
313482948
313510817
314545213
315253651
315620646
315628174
315852921
315980047
316249034
316414746
316590013
316620458
317131951
318142724
318309842
318321602
320321200
320597022
320716876
320806012
321807088
321959988
321992125
322750504
323191060
324243492
324679852
326475236
327818522
327939625
327997193
328280913
328766400
331342457
331742103
331847073
332323828
333436515
333460251
334591686
335429915
335710320
336205345
336330440
336369658
337446346
337934373
338152579
338212215
338555073
338589277
339894030
340177180
340455849
340695306
340873022
342451474
343431142
343606890
344942112
345018899
345269708
345871390
345933583
347014444
347051540
347298204
348029174
348605236
349854828
350364649
351113560
351246588
351453276
351846128
352273316
354028896
354470850
355618598
356486878
356775474
358180114
358841216
358981175
360711828
361056907
362783270
362968360
363439928
363650154
363875235
364402410
364476463
364554311
365066430
368146116
368553013
368673003
369156507
369188727
369674785
370231922
370737976
370902290
371523385
371760778
371789110
371830504
372050657
372082797
372653069
372714567
372918817
372924321
374311500
374358991
374491476
374501229
375257984
375313436
376489747
377008301
377139358
377596305
377745755
377957561
378830088
381053209
381234507
382008094
382150903
384004565
384585070
384691841
385136596
385523245
386697699
387189969
387776599
388687703
389179523
389199218
389288875
389474962
390715098
390861947
391040575
391216803
391683765
392007417
392618516
393279159
395002805
395180701
396714876
396791547
397468310
397512751
398206409
398229519
398370077
399066528
399884959
400819334
401012383
401111117
401905668
401983244
402438957
402932752
403859159
404533421
404538293
405592655
405756742
405800302
406365138
407496352
407563654
407820449
408117127
408355017
410315322
410389974
410548779
411882030
412246942
412360747
412803369
412968238
413030540
413041189
413818785
413873570
414398654
414424262
416055814
416728234
416981257
417607123
418988857
419217358
420155986
421960169
424086752
424356712
424784064
425022825
426390272
428716229
429035226
429262531
429282363
430002297
430099956
430456315
430598103
430816260
432296346
432395309
434276050
435470760
435780617
435897816
436138043
436516969
437076242
437230910
437575911
438423661
439644040
439668606
439985762
440992515
441447733
441950304
443090467
443449473
443710769
445808012
445957537
446008232
446164678
446197919
446456809
446527428
446828817
447657011
447718678
448371986
448766784
450204104
450274266
450279191
450867512
451522571
451853417
452488649
452829039
452861990
453073404
453736969
454082779
454501970
454647701
454735475
454998263
455025029
455338060
455436434
455750453
455817482
456175566
456261321
456546289
456763171
456796639
457338609
459217052
459292404
459308906
459716218
461419019
463400370
463563301
463621681
463910678
465583177
465739750
465799948
466500882
466881429
466916475
467574784
467823444
469460549
469896587
470126409
470636315
470680174
471017239
472382606
472721563
472947753
472981435
473033467
473038262
473096235
474510816
474642215
474740581
474881987
474997843
475889595
476330714
476446077
476657255
476866258
477567184
477637872
477658962
477768064
478103199
478657853
478788019
479248009
479597575
480146282
480538376
480993771
481216396
481281795
481888715
483045234
483202195
484338279
484955100
485051968
485137734
485532602
486169200
487627987
489347178
489487170
490671225
491133432
491331769
491377099
491657281
492700727
493955843
494096187
494384368
495200665
495745310
495944381
497640720
498507538
499346095
499859395
500527634
500697845
501668746
501756751
502695463
503308834
503912478
504408986
504581985
505645439
505819730
505838521
505840291
506415296
506753624
506909757
507389506
507818633
508503720
508929248
509463287
510871075
510888692
511600612
511876472
511907425
512784956
513342859
513497044
513881485
514567887
514580212
514841951
515051581
515065684
515399669
515570559
516054337
516935412
517106424
517918750
518612890
518851479
518931864
519253747
519828414
520783033
521386825
521505018
521632969
521914751
522002054
523559851
523599701
524270032
525731950
526673240
527751463
528032978
528724492
529478991
529742866
530382518
531179501
531234690
531737269
533705863
534669463
535621167
535988713
536031588
536204689
536514440
537242425
538051370
538475657
539933176
540052070
541241050
541270605
541889295
541898400
542811161
544732472
545099251
545939488
546042340
546062217
546597716
547006985
547179587
547293775
547719372
548411366
548691666
549527827
550146861
550198059
550215412
551802965
552586419
552844971
553733511
554303913
554439378
554532586
554574117
555146769
555309049
557240270
557531428
557758451
558101172
559315793
559671037
560263696
560521674
561127451
562209372
562991216
563009592
563725649
563749836
564458233
564549635
565244752
565466807
565710424
566108498
566148558
566406261
566622372
566636932
566832980
568196132
569391334
570505393
570882576
571937182
572350933
572359103
573610917
573803294
573895981
574494478
576599477
577054270
577595831
577654221
577714444
577742008
577771177
578536726
580843112
581301678
581508529
582198934
582249040
584148382
584863328
585844713
586105181
586210045
586219076
587787529
588655973
589139941
589484371
589778369
589878152
589927402
590087405
590421192
591126555
591189001
591232175
591488130
591596125
591737483
592019754
592645881
593788807
594736609
596094379
596261129
597089971
597938617
597975357
598088156
598738593
599320328
600368200
600451941
600660544
601115533
601427915
602037023
602092552
602159542
602241133
602840746
602849246
603363141
603370282
603453821
604065465
604206594
604851022
605510033
606043528
607013668
607628269
608095162
608618472
609197078
609958086
610277921
610364388
610637549
610970134
611805414
613251109
613350323
613586221
615342218
615556862
616080747
616765421
617119921
617124932
617298837
618286922
618335029
618743287
618746121
619355623
619476365
620108706
620247524
621403872
621715892
622087173
622286409
622402855
622652000
622723852
623563456
624172624
624386052
624903952
625331505
625338720
625401103
626640014
626780968
629257274
629306480
629307646
631320220
632507421
632627944
632739084
633766056
634055519
634118182
634640027
635447203
635540759
635677068
635807138
635945983
636598917
636809423
637682999
637745123
637769987
637839267
638257548
638521784
638686209
639683273
641206561
641836962
642168866
642214657
642396879
643091367
643540740
643552502
646485221
646586128
647528836
648318807
648637998
649122977
650523562
650713678
650986045
651305828
651442041
651662496
651728068
652098707
652766416
652796032
655445514
656204232
656228322
656748098
657218805
657969393
658692471
658765035
658958021
659407261
659472195
659729936
659791153
660167473
661110655
661730188
663132085
663948643
664059947
665127018
666534214
667095360
667521504
667565823
667826326
667885072
668191137
669136996
669904887
670070022
670168020
670323770
672326536
672528023
672897104
673691718
674915063
675211316
675696750
675892901
676443243
676509801
676876925
676911359
677173962
677340322
678494709
680256329
680292765
680487087
680629683
681268736
681852164
682249456
682517483
682750625
682962114
684256839
684646494
684963608
686115302
686732568
686926905
687872114
688416395
689177411
689730695
690746803
691281528
692985194
693018979
693476841
694007747
694861752
695766876
696773696
697060965
697667208
698685957
699889423
700138439
700616614
700633719
700866734
701887022
702016723
702637019
703727004
704108299
704548102
704904920
706109367
706402841
706709171
706875092
708169836
708256451
709621152
710373166
712317675
712375385
712536756
713492797
713604821
713772004
713913922
714989589
716629435
716855668
716935581
716999307
718051904
718279728
722541637
722845209
723148412
724015499
724227489
725349876
725600468
725604396
727329586
728012192
728295888
728911479
729538600
730526155
730617134
730633598
733239027
733425696
734072614
734176621
735026237
735179092
735515303
736811301
737073244
737681355
738224662
738460362
738890618
739439760
739565410
739699486
739827852
740391668
740845993
741440989
741605335
743385242
743520198
743844866
744337876
744453206
744805149
745082571
745226063
745247650
745835132
746447358
746669946
747108954
747809248
748153178
748998533
750495539
750786079
751602477
751766177
753768834
754210822
754231728
754584407
755068770
755632319
756004484
757185524
757524266
758652043
759050002
759846265
760340724
760645888
761116988
761235739
761368857
761894396
762048190
762202155
763812171
764163934
764169228
764321541
764814365
764916854
764927062
765496965
765856752
766575682
766608501
767144103
767215916
768242358
768560319
769181586
770457358
770692365
772043814
772460118
773143287
773472025
773758512
773789430
774069612
774661582
775374267
776236626
776670140
778835141
779023347
779785992
781269869
781326803
781333613
781792523
781795829
782642459
783223501
783408984
783723441
783739133
783847014
783899344
785176724
785667287
786106738
786280125
786966809
787048567
788749532
789019519
789349815
789369047
790084069
790198445
790366810
790580064
790732124
791356554
792652057
792771201
793366921
793562645
794647149
794800812
795093017
795708401
796184666
796800601
797559802
798038129
799311026
799589303
800402817
800781268
801913236
802270739
802897063
803329772
803766570
804066195
804578614
804782793
805046990
805282966
805542254
807162782
808072502
808929580
809260888
809339443
810040549
810263356
811145963
812195866
812927469
813287119
813585628
814059383
815797398
815873768
816967098
817769009
819667608
820517576
820835908
821554922
821783275
821937126
822237433
822453112
823768866
824529503
826308652
826494798
827432394
828959369
829327147
829975750
830213739
831910166
832034509
834201632
834704471
835751443
836022722
836230251
836424398
836552202
837346311
838783621
838980110
839042218
839697392
840403278
840723308
841074776
841236067
842908795
843308625
844144971
844189329
844598340
845716744
845988021
846643520
847742969
847904490
848135805
848223103
848715380
848798988
848832902
848918169
849805747
849855827
850835518
851366682
851951491
853067076
853932875
854240694
855094026
855382958
855564880
855838328
856104567
856270541
856495128
856625296
856785603
857882254
858118713
858313159
858649193
859018848
859312424
859419137
859487348
860167728
860344245
860568650
860706989
861586961
861679105
861997746
862122640
862545055
864365685
866203122
866806013
868136763
868760946
869442335
870396049
871781665
872753943
872884097
873362038
873729274
874096564
874307621
874441078
875501521
875694301
878735091
879243077
879596464
880711106
880889076
881523439
882696538
883438132
884019488
884076403
884116808
884640412
884645459
885046106
885436447
885490652
885957418
886566511
886822180
887287496
887291374
887414377
887490852
887677655
887769066
888248226
888460323
889240334
890526419
890980120
892291916
892961091
893107985
893173385
893387999
893835371
893880460
894611363
895618964
896335579
896821228
897105806
897601277
897740849
897815741
898954831
899672036
899817093
899911602
900404544
900801115
901160678
901428800
901924619
902543240
903002033
903429212
904346085
905338684
906093570
906881420
907093375
907273838
907825146
908875940
910279356
910600968
911172413
911216664
911226277
911625360
911781782
912644576
912920259
913409730
913489163
914040532
914171933
914520564
914665620
916268228
916569032
917652358
917748688
918063155
920911041
921466956
922973505
922975900
923005539
924041940
926282045
926343515
926437204
926703808
927065807
927327708
927465290
927663298
927754310
928083478
928233274
930376655
930739803
930987869
931460609
932103070
932579226
932621398
934516516
934862401
934937254
935138197
935759266
936053518
936396074
937751057
938031206
938550536
938765710
938769739
938772488
938816125
938924161
939527566
942169892
942265706
943965912
944224124
944582837
945732899
946360062
946517612
947094886
947166766
947953693
948673460
950107729
950513386
951568326
954200818
954808207
955123536
955152396
955978775
956005409
956215907
957557687
958469959
958677714
959163046
959300891
960947357
961927715
963184855
963548518
964496861
965236773
965278836
966796384
967554194
968675788
968985628
970032517
970104644
970351320
971230571
971523026
971531971
972052921
972703558
972890208
972926540
974394659
974949433
975312928
975371606
975644073
975831511
976344715
976505577
977567779
978927626
979550505
979941054
980570208
983730209
983809664
983850459
984346333
984443774
984524684
984789484
985014108
985328321
985330241
985644400
985690919
986751648
987196788
987988614
988359366
989129891
989459250
989820063
989934823
989984478
990203934
990281731
990460406
991297225
991566772
993422321
994692419
994804345
995119461
995887680
995999734
996948609
996951146
997106823
997717538
998671627
999909246
1000420866
1000690340
1000973200
1001053171
1001305053
1001310589
1001697162
1002031681
1002132134
1002283155
1002477337
1002519522
1002946684
1003322771
1003371891
1003488751
1004244564
1004700259
1004862551
1005133323
1006249502
1006290973
1006790702
1006802628
1007516602
1007805699
1008328162
1008570796
1008606648
1011293639
1011801273
1012765352
1013308746
1013539879
1013893056
1014344104
1014660098
1014743886
1014867726
1015036874
1015811076
1015974603
1016019325
1017079359
1017418004
1017667046
1017704122
1017993090
1018392028
1019996455
1020582051
1020813495
1021632035
1021642372
1021999693
1023307132
1023575685
1024724911
1025040806
1026087653
1026176363
1026217362
1027099955
1028136373
1028590626
1029207893
1029969183
1030293561
1030540188
1031146330
1031240517
1031461104
1032381848
1034045334
1034597414
1035739185
1038938022
1039129941
1041563880
1041646478
1041744939
1041987684
1042101769
1043468475
1044480139
1046537235
1047283002
1047404904
1047767873
1048753081
1048810722
1048865141
1049705773
1050382161
1051063597
1051404729
1051825730
1052396723
1052959116
1053671076
1054114596
1054594084
1054781490
1055199065
1055220321
1056233345
1056585560
1056786296
1056888226
1056958441
1057383387
1057425435
1057627847
1057684989
1059426939
1060005699
1060438219
1061604171
1062072253
1062340048
1062508346
1062578290
1062716022
1062770105
1063224427
1063431285
1063575812
1064145101
1064360699
1064648936
1065025568
1065596728
1065669863
1066288616
1067604415
1067689053
1067809210
1068140889
1068587112
1068717938
1068834228
1070717327
1071010112
1072060870
1072323866
1073149105
1074212448
1076261010
1076742278
1076929104
1077900614
1079158740
1079224512
1079421735
1079894510
1081246777
1081426328
1081686424
1082245604
1083438278
1083596196
1083648632
1084683070
1084774227
1085719928
1087465115
1087936448
1088191128
1088288587
1088518821
1088714384
1089198053
1089691014
1090037028
1090279021
1091002985
1091738975
1092063359
1092678451
1092708015
1094218447
1096534651
1096716776
1097558205
1097669192
1097983185
1098382408
1099099052
1099505510
1099907558
1100076021
1100206883
1100227941
1100315765
1100371814
1100451808
1100874819
1101082805
1101661138
1102687175
1104799471
1105670392
1107053355
1107625811
1108144383
1108428852
1108794634
1108811568
1109078670
1109261342
1112134604
1112266739
1112345583
1112947168
1113366772
1113775818
1115705103
1117175587
1118399399
1118862040
1118867742
1119039480
1119609663
1119679253
1120352996
1120376182
1120586608
1123370210
1124529454
1124860929
1125245298
1126610801
1126719842
1127333120
1127633623
1127691081
1128652031
1128888414
1129235920
1129924887
1130767180
1131337449
1131494413
1133359643
1133977193
1134967006
1135448916
1137314740
1137316174
1137416627
1137444718
1138538280
1142641608
1142762073
1143384270
1143485553
1143870319
1143957255
1144115154
1144157484
1146840397
1147451985
1147571434
1147724879
1147742329
1149871484
1150243017
1151535894
1152906180
1153014312
1153261711
1153719097
1154219241
1154623374
1155456514
1155709401
1156074527
1156278733
1157353806
1158877395
1160452240
1161346211
1165001640
1165609552
1166265304
1166423488
1168609744
1168733149
1168747983
1168975534
1170013917
1171243224
1171618766
1171797760
1171857791
1172590824
1172653848
1172915229
1173249339
1173549389
1174058403
1174663936
1174680337
1175567441
1175714713
1175890171
1175894424
1176054994
1176987929
1177132173
1177796544
1180474394
1180489077
1180977212
1181061671
1181200265
1181322671
1181866905
1181986659
1181986851
1182395751
1182978375
1183031036
1183191140
1183238796
1183434231
1184062661
1184092396
1184470539
1184755177
1185344742
1185742840
1185853525
1186776761
1187969431
1188238282
1189109862
1190527829
1191389265
1193114731
1193287824
1194247086
1194590439
1194604194
1195025324
1195198998
1195417453
1195570911
1195621163
1196381938
1197072395
1198239860
1198459854
1199254895
1200079837
1200371580
1200557553
1200561202
1200809769
1201545286
1201563969
1201646173
1201804845
1202251650
1203272054
1203819526
1204616904
1206090667
1206356437
1206790661
1207899792
1208375031
1209936552
1210351825
1210748392
1211677273
1212479343
1212651253
1214841307
1215492433
1216209438
1216214222
1216312189
1216512457
1216532687
1217195301
1218231893
1218436511
1218739318
1218951298
1219099951
1220139022
1220255989
1220620971
1220772225
1221533444
1222258173
1223471230
1223638543
1224076803
1224786905
1225155234
1225781269
1225985244
1226418647
1226584635
1226799762
1227091886
1227499136
1228613954
1228906730
1228925465
1229062924
1229133929
1229352863
1229835538
1230771934
1230915121
1231863920
1232165032
1232342009
1232511089
1232719418
1234101259
1234138693
1234178534
1234628675
1234965106
1237070292
1237220740
1238174060
1238532365
1239124960
1239153649
1239161776
1239962803
1241614509
1243959992
1244160525
1244458332
1244577030
1244809457
1245668982
1245937185
1246455901
1246862667
1246875420
1247055563
1248378989
1249902483
1250816114
1250851509
1250868910
1251442366
1252509821
1252546429
1252766506
1253290346
1254290286
1255823771
1256773196
1257715635
1258223098
1258251464
1258256778
1258307130
1259127476
1259571885
1259776346
1260049882
1260633467
1261008747
1262623097
1263165860
1263651838
1264115028
1264202150
1264717211
1265097872
1266053163
1266058755
1266544788
1266643049
1266924718
1267809175
1267870206
1268556935
1268576434
1269173137
1269586718
1270024175
1271096962
1272207555
1272217196
1272381723
1272756184
1272808762
1273106118
1274880503
1275010544
1277216416
1277381998
1277466969
1278694193
1279480365
1279662106
1280189567
1281336466
1281953275
1281964252
1282316843
1282420822
1282540733
1283480131
1284503918
1285250437
1285652102
1286024366
1287018457
1287163118
1287758566
1289229469
1289234458
1289688905
1290208015
1290994780
1292185939
1292194069
1292833637
1293253618
1293712065
1294461025
1294814734
1295177591
1295583631
1296480232
1297620530
1297760471
1297963996
1298007306
1298192112
1298364973
1299479433
1299970151
1300273397
1300333610
1300557322
1300882653
1300978007
1301428296
1301508978
1302349324
1302552217
1302575555
1303149516
1303671590
1303767623
1304610899
1304804010
1305173183
1305645620
1305848495
1305913059
1306235282
1306484672
1306917909
1307029968
1307287336
1307535928
1309150476
1309731653
1310396882
1311990597
1312291306
1313191942
1313386369
1315026562
1316703058
1316792671
1316796332
1318277057
1318892704
1319319321
1319586444
1319610496
1320143008
1320215604
1320735842
1320993810
1321409199
1322371129
1323304885
1323428207
1323452854
1325546267
1326146468
1327382633
1327501874
1327573129
1327885724
1327935965
1328098550
1329842241
1330882677
1331717387
1332114520
1333245032
1333762500
1334063859
1334639793
1334668377
1334988170
1335336646
1336344959
1338636720
1338953580
1339222247
1339773906
1339893113
1340455369
1341137218
1341187047
1341231788
1342421058
1342929088
1343061134
1343121433
1343299282
1343854016
1343957924
1344324284
1344482358
1344901387
1344905133
1345421714
1345804659
1346220307
1346303931
1346337697
1346342304
1346467908
1346727993
1348237013
1348537643
1348821186
1349113332
1349233457
1349323065
1349485952
1350029619
1350278371
1353072338
1353350696
1354341836
1354949374
1355140740
1355988255
1356124899
1357556298
1357788594
1358043920
1358401257
1359107894
1359638465
1359709994
1360152271
1361443413
1361461672
1361900326
1362249516
1362278937
1362490992
1362810575
1362897920
1362932507
1363206051
1363486216
1364078653
1364142538
1365026200
1365346111
1366106591
1366650019
1366687815
1367106357
1367230987
1368171934
1368414682
1369072800
1369505587
1370382682
1372241695
1373736049
1373915713
1373921220
1374359758
1374756769
1374766203
1374812183
1375456321
1375482299
1376289852
1376357573
1376703386
1377029301
1377110843
1378574882
1378655949
1378920044
1379189804
1380256056
1380278547
1380364595
1381145113
1381262314
1381343204
1381390117
1381951989
1382229495
1382565020
1382590925
1382639662
1383007233
1383439416
1383487694
1383644680
1384059023
1384139168
1384369024
1384442158
1384554461
1384568598
1384921916
1385954921
1386043371
1386363497
1386582993
1386715268
1387286790
1387799973
1388878856
1389401366
1390006810
1390427147
1390687360
1391444701
1392020185
1392490374
1392652126
1394854876
1396344982
1396474646
1396555414
1396666097
1397171329
1397979670
1398359727
1398630926
1399824981
1399917585
1400703833
1401743409
1401814914
1403270044
1403485630
1403577924
1405877088
1406150476
1406330347
1406769205
1406915551
1407057814
1407527915
1407948669
1408121879
1408819643
1409438539
1409510023
1410236092
1410452824
1410633282
1412124030
1412440464
1413157991
1413337819
1413540626
1413547234
1413968866
1414080405
1414307168
1415042951
1416483563
1416603606
1417087502
1417828882
1418835727
1418851610
1418860030
1418999708
1419070994
1420923742
1421298565
1422181537
1424464526
1425458148
1425608582
1426486251
1428668895
1429513011
1429663324
1430315597
1431524797
1431939347
1432848961
1433367387
1433639408
1433934881
1433996927
1435349103
1435728274
1435866745
1436919650
1436932807
1437697315
1437748893
1438673364
1439052653
1439382402
1439816393
1440135117
1441073583
1441412730
1441486852
1442635012
1443371389
1443727369
1444697113
1445057553
1445476357
1445763026
1445823290
1446032699
1446361725
1448262671
1448839940
1450196014
1450328900
1450355356
1450655542
1450976285
1452514171
1452795881
1453376271
1453606428
1453928305
1454497563
1455476234
1456195892
1456798047
1457155314
1457354235
1457368971
1457432372
1458331144
1458634792
1458720546
1459161076
1459203785
1460285336
1462304740
1463087131
1464632374
1464834660
1464959923
1465466756
1465518496
1466197520
1466730792
1466813787
1468774331
1469159239
1469238085
1470767227
1471294395
1471816085
1471890976
1471989321
1472842809
1474029192
1475602927
1476209861
1476314204
1476649081
1476841539
1477765059
1478441434
1478647671
1478853036
1479301811
1479847852
1480021039
1482534533
1482626147
1482832743
1482905159
1483418678
1484476058
1485084274
1485659251
1486818512
1487849991
1488211910
1488552018
1489072893
1490276938
1490669863
1490773104
1491168958
1491880988
1493385568
1493585813
1494833607
1495893112
1496440503
1496728472
1497548780
1497678948
1498289531
1500062256
1501353910
1501371263
1501700873
1501721011
1502424213
1504010988
1504301705
1504320063
1504921045
1505118993
1505989159
1506012446
1507082130
1507531629
1507854894
1508539404
1509424043
1510830129
1511144797
1511473026
1511587193
1512574382
1512757273
1513200729
1514619176
1514666731
1514735000
1514855284
1515408219
1516177215
1516281664
1516307961
1517627899
1518325028
1518441290
1519004389
1519883380
1520123199
1520308424
1520358810
1520621659
1520786805
1521433202
1521777886
1522376080
1522504899
1523343513
1523474125
1523758947
1524180211
1524648185
1524962944
1525118603
1526346206
1526726546
1526954500
1527042166
1527624246
1528909107
1529489437
1530897491
1532578251
1533270176
1533445481
1534475000
1535253551
1535924820
1536359007
1537312954
1537504303
1538267659
1538668710
1538953639
1539158807
1539787849
1539868471
1540045531
1541219809
1541850454
1542590476
1543284325
1543728491
1544626376
1545266895
1545618096
1546489068
1546879706
1546988872
1547023973
1547703635
1547838329
1548083797
1548792159
1549026725
1549262314
1549903486
1549920487
1551079292
1551272232
1552139620
1552144751
1552327050
1553599791
1553811457
1553893261
1554120137
1554286771
1554538645
1554705757
1554783671
1555306020
1555621533
1556319655
1556405895
1556923130
1557524405
1558318504
1558411266
1559108802
1559184405
1559469011
1561435621
1561615784
1561772247
1561803837
1562657119
1562747412
1563200489
1564341694
1565808919
1566139238
1566934638
1567712356
1567965980
1568332434
1568781784
1569725974
1570218580
1571303442
1571863478
1572076016
1572939259
1573120431
1573498654
1574508617
1574736378
1575442819
1575972844
1575992824
1576297611
1577069617
1577118370
1579004747
1579289664
1579667491
1580014094
1580065816
1580212807
1580354790
1580475927
1581011232
1581029843
1581119600
1581233567
1581274394
1581281530
1582831012
1583885883
1584058602
1584308413
1584856890
1585066022
1586037566
1587980011
1588394732
1588725001
1588772615
1588780335
1589263414
1589868682
1590277195
1590697721
1590951105
1591505245
1591565700
1592136133
1592671628
1592739167
1593416803
1593425402
1593991694
1594084200
1594137545
1594437457
1594511771
1595846679
1596005685
1596827092
1597480090
1597796698
1597811886
1598090327
1598274859
1599135982
1599733292
1600087004
1600721327
1600767392
1603145817
1604160505
1604370865
1604943238
1605050163
1605357294
1605372442
1605724129
1605912057
1606073602
1606095767
1606809232
1607622430
1608451982
1608535243
1608567488
1609138499
1609218454
1609900409
1610037901
1610108965
1610120988
1610231411
1611009836
1611643913
1612387763
1613402916
1614600078
1614768403
1614860680
1614886582
1615534207
1616186838
1616262060
1616533852
1617141998
1617227410
1617692612
1617972005
1618095455
1618986477
1619303172
1619515193
1620038721
1621673037
1622121846
1623023296
1625770236
1627003182
1627045574
1627545261
1628455846
1628556733
1629258699
1630505553
1630736450
1631364909
1631524629
1631916254
1632012158
1632209836
1632646923
1632845242
1632889516
1633134607
1633305066
1633325088
1633912554
1634037194
1634556328
1635612769
1637102972
1637374704
1638528400
1638803843
1638870051
1638950918
1638973959
1639192338
1639330321
1639437726
1640841119
1641082172
1641315010
1642255759
1642881999
1643222036
1643265520
1643790169
1644095275
1644242369
1645367515
1645626012
1645967842
1646467703
1646531507
1647247205
1647265788
1648010588
1648374808
1648886171
1649436731
1650061754
1650904460
1651218813
1651332544
1651642498
1652276397
1652386435
1653216111
1653530182
1654605628
1655307056
1657505548
1657606493
1658127039
1659956815
1660850602
1661407780
1663023710
1663838792
1664146024
1664471663
1664945795
1665601235
1665714017
1666191598
1666367972
1666899998
1666978455
1667711459
1667837129
1668091588
1669005839
1670444413
1671261224
1671542759
1671748275
1672038499
1672097734
1672977596
1673461397
1673843235
1674535039
1675441969
1675820405
1677240774
1678115386
1678151570
1679117907
1679757285
1681097332
1682076575
1683116813
1683379384
1684004558
1684119304
1685035518
1685126232
1685244214
1685305222
1685767067
1686019258
1686044625
1686260507
1686411275
1687013488
1688333400
1689292862
1689519453
1689696695
1689983324
1690288052
1690553243
1690647777
1690724822
1691271831
1692660958
1693220480
1693343813
1693380834
1693520275
1693879372
1694392636
1694824098
1695050922
1695204512
1695442498
1696166804
1696630607
1696932042
1698117646
1701737765
1702213441
1702861302
1703511992
1704454750
1704580576
1704930593
1706392095
1707151730
1708337682
1708562216
1710009936
1710028728
1710274751
1711032200
1711133951
1711150155
1711643677
1712176927
1713294203
1714184712
1714374915
1714916563
1715012457
1715327086
1715394966
1716202372
1716494835
1716798677
1717141010
1718013300
1719078363
1719114715
1719694971
1722265754
1722563333
1722742676
1724096516
1724394013
1724664444
1724787517
1724976130
1725388384
1725899112
1727102067
1727403578
1727854815
1728155891
1728606466
1729112683
1729837875
1730184013
1730317299
1731126847
1731630674
1733064441
1733105994
1733202127
1733900613
1734655220
1734690263
1734819870
1735921198
1736458560
1737000715
1737493014
1737649484
1738420826
1740390189
1740619447
1740666716
1741309100
1741970110
1741996806
1742126122
1742286713
1742894326
1742969158
1743827024
1745431781
1745687180
1745811928
1746083216
1746714503
1746799654
1747065350
1749136780
1749362532
1749969797
1750268991
1750706088
1751645072
1752494925
1752536368
1752957999
1753404840
1753705544
1753727323
1753977026
1754362559
1754441668
1754732676
1755507793
1755934028
1756613509
1756762917
1757620288
1757620547
1757934347
1758460739
1758480399
1758656682
1758939508
1758982262
1759145342
1759477826
1760722390
1760775957
1761447074
1761948850
1762167044
1762897927
1763153383
1763161770
1763444362
1763701629
1764152608
1764539616
1764583857
1765009112
1765178835
1765493975
1765556847
1766418260
1766770457
1766957649
1767369219
1767709796
1769043667
1769075469
1769508536
1769885015
1769928282
1770345307
1770607349
1771456283
1771689522
1772126032
1773116385
1773666916
1775015980
1775358337
1776404328
1776456795
1776603513
1777005196
1777115176
1777305619
1777813524
1778513516
1778713963
1779313419
1779769544
1779970525
1780180170
1780349423
1781276036
1782001277
1782034714
1782132766
1782779846
1783671234
1784283705
1784549555
1784710299
1784880918
1785511845
1785987077
1786073854
1786182348
1786626585
1787358093
1791714326
1791849794
1794102490
1794530165
1795750219
1797309778
1797939925
1799029081
1799250356
1799842957
1799903362
1800208012
1800229188
1800274037
1801656629
1801914123
1802795916
1803014739
1803714973
1804099827
1805327679
1805592451
1806190655
1806384599
1806491597
1807427018
1808532343
1809623136
1809642534
1811209682
1811288132
1811684322
1812765619
1813224603
1813412089
1813622658
1813653637
1814480575
1814491356
1814894170
1816475693
1816895880
1817618401
1818354312
1818930968
1819731781
1819982854
1821826025
1823173642
1823224485
1823263934
1824208162
1824219191
1824829827
1824907841
1826225322
1826988518
1827122963
1827187585
1828073561
1828683265
1828733033
1828912408
1828998183
1829228814
1829284795
1829414009
1830088794
1830557074
1830863434
1830988947
1831065226
1831195688
1831661769
1831899562
1833799903
1834504431
1834650778
1835540883
1835947255
1836274807
1837441960
1837543988
1839806529
1840424943
1844166229
1845366579
1845997241
1846298942
1846586805
1846716252
1847095893
1847298894
1847424719
1847548577
1849986116
1850806960
1850830241
1851045316
1853827682
1854022044
1854797497
1854987593
1855153175
1855241600
1855279022
1855603216
1855712614
1855715550
1856060508
1856680657
1857535554
1857668818
1857739138
1857777581
1858576225
1859161748
1859949532
1860390964
1861226084
1861492025
1862768006
1864231935
1864234153
1864776497
1865749229
1865951850
1866423501
1868367078
1868664765
1869268536
1872512392
1872518566
1872581182
1872785607
1873351464
1873475616
1873556164
1873840612
1874473003
1874779278
1875803996
1876245237
1877362773
1879287019
1880324242
1881213417
1881349686
1881642912
1881863518
1882099901
1882181917
1882606320
1883582968
1887130486
1887871543
1888031805
1888762282
1889187489
1889956464
1889978547
1890888492
1892728077
1892936856
1894696199
1894735082
1895411464
1896176702
1897029370
1898279659
1898349996
1899609369
1899721359
1900000655
1900653359
1901088852
1902031939
1902101659
1902535834
1902657781
1904284926
1905238118
1905318485
1905368562
1906216123
1907246578
1907849200
1907853797
1908032574
1909457428
1909826931
1910438527
1910710854
1911051755
1911203047
1911357063
1911363169
1911950699
1911979860
1912568972
1913268285
1913279677
1913916514
1914013306
1914389632
1914493922
1916505380
1917490813
1917683090
1917725413
1917740634
1918064821
1918630093
1918945952
1919476254
1919927680
1920643650
1920699572
1920971330
1921956252
1922149862
1922178572
1922899680
1922918282
1923742143
1924372830
1924466969
1925300465
1925315238
1925666831
1926345669
1926763700
1926851056
1927060042
1928548353
1929302101
1929400799
1929606705
1929642779
1930155445
1930333826
1930560794
1930671417
1931922225
1932080465
1932142510
1935126943
1935557846
1935587689
1935719639
1936362960
1936434346
1936779542
1936796294
1937316815
1937350581
1939136472
1939392041
1940294333
1942023798
1942769345
1943595863
1944600797
1945637506
1945893425
1946420315
1948706545
1948838877
1948882823
1949341272
1949780576
1950008757
1951485187
1953167053
1953826503
1954433451
1955784285
1956216873
1957131251
1957832107
1957868553
1958013926
1958441627
1958873391
1959592105
1960099627
1960523281
1960659962
1960769772
1961139220
1961212023
1961397140
1964477618
1964534355
1964701388
1965087308
1965665554
1965773415
1966554873
1967368906
1967501969
1967629707
1968099723
1968202248
1968421338
1970362414
1971273291
1971340875
1972097429
1972672251
1972978611
1973482245
1973900046
1974090071
1976171865
1976994795
1977200503
1977535166
1977710491
1978659294
1978970247
1979591099
1980301115
1980331077
1980799994
1981720161
1981776723
1981873659
1982188504
1982403311
1982919281
1983395789
1983418386
1984532336
1984989404
1985423274
1986026379
1986210197
1986595512
1987176242
1987193831
1987878302
1988248773
1988266229
1988943331
1989824095
1991324425
1992068678
1992072098
1992452605
1992575191
1992695118
1992746980
1992836026
1993746910
1994246260
1994629167
1994785041
1994804957
1995006293
1995151998
1995486771
1996193832
1996761206
1997112233
1997280463
1997438230
1997965482
1999057953
