100 100
40 70
71 12
1112112120111111111212120112221221021212221011111101121222110211121112221220121112021101120112112101
2111211100202211022210101122201201112110122121211112111122120121221211110112102112210111111112110212
2210121121121111111011101121111111020121111111021111201212020010221011111221022122221221202111012111
0211122012112012212111121111112120121211002220111211111222111101121122121221112212220101111210111111
1111211111201200211210022111002111221121211112101110211200122111210111011101122122201121101121111002
1122011020111210212222102012222112202011220011011211111111122110121121111212111111222210110001112110
1111121211121011212111011221121122022201222212111122111111111011121002111111111110121122112212111122
1010111111112222112221112221112122122122010120001121211102022200111011022210112221111110110212010111
1111110121011111121121101211121222021110211211111111011010211120011211111101111100111210112102112112
1212222212112201101121120112012201111222111112111111121111011100122111111021111111121201011011222021
0201021121022122111120111111110221220012121111112011011211210110221212110211121100120211122111120211
1121101202111211101112011021020121021121101112222201122001111101122210222011021210112121221202111111
1021020201222111211121122121112000122111221112111101202100222101211121111121220121120122102111012111
1211111112021122211211011202110012111112111221212122012112121212112222211221212111110110112211122112
1112211111221021211101002201112210211212121211122221210121121111110111222211211122010211112111211121
2212112211121212200112102102112222222112021100121111212101121221111111210110210211011121211111101101
1121112110221211111211221111222212121111211121211001111112111111211110101111112112112111102111212121
1211001112201011111211222222110122122212211201122111121111210112122111121121011011211021111111121111
1011110112121122112101110111111121102021112111211222211121211011121201012110121122012020121222122202
1121120110211212211211221201112121011211222212211112011212211100222221121111121010212211012210111111
1111110211111221121112112221011102121122120221120111120211222212112201211221112112211121120012110221
1001212012121011102201111220121111111211120211221021111111111122111121021121010121211222122221122110
1211212121001121212010121221012112111100112011111001111201210211011122122100100112111111212112112112
1012202001011121121111220111121110211200000112111101101101111212110121111111222101211211120221111101
2122211012110122010112112122212111011211100121112102102111112110001012211111111102111022211200211111
1122111211011212220122212112112121111221111012001011120011112210021011121112201121110212111121021002
0101210111122111112101200111110010011122212112212112121211021011111121222122111112121121121221111021
1101111112121211112112111022121022111121121011211112222121112112111122220121101122210121101121111101
2112021012111111211101022211011112212012222012100120122112121121111111110011210201111101111121011102
2212121211122211112112212112011112011111021202221212200111122122212121022111111022112111112011121122
2011212221111121112101112111122111111110222111110112210121202210121211221212102211111101021211112120
1111010002211211111121111122111211111020112012221222111020111211010011121121211112210112221112202111
1111122111111111120221122111122111122101211211121121122111212221100101111111211222211112110221201121
1111100111121122001011011111111210110201112210121211121121021111211212101210010111102221200100110221
0220222201111212111221121222210111021211121112111112102011212212021111011111111112221211210112112111
1021221120211011212111210111111121112211101111110101111111102121111012102111102122111011011212022121
1111112112121111121121122112012201011002110222011122221211121112112011211112101110111011211221112111
1111112101012111211101001201112021110122110111212021211211122221101110012121201110111202101021102112
2111220122011111011121020111220021201211120111122211112211110212221111221210221212101121110111011101
0220111120220011111112222101211111111202111111112211112211010121012011112112122111221101121100112102
2211211100112201012011200212220101012221112120211111111121110021210112122111110111011122122110221212
1111101112111112121112121111111102212111101212112002201112120101122111121120012122121111112011101102
1111121011201102212012001122110100110111111111212010121222212212222002211201011112112110122121100121
1221112111122201102021211221112121110112222121112210111020100112121202111111111021221211210110212211
1111021212011121012102121121211122121102111111122201122111112111102122112120122201211221112210221020
1212121201111022112110201201211100111022111112102111111222121100120111121121022121221221100011020111
2121112111201021121102201112111111020222001121121111011211201211100201021111112101211121111101100111
2101201202111221212111221210102010120121012112122111210111121121211222111220111111022112102111111110
1011112211212121111112111121201101101010210210111212121111112111122012121101112111121010121201112011
0121212112211112121210101102110120121011121222112011111111212211210121121101211202112211011120011221
1221121221011111201112111110111222201212222121201212110211121001110111211220210121111101220020112011
1122111102211011112001021101211122110011202212110121111102112112110120111121112110012110021111110011
1211212221121210220122021112111111111111122110212221211111021011011211111221211211210220212110221122
1120102102220111020121212112010111211202222111222112112122111011111121221222111112021101221101202121
2112111121221121212222122111201221111111111111202211211111112011111121011012120221122110210112111011
1101122012121202011111211210112111110110221112211111111111212002012101211111110111011211111012211111
1111011100121121111200001211111112011220121020121212112011022201200111101121211111012221110121110011
2211122212110111012112211222011021120211210212212122001211121210110121102212121010112211202111121110
0221111112222012221210021111121200112222200220110201212212121012111112112101022222121112211201101112
0110020112111120111222020112102212212212002211121111211122111101111112101110111102112222122212122212
1111110212110121012121220100021111112221121120211212021211112102212201110021110221221121111110011112
1111110121201212210112011112211102112111112212110011210101111011111012111112210112020221111211222221
0212111111021101111121211110000110111020101122102120210112121121111112122212222121021110110212221200
1201110211212221011012212221221101111110011121111221122111101101111212200220111210110121022102211111
1111221122102120021220010221110111010111111112111111121021111121221111011111201212111110011111112000
1110101112210101121111101221121101111111121121220222111011011021112111212212101112111211112120022220
1111112110111112011111101112211111021111121122121122211012100221121112111210222211122011110122121111
2111111121111111101110220111221221121111111201111101210021022211111211211121111112212111201210111112
0222100211122211121010010011111211212112121012120110021110020211112022121110212112211111101101101120
2200211012212012221211021211111222112211222112111110011110100112121121201000121122221121111111111112
2111201221111121211222101111121222221011010111001111102011221120211222122010121110211111111220012212
2101111112011221111112121110201202112211111111202111011112112121220111011211112121111211200201102212
0101012212212112122211002111222012111111011111021210210121120220110111101121012212011111200222122111
2211112111111212101101121120012111122120201210211222212111112122122110112012121220022022112211110221
1101102111111222011221111122202111111121121011211112211211120210222112110111201121111200210010121211
1111111110012101021221211210121212111101222111111011211111112212112221110111011211011202121111121111
2102012111202112122111102021221211102011101211102000112222211111111012221121011121121210122121212021
2011012111111221122110021012111001112110020011011011111211211201001111112110011121110111112110111111
1211021122112120201121101120222120012112122110111102111221111021021121111212011101101112120112211121
2211211120211211011102121102111211221120211211021021112012110000121211111111111111111221110112020112
1101111221121112121100212221211211100011102112110110111211112102111211111020002102102111112112222112
1121120111012112221001111010212111122121122012111121111210112112211211212020111122120112121122220220
2111221220122121110110111021221110222012111101011212120121111111210121111102111121001112212121211012
2111110111111121121211111112121111121111111222101011021010212212110110201111212112211211210211112220
1111111121221201011221212112111111022101110212112101212110211101011000111211221212121121101012112210
1112212211212112121111001210221102212211112110120211221120112212112221211220111002122221000010211110
0111211111111121111111110210201111102111011121212212112210112200112111111111111110101211222111210001
2110020111111212011221102011221211102111112121111111111021100222022202011211012211110122221210121211
0212111012210201201212200210211112112212120011010110121112212111111101110111122201111222221110010222
0112121211111111101112010211110211111112111102200011120122101111021122011102011012211110101210222011
2012112121112221101212211212111122021121211110112122121011112110012011220111211202112011101011121112
1121212221110001221111111212122111111121012022110112022212111012221222111212110002021011212220112112
1111111121111021122211100111111220111211211110211011211211111121110221102211211111101110221122211202
2002122111210112101111011210221211111211122111210101222012111112111112221221111021110121122202202111
1112121111001022122001211222012120001121101210110211111111112212122110102112101011001021101211101111
1120112211210011100102112011121102212211111111211212221111112121011112121111111202101111021210112212
1210021112210000211110212101111111112111210112122011121122211111111111120110111102122102121211012202
0211111112202111112112211220111122121211111110111221101211121211111011121110221111111111012111011211
1111101102121222110111122011200011111222111101111211221112101121201111020110122221111211101000211221
0111211110110201112101211111111111112111110112111111111112111122212122011111112221111201212101210121
