1
100
10 166 4307 1146
1371 3361 2528 3627
1867 2134 2124 2717
362 4205 423 4439
4587 1845 4907 1940
3491 4222 4278 4461
821 1654 1078 1702
4130 1402 4351 1440
4372 1443 4539 1650
2467 4440 3315 4452
2509 118 2526 133
4522 2680 4544 2982
4504 1742 4511 1793
4614 2472 4664 2658
4037 2941 4048 3203
4639 2707 4757 2812
3455 4980 3478 4994
1172 4402 1315 4419
4901 780 4905 895
58 1900 179 1986
420 2274 623 2366
3380 4089 3423 4119
1868 2917 2023 2934
2792 4394 3005 4397
3112 3902 3235 3941
3494 4187 3903 4204
940 3879 1003 3886
3517 2290 4019 2325
4316 3817 4371 3835
1986 4182 1997 4184
273 2543 311 2544
759 3549 779 3655
2742 1312 2750 1339
393 3530 402 3545
3279 2834 3370 2836
1287 4426 1345 4427
2070 2100 2086 2134
4019 4772 4022 4817
3820 4901 3919 4904
2972 4013 3102 4052
3303 4997 3363 5000
4471 4974 4496 4979
93 1836 151 1837
3920 1308 4005 1312
251 4472 272 4619
3448 1896 3451 1899
3483 1711 3489 1727
4844 514 4901 521
3086 1787 3100 1819
4053 3183 4127 3272
2432 4980 2441 4984
3067 4003 3076 4005
4812 3939 4840 3967
2890 4414 2895 4420
4657 4351 4791 4383
4906 1071 4921 1228
96 4084 183 4087
487 2995 705 3036
2378 2025 2406 2078
3906 1585 3907 1627
430 3281 479 3309
1533 2361 1840 2442
4044 1267 4045 1282
4425 4305 4446 4317
2113 1849 2286 1870
3183 3793 3262 3804
2691 3083 2707 3108
4802 186 4806 480
2342 2574 2374 2646
2079 2916 2084 2917
1572 3072 1813 3078
684 2330 695 2341
3315 4110 3371 4122
892 3738 906 3757
4502 3451 4503 3504
82 3098 89 3164
965 4474 1134 4666
2443 3909 2461 3915
1896 4529 1944 4742
3641 1500 3748 1510
1729 1771 1788 1781
4569 3398 4583 3451
2007 1393 2066 1396
2647 2574 2671 2598
986 2081 1167 2091
2897 1861 2926 1889
2871 2640 2889 2650
123 4895 187 4901
1042 4134 1055 4155
314 4989 333 4995
4328 4106 4346 4109
1383 4327 1411 4336
4841 35 4842 44
323 3188 334 3263
601 3474 635 3502
4689 1630 4797 1637
1435 3632 1468 3678
2165 4865 2229 4883
3552 2417 3568 2435
1786 2333 1792 2339
