1
1000
20770 15262 24496 16447
12426 23520 13497 27006
10087 26560 11696 28561
21233 2750 24621 3190
26815 6504 29964 14770
29975 27535 29980 29172
22418 8350 24657 13954
19844 26992 20405 27496
25326 29594 26399 29992
27063 4752 27767 6170
24922 20052 25081 22597
16099 20407 18200 22328
18193 17257 18469 18123
12490 15897 13650 16249
12204 15922 12343 16684
10761 13255 12132 13428
20463 4090 20624 4111
19184 9013 19447 11144
20266 23094 20377 23198
8260 15229 8747 15245
678 17504 3478 19398
23398 22874 24473 22879
4901 16938 7668 17120
21965 27077 22246 27193
17009 19757 17195 19996
5727 29232 7675 29578
10427 26198 10668 26333
21464 26177 21575 26197
13472 12864 15383 13068
22354 6901 22415 8026
1563 12871 4755 12993
16486 6876 16507 6895
20860 24220 20962 24423
26609 24234 26797 25406
16018 26764 16025 26931
2648 2371 3607 2422
24893 25745 24911 26104
13599 9412 15520 11758
22627 22202 23282 22303
9135 23497 9615 23498
20085 29094 20137 29147
25752 25848 26375 26082
8741 16972 8797 17045
9586 28744 9718 28802
26936 22023 27053 22040
20294 16592 20328 16673
19391 11304 19399 11985
7121 4231 7385 4340
7967 13575 8060 14638
10743 26200 10761 26332
6327 13631 6355 14352
24820 3455 24849 3641
9246 23478 9427 23487
14724 23180 15284 23339
29493 4490 29632 4655
11723 1427 11746 2028
23482 5623 24749 6173
20815 2269 20835 2284
6286 18514 6293 19653
27936 3841 27951 3985
26034 29459 26114 29485
2875 3310 4893 3424
6236 19170 6265 19615
19371 6628 19374 6808
20060 1750 20074 1860
16179 1722 16253 1732
833 5716 1120 6273
26081 8275 26381 8286
24998 15217 25072 15219
9341 17622 9425 18191
6747 13417 7102 13488
8849 23607 9069 23623
29234 27673 29335 27787
17639 20174 17669 20355
5788 15847 6108 15890
1485 22854 1540 22858
16680 5074 16682 5362
2657 16448 2822 16577
9518 29759 9542 29798
32 27811 235 28688
11268 13996 11554 14026
13487 18220 13577 18303
781 15777 795 15806
17115 16522 17478 16559
7348 7898 7580 8130
15296 25090 15369 25523
8508 28845 8644 28899
3865 4982 4667 5019
8263 2061 8380 2077
24918 15398 24920 15534
26054 7028 26057 7593
24388 25158 24637 25445
12498 3641 13041 3734
22005 18290 22255 18476
11572 23501 11580 23508
11543 25752 11554 25814
10774 17348 10840 17371
12170 677 12177 946
17164 11403 17611 12505
5896 1805 6171 2007
22350 2111 22354 2226
25260 28713 25320 28718
12385 13592 12409 13605
29526 4194 29677 4221
13010 11883 13379 12486
7203 29125 7236 29199
24576 18349 24812 18454
16615 9060 16673 9213
21268 3563 21341 3593
6986 3043 7081 3086
26539 15337 26561 15341
24494 7684 24513 7768
7091 11608 7107 11659
3083 24478 3185 24623
20979 3375 21026 3407
27291 24062 27711 24215
24232 6561 24354 6618
15570 13662 15870 13961
16105 11375 16168 11389
24295 5588 24312 5593
24762 941 24808 1299
14818 27668 15165 27671
6535 22576 6669 22679
410 27633 592 27665
9167 13170 9216 13224
16624 28109 16646 28706
1641 6432 2009 6459
20434 24808 20440 25032
168 29900 178 29921
14473 1348 14645 1414
20701 19248 20710 19538
19501 5776 19713 6232
5548 24441 5644 24464
5136 23691 5350 23908
14542 14351 14549 15151
20571 27967 20617 28069
22182 20562 22253 21942
9603 13846 9782 13932
14845 23406 15058 23410
23229 6579 23271 6587
24975 18664 24977 19035
6015 20031 6082 20044
18249 5780 18970 5968
28676 5488 29133 5556
17142 4158 17149 4174
29909 19344 29952 19612
14655 2723 14660 2744
14651 15173 14654 15203
17454 15834 17557 15836
26868 17526 26936 17596
29574 15558 29620 15776
15355 4449 15443 4475
7305 14612 7325 14876
5935 18512 5970 18514
21002 26937 21103 26983
11667 29941 11708 29988
14678 24718 14710 24794
10109 16607 10256 16820
21883 27329 21891 27408
1949 16510 2594 16520
5465 28236 5501 28580
19330 6616 19367 6627
13007 7136 13010 7330
4062 7 4366 662
12727 14576 12999 14604
11969 1943 12108 2061
6300 24656 6310 24699
9492 12480 9501 12717
29774 3523 29782 3534
22260 23125 22320 23126
6318 40 6319 398
29591 308 29623 398
12986 12793 12988 12835
26341 28177 26382 28210
17455 24706 17553 24707
4611 21464 4881 21804
10274 7458 10392 7648
11100 12293 11122 12393
6919 21727 6929 21948
18853 18871 18963 19017
14219 19332 14445 19337
3371 6064 3495 6356
21153 7228 21195 7456
13097 27824 13285 27916
14033 3387 14113 3425
19692 10758 19774 11205
26206 21655 26207 21713
18942 7053 18952 7097
7303 1798 7304 1799
12554 22389 12665 22395
10821 12160 11016 12200
5030 2440 5111 2568
1698 1524 1929 1557
12326 2890 12335 2975
8855 23124 8891 23125
8415 6275 8478 6364
9046 11734 9056 11833
17247 23043 17350 23085
17577 28105 17581 28108
11929 23278 11963 23392
14692 5435 14696 5437
6137 15056 6192 15154
22965 7862 23112 7898
23608 26925 24154 26935
22264 8489 22280 8961
5581 1021 5655 1313
23400 24524 23460 24619
12449 4652 12472 4656
16577 10628 16599 10661
6163 27163 6178 27232
8366 6201 8391 6244
12450 20231 12480 20399
11992 14540 12127 14560
9309 8707 9339 8788
3455 12202 3821 12284
8829 3056 8832 3252
8305 29136 8343 29189
22288 19064 22305 19165
2615 7301 2632 7425
17674 15433 17801 15476
2695 9196 2841 9404
6574 28253 6646 28524
14169 23279 14219 23323
20451 22355 20462 22375
20436 26243 20438 26246
9259 19157 9277 19158
1861 25426 1866 25465
5035 22365 5090 22372
14266 16895 14396 16928
164 26199 166 26200
19395 23042 19498 23043
3513 10485 3684 10603
3299 4292 3337 4430
999 27029 1046 27061
5192 21006 5308 21059
10731 25696 10741 25737
21975 2455 21988 2475
5818 16507 5847 16508
16931 28819 16998 28843
21292 9335 21455 9349
19378 18584 19381 18625
27949 2234 28100 2256
11348 19846 11443 19862
24371 20909 24376 20997
19411 4451 19443 4479
13471 6895 13472 6898
21348 14471 21371 14495
20079 27699 20085 27768
20021 2412 20049 2431
22173 1977 22181 2050
5637 20258 5672 20296
6645 22332 6668 22352
15840 17214 15874 17253
15696 793 15721 811
19229 26924 19303 26925
4117 22045 4459 22131
18431 7339 18773 7425
3558 13960 3577 13996
22033 12830 22088 12856
25440 4758 25494 4939
15038 4201 15274 4202
15263 17416 15267 17472
7780 3308 7789 3310
11213 22736 11229 22765
23469 2613 23481 2666
861 117 975 171
25123 20591 25215 20859
8937 26959 9002 26972
10599 17048 10606 17198
24726 2755 24735 2791
27643 2605 27878 2608
16356 2227 16384 2230
27506 24782 27560 24787
10236 10877 10262 11025
4339 24979 4383 25055
2637 22895 2647 23007
8894 4130 8895 4136
28362 19937 28593 19982
18782 25425 18812 25426
13266 11057 13276 11178
6345 2768 6455 2809
16564 5588 16577 5621
22899 6351 22909 6414
3745 8598 3849 8677
20448 8807 20451 8936
28148 24226 28151 24231
19830 14767 19833 15011
17658 15573 17666 15583
19430 24906 19492 24934
2827 1040 2869 1273
26375 12688 26427 12740
23530 25032 23594 25052
3768 10830 3783 10853
2117 3684 2150 3722
26017 17964 26033 18172
15924 7448 15985 7450
8350 15132 8355 15161
16886 11401 16892 11402
24235 17461 24275 17502
104 735 130 768
22288 25864 22342 26101
13664 26568 14001 26727
13322 27009 13441 27021
16623 7638 16624 7647
15539 22556 15566 22575
8211 12926 8221 13057
24123 28449 24165 28653
8792 16457 8793 16470
19387 25639 19389 25670
20191 28946 20199 29079
14288 17682 14352 17723
25409 6344 25439 6345
21323 15210 21331 15211
27695 15239 27712 15262
11692 8610 11702 8692
9208 27771 9229 27784
20987 24373 20996 24414
3499 19079 3504 19104
5626 18033 5636 18174
15877 19525 15922 19668
9664 994 9771 1013
1218 19956 1369 19975
19794 13189 19828 13254
8981 26043 9023 26124
3803 19575 3822 19597
11383 29652 11492 29664
6375 29756 6503 29759
10449 4048 10460 4052
24742 5222 24760 5358
11668 9199 11674 9292
10002 16165 10059 16394
24641 15005 24652 15039
29950 5652 29968 5713
13100 11391 13204 11392
21291 20648 21292 20898
4300 15282 4326 15286
1213 9934 1215 10230
27790 4447 27815 4449
18348 28888 18393 28938
3562 18225 3741 18260
2349 7014 2612 7017
8271 4025 8291 4031
7458 29173 7498 29214
3660 19521 3735 19522
4567 1859 4595 1888
3390 5390 3439 5415
8185 29168 8211 29171
24923 15530 24968 15548
1921 27871 1931 27896
10662 20399 10687 20403
4431 16900 4500 16914
3648 23051 3653 23056
4322 24311 4327 24369
21963 10614 21964 10625
26393 21188 26451 21211
6579 7112 6599 7115
485 18370 659 18469
685 7019 702 7020
21103 17755 21131 17765
7768 21177 7779 21178
2887 22251 3058 22297
15296 19865 15297 19921
25667 2069 25743 2098
11819 17798 11897 17952
6950 4796 6979 4877
6718 19309 6726 19315
18789 9444 18801 9456
1899 26134 1914 26143
25853 8743 25867 8790
1357 29832 1457 29858
16081 1149 16082 1186
10883 10317 10900 10369
14617 16096 14637 16122
6709 8192 6711 8197
2468 14701 2499 14751
13976 6940 14023 6964
18751 15541 18773 15558
24156 23145 24208 23151
29073 3387 29178 3425
488 4425 664 4446
20130 2828 20150 2881
16671 17237 16676 17257
17540 10904 17567 10959
6397 11238 6473 11267
315 17038 321 17040
6630 12735 6641 12778
12747 13065 12893 13089
3 18018 7 18024
20487 12562 20533 12658
23234 3212 23281 3274
23675 940 24069 941
17781 17490 17929 17495
9776 29601 9820 29615
19854 23182 19956 23237
5784 26978 5785 26983
29816 22739 29868 22784
19806 16442 19824 16443
10947 22583 11091 22718
22022 21085 22029 21089
17591 13832 17616 13846
25008 15385 25077 15390
2677 29893 2689 29896
2478 7761 2591 7798
20251 28510 20253 28686
787 25471 808 25557
8906 10888 8927 10904
27020 27475 27038 27514
16404 17599 16432 17602
5001 23634 5003 23652
10486 8234 10502 8270
14246 23197 14249 23247
21094 3665 21095 3676
22094 7875 22147 7876
4416 2040 4417 2056
9605 7354 9631 7415
9198 23671 9201 23689
4074 21893 4105 21970
11451 4572 11470 4648
936 21798 964 21865
8497 18505 8503 18511
2607 26065 2609 26110
21224 4117 21232 4129
23470 25249 23479 25323
24700 25162 24718 25209
10878 11888 10882 11986
6869 9326 6879 9329
21591 23353 21768 23394
29047 1173 29066 1329
10650 3558 10651 3562
738 3072 759 3157
27948 1533 27949 1694
2588 27502 2597 27519
27666 2095 27682 2099
17008 8719 17009 8728
14408 22369 14460 22381
17161 8390 17162 8465
6808 9493 6815 9841
20984 2600 20987 2603
14418 19416 14454 19515
1316 24005 1332 24054
555 4362 566 4380
2579 22542 2581 22546
4420 5365 4425 5383
16731 25216 16865 25223
14251 28001 14256 28022
18603 12760 18614 12773
29835 24983 29844 24998
10604 23168 10625 23176
14409 15628 14410 15725
16798 2108 16871 2111
5923 12211 5928 12270
26371 204 26372 216
27687 23185 27693 23190
6456 27200 6523 27231
8396 13282 8407 13366
974 11576 984 11577
2284 16931 2326 16937
2895 17427 2910 17457
6235 5200 6236 5211
12272 1095 12288 1147
5489 16923 5492 16927
26154 12903 26167 12926
8140 21512 8168 21647
23538 25204 23579 25208
21296 1935 21299 1941
561 3119 646 3126
15279 2275 15288 2353
14895 4099 15008 4104
17524 15986 17537 16002
9529 1534 9552 1608
26094 13846 26113 13952
16750 24016 16762 24045
5899 18456 5921 18462
8848 15538 8849 15541
26596 29242 26600 29276
27842 28727 27930 28731
75 17516 92 17517
2025 17454 2057 17455
1598 12167 1612 12176
15995 2675 16001 2717
23498 6902 23529 6904
17186 18918 17245 19044
3257 21157 3258 21158
24101 434 24104 561
11174 15506 11207 15521
23066 1936 23135 1942
28008 22644 28137 22648
7919 28433 7956 28440
12993 18651 13002 18655
22452 25531 22518 25581
21287 8564 21290 8570
20670 7169 20678 7228
3533 6443 3549 6490
20858 14202 20859 14333
381 12744 395 12756
9458 16895 9468 16898
14743 758 14776 767
12615 439 12700 667
24504 21340 24571 21427
6460 24391 6477 24432
15087 27463 15188 27468
7991 9253 8067 9285
23169 29459 23171 29572
19294 19865 19314 19915
11625 19524 11632 19525
20568 13189 20570 13254
27342 25860 27366 25863
26420 9504 26462 9781
22699 25270 22758 25410
12993 22504 13000 22524
9089 17573 9106 17584
25758 24525 25851 24634
18519 4547 18541 4566
8811 2457 8812 2561
11743 16066 11793 16087
19059 21644 19175 21648
27494 16297 27498 16422
20156 5525 20175 5531
26106 21757 26147 21763
795 27124 816 27157
16119 17767 16174 17770
19803 2129 19804 2187
25185 649 25238 664
18454 5001 18465 5031
26039 513 26044 588
23585 26688 23594 26759
11022 18153 11053 18218
115 18051 147 18122
9152 1518 9163 1524
29282 25220 29416 25238
475 22126 479 22153
22092 25894 22094 25995
10098 13551 10103 13567
28905 14904 29025 15003
25430 20008 25433 20016
18380 2378 18403 2394
24240 25763 24284 25813
6030 26866 6107 26917
17668 17786 17669 17793
5129 12414 5131 12462
19534 2540 19650 2550
14854 16952 14860 16966
353 4331 365 4362
5459 8181 5461 8191
12193 29627 12203 29633
17827 1320 18109 1339
7922 3248 7940 3294
17399 18740 17444 18742
14813 6429 14815 6430
12469 21466 12481 21481
2540 6767 2577 6843
16863 22557 16880 22558
15533 10031 15536 10035
6990 22358 7012 22362
29722 3863 29746 4020
23267 5630 23294 5632
13650 23331 13652 23340
25921 552 25945 591
13957 8386 13967 8388
15162 19605 15194 19609
25249 23163 25254 23166
25736 2322 25741 2333
4333 27184 4336 27188
23776 28737 24089 28739
23011 21480 23049 21482
2622 9482 2623 9493
3268 26254 3298 26294
20281 14267 20282 14346
3619 10309 3646 10315
16606 28737 16613 28739
4362 28896 4363 28908
11727 29832 11734 29885
12495 28202 12497 28215
305 3303 308 3305
3196 10449 3229 10461
20727 7205 20745 7216
16322 15727 16337 15735
14992 2014 15000 2018
10750 22254 10751 22329
4799 14829 4832 14850
8212 21387 8224 21461
8537 14784 8675 14823
11433 25334 11451 25411
18066 11193 18175 11205
21533 8475 21586 8478
16468 2498 16476 2532
9167 29044 9194 29066
9818 6127 9839 6159
26982 27019 27018 27029
1990 22869 2025 22874
18402 20630 18413 20641
23555 25519 23567 25531
10130 22875 10162 22878
25533 1660 25576 1698
6200 18704 6204 18718
2394 14344 2443 14349
28337 28654 28343 28676
11384 12959 11426 13009
29153 1120 29228 1121
11031 2663 11043 2670
7939 7261 7954 7267
11786 17600 11796 17605
23497 5171 23498 5199
26040 21007 26049 21020
6347 10909 6368 10991
27527 2181 27588 2212
310 16410 312 16431
10082 328 10083 332
23463 14269 23466 14276
25794 25284 25818 25325
3622 17462 3642 17486
11971 20234 11987 20249
20793 20601 20815 20616
15299 20857 15339 20904
66 16548 74 16569
9632 29806 9658 29832
4378 20052 4405 20098
5191 15173 5192 15193
29180 20114 29228 20158
19086 18575 19174 18581
16944 28636 16966 28640
7827 28822 7851 28835
9595 7505 9601 7634
3194 24999 3195 25009
8640 14122 8709 14124
19356 12500 19368 12517
25015 27407 25049 27436
546 1411 553 1418
16450 24611 16454 24649
3108 16757 3157 16851
29199 9 29228 16
11926 20641 11927 20644
4165 15464 4183 15497
10988 14673 11020 14686
624 10396 660 10403
19944 6622 19957 6626
16874 19670 16875 19751
29328 17659 29449 17674
8975 4917 8980 4956
910 26012 916 26033
7007 18646 7085 18649
17761 15232 17768 15234
16307 4629 16308 4642
17701 19064 17752 19076
13678 24445 13711 24471
23908 27988 24028 27996
2844 6866 2858 6875
18685 1431 18738 1511
17999 13823 18047 13830
28215 25476 28321 25497
8133 5251 8140 5359
5133 11128 5135 11160
5506 17469 5525 17480
11798 7392 11808 7439
18596 7275 18601 7295
15629 17940 15675 17945
4626 14536 4722 14540
23808 14645 23810 14657
1448 11667 1463 11691
17367 27987 17380 27988
14261 27360 14264 27383
29048 2889 29066 2890
26225 22552 26330 22555
25904 499 25908 501
17478 9169 17524 9191
26723 29203 26753 29228
24188 5399 24222 5417
24262 19284 24269 19291
17423 11077 17433 11096
13992 18928 13995 18981
22076 14263 22090 14266
25667 7873 25694 7875
14476 19522 14527 19523
19717 5519 19756 5522
12355 11862 12362 11878
29289 929 29300 933
10100 29354 10106 29399
4114 1845 4115 1847
20294 6242 20350 6261
9928 22600 9936 22601
21030 10820 21070 10824
857 8840 859 8900
20440 954 20444 990
5672 10305 5676 10306
18903 20934 18910 21002
25079 17008 25123 17033
25414 20026 25421 20029
19550 13282 19551 13349
19230 846 19231 876
6104 27210 6115 27269
11312 25864 11333 25875
22026 2591 22027 2596
27581 16754 27608 16756
15362 1377 15429 1396
4106 10266 4107 10301
29773 17994 29774 18011
6642 25987 6643 25990
23780 5534 23792 5553
24563 25965 24566 25985
14374 23815 14404 23908
29162 26216 29165 26233
5006 29332 5027 29346
26328 101 26333 110
27948 27063 27949 27066
13591 23578 13592 23582
1038 14170 1083 14196
21554 2338 21573 2359
28779 15558 28828 15572
29692 802 29697 808
7848 1321 7897 1341
26525 3001 26529 3016
6938 16054 6948 16058
4173 5333 4206 5365
11011 10051 11018 10213
7279 21189 7287 21258
19904 2366 19931 2371
26310 27459 26324 27461
21322 5755 21323 5764
5235 2909 5267 2980
18197 13495 18213 13535
23573 28435 23576 28436
20430 18073 20432 18127
22820 29194 22876 29201
1000 1754 1019 1759
7250 28607 7277 28625
26455 19020 26464 19048
5528 15679 5543 15697
6594 28653 6616 28654
26057 18660 26065 18662
4476 20740 4553 20754
19960 784 19989 792
14255 21554 14258 21561
5057 19918 5100 19935
28481 4797 28617 4885
23083 22890 23102 22894
24332 26688 24352 26751
25959 26821 25964 26866
12070 18250 12098 18266
11437 17359 11442 17385
2876 14463 2880 14469
18114 13768 18124 13800
16053 10308 16081 10309
9833 907 9894 927
5613 13672 5615 13704
9452 28075 9454 28079
6230 25133 6231 25135
1982 24734 1989 24775
18573 4624 18592 4629
27114 23106 27150 23122
24016 4963 24071 4981
11111 7647 11145 7675
8717 22266 8735 22331
28076 21393 28108 21437
8143 12691 8144 12720
10938 19338 10940 19342
7183 27878 7190 27902
29884 26944 29909 26948
21882 28342 21883 28411
11085 3894 11099 4023
10948 8415 10949 8420
26320 19586 26322 19589
12330 23017 12346 23025
1468 8275 1479 8276
21518 29159 21529 29164
4491 9011 4545 9013
14225 29323 14233 29326
17800 17457 17816 17460
23431 6717 23446 6757
4990 19584 5001 19585
814 12398 821 12405
1957 27230 1978 27272
2546 14284 2562 14336
22384 25548 22413 25638
9473 18030 9487 18033
24453 27614 24469 27621
20351 14221 20380 14234
18533 21534 18570 21548
20100 3526 20116 3542
8881 6502 8893 6503
17027 22733 17056 22735
18265 2320 18340 2321
10196 314 10224 324
24553 23648 24557 23663
21827 19879 21881 19901
24164 7296 24166 7301
7938 23409 7939 23459
14905 26373 14933 26463
18360 11345 18378 11374
18174 11335 18176 11345
6143 19567 6147 19570
20546 27885 20555 27938
6315 23237 6318 23264
14727 1765 14738 1784
24029 7527 24030 7535
19889 408 19895 423
22089 25208 22092 25212
21373 21483 21452 21512
7836 1135 7841 1146
9776 8301 9784 8325
9419 3580 9446 3584
29401 2096 29414 2107
1445 22467 1446 22497
26099 11190 26104 11191
19993 4467 19998 4490
4467 17029 4473 17030
17013 24962 17019 24971
14432 27088 14470 27113
24090 26906 24094 26916
27213 24662 27219 24677
25594 26538 25628 26558
648 25523 661 25530
21194 5981 21198 6037
13901 1453 13935 1503
7761 2719 7764 2722
21547 660 21551 666
625 5941 645 5944
7030 15057 7047 15081
4233 19764 4248 19775
25486 14428 25527 14449
22159 23332 22167 23352
15965 27458 15984 27459
16503 7788 16533 7799
12998 29646 13004 29647
26658 122 26670 203
7563 28090 7713 28094
3439 1496 3454 1506
19697 25600 19702 25622
21842 12392 21865 12396
15621 424 15627 426
22879 18371 22897 18397
18821 1986 18850 1992
15910 24209 15919 24216
22049 16717 22056 16720
28214 28680 28215 28682
8177 6031 8179 6035
10489 1996 10498 1997
5402 1999 5415 2007
627 17484 639 17490
4498 15273 4541 15277
4849 17409 4882 17415
9792 20411 9804 20550
3953 22077 4047 22116
8446 26989 8476 26990
28500 254 28565 269
10131 16503 10185 16504
24776 18691 24784 18700
8297 18718 8302 18735
8244 19410 8245 19412
10814 24890 10817 24903
16376 3865 16384 3873
19998 7865 19999 7873
10865 23971 10866 23999
22002 19048 22004 19050
27787 4656 27789 4664
15642 5481 15687 5485
20256 14434 20258 14437
21518 28613 21520 28632
3800 13260 3803 13267
24967 11058 24968 11064
29159 21612 29160 21630
4 23211 32 23224
20719 8919 20726 8969
24975 6524 24998 6531
19938 29380 19942 29402
10398 2660 10414 2661
379 17067 380 17103
6162 9527 6163 9717
22093 17892 22094 17931
8115 4193 8120 4194
5400 18460 5402 18482
14017 12665 14029 12680
24020 1787 24022 1792
28873 16555 28892 16573
7609 19898 7725 19918
19643 26612 19687 26622
10536 3972 10598 4013
6220 2458 6230 2468
18931 5642 18932 5644
16642 13655 16661 13661
14407 14197 14408 14200
10706 19083 10716 19088
20452 28764 20453 28767
28967 24987 29009 24994
4244 4412 4256 4416
16920 8781 16930 8784
11544 6825 11545 6834
23749 25799 23773 25802
12277 7201 12325 7203
12228 8672 12232 8681
3474 1655 3480 1656
5606 21790 5611 21798
18357 26629 18358 26644
3880 22657 3903 22724
24797 11184 24798 11187
29437 115 29481 117
13144 6150 13235 6158
2082 9432 2092 9440
3435 10170 3436 10262
13416 14287 13435 14330
1975 22604 1981 22634
10625 15609 10633 15618
27296 23320 27323 23329
29609 17304 29657 17318
25488 29348 25489 29353
17511 8849 17520 8884
4907 18419 4971 18442
24606 24769 24614 24774
254 19375 281 19378
15575 10981 15603 10985
16033 9452 16052 9474
20144 8019 20151 8042
9389 8442 9399 8451
23109 21129 23143 21142
2306 9729 2312 9902
13729 27246 13869 27319
23193 18196 23206 18220
14493 28837 14514 28838
27845 15014 27893 15056
29266 4629 29267 4648
9768 29297 9775 29317
812 27196 814 27198
29889 16644 29900 16685
17680 7448 17694 7450
15641 24543 15642 24600
20485 25963 20486 25964
19414 14661 19415 14663
27542 21221 27552 21319
6394 1998 6395 1999
9894 4694 9895 4714
11762 929 11774 936
15698 22821 15715 22846
7285 18110 7290 18129
4003 15860 4048 15895
17265 2266 17292 2269
17886 23604 17919 23606
3876 20846 3879 20855
6982 17982 6984 17991
1870 3566 1891 3580
19367 22532 19370 22533
173 3195 208 3200
29328 27810 29396 27811
9560 24042 9565 24055
10216 18557 10218 18560
26038 8143 26039 8153
4002 24755 4003 24761
12614 27466 12615 27470
21133 26770 21139 26809
22131 11568 22135 11576
7126 12938 7152 12952
28134 27560 28141 27573
24071 25294 24088 25323
28375 2974 28420 2995
1794 23919 1842 23921
11709 10227 11715 10246
16934 22345 16941 22353
24363 27977 24369 27985
11405 29845 11408 29847
5582 19341 5600 19344
225 10594 245 10599
22646 26993 22682 27001
18722 9695 18750 9719
5268 15137 5280 15141
19123 26100 19147 26131
29359 28354 29386 28395
16501 22392 16503 22446
10179 7328 10182 7335
4114 11441 4116 11501
4848 11438 4849 11441
8901 10831 8904 10844
533 20347 534 20363
4289 9794 4293 9857
8158 20545 8175 20552
26554 15919 26578 15922
14569 23232 14599 23234
18320 4264 18338 4279
13120 11734 13132 11740
1951 27287 1953 27306
23139 5525 23165 5526
23664 26111 23671 26116
11963 13489 11969 13495
11683 21236 11692 21254
5264 15583 5267 15592
3750 20144 3760 20161
26764 21368 26785 21382
24022 1768 24023 1776
17313 25424 17350 25425
20605 18139 20613 18144
3000 10901 3014 10904
5698 9245 5707 9248
7028 4889 7029 4894
6215 12199 6219 12202
15750 6527 15758 6552
4520 20463 4537 20470
13807 24495 13894 24502
23839 350 23903 380
26025 22800 26027 22816
13538 23229 13556 23231
412 25711 436 25718
6793 3913 6801 3940
15515 14581 15529 14595
