2
500
28511 10376 28981 24655
26643 24137 27200 25779
24508 4247 26086 8692
16340 23671 20556 24038
2957 21083 6352 22532
18124 13272 19158 20359
4820 7123 14080 8663
26573 26931 26580 29467
16533 20345 16564 20678
14402 13711 14493 17526
18929 25100 24438 25237
1077 810 2747 3986
546 18607 725 20254
25805 18504 25828 18590
25288 9341 25616 10038
24898 26964 25002 28393
24495 27278 24497 28374
3512 24947 4679 25066
3354 16035 3448 18355
21752 10363 22072 10372
1704 26862 1732 26891
25173 2713 25267 3435
19213 24529 21522 24740
29635 7409 29845 8774
24930 25078 25027 25084
545 11966 546 12488
21209 25448 21481 26013
26462 14065 26540 15489
12009 24985 13702 25015
7100 21499 10348 23454
25568 18819 25772 19570
25679 23982 25701 24094
11462 23114 11661 23426
25668 26851 25670 26858
2020 12202 2700 13191
21898 26620 24395 26678
28132 7583 28272 9202
6049 18434 6091 18494
29424 18807 29591 18814
26516 5375 26519 6816
348 23235 497 23376
27650 5079 27673 5332
10932 11202 11168 11857
1698 10057 1700 10208
16753 10926 17214 10973
22386 20467 23929 20910
2607 29536 2773 29896
345 14790 348 15402
28008 7124 28045 7394
21321 16463 21624 18141
17831 29951 17877 29971
29009 8043 29286 8561
12330 20562 13770 20578
27259 12238 27265 13087
6535 14748 7091 14780
21660 9821 21723 9935
9018 5397 9986 5921
494 24412 509 24421
20042 13214 21146 13232
15070 14143 15262 14351
19078 24323 19185 24333
29432 20185 29623 20324
21701 4740 21738 5078
19440 2167 19627 2649
25855 21712 26386 21979
21225 20455 21253 20458
27505 21952 27629 22082
9023 15315 9820 15465
15650 16727 16045 17751
22383 22947 22386 23082
6721 13834 7079 13887
2750 18398 2950 18420
28348 26449 28403 26564
29413 15340 29417 16015
22509 8849 24211 8925
24853 2739 24893 3327
28043 19008 28085 20112
9434 18384 9695 18393
26231 26482 26274 26617
19442 170 19716 527
8501 2265 8688 2400
10009 2298 10615 2690
27240 15310 27248 15311
18462 24091 18612 24121
10014 25181 10129 25391
21794 6943 21803 7095
20318 5474 21103 5958
26319 16285 26400 16286
20982 20722 21058 20819
6000 26437 6045 26438
2306 12144 2329 12192
14237 3221 14398 4226
19026 5190 19041 5288
13942 9186 13995 9335
18525 8806 18536 8837
20324 9853 20897 9905
28066 16780 28111 17223
22074 15423 22343 15782
9600 284 9732 422
10224 12163 10274 12178
13984 9414 14055 9446
22380 3599 22381 3619
19916 27828 20024 28501
1340 23577 1534 23659
7228 9240 7772 9297
8078 1215 8214 1745
25196 17437 25224 17996
18521 3034 18523 3211
3587 19948 4337 20146
27776 13898 27812 14058
14710 9882 14982 9979
20717 20160 20798 20163
21300 2182 21317 2235
1488 15994 1579 16007
21493 18167 21551 18372
26591 26762 26638 26767
17593 19377 17762 19438
5856 13800 5997 13806
24216 8297 24360 8567
22757 6077 23843 6449
25815 25951 25832 26121
4134 8731 4744 8759
3570 16382 3577 16423
29261 18480 29300 18484
1656 7992 1663 8036
18315 25906 18347 25924
22892 11767 24199 11848
200 4615 330 4653
23758 26379 24088 26407
29755 7270 29789 7338
8792 155 8871 157
10793 6250 10860 6711
15281 8622 15648 8640
4866 14031 5255 14039
23475 18594 23624 18599
23227 7164 23474 7265
23211 17850 23217 17990
16866 29275 16893 29344
4501 1380 4775 2013
11602 26004 11925 26319
14818 13947 14898 13966
24241 21324 24361 21391
7072 23485 7076 23512
16260 23880 16265 23936
8054 17402 8073 17411
9846 25254 9888 25329
17228 5854 17257 6070
26666 23813 26935 23830
17691 16534 17743 16637
6019 5430 6037 5460
26506 16332 26510 16382
15431 12657 15464 13212
2126 11322 2263 11566
14872 4905 14885 4951
20153 7630 20230 7801
2607 24631 2639 24717
25174 10633 25187 10695
1347 26823 1444 26835
16356 18067 16481 18134
27415 14339 27447 14645
7052 18924 7056 18969
16353 22935 16354 22947
4474 23702 4478 23738
29548 9991 29555 10014
25306 15685 25339 15755
18074 18100 18075 18149
29522 5917 29531 5997
23889 15226 24002 15249
18512 29730 18521 29746
21538 14010 21582 14025
9606 19272 9805 19364
10531 2177 10581 2181
11027 25684 11200 25759
3884 18115 4057 18161
23416 12548 23446 12580
7369 8736 7621 8738
29068 11817 29196 11831
2736 4480 2748 4521
23628 3300 23730 3464
9418 11277 9432 11306
16725 16102 16741 16135
4199 11195 4428 11200
11055 24029 11447 24032
27464 22691 27493 22756
23786 19433 23886 19508
4287 18267 4348 18285
21223 27554 21225 27818
7101 300 7176 697
9072 6749 9314 6855
8393 12333 8494 12393
27617 14234 27628 14259
23202 28504 23205 28709
18040 8986 18041 9059
20041 4737 20042 4738
6230 9880 6528 9882
24460 22658 24476 22681
22594 6932 22676 6943
25634 3476 25656 3506
17223 23107 17228 23108
29416 21162 29418 21311
22130 20366 22280 20446
11172 6624 11398 6659
11270 9758 11308 9767
27983 8732 28007 8736
9935 28390 10003 28480
1625 15291 1629 15300
27850 1620 27906 1849
29874 17492 29898 17756
2304 9304 2306 9326
10094 2976 10163 3016
14051 2073 14229 2153
29993 24233 29997 24286
26725 1693 26947 1963
25495 29170 25514 29190
1081 9924 1216 9966
2154 8231 2282 8252
16106 14085 16133 14121
10955 23402 10993 23407
24519 24493 24596 24512
28497 29100 28505 29132
22624 23782 22755 23805
11539 24914 11594 24942
4551 8095 4562 8160
5924 242 5977 270
871 147 974 154
9883 790 9924 809
21581 4170 21615 4174
11711 16956 11903 17046
23473 22727 23475 22852
21816 24081 21851 24082
21866 15405 21869 15420
9145 24576 9356 24597
16723 9381 16725 9411
11985 1931 11993 2037
3138 1862 3257 1919
3141 26587 3172 26618
6199 14402 6202 14521
19482 3699 19902 3960
20226 29096 20229 29097
15871 22754 15920 22844
2389 16645 2450 16697
13465 19086 13792 19232
10686 26293 10786 26366
2388 7247 2389 7249
15445 1938 15574 2012
10422 24381 10493 24391
6250 26764 6310 26790
15180 19769 15275 19939
1617 29988 1618 29991
9314 4163 9337 4169
15146 28659 15151 28883
27946 4288 27952 4293
25071 9740 25084 9741
16840 14439 16841 14541
26522 9064 26526 9181
21008 9551 21198 9728
14832 27836 14843 27955
7705 20133 7847 20160
23205 11015 23210 11100
13789 29091 13940 29095
4775 7563 4807 7578
17460 20418 17528 20436
9025 2579 9032 2618
14376 29754 14389 29914
22593 21297 22594 21315
28134 16838 28307 16881
14446 24974 14652 24981
25144 9816 25170 9819
5427 18634 5535 18795
3856 11436 3881 11678
12186 10703 12310 10923
18380 27114 18424 27270
15479 4510 15606 4558
16475 4878 16479 4891
12844 21667 12944 21708
1908 17177 1960 17189
20775 22792 20853 22910
4910 23647 5092 23653
22546 759 22585 761
28149 25175 28184 25179
12802 10393 12834 10416
4102 17416 4122 17425
2566 24863 2577 24883
5167 13477 5309 13513
28235 14902 28321 15205
14667 26704 14686 26749
23654 5090 23690 5104
24400 24077 24438 24081
18334 7218 18350 7234
7488 10113 7504 10138
24200 29532 24209 29534
24785 2398 24847 2570
27335 5429 27366 5430
11314 13716 11393 13798
4088 24017 4092 24025
7060 6051 7072 6075
21563 22564 21569 22644
22153 26467 22255 26468
2487 20808 2528 20837
16411 14865 16439 14898
24441 27151 24442 27263
23272 3603 23394 3676
13482 6728 13763 6733
28090 19010 28118 19050
20817 14760 20951 14763
21693 11285 21694 11317
13045 17124 13210 17154
19097 29031 19116 29059
19440 2106 19441 2147
7904 14800 7983 14864
3539 14436 3555 14437
3846 23994 3852 24012
27924 18462 27930 18469
14683 6527 14687 6622
8779 20892 8787 20987
24438 27999 24440 28284
4809 15430 4815 15593
2013 12780 2014 12831
20543 19279 20688 19283
24171 28938 24195 28994
14013 21516 14015 21537
2912 5063 2923 5064
18800 23351 18861 23357
7194 18953 7220 18963
20463 20254 20518 20343
9061 18185 9064 18267
7339 15956 7358 15966
14125 22556 14190 22558
15716 8333 15773 8396
6430 28395 6519 28463
19389 7155 19439 7162
7688 4760 7699 4869
23583 23720 23623 23743
10897 11500 10924 11523
3252 2354 3293 2388
28326 19199 28330 19224
15758 23790 15829 23807
13880 993 13898 1133
7920 425 8013 563
19836 26256 19893 26285
7441 3444 7452 3474
17960 26176 17963 26178
7320 14904 7330 15025
3347 8915 3348 8970
7703 6924 7704 6930
18928 28951 18929 28996
22342 10760 22369 10828
28955 4030 28958 4152
27812 3686 27824 3699
10662 16892 10675 16921
25921 28812 26045 28826
2234 22490 2288 22533
18125 26700 18288 26703
13774 25189 13787 25222
2740 19506 2748 19526
10928 14458 10930 14705
22500 8275 22508 8289
5382 20778 5403 20794
6525 20329 6528 20336
14587 7835 14646 7879
15175 13593 15179 13610
11314 10271 11365 10334
29295 22776 29382 22781
17572 3321 17587 3366
3828 7447 3835 7478
12917 14307 13036 14308
5795 1967 5812 2011
17121 26024 17206 26156
16671 27313 16714 27453
17230 1992 17241 2045
29114 4768 29248 4784
8982 3581 9003 3587
18083 1483 18116 1574
2613 9023 2693 9030
26321 27920 26369 27928
23030 4283 23169 4286
4226 17175 4262 17177
14366 15815 14371 15823
4081 16161 4086 16234
8900 25197 8942 25242
8675 18678 8742 18698
18665 7284 18775 7328
21097 29868 21178 29925
14522 19862 14562 19907
8056 21112 8061 21150
16448 12463 16475 12536
17160 18595 17165 18597
7608 20300 7636 20306
13143 20284 13279 20293
29465 19399 29518 19410
8221 2239 8353 2246
6928 17416 7047 17434
19137 8978 19212 8980
14971 9717 15012 9727
9692 24669 9841 24730
15478 20584 15479 20644
9037 24634 9042 24637
25230 13161 25283 13206
14360 28727 14364 28774
8270 11265 8340 11276
7928 6591 8045 6611
25178 29993 25196 29999
1476 26732 1478 26750
27215 5782 27232 5850
8546 17707 8655 17722
17589 28862 17590 28877
28057 8193 28065 8228
10247 2856 10273 2963
18927 28257 18928 28326
1755 770 1789 782
17941 26302 17944 26379
19968 7078 19991 7087
1574 22213 1592 22285
10873 12357 10881 12370
24407 580 24438 611
13705 25764 13767 25787
13613 24929 13667 24942
3333 11736 3339 11751
14199 1141 14229 1199
4804 26292 4807 26293
20253 5712 20297 5761
12156 26637 12166 26675
10978 12447 10996 12455
22928 22682 22943 22689
12766 22717 12777 22723
3567 3102 3568 3190
27335 26295 27385 26299
26926 9165 26992 9183
26878 23861 26895 23875
6967 28989 7034 29010
16099 9715 16104 9717
10501 29316 10504 29493
21342 7942 21405 7966
4465 11873 4468 11935
22365 14064 22369 14065
6091 14245 6138 14269
2201 4360 2208 4384
17457 22635 17458 22639
21394 7050 21425 7060
14421 6490 14443 6521
16621 25368 16643 25406
19908 15002 19911 15061
13671 22502 13698 22537
21599 5493 21645 5600
4813 28407 4819 28422
3974 3665 4042 3667
531 8500 534 8523
4740 25727 4775 25739
15641 4224 15646 4245
15630 2407 15637 2562
19780 5493 19811 5505
27585 4820 27607 4829
2265 5004 2300 5033
1331 24431 1339 24475
6137 11675 6186 11691
12442 12559 12534 12590
24210 24170 24213 24202
283 13521 313 13533
25304 22754 25306 22766
286 7074 309 7078
2705 20830 2732 20858
7363 27479 7367 27503
19435 411 19437 412
28592 29213 28669 29269
10620 3379 10632 3424
428 12997 446 13149
27873 3460 27916 3469
15278 18710 15279 18807
13075 5071 13137 5072
17466 15174 17542 15183
1513 9039 1537 9043
8214 1490 8216 1600
6099 142 6127 144
20770 11892 20772 11929
17582 29399 17583 29474
14114 23401 14124 23402
16213 7497 16253 7559
23045 10124 23068 10196
20763 26979 20768 27112
20278 22530 20281 22554
29173 5186 29239 5188
7825 23521 7872 23533
6131 15569 6132 15683
24770 20722 24780 20763
22386 11278 22405 11279
17600 18142 17618 18154
12367 12452 12417 12458
25856 22308 25901 22382
27939 29054 27942 29079
17879 6243 17898 6247
15676 11998 15712 12120
29621 17436 29627 17437
23307 2304 23317 2345
14720 21111 14815 21112
27603 10552 27615 10603
12729 16475 12760 16502
14232 26203 14236 26222
23678 9476 23754 9494
22003 28789 22020 28799
26996 17432 27042 17433
