60
3 20
-8-
9-1
-7+
5 12 13 14 15 17 18 20 22 26 31 34 38 39 40 42 44 45 46 47
4 20
-8-5
7+9+
-2-6
4-1-
4 14 15 17 18 20 22 26 28 30 31 37 39 41 43 46 47 48 49 50
3 20
0+9
-0-
8-0
2 5 8 12 15 16 18 19 20 21 24 25 32 33 34 36 42 43 46 48
3 20
5+0
-0+
1-0
2 5 8 9 17 18 25 31 33 35 36 37 38 39 41 42 43 46 47 48
4 20
8+8+
-2-0
8-4-
-1-7
1 5 9 16 17 20 21 28 29 31 33 35 37 38 40 41 43 44 45 49
10 20
7-7-7-4+6-
-9-7-5-7-6
1-3-7-9-2-
-1-8-8-5-3
4-3-1-7-4-
-5-0-1-1-1
3-2-9-2-0-
+5-5-9-6-6
2-3-6-9-7-
-0-8-7-9-6
8 9 12 14 17 20 22 24 27 29 31 32 37 39 43 44 45 46 49 50
2 6
-8
0+
8 16 24 32 40 48
2 5
+9
9-
9 18 27 36 45
2 16
3-
+6
3 6 9 12 15 18 21 24 27 30 33 36 39 42 45 48
7 20
0-0-0-0
-0-0-0-
4-0-0-0
-6-0-0-
0-0-0-0
-0-7+0-
0-9-0-0
8 9 11 13 14 15 16 22 26 32 33 37 38 39 40 43 44 45 46 50
2 20
+1
0-
2 3 12 14 20 21 22 23 24 30 31 32 34 37 38 46 47 48 49 50
5 20
6-2-4
-9-2+
9-6-8
-4-1-
1-0-7
3 8 9 10 19 22 24 26 28 30 31 36 37 39 40 41 43 45 48 49
9 20
-7-9-7-0-
0-0-1-3-3
-0-1-9-0-
0-0-0-0-0
-0-5-0-0-
0-0-7-9-0
-1-0-0-0-
0-0-0+0-5
-5+0-1-0-
4 5 7 11 12 14 15 20 26 27 33 34 35 37 43 46 47 48 49 50
5 20
0+0-0
+0-0+
0+0+1
-0-0-
0+0+0
1 2 3 4 7 11 12 16 17 18 19 20 35 39 41 46 47 48 49 50
5 20
2+1-2
+3-4+
5+2+1
-4-0-
9+5+1
1 5 9 11 12 13 15 18 20 26 27 30 32 37 38 39 40 42 47 48
7 6
-0-0-0-
0-0-0-0
-0-0-0-
0-0-0-0
-0-0-0-
8-0-0-0
+0-0-0-
8 16 24 32 40 48
8 20
-7-7-4-1
3-6-2-2-
-4-0-7-0
8+6-3-7-
-1-6-3-2
5-2+3-8-
-9-7-8-9
8-8-1-0-
2 6 10 11 13 16 20 21 22 31 33 34 36 37 42 43 45 47 49 50
6 20
0-1-7-
-0+3-8
8-5-7-
-5-2-2
3-8-6-
-6-4-8
3 4 10 12 16 18 27 28 30 34 35 39 42 43 44 45 46 47 48 49
6 5
0-0-0-
-0-0-0
9-0-0+
-0-0-9
0-0-0-
-0-0-0
9 18 27 36 45
8 20
-0-0-0-9
0-0-1-0-
-0-0-0-0
6-9-0-0-
-0-0-1-0
4-0-0-6-
-0-2-7-0
3+0-0-0-
1 4 6 8 18 20 23 25 28 33 35 37 41 42 44 46 47 48 49 50
7 20
5-8+9-4
-3-2-4-
0-8-9-5
-8-6-0-
8-9-5-5
-8-4-3-
4+5-8-3
2 4 5 9 11 12 18 22 25 34 36 39 40 41 43 45 46 47 48 49
3 8
-6-
6+0
-0-
6 12 18 24 30 36 42 48
3 20
2+1
+4+
5+1
4 7 10 11 14 17 19 23 30 33 34 35 36 38 44 46 47 48 49 50
9 20
0-0+0-3-0
-0-9-0-0-
0-0-0-0-0
-0-0-0+0-
9+0-0-0-0
-1+0-0-0-
0-0+1-7-0
-0-0-1-5-
0-7-0-0-3
2 8 9 11 14 15 17 19 21 30 32 33 38 40 41 42 45 47 49 50
9 20
-4-5-5-1-
5-0-7-2-7
-0+4+8-8-
4-2+2-7-7
-9-9-5-5-
8-2-3-7-4
-9-2-7-6-
5-6-9-4+4
-3-6-2+8-
3 8 12 14 15 23 24 27 28 29 31 32 33 39 41 42 43 44 45 50
8 20
6-0-6-6-
-9-3-9-4
0-1-8-0-
-9-3-7-3
4-2-7+0-
-2-1-5-1
6-5-6-0-
-3-3+9-6
2 4 7 9 15 16 20 22 27 30 31 34 38 41 42 43 44 46 47 50
2 5
0-
+9
9 18 27 36 45
5 8
-0-0+
0-0+0
-0+0-
0-6-0
-0-0+
6 12 18 24 30 36 42 48
3 8
-6+
0-0
-0-
6 12 18 24 30 36 42 48
10 20
2-5-0-0-0-
-0-0-0-0-9
1-0-0-0+0-
-0-0-4+0-9
0+0-3-2-0-
+8+0-5-0-0
9-0-0-3-0-
-1-0-5+2-0
0+0-0-0-0-
+0+0-0-0-0
3 6 9 16 19 20 23 25 27 29 32 33 34 35 37 38 39 43 46 47
3 20
8-7
-9-
7+7
4 8 11 12 13 14 15 18 23 28 29 31 33 34 35 38 39 40 47 49
9 20
-3-0-9-4+
8-0+0+5-1
-3-6-1-3-
5-2-8-4-7
-5-6-0-5-
8+6-5-5-4
-1-0-3-8-
0-5-9+3-6
-4-9-2-6-
2 8 11 13 15 17 20 26 27 28 31 40 42 43 44 45 46 47 49 50
5 6
0-0-0
-0-0-
0-0-0
-0-8-
0+0+0
8 16 24 32 40 48
3 20
-4+
8-9
-0-
2 3 6 10 11 13 19 20 28 30 33 38 39 41 42 46 47 48 49 50
4 20
+0-5
2-6-
-8-9
8-9-
5 8 14 15 16 17 18 20 28 30 31 32 34 42 43 45 47 48 49 50
7 20
6+3-2-4
-8-7+7-
9+9-7-2
-7-5-7-
6+9-0-3
-4-7-7-
4-7-5-4
1 3 5 9 20 21 27 29 31 32 33 34 39 40 44 46 47 48 49 50
3 8
0+0
+0-
6-0
6 12 18 24 30 36 42 48
4 5
-0-0
0-0-
-0+9
0-0-
9 18 27 36 45
5 20
2-0-2
-9-7-
8-5-6
-0+6-
4-0-0
2 6 7 9 13 15 20 22 25 28 35 37 39 43 44 45 47 48 49 50
7 20
-6-0-7+
1-0+9-5
-8-0-7-
7-7-8-7
-3+5-3-
5+8-5+9
-0-1-9-
3 4 6 7 11 17 18 20 21 25 32 34 35 36 42 43 44 46 48 49
8 20
-0-0-0-0
0-0-1+3-
-0+0+3-0
5-0-5-0-
-0-7-7-1
0-0-0-1-
-0-5-1-0
9-1-1-1-
2 3 7 13 15 16 18 24 26 27 28 34 40 41 43 44 46 47 48 49
10 20
-6-0-2+2-9
2-2-3-2-3-
+0-6-5-9-8
3-4-7-0-0-
-4-3-2-6-6
2-6-9-0-0-
-3-5-5-4-5
8-1-1-9-3-
-5-0-7-3-4
3-7-1-7-7-
3 4 5 10 13 17 20 21 24 29 32 33 38 42 44 46 47 48 49 50
10 20
0-9-0-0-0-
-0-0-0-0-0
0+0-0-0+0-
-0-0-0-7-0
0-0+0+0-0-
-9-0-0-0-0
0-3-0-0-7-
-3-0-0-0-0
0-0-0-0-6-
-0-0+0-0-0
1 2 14 16 18 22 25 26 34 35 36 40 42 44 45 46 47 48 49 50
6 20
4-9-6-
-1-4-8
6-8-2+
-3-2+4
1+0+1-
-7-1-4
1 2 5 8 12 21 25 34 36 37 39 40 41 42 43 44 45 47 49 50
3 5
-0-
0-9
-0+
9 18 27 36 45
7 20
0-0-0-0
-7-9-0-
0-0+0-0
-0-0-0-
0-0-0-0
-0-0-0-
0+0-1-0
2 6 8 9 12 14 18 19 24 28 29 30 32 39 41 43 47 48 49 50
7 20
-4-0-7-
0-0-0-3
-7+0-4-
0-0-0-0
-0-0-0-
9-0-2-6
+0-0-0-
1 5 12 14 15 20 21 26 28 29 30 32 33 35 38 40 44 47 48 50
5 20
-6-0-
0-2-4
+1-3-
0-1-6
-1-5-
5 9 10 14 15 16 18 21 22 23 26 34 37 44 45 46 47 48 49 50
7 20
-6-8-1-
9-1-8+0
+1-7-9+
9-3-9-0
-3-5-0-
0-0-2-5
+3-2-6-
1 4 6 8 14 19 30 31 34 35 36 37 38 39 40 43 46 47 48 50
9 20
0-4-5-5-8
-9-1-9-1-
3-8-2-6-4
-8-3-2-0-
8-1-8+9-9
-3-5-5-8-
1-9-4-5-8
-7-8-6-2-
1-8-7-5-7
8 10 12 14 16 18 23 24 27 28 30 35 36 42 44 46 47 48 49 50
2 8
-6
0+
6 12 18 24 30 36 42 48
8 20
-8-0-9-0
9-5-8-6-
-7-4-5-0
4-0-0-3-
-6-6-0-4
5-8-3-8-
-5-1+2-4
3-7-2-0-
1 2 5 10 14 15 18 22 25 28 32 35 39 41 42 46 47 48 49 50
4 5
-0+0
0-9-
-0-0
0-0+
9 18 27 36 45
5 20
0-1-1
-7-1-
7-9-8
-6-0+
8-7+5
11 12 13 14 15 16 17 19 20 24 29 33 34 38 40 45 46 47 49 50
9 20
6-4+2+7-4
-7-8-0-4-
1-3-8-9-5
-3-0-7-1-
6-9-3-8-3
-9-1-1-6-
4-5-4+5-1
-3-4+4-1-
3-0-9-7-6
3 4 9 10 12 13 15 17 18 20 21 29 30 35 37 40 43 46 47 50
8 20
6-2-1-1-
-8-3-5-1
8-3-3-5-
-5-5-9-5
3-0-2-8-
-0-4-7-5
4+8-5-2-
-4-0-2-8
1 3 4 8 17 19 21 29 31 36 38 41 42 44 45 46 47 48 49 50
8 20
9-5+9-6-
-1-2-5-9
8+2-3-9-
-8-2-8-7
3-9-4-8-
-3-8+9-9
2-3-2-0-
-7-0-1-1
2 8 9 15 19 23 25 28 33 34 35 36 37 40 44 46 47 48 49 50
5 20
0-1-3
-0-0+
3-0-0
-0-0+
9-0-0
1 3 7 8 11 12 15 16 21 36 38 40 41 43 44 46 47 48 49 50
3 6
+0-
8-8
-0-
8 16 24 32 40 48
8 20
-4+5-8+2
4-2-6-1-
+4-5-1-3
3-4-9+8-
-0-6-6-5
7-3-0-5+
+8-1-9-5
0-9-3-8+
1 10 11 12 14 15 24 25 31 33 36 38 42 43 44 46 47 48 49 50
