60
6 20
6-1-5-
+1-3-8
1+6-5-
-0-1-1
4-9-6+
-2-5-5
1 2 3 9 12 14 16 19 21 25 31 35 37 38 43 44 45 46 49 50
7 20
-0-0-0-
0-0-0-9
-0-0-0-
0-0-0-0
-0-0-0-
0-0-0-0
-8+0-0-
4 6 9 11 13 14 20 23 24 25 26 30 34 35 36 39 42 43 49 50
2 12
+0
4-
4 8 12 16 20 24 28 32 36 40 44 48
10 20
-0+0+0-3-3
3-5-0-0-0-
-0-5-0-0-1
3-0-0-0-0-
-3-0-9-0-0
1-7-1-0+0-
-0-0-0-0-1
3+7-0-0-0-
-0-3-5-0-0
9-0-0-1-7-
1 4 8 10 13 14 22 26 27 29 33 35 39 41 43 45 46 47 48 50
6 20
6-1-4-
-6-5-5
6-4-8+
-1-4-7
8-7-9-
-7+0+4
8 9 11 19 22 24 25 28 30 31 33 36 37 40 41 42 43 44 46 50
7 5
0-0-0-0
-0-0-0-
0-0-0-0
-0-0-0-
0-0-0-0
-9-0-0-
0+0+0+0
9 18 27 36 45
2 20
+0
2-
2 4 6 12 14 20 22 24 26 28 30 34 36 38 40 42 44 46 48 50
10 20
0-9-0-0-0-
-0-0-0-0-0
0+0-0-0+0-
-0-0-0-7-0
0-0+0+0-0-
-9-0-0-0-0
0-3-0-0-7-
-3-0-0-0-0
0-0-0-0-6-
-0-0+0-0-0
17 21 22 23 25 29 31 32 33 34 35 36 37 40 44 45 47 48 49 50
3 20
-4-
7-1
+8+
6 8 9 11 12 23 24 26 29 31 33 34 35 36 38 41 42 48 49 50
4 20
9-3+
-7-6
4-8-
-8-5
2 8 10 11 12 15 19 22 26 28 33 36 37 39 42 43 44 46 49 50
10 20
0-9-0-5-9-
-0-0-0-0+0
7+0-0+0-0-
-0-3-0-0-7
0-0-0-0-0-
-0-9+9+0-3
3-0-0+0-0-
-0-7-1-0-0
0-0-0-0-7-
-0+1-0+7-0
11 12 16 17 21 22 27 28 31 32 34 35 39 40 44 46 47 48 49 50
3 20
-0+
5-3
-5-
1 3 6 7 10 11 20 21 24 25 29 32 33 38 40 41 43 46 49 50
5 20
-2-4-
6+8-2
-7+9-
7-7-1
-3+7+
1 4 7 8 10 12 14 17 19 20 27 36 38 40 44 46 47 48 49 50
6 20
8-3-3-
-9-1+2
4-0-7-
-2-7-4
8+5-9-
-9-8-9
1 3 5 6 8 14 19 21 22 23 32 34 35 38 42 46 47 48 49 50
6 20
-9-0-0
0-0-5-
-0-0+5
0-3-7-
-9+9-3
1-1-7-
2 4 5 8 12 20 21 23 24 33 35 38 39 40 41 43 44 47 49 50
9 20
0-0-8-0-0
-0-0-0-0-
0-0-0-0-0
-0-0+0-0-
0-0-0-0-0
-0-0-0-0+
9-9+0-0-0
-0-0-0-0-
0-0-0-0-0
1 2 3 5 8 11 13 15 16 22 25 32 34 36 37 40 42 43 49 50
6 6
0-0-0-
-0-0-0
0-0-0-
-0-8-0
0+8-0-
+0-0-0
8 16 24 32 40 48
5 5
-0-0-
0-0-0
-0+9-
0-0-0
-0-0-
9 18 27 36 45
3 20
+7-
0-5
-2-
2 3 6 10 11 12 18 21 29 31 33 34 41 42 43 44 45 48 49 50
6 20
-0-0-0
4+9-0-
+0-5-0
0-0-0-
-3-8-0
0-2-0-
1 6 9 10 16 19 20 21 24 25 30 35 36 37 38 39 42 43 46 47
7 20
-0-0-0-
0-0-5-0
-0+6-0-
2-0-0-0
-0-0-0-
0-0-0-0
-0-0-0-
1 9 10 17 20 22 23 24 25 28 29 31 32 39 44 45 46 47 49 50
2 20
+3
7-
4 7 12 13 17 18 22 26 33 34 35 36 37 39 40 42 43 46 47 50
6 20
0-0-0-
-0-0-0
0-0-0-
-3-0+0
0-9-0-
+0+8-0
3 4 6 7 9 11 20 25 31 34 36 37 38 39 40 44 45 46 47 49
3 20
4+0
-6-
8-0
2 4 8 10 12 16 20 22 24 26 28 30 32 34 36 38 44 46 48 50
7 20
-8-3-8+
1-1-2-3
-4-0-5-
2-5-8-7
-5-7-9-
0-3-9-5
-6+1-0-
2 7 13 16 17 18 19 20 29 30 34 37 38 39 42 45 46 47 49 50
6 10
0-5+0-
-0-0+0
0-0-0-
-0-0-0
0-0-0-
+0-0-0
5 10 15 20 25 30 35 40 45 50
3 20
2+1
+4+
5+1
1 3 4 8 10 13 15 20 25 27 28 32 36 37 44 46 47 48 49 50
2 20
5+
-4
2 4 6 19 20 21 25 29 31 32 38 42 43 44 45 46 47 48 49 50
7 16
-0-0-0-
6-0-0-0
+0-9-0-
0-0-0-0
-0-0-0-
0+0-0-0
-0-0-0-
3 6 9 12 15 18 21 24 27 30 33 36 39 42 45 48
3 20
-8-
3-3
-9+
1 2 7 13 15 22 23 25 27 31 33 34 36 37 38 40 43 47 48 49
9 20
2-2-7-2-2
-3-0-2-5-
5-4-4-4-3
-2-6-2-6-
0-7-8+5+8
-8-9-9-9-
3-8-4+9-6
-4-3-2+7-
2-2-6-9-8
1 3 4 5 7 10 23 25 29 31 34 35 38 39 43 46 47 48 49 50
3 20
-8-
9-1
-7+
6 8 10 14 16 19 21 24 27 28 31 32 33 35 38 39 40 45 46 47
4 20
5-8-
-1-3
1+5+
-9-2
1 7 9 11 12 13 16 18 19 20 25 26 27 38 39 43 45 47 48 49
5 20
9-5-6
-5-5+
7-2-6
-9-6+
4-1-7
7 12 14 15 16 18 22 24 25 31 32 37 39 40 42 43 44 45 46 50
4 20
-8-4
4-9-
-4-9
2-8+
2 4 5 9 11 16 19 28 32 33 35 37 38 39 40 41 46 47 48 49
2 8
+6
0-
6 12 18 24 30 36 42 48
6 20
-9-0-3
7-8-8-
-3-5-2
6-8-5-
+0+0-4
5-4-6+
1 6 9 10 11 13 16 18 27 31 32 34 38 39 42 44 45 47 49 50
10 20
-9-1-9-7-8
9-5+2-2-8-
-3-8-0-2-8
8+0-1-0+4-
+6-5-8+1-8
4-1-2-9-6-
+7-2-8+9+6
6+4-7-3-6-
-0-1-6-7+2
4-1-5-1-8-
1 6 9 10 11 14 17 18 20 22 28 33 35 38 43 46 47 48 49 50
6 20
-4+4-2
4-1-5-
+2+0-2
4-6-2-
-9-7-0
1-4-6-
1 2 6 11 12 14 17 19 28 29 31 32 35 39 44 45 46 47 49 50
2 6
-0
8+
8 16 24 32 40 48
9 20
-0-0-0-0-
0-9-0-0-0
-0-0-0-0-
8-0-0-0-0
-0-0-0-0-
0-0-0+0-0
-0-0-9-0-
0-0-0-0+0
+0-0-0-8-
1 2 4 7 13 15 16 21 25 28 29 30 32 34 37 38 39 43 47 50
5 20
2+1-2
+3-4+
5+2+1
-4-0-
9+5+1
1 2 3 7 8 11 14 17 22 24 31 35 37 38 39 41 42 45 47 48
2 20
3-
+1
2 10 13 14 15 16 20 25 29 31 33 38 40 43 44 46 47 48 49 50
8 20
-0-9-3-1
9-5-8-6-
-0-4-9-7
7-4-2+5-
-9+9-7-2
5-2-4-2-
+6-9-8-2
3-9-5-8-
4 5 8 11 14 18 20 21 27 29 32 37 38 40 42 44 46 47 48 50
5 8
6+0-0
-0-0-
0+0-0
-0-0-
0-0-0
6 12 18 24 30 36 42 48
7 20
+5-7-2-
2-1-7+0
-3-6-9-
4-9-0+6
-7-1-0+
3-8-1-0
-3-4-8-
3 6 8 10 13 15 18 19 22 28 29 32 35 36 38 44 46 47 48 49
4 20
9-5+
-5-9
9-7-
-1-3
1 3 5 7 12 13 14 21 23 26 27 33 34 35 39 41 44 47 48 49
10 20
8-0-0-7-0-
-8-0-0-1-0
0-0-0-2-0+
-9-1+0-0-0
8-5-0-0-7-
-0-0-0-2-3
0-0-0-9-0-
+5-1-2-0-5
2-9-0-0-0-
-0-0-0-4-1
1 2 7 10 17 19 22 25 28 29 30 34 37 38 41 43 44 46 48 49
8 20
1-9-9-3-
-3+6-4-4
4-4-1-5-
+7-7-7+9
4-6-7-8-
-0-9-2-8
1-7-3-1-
-5-0-5-9
2 4 5 6 9 10 15 22 25 29 30 33 36 40 41 46 47 48 49 50
6 20
0-0-3+
-0-9-0
5-7-0-
+0-7-0
1-3-0-
-0-0+0
1 2 4 9 12 17 20 22 24 25 26 31 41 43 44 46 47 48 49 50
8 5
0-0-0-0-
-0-0-0-0
0-0-0-0+
-0-0-0-0
0-0-0-0-
-0-0-9+0
0-0-0-0-
-0-0-0-0
9 18 27 36 45
4 20
8+8+
-2-0
8-4-
-1-7
1 3 4 5 14 15 19 20 23 28 29 30 35 37 39 43 45 46 49 50
2 5
-0
9+
9 18 27 36 45
10 20
9-4-2-5-8-
-0-8-1-9-5
2-8-9-4-0-
+1-4-8-2-3
6+5-9+6-1-
-5-3-8-2-5
7-8-1-5-4+
-3-4-2-1-9
2-6-2-9-7-
-5-2-0-8-1
3 4 11 12 14 15 22 23 24 28 30 31 34 38 39 46 47 48 49 50
8 20
5+1-3-8+
-2-4-0-8
5-4-4-8-
-7-8-5-7
5-0+0+1-
-0-6-9-7
1+6-9-6-
-3-4-2-8
2 10 13 14 18 19 20 25 27 28 29 31 34 39 42 43 46 47 49 50
5 20
4-4-6
-6+2-
1-6-5
-5-9-
9-5-5
1 5 6 7 11 14 17 20 21 22 24 25 31 33 37 39 45 47 49 50
3 20
-7-
4+8
+7-
1 2 5 7 10 11 21 22 23 24 25 28 30 34 37 41 42 43 49 50
7 16
0-0-0-0
-0-0-0-
0-0-0-0
-0-0-0-
0-0-0-0
-0-6-0-
0+9-0-0
3 6 9 12 15 18 21 24 27 30 33 36 39 42 45 48
5 20
0+0-0
+0-0+
0+0+1
-0-0-
0+0+0
1 2 4 10 12 14 15 18 25 28 30 37 38 41 44 46 47 48 49 50
2 20
4-
+1
1 3 5 8 11 17 19 24 26 30 35 36 37 41 43 45 46 47 49 50
