60
10 20
0-9-0-0-0-
-0-0-0-0-0
0+0-0-0+0-
-0-0-0-7-0
0-0+0+0-0-
-9-0-0-0-0
0-3-0-0-7-
-3-0-0-0-0
0-0-0-0-6-
-0-0+0-0-0
5 9 12 14 18 20 21 26 27 29 30 36 37 40 42 45 46 47 48 50
6 20
-4+7-0
5-0-2-
-5-3-5
3-3-3-
-2-4-5
8-1-4-
1 3 6 9 10 15 18 19 25 26 32 36 39 40 41 44 45 46 47 48
7 20
-7-2-6-
9-0-1-6
-2-1-2-
0-7+9-5
-3-5+9-
9-8-8-2
-8+8-7-
2 4 6 16 17 18 19 28 29 30 33 38 40 43 45 46 47 48 49 50
9 20
-7-0-9-6-
9-9-4-4-6
-0+8-0-8-
3-7-8-1-6
-4-9-9+2-
7-9-9-6-1
-4-4-6-4-
8-7-9-0-9
-8-5-3-3-
3 6 8 9 14 18 21 23 24 25 26 27 30 39 44 46 47 48 49 50
7 20
0-0-1-0
-0-0-5-
0-3-0-0
-0-8+0-
7+0-0-0
-7-7-0+
5-0-0-9
2 3 11 15 21 30 31 32 35 37 40 41 42 43 44 46 47 48 49 50
4 20
0-3-
-0-3
0-1+
-0-0
7 13 15 17 18 19 20 21 23 24 29 30 31 41 42 44 46 47 49 50
4 20
6-1-
+0-0
7+1+
-0-2
1 6 9 13 16 17 20 24 26 27 29 30 32 39 43 44 45 46 47 50
9 20
7-3+1-0-0
-0-0-0-0-
3-0-5+0-0
-1-0-5-0-
0-0-0-0-3
-1-0-9+0-
5+0-7-0+0
-0-0-0-0-
0-1-0-3-0
4 9 10 13 15 17 21 23 25 26 34 40 42 43 44 45 46 47 48 50
10 20
0-0-6-0-7-
-8-0-6-0-0
0-0-0-0+0-
-0-0-0-0-0
0-4-5-0-3-
-6-0-0-0-0
9-0-0-0-0+
-0-3-9-0-1
0-0-0-3-8+
-0-0-1-2-0
6 9 12 15 16 18 19 20 22 27 28 32 34 36 40 41 43 44 45 50
3 5
-0+
0-9
-0+
9 18 27 36 45
3 5
0-0
-9+
0+0
9 18 27 36 45
6 20
-4-2-9
3-4-8-
-0-9+7
3+0-8-
-1+5-0
9-4-2-
2 5 6 10 13 16 20 23 25 27 28 30 31 33 42 46 47 48 49 50
3 20
4+8
-2-
5-3
1 2 3 6 7 8 9 11 14 20 23 39 40 41 42 43 45 47 48 49
3 20
-7-
3-5
-5+
8 9 15 21 22 23 24 25 27 31 34 36 37 41 42 44 45 46 49 50
8 20
0-0-0-0-
+9+3-0-0
3-0-0-0-
-0+9-0-0
0-0-0-0-
-1-1-0-0
0-0-0+0-
-0-9-0-0
3 6 8 10 14 15 16 21 23 26 27 29 33 37 39 40 41 47 49 50
7 20
9-3-5-5
-0-0-1+
9-0-3-9
-1-5+6-
6-4-3-7
-6-0-5-
9-3-6-3
7 8 9 12 14 15 19 21 22 24 26 39 41 43 44 46 47 48 49 50
3 20
-8-
9-1
-7+
2 3 4 5 7 10 12 14 16 23 29 33 38 39 40 43 45 46 47 49
3 20
2+1
+4+
5+1
4 5 7 9 10 11 14 18 20 28 29 35 38 40 41 46 47 48 49 50
7 20
3-8+3-9
-5-3-6-
8-7+4-5
-6-3-6+
8-1-4-2
-3-5-8+
5-4-5-3
3 7 8 9 10 11 17 18 20 25 26 27 29 39 41 44 45 46 47 49
2 5
0+
-9
9 18 27 36 45
10 20
-7-7-6-2-0
9-6-6-8-6-
-3-2-1-6-8
3-5-6-1-6-
-8-8-3-7-3
5-9-5+3-7-
-2-7-3-6-1
1-9-2-4-5-
-0+3-7-9+1
7-3-1+9-8-
3 6 10 12 14 16 20 22 24 28 29 35 39 40 42 46 47 48 49 50
10 20
0+3-0-0-0-
+0-0-5-3-0
0-0-0-0-0+
-0+0-0-0+9
0-0-9-0+0-
+7-1-5-0-0
3-0-5-9-0-
-9-0-0-0-0
3-3-0-0-0+
-0-0-1-0-0
1 2 5 6 9 14 16 17 18 27 29 33 38 39 40 41 43 46 47 50
4 5
0-0-
-0-0
9+0-
-0-0
9 18 27 36 45
10 20
7-2-5-4-8-
-6-7-7-9-2
7-2-6-3-6-
-5-6-7-9-2
5-1-0-4-3-
-0-0-7-0+2
0-8-1-2-0-
+8-1-6-9+8
1-8-0-1-7-
-0-5-2-7-1
5 6 10 15 16 17 18 19 22 24 29 31 40 42 43 46 47 48 49 50
10 20
-0-0-0-0-0
0-0+4-0-0-
-0+0-0-0-0
0-0+0-0-0-
-0-0-0-3-0
0+0-0-0-6-
-0-0-0-0-0
0-0-0-0-0-
-0-0-0-0-0
0+0-0-0-9-
3 11 12 13 14 21 24 25 26 29 31 32 37 39 41 45 46 47 49 50
5 20
-6-6-
4-9-2
+4-9-
2-2-2
-3-2-
1 3 5 7 9 13 17 20 21 28 30 38 39 43 45 46 47 48 49 50
9 20
-0-0-0-0-
0-0-0-0-9
+0+0-0-0-
0-0-0-0-0
-0-0-0-0+
0-0-0+0-0
-0-0-0-7+
0-0-0+0-0
+0-0-0-8-
2 4 7 8 13 18 19 21 25 28 32 35 36 38 39 41 43 45 46 50
7 20
-0-0-0-
7-0-3-0
-0-0-5-
1-0-0-5
-7+9-0-
0-0-1-0
-0-0-5-
3 6 7 9 12 16 17 21 24 26 27 32 36 38 39 40 42 46 47 49
6 20
-0-1-0
0-2-0-
-0+0-0
1-1-0-
-0-0-0
0-0-0-
3 6 7 11 15 17 21 22 24 25 28 30 32 38 42 45 47 48 49 50
4 8
0-0-
+0-0
0-6+
-0-0
6 12 18 24 30 36 42 48
5 20
9-1-3
-5-7-
2-9+3
-6+6-
3-5-2
5 7 9 11 16 17 19 20 26 27 30 39 41 43 44 46 47 48 49 50
7 20
9-5-3-5
-2-6-0-
2-7-5+3
-5-7+2-
6-8-7-6
+7-1-2+
7-6-0-9
5 10 11 14 15 19 22 25 28 30 31 35 36 37 39 42 43 46 49 50
7 20
0-0+8-0
-0-0-0-
8-0-9-0
+8-0-0-
0-0-0-0
-0-0-0-
0+0-0-0
1 2 9 11 18 20 22 24 26 27 29 30 34 35 36 40 42 43 47 50
5 5
-9-0-
9-0-0
-0-0-
0+0-0
-9-0-
9 18 27 36 45
7 20
-8-0-0-
0-0-0-0
-0+9-0-
0-0+0-0
-0-0-8-
0-0-8-0
-0-0-0-
1 2 4 6 11 12 14 15 16 20 23 25 29 32 34 42 43 44 46 47
9 20
-1-9-2-7-
4+0-4+6+8
-8-8-0-5+
6-3-5-4-4
-0-0-4+2-
3+0-9+8-5
+5+0-8-9-
9-0-3-8-9
-6-3-4-4-
4 8 10 11 16 18 20 21 26 27 28 35 40 41 45 46 47 48 49 50
9 20
-1-8-2-4-
5-4-5+5+4
-6-7-5+5-
8+0-1-5-1
-1-9-6-6-
6-3-4-7-5
-4+1-2-4-
4-5-8-7-6
-5-8-5-6-
2 3 4 6 7 11 16 17 22 25 29 34 35 43 44 45 47 48 49 50
9 20
0-1-0-0-1
-0-6-0-3-
0-2-0-1-0
-0-2+4-0-
8-0-5-0-9
-0-7-0-6-
0-0-0-0-0
-2-3-0-0-
0-0+1-0+0
5 8 13 16 20 24 32 34 36 39 41 42 43 44 45 46 47 48 49 50
4 20
-4-8
8+3-
-3-5
9-6-
3 5 9 11 12 15 16 19 22 24 26 31 36 41 42 43 45 48 49 50
5 20
0+0-0
+0-0+
0+0+1
-0-0-
0+0+0
3 7 8 10 14 18 19 21 22 23 30 31 37 42 45 46 47 48 49 50
4 20
8+8+
-2-0
8-4-
-1-7
9 13 16 17 22 26 27 35 36 37 40 41 43 44 45 46 47 48 49 50
10 20
1+0-3-9-7-
-5-0-7-5-4
4-2-5-4-3-
-6-7-4-1-6
8-1-5-3-2-
-7-0-4+9+3
9-2-5-4-4-
+5-3-2+4-4
8-3-3-3-7-
-8-0-7-3-8
5 10 11 21 23 24 26 30 31 32 34 36 40 44 45 46 47 48 49 50
3 20
7+0
-6-
5-9
2 3 6 10 12 22 24 29 31 32 36 37 41 42 43 44 45 46 49 50
3 20
-1-
0-0
+3-
2 3 5 6 12 13 15 20 25 26 33 34 36 40 42 43 46 47 49 50
5 20
+4-7-
1-0-7
-4-1-
6-6-5
-6-9+
2 7 8 9 10 13 16 23 28 34 36 37 39 41 42 43 46 47 48 49
5 20
4-0-5
-1-5-
1+8-8
-7-5-
5-4-6
2 5 9 17 18 19 20 23 26 29 33 34 35 37 40 41 42 43 49 50
8 20
5-3-3-6-
-1-6-7-7
4+6-2-3-
-5-9-9-9
5-3-5-1-
-0-2+0-4
2-1-9-5-
-8+2-8-5
19 21 23 26 32 33 34 36 38 39 40 41 42 43 44 45 46 47 48 49
3 20
-2-
5+6
-5-
2 8 10 13 14 15 18 20 22 24 31 36 40 41 43 44 45 46 49 50
7 20
6-0-7-2
-0-4+8-
6-4-8-6
-2-3-9-
1-7-2+6
-4+0-0-
6+0-3-0
1 3 14 19 20 23 26 27 28 29 35 39 41 42 43 44 47 48 49 50
7 20
3-5-9-4
-5-0-7-
4-4-4-0
+9-2-0-
5-4+5+9
-0-0-1+
2-7-8-7
3 5 9 10 11 13 14 23 25 26 27 28 29 38 40 42 43 44 46 47
3 20
-2-
7+1
-7+
4 8 9 14 17 21 22 25 27 32 33 34 35 36 38 41 45 46 47 48
2 7
7-
+0
7 14 21 28 35 42 49
2 8
-0
6+
6 12 18 24 30 36 42 48
10 20
+0-0-0+0-0
0+8-0+0-0-
-0-0-0+0-0
0-0+0-0-0-
-0-0-8-0-0
0-0-0-0-9-
-0-0-0-0-0
0-0-0-0-0-
-0-0-0-0-0
0-0-0-0-0-
4 7 8 9 10 21 26 28 30 32 34 35 40 41 42 43 45 46 49 50
5 20
-0-0-
7-3-0
+0-3-
9-0-0
-0-0-
1 3 9 12 15 17 18 22 30 32 33 35 36 38 40 41 45 46 47 49
5 20
2+1-2
+3-4+
5+2+1
-4-0-
9+5+1
1 2 6 7 9 10 15 19 24 27 33 37 38 39 42 43 45 46 47 48
3 5
0+0
-0+
0-9
9 18 27 36 45
10 20
7-5-3-5-1-
-9-7-3-5-3
6-6-1-8+7-
+4+7+3-5-0
0+9+0+3-6-
-2-2-4-7-6
4-2-6-9-0-
-2+4-2-7-0
4-3-4-3-3+
-7-3-6-4-1
5 9 12 17 22 23 24 27 29 31 34 38 40 44 45 46 47 48 49 50
9 20
+0-0-0+0-
0-0-0-0-0
+0-0+0-0-
0-0-0-0+0
-8+0-0-9-
0-0+8-0-0
-0-0-0-0-
0+0-0-0-0
-0-0-0-0-
4 7 8 10 11 13 14 16 17 19 21 23 24 30 34 35 36 38 40 46
3 6
+8-
0-0
-0-
8 16 24 32 40 48
