10 100
20
28 -876
-132 -796
-276 -672
-336 -488
-272 -320
-112 -212
100 -172
280 -240
416 -388
444 -588
384 -796
220 -872
-32 -648
188 -640
-168 -516
-40 -420
136 -400
292 -488
316 -664
68 -540
100
-8 -736 42
164 -724 68
52 -792 35
-8 -792 1
-244 -672 70
-216 -520 25
-248 -472 79
-196 -264 59
-100 -232 63
-16 -232 65
108 -292 6
112 -292 46
-88 -304 82
-88 -280 28
124 -96 62
152 -24 92
-68 -36 96
-80 -84 43
156 -72 28
272 -144 37
308 -372 92
308 -380 5
172 -352 3
-48 -260 54
-88 -348 93
-84 -460 83
148 -496 22
244 -560 17
296 -668 19
316 -808 96
300 -868 48
180 -872 27
80 -868 72
-32 -868 39
-96 -812 70
-164 -824 13
-200 -748 68
-232 -664 100
-308 -596 36
-340 -372 95
-140 -296 4
56 -244 12
212 -236 23
364 -324 34
428 -432 74
444 -568 65
456 -684 42
364 -836 12
80 -776 54
-132 -628 69
-96 -636 48
48 -648 45
28 -580 63
-56 -484 58
-188 -484 38
-180 -528 60
-116 -532 24
-20 -424 42
124 -368 30
236 -420 79
276 -516 17
256 -408 36
264 -640 91
248 -756 43
228 -816 89
-100 -744 7
8 -828 41
72 -748 43
48 -644 65
-128 -528 49
-228 -652 47
-116 -540 6
-60 -340 91
52 -292 30
228 -336 71
312 -552 51
292 -732 7
180 -796 2
36 -636 94
168 -488 49
296 -316 30
344 -292 24
224 -124 85
-184 -44 55
-292 -136 57
-256 -160 41
-36 -40 67
252 -32 77
344 -160 32
304 -264 9
-96 -400 45
-216 -484 40
-336 -448 27
-248 -264 24
-208 -308 38
-180 -420 39
96 -612 19
48 -724 83
-60 -660 30
40 -612 42
