5 30
9
-70 -77
-20 -83
-48 -49
-2 -41
24 -76
-11 -51
-48 -26
-8 -14
18 -36
50
6 -49 42
15 -44 68
22 -54 35
2 -40 1
-1 -22 70
12 -19 25
3 4 79
-15 -8 59
-26 -10 63
-54 -7 65
-64 -21 6
-58 -40 46
120 -23 82
79 -59 28
78 -18 62
56 -36 92
91 -40 96
83 -80 43
68 -87 28
72 -45 37
114 -49 92
26 -20 5
41 -38 3
31 -78 54
0 -62 93
-16 -67 83
-28 -58 22
-25 -63 17
-40 -65 19
-50 -68 96
-60 -58 48
-74 -79 27
-74 -89 72
-88 -68 39
-58 -82 70
-33 -93 13
-35 -76 68
-8 -91 100
-15 -97 36
24 -93 95
38 -85 4
48 -72 12
-2 -73 23
-18 -56 34
-11 -56 74
-66 -37 65
-53 -17 42
-38 -2 12
-13 6 54
-24 -23 69
