5 40
14
-136 -147
-59 -164
92 -128
193 -49
-55 15
-130 -74
-40 -116
-3 -151
32 -117
-76 -84
-13 -33
47 23
39 -44
132 -84
44
174 -159 42
106 -122 68
136 -91 35
176 -56 1
128 -64 70
73 -124 25
40 -102 79
51 -44 59
33 -63 63
27 -34 65
14 -46 6
-12 -50 46
-20 -49 82
-25 -14 28
-70 7 62
-46 -2 92
-28 -1 96
-44 -16 43
-81 -68 28
-98 -82 37
-71 -90 92
-62 -101 5
-49 -85 3
-123 -72 54
-133 -91 93
-147 -57 83
-120 -55 22
-160 -74 17
-144 -81 19
-137 -128 96
-116 -146 48
-122 -171 27
-169 -138 72
-158 -156 39
-153 -132 70
-159 -106 13
-73 -167 68
-78 -170 100
-98 -128 36
-84 -125 95
-52 -124 4
-20 -134 12
-6 -170 23
15 -156 34
