7 50
15
-281 -294
-147 -323
25 -206
-203 -99
-64 -14
155 -126
140 -292
-104 -217
99 -169
182 -203
86 -320
196 -284
112 -243
148 -201
-35 -211
65
-99 -243 42
-92 -211 68
-120 -190 35
-64 -204 1
-57 -232 70
-3 -198 25
-139 -312 79
-129 -337 59
-148 -344 63
-163 -312 65
-150 -299 6
-131 -310 46
-131 -320 82
-177 -332 28
-278 -286 62
-278 -310 92
-320 -300 96
-270 -273 43
-235 -211 28
-174 -206 37
-256 -155 92
-214 -86 5
-184 -84 3
-201 -124 54
-171 -97 93
-70 -9 83
-41 0 22
-54 -49 17
-91 0 19
-89 -30 96
-1 -32 48
38 -89 27
-44 -139 72
91 -104 39
155 -108 70
166 -126 13
145 -116 68
164 -107 100
164 -140 36
70 -161 95
104 -174 4
176 -182 12
214 -206 23
148 -225 34
176 -216 74
148 -195 65
123 -216 42
148 -203 12
123 -260 54
83 -273 69
144 -268 48
196 -252 45
180 -288 63
142 -310 58
112 -332 38
67 -337 60
76 -289 24
107 -300 42
72 -329 30
121 -313 79
289 -185 17
340 -251 36
440 -196 91
428 0 43
252 -88 89
