8 150
15
-258 -362
-68 -452
-8 -268
-320 -170
-140 -116
102 -114
192 -352
326 -184
178 -338
108 -212
-64 -206
-156 -342
-54 -222
90 -342
136 -148
73
548 -398 42
576 -242 68
558 -58 35
460 -370 1
576 -304 70
510 -146 25
612 -44 79
438 10 59
544 48 63
268 52 65
258 22 6
68 70 46
-178 62 82
-374 58 28
-456 12 62
-348 22 92
-382 -92 96
-240 -80 43
-110 -62 28
-94 -174 37
176 -104 92
96 -58 5
-24 -134 3
102 -92 54
104 -284 93
54 -366 83
-8 -372 22
-230 -372 17
-118 -324 19
-202 -232 96
-242 -270 48
-440 -164 27
-354 -260 72
-342 -400 39
-212 -482 70
-110 -478 13
14 -464 68
66 -450 100
216 -406 36
296 -384 95
342 -254 4
408 -162 12
320 -116 23
118 -182 34
156 -238 74
210 -140 65
52 -186 42
178 -206 12
270 -290 54
278 -362 69
314 -302 48
-54 -232 45
-166 -204 63
-138 -86 58
-80 -66 38
-76 -24 60
-108 -40 24
-226 -132 42
-162 0 30
-22 46 79
166 52 17
176 -72 36
322 -100 91
430 24 43
560 34 89
484 -44 7
334 48 41
200 -220 43
-150 -296 65
-136 -234 49
-230 -346 47
-206 -414 6
-58 -464 91
