9 200
17
-232 -820
80 -744
292 -600
332 -908
-256 -620
-40 -380
256 -204
596 -516
636 -776
624 -124
-268 20
240 52
444 -264
504 -648
-348 -440
-104 -972
176 -468
85
-276 -772 42
-4 -644 68
-20 -424 35
184 -356 1
352 -200 70
300 44 25
-236 112 79
-176 -12 59
-272 -108 63
-384 68 65
-180 64 6
-360 -52 46
316 52 82
508 136 28
540 76 62
60 28 92
-32 -88 96
-136 -264 43
-144 -964 28
232 -916 37
460 -900 92
688 -820 5
672 -596 3
272 -420 54
-240 -436 93
-464 -396 83
-364 -320 22
-248 -196 17
-168 -284 19
-40 -148 96
88 -544 48
-8 -748 27
-352 -648 72
-332 -720 39
-128 -632 70
-248 -812 13
-360 -880 68
-336 -828 100
-4 -612 36
156 -460 95
-140 -456 4
120 -276 12
152 -232 23
352 -116 34
508 -4 74
508 84 65
612 -12 42
716 -168 12
692 -264 54
508 -300 69
496 -380 48
308 -388 45
560 -404 63
680 -444 58
688 -516 38
552 -416 60
568 -552 24
636 -456 42
428 -568 30
404 -768 79
568 -708 17
672 -716 36
624 -868 91
544 -736 43
524 -884 89
676 -816 7
756 -728 41
752 -828 43
400 -744 65
260 -764 49
168 -688 47
204 -700 6
248 -692 91
-104 -812 30
-64 -940 71
108 -816 51
76 -700 7
-144 -364 2
-268 -528 94
-96 -488 49
56 -276 30
272 -208 24
316 92 85
296 -364 55
80 -700 57
