10 500
20
8 -932
8 -892
4 -836
4 -788
-12 -720
16 -664
28 -648
-64 -516
-8 -324
80 -236
-116 -228
120 -180
180 -40
-104 -100
-20 -188
172 -72
156 -376
-52 -600
44 -632
80 -736
82
-92 -936 42
-68 -784 68
120 -644 35
244 -592 1
188 -776 70
-60 -788 25
-100 -620 79
-48 -552 59
148 -420 63
184 -324 65
184 -320 6
-184 -256 46
-68 -208 82
108 -48 28
284 84 62
52 60 92
-32 64 96
-328 112 43
-268 80 28
-372 -20 37
-432 108 92
-432 -4 5
-432 -144 3
-360 -268 54
-184 -200 93
-12 -120 83
212 -68 22
328 -52 17
428 -84 19
456 -228 96
524 -440 48
424 -660 27
396 -736 72
340 -892 39
332 -916 70
4 -900 13
-88 -956 68
-144 -904 100
-448 -928 36
-384 -960 95
-384 -904 4
-408 -820 12
-436 -692 23
-424 -560 34
-364 -468 74
-352 -744 65
-284 -440 42
-292 -240 12
-188 40 54
16 156 69
188 148 48
428 132 45
540 112 63
584 48 58
584 -68 38
588 -220 60
588 -316 24
588 -392 42
572 -496 30
572 -520 79
572 -576 17
580 -672 36
612 -684 91
616 -756 43
604 -840 89
564 -904 7
556 -968 41
584 -836 43
560 -720 65
564 -656 49
568 -580 47
576 -532 6
640 124 91
620 160 30
128 -668 71
-284 -772 51
-380 -932 7
-432 -832 2
-452 -460 94
-452 -652 49
-464 -676 30
-344 -196 24
