86 31 11
183
0 21
0 24
0 9
0 8
1 10
3 3
3 5
3 8
4 1
5 4
5 22
6 31
6 27
7 9
7 27
7 19
7 13
7 26
9 13
9 21
9 17
9 23
9 29
10 11
12 18
12 23
12 4
13 5
13 10
13 14
13 27
14 17
14 8
14 1
14 28
15 23
15 1
16 23
16 27
17 7
18 20
18 9
19 18
20 2
20 14
21 17
22 13
23 0
23 14
23 19
24 25
24 0
24 27
26 29
26 2
26 19
27 31
28 22
28 30
30 1
30 9
31 13
31 12
32 7
32 27
33 14
34 22
34 24
35 0
35 1
35 7
36 30
36 13
37 13
37 20
38 17
38 19
38 13
39 9
39 4
39 12
40 12
40 7
41 10
41 31
42 16
42 23
42 12
43 17
45 7
45 27
45 3
45 31
46 6
46 3
47 13
47 16
48 26
48 11
49 1
49 30
50 28
50 19
51 2
51 5
51 10
52 4
52 0
52 29
53 12
53 2
53 29
54 30
55 23
55 17
56 18
56 16
57 26
57 15
58 12
58 4
59 9
59 20
59 13
60 24
60 17
61 25
62 9
63 29
63 21
64 29
64 6
64 31
64 16
64 18
65 12
65 13
66 27
66 29
66 18
67 8
68 13
68 30
69 6
69 11
69 10
70 4
70 10
72 23
72 4
72 30
73 9
73 4
73 31
73 11
73 17
73 13
74 14
74 16
75 21
75 26
75 28
76 26
77 30
79 14
79 21
79 8
79 11
81 8
81 21
81 30
82 27
83 25
84 10
84 3
85 29
85 0
85 12
85 10
85 24
86 11
86 21
86 8
