130 3355
1 130
2197075
33
30
33
33
33
36
34
34
32
38
37
38
30
27
43
32
34
40
32
38
32
38
35
30
40
31
36
38
39
36
43
34
42
35
40
31
42
37
32
34
35
38
37
32
36
36
31
35
38
32
31
41
38
36
34
38
33
33
38
24
29
28
37
33
34
32
29
32
32
38
35
32
32
30
31
40
37
36
32
35
27
32
34
33
25
33
36
37
34
38
28
38
29
28
29
39
39
33
33
45
36
32
32
30
37
35
34
37
43
33
34
31
39
34
31
32
29
33
30
33
31
35
35
39
35
36
35
28
2197076
1 5
1 7
1 10
1 12
1 13
1 15
1 16
1 21
1 22
1 24
1 26
1 28
1 30
1 32
1 33
1 34
1 35
1 36
1 41
1 43
1 44
1 45
1 46
1 49
1 53
1 59
1 60
1 72
1 73
1 74
1 76
1 77
1 79
1 80
1 83
1 88
1 89
1 90
1 91
1 93
1 94
1 95
1 97
1 98
1 101
1 103
1 104
1 108
1 120
1 121
1 122
1 125
1 128
2 3
2 7
2 12
2 13
2 14
2 16
2 19
2 21
2 23
2 24
2 28
2 30
2 35
2 38
2 39
2 46
2 47
2 50
2 52
2 53
2 55
2 61
2 63
2 64
2 72
2 77
2 78
2 79
2 81
2 84
2 86
2 91
2 93
2 96
2 97
2 98
2 100
2 102
2 104
2 118
2 126
2 128
2 129
2 130
3 5
3 9
3 10
3 11
3 14
3 20
3 25
3 27
3 30
3 32
3 34
3 38
3 42
3 44
3 48
3 52
3 54
3 55
3 56
3 66
3 71
3 72
3 75
3 78
3 81
3 84
3 85
3 88
3 90
3 91
3 94
3 96
3 99
3 101
3 106
3 108
3 111
3 112
3 115
3 122
3 123
3 124
3 127
3 128
3 130
4 7
4 8
4 9
4 13
4 16
4 24
4 25
4 26
4 27
4 28
4 29
4 30
4 34
4 38
4 39
4 48
4 49
4 51
4 55
4 59
4 60
4 64
4 66
4 72
4 76
4 78
4 79
4 84
4 85
4 86
4 88
4 89
4 90
4 92
4 93
4 94
4 95
4 98
4 100
4 104
4 108
4 111
4 112
4 113
4 116
4 118
4 120
4 123
4 129
5 8
5 18
5 22
5 23
5 25
5 29
5 33
5 35
5 36
5 37
5 41
5 46
5 50
5 51
5 52
5 55
5 56
5 57
5 58
5 62
5 63
5 65
5 68
5 72
5 73
5 75
5 76
5 78
5 79
5 82
5 89
5 93
5 97
5 99
5 100
5 105
5 107
5 110
5 111
5 112
5 113
5 114
5 118
5 122
5 123
5 126
5 127
5 128
5 130
6 8
6 10
6 11
6 14
6 16
6 18
6 21
6 23
6 28
6 29
6 30
6 36
6 37
6 39
6 40
6 48
6 49
6 50
6 52
6 53
6 54
6 55
6 59
6 62
6 64
6 67
6 70
6 71
6 72
6 74
6 76
6 77
6 78
6 84
6 86
6 88
6 90
6 92
6 97
6 98
6 103
6 107
6 109
6 110
6 111
6 116
6 119
6 123
6 127
7 8
7 9
7 10
7 12
7 17
7 19
7 22
7 26
7 28
7 29
7 32
7 35
7 39
7 41
7 42
7 46
7 52
7 54
7 57
7 58
7 68
7 70
7 72
7 73
7 76
7 77
7 79
7 80
7 81
7 87
7 89
7 92
7 95
7 96
7 103
7 105
7 108
7 109
7 110
7 111
7 112
7 113
7 115
7 116
7 117
7 119
7 121
7 123
7 125
7 127
8 17
8 18
8 19
8 20
8 22
8 31
8 32
8 33
8 38
8 41
8 43
8 44
8 45
8 47
8 50
8 53
8 54
8 55
8 56
8 57
8 58
8 60
8 63
8 67
8 69
8 71
8 72
8 73
8 74
8 75
8 79
8 81
8 83
8 87
8 88
8 90
8 93
8 95
8 97
8 103
8 107
8 110
8 114
8 116
8 120
8 124
8 126
8 128
9 11
9 13
9 14
9 19
9 20
9 24
9 25
9 28
9 31
9 32
9 34
9 35
9 37
9 38
9 40
9 46
9 48
9 49
9 51
9 52
9 53
9 56
9 60
9 62
9 67
9 76
9 77
9 84
9 86
9 90
9 95
9 97
9 98
9 101
9 103
9 104
9 109
9 110
9 112
9 118
9 124
9 125
9 126
9 127
9 130
10 17
10 19
10 20
10 21
10 25
10 27
10 28
10 31
10 33
10 36
10 39
10 49
10 54
10 58
10 61
10 62
10 65
10 66
10 67
10 70
10 71
10 72
10 73
10 74
10 76
10 82
10 84
10 85
10 89
10 90
10 92
10 94
10 98
10 99
10 104
10 107
10 109
10 110
10 112
10 113
10 114
10 115
10 116
10 121
10 122
10 127
11 12
11 15
11 18
11 20
11 23
11 26
11 27
11 29
11 30
11 33
11 34
11 38
11 39
11 42
11 43
11 48
11 51
11 52
11 53
11 55
11 56
11 60
11 65
11 66
11 67
11 69
11 70
11 71
11 72
11 73
11 74
11 76
11 81
11 82
11 83
11 84
11 87
11 97
11 98
11 100
11 102
11 103
11 104
11 109
11 112
11 113
11 116
11 117
11 121
11 123
11 128
12 16
12 18
12 20
12 21
12 24
12 28
12 30
12 32
12 34
12 37
12 38
12 39
12 40
12 42
12 43
12 45
12 46
12 48
12 50
12 51
12 52
12 53
12 58
12 59
12 66
12 67
12 68
12 71
12 75
12 78
12 79
12 80
12 84
12 86
12 87
12 89
12 90
12 91
12 95
12 98
12 100
12 101
12 103
12 109
12 111
12 113
12 114
12 115
12 116
12 120
12 121
12 122
12 123
12 124
12 130
13 21
13 23
13 24
13 25
13 26
13 30
13 34
13 38
13 40
13 42
13 44
13 46
13 49
13 51
13 53
13 54
13 55
13 58
13 60
13 62
13 64
13 65
13 71
13 74
13 76
13 77
13 78
13 79
13 83
13 86
13 87
13 88
13 89
13 91
13 92
13 94
13 96
13 97
13 98
13 106
13 107
13 108
13 109
13 115
13 119
13 123
13 124
13 127
13 129
13 130
14 15
14 21
14 23
14 24
14 27
14 29
14 32
14 40
14 41
14 42
14 43
14 46
14 48
14 49
14 50
14 55
14 62
14 64
14 66
14 68
14 71
14 74
14 75
14 77
14 82
14 87
14 94
14 101
14 105
14 106
14 109
14 110
14 111
14 115
14 119
14 122
14 123
14 124
14 125
14 127
14 128
14 130
15 19
15 20
15 23
15 31
15 35
15 36
15 37
15 42
15 43
15 47
15 48
15 49
15 53
15 54
15 62
15 67
15 70
15 73
15 77
15 78
15 79
15 80
15 83
15 91
15 92
15 93
15 94
15 96
15 97
15 99
15 102
15 103
15 110
15 115
15 118
15 121
15 124
15 127
16 17
16 24
16 25
16 26
16 29
16 30
16 31
16 36
16 37
16 40
16 42
16 44
16 45
16 46
16 47
16 49
16 50
16 51
16 52
16 54
16 57
16 58
16 60
16 61
16 62
16 63
16 65
16 66
16 67
16 68
16 69
16 71
16 72
16 73
16 76
16 80
16 84
16 86
16 88
16 89
16 94
16 95
16 101
16 102
16 103
16 106
16 108
16 110
16 111
16 112
16 113
16 114
16 116
16 117
16 118
16 122
16 124
17 18
17 20
17 21
17 23
17 29
17 30
17 31
17 39
17 40
17 52
17 54
17 55
17 57
17 59
17 60
17 61
17 65
17 67
17 71
17 72
17 78
17 79
17 81
17 82
17 83
17 84
17 89
17 91
17 97
17 102
17 105
17 106
17 108
17 110
17 112
17 116
17 124
17 125
17 127
17 128
17 130
18 21
18 22
18 24
18 25
18 31
18 33
18 34
18 36
18 41
18 42
18 45
18 46
18 47
18 50
18 59
18 60
18 61
18 65
18 66
18 70
18 72
18 73
18 74
18 75
18 79
18 80
18 85
18 87
18 89
18 95
18 99
18 100
18 101
18 103
18 108
18 110
18 113
18 114
18 116
18 119
18 120
18 127
18 128
18 130
19 22
19 24
19 26
19 32
19 33
19 36
19 41
19 50
19 52
19 56
19 61
19 63
19 66
19 68
19 69
19 75
19 77
19 78
19 80
19 81
19 83
19 84
19 87
19 89
19 90
19 91
19 93
19 94
19 95
19 96
19 97
19 99
19 102
19 103
19 104
19 105
19 107
19 108
19 112
19 113
19 115
19 118
19 119
19 120
19 122
19 124
19 125
19 128
19 130
20 21
20 23
20 25
20 26
20 32
20 33
20 34
20 36
20 39
20 40
20 43
20 44
20 45
20 47
20 48
20 50
20 54
20 55
20 57
20 66
20 67
20 68
20 71
20 73
20 75
20 76
20 81
20 85
20 89
20 91
20 95
20 96
20 103
20 104
20 107
20 108
20 109
20 110
20 111
20 115
20 118
20 119
20 120
20 128
20 130
21 22
21 25
21 27
21 30
21 32
21 34
21 36
21 40
21 41
21 42
21 43
21 44
21 45
21 50
21 51
21 52
21 53
21 54
21 55
21 56
21 58
21 59
21 60
21 63
21 64
21 66
21 67
21 68
21 70
21 72
21 74
21 80
21 82
21 83
21 86
21 87
21 89
21 95
21 97
21 101
21 102
21 103
21 104
21 119
21 123
21 124
21 125
21 127
21 128
22 25
22 31
22 33
22 36
22 37
22 41
22 49
22 51
22 52
22 53
22 54
22 57
22 58
22 62
22 63
22 67
22 69
22 71
22 73
22 74
22 76
22 81
22 82
22 83
22 85
22 86
22 91
22 95
22 97
22 98
22 99
22 100
22 101
22 102
22 106
22 108
22 109
22 114
22 116
22 121
22 122
22 124
22 125
22 127
23 24
23 27
23 30
23 32
23 33
23 34
23 36
23 37
23 38
23 40
23 43
23 44
23 45
23 52
23 54
23 56
23 59
23 60
23 65
23 68
23 72
23 73
23 75
23 77
23 85
23 88
23 89
23 90
23 91
23 93
23 95
23 96
23 97
23 98
23 99
23 101
23 102
23 103
23 104
23 106
23 109
23 111
23 112
23 115
23 117
23 118
23 125
23 127
23 129
24 25
24 28
24 31
24 32
24 34
24 35
24 36
24 43
24 45
24 47
24 48
24 49
24 52
24 57
24 61
24 63
24 64
24 70
24 72
24 73
24 75
24 77
24 78
24 79
24 81
24 83
24 86
24 88
24 89
24 90
24 93
24 99
24 100
24 105
24 110
24 111
24 112
24 115
24 118
24 120
24 124
24 125
24 129
24 130
25 26
25 28
25 29
25 31
25 34
25 35
25 37
25 41
25 42
25 43
25 44
25 47
25 49
25 52
25 53
25 57
25 58
25 59
25 60
25 63
25 71
25 73
25 79
25 80
25 82
25 84
25 86
25 98
25 99
25 100
25 108
25 114
25 117
25 123
25 126
25 128
26 28
26 29
26 30
26 32
26 35
26 38
26 39
26 43
26 45
26 48
26 50
26 51
26 59
26 60
26 62
26 65
26 67
26 68
26 69
26 72
26 77
26 78
26 85
26 87
26 88
26 89
26 91
26 93
26 97
26 98
26 99
26 101
26 102
26 105
26 106
26 107
26 109
26 110
26 111
26 112
26 113
26 114
26 115
26 116
26 118
26 124
26 126
27 29
27 30
27 31
27 34
27 40
27 42
27 44
27 45
27 46
27 50
27 52
27 54
27 67
27 69
27 72
27 74
27 77
27 80
27 81
27 88
27 89
27 90
27 98
27 99
27 100
27 101
27 102
27 103
27 109
27 111
27 113
27 114
27 115
27 116
27 117
27 118
27 119
27 122
27 123
27 126
27 127
28 29
28 31
28 32
28 37
28 41
28 42
28 45
28 50
28 53
28 56
28 59
28 64
28 66
28 70
28 74
28 79
28 80
28 84
28 86
28 90
28 92
28 95
28 96
28 98
28 99
28 100
28 106
28 107
28 110
28 111
28 112
28 115
28 116
28 120
28 124
28 125
28 128
29 30
29 34
29 35
29 39
29 44
29 47
29 49
29 52
29 56
29 58
29 59
29 63
29 64
29 65
29 69
29 75
29 79
29 83
29 84
29 85
29 88
29 89
29 93
29 95
29 97
29 99
29 100
29 106
29 108
29 110
29 111
29 112
29 115
29 119
29 120
29 122
29 126
29 127
30 31
30 32
30 36
30 43
30 45
30 53
30 57
30 58
30 61
30 63
30 65
30 68
30 71
30 73
30 74
30 80
30 82
30 84
30 88
30 90
30 91
30 93
30 94
30 96
30 97
30 98
30 99
30 100
30 102
30 103
30 104
30 107
30 108
30 111
30 113
30 114
30 125
31 34
31 36
31 38
31 41
31 44
31 45
31 46
31 48
31 51
31 52
31 53
31 57
31 62
31 63
31 65
31 70
31 73
31 75
31 77
31 78
31 81
31 82
31 84
31 88
31 90
31 93
31 94
31 98
31 99
31 100
31 101
31 106
31 107
31 108
31 109
31 113
31 114
31 115
31 121
31 124
31 125
31 126
31 129
32 33
32 34
32 35
32 36
32 37
32 38
32 42
32 44
32 49
32 52
32 54
32 55
32 56
32 58
32 62
32 63
32 66
32 70
32 71
32 78
32 79
32 80
32 85
32 88
32 89
32 95
32 99
32 100
32 101
32 105
32 106
32 107
32 115
32 116
32 117
32 121
32 125
32 129
32 130
33 39
33 40
33 41
33 42
33 43
33 48
33 51
33 53
33 56
33 58
33 60
33 62
33 63
33 65
33 66
33 67
33 70
33 71
33 73
33 74
33 75
33 77
33 79
33 81
33 82
33 83
33 87
33 89
33 91
33 92
33 103
33 107
33 109
33 110
33 113
33 116
33 118
33 119
33 120
33 124
33 125
33 129
34 36
34 40
34 41
34 43
34 44
34 45
34 49
34 54
34 58
34 59
34 60
34 64
34 65
34 66
34 68
34 73
34 76
34 81
34 85
34 86
34 87
34 94
34 96
34 98
34 99
34 101
34 103
34 105
34 107
34 108
34 110
34 111
34 113
34 115
34 116
34 122
34 125
34 127
35 36
35 38
35 42
35 43
35 46
35 51
35 53
35 55
35 60
35 63
35 74
35 75
35 76
35 78
35 80
35 82
35 86
35 90
35 94
35 95
35 97
35 101
35 102
35 104
35 105
35 106
35 107
35 108
35 109
35 110
35 111
35 114
35 115
35 119
35 122
35 123
35 125
35 126
35 128
35 129
36 37
36 40
36 46
36 47
36 48
36 50
36 51
36 52
36 57
36 59
36 60
36 61
36 66
36 67
36 68
36 70
36 73
36 78
36 79
36 83
36 85
36 89
36 91
36 94
36 97
36 98
36 99
36 100
36 105
36 106
36 109
36 110
36 115
36 118
36 121
36 128
37 41
37 43
37 48
37 49
37 51
37 53
37 54
37 56
37 57
37 58
37 59
37 63
37 72
37 73
37 81
37 83
37 84
37 90
37 91
37 94
37 95
37 96
37 98
37 102
37 104
37 106
37 109
37 110
37 111
37 112
37 113
37 117
37 118
37 124
37 125
37 127
37 130
38 39
38 40
38 41
38 42
38 43
38 44
38 45
38 51
38 52
38 53
38 58
38 60
38 62
38 65
38 70
38 71
38 72
38 73
38 74
38 75
38 81
38 83
38 84
38 86
38 89
38 90
38 91
38 94
38 96
38 97
38 99
38 100
38 104
38 105
38 106
38 107
38 108
38 110
38 113
38 114
38 121
38 122
38 123
38 124
38 125
38 126
38 127
38 130
39 40
39 41
39 42
39 43
39 44
39 45
39 46
39 50
39 51
39 53
39 55
39 59
39 61
39 64
39 65
39 68
39 69
39 76
39 81
39 82
39 83
39 84
39 85
39 86
39 87
39 88
39 90
39 91
39 94
39 95
39 99
39 103
39 104
39 106
39 112
39 113
39 114
39 115
39 117
39 122
39 125
39 127
39 128
40 43
40 44
40 46
40 48
40 55
40 59
40 60
40 63
40 64
40 67
40 68
40 71
40 73
40 75
40 76
40 77
40 79
40 83
40 84
40 85
40 87
40 88
40 90
40 92
40 93
40 98
40 100
40 101
40 102
40 103
40 105
40 106
40 109
40 112
40 114
40 116
40 117
40 121
40 124
40 129
40 130
41 48
41 49
41 50
41 53
41 56
41 58
41 65
41 68
41 69
41 70
41 71
41 73
41 74
41 80
41 81
41 85
41 87
41 90
41 91
41 99
41 101
41 105
41 107
41 109
41 111
41 112
41 115
41 116
41 119
41 120
41 122
41 123
41 126
41 130
42 43
42 50
42 51
42 55
42 57
42 58
42 65
42 68
42 69
42 71
42 73
42 75
42 81
42 84
42 90
42 91
42 92
42 93
42 94
42 97
42 98
42 101
42 104
42 111
42 112
42 114
42 118
42 120
42 121
42 127
42 128
42 129
43 45
43 47
43 48
43 49
43 52
43 54
43 57
43 60
43 61
43 63
43 64
43 66
43 71
43 73
43 74
43 76
43 78
43 79
43 81
43 82
43 86
43 88
43 95
43 102
43 103
43 104
43 106
43 108
43 109
43 113
43 114
43 116
43 118
43 119
43 121
43 127
43 128
43 130
44 47
44 48
44 50
44 52
44 53
44 55
44 56
44 58
44 59
44 70
44 74
44 78
44 80
44 81
44 84
44 87
44 90
44 91
44 92
44 94
44 95
44 97
44 100
44 106
44 107
44 108
44 110
44 111
44 112
44 113
44 119
44 121
44 123
44 125
44 128
45 46
45 50
45 54
45 57
45 64
45 65
45 66
45 69
45 70
45 71
45 75
45 78
45 81
45 83
45 85
45 88
45 89
45 94
45 97
45 98
45 101
45 102
45 104
45 105
45 106
45 109
45 112
45 119
45 123
45 124
45 126
45 128
46 47
46 48
46 52
46 56
46 57
46 62
46 65
46 70
46 71
46 72
46 74
46 75
46 76
46 78
46 79
46 80
46 82
46 90
46 95
46 98
46 100
46 104
46 107
46 108
46 109
46 110
46 114
46 121
46 130
47 48
47 52
47 53
47 54
47 57
47 58
47 60
47 61
47 64
47 66
47 71
47 72
47 73
47 75
47 76
47 79
47 84
47 89
47 90
47 92
47 97
47 99
47 100
47 105
47 106
47 107
47 108
47 110
47 111
47 112
47 114
47 115
47 116
47 117
47 120
47 127
47 130
48 50
48 54
48 61
48 63
48 66
48 67
48 69
48 71
48 77
48 80
48 81
48 82
48 83
48 86
48 88
48 90
48 92
48 93
48 97
48 101
48 102
48 103
48 105
48 109
48 110
48 111
48 124
48 129
49 53
49 54
49 56
49 57
49 62
49 67
49 68
49 71
49 76
49 77
49 78
49 80
49 81
49 82
49 85
49 87
49 96
49 98
49 104
49 105
49 106
49 107
49 108
49 109
49 110
49 114
49 116
49 118
49 121
49 122
49 123
49 125
49 126
49 128
49 129
49 130
50 53
50 58
50 61
50 62
50 63
50 64
50 67
50 69
50 72
50 76
50 78
50 79
50 80
50 82
50 83
50 88
50 89
50 90
50 91
50 92
50 99
50 100
50 101
50 102
50 103
50 105
50 107
50 109
50 111
50 115
50 118
50 120
50 122
50 124
50 126
50 127
50 130
51 52
51 53
51 54
51 56
51 57
51 61
51 64
51 67
51 71
51 77
51 83
51 87
51 88
51 91
51 93
51 95
51 96
51 97
51 98
51 100
51 105
51 106
51 109
51 110
51 112
51 116
51 117
51 118
51 119
51 121
51 122
51 126
52 55
52 56
52 62
52 66
52 67
52 72
52 74
52 75
52 79
52 80
52 84
52 96
52 103
52 105
52 106
52 107
52 108
52 110
52 113
52 114
52 119
52 127
53 55
53 56
53 59
53 60
53 62
53 64
53 67
53 69
53 77
53 78
53 82
53 83
53 84
53 91
53 92
53 95
53 98
53 99
53 100
53 101
53 105
53 108
53 112
53 114
53 115
53 117
53 119
53 120
53 123
53 124
53 125
53 126
53 129
54 55
54 64
54 71
54 74
54 75
54 77
54 78
54 79
54 84
54 85
54 87
54 93
54 96
54 97
54 98
54 99
54 101
54 103
54 104
54 105
54 107
54 108
54 109
54 113
54 114
54 115
54 118
54 121
54 123
54 125
54 128
54 129
54 130
55 59
55 61
55 62
55 63
55 67
55 68
55 70
55 71
55 72
55 75
55 76
55 77
55 78
55 84
55 86
55 88
55 89
55 90
55 91
55 93
55 98
55 100
55 107
55 109
55 114
55 118
55 119
55 120
55 122
55 123
55 125
55 126
55 127
56 58
56 59
56 62
56 64
56 65
56 68
56 69
56 72
56 74
56 76
56 77
56 85
56 87
56 88
56 91
56 95
56 97
56 99
56 103
56 105
56 107
56 109
56 110
56 116
56 120
56 122
56 123
56 125
56 126
56 128
56 130
57 58
57 59
57 62
57 63
57 66
57 67
57 69
57 70
57 72
57 73
57 76
57 77
57 80
57 82
57 84
57 87
57 88
57 89
57 90
57 91
57 92
57 94
57 96
57 101
57 102
57 105
57 107
57 108
57 112
57 116
57 121
57 122
57 123
57 127
57 128
58 62
58 66
58 67
58 68
58 74
58 77
58 81
58 83
58 85
58 86
58 87
58 88
58 90
58 93
58 94
58 95
58 96
58 99
58 100
58 101
58 102
58 105
58 110
58 112
58 119
58 123
58 129
58 130
59 60
59 65
59 68
59 69
59 70
59 71
59 84
59 85
59 87
59 88
59 90
59 92
59 93
59 95
59 98
59 99
59 100
59 104
59 106
59 107
59 108
59 111
59 113
59 117
59 121
59 126
59 128
59 129
60 61
60 62
60 66
60 69
60 74
60 77
60 79
60 80
60 81
60 83
60 84
60 85
60 87
60 94
60 98
60 99
60 101
60 106
60 108
60 110
60 113
60 114
60 115
60 117
60 119
60 120
60 122
60 128
61 64
61 66
61 68
61 70
61 75
61 76
61 84
61 85
61 88
61 94
61 100
61 102
61 105
61 108
61 110
61 113
61 114
61 117
61 120
61 121
62 63
62 66
62 70
62 73
62 76
62 80
62 81
62 83
62 85
62 87
62 89
62 90
62 91
62 92
62 107
62 112
62 114
62 117
62 119
62 128
62 129
63 64
63 66
63 70
63 72
63 74
63 76
63 79
63 83
63 86
63 90
63 91
63 96
63 99
63 104
63 112
63 113
63 115
63 118
63 124
63 127
63 130
64 66
64 68
64 69
64 70
64 72
64 73
64 74
64 75
64 76
64 77
64 80
64 86
64 88
64 89
64 90
64 91
64 92
64 93
64 94
64 96
64 98
64 101
64 102
64 106
64 107
64 108
64 109
64 119
64 123
64 124
64 125
64 127
64 128
65 67
65 68
65 69
65 72
65 75
65 79
65 84
65 88
65 89
65 90
65 92
65 97
65 98
65 99
65 101
65 103
65 104
65 110
65 114
65 116
65 117
65 118
65 119
65 124
65 125
65 126
65 127
65 129
66 72
66 73
66 74
66 80
66 81
66 85
66 86
66 89
66 92
66 93
66 97
66 103
66 104
66 106
66 107
66 109
66 110
66 112
66 115
66 117
66 118
66 119
66 121
66 123
66 125
66 129
66 130
67 70
67 76
67 77
67 78
67 79
67 80
67 82
67 86
67 92
67 93
67 95
67 97
67 100
67 101
67 103
67 107
67 108
67 112
67 116
67 120
67 121
67 122
67 124
67 127
67 128
67 129
68 70
68 71
68 73
68 77
68 78
68 79
68 85
68 88
68 89
68 92
68 94
68 96
68 100
68 101
68 103
68 104
68 107
68 112
68 113
68 117
68 118
68 119
68 121
68 128
69 70
69 73
69 74
69 77
69 83
69 85
69 90
69 92
69 97
69 100
69 104
69 105
69 107
69 110
69 111
69 112
69 115
69 116
69 117
69 120
69 121
69 122
69 123
69 124
69 125
69 130
70 73
70 77
70 78
70 79
70 80
70 81
70 82
70 87
70 89
70 92
70 93
70 99
70 100
70 110
70 113
70 114
70 115
70 120
70 121
70 124
70 130
71 73
71 75
71 77
71 81
71 84
71 85
71 86
71 87
71 89
71 90
71 91
71 93
71 94
71 97
71 98
71 99
71 100
71 101
71 102
71 107
71 111
71 116
71 121
71 123
72 74
72 76
72 83
72 86
72 92
72 93
72 96
72 97
72 101
72 102
72 106
72 108
72 109
72 112
72 115
72 116
72 118
72 119
72 124
72 125
72 129
73 74
73 76
73 77
73 78
73 86
73 88
73 91
73 93
73 97
73 108
73 110
73 113
73 115
73 118
73 127
73 130
74 77
74 78
74 81
74 84
74 88
74 89
74 91
74 95
74 96
74 97
74 98
74 105
74 109
74 110
74 114
74 117
74 120
74 122
74 124
74 126
74 129
75 78
75 81
75 82
75 83
75 85
75 91
75 95
75 100
75 101
75 102
75 106
75 110
75 111
75 113
75 115
75 119
75 121
75 122
75 124
75 127
76 78
76 79
76 80
76 81
76 83
76 88
76 89
76 91
76 92
76 94
76 97
76 100
76 104
76 105
76 106
76 107
76 110
76 111
76 112
76 123
76 127
77 79
77 81
77 82
77 88
77 91
77 93
77 94
77 95
77 96
77 97
77 100
77 102
77 104
77 105
77 107
77 108
77 109
77 113
77 114
77 116
77 117
77 118
77 119
77 120
77 122
77 125
77 127
77 129
78 79
78 80
78 82
78 83
78 88
78 89
78 98
78 99
78 100
78 101
78 102
78 103
78 104
78 105
78 108
78 111
78 112
78 115
78 118
78 121
78 123
78 124
78 125
78 126
78 130
79 81
79 82
79 83
79 84
79 90
79 98
79 100
79 105
79 106
79 107
79 110
79 114
79 115
79 116
79 117
79 124
79 125
79 126
79 128
79 130
80 81
80 85
80 87
80 91
80 93
80 94
80 100
80 102
80 103
80 105
80 107
80 109
80 110
80 114
80 120
80 121
80 122
80 125
80 126
80 128
80 130
81 84
81 86
81 93
81 103
81 104
81 106
81 107
81 109
81 112
81 113
81 114
81 115
81 116
81 118
81 119
81 122
81 125
81 127
81 128
81 130
82 83
82 87
82 88
82 90
82 92
82 93
82 94
82 97
82 99
82 106
82 107
82 109
82 113
82 115
82 116
82 117
82 119
82 122
82 124
83 84
83 85
83 87
83 90
83 93
83 94
83 96
83 99
83 106
83 108
83 115
83 116
83 117
83 118
83 119
83 130
84 91
84 96
84 99
84 101
84 103
84 105
84 109
84 116
84 118
84 120
84 124
84 125
84 129
85 93
85 96
85 97
85 99
85 101
85 104
85 107
85 108
85 112
85 113
85 115
85 117
85 119
85 120
85 121
85 126
85 128
85 130
86 87
86 89
86 93
86 96
86 102
86 113
86 115
86 118
86 120
86 122
86 123
87 88
87 89
87 90
87 92
87 96
87 103
87 105
87 106
87 109
87 111
87 117
87 119
87 120
87 124
87 125
87 126
87 127
87 128
87 129
87 130
88 89
88 90
88 92
88 93
88 94
88 98
88 100
88 109
88 112
88 115
88 118
88 120
88 121
88 122
88 126
88 127
88 130
89 92
89 93
89 96
89 97
89 100
89 101
89 103
89 104
89 110
89 114
89 115
89 116
89 120
89 122
89 123
89 124
89 125
89 127
90 93
90 97
90 106
90 112
90 114
90 115
90 117
90 123
90 124
90 125
90 128
90 129
91 92
91 93
91 97
91 98
91 100
91 102
91 109
91 110
91 112
91 114
91 115
91 118
91 120
91 122
91 124
91 127
91 129
91 130
92 100
92 102
92 104
92 117
92 121
92 122
92 127
92 129
93 95
93 97
93 98
93 102
93 104
93 106
93 107
93 109
93 113
93 114
93 116
93 119
93 122
93 125
93 126
93 128
93 130
94 95
94 98
94 101
94 103
94 110
94 112
94 113
94 119
94 120
94 124
94 129
95 100
95 101
95 105
95 109
95 111
95 114
95 116
95 117
95 119
95 120
95 122
95 123
95 125
95 126
96 97
96 98
96 101
96 102
96 104
96 105
96 110
96 112
96 118
96 121
96 124
96 125
96 126
96 127
96 129
97 99
97 101
97 103
97 104
97 107
97 112
97 113
97 114
97 115
97 117
97 120
97 124
97 125
98 99
98 102
98 104
98 107
98 110
98 111
98 112
98 114
98 116
98 122
98 126
98 127
98 129
99 101
99 102
99 105
99 109
99 110
99 112
99 114
99 117
99 118
99 125
99 127
99 130
100 101
100 105
100 109
100 112
100 114
100 115
100 118
100 121
100 122
100 124
100 126
101 103
101 104
101 106
101 107
101 108
101 110
101 111
101 112
101 114
101 118
101 119
101 123
101 127
101 130
102 103
102 104
102 105
102 107
102 108
102 109
102 110
102 112
102 113
102 120
102 123
102 125
102 127
102 128
102 129
103 104
103 108
103 109
103 112
103 114
103 118
103 120
103 122
103 124
103 126
103 127
103 129
104 106
104 110
104 116
104 121
104 125
104 128
105 107
105 108
105 114
105 121
105 123
105 125
105 126
105 128
105 129
105 130
106 107
106 111
106 113
106 114
106 115
106 116
106 122
106 125
106 126
106 128
106 129
107 110
107 111
107 113
107 117
107 120
107 127
108 109
108 110
108 116
108 117
108 118
108 119
108 122
108 123
108 129
108 130
109 112
109 114
109 121
109 123
109 125
109 130
110 111
110 114
110 115
110 118
110 122
110 123
110 124
110 125
110 128
111 116
111 117
111 120
111 123
111 124
111 125
111 129
112 116
112 117
112 119
112 120
112 126
112 127
112 130
113 117
113 118
113 119
113 122
113 123
113 125
113 126
113 128
114 116
114 117
114 120
114 122
114 123
114 124
114 126
114 130
115 117
115 118
115 123
115 127
115 128
115 130
116 119
116 123
116 126
116 128
117 121
117 122
117 123
117 126
117 129
118 124
118 125
118 126
119 121
119 123
119 124
119 126
120 121
120 122
120 123
121 124
121 125
121 126
121 127
121 129
122 123
122 128
122 130
123 126
123 129
124 126
124 127
124 128
124 130
125 128
125 129
125 130
126 127
126 130
127 128
129 130
