198 357
36 165
4
3
2
4
1000000
1000000
3
1
3
1000000
1000000
1000000
4
3
1000000
1000000
1000000
1000000
1
1000000
1000000
1000000
1000000
1000000
1000000
1000000
1000000
1000000
1000000
1000000
1000000
1000000
1000000
1000000
1000000
1000000
1000000
1000000
1000000
1000000
1000000
1000000
4
1000000
1000000
1000000
1000000
1000000
2
4
1000000
1000000
1000000
1000000
3
5
5
1000000
1000000
1000000
5
1
4
2
1000000
1000000
2
3
2
2
2
1000000
3
3
3
2
1
4
1
4
1
4
1
1
2
5
3
2
3
4
1
5
4
1
5
5
4
1
1
1
2
3
3
5
1
5
2
1
4
2
5
4
5
1
4
1
5
2
3
3
1
3
3
4
3
2
4
1
1000000
2
5
2
3
1000000
1000000
1000000
2
4
1000000
1000000
1000000
1000000
1000000
3
1000000
1000000
1000000
1000000
1000000
1000000
1000000
1000000
1000000
1000000
1000000
1000000
1000000
1000000
1000000
1000000
1000000
1000000
1000000
1000000
1000000
1000000
1000000
1000000
1000000
1000000
1000000
1000000
1000000
1000000
1000000
1000000
1000000
1000000
1000000
1000000
1000000
1000000
1000000
1000000
1000000
1000000
1000000
1000000
1000000
1000000
1000000
2
4
1000000
1000000
1000000
4
3
1 2
2 3
3 4
4 5
5 6
7 8
8 9
9 10
10 11
11 12
13 14
14 15
15 16
16 17
17 18
19 20
20 21
21 22
22 23
23 24
25 26
26 27
27 28
28 29
29 30
31 32
32 33
33 34
34 35
35 36
37 38
38 39
39 40
40 41
41 42
43 44
44 45
45 46
46 47
47 48
49 50
50 51
51 52
52 53
53 54
55 56
56 57
57 58
58 59
59 60
61 62
62 63
63 64
64 65
65 66
67 68
68 69
69 70
70 71
71 72
73 74
74 75
75 76
76 77
77 78
79 80
80 81
81 82
82 83
83 84
85 86
86 87
87 88
88 89
89 90
91 92
92 93
93 94
94 95
95 96
97 98
98 99
99 100
100 101
101 102
103 104
104 105
105 106
106 107
107 108
109 110
110 111
111 112
112 113
113 114
115 116
116 117
117 118
118 119
119 120
121 122
122 123
123 124
124 125
125 126
127 128
128 129
129 130
130 131
131 132
133 134
134 135
135 136
136 137
137 138
139 140
140 141
141 142
142 143
143 144
145 146
146 147
147 148
148 149
149 150
151 152
152 153
153 154
154 155
155 156
157 158
158 159
159 160
160 161
161 162
163 164
164 165
165 166
166 167
167 168
169 170
170 171
171 172
172 173
173 174
175 176
176 177
177 178
178 179
179 180
181 182
182 183
183 184
184 185
185 186
187 188
188 189
189 190
190 191
191 192
193 194
194 195
195 196
196 197
197 198
1 7
7 13
13 19
19 25
25 31
31 37
37 43
43 49
49 55
55 61
61 67
67 73
73 79
79 85
85 91
91 97
97 103
103 109
109 115
115 121
121 127
127 133
133 139
139 145
145 151
151 157
157 163
163 169
169 175
175 181
181 187
187 193
2 8
8 14
14 20
20 26
26 32
32 38
38 44
44 50
50 56
56 62
62 68
68 74
74 80
80 86
86 92
92 98
98 104
104 110
110 116
116 122
122 128
128 134
134 140
140 146
146 152
152 158
158 164
164 170
170 176
176 182
182 188
188 194
3 9
9 15
15 21
21 27
27 33
33 39
39 45
45 51
51 57
57 63
63 69
69 75
75 81
81 87
87 93
93 99
99 105
105 111
111 117
117 123
123 129
129 135
135 141
141 147
147 153
153 159
159 165
165 171
171 177
177 183
183 189
189 195
4 10
10 16
16 22
22 28
28 34
34 40
40 46
46 52
52 58
58 64
64 70
70 76
76 82
82 88
88 94
94 100
100 106
106 112
112 118
118 124
124 130
130 136
136 142
142 148
148 154
154 160
160 166
166 172
172 178
178 184
184 190
190 196
5 11
11 17
17 23
23 29
29 35
35 41
41 47
47 53
53 59
59 65
65 71
71 77
77 83
83 89
89 95
95 101
101 107
107 113
113 119
119 125
125 131
131 137
137 143
143 149
149 155
155 161
161 167
167 173
173 179
179 185
185 191
191 197
6 12
12 18
18 24
24 30
30 36
36 42
42 48
48 54
54 60
60 66
66 72
72 78
78 84
84 90
90 96
96 102
102 108
108 114
114 120
120 126
126 132
132 138
138 144
144 150
150 156
156 162
162 168
168 174
174 180
180 186
186 192
192 198
