100 171
26 75
1000000
1000000
1000000
3
4
5
3
4
2
1
3
2
3
3
3
5
1
2
2
2
2
5
2
1000000
1000000
1000000
1000000
1000000
1000000
2
3
5
1
1
4
3
3
1
2
1
3
5
5
5
4
2
1
1000000
1000000
1000000
1000000
1000000
1000000
2
3
3
4
5
2
4
1
4
5
3
4
1
5
1
1
5
2
1000000
1000000
1000000
1000000
1000000
1000000
5
3
5
5
4
5
3
3
5
3
2
1
3
3
3
5
1
3
2
5
1000000
1000000
1000000
1 2
2 3
3 4
4 5
5 6
6 7
7 8
8 9
9 10
10 11
11 12
12 13
13 14
14 15
15 16
16 17
17 18
18 19
19 20
20 21
21 22
22 23
23 24
24 25
26 27
27 28
28 29
29 30
30 31
31 32
32 33
33 34
34 35
35 36
36 37
37 38
38 39
39 40
40 41
41 42
42 43
43 44
44 45
45 46
46 47
47 48
48 49
49 50
51 52
52 53
53 54
54 55
55 56
56 57
57 58
58 59
59 60
60 61
61 62
62 63
63 64
64 65
65 66
66 67
67 68
68 69
69 70
70 71
71 72
72 73
73 74
74 75
76 77
77 78
78 79
79 80
80 81
81 82
82 83
83 84
84 85
85 86
86 87
87 88
88 89
89 90
90 91
91 92
92 93
93 94
94 95
95 96
96 97
97 98
98 99
99 100
1 26
26 51
51 76
2 27
27 52
52 77
3 28
28 53
53 78
4 29
29 54
54 79
5 30
30 55
55 80
6 31
31 56
56 81
7 32
32 57
57 82
8 33
33 58
58 83
9 34
34 59
59 84
10 35
35 60
60 85
11 36
36 61
61 86
12 37
37 62
62 87
13 38
38 63
63 88
14 39
39 64
64 89
15 40
40 65
65 90
16 41
41 66
66 91
17 42
42 67
67 92
18 43
43 68
68 93
19 44
44 69
69 94
20 45
45 70
70 95
21 46
46 71
71 96
22 47
47 72
72 97
23 48
48 73
73 98
24 49
49 74
74 99
25 50
50 75
75 100
