200 4315
105 17
1023
23
24
30
28
23
25
28
27
30
1029
33
25
27
1023
1024
8000050
1038
30
34
23
23
1028
31
28
28
26
1031
1035
1025
29
31
28
28
32
27
1026
19
1027
1029
1028
24
25
31
29
23
1030
1029
1034
1030
20
30
32
29
29
30
30
27
23
31
1028
1031
34
25
1025
1031
1028
27
32
27
30
1025
31
25
29
27
27
1031
31
25
1024
1024
1033
1028
25
25
1028
30
1035
25
1031
29
1029
29
24
1026
28
25
31
1031
23
32
24
1025
8000050
1024
31
24
32
1027
34
29
31
1034
31
1031
29
30
29
1031
27
1031
27
32
30
1028
1027
28
29
1028
1028
28
31
1026
33
26
22
31
22
26
32
25
1029
27
26
26
22
1025
1031
24
23
27
26
1027
1031
1027
24
27
27
26
29
33
1025
26
1023
1028
30
27
23
1027
31
26
32
28
27
32
1036
29
1027
28
1027
1034
34
24
32
1025
32
1026
28
36
1026
28
26
32
33
1034
1026
29
23
25
143 191
19 100
85 189
39 151
66 71
23 33
8 169
3 9
140 183
106 108
67 145
53 117
145 150
170 174
65 88
14 194
33 161
19 70
10 31
24 66
32 165
44 147
1 111
14 92
19 163
74 77
20 159
107 175
52 122
7 26
26 143
25 164
165 199
64 185
39 109
88 194
67 188
90 133
20 42
59 200
51 120
31 100
67 151
9 179
54 79
159 166
76 165
87 94
116 170
56 58
90 114
15 154
77 89
105 148
39 134
183 195
102 177
33 67
167 188
102 194
27 134
134 146
5 45
100 172
137 157
60 162
154 162
17 179
32 131
175 197
17 37
53 103
120 169
138 185
24 78
111 196
185 199
120 180
56 197
154 188
19 96
90 188
16 164
58 114
59 182
51 177
112 193
35 66
29 181
44 59
2 82
129 166
4 37
55 116
28 82
82 187
29 132
20 27
60 131
25 144
116 199
43 137
113 155
117 147
47 157
100 159
13 163
40 113
31 177
6 72
101 164
27 51
51 125
23 191
106 195
51 168
145 198
69 169
83 105
41 139
2 160
83 94
79 80
33 87
100 131
113 163
33 195
9 112
36 121
58 188
10 148
9 103
157 190
48 112
62 66
9 126
122 191
170 177
10 62
180 190
15 195
36 102
83 144
4 103
13 192
124 163
20 86
16 52
2 12
52 123
22 79
15 142
161 190
9 199
29 89
156 183
86 123
146 184
6 110
26 29
38 160
5 171
49 180
6 58
24 94
72 162
56 125
103 196
134 165
50 181
13 137
49 184
47 92
35 188
77 180
146 174
42 175
28 62
24 64
134 156
11 147
26 121
150 182
12 175
88 155
94 115
5 175
18 88
66 193
73 119
143 192
88 189
11 98
6 80
149 170
112 140
76 183
12 169
31 125
124 155
25 35
73 132
51 170
13 190
146 193
29 120
28 121
110 157
73 194
149 165
55 99
16 64
85 192
6 56
139 173
46 83
116 134
51 138
78 139
101 104
84 167
12 177
15 122
76 133
49 128
67 138
119 149
34 54
99 108
118 131
86 137
56 200
82 98
18 123
9 97
130 157
31 89
23 131
104 145
24 144
111 163
61 121
7 57
37 55
126 199
65 92
30 68
14 72
39 165
88 124
52 191
25 54
103 138
109 170
57 182
16 161
11 173
23 105
57 167
20 90
77 145
108 121
54 189
58 158
94 166
31 189
22 47
11 138
81 123
74 112
3 86
37 76
150 166
117 191
79 191
157 186
47 85
167 189
83 123
71 179
28 75
182 191
78 159
18 58
172 178
19 115
100 197
39 176
40 182
59 149
40 176
34 135
18 63
66 108
46 174
89 197
75 155
78 140
122 149
116 183
44 99
121 184
32 118
11 74
1 161
40 119
22 53
29 88
3 157
132 149
112 143
173 199
86 158
129 196
64 190
110 158
138 157
48 78
38 172
92 146
52 128
120 195
43 111
144 154
20 91
41 44
116 119
54 121
68 112
134 154
162 194
18 56
52 154
66 105
152 187
70 134
43 147
79 192
94 168
131 143
20 146
102 181
59 166
55 57
168 182
10 19
112 116
50 140
144 189
104 141
73 92
4 200
91 171
93 174
7 125
42 120
44 128
95 123
45 179
58 99
170 172
30 57
32 154
13 55
101 146
86 91
48 106
163 182
178 192
87 92
125 138
25 169
71 109
41 190
80 166
163 179
97 196
64 199
30 182
4 167
39 164
91 154
8 99
99 101
73 97
84 178
23 108
133 183
141 192
79 142
187 190
17 66
104 136
92 175
25 142
4 25
56 173
25 40
115 131
98 198
53 192
98 181
15 51
124 130
182 184
50 59
57 70
25 186
10 175
57 74
20 175
114 158
142 175
75 181
77 93
25 150
91 174
45 109
36 104
34 115
163 167
71 141
96 190
70 112
67 92
58 84
133 143
72 76
53 171
83 181
58 144
135 199
18 178
127 186
107 187
20 60
171 177
77 112
23 115
1 125
33 170
114 128
23 171
65 156
8 46
121 127
11 105
6 178
60 118
22 67
25 199
42 121
61 146
71 124
129 143
25 50
122 147
63 149
112 198
62 127
30 157
92 171
101 182
173 174
26 139
105 131
49 166
49 193
4 63
99 139
77 87
40 189
178 182
56 59
78 92
32 71
70 152
68 175
55 170
19 117
4 106
82 124
68 147
34 56
12 102
33 151
10 166
20 178
1 166
7 53
106 183
109 129
98 158
19 65
28 136
1 67
12 84
73 94
85 129
29 79
116 166
44 77
27 96
14 94
4 77
79 125
37 113
11 178
14 71
83 142
88 176
56 136
48 75
155 185
53 54
58 110
60 63
25 161
143 152
19 75
40 148
28 97
5 101
40 47
10 124
45 184
60 148
23 111
26 62
127 194
109 138
13 34
6 87
43 75
79 97
35 181
30 119
166 169
80 197
71 81
137 194
71 76
137 153
37 160
104 137
65 78
129 183
32 56
94 147
78 168
67 115
113 127
32 53
2 117
111 195
26 68
99 186
136 159
60 182
144 179
49 105
25 184
135 150
113 182
46 161
15 87
50 155
34 41
33 97
47 188
73 106
69 87
74 156
127 129
20 72
89 95
149 154
102 174
126 144
6 98
118 148
9 151
63 76
130 132
107 174
94 177
77 106
44 110
7 95
5 46
84 146
44 72
83 191
43 135
9 60
69 70
36 128
34 76
106 196
152 196
55 177
53 148
72 120
172 193
32 78
47 172
15 102
22 197
62 185
41 162
59 143
39 163
46 155
20 94
57 168
62 111
63 128
14 15
91 196
83 88
22 70
108 112
188 189
121 195
166 188
29 43
2 39
43 195
181 190
83 126
30 188
132 179
38 82
48 52
127 193
31 73
111 171
17 30
131 181
12 138
49 87
116 191
15 95
181 194
116 167
105 163
6 175
109 190
27 180
173 194
116 176
14 191
137 138
82 163
60 138
33 42
79 150
105 149
40 163
17 40
3 161
42 77
49 141
28 153
97 171
80 171
11 193
45 136
82 92
10 90
126 187
32 111
131 144
96 176
49 120
69 157
131 169
44 89
127 192
69 85
62 88
130 182
62 187
2 115
90 144
47 169
109 119
28 70
70 173
21 36
18 192
75 199
100 178
2 114
166 175
116 135
19 29
83 152
5 77
173 187
19 179
37 185
4 45
95 115
91 198
12 131
25 47
5 18
92 135
109 114
132 193
152 162
21 41
26 71
49 99
109 117
109 132
17 156
23 84
66 111
14 91
141 174
9 187
116 182
71 90
142 200
12 95
90 145
51 55
45 56
61 167
139 181
40 46
8 189
34 40
87 127
101 120
7 8
125 143
109 191
18 92
60 107
36 109
119 151
104 148
90 126
67 144
15 76
26 199
124 157
79 160
8 79
48 197
2 165
62 63
125 150
68 85
12 120
2 76
82 143
93 133
88 132
17 165
5 31
36 183
80 106
16 178
131 194
37 81
78 127
121 148
61 152
15 112
22 60
80 185
128 139
10 111
25 36
136 167
103 169
121 165
133 179
30 82
66 124
154 168
159 177
179 192
116 189
35 195
77 91
65 179
16 120
30 79
73 75
45 148
42 58
4 184
137 152
112 154
48 170
77 141
99 155
47 171
156 197
145 152
8 197
7 182
115 161
46 70
62 186
58 176
5 119
100 101
53 162
156 196
75 92
24 188
90 179
22 191
102 193
61 186
67 70
73 186
9 96
45 71
9 61
42 169
98 193
104 149
38 135
93 150
61 158
155 193
101 175
3 176
44 49
44 50
18 173
8 56
117 133
4 31
133 170
152 191
15 55
97 151
40 96
14 144
136 140
42 89
113 157
43 153
114 195
61 163
101 134
44 155
21 190
11 154
65 194
16 35
69 119
82 106
80 196
50 105
53 177
143 149
11 21
3 150
194 197
23 72
66 174
10 125
28 73
107 124
164 178
82 156
82 188
96 150
2 99
50 114
10 56
12 109
17 62
46 178
5 70
35 183
11 23
79 165
13 174
15 17
96 125
68 109
37 57
20 62
31 170
19 66
100 185
96 181
91 199
94 148
171 191
48 196
23 99
116 117
156 184
125 149
84 162
13 123
4 35
54 61
31 127
5 50
91 162
58 59
43 57
89 186
124 175
40 50
140 177
11 195
21 83
81 144
32 195
33 44
45 63
49 197
81 138
45 95
18 75
24 195
88 133
150 156
41 155
163 166
52 92
44 103
111 142
163 175
10 133
33 162
26 135
23 190
118 200
5 188
8 159
118 171
58 131
140 153
34 119
118 119
13 115
60 180
60 174
27 52
87 185
57 101
24 83
44 152
118 132
131 197
46 180
99 142
95 96
113 131
158 185
66 185
79 117
127 173
59 77
130 183
19 121
82 198
50 76
86 173
119 159
23 145
1 77
87 93
63 118
10 78
117 139
56 61
145 167
60 146
52 152
125 168
35 128
71 119
6 144
66 103
51 102
141 180
119 134
46 56
13 153
83 127
5 100
141 188
87 173
32 120
122 144
30 89
158 194
62 150
17 163
39 168
7 50
52 56
95 124
89 175
8 97
40 52
11 18
18 141
84 85
19 54
142 199
27 77
86 124
21 185
5 117
48 76
48 80
75 95
31 193
37 148
40 86
48 100
47 88
104 143
50 53
91 123
106 184
62 92
21 56
117 155
7 80
15 43
11 58
4 115
39 78
65 170
2 13
45 196
131 196
67 194
76 186
78 105
37 121
32 83
82 87
121 161
154 197
99 191
70 149
86 175
9 32
62 169
172 177
158 163
4 187
28 179
54 63
31 176
89 101
105 166
28 105
77 128
64 162
27 44
27 114
99 134
34 200
24 150
120 144
93 199
89 195
17 48
20 23
13 62
117 129
83 137
59 117
10 178
18 49
98 111
42 123
44 92
73 95
61 151
127 171
55 161
20 180
113 192
89 112
40 168
58 125
120 126
63 189
73 130
98 142
78 184
24 156
57 176
71 99
43 183
84 156
31 95
111 180
76 111
30 199
65 86
48 128
58 186
150 153
26 190
33 124
66 86
19 147
71 107
14 24
45 185
54 179
113 149
20 171
6 146
30 170
7 127
167 168
5 158
115 123
85 109
99 195
115 196
46 87
39 68
51 178
18 151
62 102
141 169
89 100
43 187
63 73
117 160
98 150
84 107
27 65
60 98
67 86
5 194
9 46
53 112
34 93
30 141
30 46
35 187
26 122
90 140
82 101
27 70
25 77
36 160
103 130
161 191
187 189
129 189
42 86
131 171
95 119
143 148
14 175
23 158
139 162
63 183
95 126
85 199
151 183
45 118
140 196
24 31
35 97
42 170
64 132
99 135
71 198
18 132
55 81
136 198
62 128
3 134
48 140
135 200
54 187
7 137
18 130
116 125
10 18
82 176
57 64
115 149
20 190
23 147
29 119
105 122
63 102
5 162
41 79
56 195
117 162
14 62
75 125
74 145
122 145
8 112
22 103
113 166
13 158
51 167
90 119
50 139
69 159
64 176
102 176
3 47
16 192
82 193
53 155
2 54
54 127
17 29
139 156
34 83
94 195
68 159
102 107
116 194
52 101
118 146
136 144
43 160
28 107
8 16
25 34
11 79
70 125
45 169
2 25
113 116
66 92
13 177
89 172
19 93
76 87
96 115
54 142
23 56
152 175
20 47
178 200
15 178
80 148
90 195
79 176
15 132
52 184
92 148
5 130
103 112
69 128
47 65
158 175
14 81
83 154
14 73
11 52
57 121
134 139
146 172
75 177
7 54
4 130
51 92
8 107
54 74
102 171
62 70
141 146
128 150
90 94
80 180
153 158
149 186
59 83
66 128
32 35
144 160
11 42
134 157
15 27
44 144
44 106
17 182
84 194
28 151
21 193
11 124
12 92
47 60
32 106
97 102
100 118
76 153
106 177
55 199
82 134
33 121
136 193
167 193
108 170
103 159
95 190
32 147
85 130
128 132
162 189
128 156
22 136
131 141
81 113
56 164
59 148
12 188
57 87
34 165
12 18
97 153
58 148
39 66
55 191
33 48
56 145
31 130
54 151
97 177
44 176
103 133
14 89
43 174
12 96
112 172
12 79
37 118
115 169
48 96
23 52
50 73
10 153
96 173
93 197
91 107
140 149
22 94
52 120
57 100
8 187
165 175
59 75
12 190
47 170
38 62
67 139
85 146
80 122
80 86
28 64
177 188
28 166
50 61
48 90
22 163
76 199
120 174
95 169
29 173
195 197
130 162
94 199
32 46
92 137
27 195
13 60
13 38
44 182
33 88
12 145
87 137
42 46
108 115
6 26
42 95
138 200
136 183
24 46
92 103
63 157
10 152
137 184
101 121
115 143
5 13
6 109
39 147
97 170
85 101
141 200
71 115
176 185
55 114
28 53
82 111
6 28
56 166
133 142
61 75
76 80
60 135
40 71
57 119
44 57
158 190
97 193
114 200
21 143
136 195
106 162
99 185
54 144
151 156
62 140
89 200
59 154
132 183
76 185
83 113
66 138
129 194
84 181
21 63
90 187
117 128
48 161
93 158
99 198
37 68
9 48
70 176
89 105
32 108
20 179
117 186
126 164
51 188
21 164
97 113
93 108
156 161
129 149
145 187
118 138
75 94
174 191
18 29
21 191
3 151
77 171
15 68
16 173
36 169
20 84
83 133
2 92
27 192
79 188
69 78
129 151
30 114
89 147
33 146
133 159
58 196
44 140
20 153
57 104
27 200
88 153
22 85
28 120
106 123
45 155
37 150
39 171
21 135
87 132
75 114
67 129
79 113
8 104
54 55
38 176
71 125
4 164
9 113
149 189
23 122
96 169
142 181
86 188
7 16
1 122
47 190
35 193
52 118
79 103
47 193
28 49
70 86
147 155
56 157
89 116
148 188
11 161
141 199
135 141
26 52
182 194
126 138
69 171
39 114
49 147
2 116
122 189
139 176
111 115
50 95
24 162
127 170
91 120
40 109
105 143
21 165
65 144
151 155
117 182
54 198
25 112
78 174
37 158
66 181
142 187
44 121
128 183
47 173
107 117
25 89
32 144
104 189
61 134
56 109
22 155
12 160
105 130
85 194
74 125
22 99
17 100
44 193
104 106
152 198
94 96
154 193
37 151
34 162
44 149
185 195
35 198
107 200
6 141
4 124
11 26
5 36
3 50
86 108
160 166
8 182
47 147
19 111
66 91
64 65
75 197
38 79
88 172
39 139
25 138
67 149
8 143
61 91
20 64
89 91
132 142
61 111
68 114
3 19
186 195
51 94
16 17
187 191
95 130
36 100
23 163
80 174
121 138
57 110
122 188
88 145
132 172
73 175
46 84
23 98
73 167
72 178
44 117
61 92
7 69
50 54
58 112
53 65
26 99
111 192
93 104
34 174
99 122
121 179
111 114
113 156
162 179
48 194
123 149
18 95
43 171
190 194
28 89
8 155
55 158
56 72
42 64
100 139
14 20
102 178
67 168
40 162
30 100
11 87
89 176
80 168
164 184
14 185
135 173
5 124
165 166
8 141
48 107
133 190
77 187
6 107
68 168
3 13
37 178
72 179
63 114
94 113
59 107
54 130
172 196
13 178
69 111
61 98
60 190
50 162
33 172
114 188
51 158
130 177
124 144
155 176
12 26
92 192
168 171
35 116
99 113
156 187
16 51
8 106
28 91
17 134
129 145
102 159
113 189
62 79
49 59
6 40
13 173
47 158
87 157
65 167
19 128
74 89
117 170
185 188
16 67
75 186
106 128
51 107
82 168
150 190
75 194
140 180
55 106
28 119
16 53
168 188
69 135
52 130
38 184
22 35
32 72
176 181
106 129
4 89
68 127
91 106
180 185
96 108
32 160
12 117
127 197
67 135
13 99
3 109
108 167
57 75
64 187
74 137
22 181
57 103
67 174
116 200
100 113
172 176
152 167
24 120
44 139
42 76
84 115
93 179
33 140
18 78
3 57
38 45
27 136
39 193
145 190
32 159
43 134
94 100
63 135
124 169
36 150
110 144
57 92
75 99
102 138
44 84
47 152
42 119
19 132
70 80
99 138
93 100
68 141
37 123
3 24
6 60
6 93
34 96
53 92
82 179
20 66
6 181
25 196
87 138
148 175
166 198
33 35
30 62
4 192
45 142
58 142
172 198
112 165
4 56
5 161
14 86
63 173
44 197
40 85
19 27
14 190
104 153
52 63
32 103
11 190
23 118
85 155
74 172
86 149
34 81
45 150
42 171
70 130
91 160
40 74
27 197
94 193
65 193
144 196
135 189
89 136
86 129
15 118
117 193
89 183
63 87
17 154
160 168
68 134
92 186
133 149
81 194
133 195
24 175
2 187
101 149
38 128
123 183
71 86
41 154
13 35
21 95
116 192
70 166
28 37
26 127
70 160
90 134
74 118
99 136
57 62
30 118
30 103
15 101
109 160
66 78
25 185
174 179
68 186
45 178
98 173
71 154
18 64
52 66
1 169
144 162
78 102
92 94
25 32
82 116
110 137
90 135
85 147
77 159
130 148
95 137
115 122
160 194
49 138
17 93
40 169
29 49
66 132
119 124
88 129
85 121
73 111
86 183
7 157
17 170
37 53
93 189
5 54
5 24
157 166
163 165
32 93
100 121
97 168
58 75
7 156
134 194
87 152
35 73
12 57
103 145
109 187
90 101
14 25
26 102
12 63
81 158
21 29
74 163
58 63
23 129
20 182
131 155
18 84
15 134
34 59
10 199
81 140
59 135
2 59
72 173
57 120
51 98
76 128
19 83
89 114
133 152
133 175
22 71
67 164
68 104
61 187
176 195
29 94
153 189
72 85
37 159
53 89
30 175
24 183
11 145
28 170
85 178
31 116
109 162
104 146
61 139
32 39
46 186
102 147
36 130
22 37
114 131
46 191
26 195
28 68
27 46
76 86
84 175
29 73
133 144
87 197
55 141
118 180
39 98
21 200
62 177
23 116
98 175
84 155
7 194
91 97
143 167
27 88
70 73
30 179
37 58
30 152
112 138
43 119
25 119
174 189
114 167
60 120
69 113
19 84
63 178
69 100
2 128
9 110
186 190
80 114
52 64
15 99
2 26
124 170
60 128
174 199
73 120
126 128
39 65
53 152
31 42
64 144
51 122
6 35
39 150
136 178
35 115
11 60
63 167
141 159
144 181
74 164
136 185
10 163
58 91
59 114
102 135
10 177
14 23
31 169
10 142
60 134
72 132
74 88
156 164
102 117
89 133
118 134
10 58
111 119
31 162
21 132
29 55
49 163
50 196
24 169
14 128
1 3
115 135
116 195
60 187
84 90
5 123
123 195
18 46
21 74
97 173
146 192
155 175
22 170
59 196
10 48
44 114
94 121
69 146
185 196
77 151
115 154
90 97
5 51
14 63
30 71
164 174
66 183
4 168
48 68
115 125
47 119
176 197
124 182
184 196
55 83
148 177
133 182
164 183
44 167
167 199
121 178
33 37
131 175
41 50
47 146
36 67
75 83
32 125
41 150
60 108
64 79
92 139
112 169
55 160
155 177
78 192
71 74
164 172
49 97
34 113
122 140
172 181
116 133
16 200
122 156
7 176
96 106
36 107
119 152
142 192
157 195
10 158
116 153
19 184
73 103
30 106
62 161
112 185
29 137
49 159
2 7
20 24
33 118
17 65
40 194
60 200
26 116
88 125
88 165
61 68
23 100
79 118
29 66
49 107
36 164
138 174
63 84
36 189
52 97
107 144
107 177
14 161
1 83
27 50
169 184
14 170
126 152
103 174
23 68
16 139
129 162
52 147
25 110
37 136
36 188
22 110
36 141
73 199
133 148
95 155
35 113
94 116
172 179
6 83
104 112
43 71
154 174
19 155
78 118
171 186
110 114
74 196
159 187
151 192
15 155
189 195
97 174
42 56
76 178
20 130
88 93
78 138
123 190
1 184
69 89
23 29
40 152
91 127
6 161
84 112
25 100
29 144
57 172
53 57
140 195
10 13
17 67
28 67
151 175
45 138
137 196
87 148
23 64
24 151
132 199
41 57
35 119
68 198
157 189
118 164
56 114
72 89
71 110
124 145
131 191
50 198
65 140
4 84
117 174
93 171
88 159
43 76
122 192
54 175
78 150
41 75
67 195
92 177
166 199
71 180
38 70
49 188
32 88
59 170
50 149
37 146
98 155
43 184
12 20
79 136
33 75
51 129
107 142
10 69
108 117
3 101
49 158
49 76
57 174
24 140
53 157
76 124
7 114
16 166
7 116
22 185
63 91
24 171
36 66
1 118
35 125
95 163
106 187
17 104
28 114
180 196
1 181
79 129
25 55
176 180
44 169
113 181
125 140
123 199
21 198
20 93
10 130
92 162
111 153
48 63
28 171
83 192
161 175
46 140
56 176
61 119
5 141
128 172
48 65
17 114
52 150
22 187
21 118
1 18
4 10
188 195
4 90
14 33
60 85
45 116
30 131
111 130
72 90
86 150
23 162
94 167
118 144
108 148
99 120
14 163
10 144
27 171
23 143
3 82
78 164
70 124
40 51
128 199
1 56
71 123
15 65
29 57
119 182
49 190
20 111
40 54
65 129
8 132
14 38
161 167
56 75
24 193
111 134
19 79
60 117
171 196
170 182
170 183
4 120
58 70
3 135
51 96
114 165
18 163
60 181
3 182
16 27
38 183
18 158
68 87
20 157
76 95
35 61
52 115
5 153
16 174
183 197
183 199
26 110
152 153
54 73
148 163
157 181
30 38
155 166
21 160
58 136
84 145
95 109
62 124
35 83
93 123
132 160
78 199
62 103
50 137
45 162
43 198
94 138
68 72
184 188
75 142
100 153
78 196
47 184
38 147
165 168
21 176
91 143
107 145
8 196
47 151
49 58
134 166
133 166
89 135
74 179
12 191
42 97
15 79
12 110
127 128
40 125
97 169
31 143
120 136
91 177
11 41
83 197
121 169
50 197
39 135
93 122
53 188
111 191
9 56
33 156
122 123
120 200
38 71
60 73
115 197
32 133
70 170
34 60
53 55
21 126
49 198
9 124
46 102
34 140
115 119
192 193
64 172
94 127
100 148
102 196
154 165
29 62
101 126
68 97
6 168
17 39
124 183
28 31
155 188
19 194
126 160
112 134
116 137
10 71
96 141
123 173
149 178
43 176
88 188
20 186
1 198
60 93
34 51
28 88
156 189
160 181
155 160
78 149
10 191
63 124
12 53
94 183
67 162
69 160
8 158
126 171
119 131
14 135
83 172
65 149
25 126
156 200
23 69
49 65
111 190
74 107
69 79
142 171
50 64
73 151
14 173
57 88
30 138
4 174
43 78
100 149
18 135
69 92
84 154
5 57
139 172
60 163
52 169
107 133
89 151
100 194
1 72
79 139
31 114
86 117
117 198
124 143
129 156
88 200
16 193
86 148
4 190
31 168
83 179
30 195
14 143
173 197
31 192
154 171
131 200
30 45
89 117
63 77
115 150
17 197
92 141
119 196
64 90
45 83
94 112
8 11
78 108
36 75
30 190
130 185
57 76
100 195
99 196
129 173
96 152
8 181
41 170
49 103
120 135
49 104
29 37
83 136
2 123
84 108
5 68
45 88
122 134
162 191
76 123
112 139
90 196
17 196
99 183
143 188
79 164
63 75
29 189
6 173
10 126
48 154
102 168
10 114
53 79
115 151
72 105
6 71
27 145
4 24
50 146
40 89
134 189
116 158
77 124
66 187
9 127
109 194
23 35
2 74
50 127
10 83
42 49
27 169
114 185
13 68
31 182
36 132
37 179
7 56
64 163
116 185
46 116
22 27
146 199
31 180
32 87
129 131
73 93
79 126
24 127
46 62
193 194
53 94
82 157
129 179
6 16
82 104
34 55
39 110
142 167
39 194
78 187
44 165
49 80
34 52
88 92
54 85
130 159
69 107
80 177
33 71
43 80
86 107
56 180
103 119
96 184
2 62
1 114
17 28
126 145
29 59
3 115
70 159
29 177
9 50
46 163
12 108
31 68
4 28
51 53
114 150
1 190
20 123
147 158
26 153
1 180
35 37
7 68
11 168
49 142
84 105
66 76
62 104
63 180
181 182
85 150
20 187
68 194
58 149
27 111
53 71
37 135
106 132
120 171
31 200
94 125
46 183
97 117
150 198
17 91
149 181
80 141
93 185
30 43
123 197
135 149
88 115
130 154
135 152
69 114
67 157
162 174
162 177
76 136
6 114
100 192
4 11
111 122
84 144
27 186
75 193
13 75
35 199
1 109
162 198
20 45
100 183
79 133
171 173
80 167
22 124
116 161
12 135
122 153
166 180
4 61
14 182
65 93
44 135
56 57
83 109
71 78
19 36
1 78
16 148
10 139
142 151
105 191
70 109
45 200
34 171
40 123
121 149
122 154
50 118
62 74
157 162
13 33
133 181
9 19
32 188
58 199
123 158
26 91
1 69
126 190
4 54
139 192
11 192
93 184
40 82
13 32
18 110
60 111
80 189
18 191
18 138
21 100
54 169
85 126
66 100
12 47
32 180
14 49
94 161
36 151
13 64
41 160
19 46
176 194
29 185
52 192
61 200
40 132
24 45
21 137
10 108
17 81
122 172
104 176
67 99
194 195
8 144
93 124
31 69
50 65
8 80
48 124
91 93
33 60
43 172
55 164
63 160
19 109
18 108
57 155
8 61
20 160
131 145
107 180
73 133
13 138
63 130
72 124
11 104
30 183
14 66
98 200
31 99
26 171
27 110
35 171
46 76
171 189
113 122
54 195
60 197
106 140
55 108
32 199
152 179
16 115
58 123
129 160
22 91
50 60
32 150
20 40
23 192
12 168
64 175
3 166
61 130
190 196
152 186
92 155
78 99
17 116
81 173
65 72
6 96
95 167
130 167
161 197
69 83
68 102
88 128
45 123
128 155
82 160
162 199
118 141
10 171
148 198
83 155
7 198
132 147
72 165
142 165
97 191
18 72
9 69
10 180
31 194
98 159
112 123
106 155
86 103
90 122
116 177
99 133
94 164
169 172
89 124
12 123
127 198
72 110
82 147
5 126
9 134
100 129
18 97
50 144
103 132
35 104
21 169
120 167
4 74
42 83
1 142
39 160
2 67
165 182
159 191
108 168
99 125
77 191
63 170
140 156
185 194
101 116
103 108
190 195
97 160
183 190
83 153
124 185
100 189
9 76
115 137
77 147
86 145
98 180
22 112
107 151
166 168
31 136
134 160
110 140
82 108
44 98
72 84
110 118
117 161
35 60
100 161
20 164
27 137
143 156
85 112
38 107
143 145
55 128
27 32
2 31
3 77
59 189
68 69
29 109
13 102
109 150
83 139
12 67
87 105
130 145
36 185
109 137
30 95
27 164
85 174
76 104
131 164
6 160
6 79
49 164
29 146
30 77
121 154
159 195
19 187
88 113
52 198
79 177
163 191
102 140
52 111
87 116
163 183
73 131
45 120
80 140
59 167
59 174
66 155
46 118
9 132
22 179
65 101
141 170
33 159
85 190
15 180
71 160
23 172
18 117
118 154
76 81
12 112
60 196
2 84
26 120
47 109
143 147
13 164
82 149
154 155
41 116
80 111
41 195
130 197
108 176
176 183
64 118
35 177
5 198
10 151
115 189
47 179
157 172
43 99
5 34
80 144
2 56
85 102
37 77
29 54
101 122
159 173
127 182
44 129
178 188
70 106
48 99
18 105
114 127
14 34
53 153
31 190
177 195
8 14
108 131
145 194
1 196
19 25
3 34
121 166
9 74
103 157
183 200
148 149
39 61
83 175
159 194
127 169
4 50
20 158
87 166
55 143
2 110
84 87
50 168
32 95
120 155
95 159
34 185
73 102
111 159
27 184
45 53
7 87
25 98
33 200
61 133
125 185
21 84
119 185
70 88
1 57
73 189
88 163
19 77
22 135
108 162
40 141
47 177
28 198
150 188
51 163
141 147
84 170
32 126
105 188
71 113
71 167
126 182
91 192
5 65
178 193
102 122
74 119
103 147
81 189
33 145
86 111
115 160
5 66
97 166
91 92
49 66
34 143
175 189
148 159
185 187
78 198
102 133
82 192
4 125
98 177
13 183
155 186
64 177
29 108
48 89
106 173
29 179
111 162
120 154
2 147
32 176
160 191
71 133
24 65
61 125
135 180
177 196
81 175
74 117
72 128
82 105
7 41
26 172
55 70
141 166
22 42
32 107
153 154
23 117
83 98
90 173
131 173
65 111
7 25
56 185
65 166
7 132
58 122
33 154
102 155
18 194
133 160
117 136
116 171
41 129
13 196
73 168
83 177
4 62
69 158
110 187
61 129
128 145
33 185
124 149
31 44
17 177
112 178
6 171
109 154
25 141
87 134
42 98
16 47
61 106
27 108
88 131
8 195
16 61
24 26
157 161
74 187
84 195
113 186
18 107
104 107
78 107
50 136
165 169
40 53
92 138
39 111
4 19
3 22
48 70
6 177
61 79
74 176
152 189
119 147
112 120
29 170
41 151
33 184
85 141
55 188
30 33
41 95
113 141
177 190
58 185
158 168
38 96
18 55
1 84
96 139
172 190
77 150
74 141
47 59
29 171
24 80
40 69
191 192
59 193
91 168
164 186
9 107
52 124
63 64
72 182
107 119
53 151
121 194
110 189
38 86
99 117
52 182
120 188
20 140
96 118
32 181
50 175
151 194
45 188
6 73
23 97
110 124
100 116
39 53
37 66
21 178
71 152
117 121
101 142
61 159
167 191
34 106
55 178
105 126
113 143
118 194
136 196
42 152
143 174
102 180
27 182
80 133
57 118
146 176
19 176
101 124
55 148
11 49
35 126
9 182
180 182
126 158
12 125
7 143
72 154
63 94
80 88
152 177
12 44
120 168
53 66
41 105
71 103
106 121
50 115
152 169
138 179
125 130
88 117
17 89
172 192
121 182
8 73
13 108
137 146
31 145
25 28
36 96
63 88
36 50
78 200
85 188
28 124
191 199
65 125
26 182
72 180
160 198
57 134
12 114
52 193
182 187
72 113
92 158
66 192
165 185
48 190
91 197
35 91
42 85
25 27
77 176
63 140
57 163
55 87
69 149
10 120
8 116
94 131
34 145
49 57
78 144
78 188
81 191
131 165
55 100
15 33
8 124
113 179
27 73
57 165
58 171
47 131
71 146
152 163
42 100
64 107
148 196
36 37
82 125
153 200
76 192
33 46
67 71
98 167
77 162
70 175
23 159
9 129
91 98
2 146
64 153
97 130
11 133
8 200
36 59
69 115
18 152
39 100
24 47
43 161
19 22
65 164
153 193
50 81
11 28
125 162
126 142
34 193
12 157
153 181
58 118
45 82
198 200
105 181
20 113
11 184
104 114
91 161
10 96
82 159
137 195
68 181
99 184
48 66
77 196
99 173
35 153
15 53
47 142
97 126
35 67
11 167
47 84
66 115
12 73
168 191
74 100
125 127
112 127
48 155
50 78
5 89
19 156
61 147
59 123
59 72
53 194
90 168
71 196
57 185
35 200
109 141
150 176
55 163
7 12
71 158
56 181
66 87
9 156
119 187
1 162
25 83
135 198
12 32
21 133
57 84
117 130
60 68
17 148
43 144
102 158
110 169
41 161
61 145
36 149
10 128
93 140
45 75
36 197
34 184
95 150
125 198
149 195
182 197
165 194
45 47
1 120
91 157
28 189
54 95
80 152
129 159
5 59
10 73
74 93
41 134
35 194
156 198
55 124
133 192
1 105
49 177
81 105
21 92
81 98
64 77
97 109
4 98
126 147
153 176
61 87
1 23
58 147
5 67
160 193
58 166
69 126
58 66
39 152
60 192
18 147
97 118
48 200
26 103
34 164
18 146
176 177
13 128
41 118
42 146
30 115
121 128
120 161
127 141
101 117
11 100
8 13
8 178
72 143
123 193
64 84
32 155
75 108
30 36
44 148
91 114
48 185
90 104
3 162
43 122
81 190
36 166
8 180
54 154
98 174
47 121
60 144
14 109
109 125
154 164
61 188
67 196
155 173
97 135
47 108
138 195
115 116
49 200
89 190
124 141
141 183
24 139
112 151
162 175
121 130
34 178
28 63
19 172
72 190
37 137
112 130
63 156
8 133
173 180
24 67
128 179
136 173
44 93
3 165
134 168
129 141
146 161
104 124
189 192
8 100
25 64
88 126
96 187
21 111
83 131
110 173
34 89
82 137
169 188
78 156
49 182
7 190
34 188
48 159
89 161
82 165
53 118
20 172
3 163
5 150
84 88
39 74
62 183
29 129
131 195
159 178
168 177
21 112
147 180
141 189
27 84
28 165
63 86
23 94
114 126
7 129
78 182
110 164
7 185
175 183
74 140
54 66
74 123
120 140
40 62
101 102
48 83
119 140
39 185
52 199
77 103
160 177
99 132
48 55
90 171
146 159
47 104
39 128
96 105
21 31
122 146
64 200
11 132
144 180
67 183
7 24
54 170
123 143
2 61
29 134
125 131
173 186
74 147
99 170
82 185
94 200
174 196
40 172
105 110
133 156
92 107
138 161
87 195
44 107
53 84
43 199
5 16
52 80
52 167
128 133
33 84
88 152
172 182
33 139
81 90
29 140
138 144
111 179
48 87
5 25
79 122
73 81
109 145
90 158
87 187
90 167
155 162
9 176
150 197
9 136
13 135
11 70
12 121
135 178
150 168
24 132
1 54
46 165
29 142
24 182
49 69
143 154
3 154
102 198
13 20
53 122
33 103
69 148
3 83
84 111
37 92
17 143
12 71
56 154
96 142
3 40
31 67
96 97
78 178
73 134
89 97
54 60
41 123
26 130
62 69
105 127
53 110
110 170
109 156
2 151
66 177
114 197
9 41
165 170
31 173
77 81
176 186
7 118
70 108
37 86
105 106
119 120
39 145
71 118
25 29
35 72
154 160
18 59
95 103
112 174
94 174
79 141
40 117
132 138
95 138
47 105
18 81
12 40
164 187
26 157
25 56
159 189
153 191
41 63
75 164
107 186
23 119
46 79
5 79
69 118
66 84
100 126
4 42
125 196
94 120
107 192
22 52
29 153
89 115
13 156
104 155
49 145
6 195
89 107
19 74
32 146
21 162
97 157
66 199
14 27
20 46
22 171
84 139
85 122
84 150
120 152
20 167
51 97
89 177
11 129
29 47
102 136
7 183
45 58
1 62
119 148
2 112
33 69
86 115
19 138
135 144
24 157
19 190
106 141
25 168
192 196
85 114
96 155
152 159
6 115
64 69
12 65
143 173
101 107
85 118
52 102
21 103
69 96
70 156
58 174
145 168
87 101
138 159
133 161
96 113
19 182
137 147
35 79
128 151
86 151
43 117
22 59
60 110
6 31
19 91
60 66
111 137
56 107
137 183
49 134
30 177
94 165
37 145
19 48
157 158
39 112
62 162
67 141
23 27
9 115
79 148
63 80
125 129
145 160
166 193
85 196
78 106
95 165
99 174
109 176
40 174
10 49
33 166
116 129
2 135
178 194
29 38
77 195
15 183
79 81
47 112
18 91
89 129
123 147
91 115
37 162
141 165
56 188
34 74
50 133
36 39
122 133
24 50
97 180
53 187
79 138
75 150
10 113
130 146
162 176
45 176
142 177
27 138
58 97
163 186
88 96
94 110
46 99
40 60
76 90
9 71
120 143
62 144
97 156
26 119
122 161
86 90
11 115
100 123
172 175
105 186
159 197
33 93
34 46
39 72
103 116
18 127
25 73
10 50
26 93
68 154
109 175
28 110
3 18
61 85
53 128
87 126
149 151
110 123
159 185
91 156
93 130
3 119
52 54
122 177
154 178
104 122
58 121
28 65
98 137
39 77
184 185
119 197
35 121
134 141
78 180
9 23
63 139
36 55
54 186
114 172
114 193
130 134
122 166
122 175
86 121
15 71
2 104
72 80
13 37
110 117
66 167
111 128
18 23
59 89
59 69
37 93
183 196
60 90
139 179
120 181
51 119
29 44
79 180
7 153
98 195
175 194
42 164
177 187
26 134
65 146
96 166
44 179
28 66
23 114
9 163
72 95
24 86
44 172
15 54
39 182
49 167
37 174
16 176
30 56
34 126
57 61
139 149
116 188
117 142
8 138
34 66
54 157
135 159
117 158
11 125
116 173
27 58
29 75
9 42
44 53
65 82
15 96
87 107
11 140
38 122
49 86
103 150
39 70
24 167
16 153
45 52
21 60
171 181
70 93
45 103
33 40
34 180
98 119
27 119
30 173
28 138
177 193
70 75
65 158
27 101
149 180
50 179
70 98
38 75
81 93
42 72
34 64
19 170
50 191
161 173
23 194
76 191
131 174
74 110
56 153
102 166
94 198
67 107
157 167
107 161
143 177
67 124
128 168
41 152
14 100
18 154
82 126
113 117
29 161
18 45
5 107
51 189
3 192
174 180
85 171
95 102
68 122
66 137
49 161
138 155
93 96
20 169
138 181
41 53
48 127
129 154
11 182
120 133
33 116
34 35
27 59
102 141
126 183
24 35
43 61
67 118
5 173
55 168
36 180
101 112
23 74
65 147
32 110
53 132
5 155
114 130
91 128
81 183
84 86
77 173
32 178
51 162
85 145
21 174
11 174
105 120
43 54
140 161
15 171
61 117
124 152
85 198
135 171
12 36
34 127
9 40
16 135
5 164
11 194
68 179
22 133
20 49
11 81
80 135
19 21
146 181
14 114
118 123
31 90
142 185
136 170
50 113
16 119
90 139
114 187
138 167
121 146
60 165
33 39
4 51
90 160
27 183
85 172
50 172
141 196
64 196
1 90
17 186
45 168
44 120
75 178
2 190
79 140
151 187
88 149
131 190
31 184
36 81
105 155
64 111
154 182
109 188
134 150
51 194
169 198
60 64
15 81
10 198
143 176
73 170
113 198
81 89
15 60
41 111
17 61
26 63
4 110
103 183
49 64
30 125
154 190
41 85
11 149
104 142
18 200
36 57
15 108
53 190
66 149
127 191
18 155
109 177
30 196
67 123
2 89
10 145
57 60
30 133
181 193
31 108
8 38
166 186
29 143
9 173
13 146
67 94
17 47
146 158
10 122
23 121
39 48
58 183
117 167
115 181
54 145
41 102
41 119
142 160
148 172
40 56
32 170
163 190
27 187
62 109
134 184
80 194
26 30
56 167
49 192
3 67
89 164
39 83
127 168
59 171
81 154
6 132
22 140
14 156
91 136
83 95
54 56
42 87
110 191
3 124
16 101
38 39
144 186
140 189
2 94
2 109
32 177
93 110
7 83
91 125
2 143
14 153
2 103
120 197
100 181
42 195
11 189
8 83
44 47
33 113
24 136
103 137
69 88
33 135
108 172
24 142
19 59
10 74
52 78
42 92
54 174
69 140
27 57
27 103
95 194
73 89
114 132
43 163
139 161
148 166
55 147
43 87
113 178
37 43
67 112
28 46
7 187
38 194
93 101
38 157
