100 2698
77 51
47
36
45
45
48
42
40
35
34
40
44
42
46
38
33
36
39
44
41
39
47
42
41
37
38
31
44
37
34
39
37
41
36
39
45
43
37
43
40
37
43
43
40
39
44
40
43
36
41
42
1000084
39
42
37
49
38
38
47
37
41
34
44
45
45
44
30
39
42
43
40
42
42
41
36
33
40
1000085
38
41
41
44
35
42
36
41
45
44
36
40
43
36
39
39
34
39
41
46
36
45
42
2 53
38 44
8 76
43 60
33 61
4 21
48 51
7 98
8 28
34 94
69 71
30 84
26 77
62 100
6 11
6 91
35 93
54 96
24 31
87 97
34 42
17 92
21 97
4 88
58 98
52 75
5 35
10 79
4 51
45 82
23 90
50 98
97 98
15 72
9 77
45 91
18 42
12 25
68 91
6 20
49 100
17 91
8 12
5 21
25 32
33 71
61 69
8 82
7 75
24 98
62 86
27 69
20 24
65 87
6 73
41 96
16 71
18 40
13 72
17 85
24 60
14 16
49 62
51 95
2 57
25 26
54 71
7 96
1 51
3 69
19 27
34 54
14 61
4 38
12 37
40 83
77 78
5 19
2 25
90 100
2 82
9 41
6 83
57 86
35 59
60 72
25 70
65 76
38 89
12 60
40 58
17 65
50 58
28 53
7 65
91 99
6 97
24 87
44 78
63 78
5 46
87 100
14 46
21 64
23 45
2 18
14 22
35 50
40 79
41 95
6 23
51 54
62 70
12 93
47 78
35 98
15 99
1 13
37 47
19 67
49 52
26 93
64 72
79 93
68 88
50 85
15 79
41 94
40 70
38 46
22 30
47 52
18 44
16 51
26 80
52 65
28 80
7 79
15 85
18 60
7 66
27 35
13 54
17 75
38 91
13 18
69 72
82 88
56 94
15 71
28 50
18 47
20 71
23 87
62 79
7 9
17 45
51 93
14 65
31 58
40 53
53 69
77 98
27 84
51 89
37 80
76 80
15 29
50 59
18 31
37 96
8 55
7 81
19 87
35 99
38 41
40 55
59 98
32 43
4 99
48 81
14 82
21 86
4 75
57 75
14 26
42 48
79 88
29 49
50 60
2 87
66 90
5 34
62 67
20 86
81 94
3 70
14 38
49 60
24 30
50 87
41 44
9 37
29 43
27 67
52 59
49 69
5 70
45 58
63 68
2 26
58 71
51 76
2 49
49 92
36 89
5 83
58 85
1 89
91 97
4 15
55 99
29 88
9 49
14 43
45 73
2 99
11 15
9 45
72 98
5 17
20 46
19 48
18 73
10 28
30 47
32 51
34 55
1 12
25 79
13 19
23 73
15 58
8 69
78 80
71 98
52 80
67 91
43 49
58 94
4 74
66 67
2 95
29 30
39 50
37 70
5 10
18 50
28 54
29 81
12 90
4 60
19 92
28 70
16 74
10 70
78 93
6 29
57 89
11 74
44 70
64 66
51 65
3 68
26 47
74 99
2 91
93 95
10 74
3 60
5 64
83 90
46 63
60 92
41 71
12 34
27 37
35 52
26 63
45 54
32 86
76 100
42 100
13 47
15 25
56 99
91 100
48 88
83 98
4 80
5 24
1 80
64 96
40 84
1 94
34 73
36 100
34 68
8 84
1 78
6 61
71 92
45 64
27 41
21 41
79 87
23 37
13 81
18 25
6 84
8 65
48 93
3 14
48 57
36 54
55 95
91 92
39 92
75 80
16 44
22 84
92 95
1 74
72 82
56 57
4 5
60 82
7 54
19 22
35 84
10 92
35 70
6 53
36 81
79 98
31 43
33 79
47 74
80 91
21 50
80 98
11 54
19 89
12 13
53 75
13 68
57 77
34 96
47 77
40 77
59 61
82 86
70 83
2 80
51 69
14 93
73 91
45 65
10 50
10 12
48 52
54 83
26 58
3 50
9 17
9 51
68 72
29 39
43 83
10 78
53 84
12 27
4 19
15 20
13 91
23 78
10 96
6 55
77 85
33 67
2 71
13 79
45 63
34 86
17 66
75 79
11 87
6 77
48 76
29 69
18 45
33 46
75 97
38 43
13 32
55 77
4 11
11 16
40 59
38 97
46 73
26 72
8 20
23 65
36 42
25 30
57 94
11 57
1 72
47 72
86 90
14 56
6 52
23 60
53 55
62 68
11 51
20 91
43 67
60 85
25 98
30 71
9 31
30 90
49 78
5 36
21 100
55 81
10 64
48 63
80 93
61 68
25 72
1 21
9 19
18 83
73 87
55 89
31 96
57 78
1 65
22 83
43 79
25 57
5 81
28 98
7 40
42 53
74 84
4 61
12 19
34 78
53 92
25 65
38 48
68 84
37 85
31 82
30 56
26 91
53 64
25 44
22 85
45 83
81 98
72 75
30 68
22 94
68 98
16 88
5 100
60 99
50 65
42 61
48 82
41 91
12 53
94 99
28 68
9 71
91 96
25 77
35 48
60 74
61 87
55 67
43 99
63 100
41 85
72 89
19 98
62 78
14 35
6 39
51 78
40 96
59 94
8 96
12 65
42 63
66 70
22 44
52 66
13 92
40 42
70 87
10 60
2 24
58 96
5 52
27 36
64 76
51 60
68 82
72 85
32 50
24 68
1 79
44 90
47 63
63 88
20 43
12 85
37 60
20 90
4 12
30 72
34 63
50 63
66 72
39 99
4 73
12 97
40 82
89 99
65 97
13 51
58 86
19 69
12 74
3 8
21 90
32 83
22 28
15 92
1 83
76 88
21 62
22 68
7 22
65 93
17 39
70 74
8 39
43 81
49 59
37 74
16 27
19 59
25 60
17 52
2 58
6 8
39 71
13 78
10 80
43 59
56 71
14 73
21 53
24 73
34 88
70 82
70 77
38 55
62 85
38 47
14 62
18 69
13 70
59 88
22 86
76 92
10 99
25 69
95 99
22 67
21 24
28 71
70 88
86 97
1 88
27 53
12 68
1 84
1 66
63 81
6 18
57 91
13 57
8 48
71 80
10 20
27 90
8 87
29 75
49 93
42 49
36 82
49 89
40 100
62 94
19 35
17 84
7 41
7 89
11 66
71 95
17 25
50 95
84 90
39 87
14 53
50 97
13 80
38 84
21 83
1 52
48 86
57 98
15 97
22 52
9 80
33 86
46 96
26 27
22 36
44 72
84 97
42 77
44 68
21 99
1 23
43 97
75 90
23 70
46 79
41 82
53 62
56 88
11 20
16 22
47 96
46 56
59 60
57 85
55 82
5 73
23 49
34 91
89 97
6 12
17 99
4 96
61 67
37 81
98 99
48 53
8 45
44 51
41 97
13 30
9 83
26 36
8 92
20 70
2 38
21 34
24 29
18 89
8 86
12 42
8 10
19 31
19 81
20 65
66 97
32 74
87 91
60 91
50 82
27 61
23 48
40 68
8 71
18 70
83 96
13 64
19 32
33 49
58 60
4 85
33 36
44 88
12 44
15 76
24 93
61 77
65 91
61 73
43 50
53 67
13 88
26 62
64 85
36 96
28 64
51 85
25 59
36 39
76 78
11 92
13 63
19 93
11 71
3 97
33 37
70 72
39 89
33 93
38 99
1 16
30 99
34 80
14 41
17 53
23 35
14 48
1 31
19 97
6 19
1 63
63 80
1 92
34 81
20 69
75 99
87 95
6 45
93 97
29 93
42 50
15 38
49 83
15 98
49 90
65 86
38 79
54 92
37 82
76 96
43 52
54 98
48 80
68 99
21 72
62 95
18 35
49 72
12 49
6 22
57 99
49 58
81 83
12 96
33 95
50 56
64 71
23 66
50 79
66 93
44 98
2 27
36 87
13 73
22 99
47 100
45 70
37 95
7 24
20 36
90 96
16 79
13 75
62 66
25 94
33 91
40 80
17 54
45 76
81 91
49 82
4 59
46 82
9 21
83 100
70 99
85 99
52 72
59 67
11 65
79 86
38 68
63 67
12 73
17 80
15 39
36 60
60 80
26 60
6 57
63 90
40 90
25 51
29 79
29 85
5 88
80 85
75 98
29 99
13 58
30 57
71 97
22 96
17 67
2 51
56 87
60 70
11 89
55 73
16 49
25 88
1 55
99 100
26 100
35 36
79 80
31 92
22 97
94 98
47 67
14 55
88 97
18 76
8 18
32 76
71 73
43 93
17 32
41 51
32 59
14 84
62 80
4 63
4 53
14 44
55 65
53 91
57 58
62 96
30 33
10 29
32 56
38 75
64 95
19 56
1 69
22 23
40 46
39 41
41 53
7 27
26 95
11 61
53 57
7 80
33 82
69 78
17 97
8 70
18 33
66 69
12 45
20 81
47 75
83 91
85 94
49 53
27 49
16 46
5 78
80 87
35 41
79 91
35 82
25 90
42 71
53 70
54 63
14 74
8 95
36 55
3 17
5 25
37 86
61 66
20 28
28 55
42 76
1 33
5 12
29 35
9 52
28 56
13 66
1 70
13 39
35 58
27 78
7 97
78 85
12 41
28 81
3 6
5 53
56 98
10 95
20 54
15 40
69 90
25 38
88 94
24 34
63 74
36 61
21 75
24 44
7 69
18 90
34 69
36 58
54 72
27 38
32 46
69 84
43 90
10 41
8 93
23 99
67 98
30 81
3 24
51 74
64 86
8 35
18 34
33 40
44 100
42 55
20 77
65 89
40 97
23 98
8 78
57 68
62 97
1 91
32 49
29 67
6 36
54 89
62 73
35 57
6 32
3 65
45 88
15 100
18 19
50 76
49 95
39 73
43 63
6 27
43 55
16 45
33 62
18 99
73 81
73 96
67 81
77 80
16 25
16 92
21 81
44 85
5 60
18 59
13 42
55 76
80 84
44 87
37 58
12 75
14 85
57 83
30 98
44 74
54 73
93 94
23 80
24 65
18 71
59 81
11 83
49 67
38 66
62 83
44 62
92 98
56 80
24 43
8 51
55 100
69 86
43 61
58 90
54 68
9 47
33 92
35 91
41 47
32 97
41 99
38 83
96 97
21 51
33 42
87 94
73 88
58 97
24 33
82 94
36 66
24 45
84 99
57 66
6 99
7 62
4 47
37 59
30 55
5 62
38 54
73 83
37 44
23 24
31 89
29 57
65 66
2 83
27 52
31 84
32 36
56 58
14 99
3 53
19 34
9 81
34 45
62 64
39 98
46 83
78 81
85 90
19 64
41 67
20 47
57 71
31 88
10 65
17 76
6 28
36 77
53 83
71 79
41 77
68 75
23 53
14 50
72 88
35 53
5 91
65 95
61 83
20 80
18 28
43 46
1 28
77 97
1 97
4 35
28 84
9 93
11 18
51 58
57 100
10 44
74 85
60 62
48 83
29 71
42 84
45 100
51 53
6 48
16 55
23 41
84 96
10 38
1 30
34 87
19 63
61 96
2 81
48 97
49 81
4 39
36 50
24 50
20 82
48 79
4 7
47 98
17 61
35 95
19 20
57 76
46 52
53 65
47 57
46 75
1 38
18 94
91 93
60 93
30 43
16 47
29 32
40 88
53 93
13 67
58 99
26 34
25 68
49 94
42 85
29 46
16 48
65 96
68 96
28 59
19 61
16 23
50 80
52 91
5 79
97 99
83 99
38 76
19 24
50 71
18 97
31 44
55 90
12 51
23 64
21 66
61 86
47 90
68 90
39 96
41 98
78 92
43 53
18 39
42 64
15 47
81 88
24 63
41 81
14 34
41 90
67 83
96 99
9 97
66 77
42 66
23 100
33 34
43 69
16 97
30 51
6 86
39 100
21 28
13 71
31 40
6 34
29 63
9 82
10 66
60 69
7 39
31 98
74 78
65 83
66 76
79 81
66 96
18 56
10 59
20 40
3 27
22 38
12 100
68 100
67 74
54 95
42 72
4 69
6 75
44 50
17 29
22 25
3 62
14 67
4 56
63 95
19 100
64 89
6 58
21 33
7 86
7 49
13 100
56 91
22 98
33 50
9 99
12 64
8 97
25 100
74 94
39 69
90 95
39 40
27 86
34 90
45 90
59 75
36 97
2 96
9 50
17 56
60 94
2 23
64 97
54 93
47 70
4 55
12 15
69 91
35 97
58 68
76 97
74 95
46 90
20 34
34 43
12 47
30 63
54 64
21 65
24 86
18 27
68 97
5 32
1 36
75 93
52 87
30 64
42 59
9 96
39 64
19 45
3 56
30 41
56 84
39 52
50 91
59 68
50 88
64 74
4 20
5 90
18 21
32 73
74 93
72 90
26 78
17 58
1 45
33 88
44 49
30 100
42 90
1 17
65 70
21 59
36 62
15 51
14 97
20 51
13 44
19 43
36 74
7 52
5 8
4 46
45 77
35 73
43 74
8 100
46 80
67 87
22 55
11 78
33 99
46 54
42 69
73 95
7 85
7 35
44 56
23 81
5 30
42 83
4 50
26 31
28 93
62 74
3 90
77 89
16 32
22 87
18 92
6 47
83 95
13 93
8 37
6 85
16 56
18 64
43 100
12 48
62 81
25 36
54 88
64 82
26 52
49 61
11 69
11 76
92 93
26 87
56 76
53 90
50 68
56 85
5 23
31 46
45 56
46 57
27 50
65 75
9 27
30 42
83 93
78 84
63 86
39 79
14 63
22 54
37 65
37 64
23 27
20 76
30 34
8 66
4 81
73 94
8 64
13 50
8 14
35 47
50 52
28 73
60 71
31 75
7 26
6 7
5 45
3 23
1 7
4 68
22 69
52 61
10 55
49 50
54 70
24 38
29 42
11 72
12 33
17 95
58 92
18 65
16 36
50 93
47 84
45 52
65 94
27 47
24 69
29 53
25 47
11 85
25 40
51 73
48 65
16 20
20 41
18 41
9 39
40 94
19 78
86 92
8 63
3 28
4 33
23 25
1 2
14 95
79 99
57 72
19 90
45 92
36 65
4 82
2 16
1 39
32 71
46 100
82 95
58 73
37 79
7 12
21 89
57 97
35 75
3 19
10 87
64 93
18 82
10 56
13 94
53 79
48 68
49 85
5 63
7 58
52 93
12 59
4 97
4 37
5 99
15 37
36 44
1 81
54 80
27 73
51 62
18 43
46 89
18 72
50 61
31 54
36 53
47 91
33 64
32 44
23 57
45 69
39 65
17 73
44 77
76 86
10 62
67 100
21 60
16 82
28 92
64 100
4 78
3 82
23 43
7 95
27 82
10 76
9 55
30 74
48 66
55 80
78 88
62 89
22 32
34 75
10 97
11 40
38 57
40 44
72 96
80 86
62 69
48 49
6 26
31 51
48 92
23 72
16 89
48 95
19 99
45 95
44 46
64 98
57 79
30 95
21 39
19 75
36 45
85 96
2 52
71 72
23 77
43 71
20 38
13 76
14 31
86 93
49 96
40 60
37 68
46 95
72 73
65 81
46 47
17 21
17 81
20 29
35 66
63 96
7 87
4 71
55 56
81 87
16 73
34 98
20 35
37 42
84 94
20 72
47 83
50 90
51 98
12 61
5 86
52 60
8 75
16 72
28 85
32 40
22 72
27 45
63 72
30 97
1 19
11 49
8 79
70 96
56 100
22 77
18 75
68 93
71 85
58 61
48 89
41 56
6 69
10 16
28 48
64 88
10 68
20 32
37 76
39 51
78 100
3 80
31 73
10 77
32 35
85 91
13 77
4 100
47 79
68 94
24 37
92 100
18 58
82 84
28 95
32 69
18 22
1 49
4 32
23 71
28 31
51 92
11 80
56 61
95 97
20 61
55 97
65 80
55 58
22 37
30 60
51 84
36 51
30 53
30 83
57 93
37 98
22 46
21 88
79 92
86 94
7 30
22 60
72 91
10 40
12 54
28 87
4 16
31 79
2 75
21 70
20 23
32 47
53 72
46 91
25 39
54 85
43 75
10 37
5 65
36 49
3 83
62 76
56 67
21 40
34 48
38 61
76 79
28 79
31 50
69 79
61 97
6 71
70 93
69 81
24 100
23 76
27 85
44 83
54 61
22 73
36 64
82 99
79 90
48 71
14 36
6 65
28 36
47 80
75 78
22 71
5 50
2 11
12 20
30 67
51 100
8 57
55 72
38 71
78 82
34 56
20 97
15 48
48 87
35 45
62 90
18 37
40 67
49 99
24 28
56 92
37 100
27 98
11 81
8 9
29 60
14 94
20 42
2 78
2 39
30 76
63 64
52 86
15 41
48 90
24 74
63 87
10 25
27 55
37 52
32 38
69 92
25 29
1 8
21 37
20 39
1 32
24 90
4 45
36 47
7 84
83 86
64 68
15 64
3 34
4 94
12 14
20 45
31 53
26 75
3 7
34 67
5 48
15 24
30 49
76 87
10 49
54 67
69 87
64 65
2 44
47 58
14 68
7 53
2 65
63 77
28 83
10 94
46 58
1 98
71 93
90 98
17 93
55 62
61 94
24 94
9 94
16 53
35 62
6 68
36 72
53 59
57 64
45 80
13 25
8 19
46 99
8 33
60 77
55 70
30 35
32 75
7 48
89 90
15 49
30 62
65 90
11 43
47 50
52 54
32 94
19 73
12 89
39 75
74 77
10 36
42 91
49 65
17 88
1 10
77 81
14 51
61 80
6 10
3 59
7 43
41 76
12 67
9 23
6 24
33 51
30 77
5 89
36 75
9 92
77 95
11 82
29 86
35 100
13 20
28 38
47 48
79 95
42 88
72 76
58 91
30 38
72 84
39 62
69 75
51 96
22 82
31 90
19 77
29 83
10 42
5 13
47 85
53 80
16 31
47 86
17 48
56 89
77 96
13 46
29 31
36 70
16 37
21 85
36 69
9 53
58 59
24 95
73 76
90 99
37 67
53 94
33 53
2 54
12 72
69 95
45 93
12 28
23 69
55 93
6 96
52 88
33 85
80 97
11 95
8 26
8 17
18 77
50 53
41 79
39 54
42 81
25 53
19 30
4 83
34 50
77 84
60 84
3 38
4 29
55 96
46 66
49 56
9 74
7 92
51 99
34 36
70 90
26 45
47 68
54 74
44 47
1 9
2 63
42 68
16 87
17 44
18 66
2 93
46 92
26 56
21 79
25 99
43 58
8 56
20 63
82 87
85 88
17 87
45 81
9 65
33 59
70 89
13 15
16 68
51 63
37 71
7 73
13 27
60 68
15 55
14 89
1 44
13 36
87 88
16 50
14 88
51 59
13 83
36 57
27 91
29 58
67 84
74 87
64 91
14 32
36 76
35 42
40 85
32 54
66 68
51 91
24 77
61 93
15 45
9 67
3 16
37 90
37 49
3 21
11 28
90 91
47 73
45 53
77 86
23 29
5 85
2 43
5 51
38 52
2 97
24 66
35 65
23 74
27 42
1 5
14 91
18 63
13 29
29 34
21 23
36 67
21 58
3 44
38 100
44 81
36 37
45 85
43 48
33 43
72 83
5 11
22 42
3 63
21 67
52 94
52 53
3 18
24 53
15 91
1 77
16 40
85 86
6 63
1 20
35 80
94 100
54 100
12 62
19 70
47 59
35 87
58 63
3 81
2 47
73 89
17 96
15 62
31 94
15 22
22 76
14 18
78 95
58 84
1 61
58 89
1 82
10 43
94 97
40 52
11 35
23 42
1 100
23 56
27 58
58 79
26 84
20 30
48 56
28 74
45 55
17 83
46 88
73 77
34 64
15 33
15 82
31 74
25 91
25 86
5 9
26 38
21 44
3 93
49 75
34 59
25 33
18 87
3 76
16 43
12 50
45 46
47 89
11 63
15 32
6 30
22 58
86 87
27 88
42 56
2 14
14 78
59 86
59 89
52 57
60 76
1 56
33 100
56 63
49 51
15 34
11 59
42 47
14 25
17 77
27 60
9 64
36 98
69 85
2 94
8 72
44 94
13 65
11 19
14 23
51 52
25 83
40 43
39 77
65 71
5 40
80 99
53 73
65 92
20 83
1 40
11 60
40 62
22 43
19 60
10 75
20 55
30 89
11 26
24 55
9 46
34 76
61 76
18 84
6 60
46 68
5 98
12 66
15 88
5 82
63 76
52 77
31 87
46 74
58 76
76 77
72 99
61 95
43 87
81 95
48 72
17 78
38 58
71 90
35 96
79 83
87 89
31 78
17 94
77 79
25 35
17 43
58 75
21 22
32 65
44 63
7 55
10 18
38 39
4 13
6 50
84 92
19 42
11 38
26 30
50 89
25 87
3 5
19 72
1 76
2 20
44 99
24 92
5 54
22 48
7 33
63 69
86 96
51 70
25 48
41 48
47 93
46 86
61 81
68 70
42 79
23 54
34 83
58 82
31 39
47 81
1 99
38 72
47 51
62 77
3 96
33 75
58 95
54 78
55 63
30 92
52 79
40 72
53 95
59 83
53 81
21 42
22 89
10 19
62 75
25 55
13 31
55 79
70 80
39 45
70 81
15 31
13 53
21 36
36 48
65 78
4 89
50 92
34 35
63 89
23 34
12 86
31 62
49 84
66 92
67 73
17 79
18 32
29 59
21 78
2 92
16 67
37 57
30 66
41 88
1 11
52 63
14 30
50 70
42 89
3 74
42 87
22 61
54 90
88 95
51 67
22 65
4 64
92 97
29 68
1 37
48 60
27 54
4 86
6 33
30 59
35 40
15 86
45 71
22 81
33 80
54 84
64 84
42 86
47 92
44 60
9 76
55 74
6 13
39 43
59 97
42 58
68 89
45 62
4 40
46 97
42 95
13 21
45 57
40 89
86 95
48 50
26 74
1 50
9 73
29 62
32 78
62 93
5 22
28 78
31 76
2 5
35 46
3 45
38 45
12 87
36 59
59 87
21 46
70 85
5 55
33 98
29 94
16 35
2 70
15 50
37 48
30 69
18 61
11 53
76 91
21 91
34 65
9 16
15 36
30 96
7 20
60 66
60 96
9 15
1 96
5 39
60 83
46 50
65 69
29 96
9 84
25 50
46 59
67 82
31 95
59 90
13 28
31 57
31 100
37 38
43 64
42 97
55 85
88 98
32 72
3 99
10 90
27 48
28 90
3 86
10 45
8 62
20 21
16 99
45 68
32 100
47 82
8 50
78 86
35 92
12 23
27 32
33 39
26 81
74 96
72 77
13 24
26 70
20 50
28 91
81 89
17 51
44 53
11 13
11 27
39 86
16 52
30 61
59 64
33 78
55 57
1 86
33 41
21 80
32 99
50 77
25 71
78 89
75 88
14 70
53 89
22 64
32 41
39 78
38 65
67 86
26 90
1 41
36 52
36 41
85 93
26 46
10 11
21 27
44 86
6 88
45 74
92 94
26 92
28 75
30 94
80 89
43 72
3 4
38 69
41 86
36 38
47 60
15 56
75 77
81 100
40 47
67 99
43 57
19 55
44 55
11 47
16 39
21 54
10 67
25 34
33 72
17 42
9 98
7 23
57 80
28 35
57 73
11 31
52 84
35 61
82 90
6 38
12 17
43 73
8 27
41 74
72 87
22 49
63 70
9 35
17 82
23 38
57 69
13 56
7 64
39 80
5 80
7 99
17 40
83 97
5 71
10 52
23 97
41 75
67 97
21 26
58 77
38 87
28 96
41 42
67 92
14 49
39 63
74 86
32 85
23 58
28 41
6 35
89 100
23 26
56 65
34 51
19 37
39 56
82 83
37 62
6 17
32 34
2 74
98 100
11 68
53 100
32 52
16 57
18 46
12 39
52 78
33 54
62 82
1 64
5 69
14 83
4 52
10 32
11 21
34 70
9 42
28 88
50 96
13 69
16 96
19 86
6 59
5 27
33 70
34 77
73 82
26 61
14 24
35 77
58 74
27 74
21 77
5 6
11 77
41 93
70 76
42 65
15 83
41 70
52 98
4 49
17 37
26 69
28 72
2 72
28 37
55 71
8 89
72 86
51 79
27 75
47 94
27 39
57 87
26 51
44 97
60 67
56 66
56 68
34 58
12 92
55 64
25 82
59 91
44 64
2 13
31 59
6 21
37 69
51 75
3 55
46 55
36 99
4 10
31 69
27 76
4 43
15 95
18 36
30 52
14 60
3 48
61 63
2 68
17 41
67 90
37 66
14 54
16 64
20 48
19 21
27 63
11 39
66 84
30 70
79 84
46 62
5 38
52 95
15 94
15 81
37 56
44 65
18 100
2 28
52 81
19 88
21 45
10 13
63 93
35 81
1 26
53 74
43 92
71 96
21 93
18 29
4 22
3 32
39 91
47 54
64 69
3 58
66 100
8 80
50 72
2 48
27 59
15 77
31 42
30 93
17 31
35 85
11 33
73 80
2 29
32 95
3 40
12 81
27 95
17 69
20 66
12 55
65 72
60 73
22 79
34 93
88 100
59 65
37 45
86 88
13 87
10 71
44 69
17 19
24 52
20 99
2 19
89 91
5 96
23 32
34 52
38 90
39 58
38 92
26 96
7 45
45 61
33 63
4 92
