200 355
1 200
1000000
1000000
1000000
1000000
1000000
1000000
3
1
2
1
1
2
5
1
2
1
4
4
2
1
1
1
3
2
4
4
4
3
5
1
5
4
4
1
3
3
4
5
1000000
1000000
1000000
1000000
1000000
1000000
1000000
3
5
1
3
2
5
4
4
1
2
2
2
3
3
2
1
4
1
4
2
4
4
3
3
3
2
4
5
4
2
5
1
1000000
1000000
1000000
1000000
1000000
1000000
1000000
2
5
4
4
5
3
2
5
5
3
2
2
5
3
2
4
4
1
1
2
4
4
4
2
5
3
1
3
4
1
4
5
1000000
1000000
1000000
1000000
1000000
1000000
1000000
1
3
3
5
5
4
5
4
2
1
1
2
4
2
1
2
2
1
4
1
5
2
2
4
4
3
1
3
4
5
2
4
1000000
1000000
1000000
1000000
1000000
1000000
1000000
2
5
4
2
4
4
1
1
5
1
2
4
2
3
5
4
4
3
5
3
5
1
1
4
4
2
1
2
1
3
5
3
1000000
1000000
1000000
1000000
1000000
1000000
1 2
2 3
3 4
4 5
5 6
6 7
7 8
8 9
9 10
10 11
11 12
12 13
13 14
14 15
15 16
16 17
17 18
18 19
19 20
20 21
21 22
22 23
23 24
24 25
25 26
26 27
27 28
28 29
29 30
30 31
31 32
32 33
33 34
34 35
35 36
36 37
37 38
38 39
39 40
41 42
42 43
43 44
44 45
45 46
46 47
47 48
48 49
49 50
50 51
51 52
52 53
53 54
54 55
55 56
56 57
57 58
58 59
59 60
60 61
61 62
62 63
63 64
64 65
65 66
66 67
67 68
68 69
69 70
70 71
71 72
72 73
73 74
74 75
75 76
76 77
77 78
78 79
79 80
81 82
82 83
83 84
84 85
85 86
86 87
87 88
88 89
89 90
90 91
91 92
92 93
93 94
94 95
95 96
96 97
97 98
98 99
99 100
100 101
101 102
102 103
103 104
104 105
105 106
106 107
107 108
108 109
109 110
110 111
111 112
112 113
113 114
114 115
115 116
116 117
117 118
118 119
119 120
121 122
122 123
123 124
124 125
125 126
126 127
127 128
128 129
129 130
130 131
131 132
132 133
133 134
134 135
135 136
136 137
137 138
138 139
139 140
140 141
141 142
142 143
143 144
144 145
145 146
146 147
147 148
148 149
149 150
150 151
151 152
152 153
153 154
154 155
155 156
156 157
157 158
158 159
159 160
161 162
162 163
163 164
164 165
165 166
166 167
167 168
168 169
169 170
170 171
171 172
172 173
173 174
174 175
175 176
176 177
177 178
178 179
179 180
180 181
181 182
182 183
183 184
184 185
185 186
186 187
187 188
188 189
189 190
190 191
191 192
192 193
193 194
194 195
195 196
196 197
197 198
198 199
199 200
1 41
41 81
81 121
121 161
2 42
42 82
82 122
122 162
3 43
43 83
83 123
123 163
4 44
44 84
84 124
124 164
5 45
45 85
85 125
125 165
6 46
46 86
86 126
126 166
7 47
47 87
87 127
127 167
8 48
48 88
88 128
128 168
9 49
49 89
89 129
129 169
10 50
50 90
90 130
130 170
11 51
51 91
91 131
131 171
12 52
52 92
92 132
132 172
13 53
53 93
93 133
133 173
14 54
54 94
94 134
134 174
15 55
55 95
95 135
135 175
16 56
56 96
96 136
136 176
17 57
57 97
97 137
137 177
18 58
58 98
98 138
138 178
19 59
59 99
99 139
139 179
20 60
60 100
100 140
140 180
21 61
61 101
101 141
141 181
22 62
62 102
102 142
142 182
23 63
63 103
103 143
143 183
24 64
64 104
104 144
144 184
25 65
65 105
105 145
145 185
26 66
66 106
106 146
146 186
27 67
67 107
107 147
147 187
28 68
68 108
108 148
148 188
29 69
69 109
109 149
149 189
30 70
70 110
110 150
150 190
31 71
71 111
111 151
151 191
32 72
72 112
112 152
152 192
33 73
73 113
113 153
153 193
34 74
74 114
114 154
154 194
35 75
75 115
115 155
155 195
36 76
76 116
116 156
156 196
37 77
77 117
117 157
157 197
38 78
78 118
118 158
158 198
39 79
79 119
119 159
159 199
40 80
80 120
120 160
160 200
