198 327
22 158
4
3
1
4
3
2
2
2
1
5
4
5
4
4
3
3
1000000
3
1
5
4
1000000
5
5
1
4
5
2
4
5
2
5
2
3
4
4
3
4
1
3
5
3
1
1
3
4
2
1
1
3
2
1
3
5
1
5
5
4
4
4
3
2
3
2
3
2
4
3
3
3
2
1
2
4
4
3
4
1
3
3
5
5
2
3
3
4
5
3
3
1
3
4
5
3
4
5
2
1
4
5
4
5
1
1
4
2
5
2
2
1
3
4
4
4
4
4
2
3
1
4
4
5
3
1
5
4
5
3
5
3
5
5
4
5
3
5
1
1
5
4
1
2
5
1
3
3
1
1
4
1000000
3
5
1000000
5
5
5
5
1000000
5
4
4
2
1
2
2
2
1000000
5
3
4
1
5
1
5
1
1
4
4
1
4
5
3
1
5
2
2
5
2
5
3
5
2
2
5
3
1
1
4
58 73
60 162
68 132
28 41
112 146
103 178
75 105
144 197
56 119
3 163
89 136
26 176
76 185
94 173
78 181
35 76
51 120
82 107
99 166
89 102
90 103
86 121
67 109
48 177
54 192
50 176
44 81
98 148
98 156
40 155
69 147
32 124
151 156
73 77
42 63
136 144
64 146
22 167
19 173
13 70
96 145
47 175
38 133
38 194
20 124
60 77
13 15
153 158
58 188
3 82
8 52
107 119
56 168
35 118
47 105
19 177
190 197
15 98
88 123
157 182
70 195
71 81
5 178
86 196
25 45
76 152
27 40
53 74
54 149
4 139
2 39
67 126
17 170
20 69
129 159
14 174
39 43
75 129
147 189
73 169
116 138
126 139
46 135
33 140
115 182
118 188
6 142
65 97
22 150
94 153
86 172
56 127
24 191
5 181
63 106
183 191
29 38
150 176
59 184
108 186
30 100
95 129
1 186
43 184
5 187
42 44
31 165
62 132
134 194
80 144
42 71
10 197
101 154
26 115
157 179
19 96
74 127
16 122
34 180
116 128
18 63
18 84
78 155
167 193
131 172
50 157
96 97
24 41
89 104
109 139
45 130
16 182
87 142
41 48
4 165
104 190
8 102
118 185
99 128
192 195
23 130
28 191
1 8
59 99
92 169
57 68
100 127
123 137
121 131
95 160
111 140
70 152
100 119
20 53
146 161
110 171
106 184
7 108
46 57
46 194
86 137
125 141
49 133
45 164
14 27
37 44
98 192
83 113
36 85
29 134
55 138
37 147
30 74
9 93
71 106
36 61
50 115
107 163
17 158
90 133
34 193
33 137
136 190
66 166
132 181
135 178
6 139
21 189
15 195
79 149
64 183
122 126
123 172
108 144
114 124
64 125
28 64
111 137
4 93
112 183
90 194
40 62
120 154
11 77
168 171
26 117
117 167
66 121
161 174
92 162
53 114
39 81
66 138
13 83
2 143
91 174
14 146
169 188
52 130
124 171
15 113
21 42
12 23
111 129
84 110
65 145
79 156
38 175
135 181
14 155
82 149
10 80
62 78
68 135
23 142
84 189
145 153
9 12
46 103
11 198
18 21
91 155
80 162
28 141
114 168
10 92
78 187
73 162
88 95
6 93
105 159
100 163
65 170
34 117
126 165
7 80
30 61
9 142
51 67
136 186
35 83
43 71
101 115
113 148
79 85
27 112
48 141
16 120
21 37
85 151
159 160
32 189
117 150
57 134
12 52
125 161
51 122
6 72
55 121
32 110
26 180
72 109
49 175
49 160
154 182
32 69
3 79
102 130
19 41
88 111
104 164
13 76
43 143
1 89
16 179
66 128
128 143
94 96
58 185
31 179
101 180
24 173
55 196
61 163
3 36
59 143
131 166
152 198
54 156
2 116
29 47
7 60
185 198
75 140
11 58
159 175
17 145
102 164
97 177
114 127
23 25
91 187
148 151
72 87
33 196
25 87
31 122
