160 4911
134 75
42
43
38
39
39
38
43
36
30
41
39
40
33
40
34
38
37
39
39
43
45
35
37
38
37
40
37
33
39
39
40
36
40
43
35
37
34
40
39
35
39
38
44
35
34
42
39
33
38
39
37
38
31
34
40
40
32
35
47
38
41
39
37
43
43
45
46
42
39
36
40
40
37
37
4096085
40
45
40
40
42
46
42
40
43
34
40
40
43
38
39
38
35
38
40
41
41
42
42
39
41
43
41
41
42
42
37
41
36
37
41
40
37
41
43
33
42
39
42
34
34
39
47
38
31
40
34
35
36
43
36
40
40
38
4096085
43
40
43
47
36
33
42
30
42
42
36
46
44
35
39
34
32
41
41
46
38
37
39
38
40
42
101 148
76 106
30 66
107 132
47 137
61 156
16 147
39 104
74 82
63 104
121 142
54 155
40 44
49 160
37 127
52 60
35 54
125 143
24 93
67 109
71 156
106 120
60 115
97 103
48 152
122 134
90 149
96 145
100 102
80 89
14 55
28 105
93 121
14 18
8 53
76 96
58 103
57 64
21 76
28 111
62 133
123 142
27 121
69 88
10 132
8 44
14 94
60 109
100 159
141 142
17 109
154 158
5 94
89 126
10 113
35 62
24 57
132 146
92 134
6 133
98 145
72 136
24 97
98 100
93 126
2 10
138 155
43 48
106 126
35 102
109 110
25 81
59 78
117 130
108 113
95 128
63 91
29 72
77 144
4 53
100 152
7 45
16 35
105 143
27 81
87 126
44 65
35 111
1 123
88 155
51 118
38 43
11 41
54 57
31 39
23 74
118 147
2 80
83 126
34 127
19 140
94 135
61 75
53 120
67 81
48 77
73 89
56 145
32 158
31 66
22 122
34 137
5 146
76 108
4 68
56 129
36 57
84 144
36 99
44 144
9 141
10 146
42 144
13 73
13 137
110 149
4 159
22 153
65 67
75 137
15 115
15 91
33 78
7 124
19 86
95 97
20 91
57 153
101 107
20 123
120 152
6 135
145 160
1 23
16 51
8 152
120 154
83 96
15 106
52 110
92 159
83 102
60 121
135 157
68 120
105 155
54 86
6 42
22 115
118 155
42 160
114 151
13 130
97 102
46 92
29 63
31 93
45 101
8 59
66 150
56 94
6 144
135 143
54 123
4 31
47 141
59 88
46 128
39 62
35 136
152 153
5 105
12 63
69 135
1 130
88 95
49 105
46 157
50 51
25 64
21 103
51 76
18 95
42 87
121 123
45 71
62 149
90 147
77 134
120 133
51 126
36 55
130 131
8 106
127 135
85 102
58 101
60 84
80 155
6 139
15 33
149 157
50 128
17 41
52 117
3 51
111 132
118 126
30 100
52 154
77 129
79 141
70 100
9 12
40 41
122 141
89 122
134 150
60 140
21 152
45 94
84 117
71 113
7 22
99 154
48 82
7 16
68 137
35 103
30 74
119 120
79 96
44 115
35 60
28 51
37 133
25 54
72 103
12 123
28 81
79 148
32 33
17 117
56 72
128 154
1 82
92 137
24 42
86 140
5 21
49 154
53 138
98 132
31 102
60 145
41 81
93 119
42 59
79 142
10 11
101 110
43 154
18 111
69 158
78 128
16 91
83 108
77 94
99 103
9 47
4 142
94 117
21 50
15 16
23 75
66 156
50 110
2 88
51 151
43 95
62 80
19 122
104 136
90 123
3 121
37 39
41 99
104 109
40 62
96 107
57 111
103 143
42 111
51 56
66 98
109 160
8 129
44 100
54 146
58 151
3 158
45 148
70 74
69 133
54 97
18 109
36 158
66 83
31 115
26 112
24 59
35 147
5 10
74 153
33 41
63 112
24 43
99 137
60 146
53 62
86 108
15 125
22 29
25 101
91 151
39 134
79 139
46 55
18 108
11 98
1 80
48 111
14 37
84 98
82 123
105 136
25 63
29 69
120 153
16 39
88 128
99 152
42 122
18 77
58 84
30 76
18 33
21 148
112 129
76 148
32 59
1 26
67 79
30 144
114 155
16 70
67 111
21 37
128 152
56 91
101 118
115 128
78 85
127 147
31 142
46 103
63 81
53 143
77 93
50 60
75 96
114 123
5 140
58 159
1 104
52 59
40 76
33 83
103 156
41 110
32 47
31 150
15 79
111 155
19 158
30 80
133 159
9 32
57 80
93 98
86 139
123 158
113 118
75 98
81 97
25 112
82 144
103 146
26 145
48 90
50 92
79 160
30 73
84 159
21 43
25 44
111 147
25 82
50 114
91 155
30 68
2 41
24 64
55 66
67 148
2 25
1 159
60 138
46 69
10 27
85 118
147 153
6 150
15 18
118 120
135 150
42 51
51 84
109 118
21 58
57 134
90 108
18 102
8 18
72 84
1 67
48 92
12 113
58 145
9 41
106 124
82 86
33 67
102 134
92 139
36 146
11 127
48 117
28 145
3 109
86 160
121 126
89 97
16 73
109 149
82 149
29 64
98 114
26 98
7 81
70 138
32 71
6 145
15 78
43 159
97 141
79 159
48 118
20 81
61 71
90 98
66 87
36 147
26 144
46 111
7 70
14 49
51 143
16 103
60 78
21 49
49 109
52 106
2 115
112 132
82 109
7 55
35 88
71 136
56 138
72 94
11 119
42 149
36 152
119 144
57 87
28 160
16 84
45 50
53 80
47 49
64 124
56 101
68 94
61 119
24 125
95 98
39 133
23 99
17 52
47 62
117 136
58 80
139 140
21 144
7 89
44 152
62 67
21 30
25 37
83 144
39 132
11 39
12 138
83 150
94 96
131 153
13 29
50 112
23 103
96 131
35 82
48 54
76 114
37 97
60 155
139 155
61 90
62 109
45 99
41 101
32 155
68 143
25 130
6 62
25 55
1 129
129 159
69 128
39 50
66 125
49 123
75 157
97 109
18 86
93 106
73 79
96 122
95 158
99 144
141 159
87 122
115 154
60 99
4 88
15 157
52 137
18 138
69 147
64 113
23 135
23 47
30 98
27 75
14 54
86 118
93 134
21 136
105 114
60 85
65 149
67 91
11 143
129 150
21 68
66 140
63 132
1 5
91 156
59 79
122 149
21 95
41 114
80 118
82 96
20 126
38 112
31 94
101 146
10 151
2 101
51 158
47 73
20 83
108 131
26 128
82 93
75 149
60 71
38 109
123 159
49 85
44 77
128 146
13 152
94 125
9 33
46 76
87 136
2 3
29 74
75 156
10 23
12 20
82 156
10 41
50 54
21 88
7 8
5 141
36 62
88 106
80 156
30 56
5 73
53 126
89 119
47 111
76 134
34 70
9 81
18 147
73 137
61 115
11 146
87 106
26 110
118 152
90 107
7 138
141 149
45 124
28 98
129 145
100 132
52 65
16 127
133 151
34 100
46 122
158 159
85 155
8 132
32 102
16 61
66 69
57 93
104 106
82 147
16 96
22 69
108 135
29 95
97 134
92 126
10 16
13 72
57 136
112 116
6 30
1 25
47 135
80 133
110 111
58 104
75 100
17 123
42 47
24 135
105 122
58 156
58 72
33 153
109 156
104 143
14 134
14 121
58 137
18 76
121 152
56 156
14 153
40 97
54 79
72 148
33 119
33 121
3 104
28 56
28 133
141 143
11 28
54 105
31 49
60 74
86 151
21 147
75 138
31 139
7 141
12 116
61 133
88 125
34 89
40 65
6 120
42 134
37 61
50 122
94 102
82 99
80 111
49 84
18 130
6 142
11 111
89 131
8 144
65 137
15 48
9 154
101 112
89 121
42 99
34 79
22 38
84 126
13 55
46 160
22 133
78 113
85 111
47 96
30 83
41 62
22 127
3 10
7 86
34 140
7 33
15 65
97 136
11 27
4 63
62 72
66 127
119 139
19 128
52 124
52 142
134 141
50 158
118 149
16 44
46 146
57 139
77 106
28 137
106 125
75 117
71 111
40 66
82 91
8 65
46 140
41 107
86 102
55 85
77 156
46 102
107 112
36 135
57 88
71 82
96 134
14 115
61 106
116 139
98 155
65 70
32 44
28 100
46 81
122 127
135 156
59 77
135 147
35 124
2 64
16 90
79 157
57 84
73 98
48 114
6 126
31 157
35 158
46 110
12 52
113 144
52 55
33 131
143 146
56 136
12 99
2 34
13 108
12 149
118 141
40 81
27 138
63 151
75 102
29 144
21 111
37 158
43 135
28 115
64 149
82 110
35 105
15 133
17 107
111 125
17 28
10 32
29 45
3 32
5 74
6 138
45 141
39 120
139 153
61 93
52 114
19 141
75 104
34 114
2 53
1 144
65 114
12 131
63 126
17 91
44 99
25 154
102 116
85 128
88 149
126 147
50 133
36 139
38 40
3 52
41 120
41 144
4 48
77 138
71 129
22 31
1 34
23 32
80 140
20 34
31 100
68 149
1 135
23 156
59 70
26 62
17 152
73 156
17 81
7 96
67 110
47 52
74 134
55 87
7 15
3 143
9 127
19 20
17 129
67 88
53 56
36 122
10 136
64 139
73 80
99 105
28 30
30 37
7 64
27 97
19 100
133 156
33 65
32 56
68 98
38 50
74 104
78 91
49 69
98 103
87 125
6 93
75 136
114 152
62 112
137 158
16 25
115 148
14 96
67 89
19 143
14 50
87 140
54 56
50 66
67 153
45 114
78 139
85 148
9 26
71 152
7 155
55 125
37 64
76 83
45 75
42 45
122 125
69 153
58 70
31 148
78 124
1 160
22 140
32 64
24 27
93 151
51 85
36 155
48 124
5 138
117 150
105 128
99 149
103 144
55 68
74 81
10 80
29 35
97 149
48 104
106 109
129 147
18 141
48 143
51 52
30 93
5 33
66 145
76 149
16 75
19 83
62 158
18 98
110 152
60 129
32 103
146 155
2 110
43 76
68 114
37 144
27 144
68 108
73 132
40 113
98 99
83 143
77 114
10 95
6 119
60 83
11 121
81 84
84 100
30 78
14 40
54 96
10 33
107 153
13 53
73 107
64 97
24 131
83 138
123 135
33 154
77 78
44 76
45 130
16 130
56 110
54 71
20 117
18 117
118 134
58 113
19 42
104 140
38 80
33 66
7 83
70 93
3 75
65 142
64 144
7 154
70 152
18 23
59 102
100 133
30 61
141 160
33 138
139 158
116 123
73 151
71 149
35 36
56 68
42 70
72 99
13 74
110 154
25 117
39 74
62 77
57 156
128 148
69 71
146 149
86 158
18 61
57 78
22 91
71 105
109 153
124 160
22 157
38 143
18 140
1 143
38 54
81 153
15 114
57 150
1 105
31 67
79 87
38 93
4 154
90 114
82 143
55 139
14 57
90 109
8 30
98 113
135 145
8 127
58 115
94 98
2 19
56 152
25 50
20 145
70 157
12 55
65 150
19 110
115 138
74 159
108 140
102 152
1 107
73 74
2 79
56 108
150 154
41 103
40 111
44 133
29 37
132 152
34 126
106 118
92 96
21 53
11 58
44 94
81 150
83 154
15 124
103 119
110 115
44 157
38 63
106 157
128 135
147 149
104 107
121 137
40 132
81 90
12 107
104 159
108 145
31 81
38 140
4 47
51 95
47 64
38 119
42 116
18 49
6 11
21 23
44 136
82 146
2 35
42 142
8 111
35 79
25 147
62 106
85 101
14 110
113 157
19 68
13 149
4 69
32 144
15 130
147 151
33 151
1 147
52 99
15 47
57 154
112 133
43 90
94 104
45 83
27 72
51 116
39 138
28 73
67 123
40 107
85 108
41 115
92 143
33 56
89 94
8 15
20 109
89 132
62 73
34 155
29 132
1 138
22 34
17 44
20 42
64 79
82 89
71 104
48 68
93 159
44 48
23 70
11 116
23 141
133 148
4 123
77 87
67 118
10 128
7 120
8 66
72 88
24 44
42 123
67 124
14 152
51 148
146 153
105 135
41 69
52 102
57 157
66 146
56 62
68 148
40 157
3 71
78 142
22 92
72 73
64 94
80 142
6 149
129 140
117 135
17 108
83 157
131 136
44 148
35 85
75 88
34 102
92 128
57 65
76 160
51 132
12 105
20 112
9 80
116 153
24 29
6 58
31 32
116 156
51 97
60 68
108 137
127 130
5 83
57 81
88 102
3 85
12 94
116 147
74 77
14 46
6 91
49 71
145 157
14 61
84 115
26 31
45 118
5 152
57 141
92 105
159 160
111 120
117 145
32 104
22 100
95 104
38 115
121 136
51 138
101 137
46 94
134 149
101 122
5 65
106 137
76 131
40 109
118 143
93 143
47 95
25 143
22 102
52 109
133 137
25 87
17 73
54 110
38 145
61 83
11 77
87 112
56 118
59 69
67 146
51 112
3 37
32 127
61 138
83 131
62 154
26 72
83 130
33 75
12 21
63 125
64 133
102 136
27 38
66 116
61 65
3 72
118 130
118 153
47 94
32 119
21 135
25 109
4 100
56 71
7 59
40 146
104 126
66 142
62 96
4 49
77 99
17 90
36 54
134 153
59 139
111 137
3 9
69 85
52 129
14 26
30 50
42 130
97 98
122 128
23 153
81 159
36 44
56 66
39 41
45 51
39 65
29 84
20 61
30 134
59 62
60 106
10 127
27 123
34 44
53 123
71 81
102 135
53 129
90 111
78 140
69 81
130 144
39 92
84 105
60 110
39 64
29 36
62 134
11 105
66 68
108 128
62 83
17 38
76 120
47 103
16 65
37 159
127 155
50 143
10 18
38 134
27 124
116 142
81 94
72 160
27 85
19 77
75 130
79 109
33 87
28 134
95 112
133 134
60 157
58 147
85 153
4 25
99 131
36 82
60 80
61 76
95 159
1 141
140 158
4 156
17 136
19 55
37 122
83 115
29 79
26 121
17 71
32 125
47 154
28 86
21 97
128 155
10 12
44 111
67 122
93 131
64 134
106 144
66 114
25 92
99 133
44 126
13 100
103 130
11 51
88 92
87 121
14 67
121 141
25 124
31 86
15 131
36 52
127 154
90 112
23 93
50 70
18 127
70 86
72 107
79 147
89 144
70 72
69 105
8 137
91 124
6 50
121 127
113 135
72 76
125 156
97 129
78 83
6 152
4 144
41 145
4 109
18 54
2 144
18 25
10 114
75 148
29 99
55 56
20 26
61 117
14 71
61 149
22 82
9 155
60 87
103 149
71 90
33 77
17 66
50 151
42 120
81 112
20 101
23 138
71 96
10 51
64 89
132 137
59 146
14 93
136 152
74 90
77 125
148 159
84 104
49 143
95 109
80 134
5 91
90 106
120 158
4 107
137 159
71 134
111 139
114 129
64 145
132 133
42 62
34 160
19 81
21 66
30 71
36 85
4 29
5 158
97 116
31 137
94 132
76 153
77 109
119 141
29 55
24 109
11 120
77 84
81 158
4 64
87 119
109 154
51 133
82 84
6 56
34 106
45 46
22 84
99 122
13 49
6 104
38 76
24 117
87 127
65 120
35 153
77 150
43 104
14 89
47 86
6 81
121 132
47 124
32 52
48 98
24 54
87 159
96 151
10 77
104 150
42 69
62 141
54 68
22 118
11 32
37 138
105 153
50 130
120 160
22 66
19 40
7 137
23 78
72 105
19 52
15 63
49 96
13 47
127 143
3 142
4 96
71 153
27 66
42 48
67 160
35 57
64 112
19 132
84 113
20 23
61 86
17 94
24 132
89 115
47 128
36 64
50 154
31 159
21 139
21 29
48 55
98 126
46 83
19 53
90 95
79 98
18 105
19 46
25 99
75 146
1 158
46 99
13 103
71 78
132 141
20 21
94 151
12 34
45 123
8 48
35 97
119 158
47 113
47 159
43 100
4 111
52 67
2 92
18 146
19 105
6 85
72 123
1 116
130 153
2 146
22 52
32 36
68 95
118 160
20 69
107 138
37 148
114 119
35 125
98 160
26 113
64 83
32 150
100 128
55 121
69 110
121 131
62 76
78 118
111 113
24 157
49 87
74 136
54 160
38 97
10 13
7 17
67 105
58 118
39 57
16 97
48 73
46 85
107 118
39 52
13 110
9 73
80 150
2 47
54 76
113 139
113 146
54 124
68 136
9 62
101 153
8 93
109 115
11 106
23 126
8 11
49 111
104 113
22 55
16 142
96 117
61 81
33 37
110 158
7 34
148 150
4 155
59 108
43 110
102 156
77 120
3 122
2 112
7 158
65 153
15 38
39 111
132 135
26 135
45 93
63 135
86 88
10 25
5 84
67 72
22 129
74 83
5 149
82 145
112 137
16 17
108 143
26 124
24 62
30 119
12 117
49 62
3 65
12 70
40 67
14 137
11 107
76 136
35 107
7 153
23 140
28 144
31 98
37 103
34 125
12 152
45 77
15 138
83 92
147 154
85 97
72 120
53 66
36 42
75 101
26 160
63 84
103 118
149 156
38 84
109 159
53 151
40 127
11 95
92 118
109 148
67 76
46 49
22 138
26 157
8 45
80 117
30 79
60 135
15 147
25 74
3 27
7 122
79 86
66 133
1 35
7 128
89 93
57 110
59 160
125 133
27 67
103 151
46 89
72 87
6 79
8 116
65 134
2 129
44 50
3 90
15 98
1 12
27 73
19 118
5 62
1 121
27 139
15 28
38 157
42 113
73 103
1 65
11 12
62 82
60 141
69 78
122 135
112 156
78 117
12 110
29 148
24 83
16 122
46 65
133 146
10 72
37 142
105 145
115 130
30 101
9 38
113 133
13 117
68 78
118 121
83 88
13 121
51 129
10 81
88 130
51 146
69 119
119 150
34 105
29 86
43 114
21 64
36 160
54 135
120 155
47 145
43 125
96 154
18 82
16 125
75 87
8 88
20 158
79 94
23 62
41 112
14 95
36 56
39 44
40 116
111 160
17 102
26 42
11 25
91 120
62 122
44 56
20 79
92 121
3 145
15 143
27 129
107 135
98 106
71 137
54 151
22 58
57 122
100 150
34 85
13 131
19 134
10 131
12 140
8 131
41 105
80 144
148 157
24 50
17 93
39 91
85 104
20 76
13 88
15 90
12 75
10 15
56 159
65 92
30 103
40 159
23 27
107 151
98 109
20 28
102 106
36 145
2 26
50 117
68 154
19 89
54 103
29 66
134 159
120 147
52 72
99 124
13 60
73 142
65 101
22 101
56 63
73 88
56 106
67 83
1 152
37 60
13 154
77 85
11 67
78 147
86 112
11 104
92 138
56 126
13 141
83 152
47 70
5 78
67 157
121 157
131 141
103 116
109 151
66 85
1 142
8 123
37 143
76 101
56 149
61 150
72 121
48 57
94 153
33 82
59 105
95 117
63 118
74 113
36 157
3 95
7 20
67 74
101 136
127 132
66 104
7 73
12 137
102 133
18 110
70 103
49 125
59 76
51 136
49 108
2 125
77 108
45 48
87 149
68 158
33 141
38 158
49 142
64 75
33 39
78 111
88 90
114 127
12 53
43 80
91 144
71 146
2 73
59 71
70 116
85 113
5 106
122 147
120 145
86 148
59 74
23 36
78 123
103 111
17 65
96 137
69 149
14 109
99 160
80 129
86 127
65 105
88 100
85 147
13 96
125 152
66 139
105 126
66 111
108 112
80 157
124 155
97 128
102 131
113 158
42 105
109 127
103 157
1 68
8 67
48 131
20 147
77 148
78 79
15 159
81 98
52 100
10 37
59 123
20 152
38 153
32 81
60 148
13 126
34 82
29 136
91 123
19 138
5 42
45 128
127 134
38 89
5 150
101 134
43 50
100 157
91 112
45 126
10 134
40 77
29 44
116 134
15 148
34 117
78 159
9 43
1 56
66 152
79 131
41 102
138 147
6 28
55 123
9 14
67 134
2 118
29 90
31 72
10 123
45 96
14 19
41 61
12 125
82 115
50 83
44 53
10 67
53 87
65 144
29 65
39 69
91 142
32 107
64 132
22 135
48 58
2 133
2 75
47 143
110 135
69 93
2 82
118 129
6 114
54 121
48 94
16 86
16 80
7 51
3 67
1 11
130 133
26 71
10 102
102 137
86 137
53 92
21 110
46 155
8 64
100 123
28 33
4 23
29 138
8 96
69 73
42 101
15 67
140 150
86 143
81 127
7 126
148 155
82 121
74 93
64 73
30 81
1 124
115 121
111 156
12 92
24 129
69 86
21 33
135 159
55 140
10 126
58 109
14 42
30 87
97 147
71 133
21 156
68 90
71 142
87 95
97 135
7 53
77 128
37 153
14 74
77 97
29 149
18 143
20 60
21 112
83 117
75 106
29 105
39 127
27 89
45 113
100 140
93 133
90 153
101 105
109 145
133 140
46 97
121 147
96 115
45 143
110 137
25 36
35 59
82 137
33 145
14 41
85 149
55 89
19 31
82 97
14 38
121 156
14 104
8 155
49 51
44 101
98 104
128 140
17 35
2 45
16 74
132 157
62 86
51 90
142 145
12 65
39 148
9 104
81 146
35 139
19 147
18 63
10 21
37 131
20 82
54 122
2 127
72 101
29 119
25 60
21 120
97 148
11 147
67 145
12 155
36 116
61 122
96 139
42 74
2 132
37 155
45 78
72 129
42 152
97 118
64 159
55 88
35 74
127 138
102 144
43 101
12 81
82 117
84 148
29 41
81 130
25 75
128 131
70 151
48 128
41 138
44 114
33 96
72 152
104 137
72 91
137 155
9 76
6 159
106 143
81 99
80 114
139 147
34 120
40 82
83 120
52 133
129 154
2 155
15 101
125 147
59 86
99 159
62 136
33 156
6 15
21 127
110 151
25 40
19 154
57 63
70 134
4 160
55 81
53 107
68 89
41 72
13 70
126 130
8 69
15 127
76 78
52 119
28 76
66 154
28 147
28 43
26 117
11 84
66 90
36 41
17 100
117 149
14 84
23 72
13 76
94 105
113 140
114 121
84 150
20 149
111 149
44 66
91 107
27 158
80 104
41 84
61 62
30 123
50 160
86 89
49 149
129 144
83 89
76 119
8 94
65 117
39 157
62 110
26 154
33 110
122 142
1 113
59 125
1 106
87 109
6 66
14 64
2 76
68 130
67 158
4 39
70 83
1 47
24 119
115 125
121 124
72 128
92 131
28 153
89 103
70 142
19 124
18 100
59 117
36 98
18 104
82 122
9 72
117 134
101 120
12 46
56 79
12 62
43 86
107 141
24 86
27 62
93 146
97 131
71 84
13 118
98 143
32 101
66 119
128 159
52 82
39 122
60 77
121 159
6 97
5 124
87 134
52 69
94 136
55 64
110 134
125 128
32 99
46 74
72 95
54 137
35 116
4 135
18 99
17 139
55 82
10 85
54 141
21 67
51 94
125 148
5 142
108 144
50 98
24 145
93 156
14 111
21 59
21 114
132 134
30 121
11 14
46 138
31 59
34 107
47 127
87 90
8 143
87 110
64 117
62 63
37 96
24 110
34 68
77 131
49 86
36 115
24 98
30 75
62 150
27 77
71 110
23 111
43 70
102 157
4 104
4 81
87 94
33 57
1 27
42 55
85 94
35 114
6 40
106 158
58 78
89 139
54 104
35 92
86 107
3 49
4 9
77 136
42 67
21 32
19 21
34 36
60 153
29 117
57 113
21 82
100 110
94 120
32 111
89 111
72 108
76 86
109 157
135 138
11 30
23 25
105 144
27 130
90 142
45 133
18 142
144 160
38 81
3 149
19 64
105 115
96 143
34 64
82 113
23 108
37 49
65 99
60 73
53 61
47 117
16 76
74 138
27 68
88 104
129 156
94 157
8 95
101 160
48 125
113 114
145 154
25 111
38 154
131 144
41 100
15 156
16 22
46 119
40 99
18 66
85 93
27 91
66 79
61 103
34 96
37 58
13 30
76 156
50 58
46 98
46 144
50 90
17 72
26 103
4 26
145 158
60 79
69 148
53 86
67 68
107 126
104 110
73 94
112 155
72 125
37 134
113 156
25 45
131 151
3 62
43 67
9 34
36 105
14 141
64 160
11 144
5 12
61 95
119 129
49 52
103 139
41 46
43 59
106 112
77 89
46 75
133 138
5 17
31 76
42 146
12 146
59 61
53 69
100 146
61 113
63 75
9 31
69 130
10 42
60 137
143 147
2 16
37 72
132 148
67 135
32 136
6 57
94 122
76 144
67 144
84 146
3 94
100 125
75 113
86 113
67 139
80 126
146 151
45 149
3 40
36 117
53 153
54 65
87 104
59 80
50 129
44 63
34 146
23 90
43 63
23 121
25 120
99 153
54 108
61 80
97 160
110 128
121 129
17 55
77 143
79 80
65 109
55 75
28 88
42 44
105 138
69 76
47 68
7 92
47 56
19 84
83 105
41 96
58 142
30 160
20 128
46 150
80 88
132 143
62 138
62 74
5 41
53 93
60 154
25 61
8 157
91 125
50 138
9 115
1 62
89 154
63 67
66 141
101 133
113 115
152 159
52 144
76 143
100 105
38 114
75 118
31 33
30 152
6 70
68 109
61 144
36 49
34 118
34 98
21 117
39 49
23 84
29 140
7 132
72 127
32 76
69 150
70 91
50 140
77 146
65 133
71 73
53 158
22 125
21 94
121 125
4 116
16 139
11 52
40 92
38 122
93 147
12 68
26 143
53 105
62 98
44 160
30 102
33 93
27 96
154 155
44 71
80 136
24 101
24 63
6 160
122 146
96 105
65 91
80 143
148 149
20 118
49 74
62 128
109 143
12 120
99 123
65 86
135 139
54 107
32 93
100 101
24 102
91 160
38 130
72 82
18 67
37 44
18 48
54 94
20 27
106 121
88 129
48 67
43 106
23 24
42 43
52 57
50 126
137 141
14 136
12 51
33 123
49 63
78 136
82 100
41 113
33 147
49 80
11 87
78 144
46 154
92 120
113 127
114 141
19 153
125 132
27 125
6 137
5 81
26 54
13 114
54 77
40 135
58 71
129 139
74 89
70 76
63 74
4 10
35 127
119 152
81 138
90 131
21 138
1 14
38 70
99 129
16 27
27 137
84 122
26 134
119 138
50 82
47 69
33 111
26 80
14 140
45 146
59 73
98 157
43 118
64 105
20 86
37 121
102 132
1 110
112 113
6 64
4 157
66 71
3 38
107 137
45 82
18 153
67 136
52 150
130 136
64 109
28 150
57 146
22 104
21 132
21 73
24 143
17 142
30 95
53 147
43 123
6 117
5 39
113 131
29 133
66 96
43 157
56 143
25 113
40 156
52 159
3 93
35 40
6 155
67 132
100 135
27 59
140 160
59 97
47 98
92 152
41 66
8 128
127 139
69 143
119 151
14 29
6 118
47 97
23 122
13 79
21 35
20 47
21 87
55 83
22 64
49 128
37 56
95 110
24 139
10 93
17 20
108 147
18 53
14 118
32 54
101 119
56 109
58 141
96 129
59 122
103 152
80 87
88 133
33 114
19 65
52 146
72 135
48 153
91 102
73 148
17 59
116 141
57 138
31 44
73 110
17 36
60 63
61 87
3 73
10 153
52 93
81 152
37 74
106 146
111 112
90 133
3 152
9 109
64 115
101 121
123 139
53 85
33 53
43 81
26 87
88 159
31 123
58 140
22 60
3 86
107 136
18 125
60 67
129 152
69 100
68 88
30 151
30 41
56 80
22 93
19 36
16 63
67 82
44 123
63 107
24 66
58 86
12 31
4 84
114 147
68 84
120 149
26 109
95 124
87 116
57 59
45 105
56 151
17 46
27 50
48 134
43 133
51 110
119 128
44 93
70 130
17 115
52 153
132 149
68 125
10 158
116 121
27 36
43 144
149 150
105 131
4 125
71 115
53 139
57 125
51 72
65 115
61 157
48 97
9 120
95 108
40 117
12 156
4 70
18 41
26 151
11 132
99 115
80 100
63 147
97 121
25 90
5 11
16 53
43 69
105 133
43 156
99 126
4 114
18 160
35 50
84 156
21 131
103 112
102 120
95 129
52 63
26 94
74 145
27 98
4 122
15 77
33 157
119 154
28 93
32 65
3 36
1 75
3 15
24 121
55 107
77 159
94 141
70 128
38 104
21 106
34 95
26 91
2 120
33 58
2 105
75 153
56 96
12 41
123 130
31 82
136 146
131 147
12 84
58 139
16 24
59 138
71 93
30 116
90 115
21 79
116 159
15 119
125 151
74 149
8 83
84 137
13 18
21 142
66 132
19 152
3 77
71 135
70 117
132 151
55 122
48 157
138 145
63 115
14 78
112 153
28 61
74 137
26 122
21 98
38 85
16 116
88 134
134 138
59 110
52 53
114 148
115 137
45 138
41 80
9 40
50 148
72 124
21 69
27 111
2 37
95 138
87 89
39 68
101 108
7 94
29 43
1 81
102 103
13 57
107 158
115 119
111 158
31 128
64 121
27 84
4 34
26 119
80 153
17 53
56 116
34 129
81 96
69 155
9 147
71 124
31 114
5 137
108 154
38 49
23 118
125 144
50 87
89 157
36 134
27 33
40 139
61 132
110 117
37 137
151 159
20 154
33 118
65 156
10 108
75 116
14 81
105 134
91 146
83 133
40 43
113 116
36 123
33 152
80 135
39 114
94 144
21 126
82 95
143 160
42 118
75 140
38 69
113 152
39 121
63 113
60 156
55 86
19 94
11 154
45 152
31 48
23 114
43 51
85 105
153 155
2 60
95 140
7 30
94 155
68 75
32 51
84 138
150 157
25 62
33 45
101 102
35 66
66 91
62 157
39 58
40 130
2 85
88 112
90 124
5 76
108 122
77 111
111 145
29 88
63 156
107 113
74 143
82 160
70 75
84 90
122 137
80 123
22 26
45 116
78 157
63 150
45 47
13 135
116 158
23 31
16 30
73 124
28 83
113 122
1 52
1 55
10 101
97 157
34 145
63 106
45 125
48 100
46 108
137 143
59 157
106 134
74 154
66 105
63 79
106 141
85 138
73 115
35 58
83 93
30 136
16 59
9 145
61 102
116 154
85 158
112 141
41 53
19 127
81 148
31 156
20 129
65 97
115 153
93 110
92 127
90 97
57 137
85 145
17 87
49 91
77 139
45 92
12 97
79 150
102 158
29 118
13 146
47 116
25 98
24 51
7 90
43 158
126 151
85 96
148 154
79 97
94 146
95 160
119 135
11 24
70 156
8 97
2 78
3 70
83 129
55 78
67 131
122 152
85 126
54 132
126 156
16 99
138 146
19 144
77 130
53 160
8 42
84 139
53 68
71 130
120 128
61 107
101 149
54 116
51 149
96 99
76 80
30 39
33 73
32 72
111 121
106 115
19 60
8 160
78 116
27 29
64 80
32 50
82 153
84 155
50 91
61 104
12 141
34 135
10 62
98 153
41 119
136 138
28 148
38 156
6 73
47 148
89 95
48 60
2 147
144 145
5 128
11 155
15 110
37 68
8 40
79 108
65 155
105 137
58 66
77 92
20 144
26 101
14 32
67 138
80 122
29 32
37 139
13 78
98 119
27 52
53 132
36 84
40 84
35 56
22 85
130 160
44 54
26 158
81 122
96 102
46 59
90 93
130 155
27 140
24 85
25 104
84 145
9 146
138 152
118 124
10 98
102 129
29 141
16 18
63 66
51 121
31 109
8 154
30 54
15 55
31 121
37 47
50 63
2 46
17 42
100 108
11 56
30 148
117 127
6 131
11 135
63 154
16 113
1 6
61 130
39 160
62 132
66 157
81 88
60 81
13 134
4 62
78 152
104 133
8 26
12 38
96 138
33 88
13 111
86 134
4 147
2 77
15 23
29 146
35 91
96 120
102 147
117 131
2 154
42 100
130 156
102 142
4 77
18 81
3 23
136 158
11 125
47 138
97 104
21 75
10 130
11 159
120 125
55 129
49 73
8 68
43 49
21 99
99 125
40 144
83 112
141 144
25 132
87 138
52 85
116 138
61 111
59 82
89 116
16 123
65 119
100 155
70 96
11 145
59 68
9 66
9 22
116 160
26 27
29 103
20 150
16 58
28 54
92 111
40 90
14 158
11 102
81 129
25 84
153 159
12 47
17 106
64 122
15 50
83 146
21 72
58 150
20 103
78 155
71 107
122 157
133 142
23 34
51 59
80 81
124 138
76 127
51 65
61 114
5 139
22 74
133 135
8 14
106 129
68 133
53 103
21 116
25 153
96 110
11 17
61 125
9 144
22 65
15 136
5 151
139 157
92 106
36 142
16 85
87 118
62 120
63 158
114 140
68 119
13 122
17 70
32 63
68 142
8 109
88 116
9 55
91 132
24 40
127 158
23 143
54 114
147 148
101 103
134 154
64 92
41 44
52 107
105 106
95 100
47 88
10 87
124 129
2 151
51 106
28 110
26 93
96 121
74 101
12 121
20 85
15 99
59 124
143 144
67 154
27 152
63 152
14 68
91 139
39 142
28 159
67 143
33 139
61 99
33 64
52 130
48 70
87 117
42 106
22 119
32 110
1 3
28 155
14 131
34 130
54 153
111 154
21 96
2 15
122 156
84 123
43 140
16 153
74 128
23 107
47 85
87 96
119 122
90 91
43 105
65 116
101 135
67 80
8 34
3 82
74 87
67 73
8 134
94 140
61 88
1 30
115 118
19 135
19 26
14 65
19 92
137 145
38 73
8 142
98 130
17 141
2 93
78 156
50 75
25 135
71 121
58 105
46 87
4 94
55 91
51 100
12 13
13 31
13 46
93 97
32 84
3 53
36 61
23 26
51 154
77 88
49 103
39 79
51 123
85 100
53 148
61 84
19 159
30 89
34 138
58 117
40 142
41 157
7 123
29 93
99 120
20 48
95 116
43 150
23 109
16 108
21 65
80 98
26 86
15 35
50 78
35 117
23 46
57 74
10 148
91 145
102 159
124 156
17 69
44 118
51 92
46 100
94 126
34 110
65 124
39 152
97 99
59 129
34 75
126 144
60 160
15 34
79 123
86 95
59 151
4 139
46 61
20 160
37 156
27 74
7 26
37 118
34 47
88 123
89 156
63 111
28 95
26 75
8 98
123 129
39 116
142 158
138 150
132 155
75 83
12 119
7 46
69 111
4 36
24 146
72 79
79 130
76 151
85 119
38 124
86 105
75 155
64 118
93 122
7 79
2 126
41 50
114 150
77 96
18 89
13 64
128 129
34 40
127 129
17 126
22 124
57 75
63 103
27 86
31 78
27 82
20 38
90 136
7 103
118 140
92 147
81 107
95 151
2 17
37 124
69 144
8 147
2 21
15 107
25 34
71 91
7 151
2 108
70 147
12 23
65 131
26 150
137 148
131 139
31 149
38 123
114 128
41 151
76 135
65 80
85 156
10 76
134 140
24 45
122 160
90 146
23 157
60 123
16 102
16 49
125 137
72 143
98 133
39 76
32 100
99 101
130 137
5 57
5 29
74 139
18 39
33 72
7 49
84 133
48 101
92 145
25 46
18 133
12 106
4 140
8 117
43 151
43 148
25 148
135 144
76 126
125 126
109 134
100 131
2 7
50 136
67 151
129 132
10 34
69 145
32 156
16 110
22 148
7 10
20 33
16 87
86 116
4 113
51 105
89 105
65 143
41 152
18 119
27 70
4 66
29 30
81 151
107 155
19 148
93 108
30 159
36 86
5 86
93 154
29 115
7 130
29 87
56 123
71 77
140 142
7 133
1 134
73 159
111 114
60 107
61 72
52 112
10 68
17 145
25 30
20 141
111 134
14 56
5 131
97 122
66 75
47 121
98 110
32 40
40 160
7 147
15 45
3 68
1 92
140 159
96 150
55 126
52 125
38 90
73 84
61 159
68 93
26 153
3 130
73 96
66 129
38 110
34 77
86 129
137 156
51 96
65 103
52 62
46 116
55 128
24 90
91 95
7 24
59 134
22 79
33 71
54 66
37 79
79 110
100 115
112 127
43 58
11 139
56 105
34 136
104 121
54 83
79 88
41 90
5 9
65 118
104 118
99 156
110 118
23 41
30 55
53 113
56 78
126 160
38 98
134 147
20 41
135 152
44 131
5 68
40 64
107 124
27 106
3 24
66 92
91 154
57 124
23 61
48 154
35 93
81 132
31 88
63 108
94 107
38 55
24 34
97 154
71 102
80 90
56 60
6 39
69 75
1 50
112 125
10 106
67 141
23 110
45 72
24 75
1 94
2 58
6 86
47 55
48 75
88 101
20 36
12 61
101 116
40 59
29 110
58 102
7 66
38 74
69 95
89 130
50 150
103 160
5 101
35 99
15 122
6 99
49 99
73 157
22 59
8 20
90 150
64 153
4 133
90 160
49 89
119 155
64 142
60 69
12 42
10 157
65 74
7 9
33 144
97 113
143 149
32 129
11 88
34 141
118 146
1 10
58 114
16 98
11 48
3 79
2 43
107 143
122 123
1 120
7 145
10 58
23 137
43 89
23 154
26 65
11 115
78 114
56 77
68 69
58 112
1 90
8 100
25 121
29 160
18 91
17 30
112 136
13 147
29 137
33 158
116 118
103 121
35 95
18 96
28 58
97 120
47 109
64 95
68 100
114 118
46 106
3 136
21 90
117 152
65 112
102 128
86 100
5 25
61 108
11 82
31 104
73 125
40 102
4 33
34 66
52 120
114 136
155 160
81 82
40 68
12 49
81 128
78 104
32 118
62 91
11 75
40 158
12 82
104 141
14 85
52 141
31 77
10 35
75 84
71 108
24 100
64 88
25 119
5 64
7 11
90 151
92 144
53 76
29 46
17 148
129 160
100 153
9 52
64 135
14 51
1 64
37 104
91 122
32 148
51 144
81 125
70 132
97 139
51 160
68 134
76 97
36 154
95 154
77 118
22 99
24 104
122 144
10 45
97 101
47 81
44 124
102 117
127 157
22 130
68 72
43 127
26 107
42 127
53 78
1 28
59 147
16 31
42 82
26 104
140 151
64 84
5 96
65 81
57 96
52 94
13 25
6 65
79 133
65 154
49 116
35 118
21 89
150 153
125 155
41 142
46 159
19 48
49 68
63 76
57 142
100 113
10 66
10 88
32 116
102 107
103 131
129 136
7 140
23 79
78 107
47 130
42 56
42 78
146 157
13 112
34 144
41 95
1 155
70 88
11 123
3 30
42 61
116 117
17 156
31 122
12 144
77 147
45 158
118 127
31 71
105 124
10 61
3 110
108 127
100 116
10 124
88 127
10 38
5 37
71 155
32 61
27 112
62 108
48 115
43 121
135 151
59 83
122 159
14 76
18 92
10 160
21 48
45 136
39 146
103 114
118 139
5 95
73 93
23 57
59 92
43 71
23 39
70 146
46 123
65 87
19 28
51 89
86 103
38 46
149 152
66 74
34 115
49 95
62 131
91 105
46 57
2 39
20 113
17 43
5 13
14 124
88 150
78 115
49 157
102 148
31 69
96 97
80 147
130 143
87 145
60 96
84 99
73 129
20 30
27 45
40 106
6 132
28 57
27 44
44 139
15 72
35 157
3 74
145 153
29 100
21 134
75 131
5 6
33 146
10 152
35 145
106 148
4 74
94 111
4 150
34 108
103 132
55 160
78 98
53 101
89 138
115 120
37 128
1 126
156 158
41 56
86 131
119 131
64 114
19 67
1 63
59 99
25 80
98 117
116 157
26 131
64 141
5 132
20 146
81 103
54 90
56 120
77 145
49 132
75 159
16 71
105 125
83 118
45 157
65 140
11 55
2 106
33 35
29 121
8 25
138 143
102 123
95 107
34 143
9 113
75 126
11 157
41 98
63 93
61 105
10 135
34 76
7 13
50 65
56 75
26 97
24 28
103 122
77 132
83 137
11 89
103 115
70 104
32 75
126 154
41 77
21 40
124 158
10 29
82 101
123 153
20 31
56 100
78 102
5 110
96 133
39 80
78 127
2 94
39 125
141 155
91 138
57 89
2 38
73 86
25 102
45 63
17 40
120 131
67 113
11 148
73 136
21 46
69 79
38 58
81 116
34 37
126 139
45 55
89 150
16 120
28 154
96 114
87 128
3 28
55 69
15 43
64 148
85 132
7 135
68 87
25 79
39 135
42 153
86 141
81 131
107 122
94 100
67 116
41 58
6 143
22 112
4 90
85 124
19 116
136 142
22 39
109 119
11 20
28 78
55 136
2 149
22 131
76 87
120 122
22 117
3 150
108 110
92 149
118 131
126 136
88 122
4 24
69 140
112 117
26 29
14 70
52 86
5 60
76 124
134 157
131 157
93 116
43 92
84 129
9 82
46 52
30 131
42 50
68 146
25 136
106 152
24 80
55 156
34 86
101 111
18 52
38 99
16 135
31 43
6 95
95 115
28 158
14 63
103 154
34 78
18 156
20 127
49 141
104 119
117 121
59 150
29 123
82 139
37 113
12 85
24 55
28 64
45 106
127 128
16 88
137 146
33 105
77 90
17 122
14 77
151 154
30 48
142 153
34 83
103 136
7 112
58 157
57 85
10 73
101 109
33 128
51 157
21 57
23 158
74 127
11 59
42 83
24 95
41 73
14 105
59 153
43 124
41 125
34 131
71 72
46 121
9 50
34 88
31 52
88 103
5 136
79 81
119 143
36 136
19 109
71 80
56 84
45 56
88 97
60 64
73 138
24 152
29 50
26 35
129 153
109 128
38 113
97 115
7 62
66 131
51 137
46 141
46 68
65 123
116 126
117 125
18 70
29 61
55 80
27 127
68 86
20 115
110 145
109 114
43 65
83 136
13 82
32 138
26 123
70 78
23 60
22 106
122 158
18 28
66 84
138 158
95 141
29 57
144 153
12 79
119 157
99 114
45 107
46 58
9 112
19 151
74 119
110 143
3 17
10 107
58 111
20 114
15 83
141 150
5 125
42 117
30 52
51 147
23 149
56 89
98 101
7 142
97 140
79 132
39 159
93 120
9 39
47 110
62 160
20 134
36 121
53 94
45 58
71 159
36 95
35 113
28 68
136 145
4 28
4 149
83 91
85 160
37 117
131 154
59 132
108 114
23 97
35 76
71 88
31 120
22 25
59 145
86 152
73 140
2 69
68 91
19 39
76 146
83 148
33 108
35 68
30 124
35 48
30 33
17 76
95 122
108 153
63 98
5 49
55 114
74 125
74 85
84 114
91 111
84 140
15 54
44 107
6 87
26 108
103 108
34 43
67 107
4 101
44 145
19 25
21 102
24 56
74 147
34 50
128 133
143 154
59 136
54 147
58 88
9 118
51 134
10 26
91 94
29 150
128 132
52 122
14 155
26 38
91 141
94 142
98 146
113 154
18 78
39 96
112 139
46 118
5 113
75 124
36 133
82 103
112 159
104 105
110 146
56 88
21 70
47 83
8 74
120 132
45 120
34 151
146 147
83 97
17 97
41 122
85 109
50 113
50 57
20 40
42 96
44 80
17 63
66 107
86 157
78 132
24 79
7 75
38 78
34 109
71 125
78 94
73 83
28 63
2 81
118 144
76 109
77 107
26 140
7 19
126 132
62 153
13 39
104 129
59 65
16 114
24 123
13 81
7 48
39 156
86 87
3 76
49 152
22 87
95 136
26 155
31 95
22 159
48 108
102 118
11 129
29 143
61 152
15 105
68 105
20 88
7 104
57 148
116 125
31 140
44 47
112 154
79 135
79 101
22 134
78 112
95 113
54 100
36 48
44 92
87 88
4 148
20 84
86 120
79 90
49 92
119 136
51 130
96 119
83 158
90 92
43 145
82 133
23 100
8 36
11 73
143 155
55 149
32 143
2 113
40 51
7 88
49 72
43 128
80 158
61 141
39 118
46 105
123 137
71 119
31 63
37 53
49 130
50 108
26 114
16 159
11 36
75 80
95 131
77 127
53 79
67 70
84 88
17 120
64 137
71 92
23 40
138 156
48 141
27 105
14 117
41 71
6 7
99 128
20 95
124 126
45 131
60 120
98 122
64 104
86 132
76 113
22 48
3 25
90 126
3 91
5 118
100 148
75 108
10 110
38 79
36 60
39 141
88 121
6 146
29 107
3 83
22 137
56 102
44 116
61 78
35 141
98 154
70 119
107 146
114 120
33 125
22 160
112 157
68 127
55 77
73 76
8 91
125 160
57 151
81 117
37 51
56 115
36 59
68 97
152 155
21 83
6 37
2 55
69 114
73 109
82 151
49 90
58 93
6 54
39 108
82 108
44 57
70 89
18 73
2 4
45 111
72 96
98 120
105 158
17 135
57 73
126 157
118 133
4 87
80 107
97 105
122 139
88 131
48 88
20 156
3 43
113 134
65 106
9 91
87 153
49 97
35 65
49 112
86 96
12 103
101 140
29 33
115 142
40 112
28 157
59 84
137 160
74 78
41 154
107 159
110 113
38 133
5 34
50 134
13 90
60 116
24 154
29 96
40 53
80 103
5 31
84 158
20 151
41 57
134 146
87 101
66 81
94 97
4 145
68 92
8 139
33 81
98 144
79 107
66 102
28 123
24 41
104 144
50 137
21 77
149 159
87 111
125 142
106 145
5 51
27 154
133 143
55 158
88 135
116 146
69 154
18 60
122 124
26 28
120 141
75 81
59 106
19 70
43 64
46 91
50 131
49 119
3 19
26 41
11 42
