200 4448
16 87
25
30
32
1024
1028
1027
29
29
27
21
1032
1028
29
1023
1027
8000056
22
21
1026
27
26
28
1029
24
1022
28
27
1025
25
21
25
29
1021
24
21
27
27
26
25
1022
1029
19
1022
1026
1031
1026
28
1028
27
29
24
1024
1027
26
24
25
28
25
25
25
1022
1022
25
22
27
24
1028
1029
31
24
28
1032
29
30
24
22
1029
23
21
25
1030
1023
1025
1028
29
29
8000055
23
25
25
1027
1022
22
1026
1028
1026
22
1026
1024
1025
1028
27
1024
25
27
1022
26
22
1025
27
1025
1029
1028
26
29
25
28
23
38
28
22
1027
27
26
1026
22
1025
27
1029
23
26
23
22
1024
1024
30
1025
18
1025
28
29
27
27
26
26
29
1035
25
25
1027
28
1027
1024
1030
24
30
1024
1027
26
1023
30
1026
25
17
1026
1027
24
1026
21
1027
1023
31
30
23
32
1027
1027
1023
1023
29
24
1026
25
1028
26
25
28
25
24
29
28
27
24
25
28
22
19
26
25
1024
154 169
33 157
181 200
168 180
162 180
5 125
94 175
128 183
5 195
4 45
6 36
24 178
63 159
1 82
159 161
119 187
90 133
33 112
41 89
11 94
145 170
45 81
60 176
101 137
5 17
51 58
58 93
95 146
121 127
38 98
117 154
4 83
45 103
42 101
58 74
113 173
141 180
41 109
13 90
15 74
64 159
133 175
16 28
61 183
29 198
58 173
2 106
37 115
32 45
99 153
14 109
157 183
91 124
55 113
60 83
111 191
47 75
9 162
82 86
107 150
18 63
60 125
34 195
45 141
4 96
73 131
37 73
67 87
158 170
8 23
87 182
70 138
175 194
45 156
14 196
125 199
103 107
50 134
15 135
50 157
33 152
29 109
37 157
35 68
79 169
87 200
36 90
11 43
85 160
55 81
66 165
31 146
54 165
84 102
3 95
94 103
48 129
10 91
136 184
26 83
103 123
68 147
38 68
46 138
12 144
58 186
78 101
138 172
89 91
71 111
51 184
63 64
64 177
111 140
16 122
41 64
2 93
11 175
15 72
155 188
142 171
100 181
50 107
100 115
39 184
27 138
9 187
24 196
32 126
21 119
68 163
27 70
4 144
43 196
126 153
37 150
46 161
47 111
45 163
82 134
120 186
153 173
67 72
34 70
3 176
13 165
71 88
33 189
50 138
16 152
128 131
104 119
7 184
103 116
41 45
176 195
71 94
112 185
138 179
59 182
23 91
129 195
143 158
2 49
100 117
73 78
99 150
70 77
60 131
27 200
65 147
112 197
137 141
4 141
158 169
7 121
62 116
74 158
42 184
38 63
26 148
26 126
130 151
5 88
68 136
54 100
16 106
145 178
11 122
6 62
3 12
166 180
15 148
107 124
65 143
82 147
64 196
93 175
89 180
24 128
83 160
26 129
64 137
53 143
7 189
5 67
158 162
158 179
183 193
50 192
84 143
33 117
3 75
19 99
155 192
71 72
51 60
87 96
149 155
118 167
86 131
47 110
26 127
40 64
162 187
156 198
65 67
13 29
20 45
97 189
12 147
38 99
66 198
37 127
25 56
75 144
89 150
9 140
12 57
172 197
90 125
98 198
31 107
15 55
94 140
76 102
41 169
21 192
58 196
13 138
22 144
83 197
70 199
80 93
8 131
33 65
90 139
140 142
53 130
24 109
137 184
39 126
21 117
2 196
50 100
23 175
104 122
145 190
43 185
51 78
24 71
3 106
63 107
31 199
138 166
170 200
104 184
18 86
72 136
96 108
120 199
8 72
14 31
49 132
81 151
17 185
23 200
20 189
6 8
12 43
39 149
19 53
16 83
11 194
1 172
23 166
188 199
138 147
124 127
40 194
81 114
112 160
97 132
51 120
9 197
6 165
113 181
4 166
144 172
21 129
18 123
140 178
32 169
124 156
6 42
105 179
131 190
14 141
114 161
45 137
149 152
20 67
117 125
128 157
75 124
81 150
6 48
78 126
149 196
40 63
73 120
135 149
109 194
126 131
149 191
60 198
43 121
3 6
78 100
74 184
7 85
142 150
74 82
26 84
5 24
17 104
119 196
66 112
167 173
57 107
15 39
74 77
75 197
1 198
31 90
2 90
56 81
4 198
72 180
2 166
10 62
79 90
109 114
84 178
57 110
6 75
93 122
8 113
60 151
115 148
7 156
66 175
174 184
55 159
107 167
16 160
3 25
130 140
32 41
1 86
29 58
75 157
52 128
30 57
25 93
51 151
74 140
103 191
3 136
34 77
92 149
14 87
30 118
120 137
7 83
83 90
95 135
67 83
68 184
2 188
3 192
68 181
64 129
123 182
56 112
74 124
62 176
46 83
129 180
129 152
22 101
35 52
116 176
155 170
91 128
82 151
1 50
61 145
57 86
4 154
86 110
108 168
43 173
12 192
62 137
117 141
8 124
106 118
110 164
105 119
2 160
58 103
99 114
118 190
93 103
62 182
47 107
91 172
34 140
9 143
9 179
35 164
29 140
44 178
24 39
94 126
11 138
74 151
48 97
15 149
15 140
50 126
7 24
108 189
156 165
24 83
120 127
69 143
2 149
53 192
49 144
26 137
57 167
21 139
20 155
21 54
84 162
96 177
69 107
69 158
79 115
110 168
37 151
58 99
13 137
3 170
6 135
22 68
45 50
46 152
20 54
66 105
4 121
21 99
84 150
95 133
84 163
55 151
9 88
52 98
77 191
75 146
74 130
17 144
3 53
9 171
117 188
100 122
43 156
131 180
124 143
82 91
74 91
100 159
128 145
72 131
53 55
151 157
16 162
34 35
166 173
25 99
86 155
36 49
29 150
21 179
5 69
41 83
54 135
123 199
113 185
25 69
61 106
104 107
163 192
85 112
119 120
60 84
59 181
85 192
84 156
19 62
84 115
22 155
25 84
32 55
41 178
171 175
23 173
108 123
90 147
64 173
147 159
105 138
52 118
15 76
50 195
40 135
77 100
14 84
121 150
5 192
8 170
152 199
125 185
4 49
86 190
114 119
8 74
167 169
44 162
83 190
10 63
8 68
34 96
115 185
49 113
7 18
25 83
8 104
52 122
115 196
53 134
80 156
71 188
8 41
157 181
1 182
5 37
59 68
82 97
20 28
32 64
79 129
146 168
30 157
35 137
123 179
96 98
159 195
2 7
52 81
72 167
111 169
165 183
81 86
131 153
106 139
40 77
89 135
40 47
142 164
71 85
90 168
118 170
35 104
75 150
23 168
48 142
73 98
123 130
165 189
68 114
100 173
145 176
28 125
69 149
187 194
45 77
85 166
102 172
178 196
93 119
98 124
45 183
4 188
62 189
188 200
27 30
26 37
18 119
102 129
110 161
39 152
67 90
139 175
35 125
87 177
5 184
35 156
115 153
62 124
180 197
113 114
86 167
78 114
22 84
94 167
110 158
36 139
124 136
21 143
138 190
66 93
54 156
32 133
63 116
78 192
40 160
87 111
20 34
91 169
27 162
158 174
25 150
43 193
148 149
116 193
11 66
109 156
103 169
60 67
80 184
119 149
122 162
128 130
58 175
81 141
3 65
13 174
166 169
79 188
92 105
121 181
26 109
153 175
6 180
50 158
96 139
1 177
132 134
52 140
151 183
35 62
22 138
85 111
33 177
65 135
106 130
44 103
9 33
40 105
54 128
93 154
2 102
173 184
35 83
85 106
53 137
81 192
14 129
67 191
14 177
7 108
50 162
90 199
52 129
87 170
7 140
125 170
5 187
28 113
92 126
8 19
42 109
96 119
67 198
68 109
64 162
99 193
86 96
3 69
85 169
93 101
19 128
115 183
51 162
2 31
154 198
18 186
42 132
11 76
50 189
28 39
57 154
37 76
85 94
106 191
51 103
144 149
131 165
131 169
5 23
85 149
39 69
63 79
19 181
50 165
106 163
10 66
8 149
107 129
48 87
106 166
69 191
32 107
30 99
52 168
94 185
14 29
126 145
45 135
82 196
128 182
107 171
62 155
38 60
68 83
86 159
118 175
78 98
49 148
66 121
11 178
88 157
47 90
3 36
5 124
55 172
91 200
6 161
16 33
41 94
7 155
120 130
44 194
112 113
5 191
153 157
45 138
28 137
68 94
14 104
23 35
74 135
23 165
79 160
34 167
85 186
104 190
2 72
22 195
51 104
73 187
118 174
198 199
67 75
16 52
94 102
90 95
120 190
24 149
1 190
13 72
108 181
13 84
12 175
90 149
57 189
161 180
63 146
32 180
90 176
36 57
101 200
94 177
43 81
132 156
56 99
46 183
89 117
8 15
78 135
55 120
14 25
39 110
21 71
55 147
36 159
144 173
124 187
1 81
78 169
63 171
81 122
50 177
3 157
161 184
33 67
44 174
24 66
77 136
114 173
47 65
12 154
62 88
59 63
23 169
19 140
11 111
163 193
45 158
76 104
72 151
39 134
6 66
63 122
36 96
20 35
97 99
30 50
87 122
141 151
49 195
184 191
3 140
50 166
28 68
48 200
26 56
88 193
32 105
110 142
88 89
17 28
43 67
36 160
103 162
100 187
4 10
77 145
140 182
134 199
119 134
65 172
1 73
24 188
54 94
29 168
89 142
1 195
21 73
15 21
48 176
130 170
22 185
15 110
16 95
11 84
177 183
50 198
170 194
49 133
53 69
23 41
15 165
186 198
43 83
114 197
8 93
52 151
7 145
80 160
68 152
70 81
125 127
22 32
108 163
73 179
49 130
122 140
89 146
66 195
58 85
97 110
184 198
101 147
19 36
97 102
121 160
134 192
1 142
74 152
48 115
51 152
30 75
135 175
14 97
23 187
13 134
34 117
19 105
38 184
30 32
126 198
46 53
80 171
52 91
100 191
17 113
66 185
106 123
139 186
27 58
21 140
9 59
10 115
20 92
137 163
46 51
24 99
86 176
7 164
48 191
56 176
12 38
108 196
27 149
31 70
57 64
32 134
60 133
84 99
85 187
4 192
58 195
27 183
47 115
93 170
46 156
27 159
52 113
63 183
72 87
180 189
31 182
135 165
13 32
116 172
25 186
18 152
132 148
47 127
72 117
17 50
89 103
42 188
13 93
27 177
106 143
106 116
67 107
20 199
89 138
18 120
48 71
52 136
104 148
34 57
130 164
75 105
112 176
128 137
99 175
46 93
18 98
48 95
38 148
54 141
26 30
11 161
142 200
77 95
1 184
113 171
64 101
14 102
90 98
78 170
54 115
34 173
53 109
16 82
131 192
16 171
15 128
128 172
38 114
32 173
70 92
6 158
69 182
47 175
57 143
67 186
158 160
15 91
73 134
42 93
38 42
60 158
107 166
51 63
38 67
103 152
41 55
82 87
71 140
85 142
46 116
2 147
46 95
89 151
91 132
125 184
90 117
107 137
145 198
12 29
173 192
34 145
134 142
3 71
48 159
110 194
18 21
37 165
17 156
111 123
20 104
10 112
75 118
149 194
56 108
150 191
1 118
89 194
60 186
64 185
103 109
161 181
12 53
161 190
63 69
59 185
39 133
11 61
17 131
102 146
128 187
84 138
29 67
65 114
10 26
7 13
41 88
15 98
86 128
77 195
107 121
180 181
111 142
65 77
101 115
95 189
87 165
121 132
150 169
175 200
41 193
71 92
17 133
147 199
63 170
24 172
76 143
74 168
44 71
57 195
39 183
122 196
59 114
79 187
79 126
13 92
105 127
3 109
57 84
91 150
83 108
80 153
70 117
154 184
92 114
53 119
28 90
56 184
176 198
59 154
22 77
140 198
73 155
193 195
37 105
66 103
133 191
97 114
84 147
89 176
25 188
31 130
30 144
36 200
34 108
51 132
4 185
90 116
12 165
60 146
30 147
111 171
92 159
14 147
90 132
56 101
132 144
5 66
29 42
154 172
24 167
81 140
6 96
3 46
130 180
72 106
41 159
114 128
73 199
21 105
130 199
51 167
33 46
196 200
70 130
40 138
4 32
17 64
59 109
69 86
12 174
42 98
26 150
104 185
33 41
66 164
68 107
29 82
29 181
40 87
155 198
19 167
16 100
52 130
76 112
5 113
57 72
2 97
116 131
67 136
56 146
33 143
83 122
11 189
56 172
48 175
83 111
44 138
50 137
47 168
20 159
17 142
64 105
121 149
5 104
111 135
119 191
101 104
122 151
151 174
38 120
48 109
94 131
129 150
29 152
137 173
25 195
70 107
150 174
44 76
22 56
168 187
27 157
21 32
152 183
59 98
24 63
7 49
74 199
67 98
10 54
64 70
75 76
51 138
6 150
136 142
7 142
9 63
37 80
134 153
120 187
134 190
74 131
11 167
71 170
136 167
124 148
53 63
35 91
81 168
24 81
77 87
82 117
108 158
177 189
18 148
178 194
104 113
36 170
25 98
97 130
64 119
15 47
34 103
63 88
72 133
22 116
20 24
6 61
70 121
19 50
34 170
13 123
1 129
73 145
68 118
72 116
43 184
119 185
95 99
12 61
114 141
115 143
44 114
132 172
25 81
21 88
11 78
32 142
9 174
99 192
89 160
28 32
18 115
20 81
24 44
15 159
21 28
50 194
102 196
107 130
94 97
65 175
18 136
16 125
165 169
126 163
119 145
23 82
76 137
102 147
100 176
66 144
53 176
45 92
22 82
136 199
50 53
104 189
23 134
57 69
7 12
127 180
107 160
3 24
47 182
158 181
48 173
109 149
67 78
64 166
28 196
44 175
139 168
16 23
73 153
4 140
170 188
147 177
91 166
114 172
23 137
61 114
80 133
6 105
34 115
29 90
154 194
18 49
31 194
156 182
128 195
182 197
70 147
69 192
165 191
128 163
57 102
4 123
123 195
15 27
56 189
25 176
53 57
88 173
30 162
26 176
35 44
80 128
60 200
158 196
99 173
104 172
28 155
23 106
124 182
44 108
6 52
81 200
5 32
25 66
81 121
28 177
101 116
71 73
30 82
26 29
31 118
43 147
41 56
154 157
102 195
28 106
105 145
128 190
61 156
117 167
96 200
102 103
46 186
18 34
59 200
2 20
82 193
80 183
80 149
94 171
141 170
48 169
46 147
37 88
64 147
56 177
25 67
53 59
108 118
39 156
92 121
46 97
1 199
28 56
127 170
111 177
28 180
91 119
5 197
33 54
49 175
48 117
5 8
137 194
3 177
95 141
54 174
88 156
14 39
67 159
133 197
8 101
10 77
71 147
136 187
57 198
91 107
2 187
171 181
13 158
48 122
68 172
63 148
24 189
13 177
115 147
55 199
35 146
82 131
57 120
29 101
23 118
62 80
77 123
178 183
32 192
125 143
119 175
28 34
94 95
33 197
91 127
104 182
153 189
97 112
70 149
18 194
3 40
71 165
38 121
53 135
29 41
120 172
34 143
103 185
15 111
152 173
79 88
3 37
56 174
14 30
90 162
88 111
46 146
69 144
125 129
198 200
73 192
26 192
72 75
80 110
102 154
160 177
45 161
28 110
46 113
29 74
55 83
14 90
55 114
11 16
92 175
13 81
3 191
24 180
35 46
29 83
53 170
57 182
60 107
52 99
49 138
50 124
52 123
181 198
51 96
80 82
87 176
81 107
57 197
41 135
36 100
144 157
28 96
19 73
78 81
39 186
2 165
76 84
27 176
48 54
52 148
115 195
24 36
45 53
136 143
8 193
22 62
60 149
11 52
76 85
197 199
39 161
10 178
114 155
37 83
43 65
122 154
75 142
42 78
4 159
66 129
120 125
35 36
17 20
113 190
62 87
87 92
5 92
56 123
16 153
131 140
1 72
190 194
36 179
119 127
122 166
113 129
22 122
117 186
126 140
86 171
151 196
46 49
177 184
29 174
29 93
21 95
161 163
49 80
60 102
57 90
1 56
46 133
98 185
109 125
118 138
52 73
113 130
65 130
132 149
10 101
13 193
134 158
48 68
84 85
10 99
43 112
69 129
21 36
151 162
149 173
73 172
1 79
12 115
2 41
107 165
112 172
21 176
94 139
112 195
67 143
101 176
76 185
148 193
16 103
76 150
165 193
36 186
11 151
71 136
69 131
100 150
76 118
123 192
32 77
6 151
73 125
68 113
178 182
5 73
62 133
35 124
64 174
47 189
56 185
20 68
49 119
3 116
10 142
55 122
67 138
15 103
53 87
38 122
158 184
87 135
146 177
58 164
122 172
95 131
162 196
27 142
5 139
104 183
115 144
76 95
17 71
51 192
39 46
110 183
4 33
65 199
12 52
61 87
8 112
56 63
143 199
158 176
67 84
29 158
33 124
36 183
94 174
50 152
161 173
55 124
149 170
62 200
86 146
54 196
188 192
75 166
134 178
43 45
38 170
16 46
23 176
67 111
20 82
36 128
86 136
144 155
103 114
51 77
124 160
70 119
1 145
40 124
20 39
13 141
20 191
186 197
136 155
64 194
44 154
65 131
81 133
132 174
30 101
161 200
42 186
32 90
6 136
22 170
60 66
84 100
20 69
138 175
63 140
26 179
20 137
134 155
91 156
50 81
30 191
18 31
17 108
5 107
29 156
65 107
114 193
105 136
185 197
45 130
59 80
19 88
137 188
34 112
126 192
71 180
1 83
23 115
22 123
113 196
9 161
41 61
3 79
40 80
53 104
2 172
12 198
99 127
125 195
21 141
61 130
23 49
142 181
14 17
21 27
14 57
68 69
30 73
11 198
6 125
55 68
51 124
61 168
15 185
31 63
31 172
123 188
55 75
116 152
23 81
100 184
76 114
77 200
111 128
30 86
146 184
18 48
46 182
60 191
115 199
33 87
136 186
60 109
30 170
8 110
27 113
6 148
22 148
92 122
57 165
15 161
74 191
108 131
109 180
55 111
75 177
3 160
80 188
2 158
24 80
95 136
63 172
97 161
10 116
80 124
59 97
70 159
57 194
15 136
8 14
83 145
12 28
152 190
151 153
113 139
20 109
132 147
13 152
112 175
4 73
2 14
76 100
83 132
66 114
86 179
109 160
15 121
91 102
15 119
147 153
75 127
39 113
169 190
87 98
5 175
149 162
129 184
13 85
112 146
126 165
49 125
35 191
144 181
45 87
40 164
65 160
83 195
23 195
144 165
78 143
159 170
98 120
25 94
149 199
118 159
17 60
167 191
27 55
36 50
70 173
53 92
109 190
6 83
49 67
69 171
145 185
72 177
51 119
69 124
119 125
8 182
6 184
117 132
60 69
74 120
80 140
52 147
32 74
27 74
139 167
4 176
64 109
64 180
17 178
14 53
37 135
116 145
61 108
48 149
29 57
15 92
95 176
94 100
44 187
27 181
58 78
114 159
40 116
158 191
11 154
158 187
42 151
25 175
20 73
57 66
69 81
42 170
79 190
94 121
75 153
105 173
28 184
85 172
59 72
5 172
91 154
106 129
22 54
44 143
148 150
51 115
84 128
97 155
85 189
101 177
20 47
50 140
14 22
6 117
98 128
25 58
13 86
91 98
130 169
79 117
21 30
17 135
23 156
6 178
71 83
28 131
86 187
143 182
48 174
17 122
99 119
30 174
4 12
131 179
187 190
35 110
12 152
105 120
59 150
13 136
12 40
103 190
40 67
37 68
76 80
26 94
13 89
42 164
87 171
43 56
63 97
132 151
119 154
11 181
69 185
44 58
27 145
1 152
71 116
131 163
21 194
35 75
150 176
47 76
8 140
89 161
61 129
60 156
105 129
51 188
95 194
46 165
78 159
63 110
98 163
125 159
89 134
61 144
32 160
131 162
77 80
6 175
178 187
9 94
21 121
20 124
92 150
109 126
153 195
93 188
46 127
51 154
25 132
3 121
22 35
45 143
77 198
72 163
14 95
100 116
41 174
77 130
26 91
54 157
115 119
87 94
69 101
96 162
28 185
97 191
77 148
95 193
88 154
104 126
4 23
8 123
112 193
52 105
13 47
79 182
71 191
2 86
92 103
133 151
9 57
24 116
107 159
22 178
153 194
33 155
170 185
61 151
15 88
7 42
155 160
26 61
24 84
47 49
3 31
29 51
141 169
25 161
19 38
21 127
10 30
8 80
37 156
7 127
31 185
122 145
119 146
68 135
3 77
144 168
163 185
84 187
17 184
70 168
41 43
34 39
12 120
20 62
11 162
31 183
52 197
18 92
87 100
10 193
50 105
59 65
124 166
166 178
171 193
32 140
97 169
126 193
85 146
10 189
119 190
69 105
166 189
25 139
76 166
47 146
34 186
9 95
2 91
162 175
180 187
95 191
70 198
1 140
117 155
73 161
71 152
16 25
75 116
44 153
172 179
21 189
13 103
8 95
68 176
20 56
38 95
55 141
62 105
57 148
52 108
7 157
17 160
58 97
66 190
98 179
51 65
92 104
130 200
68 160
96 186
25 77
99 112
13 64
123 186
59 178
24 190
172 188
9 12
174 189
140 160
10 135
36 192
34 128
117 185
180 200
43 143
19 141
20 164
41 66
163 173
87 101
59 158
116 200
156 159
86 147
45 115
132 140
24 28
18 140
150 159
6 167
2 44
18 144
89 179
99 155
41 123
54 179
13 101
28 54
185 196
76 124
54 142
46 160
59 186
6 58
106 189
54 127
116 168
62 151
122 199
114 149
47 158
103 192
145 158
23 116
49 162
170 192
74 183
19 192
7 75
74 171
112 167
50 119
49 116
59 199
43 87
40 146
39 129
46 80
18 57
150 162
64 110
1 88
48 147
113 144
106 157
14 200
18 33
12 31
52 102
26 69
75 176
11 27
30 92
55 56
15 198
92 131
87 158
3 168
128 158
9 48
146 147
36 83
134 166
123 175
71 138
39 147
68 103
49 177
32 65
163 174
22 73
108 125
17 157
90 158
3 32
116 136
147 180
78 99
6 168
28 195
12 167
161 193
87 112
114 151
24 92
11 97
47 132
129 130
95 183
22 109
133 178
84 181
48 72
12 184
125 152
109 166
63 74
56 125
100 152
89 175
120 194
82 171
19 21
102 163
91 126
108 140
15 66
14 110
27 185
64 81
103 158
26 135
40 108
116 161
119 176
8 154
78 162
75 125
29 136
32 156
71 129
40 161
86 153
135 167
90 171
63 136
17 93
46 130
72 77
8 187
22 191
35 77
2 82
101 128
64 148
8 81
20 132
84 182
8 13
33 74
32 195
114 132
115 182
20 144
9 106
55 85
56 152
46 195
33 101
71 195
120 195
75 179
81 135
29 102
13 113
144 186
102 161
49 192
6 177
79 116
117 142
4 165
13 168
56 171
145 168
129 142
103 115
70 194
147 181
73 105
120 196
9 100
110 193
36 112
166 199
142 187
49 77
171 172
44 161
5 167
177 185
49 154
54 76
4 77
22 88
123 162
22 60
123 148
28 41
98 152
43 50
25 118
120 198
55 179
12 84
56 85
147 175
89 111
116 141
47 141
7 172
23 114
2 175
23 96
4 189
145 200
143 164
125 193
99 187
133 184
46 139
62 67
161 167
26 182
23 32
112 170
45 67
19 188
62 164
37 66
121 162
114 183
150 167
53 147
154 171
3 21
42 77
58 100
56 113
77 131
80 157
24 142
37 51
25 68
39 172
81 87
112 191
35 89
36 68
17 67
37 94
60 127
74 147
129 194
165 173
4 139
112 151
149 200
48 141
65 190
9 188
59 128
64 66
1 158
118 176
4 27
68 80
1 14
24 96
24 69
44 164
185 195
73 186
128 174
32 167
37 192
71 184
21 50
10 88
129 161
20 25
85 118
47 140
76 186
65 125
36 146
36 174
104 180
42 107
2 29
2 139
102 166
53 190
54 183
14 183
141 192
43 132
137 150
98 157
11 195
69 133
101 182
137 175
146 200
40 159
141 193
30 62
69 146
49 89
9 199
46 167
154 192
101 156
166 194
19 33
10 113
8 77
146 175
72 188
79 141
62 123
139 162
89 104
45 157
54 126
41 168
46 59
69 113
63 115
87 139
108 177
67 77
66 109
48 105
31 100
11 113
14 59
82 199
18 40
48 123
106 174
143 169
5 77
91 139
107 135
27 48
30 95
70 137
111 167
96 118
105 172
113 116
142 145
110 117
152 195
149 166
63 186
73 128
8 106
155 194
77 109
87 129
11 191
65 154
88 131
189 199
43 102
38 180
37 152
94 157
95 165
163 177
102 164
95 154
71 95
108 166
31 91
54 110
7 101
41 181
60 105
32 172
18 91
92 144
167 192
27 193
140 181
30 51
150 164
141 163
88 177
54 175
35 39
93 193
89 113
41 129
105 188
3 99
42 79
24 124
16 111
75 91
37 103
89 159
115 133
36 156
55 65
37 78
111 192
96 124
62 90
100 121
31 144
146 154
38 194
118 171
19 95
154 179
79 86
67 189
92 190
7 148
162 192
94 152
40 137
29 75
58 59
146 186
47 72
79 133
107 173
76 153
94 135
26 70
112 186
124 200
9 32
87 179
37 110
26 74
16 154
38 58
42 133
13 45
160 167
15 45
5 89
3 39
64 139
80 151
9 43
40 188
88 121
30 117
9 196
56 178
88 98
11 50
38 177
117 171
38 64
57 141
31 69
8 75
63 158
92 172
113 122
21 53
125 140
108 159
55 88
6 129
10 111
76 175
74 100
154 191
115 194
63 157
87 113
65 145
107 172
65 122
79 154
23 171
20 180
5 154
129 157
120 135
7 174
38 144
73 121
47 73
26 64
35 178
3 101
12 54
36 60
117 172
43 170
78 199
155 159
103 104
76 139
28 73
43 80
191 198
8 38
82 139
85 86
85 185
34 88
32 50
10 127
45 134
2 77
95 171
118 161
81 128
99 124
24 72
114 162
17 183
9 198
33 149
122 155
40 104
26 93
48 102
71 84
193 200
24 110
95 126
127 152
89 155
43 51
73 158
9 31
8 194
17 172
148 170
103 146
32 93
40 49
9 192
37 53
54 78
155 193
3 117
101 112
66 130
5 170
132 146
41 125
107 119
127 146
132 161
45 177
24 38
37 65
68 126
104 193
170 190
153 162
100 163
13 153
42 65
120 159
17 119
62 113
18 102
3 134
44 186
67 129
75 130
108 147
163 197
6 87
88 127
13 57
82 143
50 193
85 101
26 59
89 189
55 161
107 176
50 185
59 173
9 170
131 141
27 32
17 109
33 174
44 132
39 68
101 186
44 136
105 184
105 146
65 148
156 166
45 69
13 102
57 108
140 191
11 136
13 68
115 175
49 53
34 179
61 193
42 106
10 165
46 100
117 150
23 95
119 147
45 52
140 145
13 135
33 56
2 84
11 146
27 75
4 182
38 151
110 119
80 125
50 145
112 119
36 149
26 123
61 77
93 191
36 137
14 113
84 87
110 139
12 161
27 173
86 111
10 86
23 148
172 174
131 150
12 102
72 145
12 166
66 180
140 176
89 109
59 163
2 26
4 38
24 200
126 129
26 71
95 130
25 145
62 132
84 174
36 158
89 165
58 65
12 74
68 93
70 145
3 127
47 62
8 18
96 180
50 175
88 159
48 50
2 169
72 179
66 141
95 106
60 100
146 153
115 145
39 143
70 76
57 59
128 180
38 86
49 51
58 90
9 181
88 189
94 142
8 105
74 123
45 168
56 138
59 137
69 178
20 134
131 193
57 130
48 70
48 167
25 44
122 191
187 197
26 185
16 67
97 106
81 147
91 186
6 78
54 134
12 75
80 146
119 188
89 123
60 147
104 179
66 142
32 81
117 143
70 97
46 196
45 61
34 61
39 102
96 163
79 118
101 196
45 146
113 154
12 48
156 170
175 199
11 137
74 114
174 182
95 186
96 150
27 63
23 69
27 50
115 178
123 160
131 189
147 185
41 186
165 194
1 45
64 136
54 79
27 101
131 188
111 162
7 173
91 188
57 157
68 123
85 103
166 176
124 152
48 96
78 93
15 147
60 172
27 115
159 191
96 184
72 119
145 147
50 86
1 49
11 102
97 178
129 198
38 169
76 101
45 188
133 149
52 181
98 134
108 167
117 140
83 200
92 96
47 106
128 196
77 173
102 117
59 183
104 143
123 178
128 143
66 166
74 157
49 159
7 125
105 159
23 84
45 96
21 191
81 97
47 143
195 199
116 163
121 176
104 166
144 182
40 82
177 195
26 107
55 99
141 181
54 137
29 145
123 127
123 139
48 79
85 156
7 151
119 122
44 82
23 127
35 197
80 187
61 117
175 190
86 133
21 131
82 184
102 113
9 13
25 194
19 171
98 164
51 85
33 70
78 191
65 78
58 117
22 45
13 58
19 175
41 77
32 200
38 115
154 182
101 179
115 193
95 173
65 170
49 120
58 198
19 61
88 150
125 134
2 112
4 164
65 115
72 83
9 28
148 183
56 94
74 177
6 43
165 166
9 128
143 178
136 166
17 98
48 111
73 107
110 114
47 112
22 158
63 163
34 64
121 180
117 136
37 161
15 183
108 193
162 172
28 37
3 120
106 194
151 156
110 127
40 51
21 70
101 198
61 133
79 125
121 185
73 195
25 172
137 143
62 177
120 154
22 136
58 181
52 92
14 153
8 67
3 112
52 54
47 68
6 191
3 190
3 47
30 45
41 192
67 139
114 169
60 101
157 165
119 121
167 170
93 136
119 162
91 161
15 56
113 134
47 116
22 198
46 98
12 114
1 112
7 178
49 194
16 84
96 188
90 183
179 180
90 157
40 125
74 180
37 180
41 139
60 173
2 83
44 99
13 161
54 129
127 185
94 109
68 84
50 132
11 148
46 154
10 78
143 156
77 88
53 169
47 186
54 180
93 174
103 172
12 146
12 95
9 189
36 65
89 181
87 109
129 151
10 141
157 180
44 83
63 173
31 173
33 59
80 122
91 123
55 184
48 101
9 37
38 49
74 144
48 103
117 165
137 190
3 132
146 160
114 146
56 116
168 175
164 200
111 190
125 156
17 153
36 172
136 180
47 94
166 182
144 152
105 135
5 121
12 65
45 102
7 171
41 133
44 181
88 141
56 133
7 119
5 119
133 156
2 142
32 145
23 162
94 132
9 142
35 69
111 141
151 171
31 152
22 180
10 44
75 171
119 174
3 186
82 90
75 138
75 190
76 177
15 152
69 75
8 49
8 76
26 28
88 126
179 194
161 168
76 199
113 152
71 183
66 177
89 133
110 170
22 27
28 62
128 141
39 88
105 125
166 179
26 145
110 189
11 180
151 175
53 191
46 131
57 149
58 114
80 86
19 94
123 151
37 200
56 154
97 136
86 180
135 156
123 145
11 134
42 96
8 24
97 194
7 138
17 30
20 57
113 193
171 177
37 102
8 90
80 158
15 37
50 72
98 188
67 157
41 69
84 107
172 191
81 143
67 178
11 93
72 159
70 177
2 98
111 121
188 191
131 156
82 123
46 194
87 137
3 198
79 105
61 78
18 45
22 147
62 89
83 179
74 189
69 172
28 189
14 188
55 181
154 158
103 182
123 161
44 79
75 134
59 196
60 129
35 188
45 152
23 92
32 130
137 171
3 187
20 186
20 136
23 110
75 107
31 95
83 112
137 153
69 150
26 160
56 115
113 174
124 163
52 114
100 174
19 78
72 162
14 19
14 49
4 194
8 54
38 84
128 133
4 13
18 138
91 187
110 136
21 200
22 40
53 162
135 192
90 196
82 146
77 105
4 153
66 167
173 187
64 124
9 42
108 124
55 86
73 129
22 78
137 140
3 146
53 74
6 7
42 162
25 86
8 78
95 101
122 153
65 174
26 191
168 189
54 104
34 43
33 137
111 161
27 90
32 198
118 158
73 166
11 37
61 90
136 144
18 53
97 193
66 102
55 196
136 160
95 122
112 122
57 163
34 114
15 163
66 75
13 147
143 193
112 169
123 126
32 91
93 139
65 187
124 164
22 26
62 115
55 71
86 196
22 168
11 82
5 50
62 167
7 152
5 53
32 196
16 68
14 72
175 195
17 129
1 29
36 74
74 182
164 176
95 109
94 162
16 176
55 143
18 173
63 198
84 169
43 98
108 150
4 18
49 115
13 118
2 92
73 190
83 101
2 180
13 170
79 177
44 117
32 46
119 128
87 166
15 188
101 150
42 175
32 34
6 143
82 153
163 187
147 167
155 179
23 55
112 142
63 112
2 48
71 192
23 50
182 193
10 104
9 119
131 144
84 158
29 193
135 196
93 156
170 195
85 163
51 111
60 103
26 113
74 118
13 143
1 3
139 161
47 57
124 198
137 164
39 74
112 114
25 128
54 176
37 117
71 187
15 115
125 171
121 188
41 195
153 154
2 32
37 112
11 110
134 135
3 55
123 132
92 128
67 110
70 105
19 39
132 159
47 88
12 20
74 97
7 98
41 176
126 188
30 34
164 197
11 46
10 11
101 142
5 93
72 154
2 153
30 112
54 170
96 199
41 111
81 142
35 138
61 136
100 109
73 142
46 179
138 198
30 153
120 134
8 157
1 113
5 22
93 182
21 167
56 165
119 157
136 183
52 200
19 139
25 26
59 104
72 156
49 121
162 169
41 183
71 185
182 191
33 69
28 160
54 73
71 126
79 151
11 69
17 169
71 110
21 147
123 164
69 187
8 119
104 139
124 197
12 145
77 139
71 81
36 114
10 60
117 146
34 45
57 187
3 110
78 180
23 83
37 85
92 95
103 125
95 184
139 144
31 41
145 163
105 175
22 118
119 172
27 31
141 173
58 188
34 85
31 112
97 166
141 142
160 169
106 113
111 117
51 182
189 191
2 146
54 187
151 158
133 152
164 177
66 134
96 173
42 119
72 158
69 128
4 125
37 98
44 156
16 77
94 179
31 169
39 195
16 168
11 142
81 152
16 147
30 124
57 145
72 82
62 147
2 58
96 140
70 163
39 47
129 160
44 84
109 121
7 58
61 118
142 189
43 167
89 126
49 127
42 85
104 129
72 134
1 191
5 98
29 71
101 154
142 180
19 60
184 186
139 147
50 51
45 55
11 112
100 119
77 120
107 141
43 179
118 184
142 146
102 190
52 115
4 146
117 182
49 103
102 106
53 152
150 152
8 85
40 133
12 135
8 31
65 155
109 196
34 66
6 156
125 187
115 186
71 106
16 127
30 185
6 173
13 109
101 103
109 174
29 73
168 183
48 151
74 116
26 111
11 56
126 168
151 197
63 72
129 181
9 160
44 85
2 34
79 94
124 177
157 163
38 157
2 173
143 145
127 142
73 80
19 174
43 105
125 163
137 165
41 87
68 108
102 135
21 34
16 101
69 175
25 53
151 199
54 60
25 134
27 29
113 159
123 181
174 178
111 164
179 185
179 182
118 143
28 30
47 98
23 68
7 200
45 186
89 116
16 91
31 190
75 97
45 180
4 39
71 82
6 128
48 189
31 97
5 83
56 96
52 157
132 150
70 78
1 74
7 100
131 171
22 199
72 190
156 174
104 173
56 132
50 173
40 92
120 144
85 135
18 58
93 187
69 166
31 155
62 170
12 140
44 131
86 195
90 97
11 149
4 37
54 68
26 77
100 105
50 146
108 144
172 180
124 159
71 118
57 98
162 181
27 167
62 146
17 162
129 170
73 104
25 190
9 103
42 61
24 85
10 67
53 155
127 136
63 83
135 141
39 86
5 87
47 54
156 186
104 136
1 116
89 191
21 61
9 178
5 120
168 196
126 133
40 53
17 161
111 172
144 166
33 190
5 122
83 93
3 98
19 35
5 200
135 147
30 154
112 200
153 161
121 139
101 146
72 97
102 152
70 112
86 116
36 118
1 12
6 110
26 88
20 190
80 94
102 122
1 17
7 147
122 131
28 82
28 119
54 199
74 143
50 179
70 175
17 176
11 168
60 128
93 135
44 195
63 180
41 47
39 100
6 84
33 37
144 188
101 189
5 48
5 85
140 157
38 154
120 165
44 69
108 146
6 176
65 153
77 107
14 120
19 32
1 143
15 176
28 29
129 171
9 159
14 146
111 149
35 151
14 23
65 137
51 191
52 185
22 80
45 132
156 173
80 121
40 154
55 73
53 173
29 99
51 176
120 148
153 192
59 127
93 197
25 109
92 148
86 156
111 151
19 163
20 95
26 73
72 165
47 108
122 190
7 25
174 190
38 166
47 100
36 119
169 182
27 64
108 148
36 154
142 176
25 100
49 88
74 127
109 182
148 188
102 188
22 150
13 190
23 105
53 133
19 145
114 189
70 128
107 132
83 102
163 172
49 176
19 157
22 186
130 139
132 200
53 181
12 136
69 115
28 67
85 179
58 145
59 118
123 141
6 38
78 152
127 163
61 99
11 127
101 126
27 76
147 148
91 173
80 119
23 186
43 126
60 197
39 158
140 187
29 155
5 153
16 170
35 82
14 96
60 132
46 190
2 127
49 98
41 108
57 183
71 107
67 105
46 144
86 164
86 125
78 125
94 159
174 197
20 59
151 191
109 181
69 147
27 178
64 91
16 81
39 114
98 143
68 185
22 121
90 107
103 186
60 155
52 76
168 188
81 119
144 158
140 146
26 130
38 198
120 197
67 81
29 120
79 136
40 177
1 169
33 39
99 109
37 122
80 176
61 155
119 141
46 117
28 156
11 53
144 197
58 149
69 199
11 120
139 165
91 137
153 155
31 114
20 172
76 142
71 120
115 118
147 160
116 127
141 162
36 151
58 123
72 86
33 111
152 194
10 177
10 50
65 84
53 70
9 184
31 134
38 80
91 189
8 139
19 190
31 47
41 155
2 161
32 57
7 134
169 186
68 197
150 199
38 59
1 90
42 81
17 165
5 145
7 139
31 140
106 120
164 184
170 179
39 61
52 150
100 126
13 76
172 194
15 146
47 117
166 185
12 168
115 135
21 72
132 157
37 147
47 199
31 184
40 132
106 165
64 117
3 27
86 134
6 181
72 150
127 145
54 147
52 177
51 156
65 72
18 175
148 156
7 128
180 192
4 109
55 79
148 187
9 147
19 67
91 104
43 150
13 195
75 168
88 188
97 171
38 106
84 180
130 158
24 57
43 125
61 76
61 139
59 129
190 195
35 126
12 173
86 191
117 173
139 184
16 99
4 87
105 181
29 177
40 148
67 119
29 110
72 147
194 197
77 199
16 178
2 143
10 122
153 165
102 192
180 183
33 93
150 195
88 148
40 193
141 148
36 162
11 98
107 110
17 31
7 19
35 90
97 119
66 89
34 196
116 164
101 122
33 188
21 155
76 92
167 190
7 11
168 182
71 133
33 64
85 109
53 195
181 182
101 141
77 180
112 168
37 43
87 157
61 72
81 96
96 99
119 142
147 194
92 184
65 85
16 184
79 89
38 153
49 85
60 80
157 161
44 183
71 151
64 163
141 175
41 42
62 197
154 163
154 160
36 45
2 178
39 159
120 131
100 125
15 87
69 176
8 179
113 195
112 194
41 119
20 157
7 62
148 178
57 144
127 156
20 153
107 120
120 181
11 44
122 164
132 197
22 133
59 77
48 85
41 187
150 163
136 182
41 78
58 153
89 168
80 161
58 190
124 154
139 142
7 27
19 100
87 134
7 141
127 187
140 163
18 189
161 191
46 153
130 154
29 72
7 39
1 159
34 187
24 120
99 110
113 170
78 82
103 128
52 142
63 119
113 143
41 136
99 115
3 104
39 101
30 44
52 189
56 164
12 16
138 157
84 129
42 66
28 118
21 116
102 198
99 159
115 197
96 179
13 53
33 90
26 161
30 145
66 81
100 141
85 136
47 170
141 179
31 189
19 75
71 154
117 168
39 70
23 194
5 27
90 131
11 55
18 105
22 93
9 51
12 116
23 70
102 174
9 152
10 20
88 104
17 27
51 54
120 152
56 137
1 117
45 147
91 121
70 118
36 113
41 141
112 129
96 160
82 155
113 198
121 171
26 115
117 151
105 110
80 196
68 158
92 129
48 161
15 57
161 176
135 153
102 124
115 152
139 171
14 148
175 198
5 183
100 197
72 120
96 141
16 150
67 79
111 118
7 123
117 159
34 192
47 161
70 148
130 146
175 181
15 46
8 45
68 124
86 181
78 168
98 167
43 62
49 136
14 139
16 19
76 160
31 143
41 131
52 137
95 182
126 158
112 120
114 175
21 144
81 111
27 188
5 177
110 187
154 168
31 191
75 79
8 34
122 149
45 47
68 143
33 169
74 96
139 172
151 192
169 183
44 45
43 200
126 170
38 45
130 137
123 198
73 136
19 87
47 160
97 160
78 119
77 144
4 78
77 171
45 184
58 185
4 178
41 84
34 110
93 99
123 134
104 116
81 183
19 122
13 91
109 188
36 198
55 128
52 165
99 182
132 143
16 44
21 135
94 192
52 173
19 22
49 72
40 61
45 139
22 72
74 146
166 187
44 86
6 91
36 127
18 26
65 113
29 190
27 84
160 193
104 158
148 175
58 144
22 53
113 147
98 177
27 94
59 108
163 178
9 15
119 138
20 65
27 85
11 99
13 69
156 177
83 143
3 74
34 120
100 172
41 173
48 112
27 189
65 165
51 148
16 72
69 173
8 69
