20 96
18 9
1
6
2
5
3
1
1
12
8020
4
11
15
17
5
2
2
2
8021
1
4
7 14
1 17
14 19
3 14
4 20
4 17
1 15
10 16
4 6
11 14
7 10
2 4
3 19
5 7
5 16
3 18
4 15
16 18
14 20
6 19
10 19
4 9
4 8
4 18
5 18
7 15
8 9
1 7
6 7
1 5
4 16
4 5
7 16
5 13
10 11
16 17
5 15
16 19
13 15
15 19
5 17
3 16
6 17
2 18
3 5
3 15
14 15
11 12
3 7
1 3
1 19
10 17
9 14
2 5
4 10
17 19
3 10
12 13
5 6
9 13
3 12
5 19
14 17
13 14
12 16
9 12
1 16
3 4
15 18
6 10
3 17
3 6
17 18
1 4
14 16
5 10
4 13
8 13
8 12
10 12
1 6
11 13
10 14
15 17
5 14
8 11
10 15
6 14
15 16
14 18
1 14
6 15
10 18
4 7
18 20
9 17
