20 115
2 11
2136
12289
1427
1098
1359
1086
2189
1062
2133
1083
12292
1086
1069
1504
2139
1112
2155
2113
2159
2076
5 9
4 16
8 13
18 19
3 10
14 15
11 18
9 20
5 16
3 18
2 4
14 20
1 19
19 20
14 16
4 6
3 17
6 14
10 16
1 17
3 20
3 19
12 13
6 16
14 18
3 9
5 7
5 18
2 8
3 7
15 20
15 18
5 13
11 20
5 20
5 10
6 10
4 13
6 8
3 8
3 11
7 11
9 11
1 5
1 7
4 8
3 13
5 11
15 19
4 12
7 19
6 13
3 15
2 5
7 18
7 15
11 17
5 15
17 19
12 16
13 16
4 5
7 14
14 17
12 14
2 14
4 14
4 10
7 17
1 15
15 17
11 15
1 3
8 14
8 10
2 10
3 6
7 20
8 12
11 14
9 19
2 6
10 14
9 15
10 13
5 8
9 14
9 18
11 19
17 20
8 16
1 11
9 17
17 18
14 19
5 19
1 9
1 20
3 12
6 12
7 9
18 20
5 6
2 3
5 17
3 16
1 18
10 12
2 16
2 13
2 12
5 12
1 14
13 14
3 4
