20 184
1 5
13393
342
2674
357
13389
372
353
354
2732
360
345
360
337
358
353
392
353
382
349
380
10 19
18 19
2 8
8 14
11 18
2 7
8 16
6 10
2 9
4 16
9 19
13 15
2 20
10 16
2 11
2 14
6 13
3 6
5 8
1 10
2 12
2 18
9 17
2 15
5 18
2 3
7 16
7 13
7 10
6 7
2 17
12 18
10 15
3 5
6 19
6 17
7 17
5 19
16 17
12 14
4 5
9 20
4 13
1 8
7 19
19 20
6 14
1 16
6 8
15 17
8 17
5 14
7 15
11 17
10 18
15 16
4 17
13 16
9 13
4 12
3 8
13 18
4 18
3 14
5 13
9 12
10 17
11 15
14 20
2 13
9 15
11 12
9 14
8 19
10 20
8 10
13 17
4 11
5 6
9 18
1 4
9 10
3 15
1 19
17 19
8 18
6 12
1 18
2 16
2 5
10 13
7 8
1 2
6 20
7 14
12 13
3 20
7 9
17 20
4 8
3 10
11 16
2 4
12 19
5 17
6 11
4 7
1 6
1 17
1 15
3 16
16 19
5 20
6 15
7 18
1 20
3 9
6 9
15 18
6 16
4 9
12 17
8 12
3 19
2 6
16 20
5 7
14 17
9 16
1 7
1 12
11 14
8 9
14 16
1 13
7 20
1 11
5 12
7 12
11 20
15 20
14 18
10 11
10 12
5 16
12 16
13 20
6 18
4 19
14 19
14 15
17 18
3 18
4 15
3 13
8 11
13 14
4 20
8 13
4 10
1 14
3 17
2 19
10 14
12 15
3 7
11 19
11 13
3 12
5 9
4 6
8 20
3 4
5 10
5 15
2 10
16 18
18 20
7 11
15 19
4 14
12 20
13 19
8 15
