50 511
15 43
45
48
48
6
5
8
6
47
38
9
7
47
49
16
125090
45
8
45
7
42
14
41
13
37
50
51
46
44
43
9
12
52
10
49
9
9
7
13
44
47
10
47
125093
52
51
11
12
11
8
51
20 42
27 32
18 50
17 20
36 43
17 42
22 50
10 19
29 42
8 24
38 46
34 50
18 24
24 42
26 27
16 50
2 25
3 39
10 24
8 12
33 49
18 28
18 44
28 34
9 34
16 24
35 41
23 36
13 34
13 24
23 26
8 9
10 48
12 26
1 27
16 28
9 42
12 32
33 39
13 28
35 43
6 12
21 41
39 41
1 3
32 44
9 16
3 42
28 45
17 43
22 26
12 24
3 41
2 34
1 2
8 26
23 30
27 28
15 45
1 6
11 14
13 27
20 32
13 32
4 28
2 12
43 49
17 46
5 10
14 43
16 27
12 28
8 27
2 16
27 49
26 45
23 31
20 33
33 34
6 40
17 41
7 14
28 29
1 13
14 17
13 40
14 41
23 46
46 47
2 24
12 20
18 22
1 19
7 17
25 29
32 49
16 39
33 37
23 45
29 41
19 35
13 26
21 48
3 16
2 15
19 28
1 39
12 44
12 15
26 36
9 20
29 45
25 26
1 42
33 43
12 40
8 42
14 46
42 50
16 29
1 45
3 27
15 20
20 40
11 36
16 18
12 39
18 25
2 27
9 33
2 39
2 19
28 39
8 34
9 18
8 44
10 43
4 50
22 39
13 18
24 26
15 36
13 33
11 31
26 29
12 17
4 12
8 50
5 43
7 36
4 23
12 18
10 40
13 15
12 29
15 39
38 41
13 16
1 20
27 50
16 45
27 42
24 36
26 42
41 45
17 44
26 50
16 26
2 28
12 22
18 20
6 43
20 34
15 24
1 9
31 46
3 8
9 25
9 29
39 44
9 44
28 32
9 26
2 50
33 36
3 34
25 45
5 49
29 32
45 50
15 28
19 20
8 40
3 12
15 34
20 44
10 47
3 13
9 45
25 44
29 44
8 20
22 24
35 37
1 49
2 10
24 27
27 44
10 36
3 50
15 32
19 43
4 5
6 48
2 22
18 23
3 9
33 38
29 34
27 39
3 23
3 26
32 42
32 39
9 19
12 34
15 25
22 44
39 42
29 50
25 39
18 39
18 40
14 48
2 32
2 29
13 42
39 50
6 19
36 48
15 42
2 44
28 42
37 43
16 40
1 32
7 34
9 40
22 45
2 18
43 47
5 39
19 41
30 33
9 32
17 45
40 44
32 50
16 32
6 29
31 35
15 26
3 22
24 32
3 15
8 25
10 21
17 36
22 41
13 45
15 50
20 23
22 40
16 20
2 9
4 17
21 35
3 28
2 13
2 41
1 24
1 15
32 34
9 24
8 39
10 46
43 46
9 13
37 47
40 50
30 41
22 32
41 47
1 44
9 50
3 7
20 27
36 44
5 14
19 36
7 43
14 31
12 25
2 23
27 40
15 18
8 29
14 21
4 48
9 12
29 39
39 45
32 45
3 20
8 28
23 48
16 42
19 25
10 45
23 24
5 9
18 36
34 39
6 26
34 42
9 22
31 43
43 48
31 47
17 19
14 23
25 50
20 45
27 34
24 44
26 40
25 27
16 44
15 44
44 45
26 28
34 40
18 26
1 40
13 22
28 50
34 44
13 25
1 25
41 46
11 38
1 26
22 34
5 17
14 47
3 45
44 50
39 40
28 44
30 48
4 43
13 29
16 25
2 42
24 40
24 25
8 16
21 43
30 43
9 23
1 29
27 29
4 47
20 24
23 34
25 28
6 22
5 50
3 40
1 50
40 42
20 29
25 32
26 44
18 34
2 26
20 28
15 49
5 36
15 22
15 40
7 10
22 28
1 34
2 45
24 34
16 22
21 38
24 28
25 34
3 32
12 50
3 25
18 32
7 44
5 18
1 22
18 29
38 43
8 32
24 39
8 13
10 17
3 24
23 25
2 8
13 41
1 18
20 39
12 45
18 45
36 49
6 49
13 50
22 27
8 45
15 27
1 16
9 28
26 39
21 36
13 39
28 40
17 48
10 26
28 36
32 40
35 38
7 40
30 31
12 16
6 42
19 23
13 20
20 50
22 42
36 50
21 37
35 46
38 47
21 30
5 31
15 16
10 12
9 15
40 45
19 49
21 49
24 45
8 15
5 7
23 43
42 49
3 44
1 8
18 27
31 33
29 40
12 27
22 25
2 20
9 27
23 50
8 22
28 49
26 34
13 44
33 44
24 50
12 42
1 12
30 46
20 26
16 34
18 42
3 18
15 29
4 10
27 45
47 48
2 33
6 47
20 22
42 45
14 33
6 36
17 18
6 23
5 23
42 44
23 33
3 29
7 48
22 29
4 34
25 40
21 23
17 28
26 32
2 3
1 28
