63
1 1
2 1
3 1
4 1
5 1
6 1
7 1
8 1
9 1
9 2
9 3
9 4
9 5
9 6
9 7
8 7
7 7
6 7
5 7
4 7
3 7
2 7
1 7
1 6
1 5
1 4
1 3
1 2
2 2
3 2
4 2
5 2
6 2
7 2
8 2
8 3
8 4
8 5
8 6
7 6
6 6
5 6
4 6
3 6
2 6
2 5
2 4
2 3
3 3
4 3
5 3
6 3
7 3
7 4
7 5
4 4
4 5
5 5
5 4
6 4
6 5
3 5
3 4
88
1 2
2 3
3 4
4 5
5 6
6 7
7 8
8 9
9 10
10 11
11 12
12 13
13 14
14 15
15 16
16 17
17 18
18 19
19 20
20 21
21 22
22 23
23 24
24 25
25 26
26 27
27 28
28 1
2 29
3 30
4 31
5 32
6 33
7 34
8 35
10 35
11 36
12 37
13 38
14 39
16 39
17 40
18 41
19 42
20 43
21 44
22 45
24 45
25 46
26 47
27 48
28 29
29 30
30 31
31 32
32 33
33 34
34 35
35 36
36 37
37 38
38 39
39 40
40 41
41 42
42 43
43 44
44 45
45 46
46 47
47 48
30 49
31 50
32 51
33 52
34 53
36 53
37 54
38 55
40 55
46 62
47 63
50 56
56 57
58 59
59 60
60 61
61 58










