5000
8224 25124
32 12048
8192 18879
8224 24473
8192 26705
4032 8480
8480 11186
32 1330
32 14608
8224 20918
288 3207
3936 8480
0 14065
8224 11527
0 11776
0 24314
8480 25226
2031 8448
4387 8192
32 11836
241 288
8448 20810
288 9404
8448 13126
8192 21061
0 27417
985 8224
32 21147
8192 22565
8448 9475
288 17484
256 24995
8448 11319
288 18130
8480 21805
32 31017
0 26275
8192 10994
0 27989
288 22493
32 5269
256 26869
0 2531
288 21715
8224 16063
256 4113
0 31931
8448 25090
32 32724
32 29088
2818 8224
7878 8192
8192 11022
256 31648
288 7076
288 31327
681 8448
8192 9009
8448 30158
32 26224
8448 32358
8480 24345
3957 8224
256 6529
0 8713
288 12867
0 27597
32 24957
288 25563
8448 17980
2514 8448
32 1588
8192 9000
5557 8448
8480 25282
256 15322
8192 11970
8480 9988
32 30881
256 9606
256 23421
288 22178
256 29876
8192 26549
8480 10929
288 12718
8448 22022
8192 19140
0 187
32 24681
256 12262
288 28025
8480 27516
256 8376
0 30823
1915 8192
8224 30937
8448 20645
8448 26335
288 15317
7481 8224
256 2270
8224 25193
256 31608
8448 10762
8480 18229
99 8448
8224 30646
8480 21564
256 10526
4848 8480
8448 9415
8448 19140
288 13876
288 18295
0 19527
288 23835
8192 15028
256 21795
8192 12214
8448 12732
8192 12801
288 15201
8448 15095
32 3241
8224 16670
32 4196
0 18130
288 9703
8448 16695
8480 24484
288 27506
4094 8448
8480 23065
6235 8224
8224 25319
8448 11898
8480 11445
3079 8192
8192 31653
8192 15468
288 3489
8480 31979
6916 8448
8224 25321
8224 20374
8480 15501
8224 20414
256 24458
7667 8224
256 23097
256 29812
8448 15083
256 26425
8224 24957
0 25129
3885 8192
8224 22413
8480 10411
288 12997
8480 24180
32 25401
8448 12123
288 5011
8192 31080
0 24876
3302 8448
8480 10179
256 30136
8224 13685
8480 28396
8480 31465
8480 13459
256 3020
8480 10191
256 893
256 31021
8192 8713
32 19765
8224 13657
3904 8224
288 8874
32 26250
8448 9278
0 392
3921 8224
256 11132
8448 13903
0 24646
256 15172
256 21117
256 26260
6078 8224
8192 21996
32 28484
6008 8224
8480 22201
288 1367
0 24908
8224 30028
1284 8448
4278 8224
8448 21076
8192 26818
8224 18927
6879 8448
32 17629
6514 8192
8192 8911
288 27851
0 12976
88 8448
2428 8448
256 20505
32 15189
256 2644
8480 10964
256 31114
8192 25245
32 19113
288 11574
899 8448
8192 24345
8224 15743
1799 8480
8224 30863
8480 30880
6754 8224
256 25905
288 28122
256 30413
0 14016
256 8607
8480 11703
32 8062
8192 30830
8192 18882
8224 29210
8448 17750
0 22564
256 13583
8224 12062
8192 26172
32 29692
32 11135
8480 28033
8480 23003
288 12791
256 7181
0 13603
4128 8448
8192 29304
8224 25404
1931 8192
288 24511
8480 21191
32 8590
8192 27234
256 25774
0 32655
8192 8718
288 502
8224 28327
32 5985
8192 20679
8480 15288
8192 32682
7471 8224
256 16715
2238 8224
8480 23161
0 31442
8192 17709
8448 10306
8192 8475
4996 8224
256 4743
545 8480
256 858
8192 26214
8448 31349
288 4444
0 32069
8192 16635
32 12184
8224 24219
256 9647
0 427
7316 8448
2725 8192
32 3246
0 27201
8224 19090
288 26858
8192 10780
622 8448
8480 22463
256 10745
8224 23577
2628 8480
8192 32202
5642 8192
8192 30087
0 31932
32 10346
8448 22389
8192 23692
32 8752
288 7126
8192 21817
8448 14612
8192 13025
8192 11083
0 7542
288 13133
2418 8192
288 32650
8224 24563
8192 16937
8192 25963
8480 27992
8480 30873
32 2528
8448 15800
32 23548
0 2550
32 19051
8448 8999
8192 15300
8480 10171
0 24074
32 13037
288 3200
256 4414
8224 18366
6434 8480
8448 29701
8192 31737
32 20944
8480 9024
32 25771
32 28169
8224 15432
8480 25256
8224 21456
256 10416
288 31607
8480 24350
32 83
8480 8915
288 1646
288 22856
8480 18714
32 4989
8224 13700
288 7474
32 5004
256 3162
0 12500
288 25805
8480 16919
8224 9277
288 28349
256 19051
8224 15020
32 12698
0 16992
32 19268
8448 32062
256 5389
0 31269
8224 23029
8192 19015
0 5073
3639 8192
0 252
8192 22850
8224 16970
32 24323
256 5437
32 7986
288 32380
957 8224
8480 30848
8192 9498
8480 31377
0 10459
32 27633
288 28291
32 22359
32 32408
8448 29342
256 28665
256 20159
256 14194
0 17405
5518 8480
288 28255
5804 8448
8480 20067
32 22869
256 25073
256 3789
0 18830
8480 27112
32 19922
8192 28703
8480 22812
256 24803
8448 14724
8224 10034
8192 16145
288 2407
32 2605
2902 8480
7765 8448
8480 13976
288 3349
288 15652
8224 19764
288 10783
4652 8448
32 5366
288 14300
2729 8480
288 5761
288 8554
32 21219
8224 27238
32 32460
8448 13795
32 7614
8480 23947
288 25061
2311 8192
8480 13643
8224 8400
8448 25419
32 25410
32 30280
0 20467
256 7583
256 23874
32 12249
8448 11315
32 7462
256 11898
256 26119
8224 29397
8224 27210
2975 8224
0 9275
8448 17315
256 9241
5422 8224
32 24519
5992 8448
8480 10948
8192 21987
8448 27229
256 18037
288 23073
0 20803
8192 29846
7967 8192
8224 21546
8480 8724
256 8300
3134 8192
32 23420
8192 10463
8192 9152
8192 19376
8224 15833
8224 19061
256 31446
0 13524
256 20135
8448 15975
8480 10964
0 3856
8224 29039
288 28045
5191 8448
256 30796
8480 13406
8192 24704
8224 21917
256 23412
256 31431
8224 15903
8224 15788
0 30458
8480 14239
288 23054
8448 20009
8480 29521
256 14335
8192 21298
0 20018
288 2419
8224 32166
32 16951
288 27845
8448 14684
0 10612
256 30730
8480 29510
288 4236
8448 30192
8224 19551
288 2046
137 288
256 16836
0 31788
150 8224
8448 17755
8224 10812
0 6188
8448 17568
288 23567
256 13770
256 862
288 16398
0 2357
3716 8480
32 387
8224 26041
0 28513
8480 19620
8192 21923
256 16860
8224 13741
8448 20744
8192 28809
7318 8224
8480 15926
8192 12208
0 12098
256 11371
8480 27803
8192 10818
8192 10658
8448 22724
288 31873
32 14985
32 4286
3178 8192
8448 26641
32 11505
7539 8224
6159 8224
288 24184
256 19213
0 3806
8448 9413
32 19046
5650 8480
8192 14562
288 13957
32 26768
0 4442
8448 8870
0 16042
32 28206
7394 8480
8224 13588
8224 15987
8224 16254
288 24523
8448 31067
256 31109
8480 13887
288 17116
8480 26478
8480 14438
288 30775
32 31487
32 17539
6914 8448
8224 23981
8480 9152
4500 8448
8480 31530
8480 26607
0 27089
2529 8480
8448 24337
32 18382
8192 17800
288 12652
0 31693
8480 29725
288 17759
256 29564
8448 18396
0 20533
256 26740
8448 20763
7580 8192
8192 25204
256 2311
0 8087
8480 28114
6842 8224
8480 22271
256 22277
256 548
8448 10475
8192 25188
0 28857
8224 20383
0 25455
8192 13798
8448 21968
288 22834
288 15797
0 341
256 23974
256 8752
8448 20139
256 21543
8192 23648
0 12498
8448 26440
288 26613
32 16739
8371 8480
288 14595
32 31486
8224 17883
8448 17746
3161 8224
0 15011
0 11062
256 23700
0 1867
8192 15849
0 2470
256 20799
989 8448
4090 8448
8448 11938
256 3456
8224 30360
288 19109
2917 8224
8192 23909
8480 25865
256 16601
8224 13166
8224 24932
32 27711
288 14638
256 27390
4307 8224
0 22353
256 14428
8480 17821
8192 19566
8192 17878
256 23489
8224 21654
212 256
256 25196
8192 17375
8192 25974
288 22794
8224 10546
288 3804
8448 20625
246 8192
8480 15949
32 25345
8192 22397
8192 30693
8224 21607
2363 8448
288 5013
32 29446
32 9003
6045 8192
8224 29815
288 20460
256 28106
8480 11228
8192 20102
5904 8224
288 6521
256 13778
288 31081
32 3661
256 21488
8480 20988
8448 32395
0 23394
8224 18925
8448 13308
256 22425
8448 13940
8480 28079
8192 8471
0 15622
8192 11401
8192 19836
32 31415
0 1162
8480 29198
288 31260
256 22763
0 3999
8192 17746
256 32091
8448 13538
0 18947
8448 24840
8480 24714
256 9076
256 14393
8448 32457
0 17151
8089 8480
5640 8192
8480 27024
144 8192
32 25839
32 1274
8252 8480
288 26652
8448 23096
256 19166
2066 8448
0 515
288 3034
8192 8262
8480 12088
256 26281
256 13918
3850 8192
7995 8448
256 9463
8192 24818
8192 24771
8448 16266
8192 14553
2023 8448
32 7505
288 18425
0 4545
8192 22323
0 6486
8224 17215
8448 10531
8448 29936
5304 8480
8448 8568
256 10487
256 23515
8224 26915
0 23203
8224 8762
8224 17878
256 18565
8224 8485
8448 21357
256 9830
288 2960
8448 9284
256 32532
8448 13621
288 4155
32 25261
8224 21048
32 2194
288 10306
32 3311
288 23270
288 16364
6049 8192
8448 30718
288 3758
8224 15963
8192 8989
288 8113
256 24869
8480 29975
8192 11963
32 14660
8448 27235
32 15870
0 27719
8224 21974
7558 8192
8192 17939
6606 8192
256 5356
3885 8224
288 2042
256 20516
8480 26348
288 19454
256 22141
8480 24927
8192 24483
8448 16160
256 30473
8192 18266
0 6336
8192 10433
8192 19506
8448 8756
8480 9303
256 9362
0 4139
8224 18126
3935 8448
8192 16454
256 8014
0 23888
288 29748
288 8726
288 21146
4005 8480
7445 8480
288 16192
8192 27184
8448 18426
8448 13991
8480 8836
2006 8448
8224 32579
256 4720
8480 17061
8448 14708
32 7094
8224 31069
256 26862
5018 8448
8224 24397
3645 8480
32 10155
256 23543
8224 26185
32 16452
8192 24747
32 17379
0 13738
32 19849
8480 23493
0 13014
0 22968
256 21896
8224 27984
8192 8431
0 5245
8448 31649
288 11433
366 8192
288 7240
6550 8480
8192 15024
32 15674
256 27179
256 529
32 6219
8224 15708
0 6270
8448 21276
3298 8192
1410 8192
8224 20827
8224 22695
7394 8480
32 24189
8480 19744
8480 32518
4155 8224
4291 8192
32 24816
256 21872
2274 8448
32 12014
32 7473
32 8321
32 10575
32 28731
8480 31759
0 31928
8224 19199
6924 8192
0 8184
288 4346
8448 17651
32 32615
256 8734
256 20749
0 16944
32 372
8480 28921
32 20510
8480 10301
8448 13314
8224 16066
288 9021
3496 8192
771 8448
256 32761
8480 21467
288 16513
32 28172
0 31200
32 25170
32 23773
8192 21206
8224 24829
8192 22621
8192 29525
256 18368
1948 8192
256 27548
256 16260
288 1610
7242 8224
256 12306
8448 28300
8192 26011
288 30812
8192 23206
8448 30098
0 25852
8448 32358
288 5029
8448 30782
8224 18011
32 2244
8192 22847
32 16188
256 14538
32 26645
8480 29189
8224 16061
256 4861
8192 29114
8192 28529
288 11511
288 7631
7771 8224
8192 16479
0 10400
288 28349
8224 14435
32 21388
32 28535
0 21097
6783 8480
256 18974
0 9404
8192 18200
32 32291
32 14876
0 10163
288 1845
0 23045
241 288
32 31269
288 9164
8448 20640
8224 9709
8480 14046
8224 12048
8480 11954
32 19652
256 6192
8448 30422
8448 31167
8224 14349
3695 8224
0 20247
32 3724
32 23492
8448 26227
288 27762
256 20388
0 32713
25 8448
288 20136
8192 25558
8192 29278
5314 8448
288 15134
1205 8224
256 19117
32 3538
0 18270
8224 23831
8192 15168
288 27442
0 29590
0 30614
8224 29831
32 14799
8192 21783
8192 15634
0 5974
6681 8192
8480 20695
256 814
8192 14180
8448 22149
8448 26096
256 10958
0 28109
32 2571
32 2080
8448 20127
256 31633
8224 22184
2631 8192
288 399
288 31763
0 11230
32 6379
7505 8192
288 10139
7471 8224
288 17591
256 8410
256 9684
32 18597
7415 8192
32 7911
8224 28750
8480 19790
8448 23070
8192 15477
256 17661
0 20920
288 6209
256 16199
8224 10424
32 6777
8480 8602
8224 11363
8192 31163
8448 12458
32 18693
8448 30357
256 4646
0 6246
8448 21638
0 15595
8224 31356
5968 8448
8480 30657
6455 8192
8480 11301
32 2826
0 24192
0 32400
288 25580
0 20415
8224 18225
288 10194
0 1153
288 13979
32 11622
5657 8480
2296 8192
0 3149
1107 8192
288 8010
1864 8448
8448 12172
339 8480
3210 8480
288 17101
8448 14222
8480 30307
8192 18629
8480 20167
256 10898
8192 15525
256 7976
8224 16601
32 17496
288 11999
2471 8480
8192 29579
8448 19620
256 13306
256 3961
256 22728
8224 32191
8448 22915
0 13207
32 23648
32 31478
8448 32301
8224 29504
288 22151
288 22297
3149 8192
8480 21624
288 3669
288 11004
8448 17501
32 1156
8448 19524
32 15354
256 6010
0 1647
8480 31925
8192 12909
288 4581
288 29064
32 25195
288 24631
8224 21893
0 16354
8448 22797
0 5948
8480 9316
32 11475
8448 10153
0 4070
8224 31534
8192 9078
8448 25388
0 24479
8192 15285
8224 15657
256 24811
32 32603
8448 26480
256 20495
8448 14621
288 25100
8224 27127
3471 8192
288 22878
6955 8448
8192 29576
288 12499
288 10030
5430 8480
0 25477
8192 15691
288 12912
0 22572
8480 17140
256 19751
288 30700
8192 24594
8224 20222
0 28640
32 13261
0 882
4976 8224
6319 8192
8448 17444
0 27095
5437 8480
256 7444
0 7011
32 4691
256 3322
32 17233
8480 17122
8480 27129
8448 12641
8224 24813
8224 27997
8192 29283
4559 8448
0 2354
32 6516
32 30764
198 8480
8224 19375
256 17450
32 22903
32 3691
694 8480
288 11111
288 23655
4872 8224
8192 12767
288 8310
0 5541
288 18827
256 29827
8224 27272
8480 24285
0 31238
0 31810
256 14639
8448 23873
8224 13357
288 8062
32 9955
6149 8448
288 6619
288 30685
32 19328
7905 8192
8224 14734
4299 8192
0 24262
8448 16530
8480 30950
8480 9718
256 27352
256 20824
288 3882
32 29136
3774 8448
0 378
4035 8224
0 3088
288 20707
8224 17342
1214 8480
32 22577
288 408
8448 17394
6478 8448
1010 8480
0 11663
288 28006
8448 21576
5588 8192
8288 8448
32 366
288 25254
2976 8480
288 30472
8480 15845
8224 29189
2270 8480
8192 16997
5029 8192
6951 8224
0 5471
8192 14779
0 27920
8480 23665
8224 27572
8192 32050
288 1163
256 9326
8224 22452
0 26709
8480 19197
8448 27722
8192 9466
8480 29844
8224 24148
8224 25175
288 7524
8192 11203
4096 8224
8480 9356
6037 8192
8224 10906
8192 31606
0 2817
5492 8480
32 13107
8448 11439
629 8480
32 29356
0 20367
288 22183
32 30408
0 9002
256 1041
6622 8192
8448 19841
418 8224
288 4609
288 23258
0 28745
32 11785
0 18955
288 10403
256 26477
32 31772
8480 28349
256 13125
256 1120
32 29144
288 9996
8192 21073
256 7224
8448 22016
208 8480
7005 8448
8224 21036
288 20123
0 835
2176 8224
288 29212
0 3955
8224 20870
8192 11991
32 23305
32 6295
0 23836
1282 8192
8448 31128
1242 8224
32 10349
32 14759
8224 21140
8480 26705
0 6469
6638 8480
7529 8448
8480 16089
8224 23378
2052 8480
8192 28330
8224 27279
288 21161
409 8480
8448 29323
256 16982
7746 8448
256 13921
8192 14184
8192 12372
8224 10871
8480 11927
288 2108
32 24693
8192 21385
373 8480
256 22315
32 32487
288 6171
0 7101
288 14329
0 1692
0 23477
5683 8480
8224 27280
8140 8480
32 14659
7200 8224
8448 30077
0 3696
8448 26003
8480 25041
32 20595
256 12488
256 8667
8448 11030
288 7880
32 3541
8224 15920
8192 25028
8224 31219
8448 29664
256 11280
8224 15412
288 19476
8480 9969
256 8409
256 29633
256 14956
8025 8448
256 18511
288 2893
8161 8224
8480 22569
1818 8192
8192 9661
0 6011
0 11704
8224 19781
32 27769
256 5866
256 19489
32 30913
0 1517
256 6397
0 11715
8224 18400
288 7178
32 22572
256 10687
8224 23515
288 29381
6415 8224
4733 8224
8448 19276
3735 8480
1253 8224
288 25640
8192 17588
0 27388
5134 8224
256 813
32 16630
8224 16628
0 2193
0 2752
0 17883
8480 23941
0 30871
32 11095
8224 14476
0 2103
288 26862
6445 8224
288 16411
256 31127
8448 30600
0 2752
32 14330
0 25012
0 5625
8480 18259
8448 12929
256 32421
8448 21500
256 17773
2925 8448
8224 17153
0 14830
8224 22872
288 2652
3173 8224
8224 13137
288 29603
5458 8192
8448 27122
2378 8224
32 28577
256 29495
8480 29388
8224 27940
288 29160
0 7767
8192 11420
4811 8480
8480 22226
8480 9953
527 8448
288 23378
256 12543
8448 9576
0 18773
3950 8448
8448 22482
0 15717
8224 23202
0 10744
1519 8224
0 12210
8480 14001
256 12911
32 1987
256 32016
8480 15676
288 10099
8224 31228
256 6307
256 29573
0 31051
6157 8480
288 10865
0 23249
5216 8192
6827 8448
8192 25062
0 22247
8480 31680
8192 9811
8224 22611
8192 9365
256 29597
0 18881
256 874
8480 24619
8480 15307
3194 8224
0 14276
288 7166
8480 23109
3396 8480
288 15195
0 1767
8192 30120
8224 12456
8192 26641
288 8897
256 16310
8192 24439
32 24103
2799 8224
8480 28629
8192 21826
32 18118
8480 19155
8192 19853
8224 32481
8480 9850
8448 17496
32 19214
32 26861
8448 16305
8192 9833
0 12199
8224 15941
1345 8192
8480 29560
288 21072
288 22157
7391 8480
6136 8224
32 25634
256 21674
288 29097
288 4323
8192 19161
288 21832
288 22173
32 8757
288 2905
8192 11604
8480 14624
7535 8192
0 17446
8224 14466
32 25464
8480 14357
8192 14314
8224 14280
256 20305
8448 29232
256 26611
256 16353
2108 8192
3276 8480
8480 16051
8480 14284
0 7724
4219 8192
8480 19006
288 26442
288 10231
32 25553
1743 8480
32 5475
32 21979
8192 29158
8192 14659
32 14049
5110 8448
32 24791
0 22940
8448 11476
288 15565
288 22597
3456 8224
4876 8480
288 23494
0 22484
256 12984
7842 8224
0 32685
7597 8224
8224 31153
3184 8192
256 7475
32 7421
4094 8448
8084 8480
32 363
0 1140
288 23252
32 12273
8224 21579
256 21703
8448 16780
256 18606
8192 11057
288 1839
2085 8192
8448 22197
32 11099
0 17383
8192 14784
0 26421
8480 15470
256 10417
8480 8994
256 30241
8480 19184
32 8018
0 23861
32 19631
32 6862
288 17425
0 26503
0 28633
8192 10710
256 23613
8448 21194
7903 8480
8480 8766
8448 23716
8480 31570
8224 25027
0 23836
28 32
256 21402
8448 10188
0 29931
288 28158
8448 16063
8448 30211
8480 26637
0 28838
0 31492
32 9657
32 19267
32 15348
7244 8448
0 13056
288 3126
32 17358
256 5795
0 6957
8192 17394
8192 8860
0 22710
8448 19292
32 6502
288 4042
288 30294
288 7916
256 13285
0 26186
32 25336
8192 28159
0 15784
8480 15119
8480 15416
0 11259
288 30282
915 8448
32 9298
256 5644
8192 21834
32 19538
0 11432
8224 29087
288 15501
256 32589
8480 20543
288 23273
8224 15065
256 14984
288 32321
256 9054
32 24155
8224 13964
8480 13436
8480 16442
288 5922
256 15590
256 10722
8224 18683
288 10657
8192 11942
2311 8224
1509 8224
8448 12593
256 6881
32 15014
3709 8224
8448 12941
0 25903
8224 16413
32 30735
8224 15956
8480 31789
7660 8480
256 5160
8480 9099
0 8188
8480 22074
8192 16156
8192 12824
8480 14529
32 29519
0 16001
3400 8224
8480 15651
8448 8731
8480 12210
3658 8192
288 10448
0 23726
32 1613
8448 14001
760 8448
256 9406
6837 8192
256 13046
8224 29904
8480 20005
8448 18577
8192 27892
256 28689
8224 22880
288 7499
8480 11882
256 25974
8192 24080
288 5779
32 21373
32 2882
1405 8448
8448 28889
32 3379
8224 13239
256 5390
32 1494
288 13305
0 13216
32 2258
8448 15108
8480 10782
256 22728
32 15867
33 8224
8448 20053
8192 28801
8448 11613
8480 23984
0 32311
32 24094
8480 13811
4984 8448
8480 10431
8448 16761
256 30555
8448 18179
32 28877
32 11630
32 15445
256 16928
32 24483
32 28253
256 30024
8224 16737
256 10091
8480 24748
288 17085
8448 21150
8224 30127
288 22339
0 4066
0 17264
8480 21982
4623 8224
256 15624
288 8119
32 9166
288 17536
8480 23077
8192 16405
3637 8192
8192 11274
32 29010
8192 26736
0 10543
32 13991
8448 24910
32 30324
256 4283
8224 14675
8224 18426
256 8207
288 6974
8192 13967
256 31964
8224 16883
256 7166
8224 13536
0 7068
8192 15895
8192 13736
32 9549
7817 8448
288 27191
32 15563
8224 23012
256 2325
3663 8480
8480 10843
3125 8480
8480 8788
256 29476
7727 8448
32 29653
256 16258
187 288
0 29059
288 27868
7802 8192
8480 27872
8224 22902
8192 11879
288 20543
8192 31136
6541 8480
4376 8192
256 13175
8480 17359
8192 17966
8192 26001
8224 32491
256 8579
5926 8192
288 23293
288 23561
288 4247
8192 18980
8224 30087
4450 8448
32 13610
5436 8224
256 5344
256 15660
256 26653
256 10597
2749 8224
8129 8448
8192 21912
8480 17659
256 16727
8448 30238
8448 11142
288 22077
8192 29162
32 25701
8448 22548
32 11728
8192 27446
8448 28763
8192 22582
0 16698
288 26625
3051 8224
288 5666
0 32104
8448 30099
8192 12193
32 22482
0 10537
8192 27192
256 1328
8480 15751
8192 22449
0 27586
8448 8684
8448 20545
0 27415
288 1540
288 20817
8264 8448
8224 9943
8480 20824
32 28538
256 29606
8480 21073
288 10522
32 21419
1194 8480
8224 27463
8192 29227
8448 19144
256 20582
8224 26723
8192 29039
0 8667
8192 30002
2991 8448
8224 12879
8224 16530
0 8488
8224 17691
0 32055
256 21438
4262 8192
8192 9467
288 24089
2005 8192
0 7375
256 24198
8480 15081
8192 21361
256 23049
288 23128
256 31263
8480 20943
256 18048
8192 22768
32 14649
256 11601
0 2210
8192 9523
256 4918
256 6652
8224 15777
8224 22248
8448 30491
8448 24571
256 22517
8480 9530
256 3697
32 30234
256 3543
0 18745
8480 13253
256 11340
0 22471
288 28760
8192 31015
256 26150
8480 32519
256 16113
8448 16044
32 25953
8480 15389
0 25277
256 22765
0 9308
8480 25941
0 13660
8224 18310
256 16535
32 11580
0 28371
8448 31639
8448 30009
8480 28967
8192 26633
0 11845
8192 9611
32 6058
256 27977
8448 18234
288 30587
8480 32545
8387 8448
32 21281
8448 32282
8448 31786
0 27914
2604 8224
8192 29727
8192 26665
0 1944
8480 26254
0 1633
256 16323
288 838
32 19201
8224 11873
0 20836
8448 29396
288 14657
7358 8480
256 31673
288 7015
0 6286
8192 13246
8224 31798
0 14086
3118 8480
4556 8192
8448 19857
32 18204
8192 23017
32 11252
256 5701
256 30457
8480 24716
8448 30825
0 10000
32 3665
256 7782
8192 10496
2422 8480
8192 29627
8192 18382
8192 30130
288 7740
256 16179
32 28059
8448 30494
8224 19437
8448 23705
8480 13226
32 4356
32 15704
288 15920
32 5980
8480 27851
8192 12304
7967 8480
288 17941
0 1021
288 21227
32 22003
288 958
0 15045
256 13443
8448 14107
8448 8516
256 2680
8192 16824
0 1899
32 791
0 15369
8192 21548
8480 32410
8192 14252
8480 12947
0 20678
8480 22981
7675 8224
0 17875
8448 22064
8480 32233
0 7170
0 11435
8192 31577
8480 10860
8224 25920
8224 30625
7668 8192
32 15253
32 20794
7006 8224
32 16630
0 32015
8448 16890
2863 8224
0 31516
3178 8480
32 6795
288 25479
8224 30051
0 19354
288 17790
32 9339
8448 31118
288 25462
256 19304
32 31812
0 4259
8480 22074
32 31074
8480 8641
8448 12654
8224 8710
6024 8448
8192 16115
8480 32509
8192 29533
256 12154
8448 27519
5922 8480
256 26535
8224 25310
8224 14127
288 28916
8224 24495
8480 20956
8224 17521
8192 19279
256 25125
288 4512
8480 29398
8480 11087
3613 8192
8192 13020
0 6549
8224 27353
32 7566
256 22595
32 20998
32 22290
8480 30677
8192 23823
8192 21031
8448 24294
8480 21551
2940 8480
8480 22298
8192 20866
8448 27714
8448 25419
0 8101
0 11482
8192 16021
0 28736
256 30385
0 31781
8448 24851
8224 12452
32 19915
8192 18012
8448 25484
3011 8192
0 26534
3262 8224
8192 16948
32 22639
32 4759
8480 22862
0 26659
8224 29564
8480 29463
288 23892
8224 16851
8192 26178
0 24133
256 8152
8192 24485
32 7454
8224 17506
32 15402
8224 10332
0 11761
288 11091
8448 12381
288 7071
288 11936
288 14626
8448 15303
256 9340
32 7058
256 20093
0 19843
256 31712
256 20021
288 12598
0 751
0 6944
889 8224
8224 18113
256 13870
8448 15987
0 29267
8480 24249
7335 8480
8192 30582
8480 29243
32 3420
8192 30084
8224 20390
288 12719
5642 8192
256 18484
0 31465
8448 31918
8448 26058
8480 13034
288 6662
4926 8224
7620 8192
0 18716
3368 8192
4070 8480
8224 11720
516 8224
8480 22112
32 24117
8480 32454
256 14114
3104 8192
8224 16697
8192 11604
8448 12984
8480 23488
288 27144
0 21548
32 20045
32 7164
7739 8448
256 26282
32 8491
8480 28532
256 28270
6994 8192
8448 16097
8448 30507
8224 31937
32 26184
1473 8224
5385 8480
288 21338
983 8224
256 32099
8448 15961
256 19169
4843 8448
256 17696
8192 24140
256 259
0 16278
0 4760
288 18548
8448 24303
8480 32143
8480 16429
8480 15177
288 12252
8192 21166
0 27525
8192 29351
8480 18305
288 12657
256 9228
32 19022
288 14491
32 25467
8192 10608
8224 28769
7019 8448
256 1039
8224 14883
288 10216
8480 25653
2713 8480
8192 29148
6991 8224
256 18882
256 25894
8192 14358
8448 16100
8192 15327
288 8935
288 16016
0 17244
0 27100
8448 11954
4043 8224
256 6222
288 22798
32 6529
288 11664
288 32439
2893 8480
8448 29937
8448 16231
8192 11125
256 13686
32 15811
256 20768
32 31180
256 1515
32 22111
8480 8526
8192 11748
256 31502
256 4428
32 32712
288 18248
8480 18889
8448 19385
8480 15398
256 25448
8192 21514
6136 8480
288 9290
8480 12313
8192 12095
256 30718
4820 8448
8192 28176
8192 15070
0 10212
288 3500
874 8480
256 18143
256 30824
8480 29820
7719 8192
0 19008
8448 14701
288 16180
0 26282
8448 10625
0 13430
8224 19588
8192 16955
3365 8448
8448 14127
8224 16485
8224 9606
8480 18487
32 11749
8224 29329
32 30489
8192 20162
8224 19977
8192 27910
256 489
0 15448
0 20657
0 31367
288 30670
8224 27276
32 15639
256 17691
32 1026
6008 8448
0 17176
1164 8480
8192 28070
7224 8448
256 9654
0 15593
8224 19005
8192 13165
32 13718
256 3333
256 16431
256 20411
256 23427
3317 8448
0 22856
587 8192
8448 13033
256 15510
0 25910
8192 29001
32 13403
0 517
32 27662
8480 24167
8192 28685
8480 14373
8448 12488
8192 15705
256 22618
0 19740
8224 17342
8192 23127
256 7232
8480 28886
8192 9521
256 4254
288 4575
288 21377
8480 30661
32 4335
8480 12542
8224 29711
256 17152
8480 14350
0 7558
32 32440
256 17870
288 30021
288 16901
8448 15221
8480 22784
0 16607
8480 31276
32 3205
288 25032
8480 8877
0 19793
8480 31980
8448 21566
8448 18564
0 14574
0 24304
8448 17887
256 11452
2848 8448
8192 31386
4105 8480
8192 19635
288 19753
288 19515
0 640
8480 28488
0 15854
8448 21220
256 9708
256 31584
8192 23674
32 28396
3672 8224
8192 24165
633 8480
8224 20590
8480 15797
0 706
32 3774
288 30153
288 5717
32 22121
32 8126
32 14878
8224 23921
8480 24909
32 24082
8192 29653
288 19875
0 27624
8192 22265
0 8985
8480 14700
0 13749
0 26323
8448 12375
0 15792
8224 15287
8480 13223
288 15043
256 1077
3825 8224
8480 14238
32 30419
5671 8448
256 15084
8192 23430
256 7362
0 16023
32 15412
8448 8528
256 26382
8224 31991
1755 8448
0 24210
8224 8442
1952 8192
0 7412
288 1798
256 17677
0 24140
8224 13593
288 1801
8480 11153
8224 27804
0 28902
8192 11805
8224 18709
8480 15508
8480 9084
8480 10600
32 31980
256 14618
8224 10239
3634 8224
256 28588
0 122
0 18456
8192 29803
431 8480
8192 18149
8448 12916
8448 8483
8192 18837
8480 18669
323 8192
288 16655
8448 8896
8480 19979
8448 20666
288 13067
32 19415
32 15129
8192 26001
0 25234
5444 8192
32 13528
32 25477
32 12872
0 8118
8192 21100
256 5079
32 30321
8480 10911
256 24539
32 15308
256 32631
8224 29367
0 12433
288 811
32 13416
8224 8311
479 8448
8192 27330
8224 15733
8480 18079
8192 28023
8480 21218
8480 15989
8448 28849
8480 27634
4574 8480
8480 8543
8448 16756
32 26443
288 6799
32 28884
256 8561
8448 23905
32 13011
8224 17043
8192 32121
4728 8192
32 14857
8448 12802
5405 8224
8192 21432
8224 32663
8224 27308
8480 22837
8192 18861
32 10597
288 17085
32 23130
0 23238
8480 10847
8192 25992
8480 18283
32 7638
0 18678
0 3586
288 31756
8192 23702
288 13728
288 20804
32 7970
8480 9760
288 12628
8192 30989
8480 20825
256 29045
8192 17422
8192 28222
8224 27550
288 20473
0 849
0 13148
8480 19877
32 12274
8448 26784
0 28433
8480 15460
8448 12045
8224 14340
288 1707
8480 20630
256 31960
0 30346
256 18587
0 30010
288 19785
288 28865
0 9976
0 30225
8224 23349
8448 20800
506 8192
7715 8192
256 31450
32 18206
639 8192
288 26170
8192 15446
8480 15480
256 1161
288 13158
7726 8480
7407 8480
0 4542
8448 9591
8448 20424
8480 11304
8224 27622
8448 30086
288 1009
8224 27722
32 10097
32 25709
8224 21335
5251 8192
8224 21999
32 14666
288 12048
6019 8192
8448 16534
8192 20480
8448 25361
8448 14847
8448 12991
8192 14262
0 10424
256 14639
8224 21609
8224 24918
8224 18755
256 337
5300 8480
8192 24079
8224 20567
32 29732
256 9320
0 11732
288 20090
8224 16237
108 8192
7643 8480
8192 11161
32 17270
256 3151
8448 14110
0 2435
288 2442
8448 15554
8480 15581
8448 13931
8480 19066
256 21020
8480 15130
32 12138
32 1308
32 8917
32 9500
288 13050
288 9414
0 30219
0 1004
288 25469
8224 14295
32 28160
0 13531
256 31156
256 13870
0 666
8192 14331
1865 8480
8448 22449
3042 8448
288 3745
0 18757
8480 31432
8480 23685
32 10729
32 2714
32 6880
256 27734
8448 26930
5787 8192
256 22248
32 4810
288 10398
0 15230
32 2007
32 20859
8480 24467
8192 23777
32 26404
8448 11942
8480 20285
0 5698
8224 17740
8108 8448
32 16649
0 28038
8448 20559
32 916
8192 21804
5491 8448
8480 27188
8448 11656
256 24858
8480 16438
3969 8448
288 32596
0 24079
256 478
8448 19907
0 5098
8224 26505
288 17118
8480 18956
256 31201
8224 18892
8224 17039
8224 22384
8224 32241
8285 8480
8448 10668
7559 8448
1400 8448
0 1159
8224 11476
0 20207
0 30969
32 19418
288 16140
8224 28615
8480 16023
256 22183
256 21562
288 11316
32 17566
8224 28293
8224 13227
32 16095
7163 8480
8224 13519
0 23182
8448 26485
8224 8895
8192 8483
8224 28278
8480 28967
32 16032
32 4068
256 16348
0 18728
8480 10103
0 24761
288 23707
288 9521
8224 16835
32 9484
0 12914
8192 14848
0 2341
8448 24205
288 16774
468 8480
2786 8480
288 19884
0 24285
4851 8192
8480 28773
8448 20514
32 1764
1572 8224
6586 8224
32 20329
8224 16362
0 27958
8224 18451
0 16191
288 3235
8448 22903
8192 22599
8448 11303
8192 28326
8448 29245
32 3406
32 23015
256 30958
7009 8480
8480 27335
8480 29196
8480 29277
0 11199
8050 8448
8192 16993
288 2100
256 13240
8448 32694
2940 8448
256 4253
8224 21424
256 4124
8192 24370
8192 23842
8480 8848
8145 8192
288 3869
7475 8480
8192 9284
8192 29480
288 11037
256 20643
0 20542
256 32278
4052 8480
8224 18987
256 10226
0 11957
256 1320
256 16870
8480 23896
288 18370
288 27845
8224 30675
2413 8192
8448 19231
153 8224
288 26199
8480 29362
8192 29777
288 8534
1208 8224
288 25515
256 17155
8224 13555
6563 8448
0 4449
32 5505
288 5419
288 7591
4577 8224
8480 21309
256 3581
288 11704
8192 25275
288 10062
8448 27691
256 3501
8192 32644
8480 19180
0 7099
8480 15042
2132 8192
256 24566
288 22137
256 3606
256 30793
288 23404
288 25202
8480 28462
8192 27650
8224 32757
0 24698
5744 8480
0 30756
0 26714
8448 10919
0 24489
32 4057
8224 8713
8192 17108
8224 11400
288 31564
288 22419
32 20768
8224 22305
8480 24110
2862 8192
32 12908
288 13419
8224 20021
0 24884
5856 8224
8480 9922
8192 31127
8480 31394
32 12390
8224 16485
0 23955
0 24474
8192 28974
8448 30201
32 3304
288 31201
0 23081
8192 24837
288 1628
288 8034
288 22926
4724 8192
256 6967
288 11433
8224 14679
8448 29974
256 26053
8192 12136
256 7620
8448 16414
32 20440
8224 8438
0 5080
288 31141
0 10563
8448 12491
288 12247
2342 8480
256 20064
32 7942
288 15311
8224 23041
8448 24203
32 9959
0 30220
288 3577
32 677
8192 31061
288 24481
8192 16309
8224 17298
8192 18265
6886 8224
8480 21826
0 28859
8192 23713
8192 23029
8480 25231
256 5773
8224 18942
8480 23851
0 7152
32 1272
8167 8448
429 8192
0 22684
8448 26097
0 14579
288 24545
256 9519
288 25584
0 5218
8224 31217
288 26152
288 24690
288 16533
32 31308
2668 8448
288 14968
8224 21906
548 8192
8192 19906
8480 9478
288 32641
2033 8448
256 2901
256 3494
6450 8224
8224 17900
8245 8480
288 4835
8480 22165
256 14485
8480 24022
2766 8224
8224 32575
8192 11566
32 3215
256 6524
288 14572
288 24637
256 32284
8192 22405
32 25079
8480 11278
256 12316
256 2183
8480 31716
8480 18222
8224 32404
288 24993
0 9687
4849 8480
8192 26219
8448 24569
0 10010
8224 31214
32 22508
8448 12087
256 2459
288 24190
32 6471
8192 8199
8224 17515
6464 8224
8224 14608
256 11930
32 30272
0 1944
288 4286
6437 8192
8480 12276
288 10795
8192 22317
288 1633
288 20228
8448 21349
32 17180
32 15370
8224 26642
288 26099
8224 15792
0 25953
8480 16740
0 9033
32 9456
0 27050
256 23906
288 2589
7751 8224
288 21166
256 5404
32 17642
256 30981
8480 17209
0 17090
8448 10350
8224 8414
0 32157
0 31785
8192 16940
8192 8297
8480 31277
8192 23885
8448 30443
8192 13218
3523 8480
8224 25289
0 12598
288 27241
8224 8252
0 21601
32 8154
8480 23297
0 29430
8192 16249
32 1131
288 25745
288 30553
32 411
4542 8224
256 422
8448 13643
8448 25333
288 23152
288 10928
8224 16826
0 16600
8480 20318
8480 18560
0 17686
32 18491
8192 20011
8448 14033
4563 8192
8192 16438
288 16318
8224 22204
0 19180
8448 25735
256 18113
288 12609
32 6747
32 20496
8448 32291
288 10693
0 30626
32 30551
8192 18327
256 16527
8192 32326
8480 13060
32 10770
8192 25930
8448 21582
0 23143
8448 16465
288 22918
8392 8448
32 28144
0 14161
8224 9015
4677 8480
256 20916
8224 23764
3892 8224
32 30040
6127 8192
32 15843
256 17338
256 23322
32 23421
8224 21831
0 25318
8448 20393
8448 10847
8192 18959
8224 15678
8192 8357
60 288
288 15885
5161 8224
8448 13233
288 20702
8224 11352
256 27762
0 27896
8224 8881
8224 22475
288 28873
8448 9637
0 14663
32 18821
8448 25666
8224 12906
32 20438
0 24424
32 9429
288 31226
8480 25528
288 27290
32 15836
7055 8480
3819 8224
8480 24071
2711 8480
8192 9573
8448 29327
0 3292
8192 26795
8224 23357
8448 12650
256 30989
256 31391
3291 8448
256 31335
8448 12752
8480 31326
288 31880
32 8979
8448 16928
7097 8192
8192 21905
8192 21023
8192 12092
8448 32482
256 12998
8192 14817
32 1829
32 13041
32 13563
0 25298
0 32547
8224 18530
256 10634
1553 8192
8192 8769
32 29589
288 16592
256 30687
256 4044
8448 16205
0 21676
0 8737
288 18904
288 20274
8480 16131
288 3809
32 5051
256 12879
256 16446
717 8224
32 24720
8480 17812
0 30154
8192 10167
288 20917
8480 9813
8480 24727
288 18195
288 17741
8448 13513
288 31642
288 5244
8224 29887
288 9869
32 25164
288 2095
8224 9013
256 10526
1832 8480
288 18831
288 23582
32 5218
256 31281
32 10655
0 16813
8448 11552
32 16233
288 11659
8192 27480
8448 30596
32 13659
8224 10528
8448 21593
256 6556
2962 8448
8480 26959
0 23088
8192 19933
8192 18719
8224 28334
8224 19231
8448 26014
8192 25368
8448 14326
1197 8480
32 23452
8448 25363
7302 8224
288 8740
8224 30324
7599 8224
8224 14047
8448 15123
8224 31532
8448 30988
288 24358
8224 12748
288 28587
32 17230
8224 13733
32 4583
8480 27965
288 6430
0 15691
8448 32445
256 784
256 23592
1575 8224
8224 12782
8448 10425
288 14750
8192 26609
256 2524
8192 16559
288 16563
8480 19585
288 10285
32 10959
32 2337
2645 8224
8269 8448
256 26326
8224 27044
8448 20239
8480 13801
8224 18155
0 15997
288 6645
256 11126
256 12818
0 16368
8192 18032
8360 8480
288 30394
288 26823
32 9870
251 8192
8192 11568
0 27852
0 11648
558 8192
8480 10793
0 16210
0 10780
0 12994
256 317
256 10669
4443 8224
6271 8192
0 5990
256 29109
8192 22748
8480 24304
8448 17797
4168 8480
8448 24928
5602 8448
2781 8192
32 30661
256 29004
8448 32745
8224 20374
8448 27281
32 16171
8480 28891
0 14139
8224 24982
3113 8448
32 15443
829 8224
703 8480
32 20121
288 13360
288 1390
32 10109
8480 27759
8224 14099
8480 8838
8448 29509
32 1478
8224 20196
8480 25762
0 31248
8448 20316
288 24397
7616 8480
8448 30426
8448 32017
8480 25662
256 6724
4643 8224
0 15468
288 16487
0 25462
8192 14449
8192 16150
256 7105
32 4609
203 256
0 21853
0 20998
8480 12405
8480 9024
288 6322
256 28980
8224 11719
8480 32606
8480 9771
8224 18446
8224 24524
8448 12988
0 26882
32 1179
256 5569
8224 16240
0 29972
8192 25253
256 15046
0 17049
8192 29026
8224 27195
0 2143
0 15063
4756 8448
256 15920
8480 18674
8480 24270
32 9585
8224 31385
288 10827
32 935
8448 10601
32 9043
0 8218
0 5007
32 31499
8192 8827
8224 22132
256 5174
32 3727
0 22259
8224 13390
0 15696
8448 14925
288 13028
0 28166
0 7959
4420 8480
0 27191
8192 10202
8480 22728
8448 19860
32 12571
8192 10350
8192 24354
8448 19204
32 2690
0 6986
288 21226
4477 8448
8480 9891
8480 25433
288 26473
8224 28557
256 20858
8480 32108
288 22764
8192 9445
8224 28995
256 29365
8448 29507
32 7387
288 5379
8224 23372
32 10307
32 14569
288 4863
288 28846
256 13893
0 11052
8448 14147
256 12345
32 24228
8480 24806
541 8480
0 3505
0 11330
256 31996
256 30367
32 13758
8224 18948
8192 25209
8448 31008
256 24684
8224 26961
0 20233
8480 15803
288 13225
8448 14488
0 1407
256 18126
8192 13770
32 27079
2127 8192
256 29565
8224 20487
8192 18644
288 25621
0 7725
8448 24826
8448 25144
256 2572
8448 19209
8480 24357
0 14703
0 15000
8480 26241
288 2921
3961 8192
288 32701
0 5062
8224 13199
8448 14684
8480 14245
32 2895
256 1218
32 1696
8448 12062
288 2391
32 28179
8192 14289
32 19481
256 19548
32 4852
32 1281
288 18476
8192 9121
288 19902
8192 13380
8480 31505
3501 8448
8192 16939
256 16434
8224 13605
8224 26314
0 32732
3688 8480
8480 10730
256 10119
288 13525
256 13830
288 27269
0 13111
0 28668
0 22067
288 28737
8448 13936
288 29597
0 31893
256 14090
5516 8480
0 6121
288 7129
256 26611
8224 27435
0 15730
4657 8480
5041 8480
5807 8192
8480 20401
8448 16337
8480 32029
0 23231
8480 22400
8480 11633
0 29622
3013 8448
7585 8192
32 17103
8480 15901
288 20080
8480 23861
256 3370
32 5271
256 26162
1605 8192
0 5575
32 11150
256 5059
0 4157
8448 18544
8192 19984
924 8224
256 23659
256 27120
0 2126
8448 19581
0 10373
7832 8480
8480 25118
0 32232
288 4384
189 8192
8224 10618
256 16035
0 9274
32 18232
32 19711
288 31546
945 8224
0 31716
8224 18031
256 9339
6089 8224
256 16932
0 5424
8448 32248
256 20906
8480 11610
8224 18635
8480 31880
288 32224
8224 10097
7021 8224
8192 13511
32 9946
256 26452
256 7273
8448 22929
1899 8480
8224 30581
32 27316
8448 19083
3404 8224
32 19527
256 32615
8224 12954
32 27543
8448 27332
256 2113
8224 13930
256 15694
7912 8448
256 21026
288 13032
288 14290
8480 16948
8224 17297
3016 8480
256 28012
4652 8448
256 26424
256 2560
8136 8480
288 5848
256 1635
8480 19019
8192 8820
0 6471
8224 21380
8480 15271
8480 19814
288 10760
0 9393
256 11736
0 32628
8224 14255
256 15908
32 28643
288 12505
256 13655
256 11450
256 32403
5558 8480
32 20762
8224 12406
0 17143
0 20623
288 15002
8480 14075
288 24802
8224 13514
256 31099
8192 26133
288 5482
6452 8480
8448 21478
256 13872
8192 9578
288 14971
0 17672
32 7391
0 23552
8224 11701
288 913
8448 18263
32 6415
0 25304
288 6198
0 25842
0 28606
8192 14143
1071 8192
428 8192
288 21751
6188 8480
288 30650
0 28841
0 24041
8192 13632
6294 8192
256 18093
32 3719
8480 17156
8480 22665
8224 25763
8448 14342
288 19812
288 23514
0 4631
32 26467
288 6703
0 28631
8448 10171
8448 25563
7064 8480
4433 8192
8224 18917
32 15729
0 29368
795 8192
256 13071
8224 27499
522 8224
288 29839
0 3671
8448 31445
0 4077
8480 14344
8480 25085
256 19709
0 31013
0 2409
32 2536
8224 26101
8448 29531
8480 25749
8224 16928
256 19221
8192 24472
0 27637
8448 16725
8480 29046
256 11470
0 24309
8480 25431
8480 15480
288 19024
0 8327
8480 25500
32 3133
256 10837
0 19870
8448 10173
256 23595
32 21624
0 25524
256 6649
288 29038
288 2107
288 30533
32 5041
256 6515
256 28543
288 31314
8192 22506
288 30830
256 24845
4831 8480
256 7630
8480 26582
8192 13073
256 373
288 11052
288 25828
7578 8224
32 6049
32 32499
3863 8224
0 11547
288 15987
0 3002
8448 14003
8480 17645
288 3327
256 572
8480 31549
0 12747
0 28384
8448 11220
8192 31232
288 19540
8224 23216
32 21765
288 3212
256 11149
6289 8448
8224 18421
0 5938
8480 26460
6311 8224
8192 22253
32 26505
256 27406
8448 22940
8192 30426
8224 8940
256 22482
0 24347
8480 27087
8192 17657
256 30524
288 14421
8224 31105
32 11795
8224 15810
5759 8480
8448 16842
8480 16865
8224 23874
8192 29522
288 2855
5581 8480
8480 26491
8448 18313
8480 13626
8480 12166
32 143
32 20838
0 12616
288 21375
8192 8584
32 27438
3259 8224
32 25454
8480 27343
8448 29097
256 2978
8448 19662
256 1718
8192 15011
0 21292
256 1885
7152 8224
7022 8192
0 9265
32 9118
288 20500
0 32605
8224 9641
288 26967
0 23070
32 3658
0 16178
1556 8448
8224 9453
8448 25361
256 910
32 19363
454 8448
8448 21010
288 11043
0 32407
288 27343
8224 16307
7802 8448
256 13509
8480 21909
32 1756
256 4289
32 17354
5511 8448
32 28538
0 10825
288 16259
0 20088
8480 13564
8480 17160
32 2195
8192 30497
7385 8448
8448 11544
0 27360
8192 27549
32 7432
288 3894
8192 19478
4076 8224
32 4742
32 20291
32 27171
624 8224
288 2004
256 3271
32 10681
288 24179
2934 8192
256 11113
8224 29903
256 3743
5750 8192
8448 28024
0 10528
32 12163
734 8448
7782 8192
5803 8224
533 8448
256 4673
8192 19784
288 3634
8448 28203
256 1075
5975 8480
8480 32699
5377 8192
8224 15565
625 8448
8192 10513
8480 29622
0 31530
32 26521
0 21572
256 5583
8172 8448
0 28019
8224 9765
8192 22451
32 952
256 4809
32 31947
8480 14637
0 23989
32 18696
32 24081
0 16364
8224 14865
7875 8480
8192 30230
32 27142
125 288
288 31280
8192 9659
8480 12401
256 2732
256 25510
288 8488
6537 8192
256 19160
256 24613
32 7751
32 23438
572 8480
32 23502
4936 8192
3874 8192
1947 8192
288 9319
1307 8480
8480 29135
288 7608
0 29656
32 26105
8224 14463
256 23003
2736 8480
32 988
288 29186
288 6739
32 23201
0 1794
8224 31115
0 3310
32 16640
111 8448
256 31027
0 17795
8224 20806
32 2151
8448 31861
8448 25705
8224 12178
8224 27896
4785 8448
0 19709
32 31524
8224 28782
426 8224
32 27679
8480 18659
6108 8480
256 2055
3766 8224
8192 11736
256 2458
8480 12245
256 18472
8480 22961
0 31681
8224 12547
8192 26850
8448 16703
8192 12977
288 25573
288 1238
288 22776
3980 8224
0 17330
32 2552
0 24438
8448 11961
32 262
0 26304
256 14326
5730 8192
8480 9313
8448 16555
8224 21722
32 29942
288 16549
288 15034
256 12840
288 28583
256 13724
8224 19442
8192 24584
32 237
624 8480
8224 9690
288 7497
8224 26369
0 10289
8448 11008
477 8224
8224 8803
288 7251
288 30068
8224 14681
0 1108
8224 19245
8448 27979
8192 19830
8224 19805
0 10875
8480 28446
147 8448
8192 23495
288 23516
32 648
256 14384
0 27168
32 24405
8364 8448
256 30580
256 23996
256 21965
2732 8480
8192 27048
8480 9522
32 21391
256 12339
288 31930
288 9947
288 17099
0 9708
32 3004
288 16214
0 22037
0 11273
6498 8192
256 20487
2788 8224
32 17597
0 6791
8192 23955
288 15380
8448 23234
8224 20648
256 15973
256 17509
8480 30676
8224 13415
8448 22829
8192 12537
288 2867
0 28681
8448 29532
0 986
8224 16421
288 27129
4009 8192
256 1650
256 25714
8448 24387
8448 23695
256 11281
256 24294
288 3610
32 13004
1131 8192
0 13779
256 28755
32 9187
0 15895
32 9613
0 1511
0 6299
8480 14609
256 18156
256 12149
8224 32639
8224 10553
0 17869
32 6334
32 2908
0 18642
256 10129
8192 13095
32 454
6915 8448
8224 8604
8448 16442
288 6546
8480 15962
0 32727
256 27685
32 26973
0 20292
256 6959
8448 30777
8224 26116
8224 23190
8224 24596
0 30060
288 28970
8480 24583
256 25851
256 3800
32 30646
32 25779
256 4316
8480 25659
8274 8448
5530 8192
0 20917
8192 29813
2541 8224
8480 31262
0 25349
6156 8192
0 6713
256 13961
256 9297
2987 8224
8192 23598
32 24197
8224 32675
2718 8192
256 28294
32 22435
256 24582
0 31064
574 8192
256 19412
8480 14347
256 8174
32 26907
8448 11251
6215 8192
256 29850
256 13347
8480 16953
32 21971
256 30264
8480 25120
8448 21702
0 16587
5836 8480
256 7712
8224 22559
8192 27343
8192 13818
256 3576
8192 12715
8480 32133
256 11148
8448 12476
2613 8192
288 8468
256 25072
8448 19784
0 12398
256 29355
184 256
256 28859
2919 8448
288 2808
8224 10008
8480 31991
7451 8480
5298 8480
0 13931
0 18210
256 5347
32 29456
0 11438
256 17960
8224 29184
288 30799
3843 8224
8192 20790
8480 13845
8224 11311
0 25648
8480 28224
8448 10153
0 8822
32 16158
8224 12412
256 9386
32 24940
8448 22874
32 9957
288 1253
8480 22622
8480 15767
8192 23226
32 3215
8480 26140
554 8192
8192 24060
288 28351
0 28539
5005 8224
256 27123
256 24561
32 1491
0 3805
3498 8192
0 14469
256 7553
0 11355
8224 27758
0 10046
256 21606
256 14830
3155 8224
8448 29636
0 18534
256 9632
8448 13487
8192 20770
8448 32235
6173 8480
8480 23709
8224 16456
8480 22112
7991 8224
0 10619
650 8480
5814 8480
32 26725
0 32108
7200 8192
8192 32226
2879 8192
0 5591
8480 26276
8448 27484
0 25603
0 14822
0 13207
5538 8224
8480 32275
8224 30984
8448 32476
8224 20659
0 3701
32 31088
288 12602
8192 25749
8192 32338
8224 22164
288 29407
256 29647
32 1399
4014 8192
288 3544
8448 29167
8448 21719
0 1598
32 24730
32 10758
256 20743
288 3206
8480 24700
8192 21799
8224 23745
32 1037
32 11323
8192 16620
0 13154
288 3101
0 11893
256 1521
32 21356
8192 16453
8224 20526
8224 20054
288 30980
1751 8448
8448 15181
8224 11329
256 10356
32 28523
32 11552
32 90
32 18602
8448 8538
256 22740
32 28749
288 19896
8224 23108
288 23038
8224 27980
8480 29522
256 31883
0 14101
256 19083
256 1875
256 11733
256 29686
8448 25538
8224 17465
1422 8224
288 13407
32 21422
8448 15268
0 19299
8448 28276
8192 14992
8224 20699
8448 17865
8224 11581
5292 8480
8448 17223
6260 8448
288 25381
256 8395
288 18677
8224 13024
32 19580
8192 22202
256 14616
32 20172
8480 25078
256 28105
8192 18053
8192 32441
8480 23339
32 29517
32 18998
0 19567
0 16661
288 28958
7624 8480
8448 26489
4245 8480
288 9241
1533 8480
288 25508
8224 27886
8192 17055
0 11578
32 1924
8480 25160
8448 21269
256 11786
8480 10991
256 14382
4706 8224
8192 11673
0 9600
8448 21521
0 27252
288 1593
288 19734
0 11203
8192 30908
256 481
32 1106
8448 18428
8192 9389
8448 9385
8224 22812
8224 22233
0 17984
1871 8224
0 13086
8448 20056
8224 23667
8224 16822
288 4679
0 7901
256 21445
256 25954
32 23882
8448 30128
32 23740
256 2045
8224 16413
0 3964
288 21088
288 24020
6779 8448
6866 8480
8224 12477
8192 25690
8224 32354
8448 10916
7013 8480
32 7333
32 16021
8192 14538
8224 29675
0 21996
0 3355
8480 14465
105 256
2063 8192
0 10686
32 14567
0 8699
8448 15887
8224 8333
6016 8448
256 6978
288 4241
6234 8480
8192 17076
256 26338
256 12384
8224 12605
3150 8224
7684 8224
232 8480
32 29456
3071 8224
288 28372
8192 17084
8224 19440
32 4569
8448 8964
8480 19984
7874 8224
288 10452
8480 13896
8192 23872
288 25004
256 10573
256 31960
256 26439
8480 19608
0 23426
256 23025
2633 8480
288 6069
8192 10775
0 1620
256 1546
0 18933
288 25748
32 26309
8480 18036
288 6031
0 4580
32 29326
8224 32276
8224 20607
8192 21208
8192 10745
256 20637
8224 24321
8480 21666
0 7386
256 3429
32 22042
8448 21339
32 259
256 31203
288 4111
288 11389
256 22733
0 11319
8192 23788
361 8480
8480 10645
8224 30114
256 16639
256 27106
0 16957
32 23818
256 17242
288 13968
4519 8192
8448 10615
8224 19540
256 17279
3390 8192
8224 31897
5128 8448
8192 23197
0 10093
8480 32063
288 8404
8192 9792
288 22053
4577 8448
256 21980
8224 13213
8224 10588
256 11031
4485 8224
1362 8448
32 29064
7712 8224
288 23546
8480 13789
8224 30248
0 3932
8448 9643
8448 10786
8192 15420
8448 27858
288 5577
8448 21481
288 23752
256 30891
0 26827
32 1118
8224 27476
0 25525
8192 24299
288 20111
8192 27759
8224 30690
8224 15018
8448 31217
8192 23591
8448 21190
0 20296
0 1244
0 17555
0 12316
256 8013
8448 14090
8448 25674
8448 17473
256 2819
8448 17437
256 25833
8480 9911
3833 8448
288 32278
8224 8593
8224 19619
0 4738
0 6110
8448 32102
4944 8480
8224 17972
0 30656
32 18961
8224 23210
4713 8480
6637 8448
0 15935
288 12228
288 5569
288 759
8480 31776
1875 8448
8480 13214
0 16983
8480 10217
2096 8448
8480 12967
256 1256
32 3666
8448 26074
256 27462
288 14185
288 23320
32 19185
1578 8192
8480 14590
8224 24444
8448 21436
0 19141
7599 8224
8224 26819
288 6308
32 32207
232 8480
288 9908
8224 18615
8448 20417
8224 26615
8224 8733
256 21543
32 23387
288 13458
8480 17230
8480 9928
8480 13343
32 10062
8224 26780
32 29333
32 1235
8448 29225
3296 8448
2603 8448
8192 15875
288 23297
0 32246
0 19276
288 21629
0 28186
256 9022
6494 8480
4051 8480
8480 16541
8448 21534
8448 26601
8224 26844
32 17171
8480 15997
8480 21789
32 30772
8192 9198
8480 23882
8192 21577
8192 29879
8448 16896
256 32499
0 26725
256 16906
8480 12034
256 23535
288 28298
288 3858
32 16911
8192 15668
8224 30836
32 1146
288 14886
288 12993
288 14087
256 818
8224 28843
8192 23062
8224 29895
32 29419
0 7142
32 13495
8286 8448
256 8348
288 8579
3757 8192
288 26394
288 11520
8448 30993
8192 29956
288 24429
0 2837
256 7811
288 15438
8192 17259
0 3743
5298 8192
5919 8480
32 15183
256 2723
8448 30680
32 15503
8480 14326
32 32748
256 8215
7867 8480
8480 23906
8224 23433
8224 21488
288 12612
0 32057
256 17741
256 2764
8448 16334
8224 8516
32 32334
8224 16247
32 21635
256 9712
288 20327
8448 21152
8192 11918
8448 25808
1974 8448
8480 32090
8224 18592
8448 28441
288 2846
288 21406
8480 28526
8224 22564
288 28870
8224 22214
8192 26672
32 4080
256 12696
288 6164
8192 10019
8480 19870
8192 26307
8448 27433
5641 8224
2547 8192
32 6202
0 10382
8480 27300
2521 8480
0 6962
47 8192
3391 8480
8480 30942
168 8224
32 23515
288 3877
5044 8480
5081 8192
256 20933
0 12583
8448 25263
0 26824
32 9990
0 31258
32 1098
8448 31419
8192 25113
8448 23895
0 1954
0 23230
8480 27997
0 28986
288 22266
32 28191
0 18839
8480 13731
288 12853
32 15600
0 20589
8480 27256
8224 14687
32 20617
256 1772
288 30241
32 1829
0 8707
2 8448
256 23562
256 23384
0 6334
8224 20229
256 17189
8224 21869
256 6364
256 2603
288 3173
0 16128
8448 8643
256 23823
288 31044
8224 26189
8448 31903
8480 11059
8448 25150
2230 8480
8192 31453
32 17016
8480 32084
32 19776
8192 17585
32 7592
8192 13450
288 20245
8224 14226
8448 14060
3177 8224
32 14339
8448 21689
8480 27222
6782 8448
288 27388
8224 16293
8192 26713
3033 8192
288 16020
8448 19610
8448 14411
8224 15247
256 18310
7965 8224
0 19178
8448 22840
8480 13104
8224 22649
0 7381
256 8049
0 12818
32 22078
8448 26894
288 6747
8224 29267
189 8480
32 27518
8192 32283
256 10811
8480 10637
0 13169
3416 8192
256 12986
8480 31240
1558 8448
32 4032
0 12768
8224 29135
32 20737
8192 22659
8448 21859
8480 30018
8192 11433
288 23766
32 7453
0 27657
256 28393
256 23154
8224 13707
0 28558
0 19843
3603 8192
288 25166
256 2432
0 4248
288 31225
8224 30894
594 8448
288 21810
0 15466
8192 27154
8448 16314
32 24506
32 30253
8448 24201
8480 13106
0 32386
8192 16656
8224 24389
8224 22651
8224 31805
0 13924
4378 8192
8192 17429
32 8834
288 1404
8224 32515
0 16839
8480 19533
6706 8448
288 29854
797 8480
256 2173
32 21346
288 26795
8224 24037
8224 19543
288 18797
8480 30609
6834 8480
8224 13825
8480 9399
288 28121
0 21337
8448 24328
32 1064
256 25265
8448 24951
288 16091
8448 29615
256 25194
288 23785
7502 8480
8448 29371
288 10490
8480 10833
32 5399
2752 8192
288 27770
6552 8448
8480 9812
8480 30136
8448 14249
5223 8448
0 22788
288 21664
8480 21608
8192 23724
8224 28553
8448 30199
32 17980
32 23324
8224 10541
8448 11330
8192 21712
8192 32171
32 5274
288 13450
8192 9840
8192 9749
8480 29280
8448 11484
8448 27279
0 10329
288 10098
6856 8192
5185 8192
288 22841
288 16297
288 483
0 9410
0 11451
64 288
256 2629
1517 8224
8224 25770
32 2647
256 14092
32 29893
8480 20246
32 3440
256 11479
8224 31728
256 5328
32 2549
0 2123
288 32311
6127 8448
288 9136
288 17554
0 20744
0 25166
256 1105
8448 12759
8448 26356
8192 9227
32 19947
8192 31691
2609 8480
8192 16906
32 7543
8192 16419
0 10009
8480 29808
0 7504
32 13592
32 9897
8448 29992
288 10166
8192 24550
8480 22787
8448 15970
8224 31051
32 23373
8480 28652
288 22798
8224 29593
8224 11795
2383 8448
288 15205
256 28554
256 12672
256 18872
0 14177
32 8174
2016 8192
288 1754
0 31040
1017 8448
8480 8965
0 521
5637 8192
8192 27074
8448 23234
32 12993
8192 10743
197 8192
4977 8480
32 8477
32 1824
8224 31841
288 29806
8448 20577
8480 29647
288 18011
8224 11930
8480 14705
32 30999
288 16729
256 21209
8480 21847
8480 16718
288 7016
288 14484
8224 14272
32 1678
8448 12407
0 29752
8224 14720
4407 8224
288 31962
288 23989
32 13066
0 18027
8136 8448
256 9983
8224 18169
8448 18065
256 28125
657 8224
288 15498
32 7123
256 5017
8192 23013
0 27167
8448 30880
8448 18399
5117 8224
256 12221
256 1578
288 3702
0 27613
288 399
32 17129
288 2699
8480 22287
609 8480
8192 28950
288 24877
