5000
21 8448
288 22035
8448 30288
0 20450
1830 8224
8224 9505
288 27379
8224 12727
8192 17029
32 12151
288 15835
8224 13054
0 8236
8480 28638
32 17708
2044 8224
2954 8192
288 27190
8224 18621
0 1097
0 10752
8224 19442
8192 9883
256 25428
288 26469
256 23706
8480 18311
288 24797
8480 21122
288 15944
8480 25460
32 8570
8480 18839
288 32299
5642 8480
0 27411
0 30420
8480 29959
256 17190
32 11622
0 7392
256 30643
32 19287
8480 23171
8224 13141
8448 22426
4194 8192
3921 8224
8224 21314
8480 13115
8192 18879
288 3079
256 29609
256 5800
8224 10522
32 31924
288 30206
8480 27658
8448 20179
4536 8448
256 686
8192 15388
3711 8480
8480 26697
256 13717
8448 16043
869 8480
8448 17135
256 6791
8192 15133
8480 29953
288 4615
256 31176
288 14567
256 2948
8192 19524
8224 29844
21 8448
8224 21586
288 5929
8192 29080
8448 27078
0 5763
32 16273
256 22902
173 288
8480 30562
551 8480
288 9029
288 29074
288 28401
288 9198
288 12559
288 19407
3171 8480
8224 23227
32 31826
0 4563
2721 8224
256 1461
4735 8224
6562 8224
8224 13510
256 13788
8224 24958
8192 15698
6819 8480
32 1663
0 21543
288 23440
256 5435
8192 17861
8192 16075
288 10265
0 6983
8192 27941
7081 8448
8192 19522
256 26036
8448 27118
288 6009
8448 22385
288 25632
256 13760
256 28133
32 32673
353 8448
256 16144
0 5643
8448 12769
8480 14334
8224 8616
8480 16125
8448 29398
8448 30388
0 12068
256 7232
288 3893
0 21746
256 18294
256 592
32 7242
288 5981
32 356
256 21275
8224 18547
32 1101
8224 8965
8224 14977
8448 31653
2126 8224
256 27207
256 15067
8448 18407
8448 10912
8192 9580
2417 8224
8448 10706
256 20920
256 7048
32 15106
6423 8448
288 22461
8224 17669
0 16447
256 26873
8192 28427
288 21535
8480 12880
8448 30926
8480 22195
3433 8224
0 28494
0 13443
8480 24313
8448 28742
256 1736
8448 25877
288 15829
8192 12144
288 30271
8480 20760
32 13170
8192 31092
8480 13737
8448 11572
8448 32434
256 4404
32 5105
256 23715
32 8616
8192 13924
8192 25462
436 8448
8448 30237
8224 24078
8224 30344
8224 24139
4620 8448
0 15118
0 27630
1119 8480
8224 31781
0 5782
8192 19298
8448 22139
8448 12366
0 30891
256 29202
256 22590
8480 29725
8224 8358
0 20257
0 20186
32 31583
0 19893
256 28709
288 12696
8448 23701
32 22359
8224 23975
8192 27219
8224 21874
5603 8448
32 18343
288 26105
8224 24414
32 6914
533 8192
256 29965
5109 8480
8192 14896
0 20824
8448 31783
8224 24969
288 24895
1738 8448
8192 29811
32 3996
256 16596
8480 27962
8448 15406
0 4967
0 17640
1385 8448
288 14124
256 13398
8192 23880
4750 8224
8480 16212
137 8192
256 5653
256 30419
8192 25890
256 4436
0 69
8480 24533
36 256
8128 8480
8448 27169
288 17191
3966 8480
32 26888
32 26565
288 10960
0 27239
8224 25373
32 11171
0 20936
288 16553
8224 16675
8448 12032
4223 8192
8192 27429
8448 18418
32 10869
0 6487
3148 8224
256 29333
288 24175
256 1317
167 8448
256 26318
288 11183
8224 12211
32 8016
256 14736
8224 31691
288 25665
32 19063
900 8192
32 31147
8192 23039
32 20446
8448 17797
6669 8480
149 8480
6494 8480
7459 8480
8448 29698
7323 8480
8480 11615
8448 18724
8480 26991
8448 13346
8192 32611
8448 32254
8077 8192
8192 19241
256 4220
256 2654
8480 18281
0 28712
8224 24530
288 19365
32 13924
6281 8448
8224 11038
288 29285
8192 20148
8448 19754
8192 32561
5865 8480
8224 14305
32 9948
0 6254
7594 8224
8192 26441
6887 8192
4939 8480
8480 27610
8448 30877
6020 8480
0 27861
256 27613
256 22113
288 28769
8192 21289
288 25035
8192 12912
6945 8480
8224 17915
4080 8192
8192 20086
8448 15321
256 1811
32 11084
288 5236
404 8480
32 23243
256 8212
0 32576
256 21200
6291 8192
288 9775
8224 21250
8192 18943
2925 8224
256 9657
32 9656
32 518
8224 8817
288 27523
8448 14258
288 12993
8448 29001
32 11665
0 7191
32 7550
182 8192
8480 24474
288 12639
32 18814
288 28426
256 22412
8192 27094
256 4215
0 24748
8448 16902
288 25631
32 31508
8224 16535
8480 26332
8192 21423
8480 28019
8192 20699
8448 15766
8480 14670
32 9126
256 2843
8448 20977
8480 27546
32 32307
8448 20749
0 30813
0 28547
7828 8480
288 27901
288 21117
8224 8400
0 21432
8192 25162
32 9130
8224 10904
288 22144
288 3559
8480 30064
32 20426
8192 22082
0 5852
3088 8224
256 934
256 21834
0 11971
8448 11004
8192 21057
8448 21844
256 8779
288 10591
6405 8448
8192 21523
0 14776
8448 22162
3887 8192
256 6061
8192 26977
8224 11943
32 7760
256 19260
32 21040
8480 24290
2764 8192
0 27471
4646 8224
6715 8192
32 27741
32 615
288 25812
256 15838
0 30353
8448 13691
5091 8448
256 17835
32 4424
8224 8308
0 14221
32 4279
288 16695
690 8448
8480 18210
0 30152
256 24680
288 15237
0 31108
32 10205
256 9912
0 5812
32 30124
8192 27300
32 599
256 26874
256 21282
5889 8192
8192 16459
8480 31876
256 27272
0 28558
1262 8480
8480 19828
256 30224
8480 17685
5227 8224
5729 8224
0 514
8480 27416
8224 27461
8224 11476
256 11575
0 31818
0 9936
8224 11725
32 14752
256 28436
0 15798
8192 31292
8480 27840
0 31248
2164 8448
0 905
0 16430
32 18577
0 6618
288 26636
8224 25108
8192 32537
0 26510
0 24469
1458 8480
256 4066
8480 17033
8224 30694
988 8192
8192 24406
8089 8192
8192 8500
32 19319
8480 14486
8480 12253
2730 8480
256 8705
4599 8480
8480 18765
8448 20197
8448 13318
256 8576
0 7983
8192 28793
288 30123
8224 16749
0 19107
8192 9834
256 21287
288 9392
288 8984
256 30900
8224 12613
8448 23403
288 26324
256 11460
0 15844
32 10103
8480 13168
288 509
4214 8448
8415 8448
256 20057
8224 15924
288 6789
32 10853
8224 15697
256 2612
8224 26665
8448 13821
8224 12012
7739 8192
8192 12435
256 22861
0 13076
8224 15995
32 13957
288 12852
8192 17285
1945 8192
8480 30936
0 6976
7249 8224
0 2865
0 13045
256 12341
32 25693
8448 15441
8448 11612
8480 8845
0 9698
8448 11257
288 24096
32 24050
288 5869
0 5538
8448 22889
32 31942
0 12768
288 15284
4593 8448
256 3228
32 7663
32 5134
32 27015
288 8892
256 26531
8480 17538
288 4495
288 16547
2394 8224
288 28502
8480 15232
0 2177
8480 17349
32 20420
6500 8192
8448 16825
8448 18025
0 9850
256 11868
288 11620
8448 10271
32 30235
8448 28441
8448 10958
32 12181
288 4029
32 12900
8224 11256
288 27594
288 28521
8224 29080
8480 31252
7317 8448
32 26782
288 22818
256 18956
8192 27422
0 8910
0 10504
256 8444
288 29283
8480 26079
8224 25951
32 2227
256 6069
8480 13995
8224 22227
5174 8224
288 13113
0 17281
8448 23331
32 13373
32 2152
8354 8448
32 1442
8192 23476
0 3727
32 21701
4023 8224
8224 29755
2383 8192
32 13715
288 6494
288 8870
8448 28958
288 5163
288 14757
32 23422
288 11204
256 14752
8224 24368
256 18302
5343 8448
8480 13174
181 8192
8448 30743
288 22112
32 28712
7553 8480
32 27628
4364 8192
8224 11173
256 3569
256 25431
32 21756
8192 11214
8448 9209
0 1250
288 27165
0 19706
7073 8480
288 20943
0 26800
8192 24179
8448 23427
256 27281
0 8651
256 20214
288 1359
8224 9040
8480 22486
8224 10550
32 22087
8480 26729
288 18191
8224 24666
0 22467
256 29420
256 32262
8224 27770
8448 24494
8480 19740
1570 8224
256 14118
32 24838
32 9970
8192 23579
8480 22496
3168 8448
288 31386
8192 14462
8192 8349
8480 16482
245 256
32 10284
8448 31303
288 19016
0 30229
8224 29914
288 4414
0 30304
8224 11716
8192 23955
8480 20946
8480 28813
288 30718
7985 8480
32 13515
288 29896
8224 21874
0 19688
256 23522
8224 20378
288 31749
8192 30907
8480 32325
8448 11939
8448 11087
8224 11269
8224 9494
32 16662
8192 20763
8480 12274
0 14317
8224 10299
8224 32235
288 9731
8192 22865
0 14316
8224 10611
8480 28813
32 4931
1816 8480
8224 18201
0 27450
8224 21428
8448 20547
8192 10876
8192 29575
0 14601
8448 8708
8224 15337
256 16709
256 11934
8480 24454
0 31975
3864 8480
8224 22849
288 4359
8448 23724
4859 8192
256 21426
1116 8480
8448 23718
8480 18105
32 15146
288 15723
0 1267
117 8192
32 3025
32 13999
288 10473
256 23332
8448 19781
256 29112
288 31632
8480 28430
3866 8448
8448 22440
8480 29731
8448 23120
0 13653
256 27063
658 8448
256 6493
5360 8224
0 16816
0 5122
8224 12152
8224 24666
8448 25202
8192 26443
7995 8480
256 25588
8480 22640
32 12665
0 13076
288 4756
256 10802
4685 8480
5571 8192
8192 25093
6353 8448
8480 22713
0 15069
8192 30597
8480 12415
5991 8448
5964 8192
0 9286
8480 10492
2355 8448
32 10701
8192 12782
288 5666
8192 17836
8448 21360
256 32535
0 26714
8480 17815
27 8448
288 27600
32 15653
8448 14188
256 7943
32 5658
256 32660
8448 9174
0 27458
8192 26220
8224 22736
256 25143
1068 8224
0 27695
8192 28819
8224 23843
288 22010
256 2626
288 32173
32 9952
8224 21046
256 29559
0 9856
256 24044
8448 30780
256 30484
288 12676
0 24951
0 11710
0 7508
288 1476
256 21989
8448 26434
5091 8448
0 31583
8224 31053
256 8351
8224 27238
8480 31751
8448 18429
8480 9603
7920 8224
0 29574
32 28915
8192 10736
256 31374
4148 8448
256 6757
32 12986
288 15804
256 21378
288 30266
8192 19979
7405 8448
288 29299
8448 9871
0 7135
3336 8448
288 1565
288 29235
8192 9864
8224 24549
3116 8192
8448 18732
2859 8448
8480 12500
32 14176
256 6448
288 29249
256 8471
288 4106
256 29228
8224 22552
8192 25698
32 25746
8480 31424
8192 9551
32 7522
2548 8192
32 13505
5981 8480
32 2612
8192 27711
4534 8224
8192 30987
233 8448
8192 28437
32 22363
8224 10997
32 15368
32 7725
32 21537
8448 31757
8480 30476
256 11732
32 25516
8224 21016
0 23266
288 19304
8224 17236
32 8751
256 14957
32 15835
288 13989
32 14655
7938 8480
8224 22070
288 31710
288 21642
8480 9452
32 12308
32 4214
288 2596
8448 10216
8224 16931
8480 17810
32 374
8448 16298
256 16038
8448 9360
8480 31678
288 3158
288 17397
8192 9088
8480 11405
8480 21256
288 23803
256 10662
256 25160
32 27214
8192 20919
8224 25593
256 32424
8448 30376
256 18364
256 27046
32 16186
288 30478
8480 12978
288 12430
8448 21984
32 8554
5330 8192
288 20932
8224 20813
288 3866
3950 8224
32 7696
8480 21901
8448 14704
8448 17254
288 623
288 9339
8448 17970
436 8224
256 15504
8224 30281
256 9242
0 19425
288 24408
8448 8700
32 30550
8448 9358
8448 10079
5612 8192
0 22025
8224 12268
8050 8192
32 8264
32 21704
288 9284
288 5391
1937 8192
288 25374
288 2672
8480 23787
256 29467
256 30729
8192 20064
8448 26479
8448 9103
256 3707
288 8086
288 9527
8480 31595
8480 29146
32 8618
256 15250
32 22400
8192 23168
0 27847
2308 8448
288 14194
32 23100
0 24108
288 31175
8448 13884
6351 8448
32 14508
32 11334
8448 21162
288 24687
256 5422
8448 26017
256 2013
8192 31304
8448 9006
8192 22060
8192 13771
8224 23286
288 14650
32 11760
0 22972
7948 8448
8192 13685
0 296
5838 8224
288 22416
32 11800
8224 31940
3698 8448
8448 9852
8480 29164
32 27370
0 2284
8448 11071
288 22737
1904 8480
256 28119
0 16186
288 25658
256 9316
0 3231
580 8224
256 12207
7812 8192
8480 13573
0 14118
32 12618
8448 8646
32 8094
8192 28703
288 19002
288 15825
32 9812
32 2914
8192 10051
0 19074
256 19684
8192 32659
8192 28988
7272 8224
6495 8448
256 30797
256 19856
2376 8192
256 15529
8192 17055
8224 11966
8192 15514
0 2813
2442 8192
8448 29912
8448 23562
8224 17511
32 25221
288 24071
8480 31737
8192 11592
8448 10746
8480 18182
256 25593
8480 30421
0 12230
0 15267
8224 9044
8192 30616
288 13245
0 22337
256 30085
8448 13294
8448 12835
256 30040
8192 30397
8192 13959
52 8192
256 12787
8480 10336
8192 14570
288 14493
8480 14897
8480 17798
7150 8224
8192 30720
8224 27845
8448 26491
8224 12354
288 26996
8192 19063
8448 31294
32 20198
32 8963
32 13985
256 262
256 16815
288 21034
1970 8448
8224 10936
32 31687
32 14429
8480 26542
32 13938
8480 8747
288 30592
1195 8448
256 10244
288 25643
256 11887
4438 8480
8224 19569
0 9197
8224 25975
0 5484
3699 8224
8480 28395
8448 19163
3650 8224
6900 8480
32 18032
0 16208
8448 24382
32 21909
256 14367
8192 12929
4699 8480
7467 8448
256 18028
8192 20364
256 26792
32 24637
0 8481
256 31106
256 15050
392 8480
8480 11739
6123 8448
256 10614
3195 8480
8448 24714
0 13120
7672 8192
8192 14780
8224 25588
8448 24943
0 6830
0 17313
4658 8448
256 603
32 23437
0 2743
288 15666
8224 19545
288 18076
2622 8448
8192 18228
256 10421
8480 11380
7338 8448
32 2893
256 24618
8224 22726
4132 8192
0 5607
5997 8192
0 29397
256 2823
256 11582
288 7075
0 11767
256 16484
8448 10724
8480 32486
0 18969
256 29823
7998 8192
0 1221
8224 25656
8224 20816
0 21510
8448 24257
5864 8448
0 2818
288 2759
8448 14544
8480 27345
8192 21623
6756 8480
5597 8224
5933 8224
288 9154
32 22161
8224 31814
0 4683
8480 18092
288 18519
288 29277
8192 29199
8224 18224
8480 13973
8192 19176
0 7280
0 8191
32 32378
288 16802
8224 18425
8480 16636
8480 15372
8448 26551
8448 19529
288 25536
8224 17060
32 24651
288 17042
8480 12312
8448 25967
8224 27892
8224 30237
288 12418
4079 8448
0 19003
32 9413
32 5812
8480 11896
0 23583
256 3960
0 20501
8480 26291
288 10899
288 23225
8192 27202
256 8222
0 11771
8448 16160
8224 18314
0 23690
256 27570
2521 8192
8224 9074
288 24732
8480 25223
32 27937
8192 26418
8192 11341
288 18235
8396 8480
8192 20022
0 17259
32 4357
32 21185
288 23198
8224 17941
8480 22031
288 26492
32 6591
32 22850
256 30710
0 2699
0 14495
0 24378
0 8269
3858 8192
0 26749
27 8448
3355 8192
0 8264
4935 8480
256 598
32 11608
256 16887
8192 24609
8480 29488
3444 8448
0 8448
32 2021
288 8002
256 5072
8224 13268
256 31134
8480 23289
0 3395
8448 11004
32 20235
256 6935
2455 8224
8480 12690
4386 8224
256 23855
2058 8480
32 32198
0 19595
8224 24621
288 29645
256 12634
256 30241
8480 11468
8448 28807
32 2599
256 8053
288 28190
8448 30419
288 25237
8448 31562
0 6663
288 16574
288 550
288 12825
8448 27074
1611 8192
8448 15852
1679 8448
8480 8795
256 2543
32 26895
288 18954
0 11571
8448 29973
32 5448
288 8480
128 8480
0 1178
32 9064
0 6168
0 22474
256 1362
256 9170
1902 8224
8192 15471
8322 8448
288 1788
8224 18516
8448 24096
8448 30820
7667 8448
256 14636
256 15202
0 5286
8192 27348
256 4623
6670 8224
7915 8224
32 16723
2377 8224
256 20432
256 28488
8192 14136
8192 18394
8448 23212
8480 26824
8480 25821
32 11766
256 18804
256 9705
288 30130
32 26502
8448 29779
256 29980
2233 8192
256 20645
256 1350
8480 9545
256 24842
32 10788
0 20638
8192 8777
32 26191
7687 8448
0 32127
0 24939
288 30025
5125 8224
32 32356
7663 8480
74 8480
288 22028
8224 22937
0 25998
8480 32697
1211 8192
32 16831
8480 29936
8224 12945
288 23526
0 32331
8480 25652
32 12002
256 18197
8448 9224
8224 9068
8448 16975
256 17925
0 7568
32 18206
288 8846
8224 8486
983 8448
8224 9412
32 28139
8448 28187
8224 18080
8192 16205
32 31685
0 25661
8448 9478
0 922
8480 32015
281 8224
8192 30197
8480 21761
288 27857
8224 31981
8192 16558
8224 27085
8224 20645
3887 8480
8448 9542
32 30653
288 18746
774 8224
5415 8480
8192 12417
288 29396
256 7118
256 23438
0 3648
5578 8224
8448 18841
8480 30219
8192 28692
256 9990
8192 11689
256 15620
288 1676
6281 8224
256 28407
8448 23603
256 4137
8448 31204
8224 24239
32 6948
256 26082
256 26816
0 27825
8192 30135
256 22432
288 20823
8480 27665
0 1188
288 22722
0 32505
32 10136
32 13810
8224 31899
8224 31880
8448 17985
8448 21886
32 17135
8448 17661
32 32701
8224 25979
8224 13434
8480 17377
8192 8432
8192 18156
288 20328
8480 9683
8192 24689
32 12843
8224 17374
8480 30984
0 782
288 32614
112 256
7623 8448
32 20549
288 16157
256 3752
288 1769
8448 22220
8480 8869
256 16262
32 19040
267 8224
8192 13480
0 10234
428 8448
288 31133
8448 24994
8448 28012
8192 31335
8480 24530
8480 20581
32 25140
8448 14010
0 19504
2711 8480
256 29218
8480 15845
256 9453
288 29999
8448 24312
32 15548
256 17014
6395 8192
32 19691
8224 30245
256 25579
0 15133
0 7973
32 923
0 29601
8448 17801
256 9286
8192 26029
7071 8224
256 32649
4831 8480
288 25727
0 10786
256 5689
8480 22005
8448 16456
8224 17945
0 29963
8192 10628
288 12755
8448 29609
8224 28228
1785 8480
8448 15103
8480 26794
8480 13182
288 25015
256 18238
256 12584
7716 8192
8480 13203
7194 8224
0 9187
8448 18425
0 22872
32 6571
32 9935
0 29585
256 16196
8192 19234
0 17301
8224 17621
8448 23944
8224 18241
3088 8448
8224 18819
32 1228
288 24801
0 20177
288 20909
32 31401
8224 10091
7067 8448
288 6198
8480 26157
8224 14175
256 6120
288 15192
256 3163
288 23248
8224 9059
1312 8224
0 23721
8448 31206
32 19563
32 1007
288 19840
8480 23387
5270 8480
288 29435
288 2239
8448 13566
288 1324
0 29389
8192 26679
3123 8480
256 5031
4545 8224
0 16944
8224 26225
8192 22074
288 9353
1508 8192
0 18882
2119 8224
8224 28330
288 10239
3399 8448
8448 24296
288 6909
8480 24357
8448 31153
288 11623
0 1071
8448 12395
288 14793
32 22981
8480 19777
288 19421
6890 8224
256 8503
0 18953
32 14583
7553 8192
0 11428
32 14256
8224 21292
0 21908
8448 29992
8192 17714
5730 8224
6968 8448
8480 30868
8448 27617
0 15219
2841 8224
288 15852
288 6114
8224 9390
8480 22262
8224 10728
256 8365
6740 8192
8192 26146
8224 9076
32 4497
288 22300
0 17924
288 2096
8448 16943
32 25775
8448 27288
8448 28912
256 16123
32 18476
8192 16108
288 17981
446 8192
8448 32421
32 1444
32 9426
32 31254
32 18849
288 2422
4640 8224
32 26100
8192 19352
7599 8192
32 203
288 31260
8448 29818
32 28332
288 9514
0 23209
288 15912
8448 8801
288 6603
8448 25479
8480 14585
8192 18646
8480 21484
8224 16631
8192 26678
7333 8480
8192 26627
288 22543
256 28319
4990 8448
288 7736
288 32567
2788 8224
8448 16035
8224 22246
1709 8448
8480 25645
288 31596
0 16157
4354 8224
8480 9874
8224 29636
256 21794
288 15259
256 28579
8224 28329
32 15597
256 5936
0 2785
288 28848
8192 25771
8448 28752
256 32323
288 11391
0 31034
8224 26587
32 26291
256 17234
8448 10928
288 23431
256 9359
8480 21879
8224 16596
7772 8192
288 22568
256 25298
8480 32674
32 312
8224 11846
0 31577
288 23499
0 11083
0 31906
256 16280
288 32563
0 17052
288 11882
8224 12590
7538 8192
288 25731
192 8480
8448 21326
6228 8192
32 28204
3899 8192
6976 8224
256 29785
256 5402
8480 12389
8224 12510
7477 8480
256 20386
8448 8764
8448 32535
0 31313
0 3436
256 1713
5231 8480
8224 21320
256 16374
8480 12332
8448 21373
32 1131
8480 13072
8192 15878
8192 29548
288 829
256 13665
288 2317
8480 20602
256 13048
0 4320
8192 24580
3196 8448
2310 8192
288 21340
5152 8224
8224 32600
288 393
288 26357
0 21900
8192 30601
256 25556
8480 31392
256 24550
8192 19103
32 22255
32 15015
8192 30400
0 13756
256 17943
0 22823
8480 12832
0 3608
0 5435
8224 26256
256 6912
288 16766
256 9600
288 31273
32 6094
8448 9933
256 10687
8480 10889
0 10477
288 7800
8224 19202
256 22047
32 30003
775 8192
256 7434
8480 15274
32 9833
8448 27028
288 25292
8480 25282
0 5582
8480 12878
0 8943
32 21582
8480 18580
0 26873
3151 8480
8224 8971
8480 15457
288 30059
0 10877
8224 17419
256 975
7184 8448
32 27197
0 14132
8480 13037
8480 20072
288 28167
8448 32701
32 7100
256 19332
8448 12935
256 27828
8192 23218
4237 8224
797 8224
32 12667
0 13115
0 6461
8192 15965
256 20038
0 15411
32 28772
8224 27279
32 18591
32 23661
4196 8448
256 6705
8480 13283
5935 8192
5045 8224
256 8304
2498 8192
8224 10419
32 13666
0 5555
32 21186
8224 29352
288 8586
8192 11280
7868 8224
8224 14511
5599 8480
8448 21461
256 19806
256 11487
288 21035
8192 12288
32 9895
8448 19522
256 22726
8192 23239
32 17262
2901 8480
8224 32545
8224 31250
8480 17884
8224 21131
0 20031
8192 9211
8224 25069
256 19147
8448 13110
4949 8192
8192 13812
8192 31213
8448 32690
8224 11298
256 29460
8192 12097
0 14963
8480 20507
0 21959
8448 16392
288 16330
32 812
0 28250
5113 8480
288 12831
32 24565
0 14703
32 446
8192 14958
8192 23627
32 2170
32 31604
288 6342
288 23989
288 14916
256 2863
1225 8224
7663 8480
0 17260
8051 8480
8448 24111
8192 24426
0 1761
256 10172
32 11586
0 29130
8224 32361
247 8448
0 29539
0 1639
32 13085
0 12807
0 19331
0 21709
1514 8448
8448 30785
8192 23211
3900 8480
8224 18449
8192 9199
4214 8192
256 10024
32 9128
8448 17617
0 14226
8448 25017
8480 21528
8448 9880
8224 22082
8224 15437
256 11933
7529 8224
8448 24286
288 8433
32 31433
0 8800
256 12369
288 27372
256 6913
8192 16394
8224 26266
288 15156
32 1278
8224 20202
8480 31564
256 7415
2637 8480
0 501
8448 13839
288 31251
288 28879
8448 17174
32 27932
32 24478
288 23354
288 24491
288 5573
4703 8448
288 406
256 1286
8480 9451
288 29523
8480 14785
288 3308
288 16261
8224 13354
256 20460
32 6681
8480 15136
256 23495
288 12060
1211 8480
0 28249
0 6851
256 22954
5875 8480
8192 20836
0 28650
8224 12739
0 6487
8448 28297
288 7356
4584 8224
0 12146
8448 8866
32 27118
8480 13679
1090 8192
8448 11679
8224 15334
8448 28928
8448 18105
4866 8480
256 30531
32 15129
0 30269
32 19043
256 13651
0 1163
256 32552
288 16365
32 18587
8192 24827
8480 10057
8192 9439
4434 8480
8448 32610
0 19041
0 4108
8224 8678
256 29324
8448 26278
256 28251
8480 13174
8480 18845
8224 31043
8480 17224
0 27222
32 30855
0 10966
8480 14689
8224 27279
4246 8448
8192 19441
0 713
32 15452
8224 18660
256 8603
2489 8480
174 288
8224 22245
460 8192
256 28922
8480 30120
288 5853
8480 16372
8224 25708
32 19235
256 1124
8192 26996
0 14722
256 18220
745 8448
8480 21026
256 24516
32 14977
8192 30252
288 28874
8224 8524
256 17688
256 10947
256 2984
8480 13129
8192 27288
288 3734
0 13551
5760 8448
288 30430
8448 14691
288 5958
0 18373
0 12921
0 17722
4677 8192
8224 16518
256 26415
8224 30466
8448 9980
8448 18241
32 13430
256 14066
8192 13420
4104 8480
8192 13307
0 22809
32 1036
288 11524
0 28190
288 13783
288 9798
8480 20208
256 7795
256 4706
7927 8448
288 21914
32 18499
8480 22850
0 25074
8192 12389
6922 8192
32 8916
32 8062
0 3785
32 9975
3531 8192
8192 24787
8192 24785
8192 24942
8192 26538
8448 29857
0 10140
8448 31113
256 9548
0 11146
288 5597
8224 31891
0 11100
0 25763
92 256
8448 19084
32 26333
8224 27127
7795 8224
8448 23208
8192 13732
288 7427
32 6801
32 20431
32 7897
8448 29499
0 29370
8480 23838
32 23417
32 17027
8480 10500
8224 31333
288 11991
288 23991
32 17436
8480 26792
0 3862
288 292
32 8127
1694 8448
7600 8192
3853 8480
3394 8224
0 30004
256 28659
32 7207
8480 17419
3083 8224
256 10111
0 19485
256 8725
32 7670
0 23241
256 32269
288 15471
256 3453
8480 19867
8448 18696
288 16318
32 12636
0 31121
8480 18582
8224 8375
2309 8224
256 26270
32 14640
7334 8192
32 16666
256 21381
288 25796
2538 8480
0 2036
8448 11872
0 24373
8480 30837
8192 12831
8224 23836
4824 8448
8448 8785
0 11995
8480 22011
256 7416
8480 11286
256 19612
2065 8480
256 31315
256 13685
8192 19851
5064 8480
923 8192
288 14769
0 19460
8448 21341
288 14838
32 16416
288 28438
0 13152
8224 25470
288 23727
288 28421
256 23351
32 30657
0 91
8224 27083
32 9627
32 23618
0 6584
1939 8192
32 26905
8224 28919
1390 8448
8480 28477
4243 8480
8192 27849
8448 20151
2781 8224
957 8192
32 2583
8480 16354
0 7227
32 24481
288 819
288 17108
0 8532
32 32539
8224 24291
4481 8448
256 2264
0 21341
32 3297
256 13943
8192 13994
3180 8448
32 21084
32 23892
8224 22628
4513 8480
256 1653
0 29514
288 2512
8448 18986
7875 8224
32 6051
288 18799
8448 13702
3023 8480
8192 23607
0 15606
8448 21516
8480 26008
0 22007
32 17868
8480 24421
8480 26640
8224 32101
8224 25998
8192 21261
8480 16286
256 24345
32 29323
8224 17622
256 9626
7231 8224
7240 8448
3429 8192
8480 19668
32 15124
8192 16381
256 16563
32 7693
8448 18284
256 3350
8192 30349
8192 17532
288 17198
0 31155
0 25365
0 2634
8224 26326
32 1833
256 16190
288 1303
8448 12786
288 22143
256 340
32 4723
8448 19366
3313 8224
256 25970
32 9317
0 13097
32 2160
8224 17930
288 24040
256 16453
256 25632
256 17505
8224 32617
8480 29659
288 19672
8480 16656
8192 9034
6236 8480
8448 9638
32 9348
256 19042
8448 12881
8192 31817
288 30590
8448 14459
8192 16597
8448 19893
0 19348
8192 8402
8480 19989
256 6802
256 29614
256 8859
0 20439
8480 19389
288 3210
32 5498
8448 22512
8448 26310
8224 21817
0 9739
288 5323
256 4720
288 22432
8192 16987
32 8681
0 27444
256 24824
0 22125
256 10332
288 10175
8448 19022
256 22710
256 20300
256 3439
256 4355
32 9889
8224 31858
8448 13530
288 16205
8448 12555
32 25759
7751 8448
8224 9396
8192 30920
8192 27702
288 5683
8480 24214
8224 23324
256 22445
256 27085
256 12452
256 11843
0 19473
256 27514
8480 11618
8224 11755
8063 8480
288 18258
8480 11947
8224 14260
8224 31147
8448 10145
7723 8480
8224 22455
8480 17501
256 10599
256 3555
8448 9468
32 27631
256 8408
8192 8361
256 28161
8224 28625
8480 11741
8448 17061
8224 13626
8192 17157
8192 8337
32 12757
0 32140
8192 31907
256 11717
8192 22153
32 26321
8480 22613
256 29565
0 27624
6743 8480
1756 8192
8448 19825
256 30826
256 1889
288 20106
8448 31116
5723 8192
288 28581
8192 31686
0 3184
3166 8224
288 17356
256 8587
0 13808
256 13800
8192 20469
8192 10729
0 21909
8480 15297
8448 14386
32 13955
256 24345
7303 8224
8224 17673
0 20751
32 3823
1322 8448
8192 32756
8192 27609
256 28345
288 31089
32 8161
256 12864
8448 10705
288 19571
32 17843
8192 10551
8192 12737
8192 26911
2240 8192
8134 8480
8480 13002
8448 27317
32 21329
32 28551
8480 22625
32 1355
3877 8224
32 3369
8448 25005
8192 15945
8448 8686
8224 26864
1547 8480
288 29932
8192 14803
7987 8192
256 10634
8224 15047
32 27116
32 30940
8448 24943
8480 31805
5833 8224
8192 15340
32 18610
8448 30984
32 13035
8224 19444
32 9343
3254 8224
8480 19273
6813 8224
256 22710
8448 18215
0 25548
8192 26657
8224 11371
0 21776
0 9171
8192 21456
0 24167
288 14459
8480 21169
256 15501
288 2469
8224 20805
8480 9258
0 29006
8480 22998
8448 13726
288 21753
8448 12703
288 4062
32 23180
32 5965
8480 32286
8192 22100
3177 8448
256 20296
8224 14592
0 26118
8480 14176
256 8062
288 5772
0 31347
0 32756
8224 17788
8448 23963
256 5711
0 11129
32 17982
8480 30751
6146 8448
8192 22681
0 27320
8224 21400
7721 8192
2001 8448
3150 8224
4512 8224
8192 15380
256 29681
288 12636
288 2144
288 32326
8192 15007
256 31151
288 4888
8448 16120
8224 21716
8192 23305
8480 12956
0 19094
8448 24414
288 11681
8480 32210
8224 21569
32 13148
288 2209
288 25141
32 14923
8224 20166
8480 28327
8192 13396
0 6846
3298 8192
8480 19012
0 4179
8224 14294
256 11984
8448 14976
2665 8448
8224 11394
8224 13311
8448 12116
256 12129
256 28903
256 693
8224 22062
0 21786
8448 11997
288 24715
8224 22129
8480 15110
8192 26224
8448 15086
288 24050
8224 31407
32 25184
0 16288
288 32124
8480 18477
256 31905
0 17717
8224 21836
689 8448
288 13020
32 919
4502 8480
288 5374
0 2796
32 7298
256 14079
288 9706
288 18274
0 29704
288 16161
6369 8224
256 27650
8448 22798
256 1290
288 24162
4675 8192
8480 32205
0 445
5248 8192
0 3539
0 16466
0 22703
8192 30563
0 24849
32 17151
0 13387
32 8645
401 8192
256 21768
288 29295
256 7541
0 27803
8480 10998
8429 8448
8224 17367
256 2988
8448 26408
0 18955
8448 28258
8224 26867
8192 29261
32 4355
0 30496
8224 13270
32 9194
7812 8192
2354 8480
256 5483
288 15066
32 23855
8192 16714
8224 21759
8224 9674
1562 8448
0 7726
256 19602
7097 8192
8224 32080
8480 16700
8224 11609
1150 8448
8480 32336
256 32480
0 5179
0 12609
32 6282
8480 16160
8224 28245
8224 25856
8480 31717
0 11793
8192 11638
256 11532
5435 8480
32 15455
8224 19619
2442 8224
256 31451
8448 28617
0 9364
8224 26099
8224 10502
930 8448
4148 8192
256 24980
3698 8448
288 22865
8480 24869
256 26638
32 26827
8192 14546
256 9275
256 6615
8480 28973
32 24883
0 13820
288 1207
8192 22699
256 26904
288 10023
256 11340
256 5323
8192 28471
8448 28969
8224 25223
8224 31752
6877 8192
8192 31401
32 28717
256 12879
8448 27751
32 27645
3415 8480
256 25986
8224 24010
256 21427
32 10738
0 23032
8192 21259
288 6922
1599 8224
8192 18170
8192 23239
8480 19062
288 6996
288 840
256 16045
7711 8192
256 21401
402 8448
0 25599
256 27234
288 4940
7423 8192
0 31765
32 20558
4350 8480
0 13738
1242 8480
288 16937
256 32275
7456 8480
0 6476
8224 22505
288 32582
8480 21219
0 4608
8192 29627
8480 29987
32 4330
8192 30108
288 13951
5259 8448
32 10271
8480 14684
256 17482
8192 20275
8224 11487
8224 20878
8192 22755
288 3110
8224 29566
32 4630
8448 11334
8480 12350
256 23745
8192 24298
8192 10020
288 30383
8192 29281
288 11414
0 26465
6525 8224
256 21390
8480 20665
256 5269
8224 18944
8192 29034
0 8839
1164 8192
8448 31079
7050 8192
0 27461
256 12230
8224 28978
8224 23673
256 9936
8192 30199
8192 15286
8448 9781
256 5142
8480 12936
0 23709
0 20143
0 5531
8192 8468
256 22884
32 23631
8448 25078
4588 8224
4572 8192
8192 8814
1106 8192
32 28307
8224 26793
288 11738
32 11501
3651 8480
0 15302
342 8480
0 20892
8448 23142
32 11518
8448 8727
7749 8448
8192 17182
8448 14964
32 29768
32 13667
958 8448
8192 10013
8480 26503
256 16518
256 14158
32 13121
8224 29542
288 20688
8192 15627
0 9469
0 25579
3961 8192
8192 27877
8388 8448
256 30224
288 15948
7167 8192
256 20953
256 17475
288 2088
8480 28978
32 25302
256 743
8192 8577
2442 8480
0 17961
32 3282
8192 14556
8480 27847
256 20114
8192 16333
32 14166
0 20958
256 6054
8480 10519
8480 20765
288 13174
8224 15951
482 8448
8448 26101
32 13419
32 26954
0 31700
0 12724
256 21582
256 8615
8480 23943
256 19654
8224 29667
8224 31564
256 28425
8224 31915
8448 10658
288 3443
8480 13917
0 21620
8224 26167
288 15143
288 1017
0 9546
32 26882
0 19403
8480 20294
8448 16103
288 1175
256 21395
8448 25380
27 8224
8480 13119
256 27657
8192 23139
0 14152
8480 31605
288 15497
8224 27722
0 21222
8224 9322
8448 21189
2323 8448
8224 25088
0 14977
288 19267
8448 18029
8224 25781
8192 25556
0 18906
256 7161
32 27832
1197 8480
0 16952
8192 28622
32 3536
256 13326
4191 8480
32 29429
7768 8192
42 8480
288 24867
0 19950
256 18368
288 745
8192 27310
32 7465
8448 26379
8448 18024
8224 29948
32 15757
8224 15695
0 31094
8448 12895
288 26869
256 28728
288 29720
8192 26620
8448 8878
8448 23174
3078 8448
8480 26188
288 29690
32 11402
8192 14636
8480 20893
0 30864
0 23724
2603 8448
0 14990
8480 15130
8480 26600
8192 26837
288 1686
0 25013
8192 25165
8192 11956
8448 10366
8480 10869
8224 22397
2436 8448
0 10466
288 14302
32 31536
8480 12212
8192 32436
8224 11628
8224 10672
8224 25833
8224 14265
288 7180
288 14430
8192 20090
8448 28938
8224 16032
256 5676
6133 8224
8084 8224
32 1663
8224 15392
8480 26521
0 10393
256 30707
288 28120
256 8922
256 18989
288 22202
288 18945
256 737
8192 21433
8448 8837
8448 10974
8224 30985
8192 11899
8480 25468
8224 22215
8192 25443
0 13828
256 18104
167 8448
256 4402
8480 24761
256 2759
288 6269
6000 8192
32 14419
8192 15404
8480 27612
288 30023
256 8799
8224 16860
5740 8448
0 2201
8480 30911
0 14786
8448 16998
288 21112
0 29223
8192 9532
0 14620
2991 8480
288 23200
8192 26011
8192 17263
0 2359
7176 8448
2215 8224
256 23126
256 28867
5776 8192
8480 25881
256 10078
8224 15669
288 18749
1824 8224
8192 21796
0 4902
32 19048
256 27868
32 12253
8448 25954
288 4158
256 4838
256 5582
256 26985
2368 8448
8192 20678
8192 14292
8448 23536
32 1220
32 1403
8192 10718
256 5470
8448 27506
5111 8448
256 17262
256 28239
32 18376
8192 12192
256 20508
288 29716
7831 8448
256 30928
4115 8480
288 27953
6019 8480
8224 26965
2194 8448
8224 11742
8448 30087
32 4338
288 9324
288 15494
0 24431
8448 8669
256 9352
256 17995
8192 30812
0 19775
8192 24674
288 25473
8224 18500
256 28599
8480 22152
0 11310
0 29807
3543 8480
3357 8224
7312 8480
32 18427
8192 8357
288 16986
8480 18839
3161 8192
0 12828
256 27912
8448 25958
8448 12749
8224 18856
3335 8224
5079 8192
0 18418
288 10414
256 19403
32 3828
8480 17972
288 22273
256 27865
256 7039
8224 9300
8480 32622
3662 8192
32 19818
8480 17127
7217 8480
8480 14680
7264 8192
288 9175
32 29565
8192 17084
0 18490
0 29409
0 25592
8480 31566
0 3467
8480 24086
256 317
32 12412
8448 10773
8480 15962
89 8480
8192 31940
0 12625
4072 8224
8192 29774
32 26680
288 12523
0 15052
8480 23187
8448 22785
0 9539
8480 11111
8480 30609
8224 21466
8480 15854
0 15086
0 808
3217 8224
8192 29235
32 26603
32 9512
8192 18057
0 25998
8480 24251
8480 16857
32 1338
32 7216
288 21006
5747 8480
0 3247
8448 32637
8448 9067
288 9638
8192 12807
32 12940
8480 23465
256 29716
32 31734
8192 13995
8224 29559
0 5330
4929 8224
8224 24537
8448 27605
1514 8224
837 8224
6474 8480
8448 13976
32 23772
8192 19056
32 31207
8448 28394
8480 17176
8192 15046
8448 10443
0 25032
8448 17030
256 10845
4550 8224
8224 26242
8448 25087
8224 29666
8192 27102
1854 8480
4561 8192
288 18194
969 8480
32 31094
8224 26687
8224 18754
8224 29813
32 26229
8192 11774
1496 8448
1920 8480
990 8192
256 15033
256 11983
960 8224
8192 31781
288 8589
8448 11575
8448 16316
0 10004
288 11662
288 434
1585 8480
256 4680
8480 11841
8448 29944
256 19086
256 22961
5152 8448
6228 8224
256 11640
8448 20501
8480 23833
5669 8192
8224 20807
8224 30606
8480 20751
0 21086
32 32391
0 18951
32 3671
32 23302
0 6264
288 20931
8448 26172
8192 10424
288 24975
4566 8480
288 2428
32 12068
288 4083
8480 16042
1225 8224
256 15757
288 12800
32 18043
3401 8192
8192 12105
8192 25287
8192 10715
7446 8448
0 27717
32 20108
8224 9263
288 24510
256 14718
1862 8192
288 9265
8448 28356
8480 22920
8480 10531
256 5228
8480 24094
256 32011
8224 20226
256 29635
256 6325
833 8224
288 22263
256 15850
0 3304
2681 8192
8480 30410
256 9194
8224 10505
0 20632
256 8312
0 5282
32 10206
288 25490
8480 14001
0 5441
288 11553
8480 8693
288 4441
0 27085
8224 12801
288 2911
32 20999
0 3487
288 16799
32 24835
2184 8224
8224 31716
1425 8448
5672 8192
0 10077
288 18462
0 8803
4265 8480
256 18488
1697 8224
8192 25617
0 14710
8224 16516
1302 8224
8224 14990
8448 23825
288 1498
8192 21243
1600 8192
32 23571
256 25229
288 6689
8480 13442
8192 11173
8448 31263
288 18221
8224 11297
8224 9735
288 7625
256 536
2527 8192
288 11020
8192 28919
8192 30384
8192 11507
256 4251
8192 24009
8480 27924
4998 8224
8448 25392
256 22931
8224 12859
1847 8224
32 30297
8224 31070
0 20589
288 6553
288 17722
8448 22117
6089 8192
288 28848
0 8970
8480 17049
256 30397
288 25464
256 15251
8192 19742
8480 8849
288 26206
288 25526
0 5836
256 4061
8192 18372
8192 14821
8448 30382
32 15118
8192 15489
5798 8192
8480 28294
8480 16614
8480 15455
256 19735
8224 28487
32 18168
0 11931
8480 15204
288 28058
8448 13360
288 26217
8192 11091
8448 18009
0 14665
8192 28525
697 8192
8448 29463
8448 10581
32 10819
8480 17409
3734 8448
8224 8760
8448 14584
288 24236
8192 10576
1325 8480
8192 15246
8480 20428
8480 28143
0 16192
288 23676
256 4745
5589 8480
8480 25043
288 11564
32 24732
288 11668
2841 8192
8192 21116
8448 17110
0 10614
7838 8224
318 8224
8192 29082
8448 18935
256 19900
8480 19127
1375 8448
8192 20550
8480 28711
288 14627
256 30511
0 712
8224 11363
8192 15407
8224 28970
0 405
0 28745
0 25982
8224 28420
288 27385
8192 14725
32 29989
8224 11906
8224 20468
256 11803
8448 13871
8480 28673
8448 30907
1245 8448
8480 11034
1776 8192
32 31028
32 15862
2648 8192
8192 14929
256 5502
256 11107
256 2767
288 30012
288 30311
0 18805
89 8192
32 18267
8224 11763
8192 26449
256 18500
288 13679
32 3036
288 8047
1491 8192
256 22986
8480 16909
8222 8224
8192 11963
8224 21715
288 22821
288 17406
32 26536
0 3461
0 29946
8448 31365
256 12470
288 16880
32 26900
0 123
256 25079
32 26551
7470 8480
8448 26749
32 30707
8480 23696
0 16824
0 29566
8480 12324
8224 26311
8224 21592
288 14657
288 30070
1467 8224
8224 29796
8417 8448
288 7373
256 4704
32 1897
8224 10570
288 29055
8192 12219
8480 11688
32 445
288 4565
2921 8192
288 1683
8480 29263
7054 8448
0 28184
8192 17748
5226 8448
8448 10332
0 7180
5447 8224
288 23371
6757 8448
1436 8192
32 20091
8192 27778
8480 14532
8448 18354
8224 31285
8480 18550
288 7173
288 31823
8480 10093
8224 17118
8448 27309
0 23300
3919 8448
256 19273
256 26031
0 10618
2491 8224
288 1430
288 17656
32 31724
8480 20934
8480 12925
8480 25572
8224 17831
6710 8480
256 26629
32 15814
8224 14737
32 29194
6667 8224
8224 14949
8480 31391
8192 30959
288 29378
8224 19065
32 7261
256 25548
8448 31533
8480 21554
256 29545
0 20792
5030 8192
288 28593
0 13817
256 28158
256 15451
8224 29581
32 27729
8448 27040
32 11724
8448 20816
8480 12621
8224 15057
8480 16718
256 16887
8448 17118
8480 13305
256 10635
8480 17014
8192 25220
288 26549
8448 31487
256 24625
1497 8480
256 23893
288 1148
8224 21892
256 22278
5468 8224
32 30632
8192 30268
1355 8480
8448 24067
32 24954
32 27675
256 25980
256 30647
8192 29376
288 17240
288 25215
32 2454
6300 8448
8192 18205
256 15823
8224 26102
8192 25858
256 11784
8187 8448
7902 8448
256 18236
256 5802
0 31015
0 27274
5222 8224
288 21515
256 12682
288 22508
8480 24562
2596 8448
256 10735
8480 21285
288 9253
288 6755
3125 8448
0 31248
8480 15001
0 24618
8480 27599
288 16568
288 9401
8224 15697
8480 13892
0 26077
8480 9288
8448 30368
8448 29615
8480 14196
288 9178
8224 24661
8448 22336
8480 10019
32 28504
8224 23204
8122 8480
8224 11977
32 15489
288 7730
8448 18419
288 1267
868 8448
0 22681
288 1879
8192 8552
32 9959
6375 8192
32 8805
32 4511
0 27971
0 3103
2864 8192
0 7491
0 18565
32 2486
8224 20960
288 15030
0 28430
8192 28695
288 25903
8224 21387
8448 17428
8224 20768
8192 8940
0 22794
256 4128
8224 28323
8224 14459
288 10416
288 2446
32 1766
8192 21331
8480 16557
8192 11536
32 28963
8448 8574
288 17508
32 26155
288 2569
288 8733
32 20718
1976 8192
288 28729
0 17890
256 8599
288 5220
288 4297
8448 24467
1120 8448
8448 22321
964 8192
8480 25742
7803 8224
256 19442
32 14504
288 32063
210 256
288 22483
0 29415
8480 26028
288 3201
8192 20943
5735 8448
288 7658
8480 10071
256 23352
256 17411
8448 27301
256 16473
0 2099
8480 17927
288 9628
288 9279
0 22585
8224 19639
256 24098
32 8693
8480 32407
32 31433
8448 18846
8192 32539
256 31470
32 16870
0 1036
8480 15493
256 436
0 3886
8314 8448
0 10940
32 13489
32 18353
2444 8448
32 20091
32 11139
5366 8192
8480 12792
5427 8480
288 19483
32 376
5387 8224
32 22919
288 29502
8224 25891
1826 8224
0 14289
0 27908
8192 8668
8224 22066
8192 12955
8448 15708
8224 12278
8480 14912
288 10023
8480 14471
8448 31422
256 5609
32 4584
8224 27544
3312 8224
1756 8480
256 8966
288 21754
3392 8448
8224 18011
8192 8926
8480 27882
256 2770
0 22974
8448 9856
0 32249
6594 8448
4848 8192
5167 8448
8192 19852
288 16285
8224 24816
8448 30692
0 5211
8192 12261
32 28752
8480 10187
8224 18165
256 22673
7098 8224
8480 14533
8192 11834
8448 16011
8448 11366
8192 17124
8448 20448
0 10800
8448 27301
8480 30194
288 9967
8480 9172
8224 32346
8224 32235
256 11333
8448 16443
32 8059
256 14206
256 12051
288 15649
5780 8192
8224 13456
8192 32093
256 28083
3396 8192
0 4280
8448 23678
8480 30484
8224 11967
288 5572
8192 20897
32 23769
256 6218
8224 12339
32 14921
8448 23949
256 6594
8448 13242
8480 13515
288 7981
256 17941
8448 28607
8192 22735
8448 11181
8224 21447
32 5088
0 16339
256 15730
8480 19823
0 25709
8480 23975
8224 23510
4664 8480
256 16106
8192 10482
8448 18343
8224 9824
8480 28302
5035 8192
8480 14248
32 21436
256 20679
32 21409
8448 25870
256 6706
32 18867
8480 31476
8448 26628
32 28733
2216 8480
8448 24729
8448 25640
8224 21357
32 7342
288 22746
1292 8224
8480 10468
288 22783
0 15828
288 19125
8192 28122
2446 8448
8192 18423
8448 9760
8192 14362
288 30589
8480 13962
256 26040
1667 8224
32 15781
0 18468
256 29153
256 24969
256 27922
820 8448
288 22896
0 19377
256 389
8224 20089
0 11824
32 536
32 9712
0 22923
8224 12639
256 3308
8224 18685
8224 21841
8192 20527
8177 8448
0 392
0 31880
32 28742
0 19197
256 17184
0 27714
3135 8480
8192 31357
288 25226
8224 19557
8224 8230
8192 18414
8480 27197
8224 18472
288 26111
32 6756
8224 16103
8224 22170
8480 25152
0 5895
5095 8448
0 21274
32 16466
256 24977
256 12241
32 26080
8192 32532
0 11474
238 8480
256 15474
8480 27992
6956 8192
441 8480
4656 8448
0 30309
8448 28439
8480 28003
288 2249
256 15987
288 2974
8192 17487
288 20675
3890 8224
8448 17632
32 8343
32 8695
5187 8448
32 144
256 23173
288 1043
288 26557
8448 9845
8480 32027
8480 26390
8224 28329
0 24810
0 2700
3032 8480
1415 8192
256 11615
32 4288
288 15487
0 31943
256 15575
3540 8192
8448 21771
32 25936
0 9320
8480 9367
256 7115
8448 11517
8192 23998
0 8463
8192 27109
2843 8480
6041 8480
8192 19698
0 9170
8480 15596
8448 22090
32 5165
479 8448
4647 8448
8224 25657
8192 31072
8192 10414
8224 18805
288 4706
8448 23136
32 4531
256 15606
8480 18644
1203 8448
0 17335
8480 24250
8192 26417
0 6680
32 23385
288 1353
8448 30001
8448 17661
8448 25480
288 2076
8448 8990
32 15623
288 32266
8192 11297
6745 8192
32 7054
8480 23544
8192 24634
7636 8224
29 288
288 1599
8448 18878
8448 31382
1270 8224
256 30240
0 8439
8480 18490
908 8192
0 32177
8480 23971
0 31088
288 10504
91 8480
8448 13171
8480 15482
32 23237
8224 31578
8224 24207
0 11184
8480 27348
256 24128
32 16400
8224 19965
288 7288
32 13170
8448 19076
256 26464
256 30891
0 6313
288 15981
6508 8448
8480 29335
1906 8448
288 14019
8480 21449
0 23582
8448 28078
1390 8480
5297 8448
32 10835
256 5651
8480 24524
8448 31091
2558 8192
8448 24745
8192 23345
7923 8480
8480 17436
8448 19279
8448 14690
8192 21031
0 29276
8224 18995
1305 8224
32 4252
288 931
8448 28765
8480 32388
8480 22767
0 4233
288 26661
0 22470
0 19285
0 32730
256 15288
8224 16757
256 6675
8192 31511
256 28055
8480 18202
8224 18950
256 13042
8448 24856
8192 31668
8224 17181
0 29653
4835 8448
288 30260
8480 12506
288 2651
288 8566
288 7682
256 13013
288 30677
8480 9634
8192 18296
8192 23865
8192 30407
288 23308
8290 8480
256 2373
0 20329
6317 8448
8224 27780
32 30156
8480 31783
256 6482
4628 8448
256 14261
7713 8480
5148 8480
8480 30267
8192 31356
8480 16811
8448 9472
8480 10648
288 4271
8224 29389
1353 8448
32 25789
0 21617
8448 8644
5137 8192
8224 21680
8224 22523
32 22400
32 11980
8448 14188
32 26134
8192 14885
0 22974
8448 18525
288 21154
0 24970
8192 14463
8224 31975
6931 8192
8480 31676
8224 22142
32 4320
8448 22254
288 16764
8192 16251
8448 25361
0 30800
0 15037
32 26636
8480 8634
8480 23656
256 21287
8192 26137
0 18187
8480 11256
256 16023
32 31072
8480 26027
288 3031
0 11676
8192 25585
8224 17717
7538 8480
8448 20987
0 4787
0 20149
8192 20295
8224 13100
5597 8480
8192 18736
288 32104
8224 21211
288 27006
8448 26138
8192 25086
288 8552
3574 8448
7645 8448
8480 21956
8448 17000
288 28795
256 23641
8448 24712
8192 8482
8192 9109
8192 32094
0 6573
32 21778
0 26529
0 6451
288 22699
8224 22121
32 850
8192 8467
0 13709
0 651
288 27691
8480 19371
288 22898
8192 28816
8224 16135
288 20893
7950 8480
0 5571
0 2193
8224 31232
0 806
288 14886
8192 24012
8192 30430
8224 25879
0 15596
8448 17549
4533 8480
0 5967
8224 10494
32 27644
8224 10230
8192 16338
0 6519
288 13590
8448 30601
2230 8480
0 28200
32 2862
288 15175
0 8360
0 20500
32 3175
288 6014
2917 8448
1524 8224
0 571
8192 22128
8192 16962
6325 8448
0 10744
8192 29909
8224 9381
8192 18421
8192 19774
256 32340
8480 14473
256 20106
8192 10882
8224 14862
8480 15102
8192 30459
288 11662
32 10004
166 8480
5 8224
288 30718
32 18668
8224 9785
288 20759
256 14789
288 17423
288 4354
256 32470
0 22950
256 19054
8480 16224
32 8090
256 28091
0 22505
8480 26950
256 28655
1010 8224
256 16086
8448 28859
8448 18198
288 14986
288 1152
8480 8794
8224 23425
8224 10394
256 3493
8448 17875
8192 22362
0 5771
6903 8224
256 32361
32 15612
0 1690
5531 8192
32 31602
288 7032
3415 8480
8480 11182
288 30939
4882 8448
8480 31272
288 15547
4001 8480
0 10690
0 20422
5702 8224
0 22104
8224 28595
3262 8224
0 68
32 20904
8224 29639
0 17394
32 6561
256 13515
32 2065
288 1302
1209 8480
0 29200
8224 22106
5428 8192
8480 25567
7004 8480
8224 17565
8448 30504
8224 9689
32 4771
0 10634
32 17444
0 8801
256 2675
32 20743
8224 21549
1702 8480
8192 22122
288 20650
8448 13980
288 4553
0 3003
8192 11328
32 31391
8448 8544
0 29101
256 19018
8448 18357
3575 8480
0 16923
8448 14459
256 17973
8480 22410
32 14837
256 16443
0 22472
256 8716
8224 31165
8448 19238
8170 8448
483 8448
8224 13836
256 6030
8448 23661
32 6250
8192 14347
32 15605
32 3574
109 8192
8224 11770
148 8480
8448 28798
2737 8448
32 19372
8192 31191
0 17362
256 19049
0 15112
1758 8480
8448 25620
8448 29122
32 23690
4349 8448
8448 12856
0 32344
8224 22464
0 8509
256 19591
8448 13758
288 31694
8224 17626
0 5919
0 29179
256 28651
8224 16834
5233 8480
8224 15879
8224 13281
288 6940
3522 8224
0 16978
288 28817
8448 26047
256 2987
318 8224
6253 8448
288 27830
0 7833
8448 25504
8192 22523
256 9667
256 30541
5442 8192
0 22105
8224 30169
8192 20317
8448 12644
0 17843
288 17825
8192 8625
8448 16182
8448 17359
8192 26102
256 13063
8448 32352
0 2690
0 17512
8224 27248
891 8224
288 28728
8448 28605
0 31185
8224 9365
256 14447
32 27755
8480 22115
0 13744
32 13372
0 22815
307 8448
5443 8480
256 12998
256 25402
32 8098
0 2232
8224 16838
2895 8192
8192 25574
8192 26861
256 15885
256 14758
256 17799
0 7859
8448 13310
0 8891
0 2531
256 28498
4112 8224
8192 31680
7339 8224
0 6403
8013 8192
8192 32535
8224 14435
0 16244
8448 24533
32 16601
8480 24294
8192 10312
288 8540
8224 21329
32 8672
8192 18324
8192 30119
288 15234
8448 15186
256 7267
8224 28947
32 13725
32 30226
8480 23859
8480 15119
32 18828
256 26184
8448 29814
8448 28317
32 12138
32 29170
8192 19730
8448 19157
288 1032
0 10592
8224 28385
8448 13153
8224 19818
256 28601
32 27441
258 8448
256 20295
8192 29557
6469 8224
8192 8714
8192 12173
8448 30432
8224 8914
2784 8448
8480 27355
288 26782
8480 24707
8448 30335
288 6405
0 19489
0 1654
256 30455
403 8480
8480 29236
0 8381
8448 21995
66 288
288 372
256 24542
8192 17681
8224 14722
256 20177
8192 13651
8224 24245
256 7926
288 1554
0 16395
8448 30262
8480 17399
8448 8782
2279 8448
32 14472
530 8192
256 13940
0 3902
7344 8480
288 28037
1476 8480
8480 9561
32 9291
6598 8480
8224 27732
288 7415
8224 27655
32 11772
32 6028
8480 17354
288 3112
8224 18819
256 3753
256 12280
32 18693
0 14445
2878 8192
8448 23708
5000 8480
8448 30716
8448 8622
5698 8224
8224 22962
2856 8480
8224 14772
8224 14190
8480 10004
7967 8448
256 22235
8224 13590
256 5463
8480 32704
8224 12550
8480 31524
0 3254
288 23584
7401 8192
0 6389
8192 21630
8224 23302
8448 17550
288 15836
288 29589
0 32622
8480 12242
1439 8448
32 24816
8480 23817
7397 8224
5369 8192
1051 8448
7354 8480
8192 10445
32 1559
1461 8448
256 20763
8448 18404
8448 9499
288 28657
6903 8480
3669 8448
288 31900
7958 8192
32 7629
0 18595
32 12836
511 8192
8224 17491
8224 25634
8224 12976
0 10909
0 21745
256 10108
8480 12083
256 11888
8192 22082
8448 15150
8192 26900
8224 22290
0 17302
256 520
8480 20140
256 8876
4466 8448
8448 16816
8192 26569
256 5246
527 8480
288 6943
4653 8480
288 21852
0 18903
256 21283
3599 8224
32 9260
1003 8448
8480 27355
8480 23193
0 5737
8192 30368
288 2111
256 25192
8448 10402
288 10237
8448 11925
288 30736
288 7931
288 16959
8224 18173
256 8854
8448 13739
8224 18517
8448 30950
8192 14835
288 8573
32 6756
8448 21142
8192 21400
0 24656
32 19012
8448 16806
8448 32484
0 22935
32 16385
8224 23427
8480 20911
8480 20185
8224 11867
8448 30191
32 17603
256 7217
8480 22342
3966 8192
8480 24670
0 18639
8299 8448
2074 8448
8192 14514
8192 26486
8448 30629
0 10623
288 14949
8448 18172
32 1925
8224 32703
256 18193
8224 29389
0 15310
32 447
288 8644
288 872
256 5626
2488 8192
0 11137
256 16096
288 20915
7607 8224
32 28605
2397 8480
32 22875
2078 8448
227 8480
32 9625
2693 8448
8480 16417
8192 9425
32 17763
0 19065
8192 8777
0 20825
8480 27167
8224 27316
32 30965
32 30913
256 5444
0 23910
8448 21716
8448 9795
256 18652
288 14834
0 13676
8192 27277
256 22536
4465 8448
288 405
0 6210
256 1914
32 4912
8192 20479
8224 20600
8480 32248
0 301
0 32680
0 24376
1248 8480
8448 29854
8192 8295
8480 26625
6302 8192
8448 29290
32 11108
32 25157
8224 18744
8224 20397
2973 8224
8192 26090
8192 27331
32 26168
8448 30307
8480 18378
256 5611
256 6415
256 5083
288 1588
0 30831
0 10474
288 30590
0 1385
8224 30114
0 22709
0 26777
0 7200
5867 8192
256 25104
256 31437
32 28674
32 19526
288 14799
8192 30352
8192 8750
288 31937
8192 9339
0 4523
288 19383
8224 26368
6863 8224
8192 30650
256 18977
8448 20921
8192 32316
8480 8878
0 23527
32 3129
7526 8448
846 8224
32 3320
0 16093
2212 8448
256 31154
8224 29493
2970 8192
8480 13956
7623 8192
8448 15093
0 32373
8480 30788
288 22478
898 8480
32 19979
32 15962
8192 18653
256 2969
0 27659
32 11502
860 8480
8192 11757
256 26039
0 90
5001 8192
256 11685
32 5223
288 16817
8192 22517
288 21209
7686 8224
8224 19253
8192 10756
32 22297
8480 17811
7391 8448
8448 22129
32 8679
0 2976
219 8224
0 26056
8480 21816
7895 8480
10 8224
288 13546
256 10743
7280 8192
8192 9854
8480 23948
256 7297
8380 8448
6145 8448
32 28345
0 26922
8192 10142
288 29839
0 30027
32 22710
8224 15628
32 3287
8192 21622
8480 23777
32 32146
0 26302
8192 28222
8448 31960
8192 26319
256 4572
256 7163
256 4542
256 30711
8224 19453
8448 30428
32 21288
8448 8783
0 30113
8448 28769
8480 13217
2484 8480
256 22140
8192 15072
256 3366
5396 8224
32 12790
513 8224
7595 8224
8224 20211
8448 11181
8448 29505
8480 21397
5608 8224
256 31726
0 5747
8224 27197
7454 8448
8192 29760
288 30266
8448 22132
32 15571
32 21465
6289 8448
761 8448
4828 8448
8192 27687
8480 18243
8448 23813
0 29471
0 5449
256 10355
8224 12480
8448 10263
0 29331
32 10006
0 21961
852 8224
288 1805
8480 11124
0 11185
8192 15864
6644 8192
8192 9130
0 26240
0 10555
8448 27447
32 23595
8448 11055
8192 12008
288 14331
256 10298
8224 31789
32 8670
3864 8224
256 23154
32 30171
8192 24209
8192 30107
3390 8224
288 23311
0 15238
8480 23362
32 15201
8224 29076
8448 18906
8448 24322
32 10351
256 11944
8192 26043
8224 25476
6482 8192
32 13181
32 5869
288 29604
256 23751
0 6585
8448 16710
8448 30449
32 9182
4086 8224
32 9523
288 13872
8192 10877
8224 17987
8448 12337
8224 12249
8448 12254
8224 10913
288 7508
0 15512
8192 16140
288 30087
288 26052
288 972
8480 18282
1630 8448
315 8192
32 16396
1324 8480
4101 8192
8192 30345
32 21405
32 14812
256 5454
8448 15376
288 11517
8224 13526
8192 13695
8224 26696
8192 31580
8224 11212
8224 18643
288 12860
0 13086
8192 25412
8448 19703
8448 16907
8192 25178
8224 10005
256 8589
32 20840
8480 21854
4845 8192
5292 8224
7194 8448
288 2856
8224 10958
8480 16221
256 8316
8448 31214
0 17292
256 12831
8480 12286
32 9111
32 15185
32 29029
8448 20387
32 31296
288 537
256 16915
256 26753
256 5305
8448 29238
8224 17924
32 18500
8448 13061
8192 30925
8448 26759
0 29100
32 4829
288 3671
6878 8192
8192 15626
5165 8192
8224 32546
288 24766
8192 18631
256 11669
0 973
288 11473
0 14812
32 12522
0 10703
3383 8448
256 19547
0 24499
3057 8224
8448 10240
8448 13285
8192 20396
8192 23247
