14 140
2 1
3 1
4 2
5 2
6 5
7 5
8 5
9 2
10 5
11 7
12 10
13 6
14 9
11 8
8 10
12 6
2 13
8 3
13 7
11 3
4 7
14 8
10 9
9 7
11 5
12 8
4 3
3 14
2 7
1 8
2 12
11 10
11 6
1 13
13 3
10 14
7 10
9 6
5 14
11 9
14 7
12 4
5 9
9 12
3 5
9 13
3 9
10 6
4 13
13 11
8 2
1 6
4 14
14 12
6 7
6 4
9 1
7 3
1 10
7 1
11 14
12 3
13 12
13 14
6 8
8 9
2 10
10 13
13 5
3 10
12 1
14 6
6 3
2 6
4 9
12 7
8 4
12 11
8 13
1 14
2 14
8 7
12 5
1 4
5 1
3 2
4 10
11 4
4 5
11 2
1 11
