3 4
RAR
1 2 1 3 2 3 3 3
RRAR



100 1757
FEHFCHAAGGACFDBJJCDCCEFDJIFJJDBFGCHIJBCGDJJJCCGFIJCDCIEHEDFCADGAJADIDIEDAFEJBHDEIJEEJCECCHIBEIHCDDFD
74 99
44 51
85 42
6 21
84 32
93 15
95 18
53 6
51 9
60 45
25 74
75 75
91 29
51 24
87 69
18 64
10 38
14 52
63 4
24 54
32 71
36 20
24 10
9 20
73 52
83 79
16 85
48 33
39 5
8 11
70 6
10 8
49 3
88 49
13 97
30 65
29 37
98 7
31 54
68 29
91 93
98 64
43 14
11 53
84 80
31 48
24 35
58 75
100 34
78 74
31 92
74 72
20 63
69 60
61 15
6 64
41 15
37 26
23 5
26 2
79 51
20 27
28 5
1 97
58 29
72 10
22 37
3 92
1 44
90 15
29 28
100 59
14 2
16 43
79 78
22 19
3 76
23 96
71 44
15 74
44 86
46 66
30 25
93 17
85 91
96 45
56 80
95 26
67 13
76 34
28 78
25 9
73 18
48 90
40 78
6 24
20 31
70 26
24 38
18 92
27 65
94 27
79 36
55 28
2 86
54 48
70 89
68 66
80 14
16 16
75 31
34 14
71 27
4 21
39 55
34 1
62 49
10 3
86 66
88 76
42 100
17 89
42 20
54 56
79 66
15 52
9 50
96 85
41 60
86 33
80 79
13 27
52 25
66 16
61 79
98 51
66 29
44 16
1 96
43 12
69 74
7 94
11 54
86 74
11 60
78 95
79 67
66 58
40 17
49 49
88 35
82 52
36 63
48 15
87 54
55 47
86 25
93 97
21 45
54 93
92 72
37 53
86 17
80 65
15 56
12 64
1 35
39 57
49 44
7 21
85 59
66 70
38 14
24 68
88 58
75 67
28 20
69 44
72 20
3 91
89 49
55 16
31 40
92 93
84 86
42 24
10 35
18 11
83 90
44 25
9 60
7 1
69 36
45 20
55 62
27 28
94 96
31 72
49 13
96 17
1 92
84 78
52 12
41 58
76 24
66 85
15 7
66 72
25 35
69 12
56 1
14 55
72 11
93 89
43 17
30 6
87 97
54 29
2 24
40 89
40 88
10 61
87 37
44 57
99 8
9 98
89 25
62 47
4 58
95 76
90 29
91 47
14 54
75 26
10 7
94 59
10 10
21 18
20 44
20 84
60 48
45 59
78 50
4 18
80 52
77 58
32 82
82 28
66 21
92 57
65 69
27 56
100 87
36 87
54 4
27 73
87 28
69 54
9 61
8 83
38 48
20 95
24 16
36 42
100 36
93 14
32 83
74 43
46 22
41 67
26 98
1 30
48 83
33 58
73 80
91 78
24 88
48 44
50 68
36 29
14 41
87 13
39 83
28 6
25 55
40 53
64 44
37 59
47 52
23 56
75 56
14 26
70 79
67 50
37 15
22 39
64 33
99 82
55 82
1 60
96 57
87 53
46 83
49 9
76 64
79 38
2 80
97 66
51 73
48 95
13 96
72 87
33 79
37 76
3 80
46 27
82 33
24 71
9 24
18 51
41 20
91 91
97 51
7 45
57 99
19 49
48 73
93 4
76 4
92 5
7 37
18 30
15 11
30 100
65 18
52 95
83 28
62 25
95 63
62 29
75 79
10 80
90 35
56 35
70 57
92 12
43 44
87 59
13 92
66 90
50 20
24 4
83 9
96 7
40 57
58 71
8 48
65 51
62 2
26 18
61 63
55 24
44 63
34 2
93 76
19 97
5 87
26 63
66 33
72 41
85 43
25 68
94 87
31 99
46 89
33 53
85 51
38 15
72 88
65 67
97 90
32 95
63 80
44 89
60 46
14 94
21 69
73 41
42 32
99 16
89 45
71 22
11 12
100 39
18 77
93 61
91 5
53 22
13 50
25 82
42 90
15 30
12 93
9 45
90 74
50 66
48 100
28 66
60 21
51 14
30 29
75 48
40 80
34 23
7 9
83 81
37 75
95 80
47 43
77 40
76 54
4 12
59 81
63 3
63 56
20 60
52 6
1 29
61 5
35 74
55 7
67 93
37 24
82 80
65 88
23 46
6 99
59 58
65 87
76 28
10 36
38 93
70 62
47 31
95 27
47 77
1 72
68 95
20 46
86 92
73 39
96 87
64 97
95 16
73 55
57 64
16 87
53 58
18 97
6 89
45 27
47 92
89 5
61 34
29 60
49 1
78 42
21 5
94 80
25 71
82 11
39 4
16 84
94 40
47 71
76 1
100 20
99 50
6 97
39 79
34 54
98 77
38 97
12 35
50 29
47 89
9 38
10 90
28 67
91 53
67 24
17 78
55 79
39 54
82 100
60 89
60 78
33 16
44 84
91 68
48 93
57 6
97 30
9 90
66 4
80 1
90 62
7 70
100 24
67 54
99 28
51 10
42 79
53 97
33 36
81 99
17 100
49 65
13 89
26 50
69 49
11 94
39 81
20 33
48 71
24 95
75 92
89 77
46 8
89 55
90 60
21 24
53 50
76 23
77 80
23 39
32 62
71 39
77 61
74 8
97 70
22 69
77 73
59 59
44 68
30 42
54 97
71 93
73 91
16 29
20 59
27 76
74 4
72 55
16 13
30 39
64 75
32 39
49 96
92 23
54 84
93 6
85 32
43 18
54 58
65 26
91 88
78 2
76 96
70 71
99 76
67 29
17 77
86 31
7 88
58 64
57 60
75 32
59 90
9 63
43 61
95 75
25 66
75 90
69 13
21 77
80 38
62 40
69 68
6 77
54 46
45 42
24 25
73 3
90 65
67 19
16 81
80 68
14 82
34 28
39 69
78 62
16 5
53 89
30 53
10 2
49 54
4 49
31 89
11 88
39 76
71 3
49 5
12 88
53 55
74 63
41 45
22 24
56 40
61 87
85 60
47 96
5 46
50 51
76 73
100 74
20 43
27 77
16 3
42 53
13 64
31 66
11 61
65 57
70 2
31 51
39 91
44 34
34 53
78 44
70 77
93 77
82 3
84 19
72 97
47 30
26 53
10 86
87 77
53 69
64 52
3 43
21 48
24 96
85 97
71 34
43 79
5 15
56 92
77 64
20 32
95 97
96 86
90 50
23 85
38 44
25 19
85 18
36 28
34 86
16 68
77 32
46 53
35 68
4 65
59 86
44 29
31 83
3 48
22 51
61 19
41 77
37 37
24 5
5 58
31 44
76 2
98 34
58 79
8 40
7 80
85 24
17 25
23 86
81 49
92 65
44 37
99 92
32 24
78 33
91 41
28 31
14 1
11 29
67 45
20 80
38 18
13 20
56 70
94 49
35 61
64 7
36 27
79 4
11 56
10 16
16 54
49 24
10 98
45 8
79 23
13 30
32 66
76 57
71 81
66 27
7 82
98 67
38 34
26 64
47 66
31 94
81 80
1 57
44 73
34 91
87 70
50 69
4 73
99 91
28 77
25 26
95 38
41 29
34 79
37 93
29 85
11 62
77 59
17 50
21 80
15 3
5 50
97 47
59 40
14 83
68 68
58 20
32 99
48 68
9 23
61 30
42 54
78 37
11 85
33 3
45 75
60 27
5 33
25 92
19 35
63 14
97 56
34 3
19 74
40 6
69 89
14 89
3 58
65 55
28 44
97 67
46 94
61 17
96 15
26 15
79 64
92 43
57 31
76 36
36 21
56 61
15 27
3 18
44 22
67 71
20 40
25 28
77 53
30 98
50 74
1 11
82 50
17 6
15 91
54 89
44 39
2 85
12 1
19 92
33 35
63 60
73 35
67 32
6 100
47 59
70 69
50 27
41 86
32 80
90 40
21 68
14 19
5 73
81 87
48 19
35 3
35 27
2 61
85 54
2 63
75 15
71 28
96 96
2 73
94 12
44 56
65 45
75 3
25 33
30 79
11 65
53 25
72 9
93 79
84 70
9 37
97 99
32 2
5 79
15 83
23 58
9 12
17 80
74 23
50 98
41 96
38 39
70 40
98 71
21 58
23 84
16 93
85 52
97 89
29 43
58 38
67 74
82 65
42 81
30 38
66 59
91 20
20 93
43 70
20 8
88 90
10 79
93 69
79 8
42 49
80 91
73 28
63 24
22 67
33 24
62 51
7 11
96 75
57 25
36 50
72 81
57 26
96 5
72 21
41 35
82 26
90 32
74 46
15 99
29 84
91 48
100 90
72 65
6 86
17 58
57 30
1 75
90 95
16 88
25 95
16 82
13 79
86 93
100 29
68 26
17 74
13 95
30 12
2 93
39 11
9 35
100 47
1 25
100 65
73 63
7 89
74 54
60 71
10 12
96 77
37 60
69 88
79 49
83 93
24 30
16 9
77 55
17 88
32 53
42 27
54 18
49 74
1 6
29 69
77 86
29 65
3 37
70 63
9 64
29 13
79 2
57 56
32 54
79 71
84 1
15 47
39 52
81 27
88 50
92 77
90 56
82 18
14 36
1 83
51 86
22 58
39 1
27 19
62 7
31 58
34 39
77 71
6 48
54 81
24 34
11 66
21 65
65 96
7 52
17 47
13 76
89 22
2 13
4 19
9 32
9 31
96 36
32 98
64 55
14 28
99 70
70 81
50 75
41 66
79 3
3 65
15 51
55 32
8 88
52 52
55 56
52 22
78 47
98 13
35 92
42 26
54 73
73 78
15 59
7 35
14 66
66 99
68 59
58 40
90 34
75 9
31 18
57 27
61 3
23 6
23 78
24 61
92 63
42 72
7 92
82 97
76 48
35 79
17 97
48 97
84 18
66 89
67 43
2 11
27 72
34 22
74 98
83 18
71 52
63 75
4 85
66 69
87 22
25 63
10 59
30 95
96 66
79 7
88 45
13 53
3 66
88 60
97 76
28 26
7 33
56 37
88 57
44 12
36 43
17 56
6 8
54 72
28 23
34 65
68 27
96 81
37 25
63 62
55 12
48 46
83 99
64 64
46 69
61 95
40 13
33 34
81 11
79 46
7 44
69 71
6 18
74 13
61 51
56 18
64 63
37 8
12 14
62 16
16 8
71 37
68 62
71 8
21 55
64 82
18 93
98 41
82 51
10 25
19 9
38 49
63 69
54 38
80 13
24 74
25 34
94 5
12 73
13 83
60 4
96 74
64 61
90 30
14 97
31 21
36 61
54 13
40 68
10 74
48 7
23 32
57 43
53 47
49 84
17 41
20 81
27 59
82 60
6 85
19 7
94 13
100 31
68 65
51 84
67 46
50 85
60 18
87 23
59 26
57 61
91 56
14 16
46 95
99 30
72 48
54 15
70 48
62 97
74 51
68 18
14 46
77 77
63 33
36 15
69 58
61 21
33 100
88 15
98 5
89 96
90 13
36 49
32 73
49 43
9 95
88 89
44 99
68 1
78 56
100 76
64 53
27 17
98 14
88 71
29 25
18 69
30 73
80 93
47 48
80 11
13 3
58 84
94 82
70 46
34 93
10 23
35 66
10 33
20 4
83 47
13 52
75 43
68 92
55 38
51 23
67 67
42 52
82 78
84 40
65 8
57 90
86 39
15 22
29 81
65 50
38 46
16 45
29 75
37 51
13 100
70 4
55 59
49 47
16 56
8 17
47 29
46 59
98 65
7 72
71 6
17 24
95 59
84 100
78 31
78 45
35 28
60 34
50 4
14 14
67 6
15 78
67 63
8 91
43 1
86 47
17 26
96 31
5 90
20 79
51 16
82 31
80 5
88 55
67 61
81 12
55 17
100 1
57 15
72 8
85 67
7 60
20 76
84 85
74 5
100 94
63 34
5 82
75 53
98 97
73 16
26 31
77 16
4 68
89 26
37 1
96 64
5 32
51 80
74 97
41 42
55 99
27 97
64 66
99 35
11 34
52 100
47 24
25 90
25 56
34 97
9 77
44 79
9 94
96 95
11 73
29 78
13 19
21 10
42 67
72 73
70 50
19 60
47 68
13 66
33 1
80 97
34 77
34 58
78 58
43 64
94 63
36 36
98 18
16 97
31 17
93 88
58 98
80 64
8 33
88 64
54 52
2 40
43 88
18 27
93 81
21 46
89 2
16 79
53 66
73 93
85 74
19 2
28 17
37 49
85 99
89 37
67 94
67 59
44 100
74 47
76 10
83 56
71 73
76 44
45 82
56 58
28 56
86 4
56 39
84 66
84 61
97 25
66 91
55 87
24 62
100 16
65 86
12 40
56 9
59 3
92 14
77 62
28 96
21 62
59 50
3 39
48 49
60 97
100 10
9 54
82 19
72 30
36 18
34 94
50 50
21 92
8 22
50 21
94 28
49 18
48 86
36 3
91 58
94 33
48 18
39 6
26 85
5 83
42 59
57 93
96 51
82 82
99 10
5 75
47 46
75 47
2 59
89 86
48 87
34 59
47 2
55 22
100 5
19 83
44 36
1 10
73 33
76 63
84 83
28 39
17 85
56 100
43 63
64 68
33 57
98 11
82 63
86 67
36 56
11 71
90 55
21 21
17 53
32 37
49 93
28 58
66 95
88 85
96 48
87 92
74 55
12 17
57 82
72 72
95 70
60 10
48 20
33 43
72 16
24 18
73 99
42 44
2 87
21 37
33 92
46 57
36 95
17 38
81 40
2 84
1 1
41 69
33 30
99 4
79 41
63 15
20 70
69 80
55 96
13 42
98 81
76 79
14 58
66 44
20 66
1 8
26 96
24 89
22 22
22 17
31 55
40 23
94 51
11 27
99 53
65 58
88 13
19 43
65 79
65 84
26 51
53 71
45 43
1 15
35 49
89 91
42 23
14 62
80 89
4 5
100 81
91 24
77 68
13 73
57 2
11 25
21 59
40 25
100 37
30 77
50 18
95 47
25 18
49 22
88 98
53 16
24 29
11 6
27 84
12 99
48 13
3 70
67 81
5 43
53 67
38 37
22 86
63 88
85 53
95 17
27 75
53 45
96 44
36 81
83 35
79 84
28 4
66 62
24 41
95 86
90 63
88 22
67 72
40 72
26 20
76 76
10 75
85 61
44 26
71 57
97 65
45 5
42 14
3 11
24 82
97 63
90 54
35 69
66 67
92 39
34 70
8 66
83 43
2 22
90 47
89 98
40 71
59 62
19 70
16 92
35 14
8 35
51 55
26 40
38 28
84 39
33 2
55 100
21 70
33 49
92 78
34 12
43 82
94 73
41 12
30 60
84 53
19 44
38 75
64 86
29 99
78 27
30 7
93 44
83 40
18 100
12 31
1 73
92 15
52 50
42 7
36 46
31 56
49 34
1 22
89 1
57 21
32 15
19 87
6 13
66 37
77 72
86 56
45 3
63 31
6 44
91 86
98 78
62 62
52 76
15 58
99 58
43 7
31 39
17 87
59 36
89 34
52 87
83 38
14 67
59 69
100 3
11 10
100 77
97 45
15 84
38 6
48 24
94 57
9 85
35 54
44 88
33 23
87 50
16 2
24 78
26 21
83 96
28 88
88 77
90 18
19 6
20 89
17 15
38 61
13 13
21 86
37 94
15 31
7 97
31 16
57 9
9 3
96 34
98 86
7 100
36 11
45 86
51 59
19 100
46 82
13 75
30 17
60 25
73 56
23 17
74 41
24 52
41 21
58 44
98 70
20 30
72 47
88 73
79 9
40 21
20 6
71 15
83 95
95 19
6 54
39 21
20 86
52 61
37 62
38 19
64 94
29 77
81 45
85 72
25 49
34 72
72 63
86 42
93 35
66 43
73 58
63 40
15 65
94 43
60 38
27 31
44 59
75 57
3 83
57 73
60 64
90 24
15 72
75 86
49 78
26 38
29 86
70 78
67 16
40 93
12 66
99 61
43 60
16 46
14 10
51 49
7 16
13 60
41 61
61 22
14 86
21 98
53 21
91 98
24 14
23 35
61 44
23 22
88 74
71 97
71 95
67 34
34 80
12 27
61 62
88 10
84 68
18 89
52 93
77 91
98 83
2 68
11 78
46 87
74 68
64 36
70 35
42 91
84 91
47 63
30 94
90 72
33 39
87 78
44 45
98 31
93 98
70 68
78 22
40 10
95 77
I
