99 1010.000
-9917 0
-9875 -2377
-9581 -3
-9351 -1777
-9149 -6
-9095 -2269
-8890 -9
-8766 -2906
-8565 -12
-8499 -1858
-8399 -15
-8317 -1610
-8141 -18
-7947 -1123
-7902 -21
-7646 -1143
-7377 -24
-7080 -2577
-6907 -27
-6708 -1152
-6637 -30
-6405 -2742
-6158 -33
-5900 -1224
-5886 -36
-5689 -2919
-5490 -39
-5222 -2396
-4946 -42
-4684 -2963
-4534 -45
-4318 -1438
-4096 -48
-4063 -1959
-3771 -51
-3594 -1345
-3490 -54
-3432 -1983
-3357 -57
-3091 -1913
-2909 -60
-2813 -2098
-2670 -63
-2464 -2605
-2340 -66
-2213 -3045
-2160 -4000
-1960 -4001
-1904 -68
-1729 -2877
-1686 -65
-1676 -2472
-1496 -62
-1269 -2946
-1060 -59
-888 -2175
-735 -56
-677 -2208
-485 -53
-371 -2170
-228 -50
-138 -1324
48 -47
244 -2531
489 -44
542 -1792
605 -41
807 -1045
924 -38
1019 -1672
1084 -35
1187 -2580
1274 -32
1313 -2960
1511 -29
1695 -1314
1721 -26
1966 -1330
2042 -23
2277 -1534
2464 -20
2484 -1797
2635 -17
2796 -2305
2839 -14
2904 -2274
3032 -11
3201 -2399
3335 -8
3626 -1025
3919 -5
4217 -2029
4504 -2
4684 -2798
4802 1
5049 -1762
5158 4
5399 -2145
5400 -4500
5966 -4501
