100 1010.000
-9711 432
-9458 545
-9339 1397
-9157 643
-9046 216
-8888 1036
-8829 876
-8668 1229
-8651 1941
-8561 1897
-8444 2567
-8219 2904
-7969 2136
-7732 1629
-7490 2036
-7384 1559
-7093 1625
-7015 1279
-6960 617
-6813 518
-6609 269
-6351 -348
-6178 -1107
-6107 -1836
-5824 -1774
-5615 -1440
-5596 -2230
-5490 -1417
-5311 -931
-5097 -180
-4869 -943
-4630 -303
-4396 -144
-4282 -477
-4231 -825
-4206 -1544
-4006 -786
-3944 -1283
-3701 -1463
-3565 -1810
-3408 -1661
-3392 -1390
-3336 -1903
-3086 -1858
-3067 -1266
-2985 -578
-2969 -1183
-2779 -372
-2738 -1171
-2547 -1776
-2544 -2337
-2442 -3074
-2226 -3311
-2193 -3627
-2078 -4136
-1797 -4156
-1734 -4148
-1612 -3425
-1477 -3949
-1442 -4238
-1430 -3998
-1319 -3199
-1034 -2795
-933 -3202
-747 -3879
-695 -3221
-418 -3665
-223 -3191
-55 -3065
44 -2908
299 -2672
412 -2635
484 -2021
632 -1899
668 -1532
841 -1292
1039 -1785
1070 -2583
1310 -1834
1411 -2285
1599 -2791
1848 -3442
2062 -2767
2324 -2174
2395 -2680
2640 -3198
2894 -3600
3025 -4391
3231 -4611
3459 -5134
3470 -5371
3483 -4562
3600 -5000
3837 -4151
3845 -4568
3849 -5131
3966 -4509
4012 -3765
4243 -3883
4336 -4434
4373 -4432
