1000 1975 1.000 1000
2.372710644727398700 -8.350483858281561900 4.963835566270943500 1
3.168585940641589700 9.200060779693240300 -2.306283761101108000 0
2.271516201301472500 -7.658106111663941300 -6.016113773003326100 0
4.892161609316183900 0.877916312440921390 8.677327799310282000 0
-0.508213450448436470 -7.264343440731394700 6.853541673024689200 0
7.140000316805919000 -6.459152618243808600 2.701803643910031000 0
-8.575044257889864200 0.051795901098096765 5.144505142368847000 0
1.693397667387691800 2.605297236887035500 -9.504989776299325400 0
-0.741617442185009470 8.418107771832325200 -5.346537675099948000 0
6.092345946803558100 2.911644060838906700 7.376018555253761400 0
-0.676458387013722410 -9.859288287705579600 1.528672139652699400 0
0.771232409710975510 -9.381593271856036900 3.375041962950529500 0
-3.096426104904410600 4.395964734167771200 8.431348612933744500 0
-4.757132455318959800 6.162780584029903300 -6.276131473738822700 0
7.612245190714168600 -2.109802748232660500 -6.132084109012115600 0
-1.508036594981328100 -9.640073970647034000 -2.189703054902798500 0
3.343110253580868100 5.279706723749838700 7.806939909054841900 0
-2.997993109151612800 8.282047852891834000 4.734946745200963900 0
-4.472022545180721800 -5.916778581392211600 6.707663197729423200 0
-4.210681883532304300 -6.425437542119913000 -6.401867732779931200 0
-3.503091659942685800 -9.302221188221711400 1.094088564714499300 0
5.026321728875040600 5.535300453621331900 6.640522476882228600 0
-2.958463436421470600 9.475402448030248300 -1.210058900723288700 0
-6.692588074211721900 6.632859859762082700 3.348796044801171800 0
9.497308253705920600 0.669464501093902880 -3.058259834589678800 0
7.613333619778969400 -1.452305930798619900 -6.318857387005218500 0
7.791291367232371800 -1.959619584090230600 5.954466383861811700 0
9.882977546389556200 -0.290032760264813730 -1.497543259987182100 0
6.513520034649596700 7.432425511303510000 -1.527451399273659400 0
1.882735256050085000 -8.665247835406285400 -4.622638630329294800 0
-7.004979625399773400 2.902442805547220700 6.519669179357280500 0
-5.464644618451367300 -8.092999683651951800 -2.154301583910641900 0
-9.638249058576693800 -2.664363892649961300 -0.072939237647633284 0
6.574577824570155800 -4.151110765810144300 6.288338877529221300 0
3.205968884361165100 2.333313990605004700 9.180272835474715600 0
6.583017768314011400 -7.382233046262928900 -1.471907712027344700 0
-2.392033312014204300 7.787020034120559800 5.800042725913265900 0
2.240831948742530300 9.592770306179055200 -1.719718008972441800 0
-4.572664445358624300 8.220707807256642900 3.392742698446608300 0
-2.856184835368185100 0.367031433660053920 9.576403088473158600 0
2.174104067956307500 -6.227113852958677100 -7.516403698843348000 0
6.121537997607586800 -6.353908247362507900 -4.706869716483047300 0
-5.392315634672981700 -3.343494251009042600 -7.729422894985809500 0
-1.555471964273746500 5.918636237818545500 7.908871730704671400 0
2.597866332597048400 5.969070316088783900 -7.590868861964780800 0
0.825970222870092140 -3.322343292822172300 -9.395733512375256800 0
4.886981048425711000 3.543874720688343000 7.972350230414746400 0
-0.446220374082224090 9.481496019977983600 -3.146763512070070300 0
-2.370776849557302100 9.690717185696515300 0.685140537736136920 0
-5.280649382208785000 -5.347137218310673600 6.597186193426313000 0
1.252563233588239300 2.540573795135637100 9.590441602832118700 0
-4.048898244237425300 5.683120902214046300 7.162999359111300800 0
-3.498835901420285200 8.354746143038559200 4.237495040742210500 0
-9.321978601968322000 2.056802390608587100 -2.978301339762565700 0
5.125555872547566100 7.819886037155666400 3.546555986205634200 0
9.927422948622682600 1.079771937730913000 0.529496139408551340 0
6.942095853711376400 2.991706780199043800 -6.546525467696158200 0
4.719785045343175300 3.149856388331391300 -8.234199041718802900 0
7.497929169891324200 -1.347014947419050000 6.478164006469924600 0
-2.696278269426677400 8.566336045339193500 -4.398632770775475500 0
4.654214555540765000 -8.050043440132958100 -3.679006317331461300 0
7.756553759385137200 -4.783733773154154700 4.117252113406781400 0
-1.742963571238154400 3.032763450131089800 -9.368266853846858300 0
-9.183544971293699200 -1.842343514030006000 -3.502609332560197700 0
6.978294694918489900 -5.192279200517139900 -4.933927426984466200 0
-9.830848452417814800 1.753481835865954100 0.528885769219031410 0
-5.308331985225779100 -1.943738517379566300 -8.248847926267281100 0
-2.446232567595969100 -8.910679366318502700 3.823053682058168400 0
-4.721731716819009600 -7.045074265566880100 5.298318430127873000 0
-4.652623146044028600 -5.271157384552340700 -7.111117893002106200 0
9.982658464050430800 -0.258475981940080090 -0.528885769219031410 0
-5.362880264007566600 2.051648761071371400 8.187200537125766800 0
-6.896970388686607800 6.848538305553868900 -2.351451155125583900 0
-4.644483997161652900 5.768197942073324900 -6.719870601519821700 0
1.486631697659397000 1.342281679761245300 -9.797357097079379100 0
-7.021576126685925300 -3.473108438548963700 6.215704824976348200 0
-8.714950212144641400 -4.516483610205386700 1.910763878292184300 0
3.858514092598598600 2.927694991191142700 -8.748741111484115200 0
4.002962944339882000 8.807079667446526400 2.532120731223487000 0
-7.430104944635818500 6.627625483011996700 -0.931730094302194330 0
7.600030509942109300 1.517848317100618100 -6.319467757194738400 0
5.392649415270241800 -5.446951488592635100 -6.422620319223608700 0
-7.874792088103249400 -3.742198711222256800 -4.897305215613269700 0
-7.197452503866365700 2.315956222895839000 -6.544694357127598400 0
-7.531017874402959200 5.571074152110384100 3.499557481612598100 0
5.335914782444212400 -5.373134568384130300 6.531266212958159100 0
-1.394172666111590100 -6.992990823094088700 7.011017181920834700 0
6.497830555432503100 5.590118657620490900 5.150608844264046300 0
-5.201666979047901800 0.912367000678342200 8.491775261696219000 0
2.712837634011058700 -9.603531403695241100 0.642414624469740960 0
-3.885155802189365700 -9.188088555980339600 0.696127201147496040 0
-7.692039288144011200 -3.967671979057833200 5.009002960295418900 0
6.999318943795385600 2.941858471894378100 6.508072145756401900 0
-1.936558868690436900 -9.598293080702250200 -2.030396435438093200 0
-3.947215964254835000 5.540397460947944300 7.329630420850246100 0
-4.604959031161449400 -4.777010074739545900 7.481612598040712200 0
-6.901117749123003800 -0.106535169419231480 -7.236243781853693800 0
-4.995058630094636200 -8.460783808104530100 1.861323892941068900 0
2.013752159356498000 8.241622606036418800 -5.293435468611713500 0
9.853988779612679500 -0.487898489444628270 1.631214331492050000 0
1.228664570988713600 -9.871840729652667800 -1.018402661214026500 0
-0.172799093497676660 -3.860885203422432400 9.222998748741112300 0
5.986581699867887400 -7.653362513802029800 -2.363658558915982400 0
-2.565792259884958100 8.474093299142092300 4.648274178289132600 0
0.111065514419067010 8.676829381879478800 -4.969939268166142700 0
7.831050219935727700 -3.280844129515060500 5.283059175389873900 0
3.995962460853265800 -0.035247935255503404 -9.166844691305277200 0
-4.488184217617863700 -8.677647505065529300 -2.134159367656483800 0
5.776292765685491700 4.308249912376078700 -6.933500167851801300 0
-9.892362467316159400 -1.184533159639357300 0.859096041749320970 0
3.323467254061223100 8.390688353146906300 4.307077242347483900 0
8.440399618103516100 -0.955717122098698300 5.276955473494674600 0
-1.641344498004520900 7.961707885707682000 -5.823847163304543900 0
5.337699173687670200 3.074107204395359900 -7.877742851039155200 0
6.957161476685920200 7.073186223309206400 1.252174443800164700 0
-4.803303296215998100 -6.869441346316698100 -5.453352458265938700 0
5.480692856295791100 7.985674396982192400 -2.488174077578051000 0
2.654131771600874300 9.206473332842630700 2.862941373943297000 0
-8.254399143137922200 -5.425645081388434900 -1.557969908749656800 0
5.077511616337579500 8.598561997446116900 0.532547990356150970 0
0.055297150821431502 -5.915239007694622400 -8.062685018463698200 0
-0.506324286475869020 -3.748101359881784100 9.257179479354228100 0
4.044770042089123100 0.731454176561602280 9.116183965575121600 0
3.101204872197769200 3.822182856358109100 -8.704794457838678700 0
-1.019340819074366000 -1.505257326376937300 -9.833368938261056500 0
-3.239377602502251400 -6.216337845775157700 7.131870479445784600 0
-1.012971221516998800 -5.376016627032822900 8.370921964171270000 0
8.473966674944565000 4.093866483536547000 -3.381145664845728800 0
-8.414054163676532000 0.089548408148432457 5.403302102725302100 0
1.427954472431454300 -9.745246603016282100 1.729483932004760800 0
-7.376471032755221200 -6.669217195636404600 1.053193762016663100 0
-5.355531517978930900 -8.388322445950402400 -0.976897488326670120 0
2.552703338441712600 1.701483206427834500 -9.517807550279243900 0
-6.701873301726020100 -7.421882647465768200 -0.023499252296517836 0
0.830636320647132220 -6.135541414313250300 -7.852717673268837300 0
1.970746730165656700 -6.565523357160866000 7.280800805688649300 0
3.781208081725523600 9.244692004566042300 -0.487990966521195110 0
-8.464819833032370500 -0.910015682159714070 5.245826593829157500 0
-8.343442065729201200 5.502520697652245800 -0.330515457625049580 0
3.564430856952457200 5.476989411634411600 -7.569505905331583400 0
3.303071273528999500 -5.026759571495067500 -7.988830225531785300 0
0.342265576519146190 -8.424766149876013800 -5.376445814386425300 0
-0.798276007432483390 -0.658879282281201410 -9.946287423322244700 0
-6.991993040401745000 3.382043837788625100 6.298715170751060000 0
-9.136468924258196000 4.040627999261290300 -0.445265053254799040 0
2.226917587942042400 -9.658537020645487900 -1.324198126163518300 0
-5.716727706924150900 -7.189737195448533800 -3.953062532425915900 0
5.921897116800027000 7.658041944511068300 2.507095553453169100 0
-1.884617193822846200 8.397966073833210000 -5.091402935880610800 0
3.082490196696574500 -8.758711583278600400 3.712576677755058600 0
7.396011482000831800 -6.072383204910975600 -2.902615436262093100 0
4.523195486331752100 8.918557936996474900 -0.005188146610919523 0
8.143166634547904800 -4.492291501734404900 3.675344096194341800 0
8.807410527436216400 3.248949475190451100 -3.445844904934842700 0
-8.598815234761399800 4.584674865822444500 2.245246742149113600 0
1.585723668787926400 -3.990029188763852400 9.031342509231848200 0
9.167823269040770400 -3.672529934679222800 -1.569566942350535600 0
-0.056212695818902578 -5.719833345097303100 -8.202459791863764900 0
3.561626268077586300 8.196366562158713600 -4.487136448255867500 0
-9.975301418730406800 0.648393122112134850 -0.270088808862575140 0
-8.721918029838622700 -1.569496288281198000 -4.633014923551133500 0
-8.677389044212352700 -4.712398407154530000 1.579943235572374600 0
3.941944900699791500 -8.368477346635778200 3.798638874477370000 0
4.266391161651571700 5.810920114964673600 -6.930448316904201700 0
-6.545871222943120000 -3.745723623174530600 -6.566667683950315700 0
5.046281443870553200 -3.602120358823894800 7.846003601184118100 0
5.444814100410329000 4.197512121626311400 7.261879329813531600 0
2.921321698181945000 7.755116205236582500 -5.596789452803125000 0
-8.919705215055062200 2.059721595932964400 -4.024475844599749900 0
-9.565977156519235100 -0.402868783003388690 -2.886135441145054600 0
6.246885019421389600 0.654010698790536970 -7.781304361095004100 0
2.687344076235502800 1.705418724700388700 9.479964598529008400 0
-6.172360947925184900 5.971212144386084800 -5.123142185735648700 0
9.487092363389292500 2.210870924534869400 -2.259895626697591800 0
-6.809289453165994200 3.313025625991074200 6.531266212958159100 0
-7.735834415683005000 -5.606373181311564500 2.953886532181768200 0
-6.916194214660938800 6.657509209601813400 -2.800683614612262200 0
9.944212605376403500 1.006411430323563400 -0.315866573076570900 0
-8.474664280908740500 4.680467209800902100 -2.504654072695089400 0
-7.403388671383709200 -6.696134501172260800 -0.592974639118625470 0
8.229471417074764300 -0.190975845424691650 -5.677968688009277000 0
-9.420088601020948400 -0.930562108445937560 -3.224280526139103200 0
1.021034258288192200 6.218118011819715500 -7.764824365977966100 0
-4.437679545066060900 -5.767203746980485800 6.859035004730369400 0
-7.668268173655109300 0.255211495234985430 -6.413464766380809800 0
-4.804792335385115200 2.079924893679924800 -8.519852290414135600 0
2.530844354589350900 -9.656327157681108300 0.591753898739585500 0
7.636455758416163400 -5.824307163314023800 2.786034730063784000 0
-0.180749734732416400 -6.532928126919864000 -7.568895535142063500 0
-8.362976996737815600 5.037863532239112100 2.163457136753441200 0
9.893022261354717600 -1.364933273278598100 0.514847254860072660 0
9.631401828554187400 0.539845799088891410 2.635273293252357700 0
-0.811628188657369300 -8.643709491486548700 -4.962614825891903600 0
-4.677384450756301600 5.205926097877098300 -7.142857142857143200 0
-5.498338421023055900 5.861416588573119300 5.950804162724692100 0
-3.252217686093430000 2.348422270606183500 -9.160130619220556300 0
-1.852768765981879200 -4.874504023179747000 -8.532670064394054100 0
-5.181826689018088800 -6.527281139939416800 5.526596881008330800 0
-2.019845618100891500 -9.396112768090576500 -2.762840662862025500 0
0.645388158835673690 8.217305417488349300 -5.662099063081758900 0
5.481436007987409400 -8.334924372849540600 -0.694906460768456080 0
3.353444302199061900 -7.877938279742273200 -5.166478469191564400 0
7.992417852005458700 0.032184221651847519 -6.010010071108126800 0
9.674910497520418300 2.094824677381628600 -1.416974394970549600 0
1.462828023797462000 -6.088038436515201800 7.797173986022523100 0
7.382178353867291600 4.037471081849231400 5.403912472914822000 0
2.120355919496122800 2.276502775430014200 -9.503769035920285500 0
5.570651693521081200 -5.674425729551782800 6.063722647785882100 0
-8.923022390628837300 -0.442661356500747560 4.492629779961546900 0
-1.879552599879244200 5.076437644586378400 -8.408154545731985500 0
-0.240585356782980460 7.683001575385990400 -6.396374401074251800 0
-0.462085058088215150 9.622127893370851800 -2.683492538224432800 0
8.977868839354499600 -0.403110304049228320 4.385814996795557100 0
-3.882767136617774700 -9.211971538342014700 -0.252388073366496770 0
-2.682342763502077800 -9.116845163084965600 3.112582781456953600 0
-7.335364184023413600 -3.914647739539019300 -5.555894650105289000 0
-9.871360247751647800 0.372124566011966470 1.554918057802056900 0
7.047091353603731200 1.023282975118740700 -7.020783104953154400 0
-7.891411093170186000 -3.041547741716908300 -5.336161381878109300 0
1.563366221589015800 6.834450991553151900 7.130649739066744700 0
-7.776511504913700400 5.349763621627391600 3.302407910397656000 0
-6.291459009374650100 -7.611365297822034700 -1.576281014435254800 0
4.454147321189338100 -7.335790754110009400 5.132908108767967500 0
-0.396550899153445550 9.925212441365213000 1.154515213476973800 0
0.512495904328597480 -7.315481690921653300 6.798608355967894900 0
8.310057730205867800 -4.688836686795794700 -2.992950224311044400 0
-3.987921739104132600 9.155777450276097800 0.517899105807672290 0
2.044655088498391400 -2.710070828249295300 9.406109805597095500 0
-7.047202008583677300 6.867423549730526500 -1.781975768303476000 0
-8.667029044791906500 2.550450081610639200 -4.286935026093325400 0
7.585465450604963200 -1.542184331533193800 6.331064790795617000 0
3.441585625159518700 7.677240606574925700 5.405133213293861900 0
-6.934156062848316500 -4.512283361376898200 -5.617542039246803400 0
5.575379735962117800 -7.962241791703569000 2.349009674367504200 0
9.773001155304189800 2.061194496212922300 0.489822077089754950 0
9.398227596955548400 3.346596670048681300 -0.688192388683736670 0
-4.171046399615066800 -5.911955358118445900 6.902981658375805000 0
7.516657160304895900 5.966677344283877600 2.810449537644581500 0
-1.390767846758335300 -4.716970119264293400 8.707235938596758400 0
6.551069652359458900 6.667990368205265900 -3.552659688100833400 0
-1.005687112719772800 -4.609478891763570700 8.817102572710348700 0
-3.647158937268147700 -9.272761695509379000 0.845057527390362220 0
-9.195158149882301400 3.127010474809829500 2.381359294412060700 0
0.409500213910894530 -9.846948470978022200 -1.694082461012604000 0
-9.203398443752925900 1.171912375129129600 3.731498153630176800 0
5.244523454238270200 8.508261943872039300 0.323191015350810240 0
9.317200941111506700 -3.487838505423221500 -1.012298959318826700 0
-7.843050057255593000 1.270483842792470100 6.072267830439161100 0
-8.880341080516521000 3.834065356943563400 -2.537614062929166400 0
-0.189607194897055130 0.025845116531996802 9.998168889431440200 0
-5.136411404376301200 -6.994501282345120300 4.969328897976622800 0
6.590997972892475700 3.539355017999695100 6.635639515366069200 0
-0.196137036092956520 -6.225402096738806200 -7.823419904171879900 0
3.095937602515819200 -2.303567436231575000 -9.225440229499192000 0
9.934843546989975800 -0.177187552534708910 1.125827814569536400 0
-6.283312936150570000 7.700219820624980100 1.107516708883938200 0
-0.053446261644013157 -9.528920895529520200 3.032624286629841000 0
-8.316986295867854700 -0.924786505206519620 5.474715414899136200 0
0.872175953023909050 3.020991879358603700 -9.492782372508926900 0
-8.569214659975239500 3.039365451751757900 -4.163029877620776800 0
8.053488104771716400 5.285848762837834300 -2.683492538224432800 0
-4.136943845581210900 1.922345864029471300 -8.898892178106020600 0
-0.854695913280241300 -4.668730994787292600 8.801843317972350500 0
1.760415620265612000 -8.959870053345317900 -4.076967680898465400 0
-9.126031978508708100 1.197644927974374800 -3.909115878780480300 0
-7.656994030548335500 -0.698615936437381400 -6.393932920316172100 0
-2.261672613620509900 9.337778360150123200 -2.773216956083865100 0
-2.102282958373341800 -9.698116600269701200 1.235694448683126300 0
9.341909322050790700 3.151955282126599000 -1.671498764000366200 0
4.527290120050258400 -7.275790950354720900 5.154271065401165900 0
-6.453249220155349500 -7.350845621812319500 -2.078615680410168800 0
-0.795298054621338290 -8.666146650386373600 4.925992614520707100 0
-5.161628359458521900 4.033919332706448200 7.555467390972624200 0
-2.789562395386546300 -8.780331741706680400 3.888973662526322300 0
1.680932910368519800 -5.523000014029214800 -8.165227210303049400 0
-2.734165304947637300 7.853020937309864300 -5.554673909726249200 0
5.206779846652559700 8.479757037729966000 0.991546372875148800 0
-2.192708541691728900 8.985239876012268900 -3.802301095614490500 0
9.455272954029837300 3.133760393369163100 -0.881679738761558920 0
-4.512158363536974200 7.432938776069775600 -4.938810388500625600 0
-5.093464644351904300 8.522611097694950300 1.192358165227210200 0
9.572309733073092600 -2.485788728099372200 1.480452894680623900 0
-9.759458822066394000 0.831976948809594940 2.015137180700094600 0
-2.999585316118381000 8.599421610036143800 -4.129459517197180000 0
1.568498897070295800 1.113729101882066100 -9.813226722006897200 0
5.414623564431400900 8.386613235056790600 -0.588702047791985870 0
0.749378564558142330 2.095887140947570300 -9.749137852107303100 0
9.244793885791054300 -3.420368335396591200 -1.683706167790765000 0
-4.299741639277405300 6.636031589252441500 6.121707815790276900 0
9.464340034341407900 -3.215514785266000000 -0.294503616443372920 0
3.827446204973936200 2.376757969193078700 8.927579577013458900 0
-5.095834629937350300 -4.705865705874041200 7.203283791619616800 0
2.615888638842077900 -9.349353995729273900 2.397228919339579300 0
4.083106355973912500 7.198572677333438600 -5.613269447920163900 0
-2.360009655138407300 3.884316425293244300 8.907437360759299600 0
-1.880395038298685800 8.871515192139259700 4.214300973540452400 0
0.511164068545584720 -3.604047751163381300 9.313943906979583100 0
1.083523968258908200 6.582891226115188800 -7.449262977996155200 0
-9.262829753620620100 3.757046211882000300 -0.290841395306253250 0
7.973728773766334000 4.584118043647316100 3.924985503707998800 0
-8.995708751230013800 -3.982501810082789800 -1.793572801904355100 0
-9.711876113330275100 0.263578119945148020 -2.368541520432142300 0
7.358523245231673100 -4.675741498814411500 4.897915585802789600 0
-5.658766704462832900 -2.996242625602699500 -7.681203650013733500 0
-5.411682810340220600 2.289843130800396100 8.091372417371134800 0
-4.824464474664348600 5.033612527241759300 7.168492690816981000 0
-8.039348380946204700 -5.947111892686950600 -0.027161473433637499 0
-5.333674794881959600 -3.257780273910382700 7.806329538865322000 0
0.240338735593280920 8.538622664037740500 -5.199438459425641300 0
7.351773225242997300 -4.649713452302012900 -4.932706686605426300 0
-4.406266470428748900 -5.309904673651114800 -7.238074892422253500 0
-4.378932171213584500 -7.643087802137520400 4.733726004821924100 0
-2.202875045064218300 -9.393680129346332600 2.627948850978118600 0
6.608304562018068000 6.570713517515205400 -3.627124851222266200 0
7.753083729275120500 -0.278128478974692950 6.309701834162419600 0
2.868034570608442000 9.561487046402326900 -0.593585009308145390 0
-2.701766776412479800 9.505092981784313700 -1.534165471358378800 0
6.533846260475088200 -5.231610735461963200 -5.471663563951536500 0
-4.462670820169881500 -7.865992578809448700 4.267403180028686900 0
6.439799401276039800 7.521143470729946900 -1.400494399853511100 0
-2.247007104011004700 -4.853267941713683700 8.449659718619342300 0
-4.639672591378967100 0.229277215471910820 -8.855555894650105800 0
-9.889147523591352900 -0.854494168536447110 -1.214331492049928400 0
-1.250036844111337900 3.099385944285484300 -9.425031281472213300 0
8.781690934433196800 -3.798467769905479400 -2.907498397778252500 0
0.710840688984760600 -9.822439717579303700 -1.736198004089480200 0
-4.430421989869147500 -8.919286329657014200 0.904263435773796750 0
-9.251631635148978500 3.527151152180767900 -1.402325510422071100 0
0.314095900435742650 4.483475456923753400 8.933072908719138300 0
5.420097116019801900 -4.835639322168979100 -6.873073519089327700 0
-4.069120659417126100 -6.359976128632497200 -6.556901760917996900 0
-1.783147539619226500 -9.354993431924064900 -3.050325022125919300 0
-1.102797765500883400 6.712034492892819900 -7.330240791039766000 0
2.687122240501707400 -8.483253850961270700 -4.562211981566820300 0
7.658338893754845800 0.695036957927594460 6.392712179937132300 0
3.219439798119022800 0.605181912289166070 9.448225348673970500 0
0.627743802575684180 6.217525792044179800 7.806939909054841900 0
0.642888728980949290 6.983311466927888000 7.128818628498184000 0
-4.590576977011519200 -7.205402516296506300 -5.196996978667561600 0
0.885612254345572890 -2.852785439815932900 -9.543443098239080800 0
-7.180322227066571200 3.142649507078802500 -6.210211493270668900 0
-5.934124248202977000 5.992729488352420500 -5.373393963438825700 0
4.284925527221990800 -8.997941432600264000 -0.822473830378124270 0
-5.299065686055616500 1.101170033934585800 8.408764915921505400 0
-8.470604707116475400 -5.051918194902997400 1.651356547746208000 0
5.213344267098482200 5.666586305199994700 -6.380504776146732800 0
-4.509224139843873000 -3.123774529695591400 8.361156041138951200 0
-4.779985440849317900 -3.181428382056732400 -8.187200537125766800 0
-3.030070572145391300 -4.944333151411151500 8.146916104617451600 0
8.409092826156795700 3.969453501066370300 -3.678395947141941400 0
5.071751916127606600 7.068507519618200300 4.930875576036866500 0
-8.898020044536444600 -3.986280644116746900 -2.221442304757835600 0
-5.487337705535257000 3.478637301691467800 -7.601855525376141300 0
9.074083875466826000 -4.016158900142245100 1.237525559251686100 0
-7.100559376309815800 -1.349551805814502200 -6.910916470839564100 0
9.265513245473957900 -2.238057442015019700 3.023468733787042100 0
-8.549183001106250400 1.501207669885042500 -4.965666676839503200 0
2.957407937171682400 -7.860049254179470400 5.428937650685140800 0
3.412335108457196200 2.532892316391970800 9.052095095675527500 0
-9.638451840304414400 -0.556001519454220610 -2.605975524155399900 0
6.066224271195838300 7.948109251301844800 -0.168767357402264450 0
8.169986143703237500 -5.721431731355671100 -0.718710898159733880 0
-5.661783131793183300 -5.585488587362360300 -6.061891537217322300 0
-3.599246171335823300 -9.329050754305273000 -0.119327372051149030 0
0.652622901093912630 -9.744438564364370900 -2.149418622394482400 0
9.084799428428837600 -1.808946595179604200 3.767509994811853300 0
3.673393428094485100 -1.583889764896468000 9.165013580736717500 0
9.394973309983129200 -1.872580797758305800 -2.868434705648976300 0
-3.426741483395781400 -7.298318559820333300 -5.915402691732535500 0
-0.941905184998320100 1.834028381023550300 -9.785149693288978800 0
-1.079517520957512100 8.168228489386779100 -5.666982024597918300 0
-6.339075631083298700 -6.311482247437239400 4.470046082949308700 0
8.603913145707167600 -3.790319293832964000 -3.406781212805566600 0
-9.537964594726117800 -1.554426598736375500 2.571184423352763600 0
1.801537860453664900 6.217685402457626700 7.621997741630298900 0
0.224686171537674530 3.384028386858494400 9.407330545976135400 0
-5.697811414995105600 1.087470510945625700 8.145695364238411800 0
-6.268626208719373600 -7.483843874908974800 2.167119357890560800 0
1.031291398233263700 4.863230686192264500 8.676717429120762000 0
2.267882470846763100 -9.454496443862950600 -2.338633381145664500 0
9.772373300098129400 2.090438580019719200 0.361644337290566720 0
4.523274739892881000 7.376113737663996700 -5.013275551622058400 0
6.720507582047660300 -6.231324588816129100 4.000671407208471900 0
-6.269612739268541000 7.608674209773786500 1.673329874568926000 0
-1.245151474389662800 -2.312072675528479500 -9.649037141026031600 0
-9.297707884712719900 -3.392391847083534800 1.429792168950468200 0
-3.363415259423701000 -7.882481217260537000 -5.153050325022126000 0
-5.437708099856938500 -0.405839713112519540 -8.382518997772148600 0
6.397754186235077100 -7.684286216535486600 -0.143131809442426820 0
-4.176687938663738100 2.997741373095975000 8.577227088229012300 0
-6.399376877376681700 1.084536282450982300 7.607348857081820600 0
0.378243396494534310 4.495524085097312800 8.924527726065857500 0
-0.721490657281357750 9.477228444718834400 -3.108310190130314100 0
3.281416801611229500 8.040344896770900400 4.958342234565264100 0
-7.416934990384254100 -0.279599127695124740 6.701559495834223900 0
-9.014480142591732900 -3.674443562463824500 2.288583025605029200 0
8.068937242530427800 5.905797694185189100 -0.117496261482589180 0
-1.465711597779453700 -9.647983383986499500 -2.183599353007599200 0
0.407013897627496460 0.628563395334786670 9.971922971282081600 0
1.065393703295265800 -7.779801144451100800 6.191900387585071100 0
4.483912811680922600 7.831544827764076000 4.308297982726523800 0
3.177965908779109200 6.254221089057004700 -7.126377147740104300 0
0.767289008865218340 7.498934022620670900 6.570940275276955200 0
-0.429449957499557830 9.805757598906778200 1.913815729239783900 0
-5.494632785375095800 1.807647999482878500 -8.157292397839290400 0
-2.311396065938217300 -9.114160368084828400 -3.404339732047486900 0
7.953651443209038200 -5.452547540253528200 -2.647480697042756700 0
9.902805216025678100 -0.914053236419312690 1.048310800500503500 0
-7.316491130794602800 6.518728547535198800 1.993774224066896500 0
3.363774552957685200 -9.368233080121042300 0.959807123020111730 0
-1.769863162281557500 9.584752504885319300 -2.236091189306314200 0
-4.289228217806678100 -3.116055393774416000 -8.478957487716300500 0
-0.619823262307119480 -7.786591506364075600 6.243781853694265700 0
2.372041829419186100 2.868000183441549800 -9.281594286935027000 0
-7.851103164152205800 -5.282151329755798500 3.234046449171422900 0
4.961147328086847900 6.174796737766761200 6.104007080294198100 0
6.894675384224853200 5.518355064818527100 4.691610461745048300 0
4.605898046135678200 5.663362071183397200 -6.834620197149571500 0
9.387540691552409600 1.807546417995993200 -2.933744315927610200 0
-6.077726498931942200 4.458246596841589400 -6.571550645466475200 0
8.050694597459990800 2.868495865663471800 5.192114017151402200 0
1.814177972544740700 2.142812457341270300 -9.597766045106357800 0
5.711482097592125700 8.166605330698645900 0.827967162083803830 0
3.765587857759387500 -3.699914457690709000 -8.492996002075258800 0
5.265503151968287600 -6.877085840142855000 4.998016296884060200 0
4.788357648375877900 6.503533028824766600 -5.897091586046937700 0
6.840442418357469000 -0.885025519882524870 7.240516373180333300 0
-7.329354906365300500 5.680650937688972700 3.743095187231055800 0
6.110287310326807400 -6.052273074002553000 -5.102389599291971200 0
-2.473641216793518000 9.281868486959176300 2.779931028168584300 0
-4.278327366724641800 -7.878993202166234300 -4.429151280251472800 0
-3.871289306045798000 8.860146061646743100 -2.551652577288125600 0
-6.897041646491679500 -4.252730327101293300 5.860469374675741200 0
4.074078507620009200 -9.000169909767567600 1.548814355906857700 0
1.747309851116168200 -2.498404039561537900 9.523911252174443100 0
-6.531116791070633800 5.807765488334252000 4.859462263863033400 0
3.861052315714710300 9.041535293001523100 -1.828363902706991800 0
1.360055267865194500 -8.877971887157215700 4.396801660206915800 0
-9.546136266133100200 -1.801091834666739300 -2.372203741569261800 0
1.996219942685306900 7.193055475459062500 6.653950621051667000 0
4.081323012429395500 -5.951605602612957600 -6.922513504440442700 0
-2.314881759705579500 9.670866954088250400 -1.056245612964262800 0
-2.451412473095031100 -8.889472432438818600 -3.868831446272164200 0
-5.529933884632307600 8.078985828167764900 -2.037110507522812900 0
-5.728623841270989600 -4.383995140675968300 6.925565355388042300 0
-7.668801463396524000 1.286061558789070700 -6.287728507339701300 0
-8.157750514661657300 -1.403465732908811600 -5.610827967162084200 0
9.179596743585742400 2.462888754563568000 -3.109530930509353900 0
4.015300485398938700 -4.798366021993550700 7.800836207159642700 0
6.059094393831411900 -1.003574614762565500 7.891781365398113500 0
7.321979402816013200 6.228623281497736900 2.755516220587786300 0
-8.231426676758866600 -3.497857878603662500 -4.473097933896908400 0
-8.447658188128260200 -0.503564067727973240 -5.327616199224829400 0
7.007268100981377800 6.158171133013940600 3.602099673451948400 0
9.547500465407212600 0.106188815346579190 2.972197637867366500 0
3.208264625621733300 6.855200261821083900 -6.535538804284798600 0
-3.690955209221265400 -9.243329673641389000 -0.968352305673390920 0
-3.498606530368264500 -9.344601608191309700 0.661946470534379160 0
1.973090658914014300 9.745615935366364700 1.062959685048982200 0
0.312942726815278460 -7.851467193606594300 -6.185186315500351000 0
2.156749016285097700 3.715553057142889900 9.030121768852808400 0
-5.941025900392791200 5.187907171395749200 -6.147343363750113800 0
9.294852231981863600 -2.489990991274080300 2.721335489974669600 0
9.750727853474156600 -1.400598496523475500 1.720938749351481600 0
-4.680227391582684000 7.941420209144321300 -3.876766258735923300 0
1.532193624915792800 -6.645395828375549200 -7.313760795922727100 0
4.005957138496762900 -2.549774431451085700 -8.800622577593310700 0
2.797338185154336600 7.953339016012983500 5.377666554765465200 0
5.246196883271076100 -7.398142734194198800 4.212469862971892600 0
8.594577465707800500 3.560111224687948700 3.668630024109622600 0
2.254548111872974200 5.960792737973704900 7.706228827784050500 0
8.305914478910898100 -5.550050603608239500 -0.456862086855677970 0
6.885060627679808800 -7.138190885703874500 1.281472212897122100 0
0.283016997395081630 8.691728078377444400 -4.936979277932065800 0
7.312289694386898900 -3.726636667505310200 -5.713370159001433600 0
2.830611842063926400 -4.549065661430815600 -8.443556016724143000 0
7.433129939373758400 -1.735221492715957300 -6.460463270973845000 0
6.064176150711481300 6.774206042035944900 4.163640247810296700 0
-8.609213233280208000 5.027742110005056600 -0.776696066164128560 0
-0.674598570492505710 -1.558581421820299400 9.854731894894253900 0
-8.738819051972894800 -4.402058641984034200 2.062746055482650200 0
3.665540717940914300 -6.068421514697864600 7.052522354808191500 0
8.639032794823842600 -1.072283615963427500 4.921109653004547700 0
-8.144698072199846100 2.913435076657138600 -5.017548142948697900 0
4.148703200627843500 8.891296173610545100 1.932126834925382400 0
3.649831685283498200 -1.821473616610187000 -9.130222479934079900 0
-7.238109695285678500 6.686770912764960600 -1.702017273476363400 0
-5.880877843419859200 4.246574439729832800 -6.883449812311166500 0
8.980456605692767300 2.080099680533648200 3.876155888546403400 0
0.695166904613224060 5.090825414053663100 8.579058198797572000 0
7.384255567493569900 -5.652137910906011700 3.677785576952421500 0
-1.524751617309280100 -5.902929903326048900 -7.926572466200751100 0
-9.344073490080596400 -3.187650451825197400 -1.589709158604693900 0
1.182782608546371500 9.186821754369013600 -3.768730735190893200 0
9.822120326306452000 0.458003907302563680 -1.821039460432752200 0
-6.668136985234161400 -7.450319478488697900 -0.169377727591784430 0
-3.012864690224344800 9.207120046256847000 2.480239265114291900 0
5.191323947090066500 4.497396838968423800 -7.267983031708730800 0
-0.509475806949033270 -2.726859710972863400 9.607531968138676600 0
-6.138655335826034500 5.625417214049110500 5.538193914609211200 0
-3.214014047794200300 -3.966656393107180100 8.598590044862209700 0
-8.602145634664907400 4.643806230811320800 2.106692709128086300 0
-9.485684638241259800 -0.241057812912052780 -3.156529435102389600 0
-8.194863370858652000 -4.859811112627700600 3.037507248146000800 0
9.296333222036766500 -1.112259240422073900 -3.512985625782036900 0
-5.032740996532557400 8.465178889242331200 -1.735587633899960300 0
4.255078510223403200 -5.399124950321540200 -7.262489700003051500 0
-7.451538921416688100 5.890569325214894300 -3.126621295815912300 0
-4.207551034599423400 -5.492058933153754400 7.220374156926175700 0
-5.322771141252103700 -3.446293905248920100 -7.732474745933409100 0
-3.136398684466148900 0.061051358938774648 9.495223853267006600 0
1.245864259005484000 3.752430576724590700 -9.185155796990875000 0
-7.710331575734635100 6.366422482538163200 -0.139469588305307150 0
9.749145461173862200 0.754884449986444110 2.093874935148167400 0
3.056712433430799800 6.889354736374163400 6.572161015655995100 0
9.878019977059933500 -1.066732973136478300 -1.134372997222815600 0
-3.383857385845036700 -0.485065304734177300 -9.397564622943816600 0
-4.267466120981660000 -7.599821312523485700 4.902188177129429100 0
5.704938785431629400 8.143941930198082000 1.062959685048982200 0
-2.390102299662662900 9.633555355803974200 -1.217383342997528000 0
-4.366337268668873500 -7.051743533814191200 -5.586413159581286300 0
-2.956947217433364200 -4.900628821982394400 -8.200018311105685200 0
3.867494489300074900 9.202842696610654000 0.591753898739585500 0
2.498302569379741400 -5.319591503839005100 8.090762047181614800 0
3.005658283338266600 2.609949788488404600 9.173558763389996400 0
-8.273366344604619700 -2.331521763693629200 5.110324411755730300 0
-3.324883248135741500 9.341500890494588200 -1.296731467635120700 0
-5.069531060854989900 -8.219076009143037700 2.597430341502120900 0
6.973370614977128000 -6.783754074806059200 2.313608203375347100 0
-4.924313687672042600 8.500277898136136700 -1.869869075594347900 0
6.072319769474459500 3.257825978280901100 -7.246620075075533400 0
6.563043737235253700 7.087121455254428600 -2.588274788659322000 0
-1.329210570609989700 9.911192863557539900 -0.038148136844996489 0
3.216617961954717100 9.106356890909145500 -2.593768120365001400 0
-8.025182412158679700 -4.135616502460858400 4.300363170262764700 0
0.079932463433188355 2.982113849111914600 -9.544663838618120600 0
3.641602696653097200 9.204186626613648100 -1.421857356486709200 0
-1.355845605007077700 -6.482487100077475100 7.492599261452070900 0
8.725977116406186300 -4.459762997799562500 1.991943113498336700 0
2.401273928155399400 -4.718971386645850300 8.483230079042940000 0
9.892143242545714100 -1.154694655886229400 -0.901211584826197120 0
4.032172482422756900 -8.976228053560722800 -1.780144657734916300 0
-7.172985670240176900 -0.291066162117064100 6.961577196569718900 0
2.194103989841380100 8.704176593370199600 -4.407177953428754500 0
8.902712354110915900 -2.820457881381893900 3.575853755302591100 0
-1.798006532594884900 8.128671184710953000 -5.540025025177771000 0
1.288837672455362100 -9.890739587220121400 0.715659047212134250 0
-6.751401608443662100 -6.031529708714149500 4.247260963774529300 0
-8.215200147010627100 0.464417564313185260 -5.682851649525436400 0
5.018899268980784500 -2.087992539140059100 8.393505661183507300 0
-3.935175907224540900 -8.030189133953770800 -4.475539414654988100 0
3.917710944014425800 2.736855869401362300 8.784142582476272700 0
4.488776644764076500 -7.736484899456297800 -4.471877193517868500 0
-6.825964235845773900 4.537512235905687400 -5.728629413739433600 0
0.603104005966872860 -6.793680623092678100 7.313150425733207200 0
5.763206852802826000 8.045209898033288500 1.435285500656148000 0
-8.773019882851999200 4.066404421649621300 -2.549211096530045900 0
-7.843589294086106300 -2.482436082316705300 5.684682760093997100 0
2.288225996857835100 -3.832932725700059200 -8.948332163457136400 0
3.723242471349923900 -1.500611652225641900 -9.158909878841516400 0
9.206654363637515100 -2.489082994603855100 3.006988738670003200 0
-8.764784527681296600 1.157076191083737500 -4.673299356059449600 0
-1.976329938933649900 9.708955697114289400 -1.352885525070955700 0
6.376648778643714300 7.065802736022963200 3.068025757621997600 0
8.895410777765517800 -3.388413081528719700 -3.064363536484878000 0
1.057887376860164700 9.559912316600550900 -2.736594744712668200 0
9.907909762602727700 1.177723695625756900 -0.668050172429578540 0
-6.613445948829529200 5.482085148370511100 5.119479964598529200 0
9.612978406043325200 1.010147314614111600 -2.563249610889004200 0
5.310136075393431900 1.669981420730841700 -8.307443464461195900 0
9.106728505795826900 3.244765125836067000 2.557145908993804900 0
-4.031479118541177800 1.392587499634148100 -9.044770653401288400 0
0.764194531630774660 -2.342164728894601500 -9.691763054292428200 0
-1.243694559314821400 6.152033741508559700 -7.784966582232123700 0
-3.957258025423591600 -8.538615983478559100 3.381145664845728800 0
0.228265205730725010 -0.326386709102959860 -9.992065187536241000 0
-6.700374693294895300 4.881468439266462200 5.592516861476485500 0
8.278102912826334100 -3.477471922077509000 -4.402294991912595100 0
-0.668079213787439290 2.574170377016848500 -9.639881588183232700 0
-2.102192386846360300 9.608670814991977900 -1.803949095126194100 0
-9.136692770067528000 -2.384825234746340300 -3.291421246986297300 0
3.780735251729159300 -7.083618087468514600 -5.960570085757011900 0
3.725756014247311800 -8.345420835810578800 -4.058656575212866700 0
-4.569555256776036200 -2.417276161332202000 -8.560136722922452500 0
-4.133078096249831500 8.860026029033061700 2.101809747611926400 0
-0.744401533604807990 0.836227567991202350 9.937131870479445800 0
1.139458421045813600 -3.358565469681065600 9.349955748161258700 0
-1.102121665541909900 9.796373283575016800 1.678212836085085600 0
-3.005431635928665000 -1.744355672993697800 9.376812036500137300 0
7.114920662505422700 -1.564830075078951400 -6.850489822077089600 0
5.095732813666612200 3.119830464674816700 -8.018738364818261700 0
4.828578013853971600 -7.441265995694148000 -4.616534928434095500 0
9.007100545157840100 -3.885720186343273300 1.942503128147221400 0
8.632436331586042400 4.989274610268423300 0.766930143131809410 0
6.033678983621143700 6.438290583400212000 -4.705648976104007500 0
-7.426418901810796700 -3.930368145415512200 -5.422223578600421600 0
-3.669380991428431200 4.479275742165928200 8.153019806512650900 0
7.121608353138197100 -6.992038661241323900 -0.627765739921262280 0
9.335434152337882100 -3.378799028027232400 1.197241126743369800 0
9.919240261241093000 1.219597524850710900 0.348216193121128000 0
-7.023715511317156800 0.950535428908254930 -7.054353465376751200 0
-1.933246674217364600 0.151744179012556820 9.810174871059297500 0
-4.228837017500350000 -7.595718207367522900 4.941862239448225200 0
8.865567124408279700 4.484037846002591400 -1.138035218359935400 0
-5.440099866942449400 2.474818090183436700 -8.017517624439221900 0
7.999690565108843500 -2.278424915518485200 -5.551011688589129600 0
0.414964014757693570 -9.978332444823328400 0.510574663533433060 0
-0.142488843566203620 -1.523761359331057700 9.882198553422650600 0
-4.042444267547228500 3.858523344382514400 8.292794579912715800 0
0.071324662763446206 -7.187401900570131700 6.952421643726920000 0
1.361272163076529700 -5.066894095365718400 8.513138218329416400 0
-8.744728785540411700 4.315007371508186500 -2.215948973052156200 0
-3.582744811921236000 -3.657194126361005300 -8.590044862208930700 0
8.214546192208194600 -3.456333711840181300 4.535966063417462600 0
6.862830666526305900 -3.119666677851950200 6.570329905087435300 0
8.562326698759530800 -0.981165201175957510 5.071871089815973100 0
-7.539635109730175700 6.495199078715479900 -0.983001190221869490 0
9.131712966986906800 -3.014867081570590500 2.742698446607867400 0
9.626967370584736700 -1.562299714537578800 2.209234900967436600 0
0.524723602213634010 5.415251609997238100 8.390453810235907600 0
5.731837323047862800 8.122534952571951900 1.081881160924100600 0
6.807376064330390400 0.625704700402542450 -7.298501541184728900 0
5.414275696757612400 1.613022566801515700 8.251289407025360800 0
0.191870648909033660 9.551089484137103000 -2.956328012939847900 0
-2.283525550291026600 -7.245277185529122500 6.503189184240241600 0
4.258054555176434200 9.003702583724539500 0.895718253120517560 0
8.797218468303041700 -4.702380679236466900 0.704672383800775130 0
4.562074644846514800 6.582065076641195700 -5.988647114474928500 0
-0.877778760566917840 -6.253599389931706800 -7.753837702566606500 0
5.080433851834367700 -0.851490324887504090 -8.571123386333811200 0
9.720377681250504100 -2.190685632593114100 -0.845667897579882140 0
-6.528612678354158500 -7.555685572335773900 -0.537430951872310600 0
7.209571637207515600 4.785538985011889700 -5.012054811243018500 0
-1.376957514677006800 -3.643700648368563200 -9.210180974761193800 0
-0.922132293278623780 -2.444395028915700200 9.652699362163151200 0
9.376411189694881200 1.288160692408695200 -3.228553117465742700 0
-2.258830596295954500 -8.203394140414340900 5.253761406292916500 0
-3.217629764277511600 8.112122154698383300 -4.882656331064790600 0
1.443822558833010500 -0.276568911974067240 -9.891354106265449500 0
9.945839571528299700 0.108711825171762940 1.033661915952024800 0
8.972552313808330700 1.736564666787953700 4.059266945402386600 0
9.968907312364841300 0.787286898900334210 -0.032654805139316997 0
4.380423644835319800 -8.803795189776174400 -1.817987609485152600 0
1.265024998020958500 -0.129253202190385190 -9.918820764793848000 0
2.788452133438561500 9.381087009168446400 2.054200872829370800 0
-4.228325300020883600 5.198084540138483900 -7.423017059846797500 0
7.379794363821080300 -6.538413039476638200 1.669667653431806500 0
9.061200263326810500 3.726963095531514300 -2.001098666341135900 0
3.263302259024563100 -9.381487599198214500 1.156956694235053500 0
6.863885613641822500 2.979875891925491100 6.633808404797509400 0
-4.897836171688174600 1.425993524034682600 -8.601031525620289400 0
-3.461710540451206100 -3.085449616053394200 -8.859828485976745300 0
2.069895078359157200 9.696787303779942100 -1.299172948393200400 0
-8.653821211726258500 4.989466355129060600 -0.465407269508957220 0
3.021755432623494600 8.912271966576046400 -3.382366405224768600 0
-7.328922899682940100 -1.471743167058245500 6.642353587450788400 0
-4.763004770326589600 -6.493842288487928500 -5.928220465712454900 0
-1.960663695089915200 5.888346541171766400 -7.841120639667958700 0
-9.208358101393237400 2.623625020045675400 2.884914700766014800 0
7.165220895760362500 2.368670647094324200 -6.561174352244636400 0
0.173678051708809340 -9.764320791574858700 -2.151249732963042200 0
3.150724613999431200 -3.373658695263148200 -8.870815149388104000 0
2.415627091006260500 6.108945185827441700 -7.539597766045106100 0
0.394130413154358710 9.058904144075217600 -4.216742454298532100 0
6.777458193217640300 -6.495229516788034700 3.446455275124362700 0
3.331503472847718400 -6.903540600656358900 -6.422009949034088700 0
-6.618861954284057000 -2.089235307041141400 7.199011200292977400 0
7.950045575940510600 6.020192995961000500 -0.744346446119571460 0
9.540561196771419000 -2.721242752911234000 1.254005554368724500 0
-3.308017354333403000 7.606750082914174100 -5.585192419202246400 0
7.446003587089676600 2.784111664887879600 -6.066774498733481700 0
-1.492425584073880700 9.862029405639432900 -0.716269417401654170 0
8.812551179447856600 -0.131817122931547990 -4.724570451979125200 0
-9.202316018346016000 -0.163240385176025320 -3.910336619159520100 0
-5.928648359831971200 2.592114034830909300 -7.624439222388378600 0
-4.877157184130681800 3.834246424624324000 -7.842951750236518500 0
1.345295192947442200 9.644800665469629700 2.273323770867031100 0
-3.666248570267437200 -9.263882895756141900 0.859706411938840900 0
8.144075899583395300 1.858421431216110500 5.497299111911374300 0
4.698658981677002800 2.222377714415765500 8.543046357615894600 0
3.882699561221050600 -6.436298272168270900 -6.595355082857753200 0
5.994408291746110800 5.762454841572835400 5.555284279915769100 0
5.672744187461464800 -3.236717845509267600 -7.572557756279183000 0
-3.084987589449999800 0.468214207499260020 9.500717184972685900 0
-6.134049066380505600 7.726746799020308000 -1.634266182439649600 0
-7.759145989735727300 6.201720599634195500 -1.155125583666493800 0
-9.076057655404612800 -1.697986624684890000 3.839533677175206900 0
-7.769567294826109600 -3.826415175647481800 4.999237037263100100 0
-2.865260994748859000 -5.317947232813906100 -7.969298379467146800 0
-9.879108736488401400 1.182946128866247300 1.001922666096987800 0
9.811092370977011300 1.928150403229175600 -0.157170323801385540 0
8.332513195637869100 -2.208233540230431800 -5.068819238868373500 0
-5.974588518147482000 -7.169033727428015400 3.592944120609149500 0
-6.649067051629833400 4.213315673358679600 6.167485580004273200 0
0.301661256556891410 2.692980802828301500 -9.625843073824274400 0
-3.655763247474573200 5.685046185622330700 -7.369914853358562100 0
-3.400924612709666400 4.596011593428783300 8.204290902432324700 0
-6.872177282503488800 -1.440446269125957900 7.120273445844905100 0
5.198315267253667200 8.325692982349203000 -1.913205359050264000 0
-2.752974053939440900 -3.052265349560436800 -9.116183965575121600 0
9.925764604552721700 0.481912932902246570 1.116672261726737300 0
-9.039576154584089800 3.442335719900097700 2.537003692739646400 0
-0.249360289680719160 9.269931328771747300 3.742484817041535900 0
-1.291346774952428600 -2.680522995155720800 -9.547105319376200300 0
-7.281856892658980800 3.841356843200111300 -5.676137577440717200 0
-7.360442778397427300 -0.257683929018240830 6.764427625354777300 0
3.741666819397393400 7.155098811777149200 -5.899533066805017400 0
-3.710448371724635500 -2.591535929965463700 -8.917203283791618400 0
5.147335013269999300 7.417349130209998100 -4.299752800073244800 0
9.649008304546127200 1.605781015423541000 2.078005310220648800 0
0.132089978261736490 6.392159411536298700 -7.689138462477492600 0
0.455345350891005030 -8.634912562112248200 5.023041474654378100 0
-0.083315005568873043 3.524619534816803700 -9.357890560625019600 0
7.446487454021766300 1.298012679972516700 -6.547135837885678100 0
-3.824506591071643600 -0.877742287105014560 -9.197973570970793500 0
-5.220829137636446400 4.929997721500265100 -6.959746086001159100 0
-4.485271473219667900 -6.427722226447776200 6.210211493270668900 0
-4.220771955303250800 -6.943925707192101400 5.828119754631183400 0
-7.341677031519625800 -1.244232878808673400 6.674703207495346300 0
-0.147096507288883540 -9.558282248024236000 2.935575426496170000 0
5.212676894163453600 8.235769289517593400 -2.236091189306314200 0
-0.141889608036280670 9.219939661849691600 3.869441816461684200 0
-9.419896096500224300 3.330924552756582700 -0.412915433210241990 0
3.007484961044250700 1.342152382006009700 -9.442121646778771200 0
8.203537298865441600 5.397846921610979000 -1.888180181279946100 0
7.618145130868606800 -2.962260173807194100 -5.760979033783989700 0
1.823870324944101700 5.923258172222282300 -7.847834711752677900 0
8.588240696338013800 -3.898033987183863400 3.323770867030853900 0
-3.977119073422957100 -0.759063330787785650 9.143650624103518300 0
2.645131777032076100 -0.253362749206371200 -9.640491958372752600 0
6.676790094453687100 -1.986363671709310300 -7.174596392712180300 0
-7.000865509965136000 3.492991752374774900 6.227912228766746800 0
3.195649732393173200 8.577971193326867200 -4.025696584978789800 0
-5.289357887499724200 -8.480554986202436800 -0.320749534592730480 0
-2.953551109298733700 9.466049117652604000 1.292458876308481000 0
1.462935457517939000 -2.223571503931181400 -9.639271217993712800 0
8.848496885358802200 -2.972254986873001900 3.587450788903470100 0
2.511221427276428400 -7.113698144883024100 -6.564226203192236000 0
7.893556993514168100 4.947983056069039900 -3.634449293496505400 0
9.005941701316409400 1.859769105711613900 3.928647724845118400 0
8.413719471385116200 -3.599154220590967200 -4.031800286873989100 0
9.676753902777807800 -2.282475339371949000 -1.072725608081301500 0
5.586546009266228900 -5.312957542959575000 6.368907742545854200 0
-5.895972837727326200 5.662392488898528400 5.759758293404949800 0
-4.311497397267250300 8.738671182926003300 -2.246467482528153400 0
3.008172454720536800 7.624546119127355600 -5.728629413739433600 0
9.742254491513037400 -0.980310702542240510 2.031617175817133100 0
-7.673975016069228200 6.272322383265628100 1.329691457869197600 0
-3.899624224470318100 -9.062014652691068800 -1.634876552629169500 0
-7.806483694004872300 2.611414159650332000 5.677968688009277000 0
2.609592007703287000 5.219649918906382500 -8.120670186468093000 0
9.045470393971301700 -4.070053048835665900 1.270485549485763000 0
9.895220323162151400 0.520378205579449690 -1.346781823175756000 0
-4.120461556994833100 -5.575098718994802000 7.206946012756736400 0
9.999206068813055700 -0.017256457510656100 0.124820703756828510 0
8.925483128568188800 3.824147945902152100 2.389904477065340100 0
-4.115949071457174900 9.113591726495396700 0.037537766655476548 0
-3.383088319509097300 8.905808506139999600 3.039948728904080500 0
-1.672562828341058700 -6.888195840156565300 7.053743095187231300 0
-4.686648836164950500 -0.552076017739531850 -8.816492202520828800 0
8.391897070197368100 -3.838065758487390100 -3.852961821344645300 0
3.226090834931385500 -5.425170149875103000 -7.756279183324687100 0
3.490799549273387600 -4.748818103542704200 -8.078554643391216300 0
0.492731547293290270 -1.617842165834290100 9.855952635273293800 0
-3.936291872232256000 6.004210783994234500 6.960966826380198900 0
-8.606367439591469500 3.196365665521016200 -3.964049195837275400 0
-8.782550382514925100 4.485491533761440900 -1.657460249641407500 0
6.853392066905832400 -5.450900787414740400 4.828943754387035300 0
-1.817853906784237200 -8.716432701506864300 -4.551835688344981500 0
-2.740998577401691600 -5.956139821422216800 7.550584429456464800 0
-1.184072623801639000 -9.687818442845213000 2.178106021301919400 0
-6.231366331915872100 -7.494662756293441100 -2.236091189306314200 0
7.286573647387387000 1.368264600382331100 6.710715048677022800 0
-7.500329171408873600 -5.187359683027781700 4.103213599047822200 0
2.667489884212788500 -9.442998928837653200 1.927243873409222500 0
-4.134792237759646700 -9.057901446261011500 -0.926236762596514880 0
1.028204993290079400 -2.523524507926083100 9.621570482497634900 0
-9.742312968803322100 -1.121112847615160200 1.957152012695699800 0
-5.020081998963804400 2.148020290338200900 -8.377636036255989200 0
8.200267935979187700 4.151492101042545200 3.939634388256477500 0
-9.730501285826614200 -2.094168034956312800 0.965300454725791290 0
-7.540810222896650900 1.434725355418850200 -6.409192175054170300 0
9.023078246175430200 -2.060824029651014700 -3.786431470686971500 0
-3.975765483664913400 -0.129266686034328530 -9.174779503769036300 0
-4.742393347292558100 -3.848967300010891300 -7.918027283547472100 0
1.940140071931566700 6.370285063414701000 7.460249641407513900 0
-3.224647293796651900 0.180433259852382210 9.464094973601488500 0
6.122704529567707600 7.501925231512307100 2.496719260231330400 0
9.727317381531278800 1.180855375890544200 -1.996215704824976200 0
1.415958136606442900 -1.795244674006793300 -9.735099337748344800 0
5.733308537164233200 -5.919057217070302600 -5.665150914029358600 0
2.419765051939311000 1.813462901041635000 9.531846064638202200 0
-3.706025220430300100 -1.863296197357315000 9.099093600268563600 0
0.249973679393456720 5.597226940986814700 -8.283028656880397000 0
-1.298643751704934300 7.980529187389769200 5.884273812067019300 0
-8.657968994126367300 -3.411580786699839300 -3.660695211645863100 0
1.870079705899310600 -8.329448257683214500 5.207983642078920300 0
0.335682295744795800 -5.719009026287570100 -8.196356089968565700 0
-6.483050249500170300 6.837210469297155600 -3.350016785180212100 0
-2.430712188287323300 0.675953012361166890 9.676503799554430100 0
-4.411441550192731300 4.592096614306495200 -7.710501419110690000 0
2.881660700355550100 -1.565290879958323200 -9.447004608294930600 0
5.387705803728190200 7.092880013072327300 4.545731986449782300 0
1.623528927302236600 -2.011987554612552300 9.660023804437390300 0
-7.622800126331601000 6.281866183998873000 1.559190649128696600 0
-9.904155325317123700 -1.348088473414774900 0.300607318338572350 0
-5.681398161314223000 7.561980617189249200 3.246253852961821500 0
8.309899605646537100 -4.489126548894799600 3.285317545091097600 0
4.596557248228084100 -0.370105713720640880 -8.873256630146183700 0
-8.747392840116486200 4.824527470260482800 0.455030976287118080 0
-7.999738050464434200 -3.439317437059576900 -4.916837061677908200 0
-9.985355643032463000 0.315076998661386660 0.439771721549119530 0
0.298337727315058250 -1.653812027008102500 -9.857783745841853600 0
8.069871240263015700 -2.727942054421368400 -5.237891781365398500 0
5.484658265795038900 -5.339617578308066800 6.434827723014008100 0
-3.565062972959914100 5.463054507379504300 -7.579271828363902200 0
5.068079870689674100 -6.693386665731099900 5.432599871822260300 0
4.272875949286647500 -1.436192550337994900 -8.926358836634419100 0
1.606593248111463100 8.119345259274830100 5.612048707541124100 0
7.064648944479216700 -0.615214003149548660 -7.050691244239630800 0
-2.889402595341933600 2.023032397099633800 -9.357280190435499600 0
-8.490986819356223200 3.856838133281342200 3.609424115726187900 0
-2.630570694427079900 9.082201333343169500 3.254799035615100900 0
3.898774321087838500 9.052867290502378600 1.686758018738364800 0
9.650639036440148600 -1.539562845664491900 -2.120120853297525100 0
6.464318486082344600 -7.282790246660578500 -2.274544511246070900 0
5.061744085866913600 7.178794504021043500 -4.779503769035920300 0
2.178685875079908300 0.400035464127903970 -9.751579332865382800 0
-3.453326223882297300 4.650022578098953500 -8.151799066133611000 0
8.417657808986158200 4.601700207725758500 -2.822656941434980500 0
-4.191813295425854200 4.341758545797506300 7.973570970793786300 0
-1.982930214246594800 -3.165744593902224400 -9.276100955229345900 0
7.159399049353593700 2.560210127710879300 6.495254371776482600 0
2.706434421652927900 -7.438702825033478100 -6.110721152378917300 0
5.746495656563960000 -5.003488771902800300 6.476332895901364900 0
-5.184920691293937600 -5.329336159566790500 6.686910611285744800 0
-8.968079408494695300 1.539334461020109000 4.147770622882777800 0
5.060414366693597900 -8.622392448164166700 0.215765861995300150 0
-7.692726341759279100 4.453042210530225200 4.581743827631458800 0
4.285481852836674000 -6.045807073303839400 6.714377269814142400 0
-7.096329377412397200 -6.445674136706124100 -2.845240638447218200 0
3.039183879414583300 -8.775123184685535100 3.709524826807459000 0
-9.396978909405101300 -2.716372821777323300 -2.078005310220648800 0
2.085911069828918100 9.771817030825110000 0.400708029419843130 0
-6.039056638406718100 0.024897354922001066 -7.970519119846186700 0
-7.155186121358767100 -5.436656050318782200 4.387035737174596900 0
-8.114112462220898400 5.802565269109323700 -0.701010162663655570 0
4.051358397159766900 -8.592205515520928900 -3.124179815057832600 0
6.093380171861539000 6.896786333912258400 -3.912167729728079900 0
-7.269589306480117600 4.102685503437586900 -5.506454664754173200 0
9.335948824913259600 -1.058934483777436400 -3.423261207922605000 0
1.981905375874998300 -7.887890070950316400 5.818353831598864500 0
3.487262176097002200 6.665494141196352200 6.588641010773034000 0
-7.314457681899289900 6.775523223671622300 0.768761253700369180 0
6.071374497400022100 3.888986616722130800 -6.929227576525161900 0
1.204642684431195300 -9.879714778839266700 0.969573046052430890 0
5.641775268172448700 7.907681827913640900 2.374645222327341500 0
2.507112147447299500 -2.971654350593987200 9.213232825708793400 0
2.414579656243814200 -1.652570372292585100 -9.562364574114200300 0
7.825634695584829700 0.937819710150241680 6.154667806024354700 0
-6.799556575635613800 7.059018447075796000 -1.984008301034577500 0
-4.558916413314961800 4.553019460134142300 -7.647633289590136700 0
4.077795155311573400 6.942016664985724900 -5.931272316660054500 0
6.237507975712707900 6.834822641877388500 3.791924802392650800 0
-8.380575821354025100 5.437517755246365600 0.446485793633838950 0
7.305534598683436800 6.755553923844833400 -0.995818964201788390 0
9.950819039126839600 -0.156477414422702490 0.978118228705709970 0
-6.096821248256002700 5.276741651798949400 5.914792321543015600 0
0.640456980930487310 5.818293917712227700 8.107852412488174600 0
5.146525627528067300 5.540417582828244900 6.543473616748558500 0
-1.117057553841215300 1.600171292761141300 -9.807733390301217800 0
-1.408050277316959200 -6.246319308485865900 7.681203650013733500 0
6.590161309303569600 -1.270228916328519900 -7.413251136814478700 0
7.997262281448551700 4.155250460372031700 -4.333323160496841600 0
8.563233170352637200 2.776282855086497300 -4.354686117130039100 0
-3.115119643079665000 8.875876551692064400 3.393353068636128200 0
-1.601916174275747700 9.477028064010026400 2.760399182103945700 0
-3.555695353133577500 -5.353986203182257600 7.661061433759575000 0
-9.775891762964857200 -1.407083026291411800 1.565904721213415800 0
3.507906171544777200 -7.910366670435307100 5.012054811243018500 0
-2.930095074217447000 4.240492040855240700 -8.569292275765251400 0
-5.541447901250011300 -7.207377339004137800 4.164860988189336600 0
8.783210038000806500 4.766595363607641500 0.367137668996246220 0
0.621009121305889700 9.462893787155886500 3.173009430219427600 0
-8.718606920617672200 -1.995682428704620900 4.472487563707388400 0
-3.149483627506537900 -0.998116501508978020 9.438459425641651600 0
4.956622638271309900 -5.196375863107978600 -6.959135715811639100 0
-2.278871824441648800 2.884181494995039500 -9.299905392620624800 0
-4.753777056286866200 -4.540977671204152500 -7.535325174718466600 0
6.694029497519002400 -5.606514924556618600 -4.874111148411511600 0
-5.829508591828693300 1.652473920034530000 -7.955259865108188500 0
2.828899316860724200 -4.193861514756407300 8.626056703390606400 0
-3.907303681016967000 -7.828436136316232000 4.842371898556474500 0
4.902818920513592400 4.399531962744357600 7.523728141117588000 0
7.402160464678243700 -0.608866472034065080 6.696066164128543700 0
8.479478501550548900 -0.115450950645509860 -5.299539170506912800 0
-6.737857653759888000 -3.464047993439288500 6.526993621631519600 0
5.970192369792234100 7.569401790615568600 -2.657246620075075500 0
4.398294299076530600 0.838136723185651020 -8.941618091372417300 0
7.382513245349484200 3.780275941342964500 -5.586413159581286300 0
6.793552914605863100 6.729051400314847200 -2.927030243842891000 0
-5.966018660667526100 -0.239797987501882720 -8.021790215765861400 0
8.236606390577872400 0.279660785068678590 -5.663930173650318700 0
-1.196310050740111900 8.269346364610099100 -5.494247260963774700 0
2.416193719239041500 -5.913834142780316900 -7.693411053804132000 0
1.388508204288334300 1.852178471271833400 -9.728385265663625600 0
-0.192197051596619710 7.813733522966223300 -6.237678151799066500 0
-4.293707869144712100 8.974232588515249600 -1.013519699697866800 0
1.946233445908379900 4.952405313619670400 8.466750083925902000 0
4.744615286140377600 -8.799981258828104600 -0.221259193700979630 0
-0.052319234788032160 -0.379075052860713360 9.992675557725760900 0
-1.682680979427613200 -6.218007458157059900 7.648854029969176500 0
3.398257492441608500 -3.196035643346577100 8.845179601428265300 0
4.828037614286730900 8.041674106783565500 -3.467207861568041100 0
-3.150302999638440400 8.073083536624325900 4.990081484420300300 0
-9.429991240763730100 -1.603731597289074200 -2.916043580431531400 0
2.377348766298440300 6.657101054425841500 -7.073274941251869000 0
-1.323130413705692300 6.690159110839649000 7.313760795922727100 0
-0.132549454911867260 -9.701142119106412700 2.422864467299417100 0
8.606073105261744500 -2.879809191748843800 4.200262459181493200 0
-4.867818287849944500 3.427742634385914300 8.034607989745781600 0
6.510732563699476400 5.133672595577004400 -5.590685750907925700 0
0.391689679839788360 3.243445465954445600 -9.451277199621570100 0
-2.670943471283650600 5.705664236461487300 -7.766045106357006000 0
-7.773107725609513400 -5.253527793965216300 3.461104159672841400 0
-1.452532876434839500 9.463447937386153100 2.886745811334574500 0
-5.817190684389826700 -2.867666554461401100 7.611621448408460100 0
7.462405857763704000 -6.616716004286210800 -0.729087191381572850 0
2.221630678865393000 6.661437894019082200 7.119663075655385100 0
-1.356671908988414300 -2.248449150517285700 -9.649037141026031600 0
2.277310128625463600 0.468909448526124150 9.725943784905545900 0
2.534789522723198000 2.813071034991681000 9.255348368785668400 0
7.049834002764976400 5.332127147975979800 4.676351207007049200 0
-9.341588531611019900 -3.481658832970244700 -0.782799768059327940 0
0.187810857341301900 -9.917186776017308200 1.270485549485763000 0
1.281057207009324000 -8.246059928001075800 5.510116885891292800 0
-8.417712405861385200 5.264185890297593300 1.196020386364329900 0
-4.654473280624792200 2.360313282356744800 -8.530228583635974400 0
3.045298449468278400 -5.493401477561054200 7.781304361095004100 0
-3.669274908516931600 6.398745480578607900 6.752220221564378700 0
3.650991424391705700 -7.666739316447503500 5.281228064821314100 0
-4.314951687311865000 6.792882484597033300 5.936155278176213900 0
4.992291394756499300 0.117768397673506470 -8.663899655140843600 0
-5.727385959278784400 5.980266456534100600 5.606555375835444700 0
-6.253313905807553800 -6.519397995248959400 -4.288766136661886100 0
9.799057337111507900 0.381630392082034590 -1.957762382885219800 0
5.254198417759246500 -0.966823235989012870 8.453321939756461800 0
-1.462291405350181400 2.294252149779230500 9.622791222876674800 0
-2.105231347939685800 2.637282054057757700 -9.413434247871334600 0
-8.671406272517316400 4.521374325473219700 2.088991973632007900 0
-1.494578040924500200 2.648554339132071600 -9.526352732932522800 0
8.386540531108160200 2.595126166309474700 4.788659321878719200 0
9.918506731222438000 0.743129941746643820 -1.034882656331064700 0
4.345266003495541300 8.074115231729022600 -3.990905484176152700 0
4.379070625241036300 6.253783740722861100 6.458632160405285200 0
0.573200661084818820 -9.862592155224360700 1.549424726096377600 0
8.348439850268812600 -2.313845770632583700 -4.994964445936460600 0
-2.127156207005274100 4.569101481799359400 8.637043366801965000 0
2.766405304560389100 4.339414786729934200 8.574175237281410800 0
8.247373089242533000 -4.576631226270400500 3.321939756462294100 0
-7.394593278004123200 4.028617347333828900 -5.393536179692983300 0
3.106349486850556100 -0.764844480716468270 9.474471266823329100 0
-9.444432228221250700 -3.286719895957199700 -0.013122959074678793 0
-9.684392621510737000 0.015784647424281609 -2.492446668904690500 0
-5.961799526198737100 -5.895012273039121500 -5.450300607318339100 0
-7.155775357587100600 6.919922601899810600 0.953703421124912240 0
-8.111484729918521100 2.570645768709578900 5.253151036103396600 0
4.263631960905075700 -0.765968289577210640 9.013031403546250400 0
-7.903482666972065500 -1.782007499406547800 -5.861690115054781100 0
3.022434237645430500 -6.687187715792913600 -6.793115024262215600 0
9.073107358541410200 -2.718223429660680900 3.207800531022064700 0
7.628200395575239800 -5.274716539082216800 -3.740043336283455800 0
0.148754597261248400 9.976877333121970900 -0.663167210913419010 0
8.420077553509104400 -5.228678694561253300 1.327860347300637800 0
4.991208055326953100 -8.338796776465386500 2.356334116641743300 0
0.964950102844082780 2.203279050086007600 9.706411938840906500 0
3.354413226730787600 -0.334937839823899240 9.414654988250374500 0
-2.356449014679814700 -8.248116868673818700 5.139622180852687600 0
6.488722893137294900 -7.508065165881790300 -1.235084078493606400 0
4.777814978524294700 -5.113910037116764500 -7.142857142857143200 0
-1.180045598789655000 -7.848662761759140200 6.083254493850520600 0
-2.270172168618349100 4.682439203501239400 -8.539384136478775000 0
-0.913340092308332910 -9.305021263588845000 -3.547166356395154100 0
-4.546033319433177200 -6.771686372129115000 5.786004211554307600 0
-8.401678191169546400 1.729107542413754500 5.140232551042207600 0
0.450909978441094480 9.925632137661859000 -1.130710776085696000 0
-1.432201257691997600 -1.860548990043526100 -9.720450453199866600 0
4.594412242810581600 -0.653650243152976370 -8.857997375408185500 0
2.854669029926182800 1.898805517927178600 -9.393902401806695200 0
1.497916577104187100 8.547277320806705000 4.969939268166142700 0
-4.974644842389299300 0.513583301662104530 -8.659627063814204100 0
-1.253308349496022000 -9.553736171048813100 2.674947355571153800 0
3.761886801704718200 -3.374417468039045100 -8.629108554338206000 0
3.977281556099470500 -8.331331028755625900 -3.843195898312326400 0
-5.388942757467321000 -6.666565690991732600 -5.149388103885006500 0
-6.984008909590516000 -6.091597975830053400 -3.757133701590014100 0
-6.253256670687013900 -7.796765264955086900 0.327463606677449890 0
-9.181005291356301600 -3.961787906103963600 -0.115665150914029370 0
-3.151323815132502900 0.784575883204655210 -9.457991271706289300 0
7.022750847102315700 6.289702914501022600 3.334757530442213500 0
1 2 5
1 3 5
2 4 5
3 4 5
4 5 5
4 6 5
5 7 5
6 7 5
7 8 5
7 9 5
8 10 5
9 10 5
10 11 5
10 12 5
11 13 5
12 13 5
13 14 5
13 15 5
14 16 5
15 16 5
16 17 5
16 18 5
17 19 5
18 19 5
19 20 5
19 21 5
20 22 5
21 22 5
22 23 5
22 24 5
23 25 5
24 25 5
25 26 5
25 27 5
26 28 5
27 28 5
28 29 5
28 30 5
29 31 5
30 31 5
31 32 1
32 999 1
31 33 1
33 999 1
31 34 1
34 999 1
31 35 1
35 999 1
31 36 1
36 999 1
31 37 1
37 999 1
31 38 1
38 999 1
31 39 1
39 999 1
31 40 1
40 999 1
31 41 1
41 999 1
31 42 1
42 999 1
31 43 1
43 999 1
31 44 1
44 999 1
31 45 1
45 999 1
31 46 1
46 999 1
31 47 1
47 999 1
31 48 1
48 999 1
31 49 1
49 999 1
31 50 1
50 999 1
31 51 1
51 999 1
31 52 1
52 999 1
31 53 1
53 999 1
31 54 1
54 999 1
31 55 1
55 999 1
31 56 1
56 999 1
31 57 1
57 999 1
31 58 1
58 999 1
31 59 1
59 999 1
31 60 1
60 999 1
31 61 1
61 999 1
31 62 1
62 999 1
31 63 1
63 999 1
31 64 1
64 999 1
31 65 1
65 999 1
31 66 1
66 999 1
31 67 1
67 999 1
31 68 1
68 999 1
31 69 1
69 999 1
31 70 1
70 999 1
31 71 1
71 999 1
31 72 1
72 999 1
31 73 1
73 999 1
31 74 1
74 999 1
31 75 1
75 999 1
31 76 1
76 999 1
31 77 1
77 999 1
31 78 1
78 999 1
31 79 1
79 999 1
31 80 1
80 999 1
31 81 1
81 999 1
31 82 1
82 999 1
31 83 1
83 999 1
31 84 1
84 999 1
31 85 1
85 999 1
31 86 1
86 999 1
31 87 1
87 999 1
31 88 1
88 999 1
31 89 1
89 999 1
31 90 1
90 999 1
31 91 1
91 999 1
31 92 1
92 999 1
31 93 1
93 999 1
31 94 1
94 999 1
31 95 1
95 999 1
31 96 1
96 999 1
31 97 1
97 999 1
31 98 1
98 999 1
31 99 1
99 999 1
31 100 1
100 999 1
31 101 1
101 999 1
31 102 1
102 999 1
31 103 1
103 999 1
31 104 1
104 999 1
31 105 1
105 999 1
31 106 1
106 999 1
31 107 1
107 999 1
31 108 1
108 999 1
31 109 1
109 999 1
31 110 1
110 999 1
31 111 1
111 999 1
31 112 1
112 999 1
31 113 1
113 999 1
31 114 1
114 999 1
31 115 1
115 999 1
31 116 1
116 999 1
31 117 1
117 999 1
31 118 1
118 999 1
31 119 1
119 999 1
31 120 1
120 999 1
31 121 1
121 999 1
31 122 1
122 999 1
31 123 1
123 999 1
31 124 1
124 999 1
31 125 1
125 999 1
31 126 1
126 999 1
31 127 1
127 999 1
31 128 1
128 999 1
31 129 1
129 999 1
31 130 1
130 999 1
31 131 1
131 999 1
31 132 1
132 999 1
31 133 1
133 999 1
31 134 1
134 999 1
31 135 1
135 999 1
31 136 1
136 999 1
31 137 1
137 999 1
31 138 1
138 999 1
31 139 1
139 999 1
31 140 1
140 999 1
31 141 1
141 999 1
31 142 1
142 999 1
31 143 1
143 999 1
31 144 1
144 999 1
31 145 1
145 999 1
31 146 1
146 999 1
31 147 1
147 999 1
31 148 1
148 999 1
31 149 1
149 999 1
31 150 1
150 999 1
31 151 1
151 999 1
31 152 1
152 999 1
31 153 1
153 999 1
31 154 1
154 999 1
31 155 1
155 999 1
31 156 1
156 999 1
31 157 1
157 999 1
31 158 1
158 999 1
31 159 1
159 999 1
31 160 1
160 999 1
31 161 1
161 999 1
31 162 1
162 999 1
31 163 1
163 999 1
31 164 1
164 999 1
31 165 1
165 999 1
31 166 1
166 999 1
31 167 1
167 999 1
31 168 1
168 999 1
31 169 1
169 999 1
31 170 1
170 999 1
31 171 1
171 999 1
31 172 1
172 999 1
31 173 1
173 999 1
31 174 1
174 999 1
31 175 1
175 999 1
31 176 1
176 999 1
31 177 1
177 999 1
31 178 1
178 999 1
31 179 1
179 999 1
31 180 1
180 999 1
31 181 1
181 999 1
31 182 1
182 999 1
31 183 1
183 999 1
31 184 1
184 999 1
31 185 1
185 999 1
31 186 1
186 999 1
31 187 1
187 999 1
31 188 1
188 999 1
31 189 1
189 999 1
31 190 1
190 999 1
31 191 1
191 999 1
31 192 1
192 999 1
31 193 1
193 999 1
31 194 1
194 999 1
31 195 1
195 999 1
31 196 1
196 999 1
31 197 1
197 999 1
31 198 1
198 999 1
31 199 1
199 999 1
31 200 1
200 999 1
31 201 1
201 999 1
31 202 1
202 999 1
31 203 1
203 999 1
31 204 1
204 999 1
31 205 1
205 999 1
31 206 1
206 999 1
31 207 1
207 999 1
31 208 1
208 999 1
31 209 1
209 999 1
31 210 1
210 999 1
31 211 1
211 999 1
31 212 1
212 999 1
31 213 1
213 999 1
31 214 1
214 999 1
31 215 1
215 999 1
31 216 1
216 999 1
31 217 1
217 999 1
31 218 1
218 999 1
31 219 1
219 999 1
31 220 1
220 999 1
31 221 1
221 999 1
31 222 1
222 999 1
31 223 1
223 999 1
31 224 1
224 999 1
31 225 1
225 999 1
31 226 1
226 999 1
31 227 1
227 999 1
31 228 1
228 999 1
31 229 1
229 999 1
31 230 1
230 999 1
31 231 1
231 999 1
31 232 1
232 999 1
31 233 1
233 999 1
31 234 1
234 999 1
31 235 1
235 999 1
31 236 1
236 999 1
31 237 1
237 999 1
31 238 1
238 999 1
31 239 1
239 999 1
31 240 1
240 999 1
31 241 1
241 999 1
31 242 1
242 999 1
31 243 1
243 999 1
31 244 1
244 999 1
31 245 1
245 999 1
31 246 1
246 999 1
31 247 1
247 999 1
31 248 1
248 999 1
31 249 1
249 999 1
31 250 1
250 999 1
31 251 1
251 999 1
31 252 1
252 999 1
31 253 1
253 999 1
31 254 1
254 999 1
31 255 1
255 999 1
31 256 1
256 999 1
31 257 1
257 999 1
31 258 1
258 999 1
31 259 1
259 999 1
31 260 1
260 999 1
31 261 1
261 999 1
31 262 1
262 999 1
31 263 1
263 999 1
31 264 1
264 999 1
31 265 1
265 999 1
31 266 1
266 999 1
31 267 1
267 999 1
31 268 1
268 999 1
31 269 1
269 999 1
31 270 1
270 999 1
31 271 1
271 999 1
31 272 1
272 999 1
31 273 1
273 999 1
31 274 1
274 999 1
31 275 1
275 999 1
31 276 1
276 999 1
31 277 1
277 999 1
31 278 1
278 999 1
31 279 1
279 999 1
31 280 1
280 999 1
31 281 1
281 999 1
31 282 1
282 999 1
31 283 1
283 999 1
31 284 1
284 999 1
31 285 1
285 999 1
31 286 1
286 999 1
31 287 1
287 999 1
31 288 1
288 999 1
31 289 1
289 999 1
31 290 1
290 999 1
31 291 1
291 999 1
31 292 1
292 999 1
31 293 1
293 999 1
31 294 1
294 999 1
31 295 1
295 999 1
31 296 1
296 999 1
31 297 1
297 999 1
31 298 1
298 999 1
31 299 1
299 999 1
31 300 1
300 999 1
31 301 1
301 999 1
31 302 1
302 999 1
31 303 1
303 999 1
31 304 1
304 999 1
31 305 1
305 999 1
31 306 1
306 999 1
31 307 1
307 999 1
31 308 1
308 999 1
31 309 1
309 999 1
31 310 1
310 999 1
31 311 1
311 999 1
31 312 1
312 999 1
31 313 1
313 999 1
31 314 1
314 999 1
31 315 1
315 999 1
31 316 1
316 999 1
31 317 1
317 999 1
31 318 1
318 999 1
31 319 1
319 999 1
31 320 1
320 999 1
31 321 1
321 999 1
31 322 1
322 999 1
31 323 1
323 999 1
31 324 1
324 999 1
31 325 1
325 999 1
31 326 1
326 999 1
31 327 1
327 999 1
31 328 1
328 999 1
31 329 1
329 999 1
31 330 1
330 999 1
31 331 1
331 999 1
31 332 1
332 999 1
31 333 1
333 999 1
31 334 1
334 999 1
31 335 1
335 999 1
31 336 1
336 999 1
31 337 1
337 999 1
31 338 1
338 999 1
31 339 1
339 999 1
31 340 1
340 999 1
31 341 1
341 999 1
31 342 1
342 999 1
31 343 1
343 999 1
31 344 1
344 999 1
31 345 1
345 999 1
31 346 1
346 999 1
31 347 1
347 999 1
31 348 1
348 999 1
31 349 1
349 999 1
31 350 1
350 999 1
31 351 1
351 999 1
31 352 1
352 999 1
31 353 1
353 999 1
31 354 1
354 999 1
31 355 1
355 999 1
31 356 1
356 999 1
31 357 1
357 999 1
31 358 1
358 999 1
31 359 1
359 999 1
31 360 1
360 999 1
31 361 1
361 999 1
31 362 1
362 999 1
31 363 1
363 999 1
31 364 1
364 999 1
31 365 1
365 999 1
31 366 1
366 999 1
31 367 1
367 999 1
31 368 1
368 999 1
31 369 1
369 999 1
31 370 1
370 999 1
31 371 1
371 999 1
31 372 1
372 999 1
31 373 1
373 999 1
31 374 1
374 999 1
31 375 1
375 999 1
31 376 1
376 999 1
31 377 1
377 999 1
31 378 1
378 999 1
31 379 1
379 999 1
31 380 1
380 999 1
31 381 1
381 999 1
31 382 1
382 999 1
31 383 1
383 999 1
31 384 1
384 999 1
31 385 1
385 999 1
31 386 1
386 999 1
31 387 1
387 999 1
31 388 1
388 999 1
31 389 1
389 999 1
31 390 1
390 999 1
31 391 1
391 999 1
31 392 1
392 999 1
31 393 1
393 999 1
31 394 1
394 999 1
31 395 1
395 999 1
31 396 1
396 999 1
31 397 1
397 999 1
31 398 1
398 999 1
31 399 1
399 999 1
31 400 1
400 999 1
31 401 1
401 999 1
31 402 1
402 999 1
31 403 1
403 999 1
31 404 1
404 999 1
31 405 1
405 999 1
31 406 1
406 999 1
31 407 1
407 999 1
31 408 1
408 999 1
31 409 1
409 999 1
31 410 1
410 999 1
31 411 1
411 999 1
31 412 1
412 999 1
31 413 1
413 999 1
31 414 1
414 999 1
31 415 1
415 999 1
31 416 1
416 999 1
31 417 1
417 999 1
31 418 1
418 999 1
31 419 1
419 999 1
31 420 1
420 999 1
31 421 1
421 999 1
31 422 1
422 999 1
31 423 1
423 999 1
31 424 1
424 999 1
31 425 1
425 999 1
31 426 1
426 999 1
31 427 1
427 999 1
31 428 1
428 999 1
31 429 1
429 999 1
31 430 1
430 999 1
31 431 1
431 999 1
31 432 1
432 999 1
31 433 1
433 999 1
31 434 1
434 999 1
31 435 1
435 999 1
31 436 1
436 999 1
31 437 1
437 999 1
31 438 1
438 999 1
31 439 1
439 999 1
31 440 1
440 999 1
31 441 1
441 999 1
31 442 1
442 999 1
31 443 1
443 999 1
31 444 1
444 999 1
31 445 1
445 999 1
31 446 1
446 999 1
31 447 1
447 999 1
31 448 1
448 999 1
31 449 1
449 999 1
31 450 1
450 999 1
31 451 1
451 999 1
31 452 1
452 999 1
31 453 1
453 999 1
31 454 1
454 999 1
31 455 1
455 999 1
31 456 1
456 999 1
31 457 1
457 999 1
31 458 1
458 999 1
31 459 1
459 999 1
31 460 1
460 999 1
31 461 1
461 999 1
31 462 1
462 999 1
31 463 1
463 999 1
31 464 1
464 999 1
31 465 1
465 999 1
31 466 1
466 999 1
31 467 1
467 999 1
31 468 1
468 999 1
31 469 1
469 999 1
31 470 1
470 999 1
31 471 1
471 999 1
31 472 1
472 999 1
31 473 1
473 999 1
31 474 1
474 999 1
31 475 1
475 999 1
31 476 1
476 999 1
31 477 1
477 999 1
31 478 1
478 999 1
31 479 1
479 999 1
31 480 1
480 999 1
31 481 1
481 999 1
31 482 1
482 999 1
31 483 1
483 999 1
31 484 1
484 999 1
31 485 1
485 999 1
31 486 1
486 999 1
31 487 1
487 999 1
31 488 1
488 999 1
31 489 1
489 999 1
31 490 1
490 999 1
31 491 1
491 999 1
31 492 1
492 999 1
31 493 1
493 999 1
31 494 1
494 999 1
31 495 1
495 999 1
31 496 1
496 999 1
31 497 1
497 999 1
31 498 1
498 999 1
31 499 1
499 999 1
31 500 1
500 999 1
31 501 1
501 999 1
31 502 1
502 999 1
31 503 1
503 999 1
31 504 1
504 999 1
31 505 1
505 999 1
31 506 1
506 999 1
31 507 1
507 999 1
31 508 1
508 999 1
31 509 1
509 999 1
31 510 1
510 999 1
31 511 1
511 999 1
31 512 1
512 999 1
31 513 1
513 999 1
31 514 1
514 999 1
31 515 1
515 999 1
31 516 1
516 999 1
31 517 1
517 999 1
31 518 1
518 999 1
31 519 1
519 999 1
31 520 1
520 999 1
31 521 1
521 999 1
31 522 1
522 999 1
31 523 1
523 999 1
31 524 1
524 999 1
31 525 1
525 999 1
31 526 1
526 999 1
31 527 1
527 999 1
31 528 1
528 999 1
31 529 1
529 999 1
31 530 1
530 999 1
31 531 1
531 999 1
31 532 1
532 999 1
31 533 1
533 999 1
31 534 1
534 999 1
31 535 1
535 999 1
31 536 1
536 999 1
31 537 1
537 999 1
31 538 1
538 999 1
31 539 1
539 999 1
31 540 1
540 999 1
31 541 1
541 999 1
31 542 1
542 999 1
31 543 1
543 999 1
31 544 1
544 999 1
31 545 1
545 999 1
31 546 1
546 999 1
31 547 1
547 999 1
31 548 1
548 999 1
31 549 1
549 999 1
31 550 1
550 999 1
31 551 1
551 999 1
31 552 1
552 999 1
31 553 1
553 999 1
31 554 1
554 999 1
31 555 1
555 999 1
31 556 1
556 999 1
31 557 1
557 999 1
31 558 1
558 999 1
31 559 1
559 999 1
31 560 1
560 999 1
31 561 1
561 999 1
31 562 1
562 999 1
31 563 1
563 999 1
31 564 1
564 999 1
31 565 1
565 999 1
31 566 1
566 999 1
31 567 1
567 999 1
31 568 1
568 999 1
31 569 1
569 999 1
31 570 1
570 999 1
31 571 1
571 999 1
31 572 1
572 999 1
31 573 1
573 999 1
31 574 1
574 999 1
31 575 1
575 999 1
31 576 1
576 999 1
31 577 1
577 999 1
31 578 1
578 999 1
31 579 1
579 999 1
31 580 1
580 999 1
31 581 1
581 999 1
31 582 1
582 999 1
31 583 1
583 999 1
31 584 1
584 999 1
31 585 1
585 999 1
31 586 1
586 999 1
31 587 1
587 999 1
31 588 1
588 999 1
31 589 1
589 999 1
31 590 1
590 999 1
31 591 1
591 999 1
31 592 1
592 999 1
31 593 1
593 999 1
31 594 1
594 999 1
31 595 1
595 999 1
31 596 1
596 999 1
31 597 1
597 999 1
31 598 1
598 999 1
31 599 1
599 999 1
31 600 1
600 999 1
31 601 1
601 999 1
31 602 1
602 999 1
31 603 1
603 999 1
31 604 1
604 999 1
31 605 1
605 999 1
31 606 1
606 999 1
31 607 1
607 999 1
31 608 1
608 999 1
31 609 1
609 999 1
31 610 1
610 999 1
31 611 1
611 999 1
31 612 1
612 999 1
31 613 1
613 999 1
31 614 1
614 999 1
31 615 1
615 999 1
31 616 1
616 999 1
31 617 1
617 999 1
31 618 1
618 999 1
31 619 1
619 999 1
31 620 1
620 999 1
31 621 1
621 999 1
31 622 1
622 999 1
31 623 1
623 999 1
31 624 1
624 999 1
31 625 1
625 999 1
31 626 1
626 999 1
31 627 1
627 999 1
31 628 1
628 999 1
31 629 1
629 999 1
31 630 1
630 999 1
31 631 1
631 999 1
31 632 1
632 999 1
31 633 1
633 999 1
31 634 1
634 999 1
31 635 1
635 999 1
31 636 1
636 999 1
31 637 1
637 999 1
31 638 1
638 999 1
31 639 1
639 999 1
31 640 1
640 999 1
31 641 1
641 999 1
31 642 1
642 999 1
31 643 1
643 999 1
31 644 1
644 999 1
31 645 1
645 999 1
31 646 1
646 999 1
31 647 1
647 999 1
31 648 1
648 999 1
31 649 1
649 999 1
31 650 1
650 999 1
31 651 1
651 999 1
31 652 1
652 999 1
31 653 1
653 999 1
31 654 1
654 999 1
31 655 1
655 999 1
31 656 1
656 999 1
31 657 1
657 999 1
31 658 1
658 999 1
31 659 1
659 999 1
31 660 1
660 999 1
31 661 1
661 999 1
31 662 1
662 999 1
31 663 1
663 999 1
31 664 1
664 999 1
31 665 1
665 999 1
31 666 1
666 999 1
31 667 1
667 999 1
31 668 1
668 999 1
31 669 1
669 999 1
31 670 1
670 999 1
31 671 1
671 999 1
31 672 1
672 999 1
31 673 1
673 999 1
31 674 1
674 999 1
31 675 1
675 999 1
31 676 1
676 999 1
31 677 1
677 999 1
31 678 1
678 999 1
31 679 1
679 999 1
31 680 1
680 999 1
31 681 1
681 999 1
31 682 1
682 999 1
31 683 1
683 999 1
31 684 1
684 999 1
31 685 1
685 999 1
31 686 1
686 999 1
31 687 1
687 999 1
31 688 1
688 999 1
31 689 1
689 999 1
31 690 1
690 999 1
31 691 1
691 999 1
31 692 1
692 999 1
31 693 1
693 999 1
31 694 1
694 999 1
31 695 1
695 999 1
31 696 1
696 999 1
31 697 1
697 999 1
31 698 1
698 999 1
31 699 1
699 999 1
31 700 1
700 999 1
31 701 1
701 999 1
31 702 1
702 999 1
31 703 1
703 999 1
31 704 1
704 999 1
31 705 1
705 999 1
31 706 1
706 999 1
31 707 1
707 999 1
31 708 1
708 999 1
31 709 1
709 999 1
31 710 1
710 999 1
31 711 1
711 999 1
31 712 1
712 999 1
31 713 1
713 999 1
31 714 1
714 999 1
31 715 1
715 999 1
31 716 1
716 999 1
31 717 1
717 999 1
31 718 1
718 999 1
31 719 1
719 999 1
31 720 1
720 999 1
31 721 1
721 999 1
31 722 1
722 999 1
31 723 1
723 999 1
31 724 1
724 999 1
31 725 1
725 999 1
31 726 1
726 999 1
31 727 1
727 999 1
31 728 1
728 999 1
31 729 1
729 999 1
31 730 1
730 999 1
31 731 1
731 999 1
31 732 1
732 999 1
31 733 1
733 999 1
31 734 1
734 999 1
31 735 1
735 999 1
31 736 1
736 999 1
31 737 1
737 999 1
31 738 1
738 999 1
31 739 1
739 999 1
31 740 1
740 999 1
31 741 1
741 999 1
31 742 1
742 999 1
31 743 1
743 999 1
31 744 1
744 999 1
31 745 1
745 999 1
31 746 1
746 999 1
31 747 1
747 999 1
31 748 1
748 999 1
31 749 1
749 999 1
31 750 1
750 999 1
31 751 1
751 999 1
31 752 1
752 999 1
31 753 1
753 999 1
31 754 1
754 999 1
31 755 1
755 999 1
31 756 1
756 999 1
31 757 1
757 999 1
31 758 1
758 999 1
31 759 1
759 999 1
31 760 1
760 999 1
31 761 1
761 999 1
31 762 1
762 999 1
31 763 1
763 999 1
31 764 1
764 999 1
31 765 1
765 999 1
31 766 1
766 999 1
31 767 1
767 999 1
31 768 1
768 999 1
31 769 1
769 999 1
31 770 1
770 999 1
31 771 1
771 999 1
31 772 1
772 999 1
31 773 1
773 999 1
31 774 1
774 999 1
31 775 1
775 999 1
31 776 1
776 999 1
31 777 1
777 999 1
31 778 1
778 999 1
31 779 1
779 999 1
31 780 1
780 999 1
31 781 1
781 999 1
31 782 1
782 999 1
31 783 1
783 999 1
31 784 1
784 999 1
31 785 1
785 999 1
31 786 1
786 999 1
31 787 1
787 999 1
31 788 1
788 999 1
31 789 1
789 999 1
31 790 1
790 999 1
31 791 1
791 999 1
31 792 1
792 999 1
31 793 1
793 999 1
31 794 1
794 999 1
31 795 1
795 999 1
31 796 1
796 999 1
31 797 1
797 999 1
31 798 1
798 999 1
31 799 1
799 999 1
31 800 1
800 999 1
31 801 1
801 999 1
31 802 1
802 999 1
31 803 1
803 999 1
31 804 1
804 999 1
31 805 1
805 999 1
31 806 1
806 999 1
31 807 1
807 999 1
31 808 1
808 999 1
31 809 1
809 999 1
31 810 1
810 999 1
31 811 1
811 999 1
31 812 1
812 999 1
31 813 1
813 999 1
31 814 1
814 999 1
31 815 1
815 999 1
31 816 1
816 999 1
31 817 1
817 999 1
31 818 1
818 999 1
31 819 1
819 999 1
31 820 1
820 999 1
31 821 1
821 999 1
31 822 1
822 999 1
31 823 1
823 999 1
31 824 1
824 999 1
31 825 1
825 999 1
31 826 1
826 999 1
31 827 1
827 999 1
31 828 1
828 999 1
31 829 1
829 999 1
31 830 1
830 999 1
31 831 1
831 999 1
31 832 1
832 999 1
31 833 1
833 999 1
31 834 1
834 999 1
31 835 1
835 999 1
31 836 1
836 999 1
31 837 1
837 999 1
31 838 1
838 999 1
31 839 1
839 999 1
31 840 1
840 999 1
31 841 1
841 999 1
31 842 1
842 999 1
31 843 1
843 999 1
31 844 1
844 999 1
31 845 1
845 999 1
31 846 1
846 999 1
31 847 1
847 999 1
31 848 1
848 999 1
31 849 1
849 999 1
31 850 1
850 999 1
31 851 1
851 999 1
31 852 1
852 999 1
31 853 1
853 999 1
31 854 1
854 999 1
31 855 1
855 999 1
31 856 1
856 999 1
31 857 1
857 999 1
31 858 1
858 999 1
31 859 1
859 999 1
31 860 1
860 999 1
31 861 1
861 999 1
31 862 1
862 999 1
31 863 1
863 999 1
31 864 1
864 999 1
31 865 1
865 999 1
31 866 1
866 999 1
31 867 1
867 999 1
31 868 1
868 999 1
31 869 1
869 999 1
31 870 1
870 999 1
31 871 1
871 999 1
31 872 1
872 999 1
31 873 1
873 999 1
31 874 1
874 999 1
31 875 1
875 999 1
31 876 1
876 999 1
31 877 1
877 999 1
31 878 1
878 999 1
31 879 1
879 999 1
31 880 1
880 999 1
31 881 1
881 999 1
31 882 1
882 999 1
31 883 1
883 999 1
31 884 1
884 999 1
31 885 1
885 999 1
31 886 1
886 999 1
31 887 1
887 999 1
31 888 1
888 999 1
31 889 1
889 999 1
31 890 1
890 999 1
31 891 1
891 999 1
31 892 1
892 999 1
31 893 1
893 999 1
31 894 1
894 999 1
31 895 1
895 999 1
31 896 1
896 999 1
31 897 1
897 999 1
31 898 1
898 999 1
31 899 1
899 999 1
31 900 1
900 999 1
31 901 1
901 999 1
31 902 1
902 999 1
31 903 1
903 999 1
31 904 1
904 999 1
31 905 1
905 999 1
31 906 1
906 999 1
31 907 1
907 999 1
31 908 1
908 999 1
31 909 1
909 999 1
31 910 1
910 999 1
31 911 1
911 999 1
31 912 1
912 999 1
31 913 1
913 999 1
31 914 1
914 999 1
31 915 1
915 999 1
31 916 1
916 999 1
31 917 1
917 999 1
31 918 1
918 999 1
31 919 1
919 999 1
31 920 1
920 999 1
31 921 1
921 999 1
31 922 1
922 999 1
31 923 1
923 999 1
31 924 1
924 999 1
31 925 1
925 999 1
31 926 1
926 999 1
31 927 1
927 999 1
31 928 1
928 999 1
31 929 1
929 999 1
31 930 1
930 999 1
31 931 1
931 999 1
31 932 1
932 999 1
31 933 1
933 999 1
31 934 1
934 999 1
31 935 1
935 999 1
31 936 1
936 999 1
31 937 1
937 999 1
31 938 1
938 999 1
31 939 1
939 999 1
31 940 1
940 999 1
31 941 1
941 999 1
31 942 1
942 999 1
31 943 1
943 999 1
31 944 1
944 999 1
31 945 1
945 999 1
31 946 1
946 999 1
31 947 1
947 999 1
31 948 1
948 999 1
31 949 1
949 999 1
31 950 1
950 999 1
31 951 1
951 999 1
31 952 1
952 999 1
31 953 1
953 999 1
31 954 1
954 999 1
31 955 1
955 999 1
31 956 1
956 999 1
31 957 1
957 999 1
31 958 1
958 999 1
31 959 1
959 999 1
31 960 1
960 999 1
31 961 1
961 999 1
31 962 1
962 999 1
31 963 1
963 999 1
31 964 1
964 999 1
31 965 1
965 999 1
31 966 1
966 999 1
31 967 1
967 999 1
31 968 1
968 999 1
31 969 1
969 999 1
31 970 1
970 999 1
31 971 1
971 999 1
31 972 1
972 999 1
31 973 1
973 999 1
31 974 1
974 999 1
31 975 1
975 999 1
31 976 1
976 999 1
31 977 1
977 999 1
31 978 1
978 999 1
31 979 1
979 999 1
31 980 1
980 999 1
31 981 1
981 999 1
31 982 1
982 999 1
31 983 1
983 999 1
31 984 1
984 999 1
31 985 1
985 999 1
31 986 1
986 999 1
31 987 1
987 999 1
31 988 1
988 999 1
31 989 1
989 999 1
31 990 1
990 999 1
31 991 1
991 999 1
31 992 1
992 999 1
31 993 1
993 999 1
31 994 1
994 999 1
31 995 1
995 999 1
31 996 1
996 999 1
31 997 1
997 999 1
31 998 1
998 999 1
999 1000 1
1 1000
