93 1010.000
-9717 123
-9630 -304
-9548 -356
-9338 -1124
-9204 -952
-8951 -815
-8839 -1328
-8621 -500
-8361 -397
-8103 -227
-8011 463
-7809 1342
-7603 2224
-7318 1730
-7056 2579
-6828 1914
-6768 2181
-6584 1880
-6360 1621
-6112 2325
-5838 1980
-5735 1822
-5686 2184
-5544 2108
-5539 1648
-5447 2204
-5243 2175
-5012 2410
-4739 3026
-4569 3894
-4277 4289
-4126 4397
-3886 4705
-3620 4574
-3405 4712
-3397 4988
-3294 5019
-3273 4769
-3118 5411
-2932 5647
-2819 5034
-2548 5058
-2273 4519
-2132 4049
-1926 3432
-1737 3355
-1605 2643
-1556 3060
-1298 2453
-1004 2934
-784 3423
-554 3437
-502 3176
-261 2674
-39 1960
105 2791
279 2501
345 2287
630 2353
874 2930
1090 2444
1198 2536
1412 1853
1522 2206
1529 1562
1727 865
1911 1569
1959 2192
2218 2941
2433 3281
2702 3345
2854 3615
3086 3472
3299 3593
3592 3441
3734 3869
3950 3940
4064 3556
4362 3835
4631 3336
4765 2947
4939 2925
5069 2474
5355 2232
5621 2298
5734 2350
5981 2000
6071 2013
6258 2172
6475 2550
6613 3380
6846 3266
6971 3514
7180 3571
