99 300.000
-9999 6872
-9716 6587
-9653 6306
-9512 6029
-9433 5758
-9378 5490
-9324 5228
-9086 4970
-8979 4716
-8828 4467
-8655 4223
-8558 3983
-8376 3748
-8353 3517
-8133 3291
-7895 3070
-7666 2853
-7407 2641
-7350 2433
-7204 2230
-6941 2032
-6672 1838
-6400 1649
-6195 1464
-5998 1284
-5975 1108
-5745 937
-5524 771
-5502 609
-5488 452
-5241 299
-5063 151
-5017 7
-4960 -132
-4722 -266
-4480 -396
-4405 -521
-4166 -641
-3943 -757
-3839 -869
-3779 -976
-3498 -1078
-3495 -1176
-3280 -1269
-3221 -1357
-3034 -1441
-2798 -1520
-2732 -1595
-2653 -1665
-2580 -1731
-2305 -1792
-2183 -1848
-1985 -1900
-1869 -1948
-1635 -1990
-1342 -2028
-1160 -2062
-997 -2091
-878 -2115
-663 -2135
-618 -2150
-531 -2161
-503 -2167
-429 -2168
-398 -2165
-122 -2157
-22 -2145
169 -2128
256 -2107
459 -2081
638 -2050
695 -2015
884 -1975
892 -1931
1001 -1882
1274 -1828
1493 -1770
1679 -1707
1876 -1640
2027 -1568
2035 -1492
2297 -1411
2486 -1325
2760 -1235
2956 -1140
3062 -1041
3119 -937
3333 -828
3511 -715
3622 -597
3813 -475
4078 -348
4314 -217
4455 -81
4692 60
4929 205
4985 355
5200 509
5243 668
5367 832
