1000 10
490
294
407
55
859
646
629
162
825
275
465
101
917
535
117
985
151
575
413
917
415
454
427
173
497
496
699
554
648
742
167
490
35
926
544
245
571
172
406
747
798
871
847
715
757
315
699
907
242
464
824
8
269
250
180
766
97
230
319
744
971
837
585
358
114
128
602
684
652
360
783
449
582
981
515
338
296
566
245
889
29
420
896
297
669
427
414
117
657
732
212
979
921
797
688
34
276
642
70
279
1
852
728
582
832
594
919
479
159
515
719
539
934
614
836
954
393
249
422
401
333
634
379
605
782
419
990
57
60
411
336
412
614
415
993
798
360
263
628
519
778
347
57
63
312
244
369
56
845
790
456
529
775
187
485
556
605
474
965
16
237
652
427
850
66
771
647
425
33
275
295
162
973
352
225
284
947
593
340
791
734
147
671
509
333
155
64
289
981
28
656
217
679
82
418
96
852
65
873
885
691
167
398
15
870
622
650
169
566
341
311
300
488
982
160
172
136
223
813
116
603
468
684
633
550
102
729
753
518
953
989
560
471
387
574
693
360
575
861
278
916
171
929
755
152
88
926
640
310
90
107
264
558
143
897
459
244
977
211
113
929
552
672
751
938
597
443
649
171
655
926
438
826
206
192
329
293
470
320
955
559
779
218
468
921
114
926
164
442
489
276
370
40
299
473
329
247
915
329
769
570
255
207
747
460
750
427
105
571
99
59
482
877
276
949
797
742
227
312
183
67
939
905
106
237
377
786
483
643
114
251
564
720
809
662
532
559
441
636
129
539
46
610
415
321
911
211
414
137
874
949
203
812
205
660
48
933
797
882
575
910
484
491
982
645
504
865
203
944
500
683
482
545
645
248
217
555
810
983
43
683
931
245
494
135
256
893
419
52
126
345
313
610
835
646
254
691
510
808
634
9
842
468
905
486
67
474
40
877
808
434
911
738
678
757
224
933
649
642
336
775
986
649
736
173
294
341
863
804
500
848
164
341
315
421
179
734
246
570
610
53
4
872
142
681
628
717
966
629
710
653
755
47
301
842
571
947
182
433
102
33
633
617
725
299
389
903
32
634
473
993
38
476
865
179
508
844
895
825
472
956
478
226
3
130
67
573
428
600
358
529
984
990
498
709
288
886
611
672
872
435
664
909
262
528
88
770
372
334
946
195
642
423
421
644
905
839
568
332
439
925
213
422
266
710
482
906
947
445
577
818
879
240
727
141
120
166
262
843
851
559
37
492
334
809
487
238
648
407
921
438
331
133
211
949
194
693
854
493
489
782
662
367
373
740
859
492
257
472
686
108
31
75
951
364
235
790
953
234
196
873
671
878
358
234
178
903
278
31
395
766
812
57
132
537
148
343
28
405
814
66
512
196
140
814
559
726
955
511
960
502
736
630
380
93
215
557
347
492
940
94
257
103
502
741
639
649
435
19
53
600
84
916
796
575
82
706
300
36
569
259
538
304
241
269
748
455
177
94
299
116
187
907
571
40
999
561
689
433
579
741
33
14
657
828
940
738
885
240
125
453
850
14
756
442
282
855
249
459
949
547
926
487
453
848
527
452
409
567
884
339
307
268
353
315
447
644
404
332
235
529
784
85
894
892
878
176
746
126
986
46
672
263
533
125
463
411
928
871
977
163
561
635
431
265
950
229
909
705
560
143
233
344
579
127
235
457
654
980
582
991
378
606
605
910
82
67
672
9
289
1000
523
850
634
305
114
935
534
22
640
93
517
224
788
95
702
22
903
707
354
837
697
731
442
302
992
875
368
15
235
657
14
757
858
999
62
971
286
595
345
925
39
861
500
827
307
202
200
210
908
553
398
957
635
191
258
978
65
977
344
299
985
709
407
842
708
820
165
345
414
509
269
805
721
768
631
27
321
830
588
229
735
985
537
721
175
794
699
591
122
42
889
459
751
648
300
810
467
464
154
233
324
774
37
44
893
667
71
214
848
10
794
582
995
330
303
521
475
353
112
948
746
1000
406
848
999
58
657
466
521
162
50
197
287
86
240
180
104
662
745
951
24
538
885
18
219
187
538
693
891
649
640
636
1
398
484
999
455
492
816
327
6
217
523
292
302
115
823
757
128
567
60
151
456
944
168
674
482
58
718
724
58
710
359
58
107
194
409
561
38
576
239
43
793
762
686
446
228
861
203
355
427
614
858
235
909
377
260
742
434
978
465
492
39
175
901
497
369
661
409
406
237
647
800
29
760
485
826
987
345
380
694
124
993
551
710
901
927
969
994
713
298
458
556
336
633
808
832
353
469
