5000 3
240
758
705
239
909
85
998
745
910
985
442
290
678
565
634
580
274
887
858
594
880
922
892
690
477
227
322
637
411
26
105
2
135
161
240
43
597
238
787
858
574
228
147
603
144
133
182
769
19
391
715
250
313
606
939
141
832
612
777
594
637
881
596
771
393
187
813
989
424
952
847
349
531
345
951
27
829
484
147
847
875
861
97
187
466
387
679
650
999
456
595
635
688
190
758
81
377
570
421
152
873
619
501
756
964
803
782
792
639
928
991
513
141
439
51
958
825
729
607
175
536
554
162
224
743
919
304
471
840
76
975
713
695
827
468
10
629
601
153
619
880
143
131
20
933
533
978
110
614
936
284
149
489
445
372
584
363
27
406
555
103
380
267
797
558
86
158
539
686
310
157
565
805
288
937
737
172
266
198
785
553
834
934
394
278
657
329
993
684
734
547
138
466
165
934
23
250
443
561
287
752
718
203
556
357
491
645
528
756
842
665
661
675
950
54
305
606
382
649
641
467
547
778
932
711
63
955
312
505
867
950
257
584
504
164
940
995
160
820
102
2
484
762
28
433
815
684
390
548
332
31
15
230
808
946
292
871
252
955
727
119
904
335
54
408
499
346
402
658
165
503
11
1000
617
391
784
431
74
173
979
758
203
345
987
363
290
279
585
894
233
311
364
489
646
417
248
496
762
649
505
278
503
516
629
471
906
412
902
331
937
232
88
139
928
427
853
569
705
437
462
289
100
825
777
97
594
24
592
355
24
448
985
879
963
613
349
220
377
602
903
313
185
990
803
112
416
656
681
472
444
142
761
543
319
889
639
912
265
582
618
640
30
602
518
344
567
219
916
943
172
818
607
357
159
409
468
927
64
148
398
860
642
510
402
960
751
393
871
15
326
840
6
355
442
524
51
360
94
318
654
265
135
260
621
645
668
441
571
84
940
321
295
581
182
696
892
932
440
114
298
766
954
304
472
747
179
874
106
624
191
759
888
677
370
861
322
389
301
244
472
240
564
118
173
98
814
64
29
605
178
327
370
131
982
194
877
160
67
334
783
610
92
22
286
461
234
959
849
886
203
673
478
118
142
650
215
955
713
596
912
242
274
633
724
255
826
600
766
245
933
900
854
376
921
491
188
155
450
389
40
652
413
517
121
554
518
336
861
583
283
772
824
556
756
548
810
934
499
575
178
784
826
383
511
746
873
51
252
322
439
644
325
203
512
446
756
382
133
968
964
415
91
139
970
847
38
131
780
537
57
309
672
882
691
182
979
563
232
583
885
22
578
561
224
89
6
332
822
490
651
785
256
742
924
225
940
961
707
719
849
763
379
872
996
69
54
327
631
637
909
867
11
486
428
586
926
785
917
748
627
568
884
882
661
807
459
600
120
165
670
320
280
48
192
627
468
597
953
98
233
213
317
595
50
96
181
328
232
97
75
858
16
310
92
676
469
550
627
940
66
296
259
345
695
450
972
162
46
276
612
631
489
280
577
538
375
757
217
958
854
643
168
221
953
259
249
421
808
875
360
873
523
970
570
217
420
893
731
817
168
342
799
8
621
376
898
347
132
114
656
337
757
823
910
709
81
158
481
240
384
192
465
906
161
34
475
580
926
205
749
445
898
899
805
870
274
702
568
758
167
223
446
923
398
355
983
830
512
463
422
248
6
886
153
167
919
979
98
196
183
846
992
432
745
796
301
370
497
868
127
664
443
925
938
192
279
921
21
143
735
794
390
741
679
894
907
949
873
4
144
55
202
136
839
298
283
139
667
780
359
146
795
153
70
732
344
700
4
716
842
91
510
583
831
540
477
89
489
349
444
632
755
645
119
593
942
402
84
961
533
442
458
679
946
527
762
289
578
766
356
420
856
217
354
38
757
830
126
245
178
569
228
285
214
699
877
507
452
312
819
984
753
276
14
50
154
775
690
732
540
46
503
747
614
856
784
370
38
261
966
567
830
546
851
395
244
80
253
695
391
72
30
496
347
43
545
853
817
235
584
709
632
438
807
245
293
943
967
682
203
932
249
384
477
99
130
72
530
383
766
921
454
147
416
152
189
312
4
358
898
939
418
529
376
224
126
21
518
92
702
721
375
950
456
204
401
586
275
930
968
41
202
773
187
617
924
728
281
280
437
178
218
854
59
946
429
184
966
947
275
19
667
649
321
122
852
721
707
479
2
26
519
204
798
57
172
722
136
452
353
572
982
570
425
40
515
206
223
832
152
497
203
818
497
523
291
701
595
350
179
596
375
49
151
173
457
323
246
593
126
598
516
107
519
293
498
386
498
720
569
649
568
771
818
417
645
460
117
239
809
647
187
536
695
689
60
151
11
657
95
489
254
963
595
124
255
93
509
752
164
78
752
732
200
569
148
845
28
616
435
189
262
621
76
956
310
135
458
672
791
905
160
396
867
107
519
121
551
28
224
714
457
975
797
656
895
296
500
274
911
935
462
172
907
537
479
568
23
289
592
813
193
751
208
411
209
79
883
759
458
106
473
914
432
621
921
326
917
773
951
827
59
413
351
965
301
181
885
676
469
476
488
13
578
48
423
139
126
305
897
935
762
721
200
193
342
120
870
258
892
821
436
950
585
138
267
237
319
151
912
787
978
752
152
907
799
926
45
276
231
942
562
344
14
761
537
707
880
758
316
124
578
752
73
514
889
691
751
207
193
662
346
170
413
849
429
563
774
473
190
356
766
751
700
132
511
236
838
743
993
154
866
923
257
290
436
145
981
186
704
173
200
401
695
964
249
123
879
22
947
68
378
65
171
77
548
33
664
385
775
8
890
640
930
146
930
718
291
910
255
346
434
454
746
128
770
994
602
648
367
901
67
96
317
237
524
864
622
187
600
396
547
490
388
476
635
317
545
277
578
800
974
363
605
71
843
374
416
444
373
783
696
440
878
364
28
402
227
649
940
179
397
486
668
784
314
654
100
858
283
29
9
256
391
966
327
233
691
742
29
64
876
76
855
106
440
234
859
18
883
150
196
631
636
863
414
301
869
865
510
503
245
519
758
635
484
436
220
174
530
600
589
757
27
443
862
466
29
72
836
911
222
31
893
857
246
306
509
114
170
18
616
414
888
725
400
371
513
971
897
394
922
837
150
949
632
364
766
660
435
601
922
8
632
814
216
229
119
724
342
640
742
309
53
629
385
804
352
897
127
600
290
48
436
792
348
67
507
466
726
941
418
647
301
401
460
516
629
930
240
970
569
333
630
973
961
15
777
664
263
255
263
905
654
699
696
2
117
202
819
843
494
236
841
146
637
653
662
265
582
901
587
151
233
216
123
545
582
251
209
845
505
823
101
159
873
796
512
990
349
330
184
194
565
376
340
553
28
353
818
610
605
756
112
189
323
234
733
905
837
293
101
341
468
201
851
340
348
362
681
48
43
216
593
960
592
284
512
971
636
681
932
240
436
43
428
759
277
513
663
113
157
115
805
624
667
656
316
14
369
348
413
412
564
5
723
507
289
234
829
276
915
761
516
702
803
295
460
79
159
474
543
316
588
348
291
254
355
958
619
723
306
31
486
221
388
208
727
676
794
907
303
60
667
818
761
470
465
221
900
975
46
795
642
634
142
933
239
848
890
210
570
547
240
408
767
627
615
845
654
760
752
957
819
418
126
580
239
942
152
491
917
197
285
558
182
778
842
773
625
84
982
546
630
573
953
397
552
920
593
557
679
344
513
850
114
991
429
704
932
932
194
200
480
478
758
662
255
951
786
231
34
119
777
16
691
81
764
594
352
356
151
383
52
663
232
165
5
12
868
937
295
414
488
774
891
245
787
498
548
572
80
581
690
208
596
733
289
359
326
992
67
828
374
118
843
957
282
847
320
501
135
614
914
623
388
157
219
174
6
766
746
85
347
787
293
294
871
933
5
197
924
423
376
650
540
218
958
173
65
278
25
199
891
291
821
278
447
40
804
804
805
901
888
503
687
532
149
558
464
505
106
740
927
481
389
818
699
698
990
115
975
14
313
866
656
486
495
454
877
298
257
33
198
497
536
237
28
36
146
844
892
603
935
818
435
675
987
485
372
976
599
347
341
264
564
997
101
58
450
977
708
59
9
257
555
896
845
934
931
990
129
822
944
63
991
379
737
329
215
109
656
814
807
997
429
370
345
529
779
146
505
838
204
513
95
110
409
291
396
691
633
524
865
576
939
207
306
675
536
521
135
191
334
293
539
762
662
235
642
793
381
146
630
936
10
76
398
418
367
793
461
999
668
325
574
606
883
232
281
418
752
767
961
85
60
851
198
73
86
191
217
818
336
847
753
345
274
502
115
640
294
927
638
962
603
564
567
485
795
199
255
898
318
215
334
377
65
531
801
502
73
18
319
408
216
72
104
489
925
570
481
219
496
470
532
98
33
450
583
179
649
837
76
318
403
409
46
819
291
846
321
363
215
639
122
430
62
226
271
339
795
751
557
291
220
440
740
605
889
322
135
889
510
563
206
264
971
251
435
614
449
755
328
663
745
450
445
159
27
715
497
173
817
405
815
388
844
555
992
84
228
479
325
738
41
530
353
363
133
787
976
581
893
656
595
990
457
39
500
483
105
348
655
273
104
470
661
299
24
4
382
603
482
706
340
874
588
45
237
720
831
564
652
76
219
246
417
675
637
916
509
93
615
516
366
718
985
378
16
360
381
397
962
215
455
654
88
42
698
676
113
880
240
764
307
810
361
723
837
997
990
345
442
604
860
807
321
196
184
336
907
916
85
869
130
891
874
570
932
923
245
396
154
484
511
461
646
871
535
482
220
525
178
661
128
390
819
449
585
354
136
492
269
572
712
751
462
937
320
393
211
564
140
364
400
650
176
45
521
711
878
92
587
55
104
66
444
922
866
381
275
2
224
895
573
287
645
35
575
316
779
785
880
271
148
631
920
324
27
792
386
904
883
324
310
338
389
106
259
255
486
885
608
61
780
180
699
776
566
273
92
697
57
323
967
204
953
238
879
979
30
616
234
264
939
543
602
680
648
212
934
485
97
541
897
228
72
595
3
990
867
446
38
923
768
4
479
72
593
709
402
622
677
635
238
615
530
191
646
177
402
931
14
850
471
910
77
895
857
432
236
723
229
273
998
349
628
828
420
220
536
174
842
212
808
431
179
337
621
824
866
374
755
231
224
577
140
652
823
996
435
58
71
664
682
420
364
309
247
783
529
782
956
722
346
116
504
524
804
124
699
21
497
805
251
72
734
743
76
556
90
510
966
512
525
647
931
888
308
177
23
188
959
330
261
656
445
764
179
601
239
229
973
735
34
576
159
767
318
234
674
759
743
639
271
620
638
201
507
945
378
529
132
688
859
392
695
655
507
873
607
745
453
580
831
838
507
989
604
824
574
278
934
669
268
204
288
257
757
146
201
486
675
684
525
885
427
219
891
933
91
498
677
895
429
860
733
935
848
688
110
422
317
43
90
585
599
729
841
355
874
394
192
548
429
716
784
856
934
27
140
376
876
169
270
304
28
2
590
875
690
51
648
6
445
89
942
43
817
135
749
691
528
940
590
956
7
726
163
940
752
303
315
627
471
585
282
850
938
871
724
979
273
724
337
717
812
630
112
981
764
860
671
643
152
612
599
510
337
761
450
88
415
116
714
237
52
347
86
990
217
162
320
489
885
8
558
48
638
669
28
401
880
50
44
383
662
994
893
998
106
342
438
521
457
503
109
509
850
195
850
418
356
521
907
592
529
816
639
166
484
19
918
363
68
313
746
729
306
638
79
764
331
516
636
139
370
744
999
219
290
200
637
997
721
895
588
249
710
579
766
193
597
35
907
664
348
4
745
5
993
823
768
323
690
403
814
59
499
164
278
788
364
266
785
84
512
724
684
221
302
801
765
250
835
23
266
182
27
362
539
19
184
306
694
225
61
507
283
559
670
912
698
385
529
482
468
40
206
503
612
859
303
728
461
138
751
726
671
129
87
561
147
622
219
840
846
631
698
480
189
720
744
238
104
272
720
924
312
277
426
275
487
729
3
299
218
105
24
240
233
462
153
379
435
371
571
632
1
268
464
541
339
207
778
443
478
849
366
141
477
791
416
316
871
770
614
440
226
990
32
458
451
184
188
238
906
110
221
906
730
684
446
68
890
575
510
368
776
875
508
252
18
275
567
240
44
181
680
269
170
63
78
972
246
618
561
151
727
782
408
456
817
205
524
707
779
385
74
906
612
933
158
629
560
76
868
955
608
899
576
129
961
653
453
558
622
13
60
349
146
467
156
963
671
31
21
802
416
446
59
27
378
216
7
289
644
226
244
603
125
819
732
437
823
184
995
445
548
406
145
46
873
300
8
895
683
380
48
98
825
107
476
554
674
482
843
669
707
86
272
183
256
3
620
78
538
966
874
85
371
18
130
595
670
489
842
704
868
889
801
44
347
628
598
21
461
440
41
519
525
312
702
780
314
673
209
851
990
435
288
712
452
769
659
473
610
500
176
829
740
328
873
87
955
470
459
767
909
499
286
785
811
339
916
476
363
476
679
704
910
966
415
714
86
73
186
695
924
714
876
664
41
748
102
348
569
560
466
829
410
751
613
572
441
880
400
803
355
78
506
617
395
273
330
480
345
515
527
269
580
754
284
973
853
385
320
421
296
785
249
57
888
213
629
328
444
28
483
150
457
988
766
851
260
95
682
957
962
560
577
893
313
212
865
165
596
536
585
243
673
185
299
560
749
279
239
544
306
721
694
114
61
811
964
672
906
646
628
219
205
556
111
870
767
976
34
714
511
971
956
183
507
607
94
608
885
333
151
543
405
844
656
817
655
620
489
912
617
468
482
173
24
592
42
142
919
428
856
782
398
163
316
256
769
762
863
654
446
14
196
850
209
203
667
215
174
507
478
790
974
959
315
349
903
708
491
173
487
698
306
884
860
622
492
629
383
354
634
180
719
181
29
928
383
47
142
557
553
972
346
879
930
12
227
184
72
69
357
558
766
662
794
978
635
285
606
369
638
591
548
357
771
929
636
153
975
129
709
880
100
407
758
30
770
336
213
841
405
921
399
170
935
192
147
569
476
104
938
465
694
485
821
816
413
456
969
740
585
29
971
36
435
728
65
557
415
630
397
819
902
795
989
836
338
487
405
813
943
694
630
988
530
802
804
943
610
124
34
546
152
4
581
939
83
998
495
497
979
243
316
880
390
656
716
727
494
472
892
436
165
521
424
694
322
579
988
931
702
373
476
853
728
409
143
810
406
989
659
384
232
326
263
621
333
330
699
826
153
590
262
669
462
37
715
784
615
54
66
316
427
894
520
154
302
15
316
707
3
326
90
586
651
704
558
335
386
257
160
538
846
773
207
308
809
273
443
775
326
860
90
104
753
962
610
54
976
925
112
330
602
553
268
604
257
825
938
642
81
97
531
279
222
89
938
382
361
380
157
687
239
598
142
344
559
751
397
886
27
861
568
628
413
835
231
669
11
520
662
444
969
193
722
190
633
659
571
994
390
727
32
628
677
173
323
587
924
72
825
302
932
392
930
344
578
512
365
588
32
378
383
1000
922
104
189
555
762
111
900
503
190
931
483
866
455
805
452
730
876
276
32
807
19
313
503
948
824
867
888
855
244
270
854
518
374
394
72
487
505
971
990
694
253
472
911
707
276
362
789
504
990
172
310
8
484
812
956
307
30
843
162
626
112
367
143
837
761
214
324
617
536
665
310
788
488
572
846
115
933
986
618
274
157
280
634
640
91
941
947
473
135
460
450
598
178
592
435
938
157
110
554
44
774
215
831
261
786
28
727
71
14
345
344
522
624
329
162
66
269
460
538
403
271
987
353
448
930
787
738
438
248
291
481
373
858
663
985
643
691
711
65
56
55
761
929
678
89
442
96
710
901
985
464
523
324
816
323
253
954
60
43
201
702
523
925
559
186
909
554
228
620
970
635
26
730
563
56
171
5
151
880
257
135
343
132
458
511
454
63
464
513
105
17
566
627
941
125
164
202
30
743
173
999
377
198
81
292
605
251
648
755
130
256
242
824
387
51
334
192
113
150
704
569
518
270
548
810
746
711
11
127
806
183
125
182
733
557
825
337
807
824
444
288
80
37
464
818
87
149
10
200
298
713
120
167
334
667
977
431
378
987
557
183
522
34
716
606
590
893
294
397
716
89
36
795
125
499
613
212
648
622
763
297
686
882
464
372
549
440
154
278
778
711
812
651
96
879
608
37
771
902
433
839
342
821
985
467
319
949
678
318
922
792
615
608
25
78
331
573
869
836
202
646
898
365
649
993
244
256
30
366
509
814
204
851
634
541
317
305
489
346
622
411
489
588
370
513
17
700
438
885
887
991
883
785
356
531
777
951
138
158
316
647
972
872
849
957
412
517
613
900
214
587
310
702
174
679
566
191
730
3
75
617
994
309
401
701
191
529
651
329
687
966
327
10
189
527
318
600
43
931
852
608
517
513
661
690
544
226
232
273
581
659
241
926
967
993
626
158
874
276
838
912
593
516
921
782
42
238
733
436
520
584
43
36
97
703
78
992
928
309
264
508
967
857
433
286
201
410
443
74
685
632
985
278
147
257
411
188
495
143
623
366
79
665
754
527
719
831
518
646
491
133
506
810
989
290
95
542
700
889
615
736
520
952
365
666
208
775
853
54
270
827
420
348
843
173
226
561
355
743
558
845
875
415
654
216
57
100
109
756
988
723
843
507
674
208
524
234
334
728
287
603
554
706
302
396
878
879
308
232
621
866
429
848
632
434
415
688
534
523
795
521
597
638
380
623
197
903
856
882
631
142
485
536
200
138
284
77
17
591
661
989
808
441
188
440
874
602
127
407
476
922
928
73
559
659
47
107
561
902
988
543
395
824
79
594
314
362
23
330
952
35
670
112
475
858
551
348
811
677
755
287
598
34
711
508
692
757
614
604
10
954
147
404
777
577
998
90
938
20
771
241
54
441
352
528
298
902
227
108
579
333
746
528
366
456
388
409
564
353
365
573
306
863
977
83
439
326
524
376
345
295
616
750
735
968
629
384
221
855
843
151
188
589
679
905
396
418
666
960
770
30
884
76
892
212
510
682
537
33
57
233
327
24
334
413
343
962
796
564
169
639
714
708
579
744
964
974
161
629
285
283
10
521
358
253
732
867
934
621
899
990
853
578
366
187
990
708
500
786
623
20
776
689
727
706
432
691
31
945
671
316
227
681
836
936
933
919
154
867
539
52
208
744
981
573
930
971
281
781
108
903
801
883
591
879
940
375
921
970
671
592
285
249
272
472
536
556
743
689
422
281
92
630
24
73
202
305
43
834
86
502
89
238
384
679
468
323
405
389
644
427
332
929
675
955
752
562
510
494
250
932
127
342
913
150
766
466
455
808
300
892
661
388
481
44
418
300
718
175
40
361
601
371
641
628
325
745
189
187
590
791
470
716
132
382
866
249
847
672
408
498
563
68
885
395
463
655
694
180
829
734
892
429
456
885
408
133
981
597
319
570
739
788
286
222
169
151
470
367
822
877
865
736
944
101
482
406
755
527
937
583
612
180
364
68
416
771
200
396
719
870
966
457
657
251
678
177
753
147
543
926
375
759
13
318
860
494
75
614
20
363
549
984
543
912
51
958
682
602
706
753
471
671
209
479
273
239
655
25
737
549
950
112
660
962
781
519
807
208
484
178
570
32
161
112
943
563
422
977
516
479
729
986
149
289
816
421
879
822
797
968
723
98
79
382
59
211
900
217
418
383
394
340
767
907
803
709
469
576
37
337
54
765
674
202
406
490
974
636
311
770
603
33
867
33
766
277
244
665
845
13
400
591
352
166
497
507
226
317
82
263
653
136
27
327
337
784
168
663
420
830
784
22
215
3
55
980
631
650
997
476
14
396
66
718
561
914
224
138
582
305
400
587
440
779
265
129
562
432
143
333
261
926
707
827
928
113
807
559
762
803
386
127
550
451
844
462
716
67
599
297
724
999
883
515
777
147
995
690
578
137
23
191
415
729
369
694
841
527
604
954
329
989
80
878
791
924
691
506
342
290
803
417
288
37
284
64
184
278
753
113
767
127
655
533
855
24
226
47
550
182
1000
231
170
80
460
313
355
151
170
48
440
324
817
79
361
100
494
896
729
598
8
495
725
15
27
931
390
605
978
291
786
977
873
307
408
333
971
114
835
141
514
626
464
330
704
824
781
549
719
509
146
79
356
870
93
734
801
834
690
778
124
827
106
997
134
866
681
104
979
515
596
492
140
60
173
195
235
305
743
954
166
240
384
521
110
828
606
262
661
296
391
136
122
496
132
607
713
164
63
692
678
658
535
169
717
60
715
952
364
809
257
529
49
640
401
510
467
359
771
479
654
513
614
127
360
98
734
73
261
796
764
291
453
650
811
522
61
526
473
777
686
729
305
734
720
58
243
538
416
365
16
421
877
981
547
237
430
632
661
691
427
776
333
232
425
143
753
838
20
577
614
706
657
270
791
376
327
34
265
94
750
632
514
979
612
413
567
42
44
227
84
823
2
768
54
778
910
806
615
930
382
228
987
38
498
777
765
176
162
29
270
912
12
135
242
623
899
808
16
943
34
451
765
387
218
170
516
480
975
131
761
708
710
747
97
207
523
213
383
685
593
4
948
604
490
189
578
389
348
594
683
733
396
799
119
966
968
986
445
294
116
205
353
826
951
801
384
825
13
118
861
605
121
808
208
963
348
137
351
695
82
385
427
478
183
897
443
150
883
239
795
350
795
147
527
745
947
911
921
311
28
782
915
501
589
474
463
289
610
165
983
692
549
762
521
731
10
315
232
244
553
26
946
699
524
472
443
470
382
363
780
762
496
46
262
85
871
76
373
832
240
707
523
140
820
395
222
830
709
805
425
613
830
370
311
705
842
105
526
575
820
657
336
315
702
597
751
924
24
475
755
263
182
630
754
1
24
975
182
85
779
959
49
960
328
712
16
169
816
541
744
987
197
431
654
250
380
404
525
403
231
280
18
412
909
771
764
284
98
298
368
228
256
417
188
935
128
555
456
295
96
551
634
644
981
287
246
360
42
770
763
272
401
780
35
661
902
151
945
999
448
664
227
55
432
766
989
911
320
444
206
767
346
191
763
327
477
8
686
518
129
800
142
882
931
176
542
833
326
486
183
125
150
409
179
581
526
520
492
198
315
49
316
661
591
78
339
67
437
376
936
918
176
77
799
458
605
340
290
282
826
473
407
327
233
937
259
111
808
102
660
123
502
975
135
92
53
825
158
489
200
446
406
727
874
204
185
478
896
826
112
721
650
518
399
883
806
657
345
614
759
4
88
612
978
574
