20000 4
704
382
398
213
223
597
658
980
676
884
536
860
713
431
685
824
503
335
341
901
569
147
557
265
760
667
268
199
279
597
772
334
979
169
546
201
117
556
180
792
439
67
651
151
497
688
975
999
374
315
899
294
813
808
558
924
826
825
122
104
773
245
789
751
413
335
303
530
890
835
673
328
901
324
478
750
363
804
748
736
471
999
29
283
806
586
559
631
762
32
87
534
277
875
637
41
561
291
570
450
125
243
129
378
918
959
127
280
762
874
367
232
224
395
867
29
332
425
12
445
808
450
978
84
676
966
125
237
257
46
38
733
640
167
110
909
125
236
540
886
462
906
470
685
652
336
66
335
112
77
779
919
878
109
355
553
426
831
789
682
228
827
415
868
345
876
128
469
112
668
706
925
925
175
961
577
510
26
263
621
454
42
892
331
502
246
884
927
428
24
609
655
202
375
874
546
250
2
14
713
21
720
637
945
246
950
873
756
975
136
728
429
529
619
111
30
216
346
956
643
370
916
650
923
290
523
469
892
876
834
604
896
905
593
193
151
542
417
258
868
552
985
648
432
956
759
461
171
456
769
166
825
684
815
100
326
689
920
217
565
105
172
812
10
764
356
512
657
773
769
525
676
105
172
108
60
282
920
583
738
40
748
914
724
914
13
401
602
284
617
518
389
140
330
398
904
37
261
560
809
381
436
837
485
960
944
897
241
215
479
978
255
578
244
330
491
608
730
92
892
698
610
280
837
291
29
740
327
289
652
488
669
439
324
505
398
619
753
991
833
231
320
87
160
563
768
650
171
497
94
62
194
55
693
383
697
721
122
23
9
125
862
29
916
185
885
665
803
638
655
636
220
975
74
380
889
842
381
59
690
826
472
236
880
164
618
576
884
91
951
244
568
812
624
483
349
509
147
151
498
802
138
717
128
564
448
16
757
181
427
446
6
898
681
238
414
298
165
649
741
115
893
308
279
516
790
979
376
288
129
873
441
619
942
568
182
741
584
290
921
10
735
279
259
768
516
672
417
680
673
157
147
565
464
425
432
605
403
160
893
883
384
333
853
677
901
34
418
836
323
690
197
410
968
455
529
835
479
945
515
503
454
661
67
917
437
850
874
191
361
766
73
745
450
278
421
702
311
190
537
986
232
733
747
199
540
275
34
370
219
900
872
24
560
290
941
348
491
166
538
852
931
962
948
380
239
368
82
902
910
970
239
141
55
985
691
946
259
76
667
829
975
890
853
886
179
145
233
21
310
770
872
592
84
171
971
322
539
404
575
800
726
813
940
780
797
630
725
407
58
743
236
32
632
440
918
162
936
502
182
245
624
406
836
707
576
158
380
466
914
955
265
639
119
556
770
916
538
846
674
595
588
261
978
219
700
247
380
635
749
913
231
372
670
418
430
246
576
161
63
841
467
680
831
586
235
600
853
124
445
526
718
32
787
48
602
838
294
333
825
394
245
55
117
267
825
546
864
400
707
926
592
525
605
422
110
192
21
962
315
817
840
385
200
626
432
801
815
77
133
639
471
729
46
587
995
870
133
858
621
191
136
212
715
92
985
177
635
5
490
950
173
329
686
372
954
469
172
121
545
656
759
15
384
156
602
731
25
86
940
997
628
75
208
694
519
192
870
153
548
360
454
720
40
491
91
994
959
614
466
504
269
576
870
5
732
823
87
108
260
26
105
887
453
312
933
323
856
154
475
755
865
929
827
905
419
269
250
730
883
715
585
503
290
454
507
373
629
593
481
888
971
585
127
775
248
59
97
455
564
571
210
429
851
36
333
622
304
934
351
538
648
287
41
289
740
547
662
368
492
142
256
814
78
734
588
325
792
684
780
355
606
989
135
457
376
819
430
31
752
132
569
751
418
609
392
509
507
53
229
998
546
836
163
623
569
750
299
360
785
78
66
391
418
201
199
145
19
628
176
771
111
744
873
880
352
264
388
210
668
616
560
213
451
722
187
19
824
486
730
608
915
148
998
333
348
548
477
718
175
4
840
637
747
713
516
450
976
256
660
996
223
571
208
26
292
395
44
115
232
126
75
146
273
72
478
972
620
307
689
146
310
529
135
409
593
2
210
920
257
221
915
480
791
475
857
435
221
252
549
452
377
623
597
1
47
427
972
18
85
13
515
746
893
649
506
485
651
716
756
259
936
23
90
727
497
946
161
717
198
61
520
926
36
468
927
434
246
898
451
330
262
317
428
154
966
933
990
968
648
746
578
936
768
668
662
616
965
174
332
162
586
203
88
973
670
366
406
916
263
208
597
525
525
24
30
842
957
20
161
956
765
738
891
884
405
904
499
370
429
182
883
367
384
322
339
53
687
97
968
302
656
917
178
180
940
207
373
248
226
533
204
342
271
446
225
675
350
75
396
130
256
279
496
639
600
835
44
287
283
363
940
938
279
117
470
219
323
842
466
549
375
21
242
997
467
819
23
168
893
419
297
149
49
145
139
1000
331
534
638
613
897
577
550
175
693
19
745
368
213
563
916
939
935
509
935
753
327
957
920
220
727
569
720
775
713
210
127
43
744
764
7
640
693
556
166
385
927
911
104
139
825
371
429
759
880
363
512
206
671
431
777
398
351
496
524
415
706
650
809
801
766
815
440
458
723
957
194
649
867
298
139
691
668
567
802
899
281
313
105
951
95
881
348
798
729
224
212
786
225
21
586
990
187
377
799
909
333
345
909
200
994
399
242
13
965
395
912
597
707
368
548
154
248
247
951
328
822
162
113
47
534
50
36
721
426
187
629
759
883
538
310
876
936
903
888
253
298
799
849
356
166
748
509
766
347
459
445
168
621
910
566
154
959
602
874
385
140
855
495
22
392
804
897
679
58
136
283
355
287
132
711
804
231
219
921
929
30
366
449
650
275
14
155
233
967
381
969
106
235
463
479
978
618
375
656
676
863
939
30
149
422
92
952
4
663
873
933
692
590
733
693
864
746
199
448
713
579
417
170
165
231
649
494
849
375
150
524
237
440
905
737
213
349
689
216
11
913
500
54
854
232
98
717
330
296
516
42
227
284
211
743
515
859
237
715
234
738
590
822
177
494
559
741
194
599
956
204
863
808
609
716
391
706
784
720
354
299
113
932
583
676
674
449
534
262
163
119
999
752
293
527
597
851
267
791
801
575
346
663
734
307
730
476
364
513
196
717
811
660
1000
745
335
26
193
221
287
707
691
638
458
983
164
407
185
783
549
337
357
246
999
442
552
80
917
916
592
464
984
755
124
984
499
810
9
44
30
647
750
73
284
560
55
800
966
592
582
866
928
290
111
279
731
663
358
647
930
302
463
913
56
586
248
906
747
256
301
777
903
51
849
538
962
255
337
279
846
918
144
126
559
254
404
289
268
761
288
549
62
750
814
469
687
61
727
433
669
27
561
923
77
761
460
38
16
797
668
213
66
811
338
625
417
741
265
36
854
552
585
267
301
398
88
987
810
814
772
478
840
332
400
269
93
860
658
460
8
326
672
425
136
362
401
904
454
666
940
307
569
876
926
222
625
13
560
434
826
331
264
17
663
663
285
755
874
943
214
233
620
237
658
107
598
410
11
52
75
302
710
996
529
987
217
153
999
776
938
824
107
553
841
121
216
477
875
441
771
440
674
390
676
683
497
626
92
859
29
519
160
90
866
40
77
82
544
75
857
833
251
315
386
443
435
953
271
661
393
42
100
418
783
128
100
279
105
544
489
133
414
1000
574
279
39
650
360
582
77
568
415
679
235
152
473
21
104
743
682
848
784
133
266
567
612
717
197
716
612
38
200
25
37
774
655
428
775
366
9
851
286
775
881
520
278
353
540
381
96
573
229
231
706
846
149
317
562
698
385
526
735
584
550
771
709
205
198
484
922
559
686
207
685
567
726
963
919
618
695
366
190
923
597
247
120
745
916
34
442
300
559
528
883
108
299
592
664
848
427
938
406
464
144
443
30
222
405
301
839
99
666
380
374
614
627
493
711
894
878
504
193
436
32
75
896
682
18
911
529
796
848
287
260
992
729
641
213
133
941
403
583
959
134
956
924
112
801
986
5
678
490
197
114
873
624
361
906
993
271
434
789
119
72
400
110
800
40
674
284
333
76
867
643
209
174
918
321
326
904
325
4
745
874
469
969
497
829
874
489
99
307
629
217
731
28
678
530
420
351
814
104
426
32
746
987
557
15
307
883
918
983
886
14
856
706
982
704
886
855
193
984
514
821
553
244
201
582
125
972
933
290
75
710
673
172
696
230
186
354
112
456
689
349
821
544
54
803
248
939
9
792
274
874
964
178
469
516
760
946
487
692
235
913
401
260
84
449
489
622
802
600
429
490
948
249
386
353
403
985
643
764
776
268
989
91
446
458
607
557
755
93
248
989
358
1000
248
441
800
88
414
954
687
194
443
986
795
180
690
197
516
332
312
291
600
301
734
397
110
340
953
864
784
552
204
141
903
804
934
703
891
347
656
930
893
450
267
687
982
957
235
497
640
899
140
239
199
873
987
660
212
939
523
995
490
78
136
745
233
421
447
124
119
102
405
11
903
671
49
884
979
284
381
619
182
520
209
732
392
196
391
955
486
265
301
328
694
788
72
927
208
518
402
327
971
806
337
225
828
738
109
807
21
841
777
554
360
985
285
103
532
27
57
370
643
357
697
336
145
768
262
704
637
663
30
959
820
719
183
648
456
291
806
828
131
934
381
842
270
17
296
802
395
704
171
37
413
219
372
909
338
986
612
974
1000
642
284
820
712
466
819
519
109
976
346
591
909
78
785
178
446
80
331
840
784
853
876
196
71
599
104
760
584
67
85
936
60
368
107
771
186
277
289
294
252
986
236
512
63
20
41
508
452
724
699
235
576
574
782
999
525
237
758
460
303
843
395
363
210
501
485
395
129
126
40
380
111
628
243
526
999
284
385
450
359
84
36
934
9
817
932
533
405
42
345
60
884
739
774
445
592
258
192
720
383
583
452
846
210
46
371
209
681
107
658
39
190
694
973
551
862
256
435
619
297
779
678
532
870
451
977
813
708
168
532
443
102
335
640
312
381
362
872
61
468
529
100
10
574
424
560
788
679
994
406
328
125
83
859
994
885
835
806
592
354
689
386
456
24
25
119
756
738
990
816
206
518
267
215
444
690
126
231
721
471
988
48
595
422
906
588
306
93
745
249
446
434
987
253
809
11
371
564
749
360
731
306
230
350
520
673
391
997
255
111
467
594
158
62
15
416
1
320
508
746
920
305
531
906
558
691
269
280
606
369
640
688
674
869
37
545
893
428
541
499
890
7
92
48
420
458
815
421
777
674
518
48
330
400
954
239
90
222
519
695
590
158
382
263
378
771
159
270
198
699
120
87
57
211
486
477
668
652
249
796
325
118
843
7
517
148
245
606
369
763
652
310
272
385
924
649
155
82
270
352
132
389
791
189
951
628
17
970
280
265
117
956
734
312
962
250
459
207
207
180
321
858
489
593
242
413
593
749
846
215
452
978
603
242
166
906
870
534
227
501
150
344
456
883
655
418
132
465
976
338
644
296
547
485
888
140
249
833
888
94
47
340
71
1
933
588
906
802
121
485
654
270
828
110
152
834
879
635
650
854
972
646
501
518
130
389
10
730
573
897
823
619
236
246
619
169
185
877
322
306
361
976
927
540
437
431
373
315
65
22
520
389
667
20
906
148
760
267
877
332
164
52
950
751
649
921
271
833
797
593
490
509
920
417
48
356
847
420
22
263
793
893
651
812
912
909
959
24
175
188
707
338
239
9
89
887
929
359
71
77
303
561
585
574
977
632
281
175
403
654
437
195
546
440
358
810
348
317
833
522
504
539
212
94
547
652
332
827
362
402
903
17
962
839
590
290
470
871
816
224
524
605
771
70
44
128
231
743
796
63
264
651
953
827
744
852
478
75
678
192
829
933
208
142
771
797
432
593
667
599
816
543
203
938
964
598
66
194
340
213
256
956
864
560
782
607
411
612
34
89
803
214
373
10
355
143
806
138
735
825
737
903
719
291
840
682
889
257
227
228
470
834
183
333
393
317
291
804
928
676
244
730
889
616
91
244
110
248
381
845
424
117
99
142
408
290
175
648
899
401
875
368
234
410
52
979
78
694
782
5
370
377
86
258
344
528
853
453
775
234
649
199
702
747
692
461
37
867
108
935
619
335
654
205
96
57
183
173
750
316
529
119
44
614
729
387
493
581
839
267
166
488
817
868
234
509
680
622
727
788
908
697
474
561
901
569
969
435
93
719
750
621
189
793
586
269
531
78
850
370
696
367
209
513
234
442
373
266
416
99
405
323
147
878
236
48
798
204
834
242
274
936
862
815
728
799
83
611
228
284
980
923
651
188
787
236
981
159
501
748
609
905
423
756
134
658
155
931
213
988
172
839
923
385
653
3
535
735
613
762
19
944
37
21
131
175
256
463
334
109
211
294
13
633
49
147
642
555
429
206
543
953
44
817
337
696
819
872
783
783
985
153
726
373
173
208
548
780
23
233
888
233
526
901
217
927
399
858
481
827
415
23
779
459
192
468
506
10
691
288
145
27
792
870
400
964
430
299
744
452
531
631
36
408
883
252
334
281
461
815
460
875
189
590
685
380
57
543
742
99
182
886
126
974
107
877
289
536
175
32
339
57
15
374
816
249
625
150
882
437
316
341
664
504
282
348
236
691
890
977
789
72
214
266
397
320
142
685
208
668
69
546
76
435
920
892
683
896
393
564
333
708
256
348
563
538
47
798
580
937
126
368
360
339
986
756
659
479
792
218
147
860
763
574
294
682
465
977
930
857
892
614
916
148
961
479
37
7
628
968
295
754
687
6
444
672
761
454
151
905
671
649
764
434
222
58
467
39
386
396
247
629
9
163
128
321
993
164
328
972
131
622
77
170
628
521
841
740
974
991
996
645
991
760
78
213
169
896
251
906
292
497
534
652
11
662
973
3
177
652
975
660
625
51
829
252
923
21
344
897
364
339
893
354
450
970
566
970
217
168
875
508
665
761
512
27
422
836
30
950
487
356
961
111
758
789
715
681
162
410
929
525
100
821
878
550
142
796
519
358
963
746
218
979
506
729
6
279
564
35
580
402
742
541
512
851
681
226
531
842
635
811
366
735
631
244
636
772
39
506
482
1
251
699
332
108
779
337
738
694
371
318
95
464
858
958
314
890
184
197
732
170
7
97
256
638
692
891
761
82
749
242
435
999
292
766
459
422
102
196
115
824
513
561
287
722
519
952
612
54
148
343
575
507
791
831
496
835
73
608
916
821
202
350
172
493
115
630
267
216
825
381
391
690
294
677
411
164
981
374
569
480
716
143
986
859
325
481
693
398
89
608
218
290
310
389
134
424
370
400
992
195
133
382
884
426
411
646
941
391
20
509
870
87
651
208
945
976
688
989
725
128
949
294
769
258
683
903
681
404
302
24
598
786
758
833
563
168
831
503
910
850
11
131
288
14
338
585
341
378
573
65
505
521
358
274
778
392
528
811
796
181
186
745
967
943
930
529
110
112
384
371
313
746
502
600
759
839
184
451
216
109
515
73
629
225
698
759
968
225
921
115
757
106
212
723
49
493
604
510
604
987
881
916
732
382
867
843
572
51
293
140
159
160
212
139
736
909
897
703
485
169
818
241
275
381
316
675
873
271
184
476
257
416
743
340
149
609
534
721
11
827
860
521
338
423
660
73
683
908
127
519
77
296
111
703
676
426
377
548
48
912
375
656
328
469
996
828
78
881
548
440
59
759
961
396
533
620
820
215
879
947
733
955
594
844
657
270
621
385
169
669
297
896
324
976
364
671
803
793
552
703
233
962
813
545
358
346
516
529
912
394
827
997
701
421
840
357
42
812
94
562
832
742
457
508
717
173
178
871
317
81
925
901
43
90
445
752
435
960
280
698
354
459
694
54
879
885
762
272
697
207
833
528
948
642
35
664
814
565
887
482
997
811
383
39
900
827
142
686
139
774
384
492
232
429
897
110
314
10
381
10
217
565
889
164
206
276
180
19
840
66
853
188
228
235
579
480
61
720
517
199
493
252
42
76
681
290
537
994
652
917
355
868
834
243
383
39
518
914
410
709
331
262
249
911
496
827
390
908
546
906
459
391
158
852
466
838
142
355
183
793
623
537
12
456
779
746
495
649
660
904
709
990
517
957
900
12
783
641
271
681
899
729
423
56
581
240
245
74
594
427
866
217
315
229
672
93
974
518
93
985
773
154
975
289
110
226
652
245
219
923
925
117
651
699
524
583
938
120
656
884
898
873
100
212
101
123
656
427
641
749
411
413
902
737
54
363
315
705
607
533
627
883
1
630
933
524
212
871
995
220
754
892
92
205
103
545
327
758
323
319
858
733
732
759
470
785
474
784
489
432
668
468
315
20
97
599
543
660
469
889
231
574
780
675
778
882
219
457
991
541
775
849
625
858
959
94
642
784
229
483
216
248
302
882
267
750
480
161
409
949
49
992
874
180
666
4
413
884
460
404
776
234
604
400
444
914
846
85
698
426
919
913
26
572
794
292
321
625
805
82
573
853
73
799
33
738
802
797
973
613
200
748
198
155
499
641
69
696
726
766
122
996
678
499
568
823
790
240
447
594
321
372
799
393
522
183
130
323
979
454
935
179
553
484
685
52
125
753
99
202
518
572
197
547
70
116
721
860
708
520
805
28
891
955
773
412
137
254
86
116
708
372
646
260
855
330
663
979
83
762
532
952
333
729
851
755
196
571
966
903
90
770
283
332
725
55
743
213
308
180
328
15
903
325
627
110
7
289
88
441
402
972
392
87
700
242
841
247
165
806
502
254
927
784
586
3
190
680
216
497
212
543
864
114
220
842
223
226
130
663
666
532
634
409
970
685
3
810
283
167
967
784
420
893
919
357
896
108
37
111
957
248
5
172
713
576
13
936
801
142
598
818
25
231
579
994
267
581
155
549
99
121
333
518
14
603
227
261
63
263
371
19
862
727
190
574
303
554
509
455
47
458
625
424
40
203
417
306
135
924
855
233
44
539
750
409
493
976
669
555
590
391
925
803
118
114
377
420
19
237
226
66
47
850
489
86
52
257
744
538
180
950
770
576
840
872
984
332
199
653
887
789
43
811
943
160
277
319
931
295
908
509
712
954
358
200
391
762
809
134
299
988
83
69
563
274
292
899
606
490
551
492
630
593
654
573
105
930
243
387
577
502
895
640
807
253
840
198
366
1000
683
16
987
118
436
902
391
727
800
996
217
702
839
198
646
493
770
750
774
365
489
702
866
383
342
673
987
533
222
352
532
904
368
870
21
803
771
764
882
922
759
98
623
598
295
621
442
417
370
567
781
858
269
998
593
610
670
579
142
243
283
673
147
2
894
519
156
17
282
37
938
393
486
913
342
133
533
783
549
254
349
681
464
969
678
408
578
700
986
71
942
620
95
440
973
989
959
481
5
592
517
294
984
355
558
325
487
442
459
387
696
160
67
511
128
96
918
706
795
255
128
89
227
223
880
199
211
838
679
215
782
548
508
117
902
418
794
740
859
252
126
554
763
544
416
891
991
333
948
138
940
75
226
166
297
105
364
859
295
395
425
428
942
285
544
195
702
337
286
560
941
763
466
703
306
881
945
296
566
244
785
505
319
10
670
967
467
385
178
113
779
602
540
72
886
435
618
587
772
903
147
712
17
612
766
674
844
711
322
409
954
106
913
624
116
934
943
934
319
120
46
449
721
937
873
607
371
842
545
494
745
43
557
113
654
323
787
850
385
108
258
690
213
523
314
680
456
608
613
126
727
10
575
799
298
799
757
669
640
654
162
736
696
719
849
350
393
635
551
777
742
808
818
954
330
483
634
138
90
598
263
168
960
189
319
257
987
427
277
627
80
439
714
776
509
562
477
253
196
27
381
289
834
198
595
516
681
580
653
122
177
267
290
136
456
960
393
794
386
669
772
466
459
486
241
319
47
717
571
595
743
303
235
928
501
829
443
533
408
447
654
937
714
295
72
521
254
816
314
640
837
86
457
647
923
697
318
969
765
240
915
859
543
150
138
43
330
581
927
738
379
580
674
444
227
97
316
480
265
630
471
101
67
279
99
989
327
416
309
91
656
224
301
198
725
439
592
54
371
518
791
749
449
816
545
675
265
860
507
529
841
329
981
259
608
431
247
934
847
908
377
502
131
677
51
207
467
642
260
837
511
403
938
311
570
482
986
834
693
844
714
534
524
46
792
131
477
391
417
323
298
793
176
780
821
226
986
288
219
597
476
81
999
413
391
569
894
728
754
939
571
468
472
95
865
615
577
341
357
993
15
6
137
190
785
310
767
122
949
337
719
424
417
69
837
808
989
82
535
743
20
458
562
843
552
426
810
128
767
166
473
781
172
961
323
308
270
89
782
218
778
500
994
194
920
830
1
909
263
888
651
283
345
564
477
896
989
286
375
107
452
199
888
975
160
562
282
781
2
63
351
779
914
344
973
186
525
325
94
787
212
96
421
556
659
898
803
999
183
178
106
634
728
345
960
887
906
242
20
259
656
370
38
922
65
362
107
589
686
200
727
250
647
148
805
657
45
608
655
579
137
760
565
864
456
524
103
713
117
474
972
773
843
361
694
259
722
152
199
759
703
925
8
349
424
813
5
820
772
11
399
908
771
315
123
578
838
225
291
955
698
262
79
892
974
124
502
695
275
700
805
977
977
813
677
752
977
681
572
748
691
322
7
813
636
481
743
825
706
33
779
755
646
209
999
619
332
852
665
606
552
469
934
880
633
610
983
609
642
906
708
685
227
66
497
214
547
239
39
604
623
169
358
268
378
708
886
61
560
550
19
463
371
952
694
3
914
676
612
555
582
671
239
160
737
88
726
283
678
764
886
301
284
595
568
13
655
806
74
214
707
92
28
77
395
721
80
660
748
43
215
329
713
805
841
449
892
566
83
922
681
320
222
964
915
141
329
921
298
402
486
5
845
513
433
591
585
512
251
332
554
817
13
619
621
853
67
865
770
502
786
450
821
359
765
87
851
93
7
149
846
492
505
42
4
937
633
940
801
235
272
706
51
284
324
23
488
743
239
257
244
24
706
64
734
822
151
585
915
509
733
112
1
589
154
356
525
138
296
677
724
919
383
126
202
706
148
41
448
387
297
691
762
354
107
496
175
609
432
441
117
516
553
117
104
58
825
980
547
120
657
270
38
39
747
591
96
894
631
544
632
279
586
746
632
692
593
806
300
24
599
769
539
503
237
642
560
61
973
458
532
629
79
921
19
825
511
115
70
493
658
54
771
595
799
754
287
391
560
938
766
510
706
656
12
943
297
571
3
621
380
887
250
458
807
268
282
670
382
351
162
391
404
285
986
554
38
624
296
949
561
61
458
619
716
469
913
364
391
267
985
770
153
586
227
960
853
860
629
587
563
142
329
966
426
314
872
464
289
167
412
850
580
870
820
647
690
732
363
81
998
347
202
503
284
781
462
488
640
442
74
202
583
403
520
9
68
743
824
357
909
235
558
840
456
729
487
146
460
849
578
809
547
131
311
830
911
124
317
903
565
743
456
500
497
975
860
916
69
683
272
978
269
181
169
725
909
655
222
720
855
151
529
753
281
191
582
544
667
251
446
583
345
901
82
193
228
293
108
296
975
732
625
596
912
794
320
173
800
893
244
7
43
772
759
675
315
693
218
981
295
15
563
639
268
997
831
847
289
938
494
616
21
471
211
933
264
882
457
415
774
700
773
168
824
532
194
490
224
764
470
518
778
384
508
45
732
338
243
21
627
737
988
648
207
198
932
822
79
740
588
204
439
361
723
614
892
916
103
467
31
572
336
809
308
843
205
39
532
800
411
510
536
398
157
742
595
440
915
25
179
502
580
970
862
302
583
105
570
686
571
952
609
906
760
916
100
317
955
631
116
365
141
3
115
649
744
709
89
10
86
619
511
665
588
373
319
171
829
240
208
400
191
816
657
303
732
757
971
38
739
86
754
879
440
868
880
183
929
320
544
366
938
54
30
878
778
700
400
607
939
607
6
482
422
14
136
505
770
106
894
509
543
1000
739
982
219
618
516
499
289
59
864
579
112
246
456
242
945
855
848
236
813
205
69
586
218
204
443
340
309
688
200
203
687
938
184
258
908
51
756
196
109
972
774
572
217
581
813
513
787
12
100
599
216
168
185
786
371
979
125
31
666
324
233
705
613
768
962
520
170
69
68
278
392
193
202
960
774
366
473
912
378
572
511
945
740
47
730
462
25
854
845
42
529
429
746
142
549
59
13
718
128
432
996
871
625
549
831
750
914
303
661
291
226
523
236
317
569
965
779
945
171
975
339
51
403
84
544
951
143
557
669
622
988
16
844
964
564
674
65
477
328
726
120
554
600
707
870
521
671
1000
465
193
326
155
596
729
239
139
31
733
695
699
706
35
66
549
350
629
575
415
458
902
492
929
455
91
635
677
611
657
28
428
202
706
582
797
434
820
935
816
904
630
515
961
16
932
510
365
913
84
131
370
337
622
650
144
713
284
172
323
940
199
750
141
256
332
937
689
503
224
505
759
205
371
719
220
302
228
936
214
663
67
935
1000
688
584
143
400
219
314
75
511
864
824
651
120
507
940
160
10
163
16
120
367
738
838
938
392
418
873
957
432
291
244
431
979
179
925
730
398
590
804
908
806
628
910
277
486
201
788
847
715
156
966
433
893
804
370
636
221
595
593
4
885
188
435
863
366
711
945
763
653
748
22
458
727
932
86
213
132
873
59
847
28
25
279
273
180
1
908
752
595
852
755
831
39
541
46
757
252
990
519
256
737
893
713
464
824
150
676
307
22
86
153
402
110
784
674
641
784
933
392
730
137
147
560
527
687
605
283
290
594
154
545
683
46
609
146
869
758
173
527
132
258
680
533
720
815
558
360
950
842
752
31
978
250
942
505
936
547
139
226
492
292
122
526
337
731
671
557
840
195
84
323
453
115
207
524
281
116
883
230
958
986
260
287
235
201
791
171
99
930
748
943
573
221
820
910
303
491
818
143
37
253
817
841
367
24
364
999
139
247
228
448
232
839
735
467
392
525
989
842
806
88
136
379
308
956
640
611
798
457
105
834
62
921
675
428
296
38
427
435
636
6
882
220
197
616
686
940
493
26
781
650
113
269
380
772
224
19
382
373
828
838
206
889
759
232
668
54
270
446
840
257
804
722
476
1000
689
513
291
533
538
71
183
2
691
562
774
914
581
507
638
760
345
844
648
455
75
667
860
696
113
700
305
916
773
780
267
461
293
557
994
182
979
528
536
670
89
661
935
21
519
573
780
863
768
779
669
194
446
529
890
910
228
194
177
1000
325
443
812
969
351
157
503
329
684
38
350
773
50
637
793
568
209
925
783
328
55
451
521
852
331
762
761
558
955
937
909
632
731
721
600
81
229
102
410
913
491
111
685
540
747
829
460
307
105
242
634
160
44
155
11
375
916
124
284
223
60
193
854
791
265
805
223
493
259
984
405
749
95
441
641
841
622
100
148
726
693
133
237
736
287
600
110
555
723
394
777
134
938
982
276
202
786
499
46
396
482
451
145
576
243
785
769
864
236
268
942
928
400
178
663
687
777
125
593
499
870
369
985
807
702
260
8
839
758
405
235
592
207
731
519
450
867
287
665
102
554
606
29
954
136
43
992
912
519
584
763
388
304
99
194
5
358
553
195
468
958
429
59
164
159
577
965
25
864
630
478
769
587
858
74
722
901
417
986
771
352
100
159
655
198
704
11
555
257
206
374
566
634
432
729
145
361
694
521
576
675
999
344
261
856
770
983
108
186
320
879
538
419
37
544
616
740
555
522
348
112
248
913
745
679
994
241
391
39
762
966
713
760
662
973
615
431
307
723
968
626
953
857
396
989
401
363
80
307
885
780
418
132
692
514
162
37
755
553
75
868
870
787
627
531
112
593
961
770
667
281
748
619
137
143
959
889
506
391
195
742
170
612
225
213
126
386
602
232
290
676
99
160
815
77
690
278
21
3
47
688
635
794
658
771
289
969
660
794
711
854
535
232
818
759
796
943
496
397
526
138
73
624
297
239
700
338
516
720
692
914
759
326
60
769
449
348
89
108
493
799
313
27
30
482
137
825
776
984
222
301
121
646
276
769
236
975
107
103
47
150
16
157
476
427
277
276
126
365
735
618
163
399
996
544
881
132
721
656
116
294
309
236
939
584
5
526
911
463
628
309
612
995
817
439
422
94
714
547
810
448
165
325
847
160
868
79
644
588
86
111
881
394
698
171
978
54
696
888
516
675
548
480
670
364
270
91
457
336
989
267
135
505
591
333
17
810
411
660
398
497
122
630
890
819
153
219
873
200
106
388
875
653
219
544
17
489
986
825
824
974
443
958
831
33
291
847
195
53
858
944
549
979
573
791
797
77
9
669
277
467
409
151
471
979
46
839
467
31
664
642
356
106
952
186
491
594
384
685
646
593
628
547
571
552
337
720
981
345
740
257
811
500
759
282
479
804
120
297
186
135
939
893
593
242
79
83
835
814
119
832
407
98
378
329
1
714
48
981
59
140
237
221
639
995
854
117
150
326
414
335
460
704
228
52
945
658
486
131
823
956
962
581
53
340
910
54
53
309
34
463
448
623
36
87
617
889
203
119
214
968
805
26
671
384
429
967
41
915
449
216
870
411
796
275
102
705
328
506
14
713
969
813
335
356
899
304
244
102
422
810
421
578
835
92
962
615
410
354
529
859
569
751
621
365
377
722
421
56
227
786
768
547
599
455
902
497
758
498
950
531
307
723
108
493
166
421
107
575
775
988
785
343
90
405
59
466
126
832
873
705
617
992
251
567
446
505
416
555
2
717
437
308
439
897
152
604
317
258
531
91
597
315
786
686
72
196
503
549
27
375
253
996
719
856
914
164
360
329
71
713
398
507
20
836
755
523
792
72
780
322
514
729
988
651
414
59
847
269
608
225
995
212
220
713
419
134
229
778
814
299
490
211
157
861
399
912
383
190
335
515
863
200
243
850
851
8
261
49
628
220
273
623
431
845
687
850
330
267
979
495
917
821
706
74
681
104
337
416
645
23
282
507
222
524
708
424
883
968
472
511
187
97
485
970
941
523
819
622
790
149
116
706
969
173
131
2
628
467
417
272
841
698
130
415
573
838
838
455
157
662
317
344
110
801
313
402
324
483
23
465
631
490
170
600
663
301
601
642
119
369
914
960
66
395
726
990
232
915
444
389
928
113
84
37
913
748
438
588
230
812
52
860
302
574
811
316
874
411
957
344
779
222
655
196
617
380
185
200
295
981
940
222
93
23
611
357
770
48
945
999
212
348
211
865
273
21
180
498
784
488
842
562
710
496
110
678
228
294
877
522
274
817
95
366
191
705
723
961
105
19
311
316
718
873
180
343
894
711
840
677
198
33
590
259
529
699
936
756
345
165
629
618
333
75
336
523
132
410
835
236
780
498
903
849
370
434
191
615
496
383
643
693
415
233
304
943
283
591
50
627
107
30
597
439
105
932
314
588
693
148
175
472
997
77
320
367
862
863
333
357
245
976
401
659
560
704
954
194
647
355
821
753
385
417
192
841
700
505
428
392
4
954
215
1
30
886
719
243
748
403
599
344
730
351
3
289
407
956
835
53
662
655
157
46
423
700
238
474
556
17
217
560
970
431
912
351
668
982
593
416
384
543
759
114
894
113
754
652
420
588
704
82
594
212
479
368
912
717
841
467
733
57
378
703
839
641
405
507
974
998
274
358
892
32
823
137
497
576
788
916
516
843
997
109
55
476
477
318
544
669
136
276
78
866
330
916
858
735
774
832
84
399
189
327
783
363
464
279
290
603
194
805
446
543
914
852
18
742
521
913
410
656
188
839
873
870
755
731
956
880
562
391
279
102
717
413
464
532
691
753
135
236
910
932
778
175
135
147
916
655
59
677
662
599
516
535
468
622
265
423
853
826
165
483
279
881
895
94
765
585
846
899
821
755
182
598
281
316
97
196
970
155
225
631
753
740
165
572
361
781
346
565
958
510
48
236
743
942
329
507
527
527
405
699
633
938
648
914
253
744
461
574
251
685
556
355
424
73
927
136
853
624
701
811
134
748
398
876
689
727
382
567
605
138
265
237
75
265
502
679
8
963
252
610
647
159
965
423
231
243
558
84
866
610
246
351
357
643
226
398
721
959
964
325
448
581
914
522
845
415
552
204
377
155
814
376
314
778
798
896
372
355
331
237
965
576
588
673
571
165
422
643
124
738
320
571
318
233
445
514
999
348
717
728
503
882
103
168
11
900
63
382
606
394
971
922
321
558
595
243
74
368
886
197
105
557
120
422
789
916
287
139
263
356
866
117
237
968
284
248
219
347
629
177
92
599
98
764
508
44
7
582
412
892
130
516
800
601
290
588
516
576
78
131
931
944
247
168
263
531
767
834
229
747
10
672
698
107
435
205
503
441
138
914
684
268
429
483
220
70
422
736
646
500
866
928
795
464
447
409
346
213
242
574
960
251
597
657
710
32
213
212
824
351
477
508
970
257
342
189
327
764
276
972
615
493
899
409
957
346
169
302
910
411
228
221
13
824
877
74
855
442
637
679
792
113
538
113
370
879
301
696
994
577
19
608
69
269
368
377
966
537
679
876
299
906
96
663
81
325
737
936
766
725
966
909
838
855
21
559
85
673
606
79
601
624
686
22
244
406
398
210
294
76
437
592
333
884
254
414
560
342
701
325
67
18
585
256
872
605
814
308
630
419
386
230
394
424
251
637
181
1
198
474
428
634
65
761
870
670
526
429
364
578
754
430
595
690
37
818
295
202
125
924
620
863
505
365
286
756
1
466
756
199
939
183
184
355
295
53
24
820
482
739
397
587
168
343
276
556
512
922
757
637
845
728
851
702
92
488
457
445
305
564
995
595
98
178
949
393
231
324
564
64
63
313
650
582
7
925
490
519
847
246
507
43
326
357
96
769
844
552
565
148
467
559
742
565
737
42
309
319
717
224
734
779
536
383
713
895
659
202
413
857
799
919
252
124
627
347
245
470
251
809
969
717
368
62
633
456
455
293
126
171
517
859
302
404
593
14
298
251
567
710
460
365
980
711
841
606
409
85
427
659
893
395
728
260
808
712
67
262
5
192
433
873
402
734
628
994
747
926
597
665
987
56
29
967
118
869
924
526
953
351
537
198
745
616
457
905
327
876
166
683
67
598
555
821
331
183
814
429
460
410
445
446
817
474
764
934
342
688
812
647
390
700
844
486
315
652
390
993
879
556
676
298
153
582
118
836
116
931
616
575
693
61
373
861
886
488
147
579
527
958
225
916
657
420
402
323
424
791
315
302
346
342
951
851
924
68
38
391
351
653
966
43
65
690
255
950
529
401
529
56
358
105
323
366
877
724
40
652
867
355
305
564
696
256
414
971
323
451
362
673
456
679
67
872
720
322
174
248
722
702
655
432
158
978
149
386
53
189
37
271
895
342
835
942
949
600
265
271
403
626
296
210
656
714
81
375
387
254
974
461
307
981
244
817
310
392
202
362
932
239
985
178
932
819
472
880
770
736
502
172
713
149
381
368
215
462
742
601
67
67
61
374
47
656
190
356
48
743
70
331
981
54
861
264
224
332
495
993
67
997
165
779
497
545
146
711
358
239
664
425
305
724
150
704
732
339
59
779
81
128
461
414
181
321
29
756
652
524
749
70
872
913
848
368
809
345
431
167
935
94
591
240
169
740
943
900
430
353
30
862
833
843
627
13
163
656
121
167
531
869
236
402
781
436
121
589
780
551
107
715
996
697
306
165
788
600
416
569
304
446
431
136
288
57
501
802
64
621
968
594
489
556
347
621
991
468
209
122
370
316
188
718
364
845
234
504
444
649
72
100
446
502
235
85
911
735
887
326
355
206
920
843
113
618
815
455
437
376
577
159
691
116
876
406
961
109
909
756
109
333
855
555
834
90
991
96
176
877
774
531
435
45
725
547
662
540
2
99
915
930
257
957
397
484
714
357
944
975
465
52
307
671
958
492
760
949
940
288
825
713
818
611
757
894
510
418
785
863
868
51
144
476
7
540
959
73
249
902
47
713
954
353
383
911
196
495
211
135
782
388
847
951
998
603
196
507
373
981
721
240
31
864
68
390
404
26
814
652
280
860
716
233
564
450
495
759
296
706
246
77
93
444
379
442
47
575
301
771
907
21
362
289
885
429
678
288
455
843
291
86
702
358
318
617
807
164
728
103
221
973
531
665
416
910
459
814
836
759
936
94
779
298
382
15
78
412
302
884
254
944
969
308
301
638
924
460
154
3
562
374
327
92
391
95
353
849
908
540
607
196
633
737
845
367
752
922
778
405
158
383
349
126
690
1
764
614
460
917
968
373
642
295
465
32
389
169
880
648
61
838
843
45
575
687
411
326
961
540
730
118
923
430
595
612
431
358
577
242
626
545
615
620
839
431
651
227
951
883
226
11
720
69
56
294
107
818
971
419
358
53
888
280
482
483
891
264
192
468
506
818
364
472
437
202
902
439
780
852
321
5
863
393
425
270
38
884
87
361
302
444
413
190
723
894
672
966
158
863
785
15
32
148
486
820
701
387
259
480
590
931
836
804
675
613
73
65
496
160
425
797
955
837
338
30
730
361
995
239
576
131
605
607
278
442
779
978
180
389
809
770
319
996
573
346
608
646
410
455
157
834
604
463
670
941
492
751
654
838
342
229
968
946
835
597
388
613
926
567
1
734
688
672
82
261
369
41
258
778
496
766
963
99
228
632
391
72
734
44
909
75
272
229
373
459
825
112
423
751
30
776
836
718
447
269
330
167
310
587
944
805
704
258
255
931
241
645
354
974
41
263
401
312
843
125
770
19
236
193
769
617
968
957
686
766
225
15
284
886
953
579
690
656
836
296
939
76
293
644
401
333
258
801
644
100
277
766
119
864
310
239
481
277
195
166
394
772
533
29
657
837
607
699
845
442
994
783
869
286
778
269
970
36
422
614
135
698
379
605
562
688
844
42
316
390
559
61
161
443
89
170
280
695
220
124
488
213
258
356
851
35
976
820
70
397
785
557
95
515
161
656
554
4
49
869
394
959
281
906
402
721
75
33
767
294
156
254
859
765
961
61
799
937
232
221
333
17
777
427
883
937
434
437
941
834
657
686
793
938
591
546
10
666
578
777
311
85
382
521
849
343
581
999
279
165
219
963
181
995
742
415
932
527
851
224
361
508
909
505
797
499
50
806
516
979
582
179
63
964
699
263
306
632
261
936
796
480
250
328
826
343
742
109
870
593
332
230
100
240
734
896
91
135
53
958
113
635
136
527
598
187
789
255
818
401
542
613
232
143
940
58
486
681
166
355
273
850
584
724
441
669
971
531
803
24
841
267
10
976
793
959
162
933
213
331
333
106
943
565
248
882
622
85
915
139
439
539
988
374
263
429
394
585
311
196
960
151
814
969
479
606
927
992
538
491
323
223
596
265
787
196
499
408
632
413
898
71
951
886
796
565
314
190
150
976
737
109
127
551
78
605
508
356
596
398
847
918
620
794
535
406
341
33
165
973
797
62
395
747
299
190
664
964
731
813
940
820
273
66
722
702
22
229
58
969
978
256
239
597
49
773
354
742
157
870
714
953
284
108
699
582
649
714
898
732
878
837
551
151
254
624
204
627
204
613
595
182
868
833
130
269
605
484
10
761
705
75
65
988
534
116
922
534
829
819
265
707
7
167
209
260
790
412
238
994
25
832
527
244
665
656
864
621
491
225
734
196
651
798
535
184
913
808
70
94
978
334
800
984
853
8
595
994
419
832
339
795
664
865
391
680
873
606
652
363
831
737
910
833
535
797
17
799
604
86
892
582
771
43
917
975
50
512
321
821
695
659
967
710
876
709
389
748
315
393
462
497
129
724
681
15
520
697
166
475
134
57
408
257
452
325
231
853
188
551
25
882
562
344
592
437
52
332
536
718
724
349
566
853
72
247
219
943
295
384
418
781
793
825
37
244
149
619
96
688
522
473
570
83
816
161
871
219
492
758
289
568
106
854
772
178
452
990
120
747
374
889
879
166
714
915
409
214
885
856
902
406
680
471
840
495
983
62
714
826
819
2
745
925
207
516
102
11
506
573
109
231
462
987
396
527
253
156
740
137
363
993
543
43
815
734
889
149
796
954
975
614
307
719
538
514
587
991
876
444
916
984
674
377
970
69
255
222
576
346
358
290
339
252
332
505
986
221
654
781
174
980
394
833
50
284
346
636
274
573
79
541
556
752
917
877
172
523
98
99
869
807
389
559
411
72
63
396
292
68
528
818
47
273
650
449
556
347
84
182
919
515
722
826
618
991
702
142
513
151
240
733
957
980
291
367
52
354
114
695
421
993
864
820
266
513
268
173
211
703
354
481
217
428
658
187
770
359
328
634
509
919
367
818
899
657
536
950
362
650
996
135
994
860
954
259
724
573
432
935
275
137
767
844
916
425
30
37
135
709
671
644
627
37
461
525
45
996
826
407
997
822
541
991
681
846
601
404
418
384
690
44
873
809
887
788
585
916
825
719
624
847
362
603
883
174
479
279
170
305
685
518
478
577
860
510
422
461
265
191
844
955
235
716
115
121
856
699
389
32
417
364
878
779
966
112
952
445
390
473
101
427
343
930
3
202
439
425
662
703
615
858
9
849
925
123
322
780
821
710
163
238
425
392
368
743
503
671
539
245
496
639
671
838
920
673
39
358
449
53
60
64
910
421
264
834
543
585
966
364
646
480
953
423
872
320
165
374
342
703
618
837
693
640
674
612
313
65
969
761
117
380
176
26
800
792
211
695
728
528
410
726
8
362
148
879
33
312
604
374
366
574
211
58
213
236
669
877
300
989
990
768
720
165
145
872
956
708
566
36
235
975
761
242
336
908
472
720
571
76
93
936
649
655
345
213
243
365
90
894
353
79
662
424
595
806
295
903
513
212
938
100
186
698
341
873
957
165
592
527
240
37
814
240
43
158
804
285
522
893
179
226
323
840
649
918
997
296
172
862
507
109
961
45
158
301
269
114
817
213
640
408
601
453
647
643
962
803
928
483
695
458
60
370
649
60
639
645
355
810
506
214
918
466
610
75
119
878
540
935
90
531
695
690
335
341
685
296
495
964
130
190
421
189
911
69
248
549
65
603
358
571
168
627
388
777
53
506
654
592
793
96
122
487
137
456
179
821
751
674
784
880
215
556
420
477
624
667
25
689
621
382
611
788
8
998
564
60
856
570
3
1000
17
124
486
153
931
16
326
33
41
461
912
607
17
683
83
640
349
107
680
970
840
290
757
199
640
673
610
847
594
612
846
610
87
683
762
17
698
439
49
91
900
312
697
916
994
780
907
343
238
939
664
78
580
772
628
219
444
238
65
37
849
910
998
936
944
112
304
642
550
353
84
449
16
780
716
362
911
623
56
501
561
719
578
492
490
557
711
934
794
127
322
643
389
320
930
332
431
233
325
332
937
408
781
305
540
848
666
450
470
721
302
382
439
231
226
280
788
936
565
581
414
887
575
154
558
856
486
340
89
162
671
377
922
803
33
461
651
698
262
472
770
564
206
208
794
431
488
581
718
52
514
483
290
88
637
199
944
474
538
384
635
561
112
556
363
145
368
365
194
982
837
964
545
394
171
690
824
10
623
893
414
136
375
55
575
11
254
518
484
791
253
471
703
365
378
66
509
746
430
702
727
618
665
623
11
188
664
186
549
286
78
962
421
453
17
348
463
622
865
299
764
118
769
467
834
146
532
342
243
313
395
321
283
412
943
293
951
607
831
851
244
908
813
17
712
181
364
527
154
228
825
917
697
945
383
530
442
266
223
37
579
970
357
861
733
652
505
35
610
687
885
853
947
49
221
658
581
584
184
734
164
360
651
212
304
33
94
98
299
316
134
229
637
842
441
721
493
297
755
454
984
640
307
930
688
879
939
621
463
123
354
978
482
356
189
138
389
634
587
39
950
720
619
938
913
59
659
406
707
413
859
42
404
517
323
444
748
262
64
562
384
769
539
217
125
79
706
865
713
292
903
14
363
873
951
276
283
961
33
989
726
243
31
129
112
353
924
859
614
987
420
349
108
958
918
232
388
623
96
452
267
350
465
629
574
768
256
856
728
640
844
805
883
226
286
994
931
209
204
896
548
623
597
655
932
514
886
319
488
333
123
754
34
587
735
607
706
990
462
434
982
657
590
864
235
875
209
165
84
412
412
631
34
8
637
317
521
874
987
9
206
109
762
591
696
848
197
401
190
10
186
171
666
776
34
900
2
594
416
85
5
828
67
390
835
703
706
356
576
44
716
133
153
829
723
200
677
271
952
218
280
490
388
946
617
773
197
618
366
613
703
722
792
769
463
626
824
520
333
751
563
48
884
715
229
958
266
257
229
218
474
508
707
213
805
675
985
354
292
702
966
346
775
757
467
237
734
290
756
67
40
318
466
275
385
46
233
650
302
813
219
127
320
277
339
477
951
323
830
595
376
147
940
150
255
406
386
340
47
493
406
439
811
224
713
547
621
297
548
923
109
767
401
429
43
740
257
346
414
438
940
790
584
231
291
190
637
29
529
35
521
287
473
683
862
186
229
482
482
777
404
591
543
805
371
937
896
979
634
309
416
573
450
351
804
741
540
792
769
420
826
289
706
299
324
567
836
552
401
669
328
156
259
222
960
981
511
207
311
144
516
726
717
317
428
872
57
319
663
177
739
840
818
796
490
141
715
325
44
115
994
372
270
604
945
582
937
455
788
247
599
655
973
667
972
752
890
380
71
904
909
809
743
726
956
233
218
670
909
261
784
902
984
406
858
929
987
794
735
126
40
685
781
364
703
104
116
592
835
538
495
743
346
590
820
301
822
389
323
730
650
106
984
985
511
841
265
849
986
1000
975
377
36
107
93
739
210
560
682
396
97
529
139
442
118
310
94
939
699
416
20
348
874
3
332
736
195
597
585
180
948
911
557
335
369
649
73
578
560
107
325
656
635
463
449
752
125
542
690
823
310
709
522
183
64
205
270
258
153
206
438
100
116
346
435
484
346
859
413
905
965
738
560
599
552
8
702
28
901
391
850
562
452
371
96
867
576
366
124
728
571
913
180
39
258
966
874
955
176
639
859
493
728
770
443
279
129
145
659
382
887
508
943
690
231
39
556
806
756
680
885
326
944
416
716
554
733
590
508
909
228
719
401
955
840
843
585
321
339
243
702
226
103
644
915
333
34
471
490
789
502
726
467
445
142
182
998
226
123
858
134
350
928
886
656
767
81
241
87
419
835
788
644
937
784
911
269
169
381
758
958
234
484
776
678
977
957
28
202
80
885
688
781
812
925
437
930
357
29
17
776
863
156
771
800
939
33
420
460
413
530
417
646
13
544
676
341
500
703
894
931
939
933
64
102
858
500
31
214
880
399
341
742
555
464
893
845
496
665
304
261
194
72
258
558
615
933
898
467
987
791
749
277
76
812
378
933
663
761
498
542
159
191
636
65
6
880
910
501
544
565
113
89
989
371
646
603
655
543
421
994
686
170
270
761
333
1000
45
996
112
894
889
270
436
876
335
441
756
596
942
651
160
54
740
148
776
385
103
431
280
875
776
317
44
45
429
729
396
825
76
507
718
964
129
154
840
463
946
947
410
887
949
921
293
688
421
420
425
523
202
56
749
977
372
793
374
800
873
769
624
948
628
693
263
756
198
454
570
144
400
979
382
349
899
26
388
671
446
164
545
999
219
294
976
590
438
701
741
310
469
364
257
448
409
871
203
606
325
772
101
724
102
483
424
353
508
164
23
305
327
568
304
546
861
631
487
650
331
228
959
151
943
567
599
351
437
801
309
761
925
409
837
26
891
612
378
751
775
753
55
454
320
710
351
532
340
837
533
670
64
491
173
7
409
771
357
197
923
17
958
847
426
146
873
316
757
602
418
884
354
473
689
25
182
39
908
874
875
440
895
939
282
67
297
690
837
5
887
760
22
196
606
447
693
830
114
801
784
532
684
489
356
724
514
889
762
773
762
637
213
657
927
846
75
223
888
912
579
126
23
600
321
980
46
13
162
512
813
945
43
849
433
398
572
298
286
686
71
400
674
635
408
600
480
482
174
719
393
752
844
767
352
516
747
749
880
908
612
693
852
654
893
636
403
816
934
41
853
4
440
526
990
847
125
821
328
650
540
73
402
383
839
105
899
585
205
778
844
817
822
47
822
66
683
225
882
616
617
734
971
56
612
960
254
736
780
933
738
319
5
139
54
196
595
952
132
799
81
976
967
903
22
789
968
56
365
201
671
981
287
641
388
898
952
641
985
732
925
722
402
282
212
455
477
158
758
960
957
839
287
923
741
661
63
60
716
427
261
387
407
899
379
794
148
683
786
484
766
711
206
167
992
769
974
468
927
731
779
235
569
66
509
309
726
572
369
441
998
981
179
405
231
910
198
378
592
336
213
357
46
770
875
37
539
848
856
817
579
634
51
147
51
559
808
776
130
176
569
128
508
99
884
90
8
433
819
951
768
31
659
813
801
534
201
691
381
408
507
311
394
557
458
444
467
265
220
949
792
140
76
651
238
311
740
598
743
910
548
511
940
207
675
92
740
876
782
472
283
288
783
676
196
592
472
663
208
43
611
999
182
38
1
419
700
92
16
442
1
916
304
292
122
979
384
213
206
165
684
840
805
818
516
1000
409
339
14
616
381
976
966
562
365
318
332
64
409
700
506
761
615
161
53
736
139
788
300
344
952
983
184
108
153
51
460
913
389
825
881
121
801
198
682
517
516
365
581
924
64
438
37
678
598
89
765
89
876
64
432
179
399
967
639
551
369
98
815
109
922
695
229
74
893
910
591
408
275
171
683
338
960
719
368
557
159
132
645
386
196
429
917
594
395
555
496
116
652
310
224
573
357
453
647
249
714
589
8
988
759
42
678
70
113
397
626
623
528
623
9
75
403
925
20
149
479
515
264
482
177
488
406
533
940
404
133
653
992
492
993
102
885
22
171
997
418
149
972
297
771
332
372
173
608
391
673
438
258
937
919
434
424
324
966
715
80
450
719
71
941
711
173
825
84
343
174
853
491
497
150
613
828
521
137
435
263
810
872
520
98
142
953
521
465
270
587
896
719
305
967
11
368
491
188
451
833
713
304
676
209
453
640
388
325
777
822
939
938
45
459
35
186
763
907
2
33
493
898
103
797
216
466
164
706
653
967
890
717
270
565
277
74
205
664
750
333
837
688
622
881
146
656
418
909
562
419
293
406
668
747
202
883
212
718
940
216
684
830
284
953
746
560
378
302
223
127
634
59
814
607
291
312
262
708
220
175
479
864
932
498
962
134
733
174
203
672
741
886
501
25
190
599
584
919
900
159
45
886
217
210
492
860
521
106
567
92
280
397
955
212
895
917
697
979
442
899
650
534
136
503
558
677
101
494
595
352
652
639
237
220
200
729
79
721
834
998
812
465
394
119
28
640
35
76
618
828
326
620
361
461
474
919
489
926
412
83
277
415
73
514
634
273
594
713
993
779
710
156
243
103
274
623
95
308
698
64
487
24
683
848
836
508
118
325
433
881
759
62
295
832
927
928
456
872
640
800
650
701
955
244
156
581
866
250
240
564
313
727
939
348
574
774
207
691
98
640
923
857
53
217
40
979
144
847
850
136
998
851
836
304
94
991
884
960
592
124
875
257
850
813
956
775
586
162
817
36
153
739
244
557
955
635
535
450
481
736
937
830
938
125
133
32
467
17
343
59
492
217
667
341
29
622
115
966
135
283
1
288
21
596
196
327
230
731
128
62
818
65
891
756
189
24
139
655
392
481
65
883
697
731
575
77
704
41
42
839
323
395
478
695
990
673
21
220
755
148
633
925
212
524
32
752
899
170
407
290
650
823
524
346
554
98
422
609
138
815
447
812
209
276
506
551
301
526
122
407
25
754
331
237
277
362
340
527
531
98
816
532
921
691
229
474
788
650
434
277
817
881
88
377
508
593
927
160
470
48
567
495
802
897
83
430
611
422
957
493
520
124
25
440
167
253
265
954
255
698
583
71
930
670
799
790
615
726
949
84
125
515
930
278
764
12
708
374
786
16
218
657
491
594
448
657
199
64
963
453
113
545
875
43
566
25
184
180
750
132
616
875
999
545
152
762
909
211
487
46
578
56
702
69
650
501
77
848
564
39
652
676
583
878
70
501
902
605
32
4
737
647
878
87
544
381
848
804
592
686
849
169
741
902
237
742
754
666
589
669
704
592
696
639
469
766
139
723
722
170
726
810
169
955
896
64
335
95
867
926
780
67
447
873
320
35
614
73
700
555
741
404
146
436
394
967
553
532
689
275
53
766
436
221
720
332
284
54
778
502
332
558
568
778
782
239
812
395
311
512
301
403
267
447
191
660
765
95
543
805
721
595
570
157
168
641
840
803
694
617
305
377
526
224
154
307
815
318
54
477
181
354
880
447
152
422
106
916
516
1000
720
237
594
641
745
113
281
584
916
327
200
572
703
726
147
857
384
961
526
437
438
706
791
669
152
294
442
609
210
957
960
281
545
553
922
289
18
554
224
285
880
424
856
583
501
354
791
884
667
316
321
456
373
463
476
876
108
917
484
317
225
795
950
770
347
223
410
716
776
634
1000
656
409
207
238
261
561
380
144
579
47
816
386
419
630
861
294
738
777
129
406
1
923
355
122
621
577
532
337
705
517
336
360
277
543
949
537
455
328
32
385
374
200
770
144
829
630
437
918
758
565
324
110
487
30
232
107
959
115
443
663
983
131
374
611
673
322
499
479
1
530
863
726
729
632
869
910
613
657
827
722
221
502
831
707
532
414
165
842
528
608
504
862
738
229
472
762
902
970
592
902
852
454
979
932
437
199
841
401
855
20
122
75
521
304
133
404
718
297
597
597
256
100
459
345
680
282
458
581
604
49
834
807
854
812
738
290
362
931
42
216
950
163
642
822
467
774
578
536
423
174
132
678
626
942
375
305
224
832
886
179
233
719
985
86
883
722
728
244
652
769
460
953
284
101
127
102
227
704
637
649
229
768
678
854
710
404
511
285
588
748
463
820
818
447
905
700
168
984
296
172
753
107
476
388
559
602
489
785
657
125
785
886
244
815
739
953
218
601
237
805
348
51
976
166
497
881
865
17
216
160
188
320
618
15
707
177
617
195
961
273
671
98
158
915
912
249
219
129
849
808
286
549
858
261
714
355
493
930
723
709
90
262
28
707
276
735
235
892
281
196
517
304
293
26
218
204
626
788
684
475
595
969
23
805
582
88
159
74
17
233
782
458
494
162
517
121
248
751
13
528
946
881
183
590
906
400
145
532
540
181
358
134
149
732
938
730
819
448
156
835
32
937
645
525
450
161
646
697
911
10
577
209
242
759
150
147
511
647
30
50
827
739
535
327
470
825
409
640
272
564
827
304
852
471
180
302
983
177
998
893
538
926
453
779
685
603
278
195
249
659
596
427
398
130
753
219
954
161
859
578
724
37
233
928
507
412
229
489
941
578
733
478
504
538
257
540
140
886
86
740
544
681
166
941
810
270
160
764
431
370
341
506
406
573
433
264
336
13
104
276
591
188
106
446
725
714
337
216
599
422
307
494
102
824
787
911
94
298
26
524
667
718
381
424
642
814
39
978
826
142
605
768
329
62
565
406
775
901
621
725
322
928
219
775
103
5
38
196
302
63
71
320
133
452
743
774
265
781
103
442
274
708
562
954
121
126
359
896
379
332
620
52
611
190
827
713
194
864
909
847
278
979
166
762
782
260
536
46
392
638
840
665
697
401
619
818
878
329
65
256
660
684
308
622
226
486
335
771
701
595
618
330
925
135
92
707
395
627
104
786
616
943
451
313
695
421
482
573
101
546
828
113
581
487
734
806
972
420
577
672
14
546
354
291
680
445
997
74
71
452
212
686
395
14
350
89
434
183
13
886
728
841
998
661
679
732
818
651
503
746
674
869
291
27
159
971
471
507
396
893
958
607
931
704
620
632
145
405
815
157
643
894
349
640
554
28
723
372
30
226
117
703
446
760
82
956
730
904
462
477
149
771
84
79
827
55
710
971
812
876
479
454
770
828
445
323
855
520
46
236
97
163
938
542
922
371
497
3
627
310
479
775
80
914
205
258
321
266
228
484
142
59
289
911
886
85
233
92
604
279
327
700
793
616
241
66
339
89
420
965
398
250
91
830
516
295
87
188
560
667
671
53
725
311
963
962
395
548
405
999
178
83
698
322
698
291
387
388
379
158
704
129
759
794
958
274
440
396
461
352
62
483
404
138
145
719
451
540
266
855
890
443
937
939
764
987
229
502
374
960
11
78
88
769
223
397
43
663
792
855
14
206
690
769
343
834
487
794
373
752
1000
614
546
289
553
661
275
781
162
1000
92
172
77
531
293
652
927
335
314
719
541
679
924
230
799
618
64
286
763
788
389
763
402
935
51
954
595
677
86
109
676
178
632
105
60
924
756
987
610
421
57
151
451
332
732
249
949
147
886
64
935
275
826
688
561
228
993
507
256
430
615
931
959
599
387
19
522
142
5
132
914
61
634
364
744
365
965
692
512
850
107
798
476
284
485
388
511
829
895
766
258
861
49
217
459
435
587
981
929
591
464
842
3
97
558
746
461
522
789
972
723
896
769
551
179
605
938
42
433
832
159
43
693
207
611
503
994
197
835
922
787
298
763
141
746
672
886
207
545
26
530
268
921
651
818
452
607
107
493
392
939
651
434
983
210
44
485
203
240
320
124
378
969
238
870
715
910
107
273
454
132
802
73
405
804
242
856
411
349
348
802
639
350
587
621
559
982
457
761
573
128
884
950
449
474
171
163
383
277
435
188
408
588
261
164
744
502
19
506
202
718
307
840
420
245
460
978
226
269
91
798
748
326
99
196
799
269
358
181
545
144
721
304
84
981
468
179
834
838
684
388
908
990
227
327
586
39
304
811
307
746
608
54
72
706
250
870
974
959
403
518
455
123
173
538
455
992
68
640
182
751
27
89
92
254
415
677
292
70
487
950
816
94
3
887
799
604
108
124
915
510
993
369
984
165
258
790
509
325
430
690
75
808
778
166
413
192
842
704
613
328
5
780
773
360
666
571
315
126
694
229
635
686
597
971
202
206
760
710
530
189
399
956
349
176
473
761
719
314
817
684
993
821
463
765
532
481
687
847
606
732
75
592
417
24
562
971
229
322
680
111
862
431
418
210
606
891
971
677
204
787
712
549
959
174
313
491
654
352
337
611
83
763
203
852
786
764
822
367
85
853
829
299
283
246
508
241
136
478
917
692
616
628
240
927
153
904
417
159
255
105
769
690
867
971
541
653
87
714
19
523
566
199
821
849
444
329
441
580
158
709
271
126
688
862
52
840
117
820
998
724
924
119
413
790
441
305
442
527
18
812
50
935
10
222
135
806
902
575
385
60
283
7
537
322
220
940
162
336
759
511
411
682
981
175
471
422
479
265
948
848
428
349
783
790
571
269
595
472
844
331
883
478
689
771
800
260
710
313
947
468
823
358
501
804
532
324
577
363
940
524
210
367
225
344
508
795
613
454
618
808
136
853
285
176
623
84
435
333
396
382
152
571
739
653
726
622
328
302
984
267
177
546
985
401
241
493
547
853
298
165
660
434
17
297
961
991
732
396
675
480
777
827
50
867
831
127
488
158
428
824
424
956
369
408
357
609
252
903
814
902
419
473
687
787
121
647
778
853
42
804
332
818
630
381
684
812
859
524
969
638
347
744
593
715
504
301
675
107
556
488
8
974
313
694
113
785
693
242
637
734
45
968
904
27
700
587
838
558
462
159
195
808
254
140
874
757
440
901
216
347
740
223
673
52
269
785
837
961
378
825
694
422
793
597
448
492
536
638
402
349
148
948
157
401
87
382
510
879
282
725
225
22
947
897
425
567
33
613
527
410
438
573
184
230
521
631
73
408
620
474
757
767
422
265
168
860
646
29
90
928
753
667
949
699
563
725
266
948
338
144
357
775
716
540
4
237
523
428
644
494
902
752
261
675
16
780
886
662
808
976
941
912
642
241
610
556
965
227
855
302
723
212
76
438
103
431
26
977
859
670
471
112
773
83
138
789
214
23
450
373
998
390
284
991
630
245
899
946
824
753
248
546
316
675
983
771
106
9
747
316
30
569
779
802
3
916
942
216
938
391
940
288
132
575
630
113
820
528
59
995
633
658
540
948
332
874
718
789
234
817
456
615
737
234
769
740
149
710
307
439
453
247
726
584
821
355
49
992
235
459
338
867
468
877
166
151
103
236
292
336
52
747
951
788
333
719
879
833
428
186
271
880
432
348
816
604
55
216
948
641
26
285
507
493
514
24
995
616
259
286
951
662
33
253
802
717
323
680
549
751
217
172
982
1000
519
149
604
925
716
903
565
93
539
71
937
52
447
932
667
57
217
970
719
601
222
872
317
545
903
218
647
120
389
980
119
907
481
74
832
548
328
396
641
867
819
577
918
617
860
937
673
77
258
391
29
831
614
698
375
517
915
373
988
303
705
458
561
185
532
744
732
211
140
724
77
310
301
347
926
160
635
950
588
892
341
969
722
306
666
449
174
580
173
161
234
877
619
794
61
502
538
145
64
29
868
141
690
520
839
967
32
473
916
971
716
608
939
789
914
604
237
87
535
410
600
768
286
570
914
699
423
803
195
486
831
414
626
520
934
816
838
317
640
753
287
355
361
226
496
626
181
732
64
68
493
663
187
131
232
100
829
654
902
23
140
84
436
117
955
721
285
792
37
924
545
676
631
257
253
126
234
433
209
297
852
702
312
39
832
543
490
12
549
392
386
40
827
821
508
782
894
792
573
282
68
469
957
698
77
209
175
310
994
383
607
845
436
918
235
267
812
725
278
712
468
663
103
294
836
963
427
81
754
1000
362
173
820
319
222
249
879
396
558
872
131
516
69
566
785
303
185
949
27
814
12
846
829
115
140
16
77
566
96
182
917
457
355
89
127
928
337
6
676
894
229
158
762
297
75
546
600
259
846
978
425
858
824
253
972
315
268
400
232
715
581
149
523
287
589
650
567
925
7
242
818
587
399
931
884
473
829
835
84
674
164
508
531
339
112
854
653
731
253
237
445
186
385
319
824
973
320
742
249
326
983
418
913
733
349
148
206
177
982
641
202
497
148
733
836
611
938
840
341
543
76
137
80
812
455
255
136
775
997
384
452
979
802
716
712
150
863
269
678
196
909
879
693
408
963
528
18
901
367
358
795
443
846
874
254
652
128
390
426
124
125
230
455
926
945
518
427
808
786
104
3
46
335
47
453
297
926
470
549
645
179
343
439
24
568
44
675
696
433
453
171
910
682
625
835
626
494
262
785
279
717
140
324
403
186
128
700
464
597
600
108
127
943
546
502
510
589
529
557
374
981
728
283
14
704
469
991
198
730
776
828
799
267
504
201
804
631
252
267
580
852
374
58
146
919
560
7
508
88
564
881
420
643
515
785
698
983
775
247
65
902
75
863
168
930
415
972
912
667
238
843
870
964
901
15
882
460
21
741
899
936
621
670
578
487
454
276
470
580
522
534
482
948
748
1
229
162
324
141
180
914
335
401
877
235
415
758
46
788
499
944
723
471
965
653
958
418
928
779
998
801
312
831
101
59
831
329
572
155
821
104
68
156
856
944
742
271
53
788
410
903
83
484
374
48
136
683
465
415
461
814
568
124
644
668
534
475
348
457
981
169
912
400
676
768
695
417
390
747
556
799
650
639
634
375
38
770
409
854
536
221
668
103
344
311
122
229
137
470
685
469
990
597
868
17
716
562
433
105
309
989
903
310
979
888
36
16
657
444
869
193
664
888
647
359
551
769
939
687
590
623
508
579
571
375
595
286
289
379
742
949
719
996
258
49
884
645
64
540
88
285
84
103
172
731
813
722
851
751
761
440
725
268
18
648
994
964
285
282
694
27
230
413
22
487
461
905
483
877
797
570
513
232
24
684
314
836
758
164
938
870
603
663
137
972
310
482
287
946
764
981
972
993
745
346
832
557
602
314
785
398
236
297
982
259
333
295
447
90
459
384
311
413
398
447
737
707
280
23
5
43
355
976
36
451
321
219
8
923
884
792
672
119
441
5
378
773
300
176
214
110
559
524
874
957
322
610
15
601
985
19
644
339
995
31
790
667
601
149
941
484
292
965
603
732
969
332
504
268
507
69
729
65
592
603
373
265
564
388
866
548
406
861
239
752
243
380
771
843
528
711
678
819
27
280
903
996
963
406
615
469
475
344
886
418
298
258
683
861
645
900
761
403
112
999
506
354
730
276
548
257
339
225
427
365
505
329
712
467
87
327
288
913
22
173
682
319
782
364
531
779
615
291
181
726
641
38
79
370
666
626
978
4
851
757
720
707
437
784
525
523
110
164
787
131
336
469
801
470
184
331
248
799
622
780
524
614
817
603
984
482
580
313
837
782
69
909
840
858
692
717
732
153
880
519
283
568
987
435
37
170
765
284
320
738
63
844
352
879
798
687
713
377
351
901
159
772
809
350
629
852
66
360
4
946
878
286
513
216
72
549
738
837
184
57
574
246
900
277
476
697
315
188
426
666
89
936
437
249
285
65
101
351
776
104
648
6
742
512
221
813
60
310
1
595
719
927
840
970
203
667
19
518
855
444
535
295
379
971
895
15
387
995
717
514
451
364
519
544
875
92
356
286
753
357
880
471
635
71
441
837
738
459
706
944
254
592
590
984
914
484
998
300
831
715
166
281
430
684
824
657
127
531
942
880
239
174
350
873
244
790
62
333
600
767
628
853
359
217
836
272
53
186
924
883
252
441
515
681
124
690
337
603
572
631
482
811
804
831
683
399
973
744
84
572
863
711
777
573
280
964
196
332
149
471
566
400
911
432
433
387
473
121
989
44
751
470
854
554
652
889
305
624
984
388
548
846
450
676
770
81
639
966
764
788
436
681
539
699
112
323
85
584
444
73
628
194
894
833
100
545
721
756
521
705
495
68
902
944
95
672
25
733
637
140
872
424
821
411
474
932
733
558
868
176
982
847
722
227
679
821
124
752
928
644
808
422
63
709
365
157
380
741
889
368
881
761
144
53
523
617
984
607
527
203
135
860
49
856
439
80
28
562
183
955
205
990
376
619
698
92
775
430
185
15
149
65
127
644
117
649
613
452
608
139
7
742
350
407
597
788
486
624
349
20
930
905
9
305
523
59
748
649
840
932
664
340
348
142
984
816
791
596
268
750
86
274
491
435
680
87
575
518
62
923
889
343
828
898
647
702
308
746
351
147
678
366
838
25
507
821
841
649
416
460
398
501
733
888
288
764
326
862
633
739
136
522
81
315
771
79
17
78
825
719
576
502
436
413
526
942
586
718
943
1
177
692
854
261
932
493
25
257
706
9
348
841
882
428
156
652
507
524
81
683
594
8
184
29
773
61
322
358
779
264
710
955
308
915
216
239
759
592
847
464
952
194
305
834
622
812
837
480
687
270
162
280
629
345
308
401
757
629
110
535
245
172
842
552
438
57
790
197
1000
636
660
951
182
964
784
803
127
973
282
813
242
795
92
870
491
751
623
247
380
84
134
976
255
975
879
693
383
668
889
382
655
548
332
836
864
468
990
342
440
623
155
33
417
598
254
259
349
876
506
80
960
991
55
566
965
285
258
347
304
498
728
958
398
411
146
261
230
487
954
21
110
108
53
878
58
659
137
406
886
994
837
845
984
243
763
300
527
20
646
830
870
725
139
267
487
636
879
717
123
832
737
584
292
142
813
349
800
949
106
685
294
942
882
629
536
644
928
62
15
925
243
884
649
381
150
488
17
28
204
491
212
940
74
503
81
886
203
880
187
308
917
832
601
798
461
488
441
740
549
455
665
791
691
665
523
840
152
539
220
355
29
783
647
454
285
727
692
839
959
878
498
875
61
98
24
521
585
464
613
485
270
277
627
960
941
149
152
445
40
723
799
420
505
797
874
141
876
565
979
834
794
476
60
206
925
83
79
861
898
691
697
167
967
323
479
259
823
982
703
862
704
854
282
560
650
155
700
525
71
30
710
216
857
121
421
133
555
499
345
452
189
41
971
507
715
801
118
537
782
820
399
485
25
32
44
27
538
95
903
960
476
965
175
332
85
947
464
992
798
808
795
338
200
765
197
914
917
314
802
698
133
200
182
510
583
577
536
120
23
438
79
498
754
253
829
839
552
644
182
701
803
976
38
2
93
234
267
9
547
69
707
32
620
240
893
203
169
428
322
191
217
401
689
971
5
869
161
908
513
342
608
315
669
646
669
761
231
287
770
130
355
828
513
327
419
405
529
587
184
202
778
752
602
466
74
959
334
234
866
198
927
474
865
596
471
533
708
53
819
829
534
526
656
398
852
75
802
732
661
337
933
790
89
887
255
514
845
941
748
62
138
26
887
2
621
709
886
681
762
57
509
647
582
517
45
785
591
198
516
603
535
448
393
975
334
999
488
530
939
587
592
429
613
478
430
585
539
316
265
652
372
126
298
305
642
342
89
584
540
956
186
426
755
930
400
441
281
239
970
571
826
913
999
790
743
781
374
281
96
991
932
819
116
581
475
757
923
915
340
814
870
877
239
976
159
990
416
439
580
738
9
405
650
360
194
744
140
920
376
587
910
307
757
25
240
231
781
162
145
472
327
366
348
917
341
506
906
757
944
485
846
305
242
847
664
787
591
155
706
966
741
615
625
497
991
864
79
771
377
223
594
703
940
942
971
280
447
228
388
743
712
585
399
305
432
414
92
22
568
149
339
660
764
315
508
754
530
586
877
906
160
470
960
99
763
282
730
562
509
470
656
573
54
54
877
485
819
320
858
738
469
549
397
584
863
256
337
393
841
565
650
352
387
962
802
501
243
531
62
752
352
717
676
758
122
552
242
940
224
452
677
692
1000
425
275
214
680
963
606
872
880
608
223
618
921
24
118
515
907
180
618
610
248
293
367
370
197
961
309
420
412
986
111
763
410
737
976
442
51
934
313
930
893
536
547
813
911
17
327
817
196
297
427
443
589
793
164
785
105
473
556
516
810
18
278
571
754
606
12
805
539
325
86
431
212
985
595
122
1
273
291
548
569
717
342
510
861
506
646
966
330
202
833
139
219
463
709
325
68
721
481
958
397
566
740
608
902
334
81
254
958
371
801
879
439
143
388
300
1000
33
617
329
586
801
467
157
263
527
481
682
599
961
639
995
878
378
954
132
63
35
385
21
405
186
899
844
680
638
495
31
22
463
359
608
263
177
764
878
703
596
559
302
908
198
648
785
927
602
268
990
988
653
10
392
190
260
587
869
897
433
251
270
895
609
877
510
137
992
387
191
587
297
492
494
494
492
631
421
93
898
762
80
902
123
823
91
382
762
311
630
194
561
899
441
521
128
302
657
471
40
848
58
336
691
903
182
182
885
954
626
135
715
57
36
837
232
479
570
993
789
199
538
702
449
978
222
576
631
231
47
670
430
456
6
120
710
539
654
947
492
279
81
206
688
468
42
919
298
611
263
439
161
800
140
961
130
713
889
760
943
287
430
372
742
787
844
803
325
497
749
168
127
181
373
814
1
766
84
650
728
346
88
240
498
227
200
627
292
88
386
234
374
167
958
467
953
801
622
629
297
722
796
423
903
520
589
255
637
672
904
716
370
992
955
867
570
507
845
861
594
230
447
320
397
404
138
701
204
759
330
852
481
477
626
735
997
214
341
985
238
244
701
959
587
7
177
509
513
21
721
459
250
167
778
998
922
267
699
125
26
380
328
858
208
954
592
556
519
932
541
756
527
241
66
466
247
242
974
112
262
694
570
864
213
699
213
134
965
263
611
990
642
938
199
850
243
142
757
762
73
297
517
952
889
583
417
488
176
742
599
438
435
520
653
999
218
865
133
182
128
743
524
121
32
722
322
275
864
79
36
288
727
904
239
616
838
7
455
14
748
405
803
535
924
807
533
141
671
17
322
150
111
197
623
143
919
296
769
782
726
156
421
453
411
660
420
249
18
226
614
766
630
768
652
553
574
184
45
596
201
718
98
311
915
72
805
833
367
573
966
93
80
738
897
491
749
668
91
767
893
56
884
522
823
535
426
748
718
470
695
270
539
144
933
453
215
737
637
934
662
954
378
93
692
274
583
440
941
673
558
185
728
441
706
902
975
483
1
45
304
696
666
842
839
598
295
406
687
931
339
700
237
68
792
928
341
727
719
633
399
277
817
479
69
874
380
44
356
381
440
659
428
105
500
618
55
146
23
741
429
713
792
665
780
583
944
472
309
662
456
60
290
624
538
359
497
269
754
204
1
545
214
428
649
66
46
703
211
420
795
639
133
586
655
264
521
598
88
181
612
543
592
253
519
481
963
15
750
68
571
750
612
784
530
261
849
927
315
60
346
462
50
830
47
57
446
919
654
533
452
617
427
43
222
945
524
184
312
273
252
882
374
863
17
255
475
866
181
142
277
527
603
678
708
1
734
153
272
740
37
723
708
816
765
929
760
288
465
423
912
716
656
638
930
673
892
757
890
73
250
518
951
852
547
658
204
633
163
475
724
199
549
431
14
314
360
126
953
176
900
865
891
556
502
172
580
745
280
821
817
529
690
767
732
236
777
936
220
939
762
943
489
663
374
503
976
85
980
280
260
879
144
502
786
997
673
365
742
953
537
910
833
226
29
565
814
805
852
33
95
965
328
583
627
701
437
954
137
416
234
396
647
729
249
432
78
921
149
819
225
685
80
58
263
108
974
76
912
825
460
6
789
787
941
768
839
377
721
975
145
954
722
791
35
970
222
112
243
370
282
819
407
361
228
669
469
201
96
732
377
907
90
166
694
30
933
884
758
5
859
902
311
932
692
345
902
914
456
144
635
89
314
41
449
542
709
917
742
804
1
119
711
90
636
756
471
920
639
228
924
849
130
586
781
821
930
34
86
737
177
73
825
842
113
274
383
174
542
125
329
542
595
391
983
582
146
453
501
137
681
776
337
810
362
469
982
291
502
420
380
30
492
204
872
604
829
254
129
371
730
458
264
324
848
247
905
346
699
757
834
379
533
170
540
246
639
874
536
140
293
267
522
784
471
393
739
299
998
868
21
728
325
285
403
524
883
660
869
933
416
702
664
300
872
203
545
862
76
433
353
720
699
874
503
521
266
594
820
264
461
192
343
137
828
745
660
710
404
529
643
172
230
306
823
453
860
720
314
288
152
667
7
202
892
862
723
510
455
894
773
267
85
467
755
913
211
414
974
967
294
968
490
876
273
664
328
485
383
994
772
886
12
130
88
903
991
162
412
797
55
536
63
491
2
817
755
565
583
729
883
876
696
372
751
321
35
431
805
418
776
928
655
787
57
742
41
400
255
805
196
661
340
611
152
694
779
258
258
361
986
140
589
34
863
691
706
897
473
510
666
248
789
321
34
845
414
75
596
669
879
792
329
570
754
832
263
532
90
872
245
427
363
185
460
225
875
165
474
348
26
491
595
166
163
981
11
577
407
606
597
637
749
277
206
502
461
821
386
550
44
630
976
407
814
788
631
40
304
104
739
682
947
686
847
109
666
209
685
424
167
633
60
267
262
617
769
722
789
154
271
833
135
598
239
300
737
221
691
393
677
430
74
623
115
272
731
132
833
768
555
999
752
966
265
13
582
385
734
723
890
356
555
24
306
145
323
42
717
366
434
745
795
859
367
261
131
450
392
315
569
298
313
320
615
929
685
196
314
418
270
203
774
824
227
79
320
901
472
389
266
258
133
412
116
852
672
598
653
415
912
221
64
576
892
678
505
576
226
818
346
495
372
471
671
950
901
342
203
372
730
468
629
863
232
97
714
255
46
366
670
310
938
85
885
181
763
741
757
988
910
102
482
282
924
504
231
824
846
433
547
575
253
528
437
836
624
502
90
21
219
111
330
508
196
567
689
958
307
797
297
569
898
130
850
173
634
432
996
479
217
542
405
821
69
194
8
44
695
97
65
266
208
746
125
755
312
813
64
971
609
360
891
858
489
740
30
474
523
25
304
91
919
709
263
987
902
270
383
948
367
447
565
926
544
690
32
208
502
95
530
463
454
420
320
294
159
350
768
33
726
423
124
644
131
738
983
32
8
365
332
726
163
896
651
706
585
34
913
439
128
442
901
933
861
220
226
371
921
345
756
999
768
231
994
250
968
976
282
975
692
965
700
854
860
702
560
445
735
824
883
862
618
783
146
830
354
724
201
627
68
956
625
187
186
618
789
505
946
422
480
637
386
531
491
245
233
402
689
967
577
923
181
194
57
326
24
411
49
576
37
469
531
13
7
68
630
147
924
575
568
403
564
953
934
54
198
518
807
238
484
383
513
16
577
569
694
952
331
94
527
719
914
409
731
921
828
713
67
751
639
987
154
202
939
439
607
488
956
413
78
791
796
590
159
724
158
852
675
841
945
553
559
859
961
290
131
788
354
549
538
992
535
43
546
826
833
152
313
788
917
390
931
64
331
89
139
841
940
165
681
236
717
239
446
677
880
928
464
585
477
353
929
363
748
474
188
580
977
853
368
245
594
298
308
925
738
446
765
29
610
445
264
326
35
62
354
267
989
169
851
817
874
779
532
621
252
71
200
581
275
919
825
869
568
133
145
305
930
261
333
892
57
949
569
91
362
923
357
702
443
560
519
316
338
402
936
942
824
136
522
99
406
698
967
974
830
463
278
112
723
963
3
779
263
923
869
624
845
578
325
288
137
195
955
474
948
891
767
772
378
288
870
783
986
188
108
167
650
738
630
372
52
632
150
314
555
370
937
751
947
613
390
435
808
345
261
755
587
27
878
316
315
747
450
652
934
558
170
583
647
800
306
698
783
455
11
689
825
299
792
123
911
181
558
70
877
170
177
815
196
54
130
862
801
932
865
86
841
35
21
487
186
326
184
968
781
194
9
957
492
800
431
754
332
340
824
561
509
352
375
705
405
857
918
557
788
783
643
980
817
663
466
2
340
649
321
120
842
329
428
685
128
211
438
812
550
613
372
411
964
98
467
721
954
384
277
93
166
271
72
334
285
537
335
625
537
8
96
378
336
876
414
816
86
204
627
987
816
998
397
132
95
863
852
401
599
480
845
764
751
917
450
387
805
784
11
342
791
107
71
479
982
837
294
419
40
920
405
207
269
154
338
363
368
541
115
966
21
960
82
123
228
531
861
32
666
872
725
809
330
148
639
663
984
932
81
23
203
837
229
471
342
919
185
710
459
300
27
831
259
460
305
486
342
166
869
360
389
946
520
718
93
158
380
76
441
812
98
643
1000
678
113
342
596
649
403
55
948
781
237
558
241
542
395
934
707
264
293
95
209
812
164
301
321
895
728
761
58
177
755
57
854
867
750
802
868
152
856
815
285
444
725
525
985
119
810
43
382
103
489
942
266
652
594
939
546
673
699
603
849
454
12
55
672
113
856
891
265
63
58
901
506
782
425
491
900
586
885
634
688
374
927
306
25
873
244
923
545
294
877
394
99
888
800
123
1
655
13
617
717
70
517
574
851
293
416
103
230
301
88
270
674
14
575
698
886
170
972
431
815
849
176
914
88
975
36
440
629
48
408
697
470
276
622
320
920
38
774
150
338
861
419
11
875
993
60
112
514
32
542
328
232
69
593
319
43
980
759
23
380
166
71
849
442
693
520
361
82
294
862
419
154
280
781
380
272
840
492
137
223
385
465
806
454
409
125
848
389
235
223
768
752
645
616
545
689
135
258
770
428
119
188
934
399
320
313
22
512
804
159
86
189
975
892
994
383
16
193
123
602
415
890
353
60
505
250
748
992
507
870
771
625
409
704
375
729
17
397
240
820
907
677
360
233
568
705
967
935
898
90
536
312
979
241
723
836
490
823
827
348
692
597
324
100
653
699
180
669
447
771
840
705
448
200
289
367
256
255
302
153
344
189
465
675
429
539
510
270
361
688
617
404
636
293
856
288
343
35
956
141
158
148
845
605
699
133
971
954
739
624
107
83
813
923
757
593
461
618
863
174
657
831
577
292
123
432
932
817
467
887
957
976
386
153
580
84
637
902
38
376
878
496
458
690
418
566
282
230
535
496
403
191
327
980
834
801
411
765
970
229
4
926
204
389
79
135
825
715
389
862
442
266
709
251
307
126
168
940
707
702
436
110
244
114
441
78
914
851
194
883
432
197
161
987
938
591
474
762
657
214
975
99
831
683
349
137
160
517
76
866
570
863
975
814
976
415
243
242
618
436
476
401
985
636
739
922
226
564
683
235
777
657
333
959
339
33
95
498
549
523
715
471
385
42
284
713
808
878
954
425
313
429
177
297
417
268
570
994
831
252
228
960
908
560
918
598
945
365
447
493
239
162
963
975
203
598
687
10
827
640
787
492
421
315
788
837
582
358
830
765
961
410
724
869
969
993
818
265
709
265
758
947
426
72
922
980
22
960
989
848
952
127
339
372
442
479
560
23
188
741
139
500
150
214
368
471
207
538
735
915
802
844
862
227
916
135
558
289
446
546
488
397
673
179
120
466
9
679
488
196
420
979
695
921
192
415
391
398
304
126
665
105
969
526
683
236
12
240
876
457
137
364
206
809
542
325
274
902
356
114
97
775
92
143
47
635
909
438
33
212
563
49
668
883
574
350
119
937
589
994
745
726
709
950
886
602
627
512
503
982
977
599
108
420
94
154
54
354
591
438
918
153
486
585
36
411
287
506
347
227
499
444
304
560
393
190
161
19
53
664
1000
29
614
107
448
59
613
501
413
203
939
682
708
424
266
95
835
552
600
533
779
450
976
434
9
721
623
170
739
675
185
91
703
798
549
150
857
161
3
621
716
941
302
423
716
567
517
550
471
468
435
601
917
410
34
278
130
9
799
221
35
983
663
738
780
211
239
988
724
241
608
439
533
909
213
249
828
729
150
298
548
584
250
464
346
635
93
827
643
891
399
30
873
61
767
5
624
357
992
699
950
952
137
834
860
701
434
687
781
584
336
328
519
937
791
216
572
236
43
566
126
441
595
351
854
713
707
477
422
50
527
723
1
15
556
861
715
990
899
495
925
587
822
795
523
964
11
446
199
405
364
325
197
310
27
50
375
733
878
796
134
756
870
135
770
425
347
484
766
245
978
42
831
151
837
706
115
199
503
313
603
866
989
151
176
367
553
902
451
782
697
585
538
566
719
307
342
65
791
108
661
120
149
844
271
337
901
737
535
403
49
489
621
390
640
148
108
192
49
559
973
745
143
510
662
213
817
355
629
959
462
289
78
963
484
700
651
384
436
186
139
837
26
759
226
665
906
685
208
954
243
181
50
737
42
63
949
210
417
577
168
231
218
598
545
53
297
195
789
733
732
927
569
758
37
146
774
942
830
982
247
425
162
648
161
555
710
110
765
126
38
932
356
607
529
900
12
178
447
800
262
178
78
830
287
114
327
61
407
508
42
653
932
555
300
93
109
9
554
873
486
591
157
842
550
37
93
561
214
539
360
475
69
437
656
355
902
334
415
308
842
808
960
773
362
611
865
471
971
770
695
456
713
203
649
262
240
94
174
805
984
885
632
52
673
287
759
574
973
173
881
814
981
192
586
694
154
803
516
124
572
211
931
284
765
932
897
4
377
70
161
360
954
792
764
626
430
522
199
402
46
431
215
378
974
153
424
127
307
939
602
878
501
533
514
266
816
410
621
544
832
781
255
137
572
18
763
354
891
313
755
289
96
322
18
69
474
441
196
780
732
797
9
232
681
874
497
848
284
118
391
467
898
646
603
822
15
717
175
258
30
281
546
477
602
915
545
427
356
740
558
87
889
919
318
921
792
167
769
75
636
511
893
885
508
496
706
523
212
232
780
593
513
677
69
466
591
614
893
298
705
802
384
945
720
54
866
512
572
986
938
207
848
831
91
356
326
149
230
889
380
9
482
244
37
550
710
627
515
954
925
572
755
660
516
475
713
733
986
636
718
275
842
918
105
285
273
782
433
502
671
812
862
152
408
898
53
117
876
920
70
800
491
176
812
358
650
876
91
987
512
160
262
353
77
718
989
349
500
421
202
170
585
63
673
992
312
725
460
188
996
529
339
486
704
502
844
706
378
286
44
889
445
657
593
522
375
582
222
874
354
776
395
290
838
67
281
502
143
740
41
139
620
731
624
676
233
819
733
610
104
776
498
549
433
442
422
807
23
995
32
729
770
426
18
960
492
651
461
634
390
853
124
362
583
100
389
815
918
121
424
374
896
273
274
328
715
47
486
89
41
517
817
811
942
835
770
785
485
582
771
226
434
246
939
16
345
679
831
615
799
606
988
47
231
613
374
945
659
212
385
699
80
202
861
374
388
630
158
224
563
280
801
996
526
92
364
870
770
546
836
569
151
175
615
733
787
340
677
445
903
414
496
983
967
356
356
354
338
865
929
900
145
81
248
22
524
611
243
294
508
79
214
10
253
180
743
392
871
419
188
774
832
683
108
798
391
463
503
728
679
783
979
175
216
226
196
739
188
439
384
695
869
597
705
121
128
447
512
999
217
52
124
401
734
583
550
124
45
405
203
75
187
534
250
754
111
445
493
299
235
876
345
103
825
49
576
952
847
87
302
416
138
777
816
224
359
717
699
755
121
254
830
660
787
79
413
897
875
257
547
110
133
892
212
957
292
787
260
491
226
914
906
715
690
73
290
49
789
989
155
910
242
984
921
380
62
333
276
289
590
823
398
74
66
961
382
357
748
993
847
325
906
752
39
596
824
329
996
965
669
150
226
262
486
146
641
899
830
268
187
771
90
584
844
155
545
577
864
644
570
710
968
475
814
358
422
989
38
769
953
58
271
178
319
756
675
959
654
505
227
841
275
668
776
471
175
672
47
38
315
616
99
634
443
264
344
864
253
733
985
557
791
255
87
109
10
761
420
663
617
998
855
892
665
631
362
191
302
760
580
969
376
679
954
170
942
297
33
546
30
369
455
172
623
893
632
632
653
51
647
622
400
501
865
417
483
578
607
785
337
187
105
64
217
58
233
510
707
618
56
88
986
862
259
609
754
890
592
758
293
590
379
692
443
243
108
925
820
715
61
509
253
165
572
469
223
805
978
281
774
385
368
759
246
978
719
351
867
663
109
511
252
839
203
694
434
310
619
605
376
679
113
628
196
37
448
418
841
426
50
966
162
417
724
760
746
795
110
612
457
570
475
708
761
677
754
194
338
724
798
66
402
263
45
949
299
493
718
491
270
767
456
431
535
531
542
280
325
652
244
781
573
718
841
333
394
946
878
83
669
28
148
422
290
193
371
940
685
88
782
306
855
589
88
389
119
630
669
444
633
264
576
557
981
768
890
374
713
767
456
381
146
604
803
435
148
525
726
832
612
507
489
818
95
576
559
566
557
579
361
189
842
936
746
822
704
987
195
768
105
2
149
251
957
303
37
104
179
763
287
790
621
775
960
68
351
518
633
259
96
993
448
937
928
545
758
983
531
304
103
987
657
603
237
614
257
274
69
435
388
356
224
8
482
183
75
184
52
59
443
147
51
890
435
331
786
192
665
668
847
767
654
856
369
243
469
977
516
889
411
255
244
987
614
726
521
41
909
573
99
351
719
502
592
154
832
729
697
848
396
896
967
402
751
687
644
571
664
511
459
74
765
55
60
730
780
581
770
40
153
221
743
223
722
686
376
905
415
425
752
162
320
718
563
422
405
206
992
68
68
450
141
832
504
553
914
635
133
683
27
637
903
769
859
624
454
587
880
220
11
632
382
682
349
944
455
105
502
446
172
569
247
665
753
103
217
666
737
701
700
115
337
955
883
195
930
689
781
810
908
143
441
641
176
141
937
630
246
438
427
769
358
674
785
462
776
353
127
864
53
179
979
389
133
213
936
62
901
68
871
161
563
663
801
738
804
737
720
401
526
146
521
884
819
306
345
946
658
824
810
63
354
140
451
486
352
738
899
605
806
122
765
368
784
917
457
939
654
176
691
179
322
212
414
492
517
111
438
174
934
599
236
287
90
39
124
441
128
374
397
285
495
161
652
631
78
461
921
83
636
612
613
309
823
27
153
339
137
590
864
422
540
452
60
629
842
535
421
969
908
818
254
755
978
257
385
407
69
305
841
57
916
454
365
90
832
517
428
320
458
644
741
349
95
152
977
288
38
398
608
945
567
861
51
896
470
787
303
538
92
143
594
359
948
311
449
779
179
228
98
989
871
190
337
317
693
666
956
730
415
564
27
981
776
77
876
245
864
530
135
307
673
80
17
972
742
817
751
921
45
200
261
267
742
597
936
434
614
891
164
28
806
190
8
582
618
884
178
481
765
664
139
437
744
156
761
837
972
511
757
368
62
369
635
803
318
922
589
931
164
752
959
970
293
966
551
910
201
80
743
966
744
881
754
839
36
866
675
8
728
784
727
790
152
361
944
469
634
532
400
798
283
710
119
927
27
21
189
580
100
931
545
195
811
650
33
199
516
708
558
243
843
284
384
994
997
328
815
630
859
566
779
494
275
897
772
301
917
960
880
369
890
776
563
53
778
948
603
645
7
512
239
849
795
623
194
143
302
8
125
512
925
255
5
199
152
777
852
420
88
731
140
330
507
703
382
636
2
336
280
8
847
518
856
993
492
401
136
145
409
612
657
685
866
13
884
17
141
735
789
229
817
928
558
675
982
291
310
983
626
941
342
824
811
197
816
302
598
951
447
358
562
455
42
428
467
277
796
608
363
936
836
180
216
745
854
549
35
516
532
12
456
873
835
266
422
650
920
371
953
718
728
866
172
121
645
638
750
793
245
112
728
432
643
943
176
849
492
562
364
375
573
171
599
407
789
372
409
60
742
361
777
821
226
300
942
223
937
43
15
534
154
94
317
149
37
845
997
880
406
712
606
331
882
556
737
22
928
497
81
669
857
209
490
435
508
783
657
797
177
23
682
330
116
998
830
504
842
826
735
600
537
340
930
771
896
18
144
175
515
577
843
371
785
684
157
645
818
165
441
994
187
122
676
655
471
505
158
313
683
893
912
219
584
193
341
831
210
837
5
724
413
200
95
549
235
603
193
53
768
985
46
306
106
73
960
577
578
470
241
260
362
504
830
297
696
523
480
905
359
484
629
123
35
75
671
270
29
864
322
796
848
719
454
306
144
413
234
721
882
474
332
595
329
513
244
24
35
723
