10




8 43
1 2
2 3
3 4
4 5
5 6
6 7
7 8
5 2
7 4
4 3
5 8
3 8
7 5
5 4
6 3
8 5
4 1
3 6
4 8
6 4
2 1
1 6
2 8
8 4
6 8
1 5
1 7
1 4
6 5
6 2
3 7
5 3
8 1
3 2
4 7
8 2
1 8
7 1
4 2
2 6
8 3
2 5
2 4




5 13
1 2
2 3
3 4
4 5
5 3
2 4
5 2
2 1
1 5
1 3
1 4
5 1
4 1




14 90
1 2
2 3
3 4
4 5
5 6
6 7
7 8
8 9
9 10
10 11
11 12
12 13
13 14
3 9
5 10
2 11
3 14
13 2
11 13
12 9
11 7
10 12
3 11
5 9
10 8
14 1
1 11
14 12
11 3
7 13
2 5
9 12
8 5
4 6
14 4
5 4
1 8
10 4
4 11
11 8
11 6
4 3
7 2
3 2
3 5
9 1
12 14
10 7
13 10
8 11
14 8
2 13
13 3
1 14
5 13
11 14
2 7
1 10
5 14
14 2
9 5
6 5
13 12
4 9
14 13
6 14
11 10
13 5
5 11
13 7
2 1
6 10
12 1
6 12
5 12
12 2
5 1
3 8
10 13
10 5
8 3
7 1
11 4
3 12
4 7
12 8
4 10
8 1
14 3
10 1




14 23
1 2
2 3
3 4
4 5
5 6
6 7
7 8
8 9
9 10
10 11
11 12
12 13
13 14
10 14
13 12
8 11
7 1
5 4
9 6
14 9
12 3
11 1
4 13




5 8
1 2
2 3
3 4
4 5
5 3
3 5
1 4
3 1




14 67
1 2
2 3
3 4
4 5
5 6
6 7
7 8
8 9
9 10
10 11
11 12
12 13
13 14
3 10
1 3
1 7
2 10
11 13
7 12
3 13
8 7
10 2
14 1
10 5
8 6
3 6
4 1
5 10
3 14
5 11
5 12
10 9
1 13
14 11
5 2
8 3
9 3
1 12
13 4
7 1
8 2
4 12
10 7
4 10
11 9
6 2
6 8
11 1
6 3
10 12
9 13
8 11
12 14
13 5
10 6
10 1
4 2
2 4
1 6
6 11
2 6
1 8
7 10
6 13
14 2
7 9
1 11




14 161
1 2
2 3
3 4
4 5
5 6
6 7
7 8
8 9
9 10
10 11
11 12
12 13
13 14
8 3
4 1
12 11
10 12
7 2
3 12
11 1
7 10
14 3
9 1
5 7
10 7
6 1
6 4
6 9
9 3
9 11
14 9
12 4
2 10
4 14
4 8
10 3
9 4
10 5
8 5
13 3
1 6
1 14
5 9
7 3
6 2
11 2
8 10
4 11
13 1
1 4
11 4
7 5
1 10
13 12
9 8
5 1
13 11
9 13
10 14
4 9
5 11
14 11
12 5
11 13
3 10
7 4
11 14
1 12
14 1
5 10
3 7
2 12
8 6
9 14
4 3
13 4
5 8
13 9
1 7
1 5
9 2
4 13
10 6
11 5
8 14
14 13
11 9
8 13
4 6
6 10
3 9
6 8
8 11
3 13
8 7
4 10
14 8
7 9
14 10
12 7
13 2
13 8
11 7
2 9
13 10
14 6
14 12
2 5
10 8
14 5
8 12
11 8
7 6
13 7
12 10
1 13
2 7
5 13
6 5
4 12
14 7
2 13
5 12
2 6
11 6
12 9
3 2
12 1
5 3
3 1
7 13
7 14
2 14
10 2
1 11
3 8
6 11
3 6
6 3
12 3
3 11
8 1
10 1
4 2
7 11
2 11
14 2
14 4
10 4
5 14
8 2
13 5
5 2
2 8
3 5
12 8
6 14
4 7
12 14
6 13
5 4


9 48
1 2
2 3
3 4
4 5
5 6
6 7
7 8
8 9
6 2
7 2
1 9
9 1
6 1
7 6
4 1
8 6
6 9
4 6
8 5
3 7
6 3
9 5
3 8
7 1
6 4
5 2
1 7
8 7
2 4
6 8
3 5
9 2
3 9
1 6
2 7
5 9
8 1
2 6
7 5
3 1
9 4
7 3
5 3
8 2
9 3
2 8
4 7
7 4




11 28
1 2
2 3
3 4
4 5
5 6
6 7
7 8
8 9
9 10
10 11
9 11
11 3
1 4
6 2
3 5
9 2
10 2
2 9
4 3
6 11
11 9
3 2
11 6
5 1
5 9
7 10
11 2
6 1



10 14
1 2
2 3
3 4
4 5
5 6
6 7
7 8
8 9
9 10
7 9
5 4
6 8
4 6
5 8
