10000 200
42
68
135
101
170
125
79
159
163
65
106
146
82
28
162
92
196
143
28
37
192
5
103
154
93
183
22
117
119
96
48
127
172
139
70
113
68
100
36
95
104
12
123
134
74
65
142
112
54
69
148
45
63
158
38
60
124
142
130
179
117
36
191
43
89
107
41
143
65
49
47
6
91
130
171
151
7
102
194
149
30
24
85
155
157
41
167
177
132
109
145
40
27
124
138
139
119
83
130
142
34
116
40
59
105
131
178
107
74
187
22
146
125
73
71
30
178
174
98
113
187
91
162
37
156
168
56
175
32
53
151
151
142
125
167
31
108
192
8
138
58
88
154
184
146
110
10
159
22
189
23
147
107
31
14
169
101
192
163
56
11
160
25
138
149
84
196
42
3
151
92
37
175
21
197
22
149
200
69
85
82
135
54
200
19
139
101
189
128
68
129
94
49
84
8
22
111
18
14
115
110
17
136
52
1
50
120
157
199
104
25
9
45
10
190
103
196
86
94
144
124
188
115
104
49
1
59
19
181
197
199
82
190
199
10
158
73
23
139
93
39
180
191
58
159
192
16
89
157
112
3
35
73
56
129
47
163
87
76
34
70
143
45
17
82
199
123
52
22
100
158
77
93
190
76
113
1
111
4
70
62
89
2
190
56
24
3
186
183
86
89
27
18
158
33
133
170
155
122
190
177
130
169
93
26
156
35
150
42
113
146
61
119
154
140
24
80
197
88
130
150
38
67
150
194
196
98
17
87
106
89
83
56
135
115
102
117
72
187
64
114
156
186
54
113
9
33
146
114
157
122
159
47
183
82
145
197
23
130
162
136
51
174
67
45
60
93
40
54
25
155
111
146
50
187
114
75
23
169
19
188
106
159
192
3
26
78
15
115
25
135
75
173
160
34
71
88
98
119
178
174
71
164
69
193
186
103
81
14
28
3
100
128
26
144
125
24
173
62
182
4
33
106
194
126
32
93
143
23
87
65
101
188
161
14
175
71
171
36
34
112
161
97
68
86
151
141
95
96
25
20
126
177
95
59
103
172
67
79
194
52
85
19
65
120
153
1
88
61
127
11
158
171
116
177
28
44
159
165
110
83
87
166
88
178
75
26
28
30
129
24
121
103
163
124
197
138
62
196
126
65
61
3
117
31
127
12
172
12
148
154
121
191
125
189
164
141
52
63
30
101
114
159
179
166
8
78
1
59
40
104
161
158
125
78
109
114
88
2
51
61
29
194
185
6
141
112
105
36
157
73
151
24
86
157
17
27
158
127
158
138
72
70
162
97
23
18
113
118
97
186
42
24
130
30
166
160
133
97
56
54
163
185
135
55
173
58
170
133
164
8
84
112
36
68
49
76
139
24
143
155
112
142
176
60
26
22
71
27
135
6
184
51
199
80
102
194
135
38
135
157
194
177
106
163
149
82
101
14
42
56
56
143
63
12
78
25
79
153
44
97
74
41
114
76
73
19
11
18
133
113
96
170
32
41
89
86
91
98
190
191
146
154
115
52
141
45
59
136
160
193
6
65
182
104
30
176
9
93
198
150
157
162
28
68
142
130
41
14
175
2
78
16
84
14
193
25
2
193
160
71
29
28
85
76
187
99
171
88
48
5
104
22
64
107
164
11
172
90
41
165
143
20
114
192
105
19
33
151
6
176
140
104
23
99
48
185
49
172
65
114
76
146
113
147
79
170
63
120
186
90
145
66
141
46
109
119
71
2
124
133
73
153
88
171
164
102
104
24
128
1
170
16
166
29
144
148
89
144
38
10
64
50
82
189
143
9
61
22
159
155
89
147
91
150
44
31
21
149
68
137
184
36
27
186
39
54
30
25
149
124
160
58
167
145
156
119
127
12
26
156
2
150
97
185
116
165
143
76
114
143
197
149
73
27
7
174
30
5
106
27
13
176
94
166
37
137
142
15
195
57
53
137
39
83
156
16
132
31
42
26
12
38
187
91
51
63
35
94
154
17
53
9
63
34
55
104
35
104
57
149
125
118
14
110
29
1
81
119
59
51
156
162
65
104
77
44
110
103
162
90
149
83
54
75
21
3
124
32
170
79
60
9
20
172
4
146
182
105
193
86
114
99
190
123
139
38
11
62
35
109
162
160
94
116
70
138
70
59
101
172
65
118
16
156
16
131
40
13
89
83
155
86
111
85
175
181
16
152
142
116
80
111
99
74
189
178
133
157
90
114
9
142
191
124
164
29
185
179
1
72
86
175
72
134
68
154
96
169
26
77
30
51
199
110
94
87
81
117
50
68
129
80
65
22
6
27
17
117
127
67
88
82
165
141
87
22
63
122
65
110
16
103
74
125
142
146
163
24
132
7
69
119
3
108
108
82
13
137
31
115
10
85
157
91
94
197
153
55
146
109
49
92
113
132
115
40
159
123
105
196
53
70
80
39
24
119
67
60
99
87
197
63
34
159
23
147
193
38
126
48
59
3
8
99
31
93
1
79
200
153
49
83
141
116
176
163
168
137
198
19
98
29
52
17
31
50
126
59
30
121
141
161
148
163
56
76
193
162
155
199
147
115
147
189
170
39
64
76
116
122
76
16
129
35
171
106
65
158
163
162
125
150
70
131
124
151
134
126
111
138
137
138
79
194
37
115
165
192
150
136
106
138
5
138
24
65
171
9
169
82
86
153
174
53
195
77
27
197
173
50
41
175
20
144
12
142
90
20
166
6
186
17
51
16
10
65
167
94
75
110
101
96
174
190
162
173
169
159
32
69
27
111
23
175
180
111
153
183
192
96
165
75
165
103
56
61
75
173
22
123
148
178
190
6
196
195
151
144
155
82
13
73
40
29
113
163
168
9
16
109
24
160
35
5
87
120
159
146
7
167
101
168
93
188
133
157
175
48
22
84
23
132
177
184
149
124
183
19
177
21
112
183
57
91
126
125
87
78
170
44
135
78
69
69
192
197
184
29
128
27
72
98
13
104
28
9
146
109
186
39
38
44
114
102
51
129
112
51
150
193
55
70
82
66
68
114
194
35
73
173
31
102
43
178
78
171
103
165
182
191
24
38
24
180
196
170
128
43
111
183
59
127
88
71
129
52
59
14
61
184
87
143
11
73
129
35
42
119
104
68
66
139
82
58
151
15
199
59
62
64
157
8
79
90
36
166
76
187
187
34
161
131
49
129
93
34
41
167
136
11
200
38
93
183
129
153
170
45
195
9
53
48
33
136
9
65
98
44
50
16
42
190
101
13
49
124
52
75
34
92
1
55
191
98
120
181
179
132
145
141
88
100
126
84
139
93
194
53
12
161
35
41
98
186
130
141
6
192
193
11
150
179
180
172
78
74
194
21
98
27
77
191
183
179
160
19
90
160
50
125
73
181
9
168
9
78
104
171
8
197
75
123
12
20
162
57
91
164
84
117
133
53
142
155
14
63
197
61
16
105
200
137
81
199
33
188
185
41
118
7
71
42
83
50
124
159
106
22
96
97
117
79
179
180
59
178
151
8
130
82
196
79
77
154
100
185
166
94
9
173
44
130
115
169
56
192
174
123
149
52
187
145
47
178
118
30
117
75
192
70
113
147
94
92
16
150
58
41
53
37
152
88
27
163
156
184
195
181
98
66
66
114
62
179
79
79
141
12
148
46
171
176
90
151
150
134
66
15
83
8
33
97
168
123
83
11
42
32
188
106
80
122
139
152
48
9
47
77
160
190
23
67
87
56
29
15
61
54
178
149
104
62
32
83
56
198
107
153
22
97
82
22
56
148
125
119
136
177
175
60
199
75
54
123
36
44
89
154
33
148
81
127
79
51
2
162
200
56
164
117
174
162
46
74
75
151
154
182
88
100
111
44
66
173
130
182
113
77
182
48
91
72
6
173
33
190
121
166
32
59
94
7
179
149
7
172
167
197
98
21
95
130
189
110
185
170
179
18
16
27
85
169
107
129
98
119
191
200
186
87
200
21
111
72
14
16
86
119
181
132
68
188
45
187
108
161
28
75
32
153
72
69
94
86
138
112
5
78
7
169
23
14
1
143
138
39
189
156
90
48
182
94
185
188
162
94
18
102
83
48
66
154
105
85
96
126
22
165
182
73
107
57
144
194
81
81
69
12
114
169
52
17
80
169
41
132
134
180
64
60
54
137
96
166
75
121
36
81
177
56
126
72
9
160
157
3
33
106
41
176
163
86
163
81
37
198
3
109
81
141
77
59
94
141
147
75
174
98
81
136
73
1
108
156
67
142
189
82
169
116
197
26
10
13
137
56
163
44
143
22
123
113
49
19
169
118
115
51
91
136
160
170
96
104
41
180
200
106
192
62
82
53
154
34
30
188
43
54
84
21
15
119
45
64
30
53
65
170
71
6
48
195
88
127
77
124
141
80
191
189
111
72
146
22
71
184
190
156
179
180
7
63
136
88
197
34
89
136
180
194
191
163
166
2
106
8
168
70
135
72
58
199
146
198
19
39
45
173
164
29
65
2
124
91
5
2
28
198
93
172
164
102
164
122
166
22
46
11
96
142
23
13
152
16
56
194
139
80
83
9
55
23
108
46
139
145
91
140
155
5
24
26
79
125
182
131
134
24
195
131
47
188
46
6
17
151
90
139
164
136
98
10
31
25
109
138
75
121
173
94
56
135
162
57
7
185
76
183
120
142
33
85
180
80
84
68
37
126
119
138
29
120
178
138
92
157
196
61
102
194
33
137
181
76
108
185
75
120
191
77
42
152
130
91
175
73
192
190
188
91
40
94
54
64
82
104
6
177
80
96
140
69
199
84
40
116
22
194
27
123
39
29
182
200
179
92
24
144
35
44
150
103
108
103
142
88
147
92
38
14
1
17
91
163
136
127
11
78
183
61
190
106
75
64
123
196
167
161
39
189
12
46
68
26
68
190
143
64
148
103
18
100
24
27
4
49
52
171
37
59
168
57
6
132
163
20
176
157
132
96
45
192
4
189
116
51
120
73
192
184
134
176
43
170
101
155
79
186
58
134
94
91
104
151
34
123
72
12
191
139
42
59
48
153
59
80
103
84
191
3
169
23
96
136
9
162
143
195
100
189
179
43
158
142
48
70
146
181
114
165
111
62
186
74
105
63
104
103
70
155
130
153
75
150
131
45
45
50
119
66
164
153
174
71
132
148
112
70
199
99
104
153
80
54
44
123
89
164
35
51
23
41
112
93
52
181
78
17
77
179
21
16
149
199
180
36
58
84
63
103
63
21
171
23
74
42
87
89
118
118
93
99
68
150
66
190
133
20
82
4
131
29
32
190
153
31
173
65
8
96
29
82
91
11
178
72
37
60
44
41
34
38
94
31
75
194
183
4
62
91
63
108
198
152
24
91
118
41
104
167
84
62
60
46
187
52
166
2
41
10
98
84
51
59
22
176
182
188
72
88
200
105
180
139
101
131
62
119
6
141
29
60
23
199
161
99
136
82
15
168
94
197
162
147
139
71
139
77
156
118
172
161
153
159
34
56
66
127
2
35
160
194
149
74
193
194
134
138
104
91
12
95
69
28
99
190
49
80
48
150
132
70
76
199
50
37
200
124
44
132
155
62
35
186
168
17
194
105
67
154
109
24
85
193
68
49
70
131
12
15
91
28
144
5
200
75
196
107
159
190
59
10
90
48
41
19
165
176
27
90
104
67
13
41
171
77
196
42
187
52
110
188
84
86
191
51
87
156
182
129
103
78
63
25
166
73
33
86
29
47
90
79
84
126
66
61
46
179
22
56
121
128
174
135
52
76
137
135
2
138
111
175
191
157
72
81
136
146
83
26
119
174
113
38
199
106
163
118
93
140
48
147
104
32
116
40
59
30
46
195
200
46
73
76
63
73
174
81
39
98
143
9
4
78
126
135
2
79
183
170
137
79
140
139
122
27
64
78
176
125
182
101
162
63
3
49
96
85
17
138
108
194
85
145
60
22
59
44
69
78
120
58
42
92
65
24
116
73
130
42
116
16
137
158
160
101
53
94
42
30
49
28
199
25
125
75
134
86
39
171
63
30
85
110
79
124
86
1
25
194
106
13
166
168
8
78
185
105
191
35
92
22
86
135
191
143
199
87
19
22
25
198
177
55
70
109
128
94
69
167
103
39
1
20
119
91
185
140
157
9
33
79
15
188
40
75
21
28
155
189
42
199
43
3
122
105
147
57
110
34
109
162
134
87
5
186
143
43
61
162
21
144
179
188
114
64
192
135
16
57
162
13
12
160
52
139
171
125
108
8
185
152
102
90
159
42
191
14
13
56
61
94
73
3
77
144
174
67
52
76
129
133
162
70
104
130
108
93
52
154
193
171
120
73
8
95
106
41
184
63
10
8
39
161
72
172
55
148
115
124
30
90
167
88
157
33
71
140
67
123
84
161
154
106
92
60
187
88
30
43
118
46
157
189
53
155
67
34
161
120
32
139
68
177
99
115
121
54
8
70
17
123
43
8
64
61
148
194
31
118
44
177
115
27
118
135
21
172
193
165
155
67
94
65
176
1
13
101
152
77
180
144
78
190
162
186
73
35
145
162
164
105
147
89
109
158
31
124
65
75
147
38
182
119
12
93
192
33
124
62
192
62
131
99
170
92
1
180
118
118
115
196
42
137
68
29
54
110
174
182
104
170
17
84
168
186
3
31
158
82
168
111
67
88
172
78
46
165
39
72
48
116
193
112
58
6
54
172
181
141
131
76
121
191
178
199
187
5
90
32
145
189
11
119
120
60
128
10
120
80
117
101
197
54
59
31
194
7
50
55
73
161
95
55
134
147
30
72
29
160
42
22
89
167
34
86
71
130
62
61
9
183
163
107
79
180
98
88
139
70
184
141
196
67
34
110
158
118
135
54
136
59
194
44
94
67
152
141
95
138
175
113
98
152
96
18
93
93
38
131
14
97
111
190
29
10
187
145
41
183
170
121
194
93
163
15
128
8
195
106
114
12
114
94
65
4
196
163
182
147
110
49
169
25
112
155
36
128
34
41
63
128
178
18
141
143
101
1
159
77
155
136
31
32
96
138
24
123
128
30
12
12
155
81
54
94
122
186
129
44
1
156
72
71
53
176
32
41
135
41
187
35
49
140
166
197
113
63
53
132
188
65
158
49
157
171
51
183
102
94
100
133
45
132
76
5
51
27
67
139
2
24
44
42
181
96
119
60
164
29
130
89
55
14
180
170
67
80
178
38
3
116
93
124
73
49
124
154
149
196
198
109
109
12
194
66
182
3
11
29
57
106
166
24
170
116
54
6
85
79
146
41
34
86
101
169
195
34
86
149
82
33
57
111
73
183
102
107
36
61
72
128
138
144
169
34
196
172
4
143
12
80
35
113
194
131
162
35
59
127
107
192
44
189
28
120
85
25
94
36
25
95
183
68
28
6
147
87
190
141
38
51
160
179
157
78
4
43
101
12
26
144
196
17
16
5
7
169
42
136
99
126
114
24
113
19
58
197
140
87
95
47
44
123
112
81
56
159
48
71
191
74
128
14
55
97
73
51
42
42
47
126
14
25
130
96
4
195
194
68
188
41
80
42
126
135
61
1
108
22
93
94
118
118
4
144
94
40
12
126
29
179
149
51
93
45
55
24
154
37
148
147
27
62
105
39
172
87
6
100
57
129
68
152
20
192
167
118
47
94
188
22
113
68
100
45
98
2
129
143
105
169
169
42
97
63
121
45
119
26
20
185
175
185
60
150
15
96
104
33
52
138
15
164
52
20
91
118
84
119
185
53
187
70
49
138
198
25
169
28
149
194
183
72
70
94
78
15
105
85
144
96
12
94
93
199
191
100
91
94
75
150
175
115
174
70
19
66
34
39
112
53
64
109
150
89
46
32
121
107
72
169
22
59
158
48
183
39
123
124
107
107
190
157
146
152
124
119
151
98
37
192
7
111
14
52
81
45
144
142
46
179
150
106
115
186
28
25
5
157
118
28
156
103
87
69
99
180
12
90
159
91
176
11
133
90
97
151
113
123
130
73
37
78
154
177
71
86
53
152
198
152
2
36
94
73
117
117
129
112
126
39
97
140
145
57
27
103
159
189
22
187
109
178
29
180
148
150
81
46
129
63
27
120
78
92
48
186
32
7
85
155
170
110
157
22
146
66
17
61
98
136
191
78
50
6
87
189
76
144
178
131
88
156
83
54
1
155
90
89
16
9
111
141
200
198
108
55
105
38
86
100
193
14
13
83
184
152
130
138
34
1
65
84
58
169
111
169
109
42
133
38
85
100
102
70
184
57
93
41
88
13
11
21
36
64
16
98
78
175
135
154
134
79
87
25
135
76
150
113
185
25
193
105
23
56
114
63
74
85
161
123
54
198
23
151
138
118
7
132
198
106
37
158
200
91
99
186
48
85
193
126
197
56
29
139
143
29
196
143
38
107
168
54
194
106
147
10
125
55
66
40
7
10
93
100
176
37
62
48
19
14
128
113
97
110
42
131
91
35
116
87
124
67
145
137
38
17
94
150
172
45
178
86
1
191
86
126
119
69
7
130
9
142
26
137
181
117
71
185
148
129
137
5
101
124
165
12
41
51
105
84
167
142
71
46
107
89
57
108
67
58
79
200
75
156
192
191
33
59
197
118
91
168
108
35
47
63
3
40
27
96
107
115
151
187
80
177
23
80
102
13
77
165
158
171
39
113
145
162
181
1
44
57
62
48
140
9
91
53
180
19
20
8
85
148
178
76
14
110
172
43
140
137
22
102
35
130
159
37
70
98
105
199
3
106
39
33
66
117
82
180
24
128
172
114
183
141
17
89
120
190
114
60
52
72
84
165
39
13
185
160
102
175
134
60
115
50
196
123
142
17
178
53
166
92
139
111
168
56
188
25
23
40
42
49
5
35
169
42
73
69
175
177
138
34
42
146
19
16
175
53
47
157
125
167
182
145
41
135
97
77
28
6
19
92
42
66
192
72
60
101
18
17
144
25
65
106
158
103
67
76
47
33
190
47
146
4
153
102
127
154
185
50
151
6
147
26
171
137
196
194
124
133
57
97
11
177
93
151
91
196
53
151
116
37
162
161
185
130
135
51
83
7
137
185
191
18
183
67
117
189
26
102
11
51
183
22
194
39
155
194
96
81
39
168
21
146
84
66
97
34
191
33
190
40
184
18
130
154
80
14
1
53
146
62
152
119
164
14
108
155
77
18
12
30
65
167
132
143
99
123
156
188
58
159
65
163
111
147
66
181
166
147
141
98
43
65
195
185
71
116
1
7
107
103
97
34
12
68
16
46
176
155
49
120
80
189
122
193
198
198
110
53
72
59
123
60
198
200
100
121
121
37
185
113
116
154
86
142
200
168
9
45
170
82
80
109
8
60
107
50
76
27
125
8
175
85
129
147
146
82
115
150
169
139
108
194
105
106
98
18
156
42
144
134
98
80
137
156
34
155
131
53
105
80
89
71
155
73
177
102
16
87
32
81
176
61
115
139
58
191
39
182
48
43
19
71
32
62
20
182
191
34
73
164
103
103
129
122
99
48
146
7
23
87
195
178
45
84
148
41
86
65
124
138
54
169
131
56
67
59
113
57
119
2
143
77
107
103
85
24
71
113
51
76
112
51
196
89
121
102
184
199
93
49
185
46
188
63
144
59
60
72
17
173
33
42
84
89
16
177
117
99
40
84
6
198
147
170
76
118
188
21
31
43
136
190
174
81
74
178
187
182
186
123
146
180
86
114
136
136
84
187
97
49
86
153
122
61
183
37
89
120
37
193
66
79
199
97
187
12
177
148
122
3
46
103
165
140
173
58
171
121
55
160
81
99
192
161
111
192
68
34
76
137
100
176
191
177
57
73
104
87
168
116
143
96
167
57
187
38
199
27
165
86
66
109
141
161
15
155
13
153
139
107
126
31
50
180
80
114
39
118
22
146
192
170
40
109
166
163
74
82
171
148
54
109
109
116
30
67
90
64
172
142
60
32
173
115
167
189
171
169
200
56
51
45
137
79
7
28
114
124
172
128
74
62
174
135
103
188
18
64
154
127
196
96
14
7
171
60
106
97
34
24
53
80
120
127
194
186
66
172
45
108
72
88
100
120
197
116
153
93
154
58
191
160
158
87
10
66
87
20
60
114
36
29
102
69
70
57
132
179
75
196
44
75
117
25
112
186
123
172
58
96
175
39
184
59
96
123
184
32
104
33
101
191
81
9
106
103
59
19
158
162
121
29
57
114
133
93
183
68
121
159
75
188
95
184
165
65
115
147
191
26
56
164
68
193
32
20
81
119
129
149
121
80
92
167
188
9
127
26
160
119
21
36
115
57
148
157
135
161
152
9
79
95
190
125
177
95
91
190
173
20
102
103
45
124
140
10
28
38
187
17
28
170
24
100
115
16
45
37
70
179
77
59
153
47
138
116
189
17
89
183
75
134
116
57
57
63
17
125
130
43
185
73
50
197
27
183
3
176
17
66
153
160
156
18
45
155
44
25
200
23
122
134
14
118
194
74
61
176
75
186
102
23
9
196
27
121
92
189
130
73
178
194
9
55
123
77
138
17
4
91
113
90
54
180
100
123
103
3
170
55
130
135
39
75
27
64
135
173
149
54
104
108
119
134
38
96
180
62
145
60
162
108
177
73
46
193
173
29
197
12
136
36
30
117
133
157
159
150
21
97
125
121
127
7
184
46
175
92
189
139
65
105
78
154
143
5
24
53
26
12
43
125
150
136
191
147
129
56
5
142
110
182
180
103
84
93
133
113
100
162
48
6
91
170
160
29
140
29
181
72
179
41
57
149
45
146
126
11
99
17
181
16
65
27
73
80
194
83
6
137
134
106
188
133
39
166
65
119
200
33
109
97
39
179
39
46
60
170
145
163
170
50
119
68
159
144
62
4
191
187
27
4
5
101
169
24
148
197
167
31
66
153
1
18
174
187
69
198
180
25
129
61
159
26
68
113
135
53
170
163
171
12
36
91
112
65
151
161
146
168
155
188
18
166
143
89
74
16
180
38
189
70
87
31
10
41
122
120
82
27
21
12
55
94
185
158
200
137
30
151
58
6
166
135
50
95
193
71
120
18
114
54
118
178
161
106
154
192
163
177
55
73
135
17
51
194
146
53
148
122
62
145
60
167
86
40
119
108
69
155
51
33
200
21
136
99
193
117
183
30
117
60
159
184
200
136
158
71
72
143
181
78
7
96
87
4
53
119
36
86
29
79
161
102
150
165
186
27
158
138
42
139
194
97
34
94
169
74
136
110
97
182
162
140
185
124
100
132
50
43
7
51
88
41
170
24
189
68
84
1
159
7
139
64
121
167
159
86
24
30
99
157
71
176
197
84
189
20
147
191
76
70
120
142
198
146
55
159
59
195
192
142
38
101
33
76
137
39
159
181
86
14
85
54
128
86
27
71
137
82
171
150
149
78
200
36
174
138
152
132
18
34
172
177
130
132
45
143
68
1
129
117
35
200
158
41
182
24
142
132
150
140
100
176
100
164
46
127
2
25
84
190
136
25
96
146
171
84
118
193
153
125
174
141
56
69
71
44
31
157
166
115
181
59
159
125
9
112
68
118
129
191
100
181
71
191
13
1
65
76
85
83
112
107
69
45
27
37
167
193
189
39
66
13
148
47
60
53
172
57
111
58
67
51
71
146
126
149
75
175
44
30
137
164
17
59
135
102
62
56
16
175
183
140
83
25
101
176
138
177
101
25
65
138
96
126
30
52
189
195
145
107
76
72
91
85
20
180
196
159
8
46
175
39
157
21
33
167
23
158
154
72
156
190
26
30
129
40
128
195
91
49
55
118
193
131
19
149
57
191
83
144
40
102
94
128
70
194
34
32
193
136
27
43
81
17
162
118
108
121
46
167
122
183
183
7
92
71
16
196
144
164
172
193
136
18
13
82
68
122
153
123
29
31
30
25
100
154
152
195
42
65
184
121
145
189
78
14
3
59
3
154
50
59
176
91
39
24
196
102
6
159
124
88
42
27
131
10
21
136
44
132
75
103
101
72
176
10
31
195
23
137
91
16
53
155
183
134
189
56
161
146
124
143
60
88
144
148
185
190
69
189
199
81
80
108
14
61
48
47
72
183
145
143
49
37
154
150
89
24
26
52
191
40
47
163
176
25
79
186
104
182
178
151
49
171
95
17
130
127
39
116
73
153
63
22
68
129
66
130
60
83
190
187
20
136
141
67
33
86
23
4
162
97
142
151
33
73
162
171
114
166
46
121
11
129
171
22
197
5
115
200
11
70
153
36
72
145
31
183
62
196
152
67
84
111
159
173
96
107
15
53
85
106
13
22
142
176
91
126
12
168
183
184
188
194
51
80
69
75
85
30
136
61
106
112
193
25
151
17
61
2
160
110
124
68
101
26
57
141
49
56
8
50
92
161
183
37
20
71
80
126
120
10
102
32
125
8
126
102
84
170
89
165
164
125
135
171
52
198
125
112
68
66
41
180
156
29
62
33
28
161
140
67
38
49
49
5
49
166
22
134
176
42
115
148
163
155
77
55
59
122
185
89
67
117
57
181
30
138
30
190
44
5
102
185
121
188
137
53
183
129
167
73
194
159
180
184
188
24
198
97
195
102
54
121
104
73
21
133
154
25
34
58
66
133
81
168
167
91
69
127
29
80
145
104
50
34
4
111
41
28
11
128
83
194
188
64
162
166
200
52
119
82
159
104
159
39
179
65
58
173
22
123
157
68
61
99
144
35
42
20
153
63
12
12
194
6
82
52
161
99
72
43
95
85
136
101
156
156
124
51
89
140
11
18
133
149
11
96
20
49
190
172
52
96
24
38
50
1
8
135
85
178
13
42
105
97
163
138
152
52
133
166
139
46
29
195
127
179
146
129
6
150
58
113
2
200
128
93
154
196
143
168
150
177
56
143
149
104
16
48
74
166
150
138
170
132
171
54
169
53
179
157
182
96
187
130
132
79
60
153
90
159
39
55
173
9
57
172
148
104
112
175
20
108
6
200
189
62
46
36
93
133
77
68
4
168
100
55
168
13
115
130
194
178
55
13
32
90
127
48
100
90
75
37
13
188
158
104
92
83
30
28
162
153
97
47
184
198
155
33
103
146
77
25
82
196
24
33
144
3
170
83
190
38
200
36
180
55
53
200
151
133
146
94
72
50
191
5
178
106
120
151
129
29
123
69
186
175
185
52
85
38
116
190
82
75
160
51
147
61
28
34
22
162
19
147
151
64
62
47
59
195
172
146
103
47
21
55
154
161
187
20
136
17
114
136
193
19
66
171
137
126
147
45
113
83
16
106
127
2
174
107
81
194
191
192
15
24
58
101
50
123
86
163
103
69
175
153
49
36
39
163
38
73
193
1
144
120
82
171
192
146
185
115
86
80
200
83
187
120
51
194
186
117
9
89
100
26
97
170
132
15
103
171
138
199
78
199
52
89
64
54
106
142
68
63
56
82
96
19
73
95
71
139
122
46
124
44
166
119
136
138
200
100
193
155
125
32
67
30
123
157
19
76
93
111
162
133
129
123
150
78
27
149
79
178
139
176
145
126
140
22
141
41
167
82
149
148
152
108
152
111
158
78
10
4
177
141
24
175
55
170
107
86
200
49
131
174
59
17
85
174
32
5
184
192
23
11
188
165
169
195
180
24
110
58
142
86
78
24
73
29
36
150
118
10
144
68
66
191
92
170
139
5
177
13
192
94
10
21
198
63
129
101
160
43
41
90
95
43
21
87
147
165
87
72
144
67
75
46
189
150
28
155
105
82
47
158
86
115
151
33
74
144
113
33
84
40
169
190
84
10
188
196
46
113
40
136
49
80
8
31
155
2
141
44
119
13
178
24
73
184
86
87
121
58
103
40
7
77
125
53
38
36
100
117
91
168
7
22
176
121
193
166
148
59
85
132
30
183
106
163
90
124
71
143
83
197
181
170
73
116
52
137
156
175
78
155
130
83
52
170
38
102
77
5
74
162
198
196
126
86
63
30
161
119
74
80
110
63
25
175
83
76
16
144
47
133
169
85
162
73
87
67
90
152
5
34
195
77
199
5
134
69
185
18
165
17
15
67
197
74
149
111
197
142
192
67
190
21
156
149
52
82
72
26
29
174
55
110
31
39
192
140
54
49
168
55
78
91
198
57
174
190
63
137
30
89
140
186
42
168
121
161
48
182
183
7
190
185
4
161
63
133
193
44
64
124
12
141
93
44
71
120
50
113
177
46
87
157
4
165
99
109
79
139
124
6
12
194
118
144
28
115
91
17
2
140
145
37
13
75
34
141
2
184
136
29
34
38
135
178
72
123
64
60
141
169
83
49
167
91
28
59
72
107
106
2
35
171
156
108
100
131
76
4
40
195
89
65
74
49
159
81
88
165
114
14
53
171
179
167
105
17
50
178
38
138
60
33
156
106
127
138
167
115
156
91
47
183
36
94
137
47
39
57
4
115
200
42
126
75
125
145
64
150
77
198
135
48
27
44
45
193
162
70
176
140
97
82
72
69
114
67
31
7
110
91
60
85
147
160
104
7
192
94
197
184
151
158
36
13
68
70
166
104
174
192
117
150
116
119
44
189
98
112
92
75
164
126
8
171
122
128
59
137
76
22
177
200
120
42
12
113
10
36
64
31
115
137
184
33
189
140
106
71
141
69
192
129
186
138
121
125
198
155
104
95
163
66
155
101
103
115
30
195
27
64
129
149
80
152
200
4
43
81
17
91
99
59
131
154
152
63
45
50
86
56
173
90
59
153
130
41
61
47
28
45
23
137
74
155
134
157
52
192
135
132
123
80
3
177
181
70
189
30
86
3
11
128
75
161
100
43
56
194
66
129
173
85
127
199
124
2
188
89
198
53
176
151
79
56
94
31
7
132
90
166
122
128
165
41
114
190
111
89
164
121
189
22
65
4
155
123
117
55
187
26
125
19
103
121
60
89
83
142
175
101
167
23
155
153
51
117
27
87
3
138
102
102
150
168
103
66
82
44
111
109
90
59
185
122
107
187
188
172
91
173
119
74
154
82
63
197
14
52
116
5
186
134
165
105
38
54
185
134
173
122
145
171
58
89
130
98
141
124
102
144
77
132
101
49
14
54
112
94
133
52
15
200
17
13
35
50
53
113
142
10
51
181
170
136
163
166
112
18
12
164
122
7
146
44
51
194
65
43
45
34
137
103
26
160
154
8
7
144
130
152
71
196
29
142
60
21
116
145
179
59
185
139
184
39
138
36
31
183
116
81
22
26
153
5
47
13
5
46
26
45
150
195
130
133
10
117
30
162
134
131
147
133
84
74
40
81
36
188
171
190
30
161
122
198
190
164
45
22
106
16
114
135
200
138
16
165
59
112
184
47
144
138
32
56
52
152
91
53
96
21
62
161
168
74
35
134
192
102
179
188
80
101
16
110
73
62
153
171
24
65
138
51
11
192
179
44
162
22
119
99
184
134
96
110
73
69
104
65
46
50
51
47
143
45
156
60
169
86
102
169
48
7
188
136
110
165
34
152
141
26
125
147
1
39
32
22
18
25
185
16
145
153
20
71
168
120
175
88
31
146
117
45
100
163
86
116
122
103
142
5
174
134
53
12
30
25
160
184
66
46
151
27
192
98
14
172
187
63
191
185
107
19
23
120
67
19
192
160
167
104
80
99
68
146
104
31
21
26
135
22
34
36
88
194
28
149
25
93
119
1
45
32
87
96
109
154
198
193
122
20
108
72
23
162
192
53
52
124
166
157
181
62
66
124
101
29
36
154
13
83
77
158
90
93
200
177
62
43
132
61
101
39
81
21
146
130
169
142
163
35
34
71
83
1
161
165
142
100
137
66
34
30
28
55
29
120
185
111
169
18
198
126
7
11
64
49
91
170
145
200
44
156
65
138
159
7
112
15
148
94
130
188
81
86
165
35
77
16
119
185
48
49
148
156
33
182
38
28
97
60
125
200
54
102
42
5
130
16
166
51
133
84
120
97
40
179
39
42
4
7
21
71
50
6
125
79
188
185
30
140
99
174
39
16
3
42
86
64
12
67
28
184
131
166
83
183
32
36
91
13
57
3
49
114
127
98
65
16
94
108
38
19
139
25
71
184
146
129
60
84
22
138
161
150
124
84
106
48
114
187
185
10
35
101
171
40
158
69
57
86
193
23
134
136
184
28
100
62
91
136
101
80
174
107
86
46
10
37
182
140
100
102
8
196
20
85
28
156
161
134
53
1
4
89
199
76
170
105
191
44
158
58
120
76
150
191
147
199
68
147
110
81
80
182
8
120
139
26
100
171
15
111
156
33
166
19
121
38
65
110
104
145
51
142
102
145
28
142
111
97
25
84
99
41
132
171
155
136
104
46
10
15
33
118
31
119
33
14
91
62
133
36
118
46
122
19
6
134
122
47
171
189
195
9
28
36
178
76
6
51
43
55
119
191
125
180
166
155
172
23
45
68
110
11
73
153
75
178
98
171
142
68
142
18
169
66
122
56
128
115
84
138
133
150
163
83
36
193
136
131
135
121
129
89
125
35
34
4
126
123
183
161
66
131
65
24
123
87
109
39
32
166
27
163
164
179
20
52
142
116
77
169
122
99
188
132
40
140
153
31
75
182
143
119
101
101
35
7
81
191
124
200
169
86
35
56
145
45
109
1
20
119
150
148
181
100
49
85
120
133
141
89
171
98
34
141
23
146
141
128
51
83
48
100
51
131
197
105
132
6
52
83
140
168
171
77
144
157
174
117
158
87
167
34
44
73
15
99
72
138
62
10
121
187
128
42
54
124
129
92
198
100
82
24
111
72
179
194
91
54
35
67
48
114
23
146
175
89
23
178
120
84
167
6
195
47
125
42
90
99
198
67
61
192
174
66
6
7
39
197
119
63
145
127
16
94
124
170
125
19
170
73
71
162
16
26
130
95
38
196
31
150
101
102
195
162
104
193
160
149
7
14
170
40
56
162
52
11
78
177
140
23
103
25
197
50
24
113
124
115
172
9
21
182
157
99
150
146
98
67
44
49
193
132
5
96
95
51
150
152
182
199
46
76
46
185
34
101
200
168
98
10
142
32
100
99
175
188
160
63
146
130
60
125
168
167
169
128
95
50
197
143
124
197
18
12
169
49
182
34
175
89
85
69
69
26
5
45
122
161
112
123
152
101
143
31
26
31
52
121
199
128
81
6
183
26
15
13
5
193
10
139
6
67
67
172
81
165
142
27
87
136
134
52
125
77
93
160
152
197
128
8
88
28
121
6
128
38
111
184
4
138
84
142
36
22
78
79
81
35
112
30
54
131
9
131
49
33
142
71
17
64
19
16
185
110
175
142
86
9
161
149
86
179
102
172
106
2
197
173
110
132
188
71
126
185
3
128
147
89
153
198
190
96
199
152
19
174
58
120
74
116
69
84
11
60
126
197
40
184
119
160
119
62
168
4
167
139
27
194
83
77
161
139
158
181
155
79
62
69
122
74
99
158
59
20
146
102
190
17
157
40
126
126
133
179
22
117
163
88
9
139
131
6
91
200
170
8
54
14
57
186
184
149
194
200
163
7
67
136
20
72
65
200
9
48
15
115
13
108
23
128
93
121
200
99
72
187
193
153
18
125
189
94
90
89
15
97
69
147
159
138
146
169
198
26
48
22
38
44
108
71
150
147
40
53
13
21
32
77
92
126
46
100
17
175
57
78
73
137
9
97
110
133
159
189
145
5
131
128
50
120
69
175
102
162
56
167
128
114
163
181
19
129
90
114
142
24
197
132
41
32
136
33
183
183
51
45
53
58
2
69
34
174
95
20
127
84
134
183
113
37
26
53
13
25
46
97
3
174
159
106
78
159
112
82
51
171
181
54
128
160
117
198
119
119
178
182
66
153
114
172
177
187
75
43
42
110
98
63
49
43
149
193
137
21
18
30
25
182
39
107
162
151
148
59
40
106
182
69
15
2
117
95
168
46
168
40
164
1
175
45
200
126
81
18
25
50
87
75
58
186
16
59
76
31
183
12
38
71
163
192
29
62
13
97
77
101
159
172
192
49
123
99
151
159
129
146
143
39
61
74
78
94
96
5
14
33
126
105
96
22
49
169
85
21
92
39
33
120
138
167
33
63
135
32
38
95
103
12
115
43
70
35
148
131
104
42
7
12
98
138
103
16
64
118
118
200
152
44
139
183
55
88
13
113
123
38
175
92
9
119
52
78
24
53
12
31
190
2
16
88
129
30
122
188
64
128
89
78
115
47
76
83
32
40
20
170
48
163
7
161
153
106
162
121
181
42
151
140
139
125
152
6
141
190
26
83
105
54
181
31
12
7
59
188
52
128
31
23
148
8
97
115
6
150
7
11
116
136
189
186
135
114
24
77
164
178
127
123
108
130
67
28
26
101
49
176
131
158
14
97
17
93
106
52
8
131
104
148
53
56
85
136
195
147
191
37
48
106
8
79
159
82
147
100
23
193
14
9
53
42
192
177
125
58
109
147
159
33
64
28
32
42
80
38
101
38
110
151
55
141
198
28
180
47
140
39
82
99
193
22
98
94
14
7
130
94
152
17
195
39
189
76
172
22
181
84
167
100
157
10
67
69
160
196
185
129
95
133
67
59
67
64
114
32
87
161
167
50
123
61
84
174
167
107
147
75
109
147
71
21
67
70
179
128
39
85
160
168
179
31
122
192
91
94
45
10
108
41
124
23
48
151
26
63
183
170
141
2
56
106
127
88
64
180
167
79
146
10
87
107
121
44
7
43
162
184
139
18
196
110
200
98
196
143
53
168
141
104
56
156
53
57
46
63
198
51
190
66
106
128
48
28
104
77
66
76
47
182
4
16
64
161
117
182
178
134
29
185
104
45
77
175
109
136
3
136
42
187
194
121
15
145
58
113
105
97
92
107
27
17
184
134
112
177
106
66
7
99
19
20
192
25
68
51
135
96
176
76
95
188
66
163
40
109
61
83
187
96
123
136
149
160
120
139
67
174
151
61
142
94
149
7
119
69
13
66
20
128
172
115
43
151
150
129
62
178
137
26
7
66
184
154
6
27
154
166
146
128
181
32
181
184
148
124
82
64
145
50
27
41
63
92
30
99
199
179
128
26
61
70
181
24
148
3
166
83
24
56
188
8
10
131
92
112
145
145
76
90
6
157
125
18
57
49
161
81
51
89
167
68
179
174
44
49
133
177
164
199
136
17
58
181
167
62
92
134
130
86
51
92
94
89
89
187
58
160
28
111
27
91
42
65
67
75
93
149
13
93
17
159
28
160
43
40
164
49
197
51
97
197
79
109
87
38
104
124
2
42
46
31
95
1
194
55
195
5
143
125
170
182
44
28
2
103
24
39
162
35
102
6
101
133
57
37
11
118
194
78
193
111
191
9
176
90
70
192
140
36
107
40
174
70
174
45
28
196
137
196
103
117
8
23
165
149
9
173
9
191
158
48
32
87
97
107
68
15
191
68
6
112
184
54
40
27
143
130
41
128
141
87
44
48
154
71
11
6
110
172
72
43
133
43
21
26
82
119
189
152
53
58
66
176
31
152
103
151
189
148
73
91
20
118
194
161
157
93
94
200
33
50
74
144
134
45
57
87
26
165
1
133
23
146
54
110
96
148
109
120
35
137
124
45
183
91
176
147
40
49
166
163
169
120
70
183
114
88
141
167
34
91
122
37
78
196
107
64
50
21
57
134
167
156
58
22
62
102
61
117
164
139
179
198
135
189
100
71
200
116
167
66
33
75
79
138
1
49
194
159
158
72
59
83
18
66
107
21
113
5
3
198
137
44
117
179
107
25
116
74
161
79
137
120
9
189
183
122
17
24
113
187
171
167
43
69
59
77
63
147
182
154
105
39
198
123
196
112
116
188
22
38
5
179
41
65
167
95
132
166
157
185
66
107
66
1
185
190
3
12
158
8
8
28
87
144
36
113
32
78
50
7
2
36
147
160
177
12
109
91
165
198
126
108
84
16
178
95
181
156
169
135
184
12
117
4
149
1
42
61
74
124
190
33
24
188
179
140
104
138
91
64
178
2
4
114
31
115
100
199
104
199
118
191
69
175
93
49
107
185
49
127
168
36
8
178
72
6
31
121
46
59
160
199
43
9
78
67
34
106
79
91
112
41
18
3
70
144
49
27
161
58
64
47
91
69
127
187
11
50
140
14
163
159
21
38
16
76
173
77
191
30
156
11
78
185
76
36
177
41
49
130
191
34
168
38
124
46
4
195
87
135
53
76
142
126
2
56
105
179
192
34
61
126
27
126
91
190
108
136
48
120
84
15
29
114
49
27
41
128
110
67
166
166
88
74
177
151
54
154
30
110
144
1
172
12
179
164
189
169
3
161
169
174
67
161
19
186
2
86
20
147
14
97
190
95
5
120
20
28
89
62
96
53
44
91
148
166
125
85
126
154
193
111
198
98
6
113
57
57
131
32
35
102
172
39
57
66
37
70
125
187
173
3
53
72
181
126
181
109
200
138
68
129
13
32
85
94
59
141
88
89
78
160
160
131
31
77
141
39
192
61
77
61
95
129
38
54
186
140
128
129
197
105
169
197
176
14
184
192
149
47
134
160
128
174
2
8
96
153
36
61
53
172
196
121
74
89
68
176
164
13
75
50
131
29
196
184
34
128
46
1
186
191
173
39
172
194
97
174
62
109
117
101
140
28
98
73
179
90
173
94
59
200
79
167
11
43
196
168
178
55
55
193
3
27
195
46
175
149
84
45
82
176
71
48
119
99
168
195
173
68
139
192
190
69
61
113
101
13
35
78
176
18
91
48
191
141
106
85
44
15
165
101
99
83
76
171
124
99
52
65
78
24
61
165
118
68
171
120
56
98
128
66
101
89
170
14
199
45
160
51
57
6
11
29
114
21
83
33
67
188
32
65
102
181
186
103
74
54
195
28
189
155
3
67
169
148
172
138
34
113
63
121
102
156
86
87
118
142
164
49
133
68
154
147
14
195
108
76
67
130
83
109
3
95
172
107
99
156
145
45
25
179
102
32
141
104
126
129
160
190
71
50
113
189
164
1
142
115
106
45
112
176
85
107
59
198
195
160
124
16
97
23
59
74
77
197
107
106
196
188
144
142
140
189
40
78
173
153
197
83
172
186
130
185
48
69
140
200
16
123
43
113
108
32
49
55
172
91
10
59
126
128
69
165
156
106
90
8
156
197
124
142
50
35
185
27
187
12
23
70
59
12
1
5
186
104
163
9
123
41
2
138
13
148
120
92
149
161
6
26
91
131
82
89
196
39
12
185
48
56
172
103
101
162
118
166
140
102
24
16
10
54
3
32
186
90
8
145
136
65
13
28
185
156
96
86
50
39
156
16
142
57
10
20
28
63
49
180
144
132
152
52
97
99
180
139
107
192
102
14
182
52
70
87
78
143
142
156
36
59
200
162
181
175
185
139
114
57
194
174
72
32
53
54
200
24
101
37
1
167
193
147
165
104
82
153
10
134
123
83
90
43
105
70
141
137
66
6
13
73
27
156
26
11
157
189
47
69
15
14
197
127
66
86
182
30
57
189
117
39
199
116
100
23
134
69
30
144
117
29
62
191
25
142
48
148
120
82
183
90
106
4
150
191
192
169
146
118
146
168
71
139
187
126
3
183
96
29
56
197
121
142
14
147
79
28
104
125
87
187
166
198
69
17
19
145
5
164
80
16
173
44
8
18
127
18
181
58
70
137
59
101
23
75
36
29
115
159
100
28
193
122
141
90
137
44
94
147
22
29
95
19
3
144
97
28
18
86
4
73
177
86
112
67
55
155
143
44
101
151
67
10
135
199
101
183
117
86
94
54
125
22
49
112
76
44
104
24
117
124
86
4
113
118
85
70
8
167
105
185
182
66
173
31
161
88
116
146
194
22
43
66
50
159
149
167
71
97
94
104
168
84
61
115
45
16
115
125
162
126
1
68
173
50
18
19
14
159
180
70
87
76
125
47
188
118
83
72
141
102
36
26
74
148
7
189
118
44
139
185
158
40
95
61
132
54
66
38
191
172
28
98
61
185
92
100
92
141
91
107
14
99
24
191
163
126
22
196
147
179
155
2
124
14
99
147
88
79
13
119
83
85
115
157
20
59
128
131
2
27
93
167
25
145
156
103
20
89
185
22
157
36
69
200
11
14
109
136
116
163
155
103
35
116
11
64
75
93
185
82
149
41
25
102
182
103
94
97
21
102
56
180
179
15
8
74
100
67
69
186
125
165
188
30
119
112
3
123
43
188
143
98
189
173
39
14
134
149
32
151
197
60
10
30
118
125
107
122
190
26
139
10
70
82
40
108
30
114
155
86
51
194
50
195
3
9
135
128
73
108
97
143
173
51
9
20
22
84
128
174
106
45
159
176
45
92
135
153
184
25
187
64
132
102
154
156
127
197
129
52
62
11
81
154
28
92
92
53
10
127
70
135
64
131
122
68
50
18
66
12
126
109
163
51
125
16
200
71
56
112
22
81
38
170
8
136
67
93
83
50
107
195
125
45
71
60
34
157
94
92
23
6
88
158
99
29
47
121
98
130
175
90
60
65
80
73
70
9
18
64
23
19
184
178
21
79
55
65
48
4
25
27
64
192
93
93
155
31
50
176
26
94
92
163
172
138
141
89
155
164
168
37
62
120
114
107
86
151
105
41
173
154
66
46
107
127
158
97
147
81
197
