736 3352 1
82 176
155 287
474 117
143 362
143 247
407 735
584 24
309 1
705 354
606 454
719 313
311 608
1 32
1 569
182 197
686 1
631 682
35 608
519 1
93 172
158 635
121 154
258 1
35 537
561 245
378 300
690 159
1 607
537 350
247 172
644 706
423 532
306 735
598 152
455 1
1 482
241 176
589 86
1 212
200 1
325 601
395 408
286 330
485 300
140 1
59 724
427 342
614 311
1 603
260 288
1 553
386 495
407 455
226 684
718 39
1 294
381 303
1 648
289 214
708 591
177 297
245 429
582 370
25 1
1 703
507 672
196 327
59 195
730 8
257 168
119 1
71 307
1 177
318 146
355 473
54 471
354 476
420 334
647 1
1 718
518 1
158 729
337 288
125 462
302 19
55 302
342 573
243 128
59 378
80 732
10 429
713 546
267 26
1 579
658 104
341 247
134 4
1 724
119 195
266 252
142 508
582 154
427 646
480 439
59 636
1 514
1 642
673 186
634 663
359 369
678 332
223 336
228 515
341 365
29 601
708 359
584 705
733 146
477 63
689 240
502 245
365 121
334 49
727 567
628 567
526 639
284 286
729 20
104 177
510 502
718 233
378 10
1 665
158 243
335 198
142 453
566 496
584 106
1 74
148 514
1 588
730 130
677 455
325 533
332 59
174 269
302 289
42 224
1 563
352 403
478 1
535 589
432 615
253 31
1 454
1 365
639 463
1 325
65 348
585 34
178 677
463 315
656 116
127 588
249 400
298 142
546 651
668 120
370 168
295 352
124 484
549 246
83 1
73 1
480 98
46 327
1 445
677 673
239 171
513 284
670 473
1 442
303 600
1 474
102 662
593 421
324 1
345 602
71 275
245 687
1 468
360 203
725 499
418 252
362 1
516 302
1 97
714 181
330 92
168 86
82 490
59 145
485 285
1 650
492 304
112 706
332 220
86 430
391 414
599 265
242 74
1 389
28 436
376 724
653 514
428 450
656 492
371 452
487 226
253 113
228 592
59 334
288 614
1 538
1 248
1 479
59 49
59 305
1 593
472 545
687 398
539 164
236 43
1 117
208 308
370 1
92 77
263 692
1 43
1 36
146 316
1 336
217 1
673 622
421 700
140 274
431 331
607 46
288 515
28 86
168 635
264 598
496 404
302 330
151 411
49 342
345 339
554 1
607 717
599 463
288 341
190 306
1 504
236 1
574 178
127 424
290 329
633 593
283 576
195 582
331 361
68 352
649 1
499 422
1 477
495 306
382 508
301 269
287 202
319 685
37 300
254 57
275 59
146 6
652 19
491 163
461 1
350 592
1 270
49 29
261 722
302 1
343 161
475 733
409 608
696 197
25 82
173 65
193 1
243 144
600 273
1 128
224 104
149 210
630 136
321 1
1 44
215 508
306 59
1 100
76 708
24 354
464 88
421 709
1 280
1 264
1 488
647 228
605 306
141 720
537 535
272 463
516 673
300 186
77 476
59 592
444 330
38 414
729 59
612 1
572 124
590 158
264 564
348 397
1 428
124 509
235 59
77 59
332 37
498 386
601 496
22 219
218 354
735 167
288 668
683 343
167 568
561 26
552 459
510 673
24 466
611 524
115 650
305 668
24 635
57 1
354 455
249 87
256 264
587 173
26 677
709 293
16 560
369 30
512 32
669 116
568 724
1 564
561 93
132 1
286 429
696 180
420 59
342 10
481 715
103 620
705 429
590 605
164 92
72 492
162 632
43 475
480 238
408 201
464 457
323 482
49 19
735 59
1 332
426 459
270 331
668 218
1 433
466 456
614 635
196 103
533 476
446 323
259 373
109 1
436 476
362 713
1 356
259 243
452 1
59 86
127 500
92 729
1 224
130 434
176 418
488 308
1 623
593 96
44 195
544 277
59 582
85 659
59 411
594 631
218 223
457 320
578 173
59 282
690 510
207 700
574 93
298 588
527 1
6 463
357 156
110 413
304 392
444 687
374 467
143 311
403 1
374 1
230 342
729 336
531 707
117 683
92 705
1 447
1 126
442 396
59 300
5 562
606 714
533 282
173 1
150 321
229 190
618 126
677 376
446 363
529 130
404 515
21 727
444 496
1 256
1 277
394 1
300 167
288 378
634 1
66 439
528 133
703 642
287 1
656 81
437 115
1 470
201 609
170 152
128 513
507 277
229 729
378 143
450 52
30 1
178 71
582 1
186 195
575 321
412 454
1 727
1 565
579 614
1 265
534 356
496 647
444 24
1 632
260 608
567 176
629 60
376 456
695 298
498 223
711 708
15 1
231 506
455 49
425 711
1 103
624 59
1 290
10 502
502 651
643 94
348 1
1 342
120 516
590 259
291 1
199 481
9 136
426 618
113 600
406 490
341 1
627 727
1 506
213 56
414 1
701 506
407 59
59 26
52 160
584 257
1 276
316 1
230 59
1 660
230 1
535 624
18 152
376 55
1 480
372 481
62 258
428 715
106 230
464 69
492 46
678 77
12 718
235 302
129 1
341 668
311 214
10 568
36 563
407 289
420 92
603 540
476 307
39 327
731 167
372 132
209 401
674 5
546 317
231 1
241 524
191 1
160 675
48 1
129 463
566 211
486 161
386 601
28 444
1 418
15 582
17 151
190 677
689 517
586 1
324 525
555 580
579 93
255 694
492 132
306 467
624 566
369 1
542 317
297 610
317 1
628 381
619 243
138 130
307 59
488 422
326 416
1 542
344 734
370 167
1 699
660 216
488 413
214 365
376 510
608 59
562 1
1 657
579 159
86 186
392 715
1 12
1 31
153 157
572 725
119 120
76 287
1 425
1 551
307 334
572 554
218 411
354 332
185 283
444 1
183 1
1 525
302 26
689 656
76 721
458 1
528 1
646 466
145 574
399 318
1 561
432 193
530 725
530 675
706 528
469 233
420 223
516 17
576 58
682 516
574 35
341 59
235 404
221 530
1 203
465 490
251 81
1 271
119 190
77 1
136 1
1 45
67 531
535 456
495 687
1 333
131 519
533 373
59 286
243 341
373 59
511 18
96 63
59 496
144 92
546 646
564 511
609 1
584 154
1 693
643 596
122 556
130 101
330 37
71 1
409 59
592 281
379 129
619 582
584 731
104 1
1 111
434 408
143 17
331 1
306 601
702 1
683 711
59 119
172 281
1 441
550 343
707 1
1 652
1 91
168 1
358 300
502 411
304 501
559 1
390 501
259 350
126 544
339 163
59 288
214 579
279 504
423 4
505 288
535 341
145 485
59 17
505 579
69 1
373 617
239 423
729 77
515 77
336 370
463 238
507 219
1 102
396 486
617 281
66 491
59 542
531 108
594 10
599 183
687 1
455 228
568 218
1 326
252 239
605 539
177 508
496 649
362 649
605 260
1 268
584 20
656 657
37 398
339 294
406 224
88 628
579 307
260 286
587 181
499 462
649 411
244 1
77 40
619 584
120 420
235 1
605 677
400 294
410 658
336 211
63 1
317 250
609 173
731 407
496 365
226 123
148 720
156 461
646 168
449 1
153 658
37 1
119 55
597 694
354 257
311 106
208 675
614 1
1 723
245 289
708 597
1 5
218 306
594 590
643 1
338 222
690 1
229 306
1 668
182 723
130 252
71 59
3 386
260 651
4 157
90 60
451 698
687 358
721 279
239 198
1 680
72 104
331 11
542 244
317 533
13 389
709 730
243 409
195 1
533 546
202 111
288 647
465 81
350 59
1 61
687 26
566 535
611 278
658 638
1 558
1 42
145 235
505 374
322 308
455 358
502 211
427 404
664 51
561 690
634 241
515 687
145 444
574 59
418 353
503 255
337 561
622 1
245 267
352 265
20 3
29 1
429 411
487 233
667 1
77 288
651 411
174 324
604 15
671 1
691 1
24 1
574 92
1 728
146 459
59 444
543 611
426 494
195 441
213 118
325 59
699 149
421 210
144 546
79 474
330 624
544 21
128 26
535 77
1 631
399 709
1 471
410 390
190 40
436 1
712 157
614 17
342 44
342 178
340 578
285 121
122 265
399 1
1 706
286 3
405 357
188 1
709 1
1 169
645 1
430 573
203 438
168 513
542 37
192 1
652 378
249 34
115 685
279 1
611 1
250 151
144 542
383 337
59 260
1 465
429 59
568 466
155 32
643 256
59 495
498 590
220 678
276 565
373 3
24 551
1 22
36 703
687 411
330 386
1 319
44 325
36 193
106 476
59 485
373 49
631 330
327 621
602 384
281 164
260 542
67 323
310 679
676 481
345 394
229 1
1 76
345 30
527 59
381 734
80 1
107 659
1 101
516 59
311 167
705 259
628 413
662 80
594 55
673 59
426 1
1 122
43 593
285 59
465 578
92 370
59 456
302 59
420 584
179 464
1 337
446 162
1 107
282 539
1 670
274 1
151 214
505 59
277 520
93 144
659 343
491 1
172 608
510 286
335 661
338 57
649 120
386 92
215 390
243 44
300 10
539 44
619 404
120 590
412 630
354 1
196 1
626 349
703 514
1 251
596 1
336 651
365 235
371 1
324 321
243 365
104 660
1 473
447 676
343 708
307 214
305 24
360 1
259 247
404 455
341 635
60 603
120 354
655 388
632 174
106 284
1 303
417 1
632 384
591 716
71 40
670 727
444 49
542 724
371 418
234 75
423 1
1 592
634 146
86 29
92 652
78 715
656 1
321 458
730 135
592 106
302 211
121 260
666 1
145 498
237 552
489 372
607 543
338 113
573 513
660 207
592 617
682 59
122 634
261 581
214 144
82 91
573 186
15 430
230 71
286 1
111 54
172 467
1 377
330 247
16 699
267 19
1 266
481 1
544 1
685 401
657 559
250 713
354 407
445 55
93 1
490 1
360 326
429 218
455 533
26 285
44 282
564 321
589 59
41 692
1 98
20 243
245 649
412 1
612 360
502 260
709 90
668 731
370 366
404 120
117 161
275 172
341 617
442 528
510 145
272 74
235 332
350 214
229 537
410 610
187 74
483 156
245 724
485 605
357 648
131 671
1 254
498 342
59 128
667 689
1 110
341 15
376 158
593 461
601 158
722 433
1 198
656 182
409 55
657 64
59 646
510 306
190 546
676 458
52 295
313 1
185 628
143 260
332 247
211 284
718 448
668 151
575 118
314 89
235 128
1 3
673 311
1 494
1 164
430 647
90 1
568 495
454 57
18 428
649 516
275 635
275 614
197 205
693 520
456 317
1 653
28 337
607 530
1 556
547 1
460 110
28 376
497 696
543 664
236 580
107 22
317 220
584 289
172 365
659 150
322 437
656 113
21 521
44 281
652 568
495 281
151 143
590 495
510 636
617 92
644 111
1 113
676 1
1 446
624 362
59 154
283 1
142 1
48 665
736 1
17 647
1 249
154 306
534 1
469 1
185 381
696 695
261 1
391 1
387 343
565 591
241 304
107 683
579 119
620 137
1 166
550 1
99 730
1 384
712 698
624 584
305 10
535 245
1 84
566 289
393 205
483 213
195 229
40 358
60 1
270 134
148 641
54 174
99 1
681 1
718 344
496 724
615 1
152 192
403 621
641 391
533 49
145 373
635 259
529 1
12 152
736 477
593 82
720 32
492 610
465 555
426 174
419 252
348 344
1 591
257 533
540 1
353 1
339 1
557 461
433 666
1 182
105 674
398 466
85 201
501 58
263 129
155 1
733 343
59 229
302 635
124 95
1 158
162 439
490 345
628 1
362 673
705 652
427 608
1 438
59 186
343 312
383 365
252 81
601 444
71 365
198 656
659 268
546 635
344 197
207 66
1 672
619 44
652 247
619 604
475 110
568 649
1 577
257 59
1 257
35 1
281 358
489 449
237 665
514 377
668 378
113 688
620 299
601 594
186 119
1 131
723 571
155 572
530 1
178 1
404 59
616 654
1 395
511 47
589 370
116 216
1 288
136 123
178 362
159 44
144 307
24 59
662 509
8 217
490 266
215 410
1 515
365 652
466 19
588 488
342 516
518 68
190 373
248 564
55 289
590 59
524 557
186 230
510 59
603 464
40 378
467 59
206 111
43 96
259 646
622 59
10 229
398 120
731 605
1 574
51 315
135 171
342 678
59 55
1 484
385 522
731 284
78 389
627 104
502 59
629 100
181 72
1 549
639 181
602 137
1 156
1 225
650 292
175 1
593 41
189 187
338 410
661 680
374 223
650 352
275 1
410 199
334 3
573 305
165 271
1 245
160 357
651 10
441 288
272 432
14 25
616 1
451 50
711 600
89 253
1 406
1 694
465 224
56 632
704 1
460 139
121 407
705 1
325 267
436 411
434 299
407 250
597 465
655 517
36 202
1 304
271 446
582 336
646 376
119 366
326 174
28 467
398 690
111 707
366 172
151 59
608 515
736 714
130 465
233 450
244 427
21 323
608 92
267 59
17 235
133 540
321 734
582 120
1 320
543 118
513 20
96 201
233 1
120 605
311 172
275 429
181 500
237 722
430 617
39 1
296 61
604 59
270 460
646 1
481 258
440 642
573 337
399 45
86 605
677 649
607 403
1 613
1 255
369 425
59 317
219 517
195 289
668 257
257 505
647 735
1 146
59 3
652 59
72 318
396 1
281 59
73 587
621 182
407 86
502 186
456 574
269 531
281 151
1 70
218 358
1 674
449 152
256 196
376 624
259 267
239 147
44 429
260 17
337 59
213 618
631 49
386 590
542 178
265 720
106 44
179 1
1 382
285 455
321 712
456 1
536 547
28 1
1 67
391 595
415 349
162 184
511 1
695 1
369 658
1 434
718 142
1 393
228 306
456 257
159 624
171 333
673 275
394 562
198 95
158 228
177 390
255 371
1 197
137 583
54 603
23 395
622 282
111 375
1 16
540 685
398 300
59 358
325 106
635 631
398 267
565 339
539 20
580 626
303 569
1 392
66 410
514 81
410 1
729 731
1 87
693 162
704 385
1 459
573 211
505 358
1 498
523 80
20 288
328 1
186 120
79 394
265 66
59 342
59 15
481 97
101 637
385 559
1 92
4 270
132 170
482 353
1 420
532 1
285 444
303 8
28 705
216 1
435 700
53 720
10 455
253 138
571 62
258 82
423 434
706 368
713 608
1 381
731 735
572 162
232 23
436 370
290 723
59 190
568 214
731 687
1 546
701 671
539 311
254 34
55 168
664 1
361 1
275 93
226 157
59 168
225 644
297 266
337 311
151 383
608 429
592 537
1 662
167 386
482 188
154 164
564 559
28 120
598 1
404 311
626 464
1 17
59 106
697 188
59 223
702 7
1 241
562 662
1 135
1 347
263 224
1 720
1 95
366 651
10 59
635 1
65 544
430 144
318 43
677 398
427 420
498 533
1 56
383 690
567 18
584 631
583 1
201 406
539 1
566 724
578 532
341 467
566 436
513 533
188 503
1 295
609 600
717 626
25 439
269 720
1 548
595 492
350 673
1 464
401 1
24 498
516 678
286 668
229 167
431 552
190 10
230 144
379 1
354 429
1 560
685 500
214 159
67 298
306 1
183 268
485 404
81 1
1 508
190 366
20 300
1 513
59 535
499 1
220 374
441 589
59 28
360 402
429 590
456 106
197 136
551 445
171 475
367 688
1 247
663 76
71 374
542 386
370 668
571 1
584 245
496 574
735 211
303 616
328 577
568 533
1 163
120 584
714 1
490 613
35 325
342 144
525 174
513 476
59 579
510 731
186 144
1 105
287 497
429 288
1 311
58 356
510 354
178 561
601 724
441 10
1 637
1 424
241 397
292 253
605 362
178 317
200 313
1 201
153 1
85 1
468 665
687 77
178 307
528 134
673 409
229 257
409 288
208 1
349 1
152 189
456 445
3 619
156 474
59 631
1 187
652 590
83 115
415 210
435 1
269 563
255 75
699 557
1 522
123 1
339 290
384 30
53 1
1 733
436 259
675 1
201 478
1 232
244 533
1 147
44 476
299 238
415 252
124 208
12 239
642 671
601 10
533 235
195 677
365 584
440 1
413 222
409 311
628 449
651 354
158 485
1 267
456 17
325 49
560 598
537 1
4 161
182 339
531 586
378 145
1 378
168 362
288 19
516 337
592 619
1 322
1 263
226 140
276 292
537 145
445 466
59 513
192 672
260 378
407 386
441 682
299 33
1 301
668 302
636 15
326 711
414 212
651 228
275 26
273 452
143 601
26 311
430 1
1 40
72 298
546 407
594 275
14 644
643 265
370 282
340 1
660 695
735 281
152 1
525 552
336 245
198 564
1 68
539 455
41 402
565 658
358 1
389 431
628 126
138 685
559 599
95 73
1 318
50 1
718 125
342 378
231 479
526 203
1 595
42 543
682 257
1 335
365 28
26 647
578 1
108 501
1 13
571 460
446 124
59 158
713 374
70 718
120 1
411 647
317 145
1 206
467 516
134 1
2 179
1 655
59 466
1 211
49 573
724 145
162 418
248 109
567 726
443 1
444 77
697 1
246 1
551 668
72 1
66 14
285 624
643 549
24 678
551 158
303 283
1 94
499 114
417 140
561 59
181 1
105 101
542 259
482 100
445 542
358 510
677 407
682 420
566 307
654 1
1 167
582 592
592 566
334 510
1 503
325 220
1 533
289 223
325 649
444 311
431 506
35 342
59 44
652 214
542 496
342 17
463 1
331 723
101 394
35 341
124 58
415 686
282 259
24 164
151 677
365 589
1 284
1 18
306 515
226 607
567 478
250 1
182 437
1 383
413 392
1 215
598 656
36 491
51 577
601 26
505 1
128 306
1 145
59 330
590 245
115 486
354 411
687 172
301 616
573 378
647 214
60 613
17 121
1 344
140 630
489 555
542 370
525 52
366 1
561 358
574 366
22 632
1 673
306 178
59 614
1 630
172 373
1 405
626 1
54 1
259 59
466 383
687 336
361 399
619 724
49 190
610 395
291 39
314 53
159 594
531 625
441 342
393 462
228 59
37 635
336 144
305 735
1 300
269 148
118 1
283 48
29 19
365 218
677 1
223 24
1 20
164 214
493 57
59 568
659 454
678 92
334 285
1 367
99 450
404 411
419 1
147 248
635 445
713 542
1 421
403 239
1 298
484 116
324 572
230 444
243 601
373 513
265 323
683 265
1 711
1 570
574 455
653 215
365 354
1 385
250 154
466 167
441 29
617 257
687 510
610 303
647 218
22 416
10 1
206 416
1 204
1 205
325 430
690 59
700 276
445 214
146 239
655 237
1 170
647 59
329 555
139 173
237 1
603 679
542 485
82 1
26 495
73 117
555 294
40 59
350 1
159 218
1 450
473 47
252 440
35 456
593 697
376 455
528 184
619 59
682 1
51 1
501 432
523 1
275 49
701 1
641 1
105 60
26 594
451 728
649 15
37 476
456 154
581 1
642 62
1 172
59 617
59 178
325 342
330 106
355 512
322 347
259 370
647 336
1 460
204 81
243 178
1 307
503 323
295 528
734 111
351 544
82 569
622 386
143 1
592 37
77 19
445 411
565 155
268 413
164 619
56 447
59 573
15 230
465 453
49 354
259 687
379 296
317 286
1 644
235 561
20 687
59 172
656 278
619 1
164 168
150 175
139 675
329 669
33 1
573 365
579 409
527 436
631 334
332 456
535 398
326 559
230 510
707 340
575 598
512 449
512 156
485 649
411 168
682 330
59 713
67 692
331 669
622 496
1 594
1 364
1 190
1 368
223 1
178 17
363 461
500 109
128 282
57 507
223 398
59 164
286 334
366 59
1 689
59 383
501 663
206 253
40 218
476 178
430 409
71 594
295 552
362 386
121 1
617 376
1 23
624 651
59 635
126 706
300 19
387 1
121 59
615 32
211 190
658 23
414 270
310 532
238 490
673 647
119 713
714 553
281 3
716 1
475 627
485 409
13 564
436 604
329 1
29 120
59 677
273 109
466 647
1 610
686 408
660 124
222 42
1 171
311 687
178 285
456 592
310 318
223 376
619 622
1 165
270 16
574 245
178 325
312 1
154 502
276 64
17 257
20 223
222 1
29 20
288 10
120 286
336 444
330 178
208 33
608 687
659 1
1 429
594 59
584 49
227 84
510 267
284 682
181 410
655 273
150 66
682 334
83 97
545 1
407 539
121 358
608 1
443 169
539 59
208 146
574 168
1 483
439 118
453 1
131 439
283 41
207 506
59 250
723 322
518 148
310 1
1 227
1 457
250 582
299 1
70 98
1 375
281 537
143 647
353 175
466 1
314 508
572 545
159 404
74 395
332 10
110 638
302 652
434 431
282 1
717 73
198 663
362 285
1 127
367 598
1 352
325 735
729 617
338 1
359 293
577 83
604 289
1 624
385 133
171 564
94 709
272 264
239 1
1 8
1 698
59 220
9 1
37 59
370 59
363 1
342 26
612 52
574 167
95 39
621 1
151 223
541 1
561 218
585 488
485 673
663 1
173 204
1 500
1 272
49 537
470 201
522 583
265 262
3 190
578 240
345 248
37 220
396 611
158 235
729 1
306 230
40 466
35 436
633 461
245 513
690 354
582 119
65 396
585 352
573 19
325 145
715 170
733 421
510 1
735 1
558 46
305 1
19 211
573 1
65 648
295 367
267 561
1 521
122 43
1 281
59 430
170 699
502 86
534 293
688 422
479 558
30 642
447 68
651 26
92 441
244 614
202 1
1 65
15 467
275 106
193 206
729 334
36 694
366 430
644 88
691 188
43 557
724 172
1 712
1 629
354 624
615 38
228 218
506 552
445 37
180 529
55 729
579 374
143 476
543 1
705 106
254 291
153 493
435 155
638 501
253 174
480 232
511 633
501 126
29 44
430 436
378 341
431 1
202 632
150 1
376 373
117 179
164 601
26 229
732 1
1 386
252 273
234 610
441 40
195 673
75 634
158 17
496 1
500 666
520 517
209 1
412 51
488 511
1 416
160 81
456 282
535 1
286 267
658 1
1 96
223 260
224 396
398 244
209 437
136 140
3 92
618 1
133 719
537 673
358 3
485 411
724 420
495 282
535 622
660 725
29 444
729 220
151 455
475 1
398 485
225 103
671 212
619 250
573 510
468 189
214 244
662 512
527 168
55 190
186 317
137 41
592 35
1 323
466 300
567 645
270 633
1 220
44 40
121 705
498 376
29 235
115 1
354 121
242 432
411 1
320 388
302 28
40 10
546 24
234 1
288 527
59 244
213 338
252 318
213 1
376 370
608 214
473 481
236 99
187 672
411 223
1 640
505 332
1 49
682 250
182 730
106 1
575 528
172 28
485 144
288 365
402 1
604 20
719 583
366 284
341 354
92 713
221 1
59 427
1 633
430 218
630 201
1 413
492 544
282 211
186 289
1 186
29 731
614 245
431 200
1 512
248 548
233 123
330 257
341 495
325 257
180 148
305 93
262 1
140 80
696 1
36 219
233 623
2 1
312 104
84 728
602 1
138 508
225 4
243 1
594 527
533 677
715 1
434 269
386 342
533 15
378 20
376 516
1 451
161 60
635 590
164 29
150 152
377 554
517 314
168 631
399 116
504 170
247 306
635 467
606 1
535 3
214 29
230 604
582 502
228 10
590 467
601 211
575 1
59 354
485 77
672 517
493 2
471 138
341 430
1 130
419 569
1 409
567 1
582 218
225 324
302 288
84 99
77 605
245 476
444 93
645 319
107 715
1 725
509 578
200 240
243 330
52 1
59 120
59 19
369 438
284 59
565 314
386 383
455 584
145 713
59 144
1 601
1 700
372 580
10 574
411 158
382 664
378 735
288 247
731 568
4 360
451 81
151 735
684 669
518 389
336 267
1 684
68 139
44 260
297 661
71 705
267 467
26 1
731 59
734 1
273 147
249 559
687 164
361 272
372 1
348 659
59 167
331 345
224 68
584 145
1 388
180 359
601 59
456 281
195 218
227 570
733 13
662 146
168 29
147 520
546 608
436 568
467 190
615 30
696 676
682 668
421 509
284 533
369 454
156 114
297 585
1 713
289 59
543 123
195 516
1 226
167 682
250 330
366 455
555 1
636 568
342 19
35 44
55 373
220 485
475 607
149 1
472 512
21 1
299 695
223 325
500 88
92 59
244 167
679 1
628 728
114 1
194 1
1 400
407 366
466 37
332 286
408 279
1 242
601 383
102 67
432 13
445 106
709 479
647 705
1 678
267 214
321 333
1 492
167 337
59 537
148 550
704 100
1 11
512 122
10 250
267 10
552 1
335 611
1 189
186 164
669 369
702 387
496 429
1 55
271 21
259 1
651 59
441 366
59 376
267 37
604 687
223 605
294 418
513 121
1 180
682 214
582 144
1 472
1 495
195 411
337 502
551 59
1 89
282 186
236 140
81 303
532 462
386 614
308 294
1 144
41 1
1 314
348 25
601 167
59 584
678 59
445 582
354 77
653 338
59 455
398 59
554 421
308 1
82 96
717 1
218 26
420 574
678 159
516 1
674 529
502 1
373 168
651 635
1 584
420 542
1 568
735 229
1 439
1 536
652 337
665 114
301 266
277 296
720 644
1 683
14 1
647 186
131 5
5 209
86 427
1 78
731 1
442 461
446 612
513 10
430 605
228 445
289 1
616 468
275 420
546 178
367 177
173 443
59 605
505 713
354 430
468 113
288 211
675 367
220 619
1 497
286 172
218 59
690 546
566 1
368 72
585 62
38 1
578 371
15 350
411 378
658 38
644 732
116 1
568 300
685 1
47 1
1 437
1 507
393 606
636 678
721 732
75 162
1 589
59 211
263 207
427 444
225 357
533 145
598 452
260 178
355 449
295 603
365 19
215 238
380 107
362 247
1 398
574 365
440 435
436 59
394 38
241 703
163 458
286 28
548 486
230 167
119 378
102 630
37 404
111 392
729 724
1 296
346 169
498 631
509 246
471 493
364 618
1 125
669 83
59 35
59 374
15 724
671 69
341 678
71 288
252 1
1 260
1 345
305 370
721 1
536 297
68 291
420 383
1 432
29 59
458 100
154 119
668 604
54 207
3 229
289 527
390 296
457 520
88 1
168 365
230 35
41 494
330 289
328 201
604 594
689 585
1 485
325 652
467 551
1 210
412 152
669 34
354 635
53 371
592 44
537 573
679 357
580 1
692 1
355 1
378 3
1 86
174 1
614 407
434 132
467 608
425 544
531 41
238 1
498 59
243 649
61 9
1 661
199 1
677 154
285 1
122 728
11 18
39 315
235 260
133 1
231 585
476 1
579 223
366 568
211 168
485 121
428 63
332 614
37 582
606 240
408 1
366 244
1 617
1 357
354 378
1 669
191 664
75 1
639 97
321 25
399 94
380 725
386 690
436 668
1 108
614 259
429 584
214 59
273 1
1 148
378 533
57 618
157 1
157 710
677 337
1 390
59 649
533 168
566 17
706 125
690 10
193 95
376 275
568 17
607 507
145 158
28 259
583 130
705 59
405 581
716 56
560 180
79 1
121 566
268 384
409 574
286 354
686 680
1 585
582 229
735 288
1 293
40 537
601 178
1 228
50 79
674 583
259 178
1 572
64 1
513 624
282 682
293 242
663 278
1 576
1 604
176 1
154 498
651 1
544 291
59 386
310 135
29 289
309 254
1 719
1 185
341 687
114 140
623 147
235 28
721 111
159 1
724 337
708 1
716 12
505 325
589 724
180 64
457 90
19 516
548 338
1 526
86 307
261 435
7 241
154 1
646 28
58 1
579 168
1 161
462 1
1 520
94 734
1 7
105 54
515 59
652 284
415 1
546 247
1 726
692 642
590 1
1 330
243 284
59 362
589 537
1 346
510 398
333 249
411 40
380 1
414 654
305 456
327 1
1 493
544 100
1 124
377 477
328 393
223 407
600 1
506 712
330 574
306 342
573 605
137 1
196 78
168 288
194 716
419 202
365 59
139 1
401 475
306 455
596 76
220 533
706 612
1 486
614 228
180 552
643 556
568 411
654 431
587 1
561 601
263 637
151 1
386 527
152 118
305 307
366 495
147 497
582 678
120 370
566 77
281 467
1 620
411 592
253 1
400 563
516 244
340 520
515 436
371 140
1 487
128 542
605 15
360 331
5 711
688 182
622 259
245 59
337 259
16 401
1 627
294 193
489 1
518 51
636 441
211 608
331 176
279 107
689 474
445 673
712 111
467 106
444 467
16 312
158 40
90 339
407 1
377 9
86 214
122 710
1 292
710 1
1 730
533 59
427 539
49 378
33 470
24 592
375 727
636 1
573 376
235 682
105 22
311 59
1 517
731 245
1 214
445 59
524 1
515 614
1 62
1 66
291 500
339 338
145 411
134 54
1 501
451 469
311 485
272 392
409 281
649 26
306 574
184 1
638 702
420 29
46 1
527 40
342 589
668 59
404 1
1 297
92 178
76 68
457 256
539 243
1 4
106 427
435 637
326 389
713 158
592 178
131 511
121 456
313 536
643 603
731 589
115 313
243 551
646 527
429 229
1 240
336 288
305 673
715 84
1 315
529 32
365 420
230 257
207 1
1 19
69 418
503 57
342 159
639 1
1 467
337 307
280 722
237 714
376 513
9 595
449 471
143 551
1 334
119 325
723 443
218 1
230 330
201 266
6 133
93 687
467 49
476 59
269 1
654 290
76 359
1 376
274 486
384 556
445 677
35 151
1 138
546 59
716 327
160 1
599 1
538 658
5 470
200 674
55 542
477 421
170 576
516 617
1 6
84 717
29 229
419 67
128 516
509 1
638 1
370 119
1 359
619 151
351 1
224 171
638 367
59 243
74 512
1 27
1 557
84 278
141 1
59 159
597 1
199 732
302 636
260 230
181 263
359 395
646 282
34 451
124 710
531 1
415 123
59 247
73 141
335 232
51 405
89 23
190 622
219 1
24 365
625 1
373 1
566 59
506 544
104 112
407 582
10 15
69 338
284 574
710 570
307 285
649 40
521 632
59 20
316 406
545 346
576 401
396 714
143 495
34 1
558 734
496 35
1 112
147 193
541 333
527 568
678 336
352 569
237 645
571 312
302 243
651 398
1 422
1 278
567 133
59 93
336 59
172 86
673 411
687 59
419 446
182 727
676 693
1 448
63 215
683 11
1 722
1 397
573 350
391 387
512 72
156 504
213 697
162 1
605 1
329 709
86 568
441 59
143 59
106 370
115 662
150 488
354 306
282 647
621 203
1 343
10 579
646 288
619 260
688 1
71 441
658 263
1 427
265 603
59
59
59
59
59
59

-------------- output -----------
173