20
3 0
0 0
0
0
5 1
0 0
1 1
0
0
1
19 0
0 0
1 0
0 0
0 0
1 1
0 0
0 1
0 1
0 1
0
0
0
0
0
1
0
1
1
0
25 0
0 0
0 0
1 1
0 0
0 1
0 1
1 1
0 1
0 1
0 1
1 1
0 1
1
1
1
1
0
1
0
1
0
1
1
0
1
11 0
0 0
1 0
0 1
1 1
1 0
0
1
0
0
0
0
15 0
0 0
0 1
0 1
1 1
0 1
0 1
0 1
1
1
1
0
1
0
0
1
13 1
1 1
1 0
0 0
1 0
0 1
1 1
0
1
1
1
1
0
1
3 1
1 0
1
1
27 1
1 1
1 1
0 0
1 0
0 1
1 0
1 0
0 0
1 1
1 0
0 1
0 0
1 1
0
1
0
0
0
1
1
0
0
0
0
0
0
1
3 0
0 0
0
0
15 1
0 0
0 0
0 1
0 0
0 1
1 0
0 1
0
0
0
0
1
0
0
0
27 0
0 0
0 0
0 0
0 1
0 0
0 1
0 1
0 1
0 1
0 1
0 1
0 1
0 1
1
0
1
0
1
0
0
1
0
1
1
0
0
1
29 0
0 1
1 0
0 0
0 0
1 1
0 1
0 1
0 1
1 1
0 1
1 1
1 1
0 1
0 1
1
1
0
1
1
1
1
1
1
1
1
1
1
0
1
29 0
0 0
0 1
1 1
0 1
0 0
0 1
0 1
1 1
1 1
0 0
0 0
1 0
1 0
0 1
1
1
1
1
1
0
0
0
0
1
1
1
1
1
1
5 0
1 1
0 1
0
0
1
23 0
0 1
0 0
1 0
0 0
0 1
0 0
1 0
0 1
0 1
0 1
0 1
1
0
1
1
1
0
1
0
0
1
1
0
23 0
0 0
0 0
0 1
0 0
0 1
0 1
0 1
0 1
0 1
0 1
0 1
0
1
0
1
0
1
0
1
1
0
1
0
27 1
1 0
1 0
1 0
1 1
1 0
1 1
1 1
1 0
1 1
1 1
1 1
1 1
1 1
1
0
1
0
1
0
1
0
0
1
1
0
0
1
21 1
0 1
0 0
1 1
0 0
0 0
1 1
0 1
0 1
1 1
0 1
0
0
0
0
0
0
0
0
0
0
0
7 0
0 0
0 1
0 1
1
0
0
1
