20
7 0
0 0
0 1
0 1
1
0
1
0
27 0
0 1
0 0
0 1
0 0
0 1
1 1
0 1
0 1
0 1
0 1
0 1
1 1
1 1
1
1
0
1
0
1
1
0
0
1
1
1
1
1
7 1
1 0
0 1
0 1
1
1
1
1
25 0
0 1
0 0
0 0
0 0
0 1
0 1
0 1
0 0
0 1
0 1
0 1
0 1
1
0
1
0
0
1
0
0
1
1
0
0
1
29 1
0 1
1 0
1 0
1 1
1 0
1 1
1 1
1 1
1 1
1 1
1 1
1 1
1 1
1 1
0
0
1
1
0
1
0
1
0
1
0
0
1
0
1
23 1
0 1
1 0
0 0
1 1
1 1
1 1
1 0
1 1
1 1
1 1
1 1
0
0
1
0
0
1
1
0
0
1
0
1
29 1
1 1
1 0
1 0
1 0
1 0
1 1
1 1
1 1
1 1
1 1
1 1
1 1
0 0
1 1
0
0
1
0
1
1
0
1
0
1
0
0
0
0
1
27 0
0 0
0 0
0 1
0 0
0 0
0 0
1 1
0 1
0 1
0 1
0 1
0 1
0 1
1
1
1
0
0
1
0
1
0
1
0
1
1
0
9 0
1 1
1 0
0 0
0 1
1
0
0
1
0
29 0
0 0
0 0
1 0
0 0
0 1
0 0
0 1
0 1
0 1
0 1
1 1
0 1
0 0
1 0
1
1
0
0
1
0
1
1
1
1
1
0
0
1
1
19 1
1 1
0 1
1 0
0 0
1 0
0 0
1 1
1 0
0 1
1
0
0
0
0
1
1
0
0
0
19 0
0 1
0 0
0 1
0 0
0 0
0 0
0 1
1 1
0 0
0
0
0
0
0
1
0
0
0
0
15 1
0 0
0 0
0 1
0 0
0 1
1 0
0 1
0
0
0
0
0
1
0
0
9 0
0 0
1 0
1 1
0 0
0
1
0
0
0
29 0
0 0
0 1
0 0
1 0
0 1
0 1
0 1
1 1
1 1
0 1
0 1
0 1
0 1
0 1
1
0
1
0
0
1
1
1
1
1
1
1
0
1
0
3 1
0 1
1
1
9 0
1 0
0 0
1 1
0 1
0
1
1
0
1
15 0
0 0
0 0
0 0
1 1
1 0
0 1
0 1
1
0
0
0
1
0
0
1
3 1
1 1
0
0
23 0
1 1
1 1
0 1
0 1
1 0
0 0
0 1
0 0
0 0
1 0
1 0
1
0
1
1
1
0
1
0
1
1
1
1
