1000
1 1 1
1 2 64
10 10 1
1 1 1
1 2 1
1 2 2
1 3 1
1 3 2
1 3 3
1 4 1
1 4 2
1 4 3
1 4 4
2 1 1
2 1 2
2 2 1
2 2 2
2 2 4
2 2 3
2 3 1
2 3 2
2 3 4
2 3 3
2 3 6
2 3 5
2 4 1
2 4 2
2 4 4
2 4 3
2 4 6
2 4 8
2 4 5
2 4 7
3 1 1
3 1 2
3 1 3
3 2 1
3 2 2
3 2 3
3 2 4
3 2 6
3 2 5
3 3 1
3 3 2
3 3 3
3 3 4
3 3 6
3 3 9
3 3 5
3 3 8
3 3 7
3 4 1
3 4 2
3 4 3
3 4 4
3 4 6
3 4 9
3 4 8
3 4 12
3 4 5
3 4 7
3 4 11
3 4 10
4 1 1
4 1 2
4 1 3
4 1 4
4 2 1
4 2 2
4 2 3
4 2 4
4 2 6
4 2 8
4 2 5
4 2 7
4 3 1
4 3 2
4 3 3
4 3 4
4 3 6
4 3 8
4 3 9
4 3 12
4 3 5
4 3 7
4 3 11
4 3 10
4 4 1
4 4 2
4 4 3
4 4 4
4 4 6
4 4 8
4 4 9
4 4 12
4 4 16
4 4 5
4 4 7
4 4 11
4 4 10
4 4 15
4 4 14
4 4 13
1 1 2
1 1 3
1 1 4
1 2 3
1 2 4
1 2 5
1 3 4
1 3 5
1 3 6
1 4 5
1 4 6
1 4 7
2 1 3
2 1 4
2 1 5
2 2 5
2 2 6
2 2 7
2 3 7
2 3 8
2 3 9
2 4 9
2 4 10
2 4 11
3 1 4
3 1 5
3 1 6
3 2 7
3 2 8
3 2 9
3 3 10
3 3 11
3 3 12
3 4 13
3 4 14
3 4 15
4 1 5
4 1 6
4 1 7
4 2 9
4 2 10
4 2 11
4 3 13
4 3 14
4 3 15
4 4 17
4 4 18
4 4 19
45 45 2026
45 45 2027
45 45 2028
45 44 1981
45 44 1982
45 44 1983
45 43 1936
45 43 1937
45 43 1938
44 45 1981
44 45 1982
44 45 1983
44 44 1937
44 44 1938
44 44 1939
44 43 1893
44 43 1894
44 43 1895
43 45 1936
43 45 1937
43 45 1938
43 44 1893
43 44 1894
43 44 1895
43 43 1850
43 43 1851
43 43 1852
1 50 23
1 50 31
1 50 9
1 50 28
2 50 11
2 50 4
2 50 11
2 50 8
3 50 46
3 50 7
3 50 26
3 50 138
4 50 15
4 50 56
4 50 6
4 50 28
5 50 66
5 50 46
5 50 25
5 50 155
6 50 14
6 50 91
6 50 67
6 50 95
7 50 94
7 50 26
7 50 79
7 50 4
8 50 124
8 50 47
8 50 21
8 50 76
9 50 52
9 50 64
9 50 149
9 50 191
10 50 138
10 50 264
10 50 31
10 50 208
50 1 4
50 1 30
50 1 18
50 1 10
50 2 3
50 2 5
50 2 8
50 2 19
50 3 10
50 3 87
50 3 4
50 3 28
50 4 78
50 4 46
50 4 127
50 4 76
50 5 5
50 5 119
50 5 26
50 5 78
50 6 11
50 6 46
50 6 219
50 6 13
50 7 166
50 7 57
50 7 107
50 7 112
50 8 40
50 8 18
50 8 70
50 8 21
50 9 22
50 9 59
50 9 183
50 9 175
50 10 42
50 10 6
50 10 132
50 10 113
18 6 60
50 4 176
21 39 1
9 18 31
36 41 69
29 1 2
6 14 20
3 16 13
27 38 207
7 1 7
28 16 28
42 11 20
21 4 24
8 42 43
49 6 18
33 15 126
4 10 4
26 21 40
1 21 13
19 44 252
7 6 1
4 1 1
45 18 104
49 4 30
38 4 60
5 45 19
33 20 90
43 4 34
43 45 11
15 28 57
8 27 12
23 5 30
4 44 63
24 41 230
41 24 291
36 18 110
8 42 66
33 19 35
46 17 291
13 42 72
27 8 25
11 1 7
12 49 112
16 6 18
15 30 90
2 20 2
20 20 10
21 44 106
12 10 40
32 1 3
26 27 58
37 33 121
31 18 4
27 30 33
22 39 61
32 12 2
20 26 63
24 39 60
7 5 9
20 34 30
33 14 173
28 19 57
22 37 134
12 11 50
3 47 9
23 50 69
32 17 56
35 42 132
10 8 66
36 42 20
15 13 2
31 30 320
41 37 212
8 32 92
25 19 112
12 17 44
35 8 43
14 34 41
17 2 22
44 19 138
15 34 34
12 3 6
25 18 43
34 5 20
6 13 44
43 36 504
14 17 75
49 30 146
29 4 14
24 38 20
19 5 35
31 31 208
49 23 153
16 17 108
40 1 6
40 41 517
34 25 36
26 5 10
13 29 24
48 24 62
50 50 48
50 50 342
50 50 111
50 50 482
50 50 211
50 50 211
50 50 96
50 50 391
50 50 56
50 50 93
50 50 122
50 50 161
50 50 1719
50 50 402
50 50 111
50 50 10
50 50 241
50 50 566
50 50 897
50 50 954
50 50 135
50 50 431
50 50 163
50 50 436
50 50 1129
50 50 150
50 50 16
50 50 397
50 50 457
50 50 280
50 50 255
50 50 336
50 50 594
50 50 239
50 50 562
50 50 81
50 50 595
50 50 192
50 50 756
50 50 52
50 50 70
50 50 513
50 50 57
50 50 666
50 50 128
50 50 465
50 50 385
50 50 597
50 50 211
50 50 326
50 50 368
50 50 568
50 50 66
50 50 648
50 50 153
50 50 972
50 50 177
50 50 332
50 50 187
50 50 111
50 50 50
50 50 387
50 50 1174
50 50 920
50 50 14
50 50 144
50 50 196
50 50 972
50 50 912
50 50 1230
50 50 2
50 50 417
50 50 138
50 50 5
50 50 252
50 50 20
50 50 127
50 50 914
50 50 550
50 50 390
50 50 523
50 50 734
50 50 798
50 50 359
50 50 141
50 50 342
50 50 256
50 50 152
50 50 142
50 50 405
50 50 893
50 50 54
50 50 281
50 50 180
50 50 213
50 50 697
50 50 407
50 50 241
50 50 182
50 50 52
50 50 1184
50 50 626
50 50 276
50 50 630
50 50 51
50 50 190
50 50 682
50 50 210
50 50 283
50 50 184
50 50 153
50 50 597
50 50 361
50 50 836
50 50 291
50 50 384
50 50 12
50 50 277
50 50 536
50 50 140
50 50 240
50 50 180
50 50 47
50 50 1239
50 50 359
50 50 106
50 50 850
50 50 472
50 50 454
50 50 1260
50 50 203
50 50 1006
50 50 82
50 50 70
50 50 17
50 50 258
50 50 1027
50 50 511
50 50 720
50 50 4
50 50 307
50 50 378
50 50 133
50 50 1313
50 50 210
50 50 117
50 50 261
50 50 180
50 50 471
50 50 873
50 50 69
50 50 131
50 50 292
50 50 106
50 50 382
50 50 238
50 50 1249
50 50 255
50 50 464
50 50 1569
50 50 69
50 50 299
50 50 255
50 50 1102
50 50 299
50 50 666
50 50 960
50 50 434
50 50 165
50 50 815
50 50 881
50 50 643
50 50 1045
50 50 396
50 50 48
50 50 770
50 50 156
50 50 376
50 50 661
50 50 208
50 50 142
50 50 1110
50 50 16
50 50 162
50 50 686
50 50 112
50 50 195
50 50 95
50 50 348
50 50 606
50 50 297
50 50 287
50 50 288
50 50 529
50 50 81
50 50 1216
50 50 201
50 50 54
50 50 186
50 50 39
50 50 228
50 50 282
50 50 25
50 50 1186
50 50 180
50 50 600
50 50 292
50 50 1086
50 50 82
50 50 799
50 50 45
50 50 732
50 50 273
50 50 89
50 50 583
50 50 273
50 50 944
50 50 15
50 50 145
50 50 85
50 50 90
50 50 994
50 50 80
50 50 643
50 50 340
50 50 120
50 50 305
50 50 301
50 50 739
50 50 12
50 50 127
50 50 609
50 50 339
50 50 871
50 50 338
50 50 517
50 50 1313
50 50 72
50 50 1337
50 50 1204
50 50 340
50 50 206
50 50 654
50 50 247
50 50 228
50 50 712
50 50 70
50 50 572
50 50 49
50 50 52
50 50 571
50 50 528
50 50 105
50 50 862
50 50 524
50 50 584
50 50 712
50 50 11
50 50 286
50 50 748
50 50 172
50 50 80
50 50 1461
50 50 528
50 50 170
50 50 216
50 50 43
50 50 159
50 50 29
50 50 141
50 50 314
50 50 202
50 50 224
50 50 1072
50 50 632
50 50 1402
50 50 343
50 50 116
50 50 12
50 50 18
50 50 570
50 50 536
50 50 176
50 50 285
50 50 39
50 50 28
50 50 441
50 50 261
50 50 26
50 50 594
50 50 915
50 50 79
50 50 407
50 50 101
50 50 253
50 50 241
50 50 344
50 50 511
50 50 155
50 50 49
50 50 45
50 50 68
50 50 196
50 50 21
50 50 1204
50 50 776
50 50 838
50 50 177
50 50 733
50 50 873
50 50 328
50 50 1204
50 50 970
50 50 792
50 50 1100
50 50 580
50 50 546
50 50 423
50 50 145
50 50 427
50 50 327
50 50 928
50 50 1040
50 50 880
50 50 562
50 50 631
50 50 77
50 50 180
50 50 892
50 50 748
50 50 33
50 50 176
50 50 184
50 50 676
50 50 170
50 50 39
50 50 77
50 50 669
50 50 260
50 50 137
50 50 198
50 50 726
50 50 683
50 50 478
50 50 420
50 50 188
50 50 413
50 50 168
50 50 430
50 50 548
50 50 582
50 50 303
50 50 133
50 50 65
50 50 233
50 50 20
50 50 1290
50 50 17
50 50 16
50 50 427
50 50 1339
50 50 36
50 50 287
50 50 52
50 50 124
50 50 719
50 50 528
50 50 530
50 50 45
50 50 226
50 50 66
50 50 444
50 50 169
50 50 842
50 50 546
50 50 123
50 50 704
50 50 46
50 50 88
50 50 178
50 50 64
50 50 336
50 50 1155
50 50 439
50 50 40
50 50 36
50 50 254
50 50 34
50 50 214
50 50 587
50 50 95
50 50 266
50 50 373
50 50 286
50 50 945
50 50 705
50 50 342
50 50 1200
50 50 21
50 50 550
50 50 8
50 50 331
50 50 357
50 50 72
50 50 352
50 50 206
50 50 230
50 50 162
50 50 575
50 50 555
50 50 254
50 50 633
50 50 333
50 50 259
50 50 170
50 50 529
50 50 114
50 50 300
50 50 104
50 50 411
50 50 4
50 50 128
50 50 68
50 50 169
50 50 90
50 50 668
50 50 369
50 50 7
50 50 243
50 50 108
50 50 662
50 50 321
50 50 177
50 50 84
50 50 450
50 50 468
50 50 210
50 50 1430
50 50 156
50 50 72
50 50 50
50 50 325
50 50 336
50 50 1384
50 50 150
50 50 806
50 50 414
50 50 105
50 50 1185
50 50 84
50 50 18
50 50 42
50 50 662
50 50 349
50 50 586
50 50 942
50 50 96
50 50 526
50 50 748
50 50 77
50 50 62
50 50 747
50 50 84
50 50 192
50 50 666
50 50 69
50 50 1034
50 50 132
50 50 259
50 50 298
50 50 60
50 50 1247
50 50 647
50 50 96
50 50 504
50 50 141
50 50 457
50 50 56
50 50 95
50 50 988
50 50 4
50 50 165
50 50 520
50 50 384
50 50 150
50 50 161
50 50 602
50 50 622
50 50 302
50 50 200
50 50 49
50 50 1406
50 50 106
50 50 5
50 50 387
50 50 62
50 50 129
50 50 50
50 50 698
50 50 669
50 50 408
50 50 29
50 50 77
50 50 196
50 50 231
50 50 300
50 50 110
50 50 177
50 50 308
50 50 396
50 50 146
50 50 959
50 50 22
50 50 306
50 50 656
50 50 78
50 50 135
50 50 1026
50 50 812
50 50 551
50 50 128
50 50 283
50 50 1086
50 50 1202
50 50 266
50 50 396
50 50 332
50 50 1088
50 50 322
50 50 205
50 50 11
50 50 585
50 50 702
50 50 101
50 50 266
50 50 230
50 50 122
50 50 387
50 50 39
50 50 64
50 50 442
50 50 848
50 50 84
50 50 310
50 50 120
50 50 35
50 50 172
50 50 964
50 50 146
50 50 440
50 50 180
50 50 365
50 50 462
50 50 369
50 50 250
50 50 204
50 50 1082
50 50 318
50 50 119
50 50 486
50 50 171
50 50 24
50 50 1123
50 50 8
50 50 692
50 50 131
50 50 1166
50 50 71
50 50 14
50 50 233
50 50 718
50 50 328
50 50 832
50 50 1036
50 50 140
50 50 160
50 50 636
50 50 360
50 50 11
50 50 1219
50 50 524
50 50 800
50 50 29
50 50 338
50 50 150
50 50 96
50 50 636
50 50 166
50 50 379
50 50 717
50 50 678
50 50 1226
50 50 376
50 50 537
50 50 84
50 50 181
50 50 266
50 50 723
50 50 174
50 50 948
50 50 4
50 50 14
50 50 2450
50 50 2451
50 50 2452
50 50 2453
50 50 2454
50 50 2455
50 50 2456
50 50 2457
50 50 2458
50 50 2459
50 50 2460
50 50 2461
50 50 2462
50 50 2463
50 50 2464
50 50 2465
50 50 2466
50 50 2467
50 50 2468
50 50 2469
50 50 2481
50 50 2482
50 50 2483
50 50 2484
50 50 2485
50 50 2486
50 50 2487
50 50 2488
50 50 2489
50 50 2490
50 50 2491
50 50 2492
50 50 2493
50 50 2494
50 50 2495
50 50 2496
50 50 2497
50 50 2498
50 50 2499
50 50 2500
