1000
1 1 1
1 2 64
10 10 1
1 1 1
1 2 1
1 2 2
1 3 1
1 3 2
1 3 3
1 4 1
1 4 2
1 4 3
1 4 4
2 1 1
2 1 2
2 2 1
2 2 2
2 2 4
2 2 3
2 3 1
2 3 2
2 3 4
2 3 3
2 3 6
2 3 5
2 4 1
2 4 2
2 4 4
2 4 3
2 4 6
2 4 8
2 4 5
2 4 7
3 1 1
3 1 2
3 1 3
3 2 1
3 2 2
3 2 3
3 2 4
3 2 6
3 2 5
3 3 1
3 3 2
3 3 3
3 3 4
3 3 6
3 3 9
3 3 5
3 3 8
3 3 7
3 4 1
3 4 2
3 4 3
3 4 4
3 4 6
3 4 9
3 4 8
3 4 12
3 4 5
3 4 7
3 4 11
3 4 10
4 1 1
4 1 2
4 1 3
4 1 4
4 2 1
4 2 2
4 2 3
4 2 4
4 2 6
4 2 8
4 2 5
4 2 7
4 3 1
4 3 2
4 3 3
4 3 4
4 3 6
4 3 8
4 3 9
4 3 12
4 3 5
4 3 7
4 3 11
4 3 10
4 4 1
4 4 2
4 4 3
4 4 4
4 4 6
4 4 8
4 4 9
4 4 12
4 4 16
4 4 5
4 4 7
4 4 11
4 4 10
4 4 15
4 4 14
4 4 13
1 1 2
1 1 3
1 1 4
1 2 3
1 2 4
1 2 5
1 3 4
1 3 5
1 3 6
1 4 5
1 4 6
1 4 7
2 1 3
2 1 4
2 1 5
2 2 5
2 2 6
2 2 7
2 3 7
2 3 8
2 3 9
2 4 9
2 4 10
2 4 11
3 1 4
3 1 5
3 1 6
3 2 7
3 2 8
3 2 9
3 3 10
3 3 11
3 3 12
3 4 13
3 4 14
3 4 15
4 1 5
4 1 6
4 1 7
4 2 9
4 2 10
4 2 11
4 3 13
4 3 14
4 3 15
4 4 17
4 4 18
4 4 19
45 45 2026
45 45 2027
45 45 2028
45 44 1981
45 44 1982
45 44 1983
45 43 1936
45 43 1937
45 43 1938
44 45 1981
44 45 1982
44 45 1983
44 44 1937
44 44 1938
44 44 1939
44 43 1893
44 43 1894
44 43 1895
43 45 1936
43 45 1937
43 45 1938
43 44 1893
43 44 1894
43 44 1895
43 43 1850
43 43 1851
43 43 1852
1 50 16
1 50 7
1 50 24
1 50 25
2 50 16
2 50 14
2 50 7
2 50 4
3 50 50
3 50 32
3 50 7
3 50 16
4 50 14
4 50 33
4 50 35
4 50 5
5 50 30
5 50 7
5 50 54
5 50 54
6 50 181
6 50 36
6 50 107
6 50 145
7 50 18
7 50 28
7 50 55
7 50 153
8 50 15
8 50 201
8 50 65
8 50 47
9 50 32
9 50 185
9 50 18
9 50 142
10 50 40
10 50 324
10 50 2
10 50 25
50 1 12
50 1 34
50 1 33
50 1 13
50 2 33
50 2 16
50 2 15
50 2 8
50 3 25
50 3 66
50 3 12
50 3 24
50 4 3
50 4 9
50 4 30
50 4 144
50 5 62
50 5 40
50 5 83
50 5 59
50 6 48
50 6 33
50 6 146
50 6 24
50 7 80
50 7 60
50 7 25
50 7 6
50 8 68
50 8 217
50 8 23
50 8 196
50 9 16
50 9 184
50 9 10
50 9 40
50 10 32
50 10 124
50 10 252
50 10 10
30 46 104
34 50 346
44 24 68
4 48 51
29 7 6
41 11 108
19 16 5
41 37 130
3 44 7
45 31 382
20 6 18
19 36 387
12 4 4
27 43 35
4 31 28
25 8 77
17 11 63
48 42 45
14 44 10
46 33 88
24 1 14
46 3 16
48 15 44
28 3 26
12 45 216
38 30 30
26 27 291
19 28 100
13 8 40
13 49 62
31 40 193
1 18 4
37 48 333
48 17 189
23 44 3
46 23 28
38 20 64
6 43 39
8 12 8
46 47 632
18 12 48
9 23 23
32 10 23
10 28 16
29 28 16
5 26 1
31 9 56
41 23 8
41 39 84
13 20 14
12 40 49
4 46 21
46 5 11
50 26 164
33 26 11
29 9 80
40 11 47
15 25 31
26 48 8
41 37 28
19 14 56
13 19 47
23 33 66
39 7 151
13 29 81
18 41 258
44 24 108
39 41 559
10 42 83
45 20 174
36 16 61
34 29 266
43 47 540
28 38 139
22 3 12
14 24 76
33 44 40
40 36 264
28 33 330
15 11 3
47 19 364
29 12 8
20 18 8
9 29 81
50 48 885
11 39 12
45 9 48
34 2 36
8 14 17
29 14 84
49 36 216
30 50 152
46 50 387
6 10 5
10 31 18
33 16 56
46 34 358
47 24 502
48 4 13
1 46 7
50 50 308
50 50 112
50 50 382
50 50 202
50 50 420
50 50 193
50 50 222
50 50 880
50 50 78
50 50 475
50 50 72
50 50 287
50 50 119
50 50 75
50 50 298
50 50 536
50 50 11
50 50 682
50 50 236
50 50 897
50 50 76
50 50 118
50 50 94
50 50 6
50 50 48
50 50 176
50 50 166
50 50 207
50 50 50
50 50 355
50 50 3
50 50 47
50 50 8
50 50 94
50 50 371
50 50 1069
50 50 378
50 50 1437
50 50 304
50 50 238
50 50 1262
50 50 417
50 50 7
50 50 237
50 50 168
50 50 26
50 50 360
50 50 532
50 50 64
50 50 81
50 50 468
50 50 310
50 50 845
50 50 884
50 50 378
50 50 624
50 50 48
50 50 371
50 50 323
50 50 123
50 50 35
50 50 800
50 50 218
50 50 20
50 50 52
50 50 395
50 50 1148
50 50 456
50 50 259
50 50 504
50 50 268
50 50 125
50 50 476
50 50 711
50 50 770
50 50 408
50 50 434
50 50 187
50 50 1042
50 50 138
50 50 18
50 50 147
50 50 576
50 50 35
50 50 264
50 50 31
50 50 176
50 50 37
50 50 390
50 50 121
50 50 798
50 50 441
50 50 915
50 50 372
50 50 215
50 50 460
50 50 195
50 50 288
50 50 336
50 50 308
50 50 375
50 50 1387
50 50 642
50 50 1025
50 50 701
50 50 252
50 50 16
50 50 562
50 50 570
50 50 225
50 50 86
50 50 11
50 50 625
50 50 508
50 50 234
50 50 880
50 50 637
50 50 297
50 50 432
50 50 1638
50 50 516
50 50 736
50 50 483
50 50 200
50 50 112
50 50 198
50 50 56
50 50 218
50 50 228
50 50 23
50 50 386
50 50 192
50 50 113
50 50 966
50 50 252
50 50 210
50 50 56
50 50 104
50 50 232
50 50 150
50 50 412
50 50 350
50 50 107
50 50 240
50 50 285
50 50 422
50 50 100
50 50 632
50 50 10
50 50 350
50 50 312
50 50 128
50 50 172
50 50 66
50 50 12
50 50 84
50 50 145
50 50 400
50 50 60
50 50 73
50 50 32
50 50 1116
50 50 1014
50 50 457
50 50 120
50 50 40
50 50 1436
50 50 47
50 50 252
50 50 312
50 50 1008
50 50 478
50 50 101
50 50 20
50 50 428
50 50 224
50 50 224
50 50 665
50 50 484
50 50 48
50 50 602
50 50 368
50 50 168
50 50 655
50 50 34
50 50 104
50 50 492
50 50 326
50 50 648
50 50 10
50 50 74
50 50 600
50 50 1081
50 50 52
50 50 70
50 50 387
50 50 564
50 50 556
50 50 954
50 50 501
50 50 257
50 50 429
50 50 144
50 50 688
50 50 136
50 50 272
50 50 406
50 50 333
50 50 24
50 50 260
50 50 473
50 50 480
50 50 478
50 50 578
50 50 353
50 50 73
50 50 1190
50 50 262
50 50 260
50 50 326
50 50 226
50 50 694
50 50 250
50 50 1144
50 50 155
50 50 731
50 50 501
50 50 231
50 50 260
50 50 334
50 50 6
50 50 1674
50 50 246
50 50 314
50 50 479
50 50 279
50 50 129
50 50 133
50 50 75
50 50 632
50 50 611
50 50 1833
50 50 152
50 50 172
50 50 102
50 50 400
50 50 195
50 50 306
50 50 186
50 50 681
50 50 266
50 50 596
50 50 138
50 50 209
50 50 12
50 50 365
50 50 1140
50 50 333
50 50 142
50 50 532
50 50 700
50 50 19
50 50 739
50 50 140
50 50 586
50 50 183
50 50 66
50 50 515
50 50 424
50 50 480
50 50 664
50 50 71
50 50 264
50 50 65
50 50 620
50 50 1014
50 50 384
50 50 246
50 50 318
50 50 85
50 50 587
50 50 751
50 50 30
50 50 809
50 50 88
50 50 62
50 50 151
50 50 9
50 50 87
50 50 432
50 50 82
50 50 942
50 50 624
50 50 974
50 50 148
50 50 123
50 50 17
50 50 765
50 50 40
50 50 383
50 50 1059
50 50 242
50 50 278
50 50 307
50 50 441
50 50 9
50 50 1062
50 50 658
50 50 189
50 50 521
50 50 400
50 50 1020
50 50 805
50 50 155
50 50 61
50 50 508
50 50 204
50 50 165
50 50 337
50 50 377
50 50 558
50 50 518
50 50 389
50 50 34
50 50 438
50 50 1223
50 50 298
50 50 230
50 50 827
50 50 50
50 50 327
50 50 68
50 50 180
50 50 23
50 50 90
50 50 692
50 50 121
50 50 29
50 50 1803
50 50 105
50 50 166
50 50 692
50 50 40
50 50 841
50 50 707
50 50 608
50 50 420
50 50 1026
50 50 42
50 50 384
50 50 156
50 50 149
50 50 97
50 50 376
50 50 839
50 50 42
50 50 798
50 50 54
50 50 48
50 50 989
50 50 198
50 50 218
50 50 237
50 50 614
50 50 85
50 50 346
50 50 715
50 50 1086
50 50 102
50 50 426
50 50 816
50 50 898
50 50 267
50 50 290
50 50 13
50 50 145
50 50 1156
50 50 183
50 50 321
50 50 192
50 50 150
50 50 728
50 50 91
50 50 705
50 50 442
50 50 869
50 50 445
50 50 891
50 50 791
50 50 179
50 50 97
50 50 524
50 50 440
50 50 711
50 50 523
50 50 429
50 50 830
50 50 195
50 50 72
50 50 69
50 50 246
50 50 596
50 50 279
50 50 252
50 50 360
50 50 925
50 50 345
50 50 799
50 50 104
50 50 331
50 50 354
50 50 770
50 50 336
50 50 1023
50 50 318
50 50 936
50 50 329
50 50 402
50 50 344
50 50 93
50 50 96
50 50 726
50 50 75
50 50 255
50 50 64
50 50 904
50 50 168
50 50 125
50 50 48
50 50 301
50 50 84
50 50 280
50 50 468
50 50 620
50 50 432
50 50 266
50 50 176
50 50 504
50 50 1708
50 50 282
50 50 28
50 50 795
50 50 1165
50 50 288
50 50 74
50 50 104
50 50 39
50 50 68
50 50 503
50 50 1488
50 50 103
50 50 81
50 50 363
50 50 1391
50 50 81
50 50 12
50 50 946
50 50 1134
50 50 82
50 50 12
50 50 499
50 50 1552
50 50 198
50 50 1304
50 50 7
50 50 561
50 50 576
50 50 132
50 50 67
50 50 55
50 50 705
50 50 507
50 50 154
50 50 1305
50 50 403
50 50 289
50 50 2078
50 50 19
50 50 94
50 50 1039
50 50 105
50 50 254
50 50 37
50 50 305
50 50 180
50 50 453
50 50 904
50 50 783
50 50 722
50 50 1184
50 50 569
50 50 160
50 50 1212
50 50 488
50 50 982
50 50 218
50 50 113
50 50 703
50 50 147
50 50 950
50 50 576
50 50 342
50 50 387
50 50 606
50 50 714
50 50 117
50 50 69
50 50 723
50 50 6
50 50 580
50 50 21
50 50 316
50 50 605
50 50 256
50 50 688
50 50 540
50 50 100
50 50 2
50 50 138
50 50 1141
50 50 928
50 50 161
50 50 219
50 50 390
50 50 1350
50 50 764
50 50 68
50 50 264
50 50 608
50 50 537
50 50 40
50 50 1082
50 50 277
50 50 528
50 50 202
50 50 513
50 50 314
50 50 321
50 50 648
50 50 176
50 50 544
50 50 111
50 50 834
50 50 469
50 50 540
50 50 287
50 50 887
50 50 396
50 50 483
50 50 207
50 50 781
50 50 25
50 50 1363
50 50 572
50 50 24
50 50 98
50 50 858
50 50 9
50 50 124
50 50 95
50 50 72
50 50 344
50 50 491
50 50 602
50 50 1106
50 50 174
50 50 480
50 50 314
50 50 634
50 50 189
50 50 210
50 50 181
50 50 507
50 50 706
50 50 3
50 50 131
50 50 198
50 50 106
50 50 57
50 50 162
50 50 88
50 50 700
50 50 429
50 50 2178
50 50 874
50 50 220
50 50 736
50 50 718
50 50 287
50 50 554
50 50 394
50 50 297
50 50 496
50 50 180
50 50 108
50 50 572
50 50 348
50 50 693
50 50 179
50 50 400
50 50 13
50 50 472
50 50 2450
50 50 2451
50 50 2452
50 50 2453
50 50 2454
50 50 2455
50 50 2456
50 50 2457
50 50 2458
50 50 2459
50 50 2460
50 50 2461
50 50 2462
50 50 2463
50 50 2464
50 50 2465
50 50 2466
50 50 2467
50 50 2468
50 50 2469
50 50 2481
50 50 2482
50 50 2483
50 50 2484
50 50 2485
50 50 2486
50 50 2487
50 50 2488
50 50 2489
50 50 2490
50 50 2491
50 50 2492
50 50 2493
50 50 2494
50 50 2495
50 50 2496
50 50 2497
50 50 2498
50 50 2499
50 50 2500
