Case #1: 0 0 0 1 1 0
Case #2: IMPOSSIBLE
Case #3: 0 0 0 1 1 0
Case #4: 0 0 0 1 1 0
Case #5: 0 0 0 1 1 0
Case #6: 0 0 0 2 1 0
Case #7: 0 0 0 1 1 0
Case #8: 0 0 0 2 1 0
Case #9: 0 0 0 3 1 0
Case #10: 0 0 0 1 1 0
Case #11: 0 0 0 2 1 0
Case #12: 0 0 0 3 1 0
Case #13: 0 0 0 4 1 0
Case #14: 0 0 0 1 1 0
Case #15: 0 0 0 1 2 0
Case #16: 0 0 0 1 1 0
Case #17: 0 0 0 1 2 0
Case #18: 0 0 0 2 2 0
Case #19: 1 0 0 2 0 1
Case #20: 0 0 0 1 1 0
Case #21: 0 0 0 1 2 0
Case #22: 0 0 0 2 2 0
Case #23: 0 0 0 3 1 0
Case #24: 0 0 0 3 2 0
Case #25: 1 0 0 3 0 1
Case #26: 0 0 0 1 1 0
Case #27: 0 0 0 1 2 0
Case #28: 0 0 0 2 2 0
Case #29: 0 0 0 3 1 0
Case #30: 0 0 0 3 2 0
Case #31: 0 0 0 4 2 0
Case #32: 1 0 0 3 0 1
Case #33: 1 0 0 4 0 1
Case #34: 0 0 0 1 1 0
Case #35: 0 0 0 1 2 0
Case #36: 0 0 0 1 3 0
Case #37: 0 0 0 1 1 0
Case #38: 0 0 0 1 2 0
Case #39: 0 0 0 1 3 0
Case #40: 0 0 0 2 2 0
Case #41: 0 0 0 2 3 0
Case #42: 3 0 0 1 1 0
Case #43: 0 0 0 1 1 0
Case #44: 0 0 0 1 2 0
Case #45: 0 0 0 1 3 0
Case #46: 0 0 0 2 2 0
Case #47: 0 0 0 2 3 0
Case #48: 0 0 0 3 3 0
Case #49: 1 0 0 2 3 3
Case #50: 2 0 0 2 0 0
Case #51: 2 0 0 3 1 1
Case #52: 0 0 0 1 1 0
Case #53: 0 0 0 1 2 0
Case #54: 0 0 0 1 3 0
Case #55: 0 0 0 2 2 0
Case #56: 0 0 0 2 3 0
Case #57: 0 0 0 3 3 0
Case #58: 0 0 0 4 2 0
Case #59: 0 0 0 4 3 0
Case #60: 1 0 0 1 3 4
Case #61: 1 0 0 3 3 4
Case #62: 3 0 0 4 1 3
Case #63: 2 0 0 3 0 1
Case #64: 0 0 0 1 1 0
Case #65: 0 0 0 1 2 0
Case #66: 0 0 0 1 3 0
Case #67: 0 0 0 1 4 0
Case #68: 0 0 0 1 1 0
Case #69: 0 0 0 1 2 0
Case #70: 0 0 0 1 3 0
Case #71: 0 0 0 1 4 0
Case #72: 0 0 0 2 3 0
Case #73: 0 0 0 2 4 0
Case #74: 1 0 0 2 4 1
Case #75: 3 0 0 2 1 1
Case #76: 0 0 0 1 1 0
Case #77: 0 0 0 1 2 0
Case #78: 0 0 0 1 3 0
Case #79: 0 0 0 1 4 0
Case #80: 0 0 0 2 3 0
Case #81: 0 0 0 2 4 0
Case #82: 0 0 0 3 3 0
Case #83: 0 0 0 3 4 0
Case #84: 1 0 0 1 4 3
Case #85: 1 0 0 2 4 3
Case #86: 4 0 0 3 3 1
Case #87: 2 0 0 3 0 1
Case #88: 0 0 0 1 1 0
Case #89: 0 0 0 1 2 0
Case #90: 0 0 0 1 3 0
Case #91: 0 0 0 1 4 0
Case #92: 0 0 0 2 3 0
Case #93: 0 0 0 2 4 0
Case #94: 0 0 0 3 3 0
Case #95: 0 0 0 3 4 0
Case #96: 0 0 0 4 4 0
Case #97: 1 0 0 1 3 4
Case #98: 1 0 0 2 4 3
Case #99: 1 0 0 4 4 3
Case #100: 1 0 0 3 4 4
Case #101: 3 0 0 3 0 1
Case #102: 2 0 0 4 0 1
Case #103: 3 0 0 4 2 1
Case #104: 1 0 0 1 0 0
Case #105: IMPOSSIBLE
Case #106: IMPOSSIBLE
Case #107: 1 0 0 2 0 1
Case #108: 1 0 0 2 0 0
Case #109: IMPOSSIBLE
Case #110: 1 0 0 2 0 0
Case #111: 1 0 0 3 0 1
Case #112: 1 0 0 3 0 0
Case #113: 1 0 0 3 0 1
Case #114: 1 0 0 3 0 0
Case #115: 1 0 0 4 0 1
Case #116: 2 0 0 1 1 0
Case #117: 2 0 0 1 0 0
Case #118: IMPOSSIBLE
Case #119: IMPOSSIBLE
Case #120: 2 0 0 2 0 1
Case #121: IMPOSSIBLE
Case #122: 2 0 0 3 1 1
Case #123: 2 0 0 2 0 0
Case #124: 2 0 0 3 1 0
Case #125: 2 0 0 3 1 0
Case #126: 2 0 0 3 0 1
Case #127: IMPOSSIBLE
Case #128: 2 0 0 1 0 0
Case #129: 3 0 0 1 1 0
Case #130: 3 0 0 1 0 0
Case #131: 3 0 0 2 1 1
Case #132: 2 0 0 2 0 0
Case #133: 3 0 0 2 0 1
Case #134: 2 0 0 3 0 1
Case #135: IMPOSSIBLE
Case #136: 2 0 0 3 0 0
Case #137: 3 0 0 4 2 1
Case #138: 2 0 0 4 0 1
Case #139: 3 0 0 3 0 1
Case #140: 3 0 0 1 1 0
Case #141: 3 0 0 1 0 0
Case #142: 4 0 0 1 1 0
Case #143: 3 0 0 2 0 1
Case #144: 3 0 0 2 1 0
Case #145: IMPOSSIBLE
Case #146: 4 0 0 3 1 2
Case #147: 4 0 0 2 1 0
Case #148: 3 0 0 3 0 1
Case #149: 3 0 0 4 1 1
Case #150: 3 0 0 3 0 0
Case #151: IMPOSSIBLE
Case #152: 26 0 0 44 3 5
Case #153: 28 0 0 43 3 9
Case #154: 26 0 0 39 0 0
Case #155: 25 0 0 44 1 7
Case #156: 25 0 0 43 1 5
Case #157: 25 0 0 42 1 3
Case #158: 26 0 0 40 1 4
Case #159: 26 0 0 39 1 2
Case #160: 26 0 0 38 1 0
Case #161: 25 0 0 44 1 7
Case #162: 25 0 0 43 1 5
Case #163: 25 0 0 42 1 3
Case #164: 25 0 0 44 2 7
Case #165: 26 0 0 38 1 0
Case #166: 25 0 0 43 2 5
Case #167: 25 0 0 41 2 3
Case #168: 26 0 0 40 4 1
Case #169: 25 0 0 40 2 1
Case #170: 22 0 0 44 0 0
Case #171: 25 0 0 44 2 7
Case #172: 26 0 0 38 1 0
Case #173: 25 0 0 41 2 3
Case #174: 26 0 0 40 4 1
Case #175: 25 0 0 40 2 1
Case #176: 25 0 0 37 0 0
Case #177: 27 0 0 39 1 8
Case #178: 25 0 0 41 3 3
Case #179: 0 0 0 16 1 0
Case #180: 0 0 0 7 1 0
Case #181: 0 0 0 24 1 0
Case #182: 0 0 0 25 1 0
Case #183: 0 0 0 8 2 0
Case #184: 0 0 0 7 2 0
Case #185: 0 0 0 7 1 0
Case #186: 0 0 0 2 2 0
Case #187: 0 0 0 25 2 0
Case #188: 0 0 0 16 2 0
Case #189: 0 0 0 7 1 0
Case #190: 0 0 0 8 2 0
Case #191: 0 0 0 7 2 0
Case #192: 0 0 0 11 3 0
Case #193: 0 0 0 35 1 0
Case #194: 0 0 0 5 1 0
Case #195: 0 0 0 6 5 0
Case #196: 0 0 0 7 1 0
Case #197: 0 0 0 18 3 0
Case #198: 0 0 0 18 3 0
Case #199: 1 0 0 33 6 49
Case #200: 0 0 0 6 6 0
Case #201: 1 0 0 15 6 47
Case #202: 0 0 0 29 5 0
Case #203: 0 0 0 3 6 0
Case #204: 0 0 0 4 7 0
Case #205: 0 0 0 11 5 0
Case #206: 1 0 0 21 7 48
Case #207: 0 0 0 3 5 0
Case #208: 1 0 0 26 8 45
Case #209: 0 0 0 13 5 0
Case #210: 0 0 0 47 1 0
Case #211: 0 0 0 4 8 0
Case #212: 0 0 0 37 5 0
Case #213: 0 0 0 2 9 0
Case #214: 1 0 0 14 9 44
Case #215: 0 0 0 4 10 0
Case #216: 0 0 0 36 9 0
Case #217: 0 0 0 1 2 0
Case #218: 0 0 0 5 5 0
Case #219: 0 0 0 1 12 0
Case #220: 0 0 0 1 34 0
Case #221: 0 0 0 1 33 0
Case #222: 0 0 0 1 13 0
Case #223: 0 0 0 1 33 0
Case #224: 0 0 0 1 16 0
Case #225: 0 0 0 1 15 0
Case #226: 0 0 0 1 8 0
Case #227: 0 0 0 1 25 0
Case #228: 0 0 0 2 33 0
Case #229: 0 0 0 1 12 0
Case #230: 0 0 0 1 24 0
Case #231: 0 0 0 1 3 0
Case #232: 0 0 0 1 9 0
Case #233: 0 0 0 1 30 0
Case #234: 0 0 0 3 48 0
Case #235: 0 0 0 2 31 0
Case #236: 0 0 0 1 40 0
Case #237: 1 0 0 2 41 5
Case #238: 1 0 0 2 29 5
Case #239: 0 0 0 1 48 0
Case #240: 0 0 0 1 33 0
Case #241: 1 0 0 3 49 5
Case #242: 0 0 0 1 24 0
Case #243: 0 0 0 2 40 0
Case #244: 0 0 0 2 30 0
Case #245: 0 0 0 1 25 0
Case #246: 0 0 0 1 6 0
Case #247: 0 0 0 2 34 0
Case #248: 0 0 0 7 31 0
Case #249: 0 0 0 1 23 0
Case #250: 0 0 0 4 49 0
Case #251: 0 0 0 1 16 0
Case #252: 0 0 0 4 46 0
Case #253: 0 0 0 1 10 0
Case #254: 0 0 0 1 40 0
Case #255: 0 0 0 1 32 0
Case #256: 0 0 0 4 31 0
Case #257: 0 0 0 6 42 0
Case #258: 0 0 0 1 10 0
Case #259: 0 0 0 4 26 0
Case #260: 1 0 0 10 32 46
Case #261: 0 0 0 2 34 0
Case #262: 0 0 0 17 3 0
Case #263: 0 0 0 1 6 0
Case #264: 0 0 0 3 36 0
Case #265: 0 0 0 1 5 0
Case #266: 0 0 0 5 26 0
Case #267: 0 0 0 7 1 0
Case #268: 1 0 0 9 41 31
Case #269: 0 0 0 1 18 0
Case #270: 1 0 0 21 19 30
Case #271: 0 0 0 1 4 0
Case #272: 0 0 0 5 7 0
Case #273: 0 0 0 7 4 0
Case #274: 0 0 0 7 11 0
Case #275: 0 0 0 7 9 0
Case #276: 0 0 0 1 45 0
Case #277: 0 0 0 1 10 0
Case #278: 0 0 0 2 44 0
Case #279: 0 0 0 1 14 0
Case #280: 0 0 0 1 16 0
Case #281: 0 0 0 1 44 0
Case #282: 0 0 0 1 26 0
Case #283: 0 0 0 18 12 0
Case #284: 0 0 0 1 30 0
Case #285: 1 0 0 11 26 27
Case #286: 0 0 0 10 10 0
Case #287: 0 0 0 4 10 0
Case #288: 0 0 0 31 2 0
Case #289: 1 0 0 6 28 37
Case #290: 0 0 0 4 1 0
Case #291: 0 0 0 9 37 0
Case #292: 0 0 0 7 27 0
Case #293: 0 0 0 1 3 0
Case #294: 0 0 0 1 28 0
Case #295: 0 0 0 2 32 0
Case #296: 0 0 0 13 3 0
Case #297: 0 0 0 1 8 0
Case #298: 1 0 0 14 44 44
Case #299: 0 0 0 3 16 0
Case #300: 0 0 0 23 1 0
Case #301: 0 0 0 1 23 0
Case #302: 0 0 0 2 8 0
Case #303: 0 0 0 1 16 0
Case #304: 0 0 0 1 1 0
Case #305: 0 0 0 2 28 0
Case #306: 0 0 0 1 8 0
Case #307: 0 0 0 3 28 0
Case #308: 0 0 0 2 7 0
Case #309: 0 0 0 7 7 0
Case #310: 0 0 0 7 3 0
Case #311: 0 0 0 1 11 0
Case #312: 0 0 0 4 41 0
Case #313: 0 0 0 1 11 0
Case #314: 0 0 0 4 20 0
Case #315: 1 0 0 1 38 11
Case #316: 1 0 0 1 8 25
Case #317: 0 0 0 1 8 0
Case #318: 0 0 0 1 28 0
Case #319: 0 0 0 4 14 0
Case #320: 1 0 0 3 12 17
Case #321: 0 0 0 3 22 0
Case #322: 1 0 0 4 38 7
Case #323: 0 0 0 9 9 0
Case #324: 1 0 0 14 18 34
Case #325: 0 0 0 3 36 0
Case #326: 1 0 0 14 39 41
Case #327: 1 0 0 6 9 41
Case #328: 0 0 0 6 29 0
Case #329: 1 0 0 2 25 15
Case #330: 0 0 0 14 19 0
Case #331: 0 0 0 15 36 0
Case #332: 1 0 0 4 28 35
Case #333: 0 0 0 1 12 0
Case #334: 0 0 0 19 4 0
Case #335: 0 0 0 2 20 0
Case #336: 0 0 0 8 33 0
Case #337: 0 0 0 15 22 0
Case #338: 0 0 0 1 3 0
Case #339: 0 0 0 13 28 0
Case #340: 0 0 0 1 8 0
Case #341: 0 0 0 1 8 0
Case #342: 0 0 0 9 9 0
Case #343: 1 0 0 18 49 39
Case #344: 0 0 0 2 6 0
Case #345: 0 0 0 2 24 0
Case #346: 0 0 0 2 18 0
Case #347: 1 0 0 1 5 14
Case #348: 0 0 0 3 28 0
Case #349: 0 0 0 6 36 0
Case #350: 0 0 0 8 19 0
Case #351: 0 0 0 9 43 0
Case #352: 0 0 0 1 5 0
Case #353: 0 0 0 2 9 0
Case #354: 0 0 0 2 28 0
Case #355: 1 0 0 8 43 30
Case #356: 1 0 0 11 46 18
Case #357: 0 0 0 1 13 0
Case #358: 0 0 0 7 1 0
Case #359: 0 0 0 7 44 0
Case #360: 0 0 0 4 28 0
Case #361: 1 0 0 7 50 46
Case #362: 1 0 0 4 40 50
Case #363: 0 0 0 10 42 0
Case #364: 1 0 0 3 50 49
Case #365: 0 0 0 6 37 0
Case #366: 0 0 0 20 44 0
Case #367: 0 0 0 2 39 0
Case #368: 0 0 0 19 25 0
Case #369: 0 0 0 2 36 0
Case #370: 0 0 0 7 41 0
Case #371: 0 0 0 7 17 0
Case #372: 0 0 0 3 25 0
Case #373: 1 0 0 6 44 46
Case #374: 1 0 0 11 47 41
Case #375: 0 0 0 1 11 0
Case #376: 0 0 0 22 31 0
Case #377: 1 0 0 4 49 48
Case #378: 0 0 0 23 39 0
Case #379: 0 0 0 2 38 0
Case #380: 1 0 0 2 36 50
Case #381: 0 0 0 2 47 0
Case #382: 0 0 0 1 6 0
Case #383: 0 0 0 1 48 0
Case #384: 0 0 0 4 44 0
Case #385: 1 0 0 3 41 49
Case #386: 0 0 0 9 23 0
Case #387: 0 0 0 1 50 0
Case #388: 1 0 0 7 46 47
Case #389: 0 0 0 1 3 0
Case #390: 0 0 0 1 47 0
Case #391: 0 0 0 1 8 0
Case #392: 0 0 0 2 47 0
Case #393: 1 0 0 7 48 49
Case #394: 1 0 0 22 49 35
Case #395: 0 0 0 9 42 0
Case #396: 1 0 0 29 50 45
Case #397: 0 0 0 8 38 0
Case #398: 0 0 0 7 34 0
Case #399: 1 0 0 26 49 40
Case #400: 1 0 0 8 48 49
Case #401: 0 0 0 1 7 0
Case #402: 1 0 0 4 49 49
Case #403: 0 0 0 4 42 0
Case #404: 0 0 0 1 26 0
Case #405: 0 0 0 8 45 0
Case #406: 0 0 0 14 38 0
Case #407: 0 0 0 2 32 0
Case #408: 0 0 0 3 27 0
Case #409: 0 0 0 12 39 0
Case #410: 0 0 0 10 31 0
Case #411: 1 0 0 17 49 46
Case #412: 0 0 0 26 34 0
Case #413: 0 0 0 9 42 0
Case #414: 0 0 0 13 48 0
Case #415: 0 0 0 1 48 0
Case #416: 1 0 0 7 48 49
Case #417: 0 0 0 17 19 0
Case #418: 0 0 0 3 41 0
Case #419: 0 0 0 1 35 0
Case #420: 0 0 0 16 50 0
Case #421: 1 0 0 4 44 50
Case #422: 0 0 0 1 20 0
Case #423: 0 0 0 2 26 0
Case #424: 1 0 0 8 46 43
Case #425: 0 0 0 28 41 0
Case #426: 0 0 0 12 38 0
Case #427: 0 0 0 7 37 0
Case #428: 0 0 0 12 42 0
Case #429: 1 0 0 5 46 48
Case #430: 0 0 0 5 25 0
Case #431: 0 0 0 14 34 0
Case #432: 1 0 0 14 50 39
Case #433: 0 0 0 22 35 0
Case #434: 0 0 0 12 34 0
Case #435: 0 0 0 14 31 0
Case #436: 0 0 0 11 17 0
Case #437: 1 0 0 21 50 34
Case #438: 0 0 0 3 46 0
Case #439: 0 0 0 1 18 0
Case #440: 0 0 0 3 49 0
Case #441: 0 0 0 12 48 0
Case #442: 0 0 0 1 35 0
Case #443: 0 0 0 6 44 0
Case #444: 0 0 0 1 31 0
Case #445: 0 0 0 4 44 0
Case #446: 0 0 0 1 37 0
Case #447: 0 0 0 10 39 0
Case #448: 0 0 0 11 11 0
Case #449: 0 0 0 19 42 0
Case #450: 0 0 0 9 49 0
Case #451: 1 0 0 19 48 41
Case #452: 0 0 0 12 31 0
Case #453: 0 0 0 5 43 0
Case #454: 0 0 0 10 46 0
Case #455: 0 0 0 5 39 0
Case #456: 0 0 0 6 48 0
Case #457: 0 0 0 7 48 0
Case #458: 0 0 0 7 44 0
Case #459: 0 0 0 15 25 0
Case #460: 1 0 0 28 50 43
Case #461: 1 0 0 13 48 44
Case #462: 0 0 0 25 41 0
Case #463: 1 0 0 14 49 43
Case #464: 0 0 0 6 42 0
Case #465: 0 0 0 1 16 0
Case #466: 1 0 0 11 49 45
Case #467: 0 0 0 15 38 0
Case #468: 0 0 0 5 45 0
Case #469: 0 0 0 2 43 0
Case #470: 0 0 0 1 11 0
Case #471: 0 0 0 25 25 0
Case #472: 1 0 0 10 48 48
Case #473: 0 0 0 6 39 0
Case #474: 0 0 0 20 44 0
Case #475: 0 0 0 13 49 0
Case #476: 0 0 0 9 33 0
Case #477: 0 0 0 9 48 0
Case #478: 0 0 0 39 42 0
Case #479: 0 0 0 12 43 0
Case #480: 0 0 0 16 46 0
Case #481: 0 0 0 21 23 0
Case #482: 0 0 0 4 50 0
Case #483: 0 0 0 4 28 0
Case #484: 0 0 0 6 33 0
Case #485: 0 0 0 2 28 0
Case #486: 1 0 0 4 44 50
Case #487: 0 0 0 6 38 0
Case #488: 0 0 0 1 23 0
Case #489: 1 0 0 7 50 50
Case #490: 0 0 0 4 48 0
Case #491: 1 0 0 2 34 49
Case #492: 0 0 0 21 46 0
Case #493: 0 0 0 6 42 0
Case #494: 0 0 0 5 42 0
Case #495: 0 0 0 2 28 0
Case #496: 0 0 0 4 26 0
Case #497: 0 0 0 8 29 0
Case #498: 0 0 0 3 50 0
Case #499: 1 0 0 8 48 44
Case #500: 0 0 0 7 50 0
Case #501: 1 0 0 2 31 49
Case #502: 0 0 0 5 48 0
Case #503: 0 0 0 15 19 0
Case #504: 1 0 0 8 49 46
Case #505: 0 0 0 2 50 0
Case #506: 1 0 0 13 47 47
Case #507: 0 0 0 1 10 0
Case #508: 0 0 0 7 50 0
Case #509: 0 0 0 8 39 0
Case #510: 0 0 0 4 32 0
Case #511: 0 0 0 4 43 0
Case #512: 0 0 0 2 33 0
Case #513: 0 0 0 1 12 0
Case #514: 0 0 0 2 42 0
Case #515: 0 0 0 5 29 0
Case #516: 0 0 0 8 50 0
Case #517: 0 0 0 2 30 0
Case #518: 1 0 0 1 25 50
Case #519: 0 0 0 1 32 0
Case #520: 0 0 0 31 36 0
Case #521: 0 0 0 26 39 0
Case #522: 1 0 0 9 48 43
Case #523: 0 0 0 3 40 0
Case #524: 0 0 0 1 40 0
Case #525: 1 0 0 29 50 44
Case #526: 0 0 0 1 47 0
Case #527: 0 0 0 6 42 0
Case #528: 0 0 0 8 39 0
Case #529: 0 0 0 21 48 0
Case #530: 1 0 0 9 50 46
Case #531: 1 0 0 2 28 49
Case #532: 0 0 0 1 20 0
Case #533: 1 0 0 8 50 44
Case #534: 0 0 0 7 32 0
Case #535: 0 0 0 7 32 0
Case #536: 0 0 0 19 35 0
Case #537: 0 0 0 11 44 0
Case #538: 0 0 0 1 48 0
Case #539: 0 0 0 14 43 0
Case #540: 0 0 0 8 46 0
Case #541: 0 0 0 4 42 0
Case #542: 1 0 0 13 49 44
Case #543: 0 0 0 1 34 0
Case #544: 0 0 0 4 26 0
Case #545: 0 0 0 12 41 0
Case #546: 1 0 0 6 48 50
Case #547: 0 0 0 18 36 0
Case #548: 0 0 0 1 10 0
Case #549: 0 0 0 2 37 0
Case #550: 0 0 0 12 50 0
Case #551: 0 0 0 23 47 0
Case #552: 0 0 0 2 26 0
Case #553: 0 0 0 2 35 0
Case #554: 0 0 0 9 43 0
Case #555: 0 0 0 12 47 0
Case #556: 1 0 0 11 48 50
Case #557: 1 0 0 19 50 42
Case #558: 1 0 0 10 48 41
Case #559: 1 0 0 5 44 47
Case #560: 0 0 0 11 39 0
Case #561: 0 0 0 3 48 0
Case #562: 0 0 0 16 43 0
Case #563: 0 0 0 4 34 0
Case #564: 0 0 0 8 34 0
Case #565: 0 0 0 14 29 0
Case #566: 0 0 0 9 37 0
Case #567: 0 0 0 1 24 0
Case #568: 0 0 0 10 26 0
Case #569: 0 0 0 11 43 0
Case #570: 0 0 0 10 48 0
Case #571: 1 0 0 9 50 46
Case #572: 0 0 0 17 34 0
Case #573: 1 0 0 7 46 45
Case #574: 1 0 0 1 25 50
Case #575: 0 0 0 34 35 0
Case #576: 1 0 0 5 45 47
Case #577: 0 0 0 10 26 0
Case #578: 1 0 0 6 48 50
Case #579: 1 0 0 4 46 50
Case #580: 1 0 0 14 48 50
Case #581: 0 0 0 5 50 0
Case #582: 0 0 0 26 44 0
Case #583: 0 0 0 5 31 0
Case #584: 0 0 0 17 43 0
Case #585: 1 0 0 10 48 41
Case #586: 0 0 0 7 33 0
Case #587: 0 0 0 10 26 0
Case #588: 1 0 0 6 50 46
Case #589: 0 0 0 1 6 0
Case #590: 1 0 0 34 50 42
Case #591: 0 0 0 6 41 0
Case #592: 1 0 0 6 46 50
Case #593: 1 0 0 9 50 47
Case #594: 0 0 0 9 31 0
Case #595: 0 0 0 3 43 0
Case #596: 0 0 0 7 19 0
Case #597: 0 0 0 3 25 0
Case #598: 1 0 0 13 47 47
Case #599: 0 0 0 13 47 0
Case #600: 0 0 0 39 47 0
Case #601: 0 0 0 4 38 0
Case #602: 0 0 0 4 43 0
Case #603: 0 0 0 3 34 0
Case #604: 0 0 0 8 50 0
Case #605: 0 0 0 5 39 0
Case #606: 0 0 0 9 34 0
Case #607: 0 0 0 6 31 0
Case #608: 1 0 0 14 48 37
Case #609: 0 0 0 7 38 0
Case #610: 1 0 0 12 48 44
Case #611: 0 0 0 3 46 0
Case #612: 0 0 0 11 19 0
Case #613: 0 0 0 1 12 0
Case #614: 1 0 0 7 47 50
Case #615: 0 0 0 30 38 0
Case #616: 0 0 0 9 37 0
Case #617: 1 0 0 2 48 50
Case #618: 0 0 0 14 38 0
Case #619: 0 0 0 14 50 0
Case #620: 0 0 0 1 19 0
Case #621: 1 0 0 15 48 49
Case #622: 0 0 0 4 35 0
Case #623: 1 0 0 12 47 46
Case #624: 1 0 0 3 47 48
Case #625: 0 0 0 2 33 0
Case #626: 1 0 0 10 49 45
Case #627: 1 0 0 8 49 48
Case #628: 0 0 0 10 48 0
Case #629: 1 0 0 13 50 40
Case #630: 1 0 0 1 23 50
Case #631: 0 0 0 6 44 0
Case #632: 0 0 0 5 13 0
Case #633: 0 0 0 20 31 0
Case #634: 0 0 0 26 39 0
Case #635: 0 0 0 8 48 0
Case #636: 0 0 0 6 41 0
Case #637: 1 0 0 6 47 48
Case #638: 0 0 0 5 17 0
Case #639: 1 0 0 12 47 47
Case #640: 1 0 0 15 49 46
Case #641: 0 0 0 1 30 0
Case #642: 1 0 0 16 50 41
Case #643: 0 0 0 2 44 0
Case #644: 0 0 0 2 31 0
Case #645: 1 0 0 3 36 49
Case #646: 0 0 0 1 9 0
Case #647: 0 0 0 3 29 0
Case #648: 0 0 0 9 48 0
Case #649: 0 0 0 2 41 0
Case #650: 1 0 0 19 49 49
Case #651: 0 0 0 13 48 0
Case #652: 1 0 0 20 49 34
Case #653: 0 0 0 4 37 0
Case #654: 0 0 0 3 41 0
Case #655: 0 0 0 1 17 0
Case #656: 0 0 0 17 45 0
Case #657: 0 0 0 1 40 0
Case #658: 1 0 0 7 50 47
Case #659: 1 0 0 22 48 47
Case #660: 0 0 0 11 22 0
Case #661: 1 0 0 5 48 48
Case #662: 1 0 0 6 45 49
Case #663: 0 0 0 9 49 0
Case #664: 0 0 0 1 9 0
Case #665: 1 0 0 22 48 50
Case #666: 0 0 0 14 47 0
Case #667: 0 0 0 7 27 0
Case #668: 1 0 0 10 50 41
Case #669: 0 0 0 8 50 0
Case #670: 0 0 0 30 34 0
Case #671: 0 0 0 23 35 0
Case #672: 0 0 0 5 31 0
Case #673: 1 0 0 1 13 50
Case #674: 1 0 0 10 48 48
Case #675: 0 0 0 6 34 0
Case #676: 0 0 0 5 33 0
Case #677: 1 0 0 6 50 49
Case #678: 0 0 0 13 29 0
Case #679: 0 0 0 18 31 0
Case #680: 0 0 0 14 37 0
Case #681: 1 0 0 8 45 45
Case #682: 0 0 0 1 34 0
Case #683: 1 0 0 9 46 42
Case #684: 1 0 0 25 49 48
Case #685: 1 0 0 6 44 46
Case #686: 0 0 0 5 46 0
Case #687: 1 0 0 17 48 45
Case #688: 0 0 0 1 50 0
Case #689: 1 0 0 6 49 45
Case #690: 0 0 0 2 34 0
Case #691: 0 0 0 4 45 0
Case #692: 0 0 0 1 23 0
Case #693: 0 0 0 2 45 0
Case #694: 1 0 0 14 48 48
Case #695: 0 0 0 11 11 0
Case #696: 0 0 0 1 29 0
Case #697: 1 0 0 37 50 27
Case #698: 0 0 0 3 35 0
Case #699: 1 0 0 3 41 49
Case #700: 1 0 0 14 48 48
Case #701: 0 0 0 1 40 0
Case #702: 0 0 0 29 29 0
Case #703: 1 0 0 14 49 49
Case #704: 0 0 0 16 38 0
Case #705: 0 0 0 10 42 0
Case #706: 0 0 0 27 38 0
Case #707: 0 0 0 1 42 0
Case #708: 0 0 0 8 48 0
Case #709: 0 0 0 4 39 0
Case #710: 1 0 0 3 35 50
Case #711: 1 0 0 1 49 50
Case #712: 0 0 0 8 47 0
Case #713: 1 0 0 17 49 40
Case #714: 0 0 0 1 42 0
Case #715: 0 0 0 19 42 0
Case #716: 0 0 0 2 27 0
Case #717: 0 0 0 1 48 0
Case #718: 0 0 0 23 43 0
Case #719: 0 0 0 6 33 0
Case #720: 1 0 0 4 44 50
Case #721: 1 0 0 4 49 49
Case #722: 1 0 0 12 49 50
Case #723: 0 0 0 5 17 0
Case #724: 1 0 0 7 45 45
Case #725: 1 0 0 14 50 43
Case #726: 1 0 0 22 50 30
Case #727: 0 0 0 3 34 0
Case #728: 1 0 0 8 49 50
Case #729: 0 0 0 17 48 0
Case #730: 1 0 0 18 50 34
Case #731: 1 0 0 5 46 47
Case #732: 0 0 0 10 29 0
Case #733: 0 0 0 1 13 0
Case #734: 0 0 0 5 29 0
Case #735: 0 0 0 34 34 0
Case #736: 1 0 0 3 47 48
Case #737: 1 0 0 6 48 45
Case #738: 0 0 0 4 48 0
Case #739: 0 0 0 3 50 0
Case #740: 0 0 0 26 28 0
Case #741: 0 0 0 7 13 0
Case #742: 0 0 0 15 47 0
Case #743: 0 0 0 13 34 0
Case #744: 1 0 0 18 48 41
Case #745: 1 0 0 9 46 49
Case #746: 0 0 0 27 33 0
Case #747: 1 0 0 16 49 39
Case #748: 1 0 0 3 45 50
Case #749: 1 0 0 1 49 50
Case #750: 1 0 0 10 50 44
Case #751: 0 0 0 10 44 0
Case #752: 1 0 0 14 50 39
Case #753: 1 0 0 10 50 43
Case #754: 0 0 0 11 39 0
Case #755: 1 0 0 17 48 48
Case #756: 0 0 0 5 39 0
Case #757: 0 0 0 2 36 0
Case #758: 0 0 0 3 23 0
Case #759: 0 0 0 6 41 0
Case #760: 1 0 0 12 48 44
Case #761: 0 0 0 9 31 0
Case #762: 0 0 0 6 42 0
Case #763: 0 0 0 8 45 0
Case #764: 0 0 0 25 37 0
Case #765: 0 0 0 15 23 0
Case #766: 0 0 0 17 47 0
Case #767: 0 0 0 4 26 0
Case #768: 1 0 0 6 49 49
Case #769: 1 0 0 7 46 46
Case #770: 0 0 0 22 35 0
Case #771: 0 0 0 7 48 0
Case #772: 0 0 0 31 33 0
Case #773: 1 0 0 6 47 48
Case #774: 0 0 0 24 39 0
Case #775: 0 0 0 7 47 0
Case #776: 1 0 0 8 46 50
Case #777: 0 0 0 8 43 0
Case #778: 0 0 0 3 31 0
Case #779: 0 0 0 2 48 0
Case #780: 0 0 0 22 33 0
Case #781: 0 0 0 3 25 0
Case #782: 0 0 0 15 17 0
Case #783: 0 0 0 2 32 0
Case #784: 1 0 0 18 50 40
Case #785: 0 0 0 4 42 0
Case #786: 0 0 0 5 25 0
Case #787: 0 0 0 1 48 0
Case #788: 0 0 0 7 43 0
Case #789: 0 0 0 2 42 0
Case #790: 0 0 0 7 40 0
Case #791: 0 0 0 12 39 0
Case #792: 0 0 0 20 31 0
Case #793: 0 0 0 9 48 0
Case #794: 0 0 0 7 38 0
Case #795: 0 0 0 4 44 0
Case #796: 0 0 0 12 42 0
Case #797: 1 0 0 35 50 28
Case #798: 0 0 0 6 47 0
Case #799: 0 0 0 1 28 0
Case #800: 1 0 0 16 49 43
Case #801: 1 0 0 24 49 37
Case #802: 0 0 0 6 48 0
Case #803: 0 0 0 2 37 0
Case #804: 0 0 0 4 26 0
Case #805: 0 0 0 1 39 0
Case #806: 0 0 0 2 34 0
Case #807: 1 0 0 10 48 43
Case #808: 0 0 0 31 48 0
Case #809: 1 0 0 2 29 49
Case #810: 0 0 0 3 27 0
Case #811: 0 0 0 11 33 0
Case #812: 1 0 0 28 50 47
Case #813: 0 0 0 3 27 0
Case #814: 0 0 0 1 12 0
Case #815: 0 0 0 22 43 0
Case #816: 0 0 0 27 42 0
Case #817: 0 0 0 2 41 0
Case #818: 0 0 0 1 12 0
Case #819: 1 0 0 10 47 49
Case #820: 1 0 0 32 49 48
Case #821: 0 0 0 6 33 0
Case #822: 1 0 0 27 49 35
Case #823: 0 0 0 1 7 0
Case #824: 0 0 0 17 33 0
Case #825: 0 0 0 12 48 0
Case #826: 0 0 0 3 44 0
Case #827: 1 0 0 1 19 50
Case #828: 0 0 0 5 11 0
Case #829: 0 0 0 15 47 0
Case #830: 0 0 0 13 39 0
Case #831: 0 0 0 7 22 0
Case #832: 0 0 0 29 45 0
Case #833: 0 0 0 13 31 0
Case #834: 0 0 0 17 17 0
Case #835: 1 0 0 43 50 14
Case #836: 0 0 0 1 19 0
Case #837: 0 0 0 2 47 0
Case #838: 1 0 0 21 50 31
Case #839: 0 0 0 3 35 0
Case #840: 1 0 0 5 43 49
Case #841: 0 0 0 1 37 0
Case #842: 1 0 0 6 45 47
Case #843: 0 0 0 4 45 0
Case #844: 1 0 0 9 47 48
Case #845: 1 0 0 18 50 40
Case #846: 0 0 0 27 29 0
Case #847: 0 0 0 19 38 0
Case #848: 0 0 0 32 37 0
Case #849: 1 0 0 11 50 41
Case #850: 0 0 0 4 40 0
Case #851: 1 0 0 25 49 37
Case #852: 1 0 0 10 46 48
Case #853: 1 0 0 20 49 42
Case #854: 1 0 0 4 44 50
Case #855: 1 0 0 2 34 49
Case #856: 0 0 0 19 37 0
Case #857: 0 0 0 3 49 0
Case #858: 0 0 0 19 50 0
Case #859: 0 0 0 12 48 0
Case #860: 0 0 0 9 38 0
Case #861: 0 0 0 9 43 0
Case #862: 1 0 0 12 49 42
Case #863: 0 0 0 17 42 0
Case #864: 0 0 0 3 39 0
Case #865: 0 0 0 3 23 0
Case #866: 1 0 0 15 47 48
Case #867: 0 0 0 1 6 0
Case #868: 0 0 0 20 29 0
Case #869: 0 0 0 1 21 0
Case #870: 1 0 0 6 47 46
Case #871: 1 0 0 12 49 41
Case #872: 0 0 0 8 32 0
Case #873: 0 0 0 16 43 0
Case #874: 0 0 0 12 45 0
Case #875: 0 0 0 2 50 0
Case #876: 0 0 0 1 2 0
Case #877: 0 0 0 3 46 0
Case #878: 1 0 0 23 50 37
Case #879: 0 0 0 29 32 0
Case #880: 0 0 0 7 23 0
Case #881: 1 0 0 4 45 47
Case #882: 0 0 0 10 39 0
Case #883: 0 0 0 27 50 0
Case #884: 1 0 0 15 50 44
Case #885: 0 0 0 2 34 0
Case #886: 0 0 0 6 44 0
Case #887: 0 0 0 16 38 0
Case #888: 1 0 0 11 47 42
Case #889: 0 0 0 1 40 0
Case #890: 1 0 0 22 49 48
Case #891: 1 0 0 5 48 47
Case #892: 0 0 0 11 48 0
Case #893: 1 0 0 4 40 50
Case #894: 0 0 0 19 27 0
Case #895: 1 0 0 6 46 50
Case #896: 1 0 0 6 48 45
Case #897: 0 0 0 18 36 0
Case #898: 0 0 0 4 44 0
Case #899: 0 0 0 16 34 0
Case #900: 0 0 0 3 37 0
Case #901: 1 0 0 17 49 35
Case #902: 1 0 0 9 49 46
Case #903: 0 0 0 12 45 0
Case #904: 0 0 0 7 41 0
Case #905: 1 0 0 18 49 41
Case #906: 0 0 0 9 44 0
Case #907: 0 0 0 21 23 0
Case #908: 0 0 0 9 23 0
Case #909: 1 0 0 16 48 45
Case #910: 0 0 0 1 25 0
Case #911: 0 0 0 29 47 0
Case #912: 0 0 0 13 44 0
Case #913: 0 0 0 1 24 0
Case #914: 0 0 0 2 49 0
Case #915: 0 0 0 22 39 0
Case #916: 0 0 0 1 9 0
Case #917: 0 0 0 4 31 0
Case #918: 0 0 0 5 19 0
Case #919: 0 0 0 2 36 0
Case #920: 0 0 0 8 43 0
Case #921: 1 0 0 10 47 41
Case #922: 0 0 0 14 43 0
Case #923: 1 0 0 22 50 50
Case #924: 0 0 0 6 29 0
Case #925: 0 0 0 10 48 0
Case #926: 1 0 0 6 46 50
Case #927: 1 0 0 13 47 49
Case #928: 0 0 0 7 27 0
Case #929: 0 0 0 5 42 0
Case #930: 1 0 0 3 46 49
Case #931: 0 0 0 13 39 0
Case #932: 1 0 0 14 49 48
Case #933: 0 0 0 1 3 0
Case #934: 1 0 0 2 43 49
Case #935: 0 0 0 6 33 0
Case #936: 1 0 0 2 30 50
Case #937: 0 0 0 3 19 0
Case #938: 0 0 0 6 27 0
Case #939: 0 0 0 2 44 0
Case #940: 0 0 0 14 50 0
Case #941: 0 0 0 11 39 0
Case #942: 1 0 0 45 50 18
Case #943: 0 0 0 19 46 0
Case #944: 0 0 0 5 44 0
Case #945: 0 0 0 16 46 0
Case #946: 1 0 0 14 50 46
Case #947: 0 0 0 7 41 0
Case #948: 1 0 0 11 48 48
Case #949: 1 0 0 8 45 50
Case #950: 0 0 0 9 33 0
Case #951: 0 0 0 16 31 0
Case #952: 0 0 0 4 45 0
Case #953: 0 0 0 3 36 0
Case #954: 0 0 0 13 44 0
Case #955: 0 0 0 12 29 0
Case #956: 0 0 0 21 33 0
Case #957: 1 0 0 3 45 50
Case #958: 0 0 0 8 50 0
Case #959: 0 0 0 1 13 0
Case #960: 1 0 0 9 49 49
Case #961: 0 0 0 49 50 0
Case #962: 29 0 0 43 1 0
Case #963: 28 0 0 48 2 5
Case #964: 31 0 0 46 8 1
Case #965: 28 0 0 47 2 3
Case #966: 29 0 0 46 4 1
Case #967: 28 0 0 46 2 1
Case #968: 27 0 0 46 0 1
Case #969: 29 0 0 47 2 6
Case #970: 31 0 0 44 4 3
Case #971: 28 0 0 48 3 3
Case #972: 27 0 0 50 1 7
Case #973: 27 0 0 49 1 5
Case #974: 27 0 0 48 1 3
Case #975: 27 0 0 47 1 1
Case #976: 27 0 0 50 2 5
Case #977: 28 0 0 50 5 3
Case #978: 27 0 0 49 2 3
Case #979: 28 0 0 48 4 1
Case #980: 27 0 0 48 2 1
Case #981: 29 0 0 49 5 4
Case #982: 28 0 0 47 2 2
Case #983: 29 0 0 49 2 9
Case #984: 27 0 0 46 0 0
Case #985: 28 0 0 49 3 4
Case #986: 29 0 0 48 5 2
Case #987: 29 0 0 47 2 5
Case #988: 27 0 0 50 1 6
Case #989: 27 0 0 49 1 4
Case #990: 27 0 0 48 1 2
Case #991: 27 0 0 47 1 0
Case #992: 27 0 0 50 2 4
Case #993: 30 0 0 49 3 10
Case #994: 27 0 0 49 2 2
Case #995: 29 0 0 48 3 5
Case #996: 26 0 0 48 0 0
Case #997: 29 0 0 50 4 7
Case #998: 26 0 0 50 1 2
Case #999: 26 0 0 49 1 0
Case #1000: 0 0 0 50 50 0
