666
609 159
167 558
89 526
541 410
629 229
284 227
437 291
304 93
507 278
366 557
522 109
467 482
110 423
451 403
552 338
71 221
291 557
475 171
343 499
10 268
564 274
432 126
376 583
410 654
466 453
481 625
351 646
211 469
253 368
513 382
475 97
161 318
634 519
474 339
29 631
491 92
45 354
404 450
506 137
664 224
458 87
617 131
291 109
228 618
393 582
527 176
583 629
557 281
46 590
583 91
500 376
303 141
327 410
213 439
230 282
23 130
639 506
235 108
365 519
95 76
493 596
100 50
351 372
410 70
459 498
626 481
117 357
565 350
272 666
569 564
511 428
228 598
290 533
531 451
554 197
249 502
10 544
275 230
447 485
83 369
236 295
285 309
604 621
37 501
480 231
258 360
112 51
266 586
483 413
499 99
492 525
369 188
254 541
272 48
626 130
217 634
363 380
68 540
58 291
309 591
555 125
612 431
607 303
609 34
572 562
129 436
355 57
347 645
459 335
77 262
612 309
40 363
536 545
213 49
38 457
517 197
179 99
556 399
280 621
606 85
62 602
95 332
268 217
638 353
595 598
247 476
415 396
514 192
527 659
214 125
221 298
176 404
454 373
356 618
187 334
460 362
188 123
252 240
279 78
194 630
150 658
458 321
477 358
517 4
103 470
466 205
323 643
225 16
422 220
264 620
585 423
459 270
424 274
81 6
636 358
307 52
466 643
203 24
100 534
346 170
176 404
52 184
440 534
218 592
165 544
619 153
35 375
213 26
173 465
521 410
283 471
271 33
73 219
318 665
631 392
302 10
660 649
246 610
109 21
2 511
202 560
207 295
199 360
656 97
97 29
346 16
1 130
458 552
34 343
628 203
518 78
148 618
418 94
547 45
230 112
382 11
37 199
274 556
394 99
379 465
436 295
199 173
126 18
55 492
584 43
644 497
249 19
97 169
633 402
606 318
271 122
199 79
274 339
335 523
542 148
82 410
493 150
172 464
211 448
244 29
100 362
147 597
480 131
145 556
375 451
294 385
336 611
153 453
288 236
219 217
36 407
359 198
485 331
252 577
355 301
368 93
475 335
436 367
212 275
398 524
656 227
247 197
618 265
349 79
498 411
432 90
227 305
547 405
54 372
573 265
140 80
129 473
314 265
511 117
94 165
11 245
638 9
120 258
629 568
458 129
385 552
587 102
3 359
211 193
565 433
12 205
52 120
64 325
533 42
408 85
438 142
482 46
270 221
567 232
472 195
439 106
239 664
272 382
634 2
274 518
334 367
446 138
534 469
304 2
236 289
360 282
161 363
461 531
345 197
126 217
515 94
104 462
503 86
468 430
151 566
98 384
190 326
51 8
374 423
444 426
626 225
201 195
112 64
307 299
483 56
585 107
642 431
144 316
325 150
398 573
285 364
584 363
521 184
285 460
286 243
263 44
281 435
121 265
6 605
231 203
232 93
80 250
661 416
168 49
56 586
649 483
59 399
278 548
369 322
536 234
494 341
325 623
146 653
292 185
35 131
543 79
13 287
554 604
497 589
25 94
84 122
159 477
296 152
177 245
295 593
341 252
345 586
315 539
235 446
176 120
498 433
45 335
432 595
300 234
106 380
153 294
34 146
411 34
217 87
330 520
464 296
513 534
252 504
339 542
636 363
117 102
370 298
249 429
411 528
320 436
190 10
169 140
643 181
391 86
20 65
154 80
512 498
534 612
193 341
566 165
612 239
473 536
224 218
180 529
478 408
461 578
433 321
349 204
160 4
579 20
367 51
239 328
112 631
154 279
25 344
469 514
513 662
347 300
366 189
360 119
640 515
366 297
630 265
335 393
591 281
432 465
379 297
569 223
132 361
560 462
190 278
365 172
466 453
388 564
390 132
366 611
585 574
474 411
513 500
419 97
216 490
416 24
414 423
155 426
38 13
94 339
84 515
331 313
421 211
390 276
347 415
362 316
613 129
223 565
9 589
207 27
416 629
631 318
269 569
5 345
546 295
574 535
39 78
524 524
203 267
482 341
571 11
184 227
437 161
575 167
350 186
152 4
28 246
364 576
186 1
75 407
158 221
652 161
406 75
221 327
159 335
614 661
596 266
59 597
446 361
181 62
268 161
24 53
232 367
354 603
592 325
131 384
221 305
8 300
558 533
646 420
7 110
373 346
66 665
482 190
537 132
301 534
424 218
375 517
344 122
18 364
441 150
135 332
135 399
342 64
573 366
445 463
317 63
55 415
464 128
578 562
526 265
461 54
118 482
297 317
386 493
330 19
232 232
77 210
663 488
408 448
584 93
345 597
413 454
586 117
239 287
414 659
283 112
171 572
556 176
500 343
160 41
553 432
299 615
622 586
106 358
376 603
443 389
545 319
437 9
69 549
5 232
477 627
53 545
626 287
319 52
665 120
59 193
241 30
490 353
410 538
366 263
309 68
175 270
24 193
80 332
522 425
19 660
159 209
454 519
507 36
558 609
283 450
640 598
594 662
390 67
291 203
31 649
356 47
444 298
137 150
455 130
608 284
400 288
146 326
606 306
284 565
582 108
663 150
41 331
405 129
220 300
186 515
324 206
623 102
106 127
325 233
578 588
113 81
23 373
293 627
75 59
442 508
268 651
618 358
605 27
30 122
272 554
42 227
266 126
514 498
128 447
165 234
421 384
25 257
152 52
508 658
394 230
135 221
322 464
398 194
170 403
544 447
100 46
548 181
344 162
596 91
290 578
225 50
477 249
189 664
650 26
276 59
139 111
591 286
142 76
357 450
515 63
82 302
78 41
32 563
159 20
22 486
146 200
273 225
297 181
214 209
258 476
325 410
598 569
526 348
462 154
567 227
317 131
82 501
363 366
261 593
579 366
325 356
90 32
503 390
148 89
292 559
405 191
615 25
276 21
312 269
188 166
251 390
277 606
399 227
632 261
399 490
19 591
248 216
480 645
600 581
466 286
264 131
235 467
137 266
248 226
340 338
330 312
188 290
655 421
492 560
649 555
561 250
455 226
598 573
