4999
540 4323
2111 897
2348 4102
2183 2905
2014 2473
2451 780
3399 2241
4262 1725
2816 4714
4599 3555
96 4451
4873 1173
3257 3126
4992 3023
880 4293
1212 4555
3212 3071
4423 4850
659 370
1273 2811
620 4356
3290 3102
3759 4578
4184 4367
296 2566
3600 2042
2096 4871
595 4029
1065 3142
3152 2447
3915 3215
4597 1553
54 827
3679 3161
3593 3769
2181 2393
1146 1981
4450 3299
358 4865
2168 180
300 4119
2693 506
233 4663
715 4843
1595 1819
1252 4521
3987 465
2153 326
2549 4084
605 1575
4522 2049
917 1276
4129 166
3765 3238
1609 3354
590 3641
2790 2372
3392 2889
3804 3865
369 2119
1205 2723
2013 14
3813 2054
4966 4231
669 2617
1383 2814
4210 4202
4381 4174
239 2028
3776 81
765 2149
686 1355
917 3888
3985 623
4389 4741
2335 2387
3920 1935
2194 1422
2537 3304
1474 1671
496 1292
2080 2449
1094 4504
1966 781
4759 2201
4812 399
2123 4057
3883 3008
4979 522
3067 1720
4685 1507
1377 843
498 1427
3184 3726
3158 1966
448 4485
2455 2727
1941 801
151 4390
381 4834
1788 3391
3670 4690
3137 4386
2573 2432
2698 204
4250 3159
1632 3621
2081 3367
4266 3133
3808 3875
4631 4644
4365 889
2781 1460
3097 2185
3211 4284
2152 2929
2801 2608
3441 4607
3449 487
115 3847
884 2107
4606 289
4002 704
4661 3196
4299 1744
4071 972
4370 4551
1716 2788
2402 4447
4556 2913
3136 1922
2240 4011
2273 1457
593 2683
4239 4119
406 2172
2844 1145
2945 2246
403 1837
1671 1924
625 144
391 3770
614 2139
4790 290
3171 4422
4809 3131
3558 1431
3430 743
4187 1918
1246 2751
4155 4987
2950 2629
4456 1113
1940 4134
3143 4907
3110 3731
3502 2003
415 142
4066 168
3922 2398
3790 4244
2369 686
3369 955
1739 2805
1384 2304
3656 3820
294 3222
912 1840
2164 593
2283 1714
1113 835
3484 237
4159 2832
1833 662
2304 1314
2318 328
4578 3980
2424 414
4349 1132
1317 2958
4617 3580
2704 3517
3636 3212
629 1793
3759 3613
3184 1503
4941 3033
288 3582
1637 3049
3504 660
3409 3949
4839 4892
2194 952
4159 3715
1194 1166
3022 2782
4492 1067
4469 36
3663 1888
3386 949
2207 2417
17 1354
2585 796
1943 199
740 3874
3382 900
2708 337
3962 4311
3180 1541
4068 1827
2338 723
2614 3585
1836 1151
4475 1069
4763 3243
4379 3887
214 2177
1654 1171
1937 495
4667 2003
525 3659
2719 3213
2171 3807
403 3751
103 3241
4749 2110
4600 3666
1873 1418
3906 3805
2900 2752
10 1343
1661 1349
1334 1016
4530 3913
3815 1430
3289 3596
4476 3996
414 731
4724 316
4582 3243
1474 3652
421 4532
1823 522
2694 2065
1699 694
3255 1855
4085 683
399 2699
331 3929
2659 3233
2255 2682
4953 2268
862 314
2298 1643
4716 938
4645 4837
3397 1374
4491 984
900 3504
4533 2801
2125 429
4393 3023
917 2849
1923 2070
642 135
2182 3834
2821 126
1673 4023
665 2738
4211 520
1800 4248
2814 170
255 4659
1361 349
3220 850
551 4234
3936 2530
2243 2230
2188 2793
2360 4105
2833 2204
229 255
1423 3705
4330 3995
4813 4869
3131 42
2697 451
1949 1152
3846 4535
2765 1232
4634 2984
3995 3023
32 1733
3835 402
4064 3675
4086 3354
1971 3813
1645 1965
4958 3071
416 2005
1874 1256
1294 1488
2578 3490
562 575
2770 2340
472 4318
2625 3184
1943 964
2233 2341
328 4738
4525 2141
4262 989
2937 4476
3461 1384
4804 3969
3952 1682
4460 962
550 2129
4899 3973
230 1179
3445 1301
2870 1507
1659 1807
1767 3213
3636 3424
3584 2025
26 3500
478 1441
3777 1304
804 4701
4176 500
3650 709
3141 4414
1370 3264
4574 2336
418 2291
4874 2498
1785 96
3093 2207
1240 3222
2554 1333
4573 1449
3339 2840
2649 2572
2034 2723
4273 4213
3595 3091
3982 4044
4033 1848
4206 4593
578 920
2594 1815
4468 369
3928 3166
2375 3102
4178 4859
1904 640
118 4510
3385 3630
3382 4928
4924 1720
45 869
2277 2525
219 4539
3005 527
72 4563
2690 2740
2478 3754
2888 83
4452 3912
1608 207
3354 343
3165 2815
3961 2107
4434 4211
3240 2507
4840 3298
3309 765
1736 2802
1494 110
914 2293
4511 4796
2938 2263
4620 2886
4904 2666
2948 3268
1214 1814
2628 3104
431 2444
1624 1971
2558 1967
3131 4494
4579 3209
478 4500
3496 4709
1800 105
1561 2468
1155 3754
906 2766
2932 1243
4851 3647
3434 1836
1922 1526
1448 342
1670 3994
1133 483
1195 3812
4948 847
4018 4236
3390 2366
1381 4575
596 47
3961 1586
4141 3367
1328 2437
2188 4711
2525 3177
1285 1077
4050 751
2838 4081
373 2456
363 3321
3306 4010
53 4820
1250 3705
3546 4738
550 2764
2360 62
1981 207
1407 3482
277 4861
3826 619
1557 1946
502 295
80 2295
3884 511
4665 4506
1830 3545
3220 3195
3830 3221
731 1452
3223 4575
459 3163
2972 573
314 4984
493 1693
2132 213
1697 2564
3809 528
3033 2923
1239 4307
3346 4922
3841 510
4812 3006
3037 1686
3732 3947
1393 2034
3201 4013
773 1683
2761 790
1120 2701
946 1337
4799 482
4285 3040
1825 3263
4171 3729
4122 1051
4269 2370
2950 146
4744 4374
1288 2727
2973 1605
2125 1836
2177 699
2922 2478
2724 4270
3643 2824
2905 4915
750 3533
3769 3641
1718 2834
118 4422
3661 4832
3544 4574
1839 2612
3048 783
3811 840
212 3986
1014 1454
4754 3352
3419 1606
1075 1487
1292 3838
2684 4563
658 2843
4061 3724
1396 2795
3190 4071
2017 4104
1029 1356
1357 1569
1975 2573
1316 4134
2925 4051
3914 1395
4693 1495
1941 1217
1302 2941
2905 1830
1441 4212
1969 4259
793 4074
713 4535
4095 4507
4937 3451
121 823
1909 4546
2680 4624
4342 693
117 2803
2442 3018
1921 656
2895 1132
1292 2099
4895 2733
3337 2911
953 4799
1551 4063
3997 1538
3105 2874
3766 1488
396 1720
361 1432
4892 4974
879 647
2137 3630
4487 1444
4628 2642
3486 540
1148 930
3772 863
3360 2276
4345 1877
2099 2
2707 3266
493 3665
1342 835
4193 3133
4558 1694
250 4986
409 1049
2876 821
3799 1054
3461 2867
1151 1738
117 4431
3125 3380
3908 3130
47 4538
3201 2716
4873 919
3378 4724
4124 2341
3622 2614
858 3572
2087 2615
1196 3105
648 3413
359 457
3912 4540
150 3250
3869 2275
3779 3015
1149 2150
63 4401
919 137
4334 2473
3089 1606
2334 3965
2768 2847
1381 1351
2186 1647
4881 3847
2484 1806
4484 2005
3852 2884
4786 4342
3306 1785
851 126
3796 448
697 4398
3861 4745
2943 1859
3827 4788
4185 4415
4062 937
4479 323
3009 4453
742 3353
1081 2431
225 433
2911 4556
3599 1490
1521 1365
3931 609
3857 2495
2022 2729
2495 2626
764 2001
1043 1749
4651 1930
2893 4810
2883 953
1690 1608
2300 999
4964 3150
4280 4470
1268 3290
3380 821
3026 3555
4969 412
1986 3789
4032 3351
2666 875
3351 2804
991 3467
2970 1249
868 4977
935 4783
2560 3905
2019 978
3500 599
4422 4228
3641 2856
4109 4783
2410 3557
2026 1928
535 2755
1410 3638
2755 2025
2294 267
2732 4600
2020 2694
4289 1049
2402 2640
1006 733
155 1813
2928 3056
3468 294
1644 2205
4922 587
978 3349
912 1349
2178 267
3248 4074
4249 112
4568 2505
4122 1425
3489 3769
3700 4581
3264 2159
3057 2045
2576 1721
2895 3770
4787 17
2919 4432
4493 4526
1783 474
356 773
2893 4059
4273 3848
3210 3169
1040 3864
363 2033
3714 4539
1757 875
25 2810
4331 2347
2942 2079
977 4921
4495 3317
3525 344
1247 667
1310 2676
4167 556
3540 2263
3061 2219
808 1025
2888 3217
3728 2571
4121 1023
3755 1822
2736 2206
457 4233
4491 2781
2507 2996
510 2643
1291 4726
2655 280
1731 2950
1892 134
3302 403
1486 1581
4336 4252
3307 3452
4823 1374
2296 2548
1592 1592
1136 706
4342 3670
542 2972
1430 1541
4954 3565
1694 3732
2933 4376
1385 1931
3505 4055
1851 4097
2268 4115
2406 3154
1232 1886
972 955
3851 1488
3189 798
4899 3967
4424 4030
1945 4471
1342 2205
2313 4716
2202 4141
2082 4886
117 120
3474 2223
3472 2877
1578 3020
730 1253
918 2911
1631 1239
4578 363
166 2073
826 4595
4653 3362
602 3389
2370 586
2961 3249
108 4402
4534 3187
2936 4339
904 1448
4502 665
919 1062
3443 1
4438 290
148 2381
2819 2981
2007 937
4101 3397
3181 3151
4576 1158
437 2713
4416 1062
2246 2288
1490 484
2816 1992
1933 3485
2844 2412
1953 357
965 1878
1145 2487
1487 3947
305 537
1519 1948
2376 540
2058 2736
4319 3025
1001 1135
1849 4354
2702 4971
3655 3647
4851 4570
1176 2203
2666 3050
4730 282
4440 374
627 4931
3799 1093
2036 2222
2201 2891
2108 3270
3134 2247
1299 3241
2387 234
4499 4446
3132 1989
4795 4559
3509 559
2759 2181
2459 1485
4117 1808
383 4005
2358 3427
4320 2380
822 1318
1800 437
687 512
3853 1943
74 2344
4323 2940
1637 4815
1196 1203
37 4883
821 2011
3295 4244
852 3715
2289 154
4069 177
4656 2058
677 2100
3421 3290
3733 4171
484 1282
3287 4490
4290 4270
2332 562
4988 2510
2641 4232
3783 3906
4475 1165
2941 1487
2591 4877
2611 4982
1816 500
60 4219
2024 106
2550 3478
1575 2237
2168 4874
795 438
150 135
3674 4362
4212 1281
1603 1682
4734 546
2974 3166
3742 3331
3320 3984
2785 3799
3876 2232
3206 1561
944 1496
3992 2522
4538 594
3228 1595
1194 2915
1145 331
3650 2984
2964 2516
4377 4345
4017 2467
1328 3857
3649 804
2019 1794
2949 158
4863 4977
397 3940
2356 95
1602 3036
822 1930
2182 679
130 3794
1775 1733
1572 3966
1505 770
3057 2242
4841 1327
4246 4031
2769 4511
4973 4636
2389 3493
2942 83
1401 93
3391 3267
1538 4908
4452 2705
4104 4885
2768 4412
4795 4250
4812 1216
1930 1989
63 4668
4918 926
3832 1165
328 4023
835 253
1799 1044
3935 640
519 3664
4159 4106
4343 1340
953 107
2498 3693
1954 3421
2172 2752
3577 4856
840 3293
3883 4583
3913 769
807 1817
3530 2525
3168 3481
2934 2497
251 2765
3993 1917
819 626
65 243
1389 1943
1521 1826
1034 1002
4535 4390
940 3829
4584 3024
4681 3200
1920 2799
41 1772
2396 2465
122 1068
2638 2771
1928 755
1112 1760
4052 1191
3570 730
982 642
3673 2799
3269 2321
3458 3554
1630 3293
141 2233
4979 1948
860 1344
2663 2882
912 3732
3474 4593
3070 4793
4057 4165
4543 728
1185 847
1709 690
1436 1693
189 1537
2563 84
730 3030
2139 1899
686 484
2181 4911
4252 1432
4435 1780
3819 2174
4930 3797
3335 4757
2684 353
4933 2237
897 393
2091 566
4794 922
3297 427
1201 2519
3949 4458
3226 2126
3757 362
3057 3450
1628 4970
198 321
3831 541
4276 4208
4052 794
3039 2735
3852 4217
4008 1996
1364 493
1747 1625
4173 2016
3401 1116
3546 481
929 1457
2384 4709
4870 3408
131 3725
11 4783
3603 3485
2287 1130
4514 783
4064 1956
3356 1679
3508 3206
4230 1755
4725 1127
931 1505
464 1222
772 234
4474 3731
1994 4238
2126 4848
2263 1500
3865 2685
4548 4041
3237 1825
4217 4697
689 2559
1161 3992
2543 4633
1304 2408
2734 4919
4345 1988
67 4495
73 3180
4667 2840
2024 2816
1294 1188
1627 4537
1128 4001
4533 3186
4344 2009
468 1267
3659 3145
2775 1301
3222 4601
2431 3334
3455 876
4212 4687
1133 729
2103 3866
3366 780
1575 1254
2749 1204
3301 1019
1053 669
4139 1615
4698 47
3637 1146
2022 3627
4524 306
1194 415
3516 661
362 473
2221 356
1488 3642
4604 3136
2692 174
884 420
4025 1399
4337 2504
2610 4058
2999 4872
634 2572
2844 2823
34 1305
2559 4056
542 576
3235 3253
4380 517
4591 1478
1514 847
2506 1378
2232 2959
959 3349
1010 3050
4391 586
2491 4617
2591 2348
2465 774
1620 1146
914 4923
3112 4540
4019 2420
3506 938
3593 371
3808 1149
4257 3671
3166 4888
1382 2424
3687 3109
4724 3190
2355 2687
546 1293
1752 1282
167 2604
1044 553
225 899
3390 1865
498 3122
3061 3509
4683 4795
4835 857
4017 3886
3179 2690
3961 604
444 2466
4093 2386
474 3634
3825 4080
379 3359
4377 3070
526 500
1206 1103
2518 3496
2860 315
4183 3669
3157 4113
2782 4603
899 2105
1203 1430
698 1673
1983 1269
1486 3879
1494 4193
4630 1096
4668 4210
1775 729
696 546
2470 1087
161 3204
3851 4339
746 3872
1260 4707
2626 1809
2268 4872
1160 4689
3550 2289
3571 2053
1735 4556
3270 2031
3200 1182
4652 2151
1734 3296
2758 448
1375 2288
774 2349
2169 2856
3837 1123
3406 1344
119 3211
2594 1491
4658 32
1575 2652
283 874
1986 2936
3741 4601
4220 1698
3226 4399
2236 2110
4685 2803
3957 16
2877 1665
4934 3266
1874 2659
3499 3716
3244 205
4770 715
2593 3883
2266 3400
1254 690
3129 4028
4556 498
2237 118
1601 2803
4572 1911
4369 272
2427 3692
1837 4120
2846 1684
3891 3619
486 2776
133 3819
3474 2831
1842 3189
4253 2417
3233 2566
1247 2166
3807 3528
698 3224
4435 3089
4402 1968
4653 842
2952 4456
3875 4324
2415 390
1114 477
1539 3706
4874 2651
4814 816
1417 1562
57 436
2509 4305
547 4599
4212 2231
2710 468
817 887
3576 3097
3829 4415
4581 1204
617 2494
3402 390
1978 2267
1823 3179
4748 2386
2906 1286
2216 1234
2687 2520
779 10
1101 2175
3909 2919
2305 3494
3412 312
1037 2841
1196 2862
3030 804
4824 1634
4916 1048
2788 4858
4068 298
2697 2701
3384 2266
34 10
2660 1908
3519 3818
4653 891
2663 1575
3696 4023
3444 978
528 3422
3967 726
4575 4792
2562 614
1275 167
2089 2274
1933 2554
3556 1873
4030 2012
975 3910
4044 3626
4339 2673
3974 4114
1565 3018
1228 870
3561 1920
4266 815
1301 4908
4611 4968
3271 4811
731 2101
2394 1949
2135 1355
2590 4265
3311 4930
2476 2688
4573 2279
2399 1380
2069 417
4874 2348
2972 3037
874 3517
307 1020
3452 4049
591 4659
1860 1692
3540 4592
1831 3618
4853 1136
2410 4790
2066 4811
2006 933
1374 554
3699 3434
146 1243
2399 1529
4600 2917
549 980
133 4646
4805 2063
1511 394
2504 4134
3308 2205
1341 3552
4582 4628
170 1219
4979 3203
2791 772
4410 3416
801 3720
1701 1327
3738 3457
4402 2607
3677 4265
1214 1660
2903 1265
3661 3121
4733 3286
4259 1533
593 1467
2272 4055
4884 3335
639 3907
488 4199
3351 4824
429 2465
4317 2835
343 747
4223 126
1818 4129
2910 2705
1313 2233
3657 2886
2119 1193
4904 348
1487 2365
1576 57
590 3682
1799 2111
2994 3659
502 3783
3321 1261
1861 3731
3854 3714
2900 1799
243 3108
1525 98
4388 2286
4923 3928
2587 156
1204 1863
4505 3932
3903 4508
4898 650
2877 2074
332 3364
1962 2884
3784 1467
347 850
3149 2364
1665 1275
1656 753
367 3655
4046 4137
1271 2119
1061 4740
1938 4444
2596 3741
2670 2034
3362 1880
3393 4166
1779 1992
47 4834
3437 3094
4085 764
2317 1921
915 1583
42 448
3758 1858
4636 1572
3502 4406
2547 2790
991 1468
257 4285
3563 2210
1034 2289
216 2897
2414 3381
4580 3287
4396 2726
2077 2472
3532 4620
613 330
1494 4823
2643 3495
4483 4345
4065 865
2201 743
2582 4976
2501 1559
4425 4045
337 2592
1788 4948
3721 568
4729 2534
3694 2727
3343 3233
212 1402
2170 53
2740 4415
2247 4374
2863 2685
3170 3868
3480 3135
2983 61
3369 499
3334 2120
3790 2956
4512 1460
1500 400
2515 2241
946 3528
2929 1561
1247 4200
3764 904
2845 4254
1453 3409
4228 2356
984 1977
19 2238
217 1068
1126 3541
1427 2953
693 2338
2997 4208
2783 4605
4277 3385
3358 318
4338 4327
2883 1877
1720 4686
2872 2131
4039 2099
3146 1597
1096 2155
2932 1208
4593 3586
2653 4246
4653 4300
392 1991
1722 3465
2185 4021
4873 3120
2565 1844
2446 3683
3089 172
2201 2787
468 4677
596 3673
3818 2658
262 569
4195 1335
4962 676
1584 2148
1841 1494
4168 1928
2156 4779
679 2685
2630 3274
2005 2970
661 2895
604 2551
551 3128
47 1237
3646 1581
4973 1874
3908 1535
1860 1004
905 3136
4423 4319
4808 4664
1671 1435
2640 3099
3840 3833
2671 4875
771 1533
134 575
2683 2367
3446 511
1091 2509
4408 2759
2308 3672
4497 2702
1931 3939
3152 3226
3068 3136
3987 3128
3303 1279
4360 2312
1023 1875
2672 3442
658 1302
4796 3554
398 1088
1189 4240
2944 2486
4959 214
3020 1235
2308 4030
4743 2591
2446 4217
3203 326
3894 1847
3281 3148
3215 1939
3957 1990
1789 1796
569 4664
98 4117
281 1267
3781 1579
4444 3285
1916 2258
2018 1601
2419 2203
4407 1916
808 3752
3514 2403
3073 1859
2763 1216
4659 744
2481 2453
3891 4585
1159 4602
4149 2993
3806 3477
250 3817
3858 4683
2638 4335
4250 1763
3614 3564
1875 1110
1142 764
2199 3518
1319 1130
1294 899
4546 3992
2573 4453
3561 4246
564 1587
607 2358
4944 2855
3638 4980
2770 2596
4296 1079
4369 857
1903 219
1347 76
4667 2390
1959 2796
2167 1718
4753 1696
2532 4210
2400 1604
2656 3378
3098 2575
2071 4021
4965 1577
2295 2353
2011 1599
2653 1913
3637 3547
474 4695
2339 1122
4111 114
4625 3745
1557 1870
117 4727
668 9
4788 4217
2140 3065
1621 3729
3273 3890
3520 3525
4621 4670
3260 439
592 1623
4113 3536
4988 202
2427 3505
3761 1844
76 2432
415 68
4983 2006
3824 4375
2361 1694
1053 4434
4900 2434
4046 507
1080 4767
861 4550
4195 1156
3239 3971
3364 3767
1040 628
624 780
3864 3275
1900 293
59 1674
1809 4059
3112 225
1444 2564
2409 1170
998 2379
3645 4277
4382 2032
4304 408
3661 856
3271 3235
4030 3413
4682 1258
544 4417
3533 3752
2862 3603
2801 2641
3634 1245
2397 4212
4521 2211
3342 2707
2689 3747
2368 901
3517 2504
569 2638
2728 3132
304 2992
411 2973
318 1889
84 2812
4889 309
3296 4775
480 3771
2171 2236
4708 4703
1117 4069
3524 2580
4481 1355
1407 3141
2038 2954
3807 870
3426 3551
3806 4934
718 1893
1153 3073
4937 3201
1668 3321
3726 1736
2770 3863
35 149
4541 3659
3419 1912
2112 389
1319 1628
1879 4206
3920 1616
784 210
3333 4991
2313 2052
1383 3640
3590 740
1574 2404
1331 2759
2690 4624
4689 1434
1152 4265
1937 4708
3206 1737
1840 1049
696 3030
1672 1918
3582 744
849 1823
1026 158
1558 2189
1693 2639
1160 3046
1714 436
2612 4016
1739 4007
1697 3298
2957 1441
4033 2029
3255 2860
4759 4245
493 2903
658 3898
3014 645
2130 3175
2426 60
3191 700
2816 1476
3326 725
2388 433
3442 3831
3005 1602
866 2372
2655 2375
2670 3985
2940 2019
4395 1418
3184 873
1830 428
1632 4359
4957 4172
2664 4556
4835 1822
661 2545
2508 2932
3060 1962
43 4067
3274 1857
4146 1219
234 989
3416 849
2414 200
1972 3082
3963 941
2094 4523
4733 2159
2786 312
254 4983
2378 4193
3712 147
2007 4558
684 597
4205 2996
672 4158
1445 1634
3733 394
1927 1159
103 4962
94 2563
808 2411
317 1490
2571 3724
1077 3847
375 485
1956 964
4101 3150
2262 2684
2399 1920
2711 3021
2510 3473
4974 612
998 4473
993 1052
3448 2451
4763 3866
4667 4376
3059 3420
2437 3884
4097 3851
1573 1325
4590 937
3866 2065
205 3616
1132 1981
344 2718
2782 2121
620 4481
1028 3631
333 2878
3830 1333
2897 1392
2081 2251
2706 4978
1036 4989
4799 4255
372 869
4477 1432
2167 1945
2060 2960
4397 68
2008 113
3167 4553
148 4457
3779 1954
2515 4757
3550 4532
1824 2054
3262 37
3454 1253
4281 3113
1886 1201
1658 3800
1207 2734
3499 1057
3512 4306
4821 1355
3493 549
2490 4684
4928 1313
4906 1355
577 2461
2273 4857
1793 2504
1973 1375
45 3687
879 1087
3298 3415
3704 2368
509 2628
3597 2333
4894 1835
2984 604
1212 1222
1723 2886
940 2983
4224 3555
2732 489
787 994
3262 1504
3196 3296
708 4364
2150 3162
2623 3398
158 2892
1665 1397
1369 3476
2403 4576
1318 2377
4856 335
3879 2196
1613 4013
536 3618
742 523
1573 2285
2240 3894
2031 4481
2115 2784
593 2939
4963 2589
1009 3121
4800 3094
794 271
2441 2554
377 1972
4380 4111
3013 596
2 2662
4291 670
1641 3887
3734 1449
904 3901
2956 1797
661 4874
2659 1032
4146 619
4652 959
3174 4712
3887 1203
4416 538
4347 1295
3317 1476
1846 2087
3917 4054
2195 2136
3245 488
3539 4501
4927 1860
1820 613
4171 778
3446 341
3280 3351
3648 4229
1625 1118
1827 2479
4474 801
3584 13
3927 168
3 1120
4961 173
1372 1817
1435 4800
3974 4130
3512 1225
4314 2436
685 4589
2648 4190
4768 2347
307 861
3747 228
636 3080
3418 4986
1730 1626
796 2316
2907 1298
321 1479
2827 2593
2719 2231
3493 2221
3388 194
3367 2128
2992 4684
1237 2874
3787 1166
4558 2059
2649 537
2378 4869
2984 937
371 2930
2912 1816
639 4712
975 4028
1506 2551
2927 1634
3127 1343
2642 2811
1824 3485
2212 192
4664 1791
4863 3127
2752 2557
2929 2460
4727 4395
35 3977
1845 3579
1086 2419
2792 3988
2465 4402
4142 3925
671 3310
1274 4733
4547 3877
3393 4350
2253 2240
1524 4655
896 1555
4327 4358
3750 4981
3380 4931
3611 1747
3625 2243
724 3205
4411 441
1655 4640
2831 2962
1751 1449
1597 3042
2266 1300
701 3527
3103 785
2777 1478
3610 3297
4137 3975
4389 2397
4270 412
1783 3821
1741 1824
1840 4893
4968 760
2325 2945
3726 2262
2913 926
3250 1545
3048 3210
933 24
3134 701
4091 2049
4261 75
2835 2428
1615 4932
2441 1327
939 2619
1964 3844
457 329
2533 852
2790 4735
3737 2759
1958 3266
91 4378
803 4329
2722 517
2650 1723
2857 4464
286 2602
1806 707
593 3036
3672 2945
2599 3214
4389 1853
2349 3775
4480 1691
4240 1054
4775 2767
3787 3252
732 4674
3283 4527
40 1741
1330 81
3276 3728
4996 502
2579 1489
2410 2359
4195 3376
4329 1314
1652 4120
1231 655
2515 1921
2683 4970
3570 2781
1771 1795
4300 2830
1915 3123
2823 1194
2045 4017
1403 898
113 3563
750 3821
4947 2208
3117 73
2370 3414
2581 8
4778 4673
646 4114
1488 688
2538 1369
2537 3882
3235 4705
4891 4579
277 121
3367 4043
4450 4877
4681 3298
258 2790
4093 265
900 4830
4391 4238
74 271
3361 2191
1907 4506
1731 451
3032 3179
590 4060
596 4315
4173 3816
3166 2934
3330 4722
2923 1420
1414 2960
996 1500
4268 597
2279 3957
1174 617
4357 3241
3579 1097
69 2440
1253 3582
4834 2076
4159 4097
4910 792
3883 2959
1136 3790
1092 1238
4679 1425
676 813
4115 3538
4107 36
809 2445
4985 309
3134 2514
2846 2591
2972 3465
2477 3977
1907 1877
3072 2
3420 3569
4485 4827
3754 722
4417 3521
318 2860
1167 2521
3234 2333
3403 2583
1047 3187
1145 226
4150 3702
671 3118
2360 2420
3835 3914
1669 4195
1191 4790
4903 1725
2854 3501
925 3577
2246 4516
453 3953
1601 4220
3388 3872
17 3152
4706 3931
1715 1479
3984 3122
1404 3935
290 2362
1517 4281
1711 4688
2769 4501
1082 4118
3322 212
1139 634
4364 3197
2892 428
1569 2120
4070 1513
2559 1133
2411 1242
2188 2099
4622 4899
871 1183
856 2214
3490 628
4466 2747
2647 2374
1805 4193
895 192
4364 4748
120 1751
2203 3728
2065 3982
2059 2576
1451 723
226 1856
4257 2774
896 4649
211 165
217 2295
2496 670
4511 3951
4001 4852
4932 453
242 3431
1897 219
2346 173
4761 4882
1457 717
3903 3146
4104 2580
2670 2385
1168 1836
2131 2309
1633 4560
4280 4292
3810 1496
2393 1153
3601 494
3797 948
2053 274
4340 4912
1302 4301
2987 772
1932 1727
3470 2461
1219 1745
1095 3069
1871 1839
9 1209
4188 3722
896 4317
4184 3584
4597 2359
2968 804
3178 3324
2900 3034
3589 997
2475 2994
2344 4756
4040 3033
3270 3391
4454 4840
568 4840
3497 4812
2899 4708
4495 3788
1954 59
4729 1318
3843 3596
3068 1333
4891 2923
2884 2491
1749 1121
4278 1467
3095 2840
4291 4492
795 4480
2354 4504
935 3246
3367 2759
1996 728
2066 3700
1201 2974
2261 4507
3708 1457
3877 4505
2774 167
4909 3142
2871 165
572 2968
1324 2380
652 3978
3904 1178
3660 1985
1360 1173
883 4176
2493 3805
4073 4527
1078 2695
2006 3844
4165 4353
1673 970
1944 36
314 1595
3656 1481
4123 204
829 595
4136 2170
4201 3288
3476 3473
1679 2788
1168 12
1752 2551
2844 3426
223 2281
955 1457
2331 4498
2845 4193
3023 2184
1630 2605
780 1812
3234 128
1317 3204
3190 4107
865 4741
82 3475
2516 859
1386 139
1939 436
2292 1255
3506 2958
1864 3761
2933 320
558 4001
1527 4253
1511 3602
2466 667
3269 288
3363 132
428 1075
2428 64
2471 1114
3931 1697
4764 3387
847 3092
4262 2553
3615 1358
74 2678
3641 4492
4193 385
4563 716
360 2510
480 2335
3850 1886
4930 3307
2584 3992
840 751
2454 3520
1959 2767
1886 2907
4760 4673
169 680
3976 2350
492 4178
2465 2589
1533 4306
3192 3948
2931 4098
178 2010
3987 4129
3466 4945
636 481
4270 3237
2872 2794
709 801
4484 1880
3925 2465
3197 3888
4647 3656
4890 3546
1210 2851
606 3502
678 1956
1991 3817
4793 3285
4769 4717
4830 504
3253 3469
2768 172
3820 1872
2933 3064
4316 1073
2109 3665
989 1372
2511 4245
707 3240
3574 620
3770 3311
3745 1983
3437 3434
1575 3180
178 3493
4837 3782
2829 4979
2405 4727
20 4302
4356 1953
1121 3011
489 2073
3387 1435
868 4693
4046 4354
805 2613
4591 3704
4920 2494
1217 1578
3590 4037
2569 825
1438 2491
2743 950
3384 3407
3457 2434
2038 2700
3990 4490
2978 3677
2258 2900
4205 920
852 2177
4568 3983
3510 529
1763 87
357 1737
3114 4916
868 1794
3315 4395
2538 2428
131 4376
1690 3630
4468 3975
261 1359
1 4337
2159 4080
2025 3063
3531 696
658 1642
1742 68
3907 820
1672 3129
2411 966
2391 1694
16 4429
1212 4691
2163 3108
3285 3536
1499 649
238 4064
121 4570
2825 548
805 857
1483 396
3097 1708
8 2544
3117 2268
4090 3210
752 3646
101 3834
4612 3187
399 3316
4205 3127
282 1504
3971 1716
1933 3129
2159 1922
4163 4659
3831 1727
4598 4424
820 1954
4369 4054
4726 807
1157 3718
3870 2354
3382 773
3461 963
3076 2354
1510 2181
2283 2253
4911 261
4140 498
4593 1172
2007 4547
3205 3180
1596 3471
2705 2733
2717 1570
1124 1281
1494 776
4310 391
4063 277
1776 1057
1123 2199
306 3784
3305 2113
3915 860
2568 2010
4247 324
895 1662
3591 2587
3004 4595
4529 1006
776 2325
1056 933
1180 3791
1233 1293
213 2972
2103 3816
907 2523
1030 1995
4217 4775
764 3672
3571 1094
1304 2000
3646 206
3967 4975
4092 4108
4320 3659
2110 3377
3315 3836
196 4159
3480 3864
4384 3933
641 4833
1382 4087
2880 3521
1278 2275
2802 1705
4900 4843
3958 1660
3374 1621
3755 1336
1940 1602
2201 890
3149 4150
2674 2471
4205 2790
596 3373
4833 4517
1512 3832
324 669
267 30
4542 4059
2352 2027
3560 2834
4345 4652
958 3694
2535 2514
574 1530
2440 1149
795 1254
4309 2080
1384 3327
2977 2785
4513 4955
3219 1682
1723 2585
1394 2739
2470 2257
4703 2211
3484 1574
2004 3890
3296 4764
3488 581
3902 436
1808 722
3461 168
2520 2578
3521 4614
3488 2447
4016 2850
4782 977
909 74
2309 4718
1224 907
2554 2285
2513 1508
3643 1787
3061 2883
3996 4209
1210 614
634 1610
664 4869
3516 595
4684 2971
4633 609
4873 3373
4105 3783
2091 381
2438 972
352 43
3074 3032
2227 1167
3340 394
2884 2500
2859 2947
647 4770
2512 388
2078 2272
989 3962
4271 2902
2227 1118
3596 4810
2439 2850
4356 660
2930 2648
2352 4630
2610 1542
1666 2119
3150 2219
4386 2920
3472 4778
3008 690
3215 3779
4727 3805
4256 592
2734 3274
2195 85
42 4991
2193 3380
1678 4938
2374 4768
2592 4012
3043 1744
470 2966
2642 2594
604 4931
2432 3069
388 476
4370 1339
4678 1006
3624 3301
964 1967
72 3742
2026 1944
1809 1488
1246 3391
4978 1271
2676 2466
3761 3323
1023 4411
1514 3300
2226 703
1135 305
3245 4305
3071 3264
587 2969
3880 2462
1308 2257
3894 2862
760 797
2399 1011
319 3092
3771 3463
4831 2618
4395 2883
1686 4938
2238 4399
2337 1666
3700 4557
75 4942
2753 2588
111 240
3748 3008
3212 2947
2680 327
948 237
2336 737
1826 4971
3312 972
1389 4792
3127 3684
1442 3223
3446 1891
3928 4089
762 3023
1830 4502
1736 2379
53 4141
4128 4461
375 2415
3646 1293
3597 4105
3331 1725
4204 4057
4148 3998
396 3931
3652 1356
2819 277
4529 1775
2808 3283
2544 1393
1687 545
1225 3446
3331 1737
2248 1436
877 4995
816 4705
3306 4364
2052 4838
2196 110
2359 2641
1144 489
3055 454
2896 4882
2947 4829
2240 1467
2469 4330
601 4457
1856 1937
1563 4187
732 3812
3934 1851
4720 1133
4598 4530
4106 1036
1986 1581
4964 3331
3622 1868
2999 2190
1767 3822
1329 4740
3089 2229
2691 3760
692 4829
4977 4694
1669 1699
4372 1430
673 4597
1137 2147
4319 3991
2368 2599
2725 1774
3609 4916
3011 1095
1787 1734
3047 2496
466 692
1437 4600
3979 4900
401 4074
3357 3564
3210 1076
1180 1559
1324 1696
3805 597
1420 4293
4414 4385
1356 2828
3232 815
2055 1148
4461 1033
1119 3916
4143 4416
2425 2308
413 1539
2041 3304
4814 2645
1089 3961
3468 3783
3947 859
2071 4163
924 1649
2255 4219
3939 3713
2504 2548
3594 1262
3442 1931
3445 3750
3983 3361
768 3292
4602 89
3008 3726
2012 2597
247 4267
2341 2849
1768 1653
3385 3229
3007 1450
522 3419
4554 777
4831 3389
2869 690
2772 2160
3897 2611
767 1123
2377 2366
1856 462
1269 494
1675 1101
853 1330
2486 3505
1537 1228
1854 3372
534 2669
4291 1412
502 2108
3481 2038
2772 1555
1705 2050
1580 606
506 2497
1605 405
4213 4460
3773 1101
3159 2019
3290 2601
629 1806
395 4125
752 60
974 3067
4808 3392
4356 4502
452 1677
775 3357
1026 1375
2542 4232
3422 4525
1740 260
762 1782
4275 2975
4945 2361
816 4183
4269 4444
3870 2030
3738 4629
3579 3165
1245 3937
3583 3960
3274 4566
1833 3991
3671 3966
3875 1734
14 4355
3364 4542
4329 4595
333 4569
4600 1995
78 3007
2337 364
1884 4704
1476 3263
2067 1152
4482 1857
442 2139
4997 4504
2234 2990
114 4033
1437 4378
3532 3362
2247 178
271 2602
1674 3305
1622 506
3252 746
2552 4117
1385 4753
432 3911
2361 359
1594 4740
2165 457
1743 2727
470 3174
1863 1672
3603 2459
1584 1814
1983 785
3961 405
2571 2673
1721 2836
4076 873
3595 1703
2345 2160
2129 4942
4417 2165
603 3156
93 1413
4325 702
1459 4557
2388 891
2918 1656
340 226
3661 4092
1282 2328
4751 3914
3634 1425
3551 3715
4641 2194
3185 1523
1857 2851
3458 358
603 3896
3351 4990
2727 4781
2392 4622
791 254
4740 2447
2517 3905
95 1694
3082 4725
3671 2432
2640 2623
4948 4698
3415 2334
4139 4720
2241 4505
1866 964
963 3596
435 1079
4588 4417
2952 971
1732 606
3050 3699
8 1696
3726 1788
815 3021
3907 979
4572 1270
997 4164
744 3581
1865 1324
391 2794
3215 653
3239 221
4848 626
1288 1567
2499 1531
2519 2156
4599 2662
4399 4861
4753 1376
2350 4961
399 235
2965 2112
2564 718
3664 1165
707 1236
2803 3777
3310 106
3902 2727
3223 1400
4453 3859
1529 3952
3174 296
3803 929
948 987
738 4484
4230 4410
1940 1799
3720 4581
4013 2115
1982 2542
3878 4579
1791 970
3476 3300
3575 2318
2606 1902
2114 1225
2585 589
97 2109
1471 82
3634 1744
396 3966
1984 2700
4394 705
2034 2842
4946 1181
1052 144
2245 2396
787 3391
3359 4809
3287 611
339 4374
4082 1474
1720 947
2431 1293
2316 4272
4864 4713
134 3814
1615 2797
2509 4223
1801 1764
3426 3458
4192 483
1148 1084
4449 332
3708 2206
4807 207
2693 3396
1092 1294
1602 4449
2298 4251
810 2514
2679 1887
1126 3945
1499 3908
1873 1691
3466 3675
695 1692
2746 1271
3173 1842
3745 1613
2083 588
2112 2664
4129 2999
3441 3478
2354 775
2080 645
4854 641
3490 405
701 2000
1253 4936
2826 2204
4026 2380
2267 933
4275 411
4380 4516
1424 601
4520 3482
3131 3461
3962 2091
4807 375
1243 3484
2685 3000
1672 2408
2288 1324
2928 28
1912 2417
4933 2454
4263 845
4402 2281
756 1414
447 2939
3654 293
842 4455
1959 3706
4387 2595
2076 3134
519 1255
1436 4809
486 4751
2489 4363
2484 619
1335 4883
4441 3699
792 1032
1824 4676
4316 3580
3152 2402
4322 1197
1964 1059
784 2866
1949 3252
3214 4774
1293 3667
1216 503
3762 465
301 3553
3430 876
3191 136
41 4217
4996 1440
3025 983
2335 2873
3964 4827
4382 3014
666 1814
464 3137
2791 1244
2052 143
1846 1417
3966 3250
899 996
3984 3434
2556 31
1757 3817
30 327
4740 2293
2466 73
957 434
1323 872
4354 3380
4456 3900
555 2106
4163 4210
4918 4816
3616 4342
3631 3680
351 3768
1450 1673
3671 2322
3555 555
1974 69
2618 1857
861 633
9 4376
1056 1221
4856 605
1187 988
2334 2234
3971 3977
2059 18
4351 1300
188 4232
1402 519
4788 1572
3642 3243
2080 3059
965 1361
2551 2373
398 3400
2226 1109
2375 4869
4079 4510
4250 4109
1846 4750
780 3410
2719 4269
4990 2049
777 2314
1495 268
2245 868
968 1716
3785 2519
2020 4601
594 3224
2544 3996
1756 4041
674 3164
2633 1227
34 3430
2452 1726
4973 2007
2904 4806
2347 717
3953 1357
2231 111
1795 4167
4748 1584
3349 2455
3206 4251
187 379
3052 3308
2855 4631
995 4939
1013 3895
3915 1844
4664 2733
1951 1822
3525 3290
2111 3694
4545 3181
747 2152
106 2169
4311 238
2165 2596
4556 1990
2812 29
3438 3891
214 4242
4364 1928
4614 3443
1013 2209
1680 3502
429 388
950 2636
453 4459
1899 1760
4254 988
4537 637
3728 1046
2918 2875
739 336
1609 462
707 3339
2360 2988
4893 3831
2557 2228
4138 3829
4544 3661
1440 475
2911 2488
755 2863
2838 4628
3084 2050
4647 3655
2102 4424
2962 637
4955 273
4189 4251
416 801
2032 743
1635 1097
4950 2333
3067 1999
902 2360
1101 2501
1777 686
3223 1162
370 4436
3763 17
1678 2761
400 3369
2516 2229
2626 4988
3674 1787
504 4953
4522 941
3716 2078
1852 533
3836 3680
4561 4319
1564 1505
4367 1579
2956 3929
4982 2490
2791 3114
2295 4389
3564 42
848 3623
4647 4129
988 629
32 1011
1866 3193
21 3556
3624 1572
4158 3275
3927 1573
544 4738
2639 1058
4869 3598
4345 231
4962 4594
4655 998
1047 3325
1631 2988
2321 1274
1248 240
2635 769
4964 3048
3500 1617
566 691
3131 2582
2969 4757
1541 4472
3794 4241
727 845
1174 2067
3717 3697
2518 2251
3961 1931
4476 3639
2278 3496
1060 2732
3870 3175
4443 2521
1310 3833
439 4414
101 3559
172 3737
4517 618
1920 1000
1985 1795
923 1945
321 1194
3201 2368
1941 2588
2137 4447
2660 1197
1115 4493
993 1220
1254 4117
3523 3085
4080 4256
635 2636
3226 669
1225 2971
2465 3708
3098 4888
2072 2301
406 1540
4688 121
571 3902
4156 3192
249 3364
4639 3709
664 1229
652 287
4868 1795
2942 4794
612 555
3190 4053
4961 3101
2987 3950
2822 4276
1498 2886
1005 2572
3621 2558
2789 342
4387 2881
4576 4604
3197 500
1216 4046
4118 4780
1933 4687
1839 2545
1290 4406
3735 2804
2697 4116
2616 2491
2018 3242
950 4226
2142 1616
3639 660
2142 1605
1986 2049
4352 4715
4222 2223
1492 4593
1164 2867
4422 236
2967 4942
4470 3793
760 1498
1210 3654
56 4932
3959 3343
3874 846
1940 643
710 448
3963 176
4242 2674
4734 4222
2327 4808
2670 4585
4338 4884
1389 3277
703 2999
829 4204
4117 2288
3098 3635
350 220
406 377
1310 1089
3796 260
1472 3822
4441 3976
2541 2582
3574 3960
3227 4837
2929 3575
2006 830
2552 3519
3877 1347
3674 488
3208 2969
1289 970
444 3546
2369 1726
3932 3123
2495 4245
1212 376
3892 3173
727 3574
3328 3039
2021 2773
3134 973
3750 18
4708 2864
1085 4758
3168 4653
4429 3898
627 917
1710 1466
4686 2029
1440 49
4274 345
2132 338
3950 1818
1879 4854
4120 4430
1969 1280
4107 2274
3818 210
2189 2500
288 1704
452 3501
1205 2481
2224 891
381 2759
1640 1500
3061 832
4788 2572
4211 2156
3772 1360
1916 1222
1437 4591
582 4652
868 2765
4849 1685
4603 4480
2868 2819
1200 2999
2692 3482
3544 4037
218 2602
2946 1991
3275 548
4682 657
4004 1482
4429 4349
1248 2904
88 2527
29 1685
343 2623
442 1904
1665 4867
2559 3668
1287 1681
3256 327
1054 72
433 3844
4759 521
4309 1020
246 4341
2156 3209
4512 4737
3846 2426
4995 295
2734 3147
4166 3000
4198 1770
3423 2018
865 2311
4897 2611
4738 4486
1727 3296
808 2714
2632 573
4357 1343
3574 2478
2660 4499
3411 1414
3488 1005
1900 4463
3944 3196
913 1543
582 3279
4152 3550
2614 507
3187 2928
4450 4904
1308 4389
4718 1809
3739 289
4914 2459
4382 3245
262 2281
701 1291
4119 97
934 280
3290 1443
2991 1614
2126 1896
4681 3493
2137 4908
4887 2005
1231 3925
1001 3567
2854 949
1500 2096
2952 2735
361 2745
1012 159
3010 1591
4764 585
2837 1206
3905 1528
3085 3002
4415 1121
351 543
3065 2104
801 2003
1966 3138
4886 4623
3045 4345
1029 3938
4548 4859
2148 908
403 1757
2415 2036
1742 3847
2630 670
3417 4997
2458 4978
1461 4359
1590 372
4018 4743
3354 3523
517 2473
4945 699
504 2906
1873 1996
1253 393
3501 889
1079 3971
974 3036
1915 3276
726 4843
3689 4203
3605 2040
2967 3564
2327 2330
3816 4021
1626 162
2986 2008
4096 3034
909 4206
3701 967
3790 4986
3580 3742
156 3318
2819 591
2296 2024
3996 3205
1548 2450
2572 2645
3178 360
903 849
756 4984
1856 3288
2748 758
3629 2961
333 774
608 4413
4368 831
392 2239
4084 2144
744 3768
1883 1084
24 861
4073 3446
4590 147
2118 2762
4146 425
2296 4830
610 3056
1466 759
318 4912
963 4172
1194 4476
3925 892
4468 3230
2779 2200
3378 4780
2799 4096
485 1001
2833 501
2421 3749
3450 2722
324 4729
4090 699
16 913
1067 3011
124 2701
3940 506
832 2616
1542 559
2887 113
3013 1510
1753 835
3555 68
4376 1529
1484 3744
4887 3543
2 2447
1271 3806
1150 4490
532 460
211 4840
2217 1561
4419 219
3438 3304
2831 1590
496 2726
4663 2405
3632 4223
3733 4474
806 4573
2597 1457
2701 618
3784 3831
2600 4580
2769 4138
4673 2775
1663 1921
1877 2109
1699 2132
3775 2002
1388 121
1283 2396
2029 351
4357 2464
4597 3765
2261 2806
4572 1373
210 4809
3417 2693
4128 3257
2794 1557
3467 4887
3592 1058
2889 327
1538 501
230 288
2170 3080
1149 2984
1181 594
2427 2648
3394 1688
2652 3465
3353 980
3010 4964
1317 1079
3792 1164
2754 2469
433 366
3823 1991
1326 2820
282 3575
2148 4152
3749 3567
4547 957
4824 3802
3767 559
4231 2198
1252 3600
3659 366
1982 1565
1476 2192
2227 4889
1756 4650
4572 1106
2646 2140
1016 1367
2353 999
3306 4487
3376 1886
2954 979
762 4399
4631 2040
3470 4610
4128 755
1130 1339
4769 1055
1127 4498
4159 1914
3987 4998
760 3349
4780 3566
3744 4854
1595 2896
61 1391
1186 1057
2556 4939
750 4855
3379 3559
1940 3849
454 532
1641 2210
4107 3502
3262 3343
1513 344
2931 4298
4263 3696
1952 3375
3334 2931
3564 3834
1427 4240
3717 2866
4258 3614
1845 2333
696 2442
4951 2807
2949 2542
36 1413
1622 1379
703 4005
3443 2165
3465 2847
1011 86
4248 1217
1954 4697
3476 4056
3577 3011
3537 1578
4497 3346
3953 3166
2649 2265
563 3233
3863 985
1599 1990
3679 861
2120 1316
3194 4114
632 123
2712 2815
686 4276
738 4537
3289 3086
2619 1865
1444 4232
3481 4167
440 3504
1152 4110
3505 1624
4353 1865
4990 2189
1904 3144
2582 2360
4699 4798
4867 3428
1701 2866
202 2776
1811 4185
1489 2874
1352 4935
3585 2639
1433 4204
1447 4758
4987 2481
955 2892
133 507
3189 336
2924 396
1016 4775
501 4533
2948 231
427 3926
2513 2311
1917 4884
814 2663
1745 1504
497 4228
913 1795
4006 931
1356 3882
3929 1097
1788 3124
1777 1632
2681 1434
2454 3034
2526 3178
4193 1441
4940 3217
2592 1590
1623 4138
414 4425
3886 4571
4640 3325
2027 2086
2808 2480
3417 3330
3403 4826
4482 4875
4890 1194
2081 3642
4852 4962
148 2263
2428 3578
1689 1052
1120 1048
3018 2891
2443 1451
3150 695
670 1476
1987 608
3662 505
1383 1578
3554 4599
1830 2099
1171 3896
2397 2253
663 2898
4217 443
481 299
3412 474
1837 2044
3193 269
2136 2397
1035 569
3607 469
4516 3984
3728 2950
3872 4987
1149 2203
3719 1600
4717 420
4443 3600
3545 1440
4956 1534
4535 692
1159 3898
3668 983
1538 4400
2041 4278
172 379
338 4901
2565 2964
3853 2173
20 1464
4718 1305
2822 86
395 829
4151 4320
4795 3329
2707 3293
4002 369
1366 3092
2327 2439
954 4988
1466 3741
2592 4543
3356 4103
3610 2089
4728 112
4877 1780
3059 3197
2860 462
332 4021
4952 1322
3190 2961
3264 2966
578 2124
1867 3897
4652 4474
1840 3776
1820 4006
1422 3348
4638 4408
761 1108
3031 540
3069 218
567 3394
968 2080
658 3121
530 2214
2119 3840
46 1235
3393 1728
2538 1710
4777 1999
4182 2103
1891 1436
3579 4160
3191 1585
95 3140
1423 1200
3860 2411
3086 4480
3090 3807
3779 467
3026 921
709 2082
944 2440
3104 3731
4604 1129
4141 1896
844 1703
1598 1203
3391 499
913 2901
4854 4857
3500 2364
4512 247
244 1768
1595 554
317 4061
1740 26
3426 1444
1825 3850
2859 3192
2470 4092
2753 851
227 20
412 3996
860 4105
404 446
364 3528
4022 3386
1706 2532
3884 3317
3950 3805
4773 565
2164 1567
1262 1357
1680 2398
862 308
1632 3986
1654 1593
867 878
2446 4643
3058 3524
3981 3439
380 1425
1738 3265
2294 3066
3862 351
2890 4505
283 3790
4695 3452
4645 2835
1528 3509
3634 3472
1303 3900
4506 2350
4359 4085
3243 803
898 419
3750 4301
435 1827
3385 2004
696 4218
2828 2839
2458 4134
2678 1401
886 2902
2912 889
1632 3889
3207 4881
627 2968
1272 1358
4716 2291
2356 4385
2363 1273
1374 4817
3356 1581
1405 3013
4349 1250
2793 2129
1566 4942
4432 1450
2174 4698
1929 3772
2271 1750
1132 4765
1181 1892
1900 4546
945 4729
2896 4700
2705 3336
4488 1881
4879 601
1928 3821
2389 3640
2724 3315
16 1650
2660 3473
1272 47
1218 164
1178 3426
2615 3668
2638 3980
4680 3715
4398 4711
3907 2747
4217 2223
1626 1126
1475 1802
611 1245
3949 1899
4959 3475
2767 2109
2877 3767
2913 1739
983 4823
1176 4848
3346 6
3914 402
1420 4604
927 2668
4975 3965
1622 2329
4035 955
3472 1263
2232 1903
3971 3250
845 3911
626 936
849 3337
4145 2964
4210 4159
1911 1746
503 2935
2362 2224
154 650
2380 2055
2792 2558
2996 93
3371 2037
1120 3302
4870 1160
4360 1930
1380 2285
142 1832
1706 4993
1792 2165
4246 4610
1670 3679
1172 3089
4715 1096
3197 903
942 1455
1667 693
1198 197
2706 3535
1604 2292
3737 1442
3920 2547
590 2200
430 4759
652 3841
1030 1871
18 3736
1020 914
1985 3506
2119 591
3918 4217
15 3739
1584 3002
2721 4028
1356 927
339 3273
1922 107
2595 3707
942 3776
4846 922
2656 967
1256 1622
2089 568
2572 465
4673 684
3798 2778
2653 94
2820 1161
781 2626
386 282
3315 3360
2181 4644
4838 2717
3758 1513
4993 103
331 3874
2862 170
4418 1074
1322 1763
4762 1563
3103 2797
2841 2492
389 1597
4356 3768
4055 121
2421 3155
3847 2260
3502 3860
473 4063
4471 2201
4653 1032
4709 3464
1565 4226
3668 3981
935 756
3026 1184
3888 3547
2596 1631
1925 3366
2722 3793
342 3492
2588 2734
1174 3195
1058 3452
2980 3864
3584 4708
2562 1340
2011 2723
3077 2639
1675 411
70 3527
4867 3485
4904 3657
831 3278
2089 1032
2762 1327
3574 2826
2103 707
2215 3265
1295 423
4963 4859
4 408
2824 513
2101 3542
4756 3249
4369 1334
3319 2862
2140 4349
1495 1746
3766 4117
3375 612
1812 1072
2260 3539
4181 1516
2163 564
3031 148
3151 4012
1615 3649
3806 1236
4347 2417
2580 2610
708 332
575 2039
563 3421
4692 2722
3310 550
4370 1591
4108 124
3210 1808
3508 3056
1359 1342
3929 2223
4790 3061
2712 2215
875 1159
4814 3243
1514 3038
1203 106
496 1652
2484 740
1484 1988
3119 233
1038 4318
3873 1865
4792 1196
2815 2527
3365 3912
1678 4408
4700 4453
428 4228
4470 2726
2058 3761
1866 3372
201 511
1014 3148
539 600
49 2353
4743 47
2507 1516
2797 2158
541 2491
1270 1024
2608 2520
235 4160
167 362
409 4698
2151 842
3333 3860
1554 4230
2130 4454
2285 3297
1746 2118
846 2478
642 358
688 4676
1312 4604
1387 4401
179 1018
2397 1905
1520 74
1458 4031
2522 1266
4784 4723
2444 487
847 3929
3070 2107
1623 1177
4071 4465
4100 87
1011 3451
4349 2692
1147 846
1769 4113
2604 2844
948 4197
4660 1562
1290 2954
4998 4303
4674 3097
3195 2688
62 3862
2858 101
2082 2223
2400 4446
2567 3347
1676 376
2840 2031
3326 1736
155 2438
1636 4809
742 1065
3728 3801
1727 1947
1425 720
4252 3145
757 3373
2008 2358
641 4080
1827 4360
1234 2856
3874 446
2678 2604
2525 1401
1031 352
2633 2857
943 1726
2393 4235
3454 3016
2910 861
125 2469
2285 684
3128 2400
3037 4948
160 739
2955 3161
4845 83
495 2833
733 3613
4610 240
4549 3002
3509 355
1466 649
2876 394
4464 4154
4809 85
2967 1409
1224 2831
3102 1420
3182 385
4508 2938
1153 505
1655 826
193 2476
1345 2393
4796 4270
1830 113
694 2872
2272 4225
4543 3405
157 2481
3136 4401
529 2220
259 1479
3583 4857
3721 2423
214 3194
1830 3007
2634 97
4888 4116
763 4601
2504 915
1466 2758
1355 3052
3827 142
3160 1421
1447 2895
3247 997
2102 551
709 672
64 606
1481 2228
1118 2683
2913 983
2060 837
1818 2656
2159 3922
438 4354
316 4419
4954 3113
4160 1439
1366 2731
3256 2373
4097 467
2485 1267
2390 1446
3657 2511
3433 2898
3255 1861
2987 4356
1783 786
4529 746
609 2877
1985 2411
4838 4964
967 3418
1944 3586
1209 3996
2001 475
3676 3630
4038 4118
197 2544
3701 3231
4247 189
3181 1121
1907 1712
4738 2457
3214 3456
1806 108
1844 2414
88 2506
1017 3231
502 2778
4680 1885
2852 2392
3308 4770
947 4543
4627 856
4650 2150
4088 773
3550 3946
2343 1229
3629 96
454 423
4143 3610
2979 552
2309 1373
971 4197
3620 1314
658 1973
190 497
3698 1793
2088 1322
4872 4997
270 4314
3474 1054
3815 3440
3204 1029
1259 3639
4791 265
1423 174
4771 3010
2858 991
639 2356
2718 1953
3126 1546
3563 1080
3964 4459
4233 4476
3412 3196
4623 1862
1899 1086
907 4316
125 4385
2092 1151
2386 1212
4040 2963
3921 1173
3757 1455
3474 457
301 3766
1313 4016
1341 1387
604 3283
3044 4444
1150 748
1933 4416
3460 89
2214 384
784 3291
1186 2444
4679 1582
1224 1192
3581 2881
4987 1596
2068 2231
2290 1153
3434 43
3289 4900
2098 530
3966 3926
4632 4032
1046 1493
994 1725
1671 3761
2245 4161
2392 3307
3258 1653
2786 1199
4663 1485
4770 4072
4758 3089
2673 14
2402 2847
3579 1949
3725 300
4279 3729
4907 4226
2112 3897
2478 849
567 468
3721 2699
2890 643
3918 3197
3817 4746
1806 3524
1403 309
1310 4099
3289 662
3870 2503
4905 3593
1200 4456
4002 97
1754 2002
1529 4552
4980 4373
416 3397
3072 795
4484 3016
3818 2453
4850 1368
3543 4097
1411 579
1431 2913
3136 4699
4512 4610
4378 51
2791 206
1914 1155
656 22
3065 3068
4763 4646
447 1478
4620 3686
2825 3614
3715 3249
1928 2425
3338 200
612 1503
3248 3774
3848 4595
835 3134
4425 956
2542 1944
3157 490
2800 3629
882 2457
2816 3357
3103 4179
977 2276
877 1892
4401 3229
3719 3969
4463 168
1309 2353
3665 4659
4194 3726
2015 1673
3878 513
3454 3185
3927 2191
4559 1980
951 3474
3584 1693
4593 1626
1435 4752
434 661
265 4801
3041 3724
2784 1300
1031 2653
3703 4009
1789 4769
2405 1158
3874 3679
289 1797
1933 4298
2336 3410
1243 3765
3235 3836
1258 1094
3508 1780
4769 442
3860 4687
2699 1052
4900 2295
1383 4156
4538 1242
2783 992
2713 860
4069 1656
2590 2879
4664 2594
2471 1129
2503 1215
4014 4586
785 2613
3913 2425
3904 2227
3412 3160
2528 484
1134 613
4165 171
800 1206
3573 4149
2341 4875
3544 307
2912 3080
2718 3150
4705 4569
1769 4212
252 4058
3223 3693
963 839
512 3461
3051 2304
3889 1269
2775 1223
1258 2755
1977 1146
2380 4171
1210 4190
4442 3750
1994 4517
2188 3792
1285 2416
3036 3779
3874 3160
2558 2339
4599 3641
941 3396
4876 1849
1080 4896
1746 3777
2731 1448
1894 4719
2724 4346
2791 4399
1347 1243
16 4164
4612 4363
3728 4168
1411 340
4842 3726
1127 1841
1035 1791
4069 4319
2478 4831
4704 3768
3635 3443
692 2608
3341 2875
3044 397
1268 4213
2343 809
4778 2191
4957 398
827 1190
3676 1548
1982 4304
3563 3979
4757 2113
2158 1660
2168 3639
4463 2260
502 1187
2928 2093
3421 3745
1559 97
4864 733
940 575
2151 3588
801 2404
1873 3875
1535 3023
3928 1418
4615 3114
1562 976
4959 3224
3330 3769
1092 3969
1698 2077
2401 48
4320 4590
693 670
3657 76
4791 2518
4550 697
4361 2144
4697 569
2615 1954
4344 2288
1613 1725
3079 4809
3022 3592
1131 4622
4904 2934
2734 308
198 3223
3608 334
632 4459
2279 903
3398 1025
2582 3979
3239 1622
2981 713
4568 4265
3994 3442
2068 3646
2580 1819
2894 293
3920 274
1842 2538
1511 4189
1818 3599
3147 189
553 332
4766 3172
17 1289
290 1517
3564 4730
179 1175
1750 4152
3198 1989
821 3486
788 1032
3417 2868
3885 2486
1858 1957
3165 4524
2669 4265
192 1144
4411 3703
486 2063
369 1946
1746 1932
2515 1958
2068 1076
1025 1286
4408 2887
660 625
2392 4812
1728 4064
585 4493
4600 2415
3477 3761
4617 1956
4129 579
3911 3576
84 4703
4829 4120
1005 2458
1059 4242
1476 600
1725 1666
139 1465
830 1732
1903 4219
148 2492
2157 2225
4410 480
550 4022
4550 1340
2453 936
2357 4684
2491 4877
1602 59
2720 20
1784 2930
2529 1499
782 4719
4510 3343
59 3842
2031 622
2898 1597
525 4727
1189 3815
1770 2875
888 2772
4110 3471
821 4932
519 192
2636 519
2020 1493
1457 696
2344 1695
48 2614
3955 48
813 1594
2206 434
4752 4533
3699 3131
1610 1408
4401 4640
4291 4768
1189 4807
613 2740
1851 3256
123 87
3858 2164
1486 53
2198 1540
1284 1794
2421 514
581 1525
2271 1849
1696 1918
885 3708
4331 4274
1949 4087
4982 4430
3872 1903
1409 4722
675 3823
1683 3688
418 957
2059 1718
266 1749
538 2604
2470 2859
2103 1804
2216 4336
102 525
1415 3208
4425 1237
40 3782
1447 24
2765 939
259 1552
4126 4216
97 434
3274 812
465 3609
4714 1643
4988 1253
4684 1101
4061 3441
2876 13
1568 4906
299 2621
4617 1126
3663 789
4398 3008
4227 355
2827 3027
2573 2984
2465 779
3876 3640
2051 4419
2406 4643
539 1367
3234 847
4062 4667
4178 4762
4080 3524
3482 2800
2942 3095
2720 1365
481 4023
2491 689
641 834
3509 2951
4322 3758
1120 3938
1703 4017
70 2195
4899 1464
1787 2216
111 3902
4935 2328
3645 2924
1144 1097
1161 1027
2751 4903
805 4292
1749 3756
4819 239
1636 7
384 4636
4295 83
397 3853
1890 4204
78 2666
8 1931
115 2398
984 3344
4433 1997
2736 646
3799 4604
1852 2820
4338 1633
1845 2977
1562 3055
1374 4784
2966 2061
1930 4480
3299 3923
3687 2024
4949 4135
1516 2819
4457 4965
4910 2237
1595 3481
110 3178
1355 1076
4577 1653
2707 4847
2113 2316
1529 4042
1662 2883
2246 1908
4188 1910
3673 2686
2927 453
1715 1492
2163 63
4635 3651
4093 2788
4773 46
2576 4749
1024 3091
3150 1530
4424 141
1175 2481
4403 70
310 257
3992 3043
914 741
1689 1898
2905 1013
4946 909
4109 3295
4771 1609
1750 4758
867 4962
1850 2486
1091 4354
922 4966
3267 120
2230 86
2472 1300
1443 4407
710 3894
2864 1078
909 2363
415 3590
256 3915
4647 4469
4387 2035
3404 3751
296 2163
2134 3610
1257 2618
4949 380
4194 4541
3027 4798
2411 2863
4539 4177
4534 2519
2408 2451
1876 245
2005 3923
3586 4083
4944 3232
20 2957
3032 3799
869 3317
2113 3046
3758 218
4254 495
3522 1066
1150 2341
4215 2435
2759 2913
4268 4289
3607 2762
3272 1415
4545 2655
2623 2757
1407 650
582 4198
4962 4600
3495 4864
4748 2270
911 3760
3991 1295
2919 3416
936 975
2525 2118
4581 1886
737 3108
2562 1664
204 3478
249 1265
1028 1396
2548 2088
2001 1393
3340 3138
2154 3646
2180 245
4719 548
3803 1044
1074 4277
2132 2560
2055 489
3246 2896
1405 898
1570 2469
249 4104
2200 3913
1665 4465
2900 3642
4257 3744
1463 1301
2822 3148
3377 481
2415 1882
3830 3891
3685 3320
4692 3457
1380 1295
1844 1014
3208 1278
1506 759
298 3307
4002 4900
3088 3753
617 1216
1342 3881
2797 3145
1544 4222
173 1833
1325 449
771 214
3322 320
495 4660
1253 2984
3255 3772
3824 1547
1748 3484
2421 1752
3419 3682
431 34
2396 3576
1131 4724
1213 974
3654 2692
1012 81
2089 4086
1566 1179
1557 3133
3239 3715
542 4059
1307 4534
1891 1283
2750 3189
2173 3673
1025 1320
4985 4113
3278 324
4739 1180
543 936
1639 630
4504 4898
485 4288
2720 2553
4942 2339
1777 770
47 4002
1738 2823
2324 2513
886 612
1588 4708
1966 3207
382 1819
1349 4113
2997 2112
4570 952
1964 96
3649 4259
942 1128
2810 3850
3061 1625
1569 1906
3212 2762
3516 1927
2077 4233
4675 1981
957 1138
3843 196
2865 1317
586 3210
1666 4564
2133 2419
2112 656
3057 1503
1166 28
4439 2523
2609 4647
1306 1254
4517 4377
2285 1051
3274 1767
3317 3730
2796 2932
2439 3272
1534 3253
3253 4097
1824 387
2087 1512
1164 1178
4192 4487
2104 611
4046 3080
1368 597
3249 1434
1955 4203
2060 1709
130 2282
3338 2417
246 3552
3213 3282
3709 4206
2803 3780
1481 134
3959 391
1860 3678
4193 1984
2674 666
2955 283
4787 123
1067 3270
4694 2707
2021 613
966 2030
2508 2542
2550 981
2694 3246
3610 2368
1579 3782
4251 4722
2810 797
3404 2086
896 267
3801 3152
2085 1298
4025 2691
196 1721
3488 3511
2965 852
4219 4707
1291 1858
1853 3771
2434 4761
1580 1340
4919 804
2923 2402
3668 449
1467 3727
2326 3994
3787 1897
260 2136
4406 3731
672 4204
4291 960
1825 4759
2578 1653
4761 2380
413 2218
3055 3645
3817 3831
3256 3114
4634 2902
671 1406
4359 4297
900 4772
3725 3908
2361 3538
4005 1249
2748 2089
665 3227
3419 3791
2989 281
4400 1765
3412 1963
2061 3399
4853 3270
875 2332
1934 2241
1979 2647
