9973
7065 6563
9566 8645
5242 1988
5107 1578
129 3186
7411 4590
7203 254
5747 2111
6033 9712
5561 932
2694 1046
3314 4095
2104 8674
4198 3051
9571 4207
9144 3460
1263 6319
4388 1245
6485 5687
5747 3810
1099 1209
1932 8630
6106 6370
54 4843
5677 7811
1134 9266
7069 6567
8769 9458
941 8934
453 7011
6339 23
5414 4619
5473 2259
6462 3980
6537 7759
1927 1037
2535 5312
315 7080
3862 6944
371 798
8131 3503
9250 6966
5696 4911
4740 2724
9366 8281
904 2708
4695 5335
964 9169
8683 3212
3473 730
6421 5066
8870 2333
8614 4897
8321 2649
537 4866
4502 6099
6647 320
3016 6922
3634 1980
1622 409
5406 7270
6292 2573
9324 6405
4416 3058
2151 5759
4205 8482
5857 9046
7299 8026
7402 7571
3012 8459
2736 9119
7661 8310
1857 7246
1162 7858
7397 6108
462 3753
5239 5842
2849 7678
5856 1571
7759 9059
9541 7814
9338 7019
8238 6668
5627 957
2297 1747
7327 5856
8465 4293
386 94
403 9262
1728 7759
9553 3685
2239 5205
6584 7973
3466 4791
3462 9668
7052 8762
6532 1746
8296 5773
3949 4576
9963 8964
907 1902
811 5445
6576 9355
7435 962
1992 8969
5164 610
5124 2545
8403 1540
899 5346
2643 8669
6071 691
8718 7869
8819 2514
7383 1998
4959 6946
7544 5179
8636 7277
2266 732
3683 6208
3166 391
5277 3457
9600 6530
6678 2826
215 6091
5355 7924
3303 7744
415 4228
8986 1586
871 1632
4120 7758
6999 5919
2833 283
3634 5387
3122 3649
4331 2518
5193 7314
8592 9686
6707 8498
7494 5291
9405 859
2957 3093
1879 5940
842 2158
6476 1720
4499 9096
5201 8144
1507 3070
7319 3326
7149 7860
8547 376
2683 785
99 6135
3187 4573
9490 8190
124 6576
4926 3377
1094 3448
1229 6386
3005 4440
886 4402
2357 5080
8274 9295
4029 130
2334 508
4711 6367
6548 2518
8790 1575
2559 5721
8254 5221
3059 1870
8901 6691
4476 7139
9735 2823
3931 1730
5647 5260
6828 7948
7281 6497
623 8927
6940 5489
407 3241
1928 2603
2388 2118
629 7853
1399 2468
7194 6265
8247 3361
9644 207
8957 9515
4686 7975
3617 7117
2445 4856
9730 9619
531 8339
8484 9265
9395 7146
2423 9781
4094 7655
8600 5149
6291 9586
6838 2579
6404 9359
156 8070
2249 9041
2254 9539
1320 8034
2198 8417
962 1075
3975 8394
2566 4286
8923 8480
423 5418
8668 2171
73 7985
3782 6939
6846 4667
2490 4248
2550 9131
7257 5121
1341 8986
4080 8542
2975 6818
7348 962
7920 5927
917 2132
1443 8727
138 3211
8801 4587
498 2111
8739 5022
3616 1922
7758 7062
6009 9359
3700 1079
3665 5683
4487 9606
8336 8958
733 7192
8785 7071
1002 7073
4467 6633
5135 3177
6296 9916
9519 8783
8799 8498
8506 3081
3505 8827
7208 5825
4704 1424
7096 7437
1629 3215
2143 2048
9474 9916
9385 293
9836 7434
5101 3172
3899 2785
7772 3209
6865 5747
8479 8768
8274 9374
5655 8641
9356 6075
4884 3142
5007 3333
5685 2875
2056 3036
3356 5496
4666 813
8985 9222
3125 1726
4807 3529
2134 5762
4006 6849
7596 6321
5086 7590
3270 1161
2383 1988
1976 2704
5897 2665
4463 5106
9416 4548
1279 9508
742 504
4317 339
1062 4097
4116 6511
7062 2104
3772 1067
875 832
917 4229
2327 6230
2447 3357
5250 9586
9472 8344
7496 7090
7896 9336
2205 6227
2923 936
1820 8207
3247 4788
1899 6543
1428 6136
6740 9459
8808 7947
4451 2422
8464 2534
8437 8390
309 1163
1867 6585
1662 4828
6480 4925
3457 5064
7220 4958
3517 7836
1177 3311
7969 7063
9556 4922
9900 930
4211 6600
3876 3573
7975 1574
3800 6928
2330 4241
7274 9589
4371 6369
7626 6554
3565 1121
8427 2800
1860 5152
8983 7173
799 68
2382 515
2106 8331
8621 4333
1266 5814
3877 2302
3140 2813
8574 4427
7365 2843
2063 5869
5492 4893
9573 6706
7630 6605
9694 8176
7741 5307
7073 789
4535 4413
4688 2206
5412 6438
1766 3844
8852 667
4359 8948
7236 6954
2440 5566
7291 1009
7447 9247
2553 1982
764 7989
5487 8593
9319 998
1402 6769
5825 396
202 5382
7690 6895
8654 1736
1161 5878
4399 3082
9236 8711
7532 162
1656 9658
7495 4945
9073 7713
5022 6480
4892 9243
5539 2008
4797 5403
6443 9220
8150 7914
9167 236
8211 5861
8959 388
3164 2723
4269 5615
9276 5982
7334 4191
5921 4267
6948 3012
4889 5066
7344 739
1757 5575
1099 898
2288 8726
7944 750
5545 2937
3003 8413
8 9745
9336 5100
4210 2270
5327 929
1049 900
8535 8605
7361 2764
9329 850
154 8182
1006 8469
2399 2407
8528 3101
4345 2830
2443 1241
65 1081
1317 6038
5862 9860
7637 375
8164 2681
5329 8508
9490 5659
7439 4302
9542 2967
9292 9481
1090 494
8390 5933
516 3773
1760 4748
6326 9326
990 16
360 3278
2594 1339
8365 6437
2462 9857
419 3378
1454 5338
1452 4707
8001 7939
6994 1592
6036 559
8983 1436
7624 6742
3468 7849
5632 2241
2030 3398
7096 1781
7224 6192
3729 9877
5084 6100
4261 3193
6117 8821
3862 3682
1844 9452
7353 7142
7247 5315
8826 8778
3498 591
2671 1835
5017 7693
1869 937
7905 4713
9351 3083
7126 7420
459 1168
7 210
9558 4251
7987 2303
8806 9431
2183 6016
8242 6767
5776 3861
4214 8920
8383 3060
6127 4696
2365 4741
7635 1157
2384 4
2394 6872
8499 9557
3147 8312
2042 2213
1882 5739
6246 5762
3377 177
3876 8306
9579 7358
8871 7896
2847 6845
9747 8189
1103 6728
5537 5753
3301 495
3384 1423
8830 5051
6357 7465
7534 4486
5123 9917
7132 2765
2334 336
6058 5122
8725 4156
5090 9377
6904 7049
680 9352
4070 5705
4602 4719
3257 6089
4420 5228
1429 4570
6705 8319
6684 3135
7435 4350
7650 7265
9683 4213
5796 949
5519 4856
9959 5797
2145 4416
935 8851
579 5492
8615 4962
6526 3013
9024 4495
1350 47
5830 489
1332 3111
7572 1338
5872 6219
8973 4210
9354 7978
5004 214
8610 7711
2871 6445
2406 8882
9559 660
7062 8739
2855 7957
1545 9839
1935 163
9836 6691
1558 951
6063 3691
9736 9278
9468 9780
572 7241
7845 6155
3085 7563
1190 9293
790 4408
3589 1860
4457 5975
8486 9889
952 4279
5409 435
4004 6886
3015 2624
4861 8223
4916 5313
9133 4846
5935 8124
1164 8277
5076 2963
6014 4943
1580 2021
8913 4165
2460 7237
6231 7387
7821 5291
6322 9581
610 958
1065 7991
3135 3351
9142 3842
4807 7121
8910 4778
3101 5070
2569 521
3688 355
8253 1638
3373 6687
8480 5809
350 47
9147 8908
3334 5849
5182 7355
5632 9147
7841 6337
4155 6613
192 8097
6066 6161
9110 2513
4963 1742
9296 489
5464 8209
8451 9132
7534 6071
6000 7111
8393 6148
8881 1412
8623 7807
6158 9973
1824 800
8053 1086
4728 2764
6325 3859
4461 2117
3012 6383
754 7859
8763 8079
6470 4107
2444 749
7077 7870
5825 7211
9625 8238
4218 507
1323 4174
2782 8598
5973 979
7689 8060
6518 5814
8555 4205
9544 3739
1010 5750
5357 1328
3192 1139
3577 2185
6655 4036
922 1152
5785 4008
7024 38
6842 572
8163 9856
9037 3516
8971 4345
5371 7098
4164 3109
5685 5999
9555 5090
7121 3504
5992 2344
7285 3646
8584 1181
1737 9440
8484 7557
5847 1154
2075 5603
5654 2478
7301 4517
5719 3559
6578 9923
3544 1630
6659 7725
9178 5058
8128 5446
162 4624
9439 3205
5327 6656
4856 3716
8899 7472
9759 7321
9626 6942
6287 4823
3832 2878
702 6002
2097 9899
5706 3509
4466 3633
7347 1447
6215 2526
1584 6167
7708 2121
2169 4320
1393 1362
624 1710
9272 9691
3524 9524
187 9024
9211 8067
8111 3074
2847 1273
1389 6820
5886 9363
7057 1182
1333 5109
7353 6922
2504 8088
7567 4359
6862 2832
4286 5589
3767 2529
3618 4861
6206 2491
3055 1513
697 6314
4010 2678
3822 4871
9426 7309
759 9786
9225 9970
3146 1071
2661 3194
7277 780
4601 8489
3938 4624
3536 5596
4848 3170
2714 6602
8616 4470
1113 957
6371 228
247 6157
1902 6678
6880 4696
1086 354
3040 3433
2833 5892
4813 2553
8827 6477
2558 3479
5355 8512
9899 2285
7334 7450
3124 2468
6994 2221
7268 948
3862 9366
7118 2804
7401 7125
7139 1939
6456 7299
5633 1971
6913 8988
8530 512
56 8038
4222 1920
2306 1013
2179 8343
657 3263
6730 40
5678 9048
9071 1323
537 9945
1963 7243
9900 955
3394 2744
2716 8541
3698 9470
988 3931
59 9021
3670 8742
9080 908
9547 2300
8685 5517
1765 2204
336 9668
8135 2828
1008 6342
1497 9080
509 4387
2956 5313
6787 6073
6537 3138
8339 2278
1206 7458
9722 86
6333 5445
9512 8975
9796 2882
299 6320
553 3660
1549 6424
3736 3242
6528 6102
7911 7911
3474 1159
6101 1616
5232 3416
273 6377
3689 8533
6963 3229
2966 8990
8894 5667
7016 8017
792 8069
8265 9125
5664 3799
5630 709
1448 5425
8343 228
6697 487
4621 7723
8496 5615
4688 244
7300 5865
1129 3472
438 8073
6937 7571
4074 2647
6929 33
6880 266
6291 3169
2850 5790
5877 9120
8113 8278
281 2990
7157 5661
5664 4203
8719 3244
788 8293
1807 7335
23 5618
1785 2347
7705 7960
4399 3718
6661 4140
7137 6426
9765 5586
4870 4093
7096 285
627 3011
5546 4020
289 4915
961 165
4611 7152
278 8113
2947 6256
9198 2220
7637 4789
3973 4174
1791 1401
6701 2067
3804 9886
2308 1420
8174 5034
6083 3536
5885 5903
9460 1044
1817 7459
6847 240
1242 3259
8569 5418
4590 961
7425 1708
1475 722
1098 5585
742 2124
5502 1857
4340 7071
6904 8905
340 5799
5215 1454
9072 1259
3247 1686
6218 2957
5724 3304
2841 2774
4320 8669
9175 3643
7522 8233
3548 7457
6842 884
4843 7253
2820 1025
2650 8342
9522 9085
2249 9325
5187 3198
6066 7766
29 8158
1193 6560
6960 1245
3841 8259
5439 3803
4947 2733
4424 9482
9401 4668
7651 5196
8842 1500
3736 6286
4935 357
5065 5406
5634 9452
1469 2268
5017 7254
4863 4221
7031 946
896 4398
657 2555
2162 5726
6509 4588
1960 9324
1865 3825
4195 5952
4424 5200
1963 8316
1112 9719
8286 4260
9403 1395
9908 6397
1815 6245
2095 5458
496 4882
7207 9800
8599 6474
9357 8054
3693 6837
1693 9852
163 5008
283 4773
8347 8821
1405 1516
5409 5850
2544 1364
9885 9946
8859 7258
507 6938
1298 5595
9453 4026
1224 2040
6437 6098
1088 2524
6219 4663
7692 4090
9394 7127
5988 1688
6317 3736
6547 1775
8257 5715
613 6557
8560 7459
5432 3196
9163 701
6416 6923
1583 4601
9841 5246
9769 3229
4429 2720
3718 4075
3671 6044
747 5071
4445 6182
9711 8812
7266 8112
6644 1111
3978 6073
2936 1219
8424 9836
7551 7794
8410 4596
2373 8769
844 5876
519 5279
5651 5801
5814 2396
6232 261
3292 7309
562 6492
2536 1163
9320 7725
1860 4586
1841 6000
9094 5132
731 2636
690 9576
1169 1119
3451 8294
4029 7258
27 5217
923 9056
8259 2433
5525 1217
895 4842
8298 8489
2368 4346
6885 5545
9900 1807
3492 1838
5835 891
8262 9969
4054 5725
8642 7910
2232 8609
3684 8511
1452 732
7079 5391
5884 1421
7382 1095
1913 7842
7824 9026
2900 5233
4356 8278
5792 7923
3038 7087
1794 2506
4006 6276
587 1413
2854 8087
7670 5866
704 3288
7412 7324
4538 6799
5620 5320
7759 3405
2873 5577
1363 9585
7204 5764
4336 6107
8726 9237
5318 1650
887 7535
5609 7486
880 4342
5865 1808
6493 1743
5567 6311
960 945
2835 7921
2594 7543
6510 7296
6192 3421
3623 2682
3781 2112
7768 9669
5999 4020
2010 9914
7401 6119
8638 1322
1810 588
5205 8376
6798 5243
6897 445
7879 8667
979 5495
185 5069
6110 9352
1010 8002
9122 4092
9636 4116
945 5532
8513 4974
8629 6679
2616 1109
8875 6026
9175 3023
3502 7442
6426 7364
462 9679
4103 3342
3187 6152
7129 6072
4846 9224
4502 3564
1897 1479
5189 8805
4248 5030
1805 3483
7290 8962
266 8462
2072 7347
5541 4902
6691 2273
9727 2002
6508 8826
5765 6154
4670 3636
4825 4140
2358 3059
4965 8800
6351 4639
2479 995
622 5328
2288 7284
7667 8497
5076 2823
8344 7072
1345 951
8950 7465
579 1320
3147 2301
7962 7230
7684 2605
3555 6725
2638 7248
9664 4419
6384 4839
1876 7734
8340 9055
8146 1879
1642 1401
6712 8259
9639 8272
4454 5856
9155 5713
5231 7839
7569 4768
442 1981
7767 7391
4507 1509
9549 183
8032 2895
838 7317
1004 7034
1483 2191
6922 7581
3709 6317
2913 8416
3764 5053
9622 1669
1398 1031
404 5021
1389 5072
5737 4057
8530 5885
3027 9174
2423 5288
3519 8913
9586 3215
7905 7115
9421 4194
8535 4567
2692 5734
8912 3896
6822 7549
5647 7607
7322 4813
7417 1084
1300 9954
5681 9011
8385 9186
8504 1670
8726 493
2234 1323
8653 5337
1309 4583
6953 6378
7330 8536
4445 9128
1321 1224
7878 7344
8447 8378
2865 7261
3394 9100
4110 8994
9153 4410
9050 4358
6904 8065
7942 9507
2190 7734
6218 4651
5798 3029
1081 3934
5486 5850
848 2448
1083 6183
1408 3603
8172 6548
6627 3784
9268 7487
4956 3081
9761 2316
6280 8993
9276 8774
9786 8165
9883 352
2786 6096
8160 9313
3203 6806
6696 1861
392 7664
9797 7994
7730 5469
6675 626
5575 3128
6599 462
6860 9702
6318 2642
4336 9595
6173 8850
8341 7922
6928 6208
4651 8168
572 5613
6561 7448
2754 2827
2087 2221
176 9810
3620 8496
2322 9265
4850 1567
5663 3937
1820 5188
6594 8618
3455 157
7378 6536
3793 2878
329 6081
9783 5253
441 3195
8171 3183
7059 8264
8905 6370
7076 7551
6111 8437
6663 8382
7645 3970
4970 8484
5652 1744
3221 2869
8731 4936
1711 1074
9922 5035
8884 4483
1750 7435
6705 6437
1754 8851
9724 8953
133 1547
473 6733
9209 1912
5532 6220
6959 2208
9572 4749
4664 4873
6882 4733
9075 7682
7751 9783
7207 923
5340 7645
3294 8393
4149 1200
5101 9691
5767 2125
5065 9930
9747 2103
3696 5113
9930 3049
7287 8405
1990 190
5646 1616
281 2738
6007 8377
4079 9219
3715 9902
5457 5689
1505 6403
5056 9795
6243 7936
6920 7047
6280 3031
1541 5072
2832 813
3423 3971
3551 8908
2785 2849
3745 9537
617 8238
4511 4159
7136 2245
9788 7284
6911 5899
9926 2164
811 2609
6888 5400
4932 7637
2190 5079
7640 1013
6152 8653
7755 8189
290 6509
846 9089
3296 2674
7346 3562
6629 8836
4094 4135
552 2080
4209 3054
7035 2734
9572 3355
1676 413
7351 9273
8606 8366
2881 8309
9184 2145
4387 5592
2648 8863
4372 1938
3876 3896
7076 560
2660 5164
8039 3990
9727 541
1927 5562
4691 3328
7773 538
477 1579
6620 2730
2725 9527
9810 2566
1862 9628
3084 7037
8683 1572
2817 3504
385 7239
7173 818
2067 6158
9614 4373
6635 5300
5800 2332
807 5586
4225 9613
3950 9515
2842 1817
6134 8420
4370 4281
9732 707
9493 1779
2707 2236
4076 5107
7688 5206
1249 1370
7564 4829
8957 3930
9443 5754
8387 964
4102 7215
1637 3270
9639 3212
3748 4653
5550 8496
2477 5846
7358 6739
4955 7643
8068 5771
855 769
2326 7063
1538 8338
1569 6715
1628 2482
9425 9769
8883 5259
3667 1658
4998 4443
4441 5123
7026 4058
2514 3400
6164 7286
9384 5447
8419 542
8811 9094
3669 5294
6161 4995
7565 8375
5811 6229
595 8148
4171 2955
4040 7088
3198 9210
6244 2072
9714 7217
4138 7685
1100 8239
269 7774
3391 5634
9456 6574
2949 4444
310 8228
5184 1711
5607 2821
6074 1458
1130 4691
1509 9320
7040 1264
4857 4831
6962 9074
3174 6107
419 39
4617 5261
1774 2919
3963 8593
2845 13
5132 1001
5053 9118
5097 182
226 3748
2742 4087
8565 5180
3259 963
4020 9501
933 5023
1221 274
3684 7439
2651 5641
5806 7492
9001 5231
776 1109
2660 3597
5824 3574
8005 3116
2177 7428
998 2582
1696 8232
9893 159
1962 1982
2393 9965
2580 7275
1044 3972
5475 2822
2072 6600
820 181
118 2402
7864 7768
6832 2063
8021 4952
4151 5169
1267 3717
8084 5054
5981 7532
7542 9463
7226 9488
8189 4567
6464 7192
7480 6332
2721 1524
3977 5919
1712 8366
2188 5135
7257 1472
574 4470
9804 8830
7942 6270
3946 1554
8677 8216
8192 9648
7912 671
5998 3230
9019 9588
6138 6201
6336 8614
1064 5834
3814 4048
6273 8077
1659 3106
6731 882
1174 9552
474 4546
9509 5763
4463 6413
6399 8404
1259 9900
4025 5067
9578 9058
7699 3328
9039 2733
812 6142
352 4372
6339 8867
5379 9693
3870 9480
6716 1898
3385 9582
4599 5796
7731 4835
8073 2541
5747 3195
4737 2841
4046 539
7202 7799
5251 6347
5929 4742
9693 8207
6370 4348
5441 847
943 11
481 967
1256 4691
4973 1487
4830 6794
6021 5676
2112 1130
5795 1325
5206 3873
313 8893
6903 6280
3540 6196
6126 9243
9973 8622
8839 5874
5520 3530
9195 8062
5043 3239
6497 7701
6675 3530
3339 3448
4491 1562
5372 20
5035 3844
7152 9502
3293 1655
7695 3856
972 9077
73 6058
7777 4164
6638 5689
2854 8458
4261 9921
5163 8618
428 755
6551 9052
1423 9960
5850 6821
4599 5784
4834 2406
529 6137
9862 7699
1767 7541
4509 5621
5525 2335
2964 6029
4103 3204
9659 8291
2507 841
6758 7196
7513 3111
7126 5240
3273 8993
3964 211
9917 3805
326 3782
3714 5466
7942 3735
6033 3115
1274 5406
6405 3943
6647 1087
4412 9925
7127 419
7318 6753
3771 8391
666 1945
3844 5505
729 2910
7646 9759
5045 3381
784 3146
8615 2016
4127 6659
869 2947
9698 2724
7764 1574
5226 5311
4901 1815
4987 1296
2353 9307
1644 6425
7268 5802
2501 4434
2061 6543
1445 526
8614 2156
2357 700
4158 5349
2107 2309
3368 1186
28 8252
5918 1679
9227 9826
4248 5497
9007 967
9927 3461
2201 8108
505 2380
6720 8468
1773 5115
2 1348
897 3610
771 1911
8897 165
5222 6499
8430 3235
7648 1431
2575 5147
8071 645
8864 3683
4166 7307
1381 1600
6794 8635
5446 1797
3613 8301
2703 8795
854 1148
4317 1940
5594 2487
7303 7114
672 4219
4233 1295
7423 3304
4275 4789
7532 2728
7120 4604
6686 774
9470 3951
6635 4684
2387 4969
5890 6476
8574 8317
7741 6508
6681 8836
3806 7266
3377 4383
2804 7900
2835 9777
4994 1710
5902 3050
2572 532
9866 2111
989 7385
678 629
8203 5019
7804 8453
697 9321
2016 5695
3361 2747
1081 5332
574 2936
9817 1305
8755 1198
3422 5479
4824 9783
9713 9881
7134 9517
3747 2526
4255 7533
2393 6759
4653 2686
2982 2198
9177 8161
2862 6468
3751 4043
6245 9257
1115 6409
3017 7974
9653 3705
5606 5205
4826 643
876 6518
7638 8483
9425 3253
5049 4991
7219 1644
3592 4393
7607 2767
9121 1629
4784 3417
1591 1383
5827 3477
9029 7220
5454 5487
798 5733
7815 6867
1174 9822
4050 2203
20 301
9154 6402
3213 3217
5284 4423
2608 943
8684 2156
2049 7480
2510 9353
9778 6095
3849 101
6566 9827
6844 479
5998 3696
6197 4130
3953 9279
9079 8405
4132 7590
5035 4557
5157 7126
3452 2515
4407 2000
9937 2992
2336 9901
1915 5087
8104 4060
6322 9279
2974 6793
5889 734
7609 9801
8661 7051
6536 483
2473 3824
8962 9355
6806 8098
4746 6079
5548 1929
6899 6440
3808 7812
4809 145
6436 2432
8429 4302
6999 9859
3643 1425
2653 6520
9704 7270
4371 2560
2564 8336
1053 2551
5648 1680
7 7240
506 4753
4246 6084
8793 8769
1593 2963
5999 5195
6436 4905
2340 8062
1409 2126
1261 3655
7049 3221
7897 6494
6516 9088
7658 4775
4048 3935
5383 3683
6649 4145
182 4722
9408 7848
8999 1196
9095 9365
9689 9922
2418 2702
6673 2255
3310 6270
4524 2332
8048 5334
3879 3801
2834 2073
7971 4142
2230 3914
4806 5387
9358 745
279 559
8427 5165
5996 5686
8231 4574
7678 8134
3626 5613
9337 4309
4489 1499
2060 9697
4315 8160
5711 8812
9446 1200
2537 8271
891 4092
1527 2134
7211 4548
9460 6673
2423 8333
1706 4206
6008 6786
6855 2091
3643 950
323 9496
4055 8328
3326 5163
5669 3922
9258 2935
627 2500
8004 3075
2484 2514
4504 8181
5813 8716
6139 791
2870 7204
2219 5832
2859 8390
7175 892
8848 317
3889 6565
1971 2858
8543 5234
5722 3493
4162 9222
6328 5451
9730 6372
5682 738
5524 1576
6893 932
5603 9317
6502 7613
6661 1289
8332 7983
2675 3784
6325 4704
254 7023
6643 7634
4423 9752
6076 1271
4444 2805
3940 2600
969 9510
4323 978
4273 2311
6561 7010
800 9852
3243 3924
9722 4294
1102 9400
4757 4748
2283 6963
2056 3113
5050 9841
7739 4508
9171 6143
3238 1722
2769 303
2131 9936
7777 2879
6462 1793
1755 1926
6676 7359
7512 3943
807 2155
6882 368
4779 3822
5547 341
1727 8878
8922 7047
1489 3631
140 4224
8435 3441
7550 3237
5436 1903
6794 3201
8894 9741
4458 3372
1716 6480
7688 5861
8116 5405
5175 6269
3209 8978
8808 2650
5377 4093
6392 1003
4927 1215
5106 5612
8503 1252
7902 7669
4987 9713
2818 9016
9413 6976
2569 9363
1851 2850
1979 5590
9004 801
4734 4702
8941 5090
9933 8162
3449 8327
2454 7691
4967 4483
1227 1176
5705 2890
6519 1865
4272 2189
3263 1730
7390 7929
8243 6035
974 4502
9548 1957
1002 3198
7625 5544
9656 7304
4291 7676
9907 5393
2465 3036
6115 631
3247 9697
1395 1450
8705 1339
5616 8248
3046 7646
3160 5855
8243 7374
7303 2084
6173 981
520 7957
4947 2612
5675 3354
9324 6959
6774 4656
7237 1107
4795 9911
9454 248
1830 8188
699 9247
5474 6077
4459 3584
6846 9692
4532 2151
420 8471
7680 923
4292 3985
3344 4360
6645 682
2867 7140
5762 4462
3404 6130
4165 1798
1952 5714
598 4460
9569 249
8238 3249
6330 3553
7597 5972
3811 7291
3221 2025
289 4534
6651 4374
6367 1741
8193 6272
3955 8950
2365 2284
6015 7669
4347 6724
8556 2685
7962 9716
9538 4774
7538 4236
8439 7374
8712 1826
3600 7513
363 6045
6637 5801
3694 7225
9048 8402
2574 3444
5019 4987
761 4305
8802 8203
7426 6046
7279 5715
5034 3936
5055 2873
4921 9129
8776 519
9267 7108
4131 7136
6363 3903
6593 1878
7404 6259
9733 6530
553 1224
4155 1149
4571 5615
2066 6770
1846 9253
2051 5933
7069 2574
123 4390
9371 1539
5781 6644
662 7883
2043 934
5965 7696
6080 5378
390 5929
8391 8002
4159 9860
6555 9831
2845 4678
539 3644
4658 8557
6488 4976
2678 417
191 4081
3910 4362
686 5136
6277 3211
245 3265
8250 3929
8233 7601
6739 8594
6625 2073
6890 3658
6259 469
3245 8190
6696 8933
5542 5761
6701 4230
8381 829
9927 1771
4107 7322
899 1503
7549 9913
9492 4812
7150 5723
3054 557
637 5401
2443 4358
879 4371
6596 9536
1548 6714
1882 3647
9914 8529
6695 2301
5924 9576
3845 263
4810 4324
3049 1690
3842 8547
4164 5535
4118 801
4438 7949
1648 6424
8833 5605
3299 3962
7028 7216
316 786
7743 9729
6945 8373
6121 1354
974 2327
618 9705
8127 6616
4689 6759
5889 8810
6868 702
1653 5625
8333 5856
9513 6763
260 2034
3555 7537
8265 6202
7360 6771
5859 6137
8896 9702
2950 5220
928 5556
7368 2
622 725
1074 668
9292 412
370 9781
7409 8002
8368 767
7492 8406
330 6717
3518 2588
1403 7589
2081 5761
2720 2564
6753 8249
1082 6242
3501 8248
1432 165
6185 6789
7870 980
219 3866
3478 3480
942 9353
2965 2833
5616 8202
16 1093
56 394
8429 5522
8745 9011
434 9297
7877 7343
5962 8085
7760 4547
3468 7526
9065 8411
7406 1132
5195 5342
6546 9428
9885 3315
9773 7721
4857 8242
4967 4918
6995 3353
3904 1783
8311 3143
3209 8631
2092 2730
9789 5357
228 3189
1312 1369
9086 5333
5240 4148
4704 6325
3884 22
2338 3138
6989 3972
4586 9271
604 5385
8093 4201
3331 9539
9020 7045
2163 7662
5859 2818
65 6948
9770 8537
8063 7041
6182 6440
2652 1076
2128 7234
3363 3709
2796 5042
9538 7094
7395 3941
4313 7758
8619 5215
661 8640
1859 7730
8433 6163
1412 6706
410 2780
1109 2415
543 6214
7938 3346
5920 9126
7518 6939
749 2328
8543 9953
17 3377
8934 7261
8068 959
9308 1757
7294 5307
5924 9758
4709 6780
2758 9727
108 9511
6579 6873
7582 9800
3828 6464
482 2457
4022 6701
3414 227
3113 8098
9275 2905
8636 6921
741 7656
5367 2512
7912 8993
3061 5773
550 5880
494 1404
3149 2876
2617 2647
8389 5945
2886 7524
7403 6709
2279 4386
4454 4624
3794 1645
7110 2919
4361 7015
3098 5370
1211 6372
8155 2543
3429 7908
3403 79
7753 7631
6433 5149
797 2871
1434 9034
9700 5426
28 1315
8799 6961
1420 4361
3411 4475
5421 4634
9897 1847
1060 3137
4978 559
1304 9659
4352 9704
6423 6416
3622 2766
7432 7353
357 2256
8092 6586
8619 4980
2808 6561
9784 3581
4666 4849
9572 2693
1311 2724
7041 210
3301 9367
4921 9452
269 4484
6534 568
4266 2170
1426 4987
8918 4690
6203 5618
2291 3327
6275 5921
8309 4508
1352 8477
6587 369
2137 5850
3125 1812
7366 1137
2944 6501
8950 26
3157 3991
4894 5414
8509 3526
973 9026
8298 2714
2775 7014
7482 3688
2263 2092
1399 2337
2555 4414
7754 345
6994 4191
3834 1796
4946 5309
6127 7390
839 6542
4328 477
8204 9570
9150 6902
5141 4080
3676 9935
4504 7131
4537 2543
1777 5125
4083 7950
1368 147
1225 6645
4750 3410
7555 5528
7547 4814
1827 9210
2657 9500
9176 3424
4979 2514
9949 6075
6034 5798
5413 9544
3638 8583
7504 4986
84 3407
8015 2093
3878 2920
9203 7827
1846 2083
3752 3683
2857 248
9477 5312
8201 1094
4971 6555
4078 8875
3254 8965
2232 5962
6532 3284
1104 6948
2725 9793
737 1952
5126 7556
9048 2203
849 7891
418 9400
9554 7873
9220 8409
186 4935
1811 8700
2715 7709
3379 1370
8619 1602
6902 5466
6583 9831
5885 8184
5875 8520
6565 4705
3355 853
2334 594
1993 5249
7582 2130
2487 1741
3536 4736
2936 4239
4022 2435
7506 2577
4601 1924
976 2770
1239 7154
1803 9571
4417 2321
7924 8347
3834 7563
6287 4657
8522 5100
8787 9061
6675 6174
3884 971
4199 5371
259 3698
9157 5222
8148 3803
4541 2062
5292 919
9972 6285
6272 6129
9125 5073
1294 1383
7626 3461
3 5844
8467 8010
9118 5014
7135 7479
2964 4453
600 1146
6355 9593
9123 6348
8 395
2277 6174
8661 8042
3260 8259
212 524
9138 5490
2329 1719
7113 9387
1449 9744
7973 2658
2058 823
287 6888
6894 8174
6666 8009
6877 5985
46 2044
4856 5619
5708 1345
3597 1752
2598 3284
991 697
8619 3330
2659 1263
3308 878
7100 6121
2049 2656
3286 9594
2435 5739
1245 7989
4634 4619
1912 3214
3786 6689
1758 3091
8794 8752
4171 4488
6732 86
9507 3730
8497 1944
1059 9652
3216 5457
5704 2191
8202 6477
3891 6900
8072 1103
9293 5922
6681 247
8032 7846
2223 5635
4881 5201
6728 6918
3801 2108
8137 4167
7149 9797
5336 3401
6875 6247
146 9519
1154 5242
6211 7264
2396 786
9349 5205
7294 6375
1018 6762
8586 797
7020 5490
169 7721
2699 5956
7767 8184
8332 4037
4715 1918
2110 3113
2353 4110
9462 193
9603 1287
3238 4596
460 6095
4145 2262
5688 4309
4565 3765
3419 8701
5858 5482
6463 7509
2436 7735
5883 2710
7464 1970
8533 5290
12 4017
1019 7375
9825 6495
2519 580
9631 1048
9652 5973
1735 3620
3911 8736
3888 8926
4515 7831
3779 3627
3357 4764
8619 2069
4551 2702
6904 4508
188 6623
3519 7290
378 3477
447 8026
8316 5922
8699 6044
9197 5181
9451 9792
4204 6305
9347 4110
5825 6988
7064 3584
3573 3882
4827 3138
4190 5816
2725 4809
8622 693
8251 1886
8187 4507
5688 5226
7998 3282
3592 3340
7746 3841
9946 3662
4188 1753
1303 6015
9867 616
3435 2593
1760 311
2764 9190
1369 8686
2895 1291
9330 9892
8316 439
5916 7238
9766 8271
7227 5485
4964 2568
3731 6841
575 1027
3165 3356
5948 4426
5424 1984
3981 502
1388 3685
3250 3923
1161 9020
78 410
4990 217
4888 6041
778 4942
2571 5593
4495 7322
6504 4780
9557 1537
3372 846
7461 9151
6934 5116
115 5251
2774 4131
7542 7696
4731 6363
4880 1047
6321 3259
6601 5147
8969 9730
2447 1352
9048 7590
1307 3932
3156 8512
173 1666
2927 9338
5058 8807
8542 4296
1756 2790
6881 1872
447 154
8931 9172
7544 5205
7669 7449
6072 2305
6423 910
1565 5004
9397 4648
1010 4280
8521 7012
7616 3604
8451 653
1468 1556
302 2406
9319 2445
879 8762
3045 7314
8000 7409
4031 7154
9899 7709
9022 5962
771 2804
2515 6210
6179 9333
9866 3111
1096 5462
2884 3983
8261 5757
7722 1311
224 9115
8584 8490
424 8331
8931 9688
2915 7740
4481 1893
4493 4058
9901 8215
278 980
3148 5059
3550 3359
9178 9495
1314 6393
3495 506
7045 542
9741 671
3262 2201
4180 2748
1367 7293
4886 7768
2095 7851
9046 7453
8378 8104
2211 7000
8832 6039
4491 5593
418 5177
2667 6803
1416 4934
6555 2653
4531 6221
2705 7823
1803 6910
6979 973
7665 3722
1242 9722
8029 694
6887 2596
9568 3614
8115 5524
5214 6341
7011 6890
9009 9195
2255 2068
7528 3982
7819 6066
885 3631
6323 8581
8196 6493
622 9484
3216 524
4331 2954
5215 5744
4450 9752
5629 7418
6691 7385
4642 4440
2186 3297
9342 3307
1909 3546
5536 8497
253 8000
4496 9381
6010 4181
3699 2757
5587 3356
6272 4064
4831 106
7067 5249
1177 2260
2113 9506
3836 3690
5642 783
5925 7248
9822 1771
134 7700
3457 9826
5196 9270
1292 2555
4739 2343
9682 2057
3238 5156
4396 7662
3162 7882
1685 8859
1351 5722
2583 2689
934 3912
5486 3133
2332 7766
8263 6832
7794 505
9147 3518
9865 900
6948 5966
8265 449
4977 8645
4367 6369
6128 5057
5728 5829
9632 8023
4429 9232
7377 5456
7806 4848
4470 7498
6796 1452
5010 9525
311 1164
8298 3500
2730 2857
9936 4556
6962 7503
7138 2924
634 7910
9134 352
3579 5903
2232 8506
3557 6428
3271 7331
9512 4148
5620 4611
9835 7622
8214 1276
9796 1121
1240 3076
5524 8311
6553 7991
45 8779
368 1170
5877 3079
6831 5219
4694 917
3045 9286
347 4592
2933 9215
3205 7128
9677 7397
709 2496
148 4758
7195 4114
1905 3332
2959 6073
2619 2126
7381 2640
4501 7778
191 3917
7695 2287
3618 3975
1545 9533
5577 4639
6591 5172
8093 9585
6446 5920
3592 4652
8961 7095
9174 3887
7175 2847
9863 3632
9183 2357
3928 1053
6643 6053
6745 5758
9517 7341
4840 624
6740 8793
3981 7383
605 9366
8607 7108
425 5409
9244 6088
1379 1896
7709 2119
6885 87
5612 7080
964 4822
1055 320
621 7844
3928 89
2750 7579
8903 4639
5947 2119
2155 8842
6200 3916
3508 5854
4843 1363
2208 238
6335 5912
2422 9415
5446 3530
8556 7787
5285 9186
6654 6306
2582 1714
7598 9486
5259 3371
2310 5185
5627 3227
1010 64
9513 3568
7655 5695
8234 6822
5339 3367
1264 8913
5142 9820
3664 6672
3613 1281
199 6266
4231 3453
1115 7193
4462 9485
5190 2434
2687 8677
8632 4615
9126 1807
973 3647
687 3186
8449 2293
8123 1999
3610 172
3029 6711
5720 2952
4291 3338
6746 6938
3466 5996
2527 6847
7654 2615
5984 7632
3057 7047
4855 9908
5609 7293
1739 4159
5768 7838
5712 8691
2400 1407
5923 7570
3770 5177
2773 2210
8309 9772
4778 7824
7505 6580
4037 1125
8760 7876
6925 6870
6708 6953
4870 3188
8905 7886
8898 9393
2402 1298
4412 5424
9277 3622
7810 3300
6883 7423
3010 6906
446 9226
3950 114
1972 8335
1605 6196
2497 6002
6575 605
779 8826
5477 4614
7931 2363
6408 709
4862 7965
520 6518
8815 2268
92 1318
32 6951
9951 9434
3608 6855
2329 4751
8205 9124
6813 4019
2408 5360
685 8479
1033 74
9960 7698
4582 7731
6260 6360
5358 7173
4141 5522
6147 7692
143 8391
3706 9437
1133 1121
780 5576
4021 773
5894 8407
7117 9245
2343 9914
2116 8772
469 724
6859 2898
2937 9498
6935 4704
7000 4879
1399 1347
7631 2243
3131 4503
1608 6008
8631 4179
4246 8615
3309 6431
7788 1532
6933 3510
3967 3449
8948 5993
9192 4997
4376 9072
3329 1637
5408 6294
2043 2505
2669 4026
6546 4017
853 5448
6643 8446
9180 171
6402 4892
4330 3025
1086 2563
3457 8565
5255 4000
3891 578
3336 3235
2464 8713
5514 8781
8808 8656
8099 3996
9928 1774
1491 6644
2690 9891
7869 7916
7437 3371
8150 6861
1072 1561
6424 5710
6609 3616
9957 7973
7638 6764
2619 9887
9279 5669
4009 7414
7741 4611
6398 8198
967 4654
1234 8236
8478 6055
5749 8673
7741 5009
6161 7304
1801 8729
6108 353
6059 3714
6106 7741
7949 9642
4978 1526
7253 5983
5483 7017
3351 2714
1446 7318
6662 3784
3375 2494
7228 9025
6029 6287
5328 2208
638 1436
7823 389
2291 1029
813 1518
2675 7249
1424 4600
4980 165
4359 972
6081 5393
227 6017
7280 9393
9844 2292
6610 8919
6254 183
2121 4230
2734 9553
1775 3287
3014 8511
89 4029
1856 309
5682 1618
7399 5286
4380 3320
3772 7375
3340 987
1686 5017
3217 7851
7778 706
9544 9457
5889 4134
5993 249
6701 5179
2296 2051
6301 3575
2913 7214
9568 1597
2914 5861
1106 9008
6244 2832
859 7786
2975 9270
2381 5462
1328 5017
7909 6701
8432 9548
5130 5095
5614 9696
1971 8707
3769 2291
2128 6661
7974 7563
336 6658
169 8354
9783 2533
1954 7785
6961 4163
8275 4659
4767 167
8026 6761
1309 8455
8665 8685
2465 5089
954 9831
4202 3554
3835 9827
6867 6383
1723 7208
3881 4643
8841 3960
369 9611
6630 291
9451 9092
1852 2278
6575 5629
830 6802
5474 6795
8242 6663
1292 3435
1262 3735
8907 5369
4975 6064
4991 3587
361 8428
9175 895
8430 7715
5780 8769
7780 5729
5114 5039
4975 8291
8806 6436
8806 2614
9044 5890
5295 7084
9023 2868
4145 945
1113 6820
9766 2349
7896 1745
6150 5138
7600 9891
9499 9378
9513 9477
9705 9374
5961 5010
4822 1630
6252 1971
8644 4287
4719 4535
4792 7945
612 1512
6080 1717
1816 3607
9918 4022
3362 5259
5466 4076
586 7610
9865 6258
5263 5936
6533 8246
236 4103
6865 6566
1729 404
4320 918
7665 7898
7083 7194
1259 3359
6643 615
4514 3093
9138 8335
1946 3188
8552 8724
6209 9947
1501 8086
3464 6233
3709 2203
4232 1341
2315 5588
2546 9376
280 994
6559 7104
3698 3757
5244 6482
7665 4540
2603 3874
3485 7130
2641 7100
3541 5673
6793 681
2483 696
7394 1005
7926 9156
6143 2386
8932 3805
9476 8605
3440 5502
985 3734
1921 2360
3277 4701
3396 1312
201 738
4619 9361
2259 9857
4190 7173
6521 5252
966 4926
9406 2002
3771 5081
9387 1993
9720 9184
3964 1217
5947 3757
5792 1582
7281 3868
9134 6282
5599 5618
3430 6578
3786 6746
7661 9950
5718 7007
1677 5363
5950 939
3259 9812
5792 3597
6765 6384
9278 3148
6730 6333
4831 5181
8214 3042
5244 2908
4431 5463
5238 6281
8296 2027
3857 187
7983 8691
1094 919
9949 2069
841 2317
3464 6111
7853 9075
8433 5685
6480 6957
6716 5228
9655 6712
7889 2093
2499 9710
5942 5847
6479 6991
5981 2219
4228 7203
6620 3166
600 5666
1089 3771
869 9657
1897 6798
708 4922
1636 2579
2309 7597
7144 752
485 2702
4066 9216
5906 9650
513 3565
2285 8690
8472 9967
4663 8855
6820 5810
7574 4054
2763 2541
6315 4669
2368 4323
1174 8783
5917 1027
1286 2277
8401 4303
3031 278
1925 9837
8655 7672
8540 6450
265 8918
7884 8351
6688 639
8321 2369
7315 8902
7151 7474
4961 4123
6847 7972
868 5804
6480 8287
1161 563
2319 8881
2279 3549
9773 1327
3972 6184
4184 8338
233 3895
2842 2170
6786 1018
4120 7944
4497 6410
6659 5334
7463 667
6297 3086
8489 2588
9604 1091
6242 8778
1930 3894
1315 6956
7248 8550
6166 4353
5597 3261
7070 2903
2047 102
7008 504
9792 6503
6704 7087
1268 3289
186 8692
6317 7237
4263 2374
1995 9766
6531 149
8847 5174
384 9597
5471 98
9581 5788
7758 4048
5604 6153
6484 8324
7952 3139
9412 5391
4302 8462
4254 8529
8009 3414
4412 5287
8409 3853
4021 8998
770 563
5466 4463
1990 7996
1799 2096
5097 3488
7502 1329
3087 6178
3140 4539
4016 4903
7431 7313
6250 2086
945 6553
245 439
3218 8479
1654 4890
1365 5750
7597 3171
8472 8202
3735 2739
8759 5064
6918 4549
9680 3282
6738 5642
7915 2054
1245 2865
6638 5157
135 2862
7334 8452
8823 6579
9257 6485
195 8118
5903 7925
3931 9618
3181 2948
2466 1701
5992 5261
9614 3
4339 138
1644 4568
9644 9627
2779 3969
5906 5637
626 7896
5337 6931
2801 2715
4280 8513
5222 1961
1845 8049
1177 5773
8931 4830
738 727
4964 1342
970 7410
6372 9464
3273 2177
4560 993
9273 5986
7404 8229
2336 1722
9572 5218
2141 5521
3220 9345
4645 6851
255 9335
6246 2246
6093 2069
8026 1644
8747 7065
7194 7523
5455 8371
6061 9076
5466 6303
7212 6205
3210 4817
3928 6268
4603 2156
7982 1895
3848 3544
1539 630
5023 8572
858 8005
569 6599
1633 5707
8152 1820
4561 4208
2392 7572
4094 9772
840 3840
9973 2670
4693 4054
4127 5645
2640 1980
8254 4019
4449 4411
8223 9303
6134 1076
556 2039
9072 3257
1952 5331
1685 1662
8457 8788
3914 7721
7923 6184
6819 24
4062 4452
743 1160
9268 9333
5615 2067
3853 1759
4503 5908
9381 3128
3170 9857
4726 5862
3300 5048
5986 7254
8652 7124
8641 6826
1023 9909
6396 2545
1265 9036
6248 2753
7348 1965
5134 7917
6434 3370
793 1938
9814 3492
3287 6108
264 8442
6711 422
3399 7628
2381 6986
7283 7034
5095 9122
7276 9400
6768 6617
1519 8687
5841 8659
2375 6667
713 484
8906 2315
446 8540
9574 9843
4675 9220
4959 2688
9847 4322
4659 7350
4815 3072
4733 7933
7451 6622
6249 1441
3069 1416
3605 4340
5167 3313
3114 7560
1561 8431
7804 5190
8811 243
4407 9449
3924 5694
5164 2802
8471 7677
2329 5669
2167 3366
1095 4107
7728 7727
8525 9402
5166 2884
1126 4382
889 2597
3318 8574
2296 6477
4425 8971
1046 4420
5052 4985
2804 9961
3864 4582
826 2569
3266 1011
4724 9472
2181 5408
1844 4776
6593 7367
1096 4859
2118 3025
8286 2500
4071 8141
4078 287
8248 3446
208 2203
3382 4207
8498 7775
511 2764
1255 4722
2515 2036
157 4015
9678 431
9397 9535
3171 6764
5463 5331
5025 6575
1873 7482
7881 8574
1685 5454
957 5125
4335 8195
3348 3616
2953 7665
4451 2610
9937 8374
372 5594
9743 1790
3812 3949
2733 8095
6155 9562
3566 619
630 6804
1289 7725
8416 599
178 3368
7783 8887
4844 6921
355 7095
7407 9752
3910 3381
9499 7688
5879 4849
5430 1787
5501 2290
4144 490
1255 7900
6969 4479
218 6979
8929 7457
9752 6592
1497 6692
7187 3385
4030 7163
9298 3292
7583 9160
718 4921
9071 1863
7257 4667
9705 7003
6777 4570
7614 5742
2309 6423
7373 778
8395 7435
351 8290
7596 1087
3672 582
5181 4356
8398 3942
7986 9743
2066 2092
4598 390
5634 5351
5012 1856
865 302
5042 4106
3897 7548
3502 6605
1950 1901
3334 8004
1648 4171
8698 1761
4697 8197
8568 2927
4117 9156
178 5757
8359 8016
4781 6377
2904 5567
915 4047
1629 1520
6678 2963
10 3422
7953 7897
2186 3521
8362 9706
9881 4652
9110 7178
1845 3906
4598 2078
6144 5565
2885 1263
317 9656
7142 6740
164 2865
6223 3676
1170 4122
3539 3093
5213 5074
9627 7532
2179 9509
7453 5440
7714 3232
4449 2664
7976 1059
862 9642
9190 5274
5239 1366
5491 307
2999 5485
8828 6990
2245 7323
5034 8594
7873 5676
1150 3480
5757 4762
7698 7969
3068 1300
4430 1933
49 1644
4201 7848
5593 4081
277 2281
4820 9403
4540 4346
2345 5414
6512 4492
3716 4511
3901 3794
1014 3941
3981 5893
963 312
2234 767
6980 4940
5596 7230
7245 33
8984 9384
2177 6431
468 451
4881 4495
236 8878
9653 5462
3848 2320
967 8978
341 5792
2517 6208
5371 7858
1517 2745
4475 8005
2809 5916
2313 2658
8731 3370
9020 243
5039 2101
1633 3547
7951 7691
3869 8837
6228 5856
9444 6367
4222 6874
7050 8057
1696 1737
8441 8505
4691 4410
5296 9208
7131 7566
8925 8408
8487 6109
6694 9688
6684 8369
9236 1955
6488 4594
6362 9055
5730 1460
4920 4589
188 8798
8565 7261
3416 1615
2758 4008
7270 5862
8314 9668
1890 5923
3204 8930
9796 5815
4336 5379
4812 5991
428 4328
4032 5651
2054 1192
8506 2299
5484 2741
7243 8782
4085 3767
7855 1921
1841 4609
5614 2755
753 9546
3774 9185
2429 5212
9565 9036
3211 5343
9244 1268
8665 6514
9714 8128
2211 44
2543 9529
3896 3646
2133 6439
1695 3466
3292 1381
2327 1341
1182 2515
2777 6979
1761 3843
7277 6124
4318 4323
8640 9632
837 4158
6098 1973
2340 2366
8925 1000
4206 8230
7028 4304
8687 402
8734 225
1886 8305
8434 1730
6678 5744
4718 6334
413 3736
1943 565
1418 8773
3372 5721
3852 1934
343 7042
6357 4094
1458 7692
3061 7050
8853 276
2206 5053
9318 7949
4950 9226
8122 8298
1610 4815
8128 9218
2296 9948
6395 8525
3630 1152
1502 6940
8861 9690
8531 8660
4202 6085
342 8913
7038 4956
3442 5879
7330 2545
9578 3870
7472 1328
4713 4603
9501 1163
6966 4131
8147 3199
6083 9783
2491 5695
6247 7938
8639 7126
1821 7963
6874 7391
2185 1316
5864 1592
9630 2319
524 171
3415 7166
5948 7985
533 4803
6187 1924
8426 1603
4941 1778
1077 1622
6414 2069
6063 4144
3385 8797
9024 4276
1916 6924
9047 7415
1178 9056
3504 576
4741 7771
8947 5128
2028 6274
3377 9017
6268 7625
932 4079
5412 6271
7069 5029
4464 5580
9078 8480
4648 9666
1518 8447
6632 6044
9461 3024
3880 6980
2326 9648
7544 2478
2198 7148
6136 8794
3030 2897
7026 5905
9741 4632
9245 9653
4770 8616
802 428
1809 8558
8324 7157
1926 9836
6975 3005
1426 7530
9765 8748
4500 6016
721 7895
7292 2667
203 1926
2896 6308
9068 3537
7439 8577
5277 1047
459 8821
3865 7409
5757 6836
269 2146
6780 6045
8724 6004
4224 9542
923 223
8027 3881
2030 7981
6468 2586
2254 1171
9402 4851
6095 1408
4359 7199
1119 6596
4712 3929
249 5316
3867 3513
3957 6454
8712 9129
2750 2272
589 9403
6759 6723
8071 2281
7035 6750
6524 5024
3949 9158
4578 8259
640 9654
1977 5152
2938 4133
3980 7264
9435 2669
9967 9505
519 1208
4549 3440
4020 2805
7452 9250
414 7502
684 6755
7673 5327
521 3457
6024 5682
5985 2657
6971 3341
3406 5694
9158 6681
8805 8117
4893 2657
7800 7681
7160 3515
5756 2917
1571 2846
4919 3946
7980 2120
160 6076
4132 6800
8494 2054
6199 2450
7785 7944
9871 7275
5052 762
5523 1463
3422 7032
4898 6714
8534 3827
1626 9121
125 8130
2899 7866
8597 7922
9676 9413
1212 6040
7669 7450
722 6668
8379 9178
7038 4841
1281 874
2753 4196
8200 359
4704 9839
951 2088
5873 5549
1315 2284
1209 3970
6336 9105
3135 8018
7968 8337
9456 7572
1045 3389
8220 1472
8466 9073
3055 470
4294 2285
9123 5572
7021 48
2052 4483
57 5375
6416 1178
2599 3682
3541 5098
6511 9366
6821 8631
3783 9872
8897 4864
7664 5376
707 7122
2810 7698
2947 1472
4375 6567
3083 980
5730 8237
7573 4503
5902 7235
1110 4423
1450 754
5982 7724
6487 8384
7296 8389
1383 8356
1114 8256
6118 8414
9122 7545
9628 671
5028 9474
6458 7685
5915 4691
6049 1571
9314 3882
5125 7703
9220 5628
5071 2389
1426 166
4891 5074
1172 4837
7155 6296
8643 5962
6469 6801
6583 4281
7157 7052
3607 9605
5707 9344
9848 6114
2998 4210
4990 9368
6786 4602
5917 6523
9143 3356
6686 7988
5731 8850
7274 4155
6924 247
3236 8363
5858 5913
637 9913
3545 8136
6556 9467
7962 9132
7655 1285
480 2451
8904 9832
3010 6630
473 9825
4882 2681
4302 3569
9645 9843
9080 4567
184 6822
344 9813
7876 3953
4584 7855
7132 4077
4800 2181
3251 5729
2924 2440
1401 9758
82 1147
6765 2437
2672 6070
5570 993
4454 1099
9433 2984
5853 476
6881 2574
3710 1074
6866 4855
5475 4327
366 3427
9862 685
7226 9155
8915 843
2726 4904
7972 6739
9916 5881
8272 8136
2065 9300
6502 9308
8268 7857
3274 8560
782 8241
7013 2270
502 8517
610 6817
463 9613
96 6708
7570 8998
6037 5623
1214 4875
9824 9380
4711 1736
4493 6273
3662 6030
1176 7844
3648 9332
5020 8166
935 3437
7557 8104
8336 1463
4172 3975
1924 9775
6150 4617
9579 9395
4859 1697
5029 5213
3433 4474
6672 7306
9952 7099
2358 7301
4218 4890
5546 8782
4631 1795
1304 1009
2445 6133
2939 9133
9521 9816
3063 5344
7 75
5369 4721
5801 4890
8135 5284
4028 2454
7936 1533
2864 5941
6310 386
9072 3651
3947 2828
5509 2532
2859 5786
1807 7865
7924 6158
4394 2526
7946 9170
323 2598
4130 3748
9930 3817
6707 5006
1927 1473
2958 7077
7960 8762
84 7137
1080 9008
9583 4705
8773 1152
9957 325
4897 4776
7741 2668
9458 6162
1140 2210
2229 8370
4640 9180
3297 7726
7153 3701
6482 9786
3400 4107
7497 3762
1087 8188
2799 1270
5714 8049
2513 2462
5139 9446
3551 1897
874 7533
2395 2466
9118 5148
827 47
7589 2546
3096 4134
4848 4827
4097 9140
9918 1961
3579 3129
4253 3235
4282 7512
4172 42
8363 4515
5391 1283
2982 7483
5573 8104
5492 8999
9233 7435
4141 5267
2042 3957
7264 3115
1412 2495
9791 6134
6632 6861
6447 7424
1255 4595
9278 6931
9117 8794
9931 1286
5346 4336
3102 6249
1721 5817
9028 645
5871 8240
7795 794
7510 9635
1149 2597
6461 8509
601 3051
3597 4653
414 1275
4514 4433
3764 1789
3776 2686
8903 491
5753 2840
2599 1471
2633 7662
3341 3172
8031 6216
1199 5449
7043 5969
5337 8183
8835 5439
2494 9869
1549 4071
7661 4830
2792 1291
5933 2190
8650 7970
2807 6086
3086 5432
2952 6889
7559 8615
6180 6146
3853 9225
1334 7312
7293 8303
5637 2290
4271 9640
4490 1208
3351 1834
4843 5120
7186 5395
8710 5904
2254 5689
3265 2090
3089 6133
8459 3093
6092 6697
16 3378
9700 6316
7646 6050
5601 8579
1682 1430
3668 8043
6691 3223
3599 3209
3223 5692
2976 300
6100 334
1580 8620
1073 837
6994 1422
6182 4322
1185 8413
1747 8440
2961 7537
7476 1479
8471 7366
3163 2988
9184 8763
5144 3547
9399 6153
3714 2791
5853 2610
2356 3917
9081 4879
9339 6694
410 3650
1872 5910
5859 9029
9506 4182
5640 2663
2855 1631
548 3615
4981 4090
2814 7440
1023 4223
3195 3093
5885 7573
5201 315
2717 9417
1262 8293
6361 2510
3970 2501
8869 7583
218 105
3028 2288
509 2231
4914 275
6827 6352
7026 573
8341 2501
1737 1315
5278 8181
4549 3240
8207 3472
1966 4736
2101 9868
3910 4206
5680 5246
2735 662
8426 8873
3006 7951
9785 4858
8078 8979
3933 1257
5887 8188
2871 5345
1710 2921
122 4315
143 6858
2513 801
9836 5333
9732 6331
7847 9275
8670 6751
1793 7331
9524 2483
9281 5473
171 5961
1601 2672
1097 5776
6693 3092
7919 6472
2627 138
1191 2772
2518 1188
3742 364
9230 8502
9713 5707
7392 9186
1890 5543
773 9142
2516 7498
1222 4705
1241 2408
902 2825
4097 3830
1712 9971
6381 3506
3303 6785
5964 6751
7938 5009
4988 1011
6783 2424
9810 7619
1157 1559
8075 8665
5855 8417
6596 7379
8783 8914
42 3589
1994 1897
5539 1240
4013 168
8452 2296
4531 5292
3251 49
2594 1681
5629 9876
5979 9861
487 5430
7184 9072
5935 7726
496 7603
4489 6798
9170 2199
4996 7296
2642 4460
1730 2504
3244 5457
1365 7079
3409 7777
7231 1470
4380 9274
8367 4708
491 417
6247 9127
8110 2099
8303 5636
4641 4112
9949 3211
6259 3878
7045 4237
9638 2640
7309 640
9564 5829
3019 8150
5423 3365
411 3542
3687 2250
1481 2527
5193 288
1133 933
9291 5788
6080 6217
8267 1858
4816 5205
3317 8128
7242 7223
3441 5965
8059 5037
1706 982
5248 2796
8838 6685
6624 9778
5492 784
6533 4543
5143 6504
4155 5
3083 9545
9460 9339
7994 4314
6255 7582
6777 1811
9890 2972
5258 2102
7887 4642
5862 5649
5035 3799
6564 8500
7549 222
2541 2102
4747 7334
4856 9936
127 2299
8556 6422
6353 6004
8125 4133
430 7754
2810 77
1452 8601
8009 9688
59 3990
9624 918
6902 5501
963 8411
2611 4724
8223 7837
212 4495
7888 300
6968 2276
9754 3268
9881 5633
5201 3579
5063 469
5178 4070
8504 2734
9447 8330
4236 5786
3409 4175
4072 9313
8569 2647
9014 2560
9889 9236
3205 4298
2390 3425
2339 298
7373 6937
8745 8183
4279 9156
2217 6343
3760 7167
5834 7713
6374 1028
2048 1430
163 5929
3203 3964
341 9777
9281 3682
2742 6543
9410 4873
4313 4277
731 2763
3917 4080
8620 548
9287 489
9245 8333
9519 8841
7102 6774
1795 7125
9220 320
7830 9008
3581 7462
9430 5128
7573 8046
8824 9448
753 4562
1693 7700
1008 2052
7760 7794
5259 2021
5130 9389
8502 6296
7592 128
4754 1564
350 8995
7690 1176
9737 9956
6173 7843
2626 1031
4946 6761
1864 726
7580 2382
6973 5282
8404 8046
7646 1404
2328 6049
3554 6298
4144 8825
7160 5608
8774 1113
4613 6557
8913 9094
5764 1217
1707 5551
1260 9134
9637 7881
2765 7953
7991 2954
3013 3858
3840 7799
9579 4903
170 8520
4163 7464
6816 8260
9534 2571
8694 4236
4882 9899
7816 2375
4135 8561
4595 8976
8859 9545
806 8802
7818 5122
8719 8310
9475 5747
3288 206
6420 6382
5205 1576
8936 5596
1660 9412
5576 1938
6079 9469
9649 9679
9441 1281
1475 945
4553 8512
1145 9885
2942 5329
8496 3186
7045 8899
8419 1189
9015 3630
2267 9839
2237 648
9622 2215
862 4048
1583 513
3367 8499
2726 1671
8253 8855
931 2947
6121 1288
7235 7394
3144 9040
3679 7954
9026 3832
5461 3529
1955 962
5085 6016
3506 4688
1292 5976
7988 3179
7457 7679
623 6329
5496 126
5649 3815
6875 483
9199 8287
3990 9220
5437 6304
8531 5952
9474 1828
9908 2182
4988 1762
1991 5695
7033 1658
8576 4490
6139 7399
346 1664
9430 4822
9164 8203
4691 3989
7325 3127
1707 9663
8955 8495
1363 2350
4250 3291
9648 8481
990 4369
1452 9103
2238 3780
3143 8395
1827 4516
9249 9413
6199 8935
1349 7303
2280 847
1646 9657
446 7202
4504 9653
4076 2551
4666 1718
8536 2961
3550 1991
7966 360
7724 5200
8234 9541
1739 1066
4793 9455
8489 4245
4475 8967
2060 5893
7409 5005
3929 4230
1974 4376
5027 779
3189 4801
3407 8055
7472 6056
7959 8599
6715 5301
6047 9077
7782 942
6733 7042
7878 6009
664 8659
8082 2255
9281 7446
9663 993
5897 9093
6477 3603
1921 2928
8207 2100
2545 7328
1560 2747
2572 9396
2787 3608
6930 4877
5600 5602
2386 3727
3430 920
8321 2607
2013 2454
8068 8648
8697 2024
2573 8342
4983 2524
4666 1744
6221 6764
2797 5417
7101 6945
2968 8523
875 7833
3469 9596
9642 9403
3566 6515
1376 5641
840 4677
9508 5555
3150 4662
132 2746
5526 6695
3573 2778
6137 2628
5842 7063
6402 7833
7614 2176
9601 7267
8630 5662
2034 504
6758 9863
1421 5453
9687 9444
8028 9137
2389 7758
7936 6390
6080 2374
2346 4741
1597 236
1050 6669
9559 8341
792 3978
760 6888
6709 9315
4778 49
5459 1547
541 5461
7073 5565
190 823
4580 1245
6215 2257
1846 8261
7353 1864
5333 9282
3345 7968
8811 7569
423 3151
7572 5492
7434 4184
5696 8658
3580 3042
9841 9522
6482 5598
7354 5476
6849 5445
5076 1076
5359 2356
5829 1512
2832 4280
4819 7652
1672 6952
3783 3531
9801 5797
6549 5727
2276 4240
7280 3181
4135 3492
7485 893
1565 9718
2204 3993
4977 4307
6497 830
7421 7081
2591 7823
5262 3071
5929 4833
3148 8095
9038 5547
7447 8588
8422 1066
3488 6585
9870 3144
4004 7155
4409 7375
9191 7689
224 2424
2826 563
3206 4363
296 1502
3836 5415
4358 5710
839 8492
7587 2542
6059 7755
7497 8621
1248 7066
1764 1677
2781 9811
2415 5913
8495 5371
3724 3108
7898 4132
6223 5045
4871 7853
1950 7239
8544 4771
4653 4171
8925 4393
9475 6836
7045 1026
1804 2114
7623 4186
8768 7306
9881 8533
2782 2727
5878 2818
7477 8033
918 1916
6635 1746
4259 1907
7040 4273
7435 9116
9830 6836
6337 6135
3571 6966
4549 5236
7558 9588
1719 7599
8 3067
9299 6290
460 4406
4378 1992
3180 6713
2245 7039
6870 2390
3852 9270
9481 3104
4590 8931
7835 9936
9072 5129
5210 3007
7528 2525
6484 5130
880 878
4661 2669
7301 8208
4746 3171
9111 4663
6246 4358
4421 8280
3159 9133
8551 1327
4422 6750
9462 5968
9655 6239
3067 4915
5293 3746
8989 6088
9028 9028
911 3766
152 126
2607 3754
5939 9104
8901 4967
7393 2584
2409 7073
7237 35
1610 4303
8683 6511
9740 8030
8816 4522
5723 1514
2189 9578
8422 3719
5375 5746
5046 5464
8775 2515
5868 3058
5068 2415
4097 9183
3346 8234
1875 7320
2550 8100
5243 9383
3340 2935
826 5231
3022 4296
6133 3995
6099 1799
7276 293
6166 5963
8077 6804
9175 9097
3656 308
5697 2363
6226 2556
4874 7977
2173 5598
8574 6545
8578 9051
2566 9085
3215 9666
741 9229
6131 2324
580 3433
3991 8283
2934 1953
5282 2247
7645 916
3999 1746
954 1683
3269 8175
951 3577
8428 8325
6103 848
6455 6716
9537 4955
7160 7787
5813 7438
5708 2308
3872 1362
9822 2304
8605 5797
403 5456
4207 9685
7824 8036
8450 3433
2942 1731
503 8904
4811 6187
8838 2748
9508 547
6315 7311
2050 8783
4219 5578
3489 3378
8331 1895
6336 6321
138 8835
296 1700
4054 8305
5905 3047
7742 4387
8138 601
5178 9118
5886 7516
6057 2024
4221 3909
6166 1361
4445 2426
1660 713
728 1770
6359 375
4845 4268
3630 5061
2026 8166
5913 6273
553 1249
5594 6180
9450 3735
2434 3955
3130 3711
6720 3233
3052 5441
2188 5991
9531 5020
8477 4380
6448 4138
5092 4874
3872 46
7204 3345
8291 1096
3948 7042
9180 6485
1670 1710
8278 9830
4768 2012
7970 2790
4654 6311
5789 7485
6190 7162
8134 9549
3043 193
2458 6339
2735 2650
444 5983
1630 2674
1838 2340
1515 4428
6645 3957
4607 4796
1181 925
7010 2280
2127 2347
8057 7381
7540 5807
6590 2923
5435 2975
5046 2101
8573 4267
1213 5959
2535 5250
5565 2047
1446 2442
5816 8491
8346 175
1571 981
1452 6746
7605 9939
5368 7454
9938 2477
1937 8003
9162 4323
4209 5215
2607 8964
4234 2032
739 9306
2241 8845
4347 679
4177 3066
5221 4250
5929 886
5181 2463
8222 1193
9951 5245
6929 2651
8363 4176
4651 6870
4472 2038
6992 9817
6923 6081
1537 1731
3151 4296
9262 9832
6034 9477
5241 7317
2113 2994
111 1593
7022 4663
6402 3944
1145 9587
6129 3106
328 9467
6093 5094
769 1684
5699 8007
2989 5938
8593 5051
7669 8943
869 8361
935 6254
2767 9338
1049 9146
2669 2976
8670 3186
3224 1417
3128 8802
2878 7363
4793 6811
1132 6739
8534 5727
1894 1371
8447 4449
916 8700
2520 8058
6192 6014
8810 2368
1964 3881
461 6891
1941 1071
3987 2409
9661 2659
3650 954
8560 8539
869 1833
8986 9609
6350 9972
3648 5735
3609 9830
3909 5993
7128 6432
9214 8468
1804 1425
5319 4343
4744 1591
6318 3803
4874 8768
9917 1106
2718 2557
8561 6455
1731 1232
6623 1258
2852 9770
9213 2385
2284 4688
8261 8955
3026 3693
9014 6482
449 853
3950 5688
9665 2432
4967 330
2956 3284
4358 8616
8803 386
1481 5571
9005 3737
4087 490
143 1697
8936 187
6133 4383
7355 4553
9493 383
406 7342
5643 754
3564 5325
8704 3710
8491 2957
9639 4449
4618 4967
8181 6861
8636 3308
8579 4056
1708 9919
9053 3110
9933 103
2659 2235
3475 5151
1644 1442
1029 9449
8974 1521
8136 3091
7853 4450
253 6469
5376 4128
5993 3606
6686 2443
7105 3477
6371 8185
8570 5696
5672 3305
770 6909
2149 3476
8122 2796
432 6559
7504 6635
3608 2035
9419 8732
1219 849
8860 2570
9768 9320
6185 743
7276 6655
9062 9945
3683 9611
4247 132
9661 5228
502 3183
8067 4915
269 2688
5032 4286
6928 2803
4236 4769
8398 8580
405 4864
8809 8231
2979 311
2460 9779
2744 119
8998 2485
4911 9889
188 8609
4245 36
8562 2682
6572 9227
1793 1816
8120 5329
3854 5446
9913 335
3815 3857
5078 9190
4708 6493
3947 204
1303 873
4302 5770
422 9108
2606 6439
4001 4741
902 2934
8403 264
7471 235
2475 6721
5076 8607
6670 9571
3972 1295
1368 7386
7289 6698
8495 2972
4517 4692
8657 5673
3004 6456
2654 1238
4803 5004
4334 8008
2640 101
542 3268
8955 1300
4352 3773
4405 2241
8226 4885
1564 4346
6607 2057
9363 6560
4169 7060
848 8383
3462 6907
4620 578
8022 9345
339 7902
7764 5187
3016 73
955 1589
9226 3128
6133 7264
7372 5200
2096 4972
6995 2620
5038 6902
8501 1062
1440 828
762 9840
8131 9859
7662 9546
8291 3241
1157 7620
5033 8346
8218 4379
3051 8660
4716 3205
6131 7744
986 5103
7474 7350
9455 1691
4407 9705
2618 2400
8622 9519
8204 1871
4253 498
17 9171
7754 177
354 4481
5494 6099
2819 1651
3226 3290
7445 9526
6863 227
930 2027
3228 9729
7731 4090
8359 8874
5547 5761
753 6917
9620 5482
8664 641
5932 8711
9244 9483
5093 8093
624 9112
3860 3137
4377 8994
2078 70
1856 1404
9866 9566
6882 1766
6682 6119
3963 8981
976 641
3499 1916
6767 781
1375 1660
99 7062
6482 7607
2478 5699
1365 2324
3357 758
6995 1748
4271 2291
3333 4488
8912 5197
2232 3
4977 8786
3862 625
6025 1891
8350 8832
4356 1493
7691 1750
1451 2186
9700 3118
8577 8174
1008 4276
9854 2419
6844 7360
4306 8715
8054 229
4455 3392
5294 328
102 4008
1682 7561
8740 4662
8012 7217
7217 411
8712 6650
2046 6343
5085 2281
2491 871
6321 7527
3164 2502
3957 8367
2157 8497
3365 1937
7920 6421
5276 8453
2053 1232
915 3582
5188 32
4064 3833
9248 8816
4710 8571
3724 7736
530 4579
8823 7746
7581 5653
5771 8472
224 6182
2470 6132
4937 1344
6683 1606
651 4416
6840 9805
8272 8234
970 4903
1409 3751
166 232
857 447
1517 5957
4320 194
8350 1751
5989 3121
7921 666
6800 9199
4220 9004
6414 8498
5255 3794
1367 4877
4027 7647
7220 1625
2133 8921
8716 6505
6094 8840
26 2817
5969 7513
4776 6820
9010 5869
6370 4101
6860 3972
6656 738
7808 8217
4855 9298
7659 3254
7618 9189
4261 6337
9474 8125
5847 8565
7455 134
8658 5647
9037 5771
4393 745
5473 3638
8112 7067
6322 1079
7137 3786
5429 7609
4545 6439
3523 8691
5286 1574
3935 5020
3473 3208
8454 5903
3203 4063
8058 9610
3069 2615
8555 5570
1055 6441
3754 1132
413 8602
1865 4500
5540 9294
6805 3003
5678 6908
3097 8855
9055 3875
3241 7376
4433 3626
2065 9846
9168 1899
917 8443
1598 7635
4947 5412
1922 8974
8449 2795
1683 3758
5747 1622
7237 9287
7954 4475
2039 1029
5964 5495
3936 2995
5391 9029
5646 8043
8545 4775
2828 5809
1152 1526
9476 1108
324 3632
8251 1407
7334 7242
6537 6142
9100 5881
9381 3905
2250 780
8547 2229
311 2795
3465 9359
7231 4260
9861 7602
3395 7093
6442 7090
2183 4972
3913 913
5391 2455
2275 6197
2617 1569
9302 9780
2095 2924
368 6875
6852 8501
3830 9444
1396 6623
9252 9955
959 3212
7792 8033
8054 553
8770 666
1820 5069
254 8176
5003 4005
1712 9226
7483 9793
6288 9052
8883 3458
7287 2198
8963 1913
5319 2835
1703 8322
5269 706
4986 1735
1312 264
8798 2732
6576 2119
8533 908
6182 1747
7161 8974
9818 4788
76 4748
6889 4018
944 2980
2031 6919
7901 9510
4574 4311
4251 3571
7871 882
7923 1296
2403 4721
3504 3209
2674 8898
1905 3148
6401 4222
4136 4420
6291 1353
6579 1479
3410 9030
3545 107
7141 4506
7522 8694
8083 6876
3802 4305
7648 2543
8092 8832
6572 3967
65 3568
3428 2393
6702 5953
7893 9855
8400 6134
6256 7862
4071 9240
7455 7471
4195 3421
4075 4282
991 4038
3559 1562
453 2067
100 7063
7806 6710
7069 4212
4394 6684
4451 3111
8099 2426
368 2762
6934 7332
643 8490
3278 4619
2836 999
1030 7392
8354 8130
4329 7747
9237 6129
7258 1992
8013 7906
4995 1363
8955 3084
1326 7301
9072 2496
1604 7215
7537 2314
2058 4130
2025 8539
4972 4282
2208 9409
6768 7934
4658 6200
1843 6491
6670 670
1627 5206
5727 872
2820 6841
1242 633
3791 3981
4807 8322
285 7441
9345 2436
1292 4093
4959 44
3282 2154
1018 9941
6904 1704
1921 394
6404 2046
1429 2381
7233 6105
7222 6569
8835 9796
4528 3918
4042 9114
9954 335
3821 7949
1965 6098
8608 6169
8948 8491
3406 133
7632 6953
6921 241
3030 5588
7919 7794
7119 3313
1186 356
6360 1517
7878 2902
9063 1180
4468 2566
1809 4988
687 4283
4178 9708
3285 3206
1031 8804
2931 2587
3052 1771
7596 4056
2468 4178
752 3660
698 5367
5347 9641
1691 6617
8496 4630
1045 4930
6971 7774
4277 3730
3539 1983
1777 8444
5974 7978
1524 9585
3957 1633
2386 1967
9017 1556
1262 4156
419 9150
8036 4616
7332 6827
347 7958
5030 4604
9331 739
8178 8732
7560 1514
2249 7793
8237 1976
9570 8815
7024 7661
7675 916
3498 5732
5914 5097
9904 6172
8901 1473
1749 7955
3897 9538
9536 5497
3983 4837
949 3031
2181 6331
5040 1755
741 2700
1650 5081
5961 5755
1387 7108
6100 4551
86 2085
5307 5634
8663 273
4765 3906
8553 7652
3175 6610
7053 7480
2812 817
1704 116
5529 9642
7078 9642
8240 8013
9606 8599
8585 5621
1669 3865
2994 8978
1740 1577
7920 7276
3669 6995
6187 1561
9501 6988
1274 7583
7392 1322
7090 698
983 1774
3783 4793
9918 3396
8822 5473
6360 1694
7957 2410
5281 6149
310 4568
4180 6116
7562 2451
3068 4264
7890 4000
5083 8490
3306 3867
9092 2756
3465 4114
7093 1747
6538 1873
1676 4121
3137 2742
5489 7570
1295 1291
3987 2978
8055 2157
1192 3005
5490 6033
6428 4105
9434 7750
2778 7493
2844 5544
783 8202
7548 3033
8631 9021
5412 34
3342 6566
2921 7088
9326 3441
1853 9423
2013 2319
3935 6666
9359 8236
9887 4856
4522 1146
6682 4737
267 8770
2681 2090
3270 388
7083 7197
4896 4226
4612 7247
4737 175
4391 7091
5037 7665
3808 7924
4060 663
9344 4688
7617 512
3849 5922
2459 1741
3320 5225
920 4348
2684 5270
491 8035
5807 6140
9636 6162
3022 2694
8261 3703
638 8494
9329 6970
2914 9948
2049 2726
2515 1556
6760 9562
4646 6728
1011 645
7250 9218
5132 9622
2423 2945
7197 7755
4039 186
1428 6270
3205 3501
2323 3317
6213 8711
5028 3658
7021 6730
7200 5975
4103 9309
4181 3832
8175 1420
1003 1276
5634 6224
8818 7369
527 173
2417 5225
9266 2
2617 9196
3205 1073
5451 557
5442 2083
2142 8771
3577 7291
3645 3757
5974 6018
8648 3527
6297 3533
4092 4728
1281 8392
6175 342
2230 2583
7516 9053
6978 2357
194 7265
6216 4034
5601 1450
4028 5448
2722 6675
3214 5420
4471 5997
6798 5795
515 578
205 9333
6619 8210
6627 3947
1563 1925
159 4654
8179 3017
8036 8743
2683 1433
2602 2274
4678 1753
5532 7216
576 5656
9707 4514
5011 4841
2112 6979
9515 8129
3568 4635
1971 7457
8015 3462
8284 246
7407 1891
3208 1534
7783 4957
8917 2182
5937 192
1125 4139
5586 8213
4992 8272
6924 7176
3690 3492
2548 756
3353 4491
8043 8917
2000 9824
8994 6254
9778 9554
4946 9769
9720 8464
5726 5564
6292 5473
5141 171
8234 4259
9205 731
1950 8922
1311 4691
7140 592
5429 7163
8793 5218
4836 536
1548 2124
287 8749
4943 9001
476 7084
5791 6263
2619 3363
2748 8502
4758 7648
5164 4914
3074 6594
7047 1756
5172 5163
6532 8721
3627 8943
8876 5447
2341 960
7536 4677
2398 172
5618 4729
2764 4330
9359 8261
5547 6570
8367 7270
2621 3132
4209 2593
1539 7647
3519 6275
7223 4566
5065 1807
3663 4590
5187 6031
1659 6957
3548 8492
1827 7143
6770 4424
1704 9248
2289 4746
6253 147
1783 9339
2055 5444
3261 98
1896 9800
4471 9464
9852 150
9466 7193
618 3647
3937 6015
2093 6731
3948 4587
6060 3107
3429 6724
7487 6904
3442 903
6263 1389
2840 4009
673 1395
4587 2149
2324 9489
8269 3996
5133 1537
3171 7577
3519 3635
7445 4032
7807 3390
1888 9625
8373 8140
5267 5890
9527 3865
6986 1289
4598 7537
2989 6329
9556 3958
1770 5766
7808 81
2954 602
9339 9085
2906 3503
8700 8367
6711 2512
6792 4148
3721 1765
8236 498
6266 4646
727 6327
2256 9873
8194 4481
5115 3999
5815 6200
7849 9263
317 3055
1338 2812
9863 8903
615 6048
167 46
2302 3925
9119 6703
2825 1424
67 8801
6713 5889
394 9446
9200 2075
6861 3890
8128 1542
2157 7975
4326 6684
3147 3800
3324 4123
7001 7418
913 8937
6750 9970
6312 7638
6743 8152
260 417
9177 7426
5251 7889
4426 5319
8044 722
6898 1431
1393 5658
2936 6182
1512 1697
6245 4010
8583 3338
9589 9538
3649 8721
3198 4835
3158 453
6568 6039
1605 4269
2560 7227
1677 9535
4904 6473
9428 2537
3129 3325
6421 8551
9576 8954
138 237
6794 701
4413 220
9409 3837
7839 5231
3543 6004
3710 94
3713 5865
6823 1094
463 8919
6550 9743
3630 7623
1806 3869
1574 8010
3964 3433
3372 1023
4172 5937
4734 3690
6307 7918
5847 5133
3162 5941
5665 4469
6089 8750
4750 616
8383 9685
6960 1392
9769 2267
9105 2451
4019 5831
1423 5492
3145 8210
8723 2247
5046 7565
2740 2525
4035 4217
897 1739
5149 6580
6735 5389
9827 7984
9802 1360
38 4729
387 4685
3728 3780
3573 3212
8287 6350
6411 9363
3647 5364
1180 1825
2571 2456
7272 7923
3299 9895
591 9174
5996 5990
3296 2895
4595 1325
8708 6488
9261 6953
3630 5269
4838 2489
4949 7498
5709 2792
5188 3351
5421 544
8796 758
9382 2610
5298 7678
2532 1728
731 905
9311 3365
1911 3893
2249 4612
4768 4772
7956 1572
6187 7236
3160 8428
8180 2053
2242 9610
9093 4825
8666 7568
7749 6151
5510 481
4098 4225
8422 6147
2991 5209
2583 2905
2975 4544
1029 4475
1599 726
9376 1946
2236 5958
2732 5377
7358 1096
7810 4973
5939 5200
9350 6428
2640 3929
8290 7831
2696 5572
4208 913
9139 5395
8821 6568
9051 7638
1141 2991
3849 1363
3354 2624
9444 4604
4793 7142
1198 8542
5443 736
7345 9205
9968 117
7019 5334
518 7689
7567 8572
8719 4997
9939 9044
4625 7749
2431 1815
7170 6279
7623 7367
8245 3345
374 7503
7326 9373
6134 6827
1747 4359
5699 3188
8657 734
5807 3477
9090 5254
4745 1318
6703 5813
533 4473
1185 6060
9228 8988
4654 9960
8540 2317
6101 3238
5670 8549
2792 1190
3631 6837
9696 2837
4646 3787
3477 47
8569 3698
7011 4946
3995 3096
7277 2226
6906 8707
2426 8808
1334 830
8901 1833
861 3349
7296 1494
6431 5738
4107 8142
7003 3362
5628 8966
1867 853
213 4905
1566 838
1010 7464
9191 545
3302 2979
979 6971
1654 4756
8573 5393
2819 7039
3339 5068
951 1845
2550 600
4627 8347
3539 4506
3490 5894
9693 106
8396 3416
9312 2268
2496 5877
1868 580
9744 88
2345 601
9752 2566
5562 9348
9789 4344
4804 8539
4819 1755
3494 372
6603 8225
2419 8162
1249 9390
4935 1793
8209 1281
3944 4768
4740 527
9452 9472
5341 7581
378 1470
2726 9378
7466 5613
5830 116
525 3597
6794 922
4451 219
443 9548
7332 4441
9464 1773
7247 1349
5461 1942
2994 9659
430 987
4013 72
8119 6642
6934 3770
260 3480
4077 657
4172 1541
2369 5725
2748 618
4122 7289
3430 9508
3610 4972
4656 1891
3582 2823
3036 6246
6356 3211
1322 7362
1027 2852
7541 6192
8527 2276
6959 4272
9715 1761
6718 1427
8168 481
1431 385
3326 6582
7037 8151
3520 7610
396 71
7220 4263
5786 711
3110 7686
5374 9817
8335 1939
95 3591
2410 7528
6979 5053
7748 3868
8791 5349
1807 9897
6147 6353
2420 3893
2950 8949
7883 7178
157 2284
4737 7692
8773 6048
3704 2232
1305 3094
8939 4247
6610 4229
8782 1477
6078 1718
1892 7904
124 5687
1180 912
5547 711
5727 7124
5947 2961
7661 1672
6138 7683
6121 5554
9736 940
8810 8670
760 9911
2546 6029
1211 1494
6656 2636
3023 6818
4002 8600
1756 1694
8154 4942
9506 7500
1289 9196
8260 1919
7230 8923
5042 1157
9014 6010
7468 951
2233 7057
563 5404
7399 9205
9381 9355
647 6175
3059 3451
9888 3013
5283 65
630 4205
1442 3769
1282 9286
3171 3234
2462 7907
1790 2214
3335 2179
9281 6404
6609 5185
5672 888
80 7403
7470 8331
4034 2818
5824 9923
703 8272
4712 3962
7682 6830
3208 2995
6799 6989
254 1917
4031 5331
5909 7591
3115 4676
4969 8943
7795 2805
3924 9749
1963 3679
9549 5156
9166 7244
3314 2842
8401 9672
3658 9024
6081 4547
1802 5880
4931 4913
82 5274
4258 3900
1258 3459
7917 5082
9621 9565
7697 6617
9752 904
4649 4894
631 1178
2089 7571
7162 9021
3353 2288
86 8412
3424 4597
4052 3143
5944 3761
3239 3155
8635 2863
7765 1641
7881 7026
5898 1729
7388 2096
389 7156
1463 5057
9514 597
1896 8642
3867 3934
2693 2441
4721 7927
4036 3682
246 3043
5216 9746
6605 6335
9191 4681
4924 4190
9857 7751
7588 1580
3199 2967
9701 7839
6441 4579
3911 8054
5196 8221
4188 7711
4185 9831
1520 1336
5901 5226
3779 9576
5751 4796
1303 6288
1700 5967
7055 7683
8383 2553
366 1562
6020 7278
8600 6469
3452 811
9794 9514
4504 7170
8612 8265
5410 9370
9300 1176
8723 6181
9628 8728
4449 5646
5476 1685
3673 1901
7994 4091
6778 3017
3966 9220
640 3052
7943 5854
9326 1284
5721 5618
2838 4274
6660 2601
6745 5100
1504 3135
9786 3748
4344 8206
8558 262
9495 9203
2760 1600
2971 9364
9462 8547
1905 5550
6989 4923
2055 9515
8225 7654
1830 6360
6305 3887
4941 6136
3710 1042
3780 9405
4559 1402
7155 4265
9292 7987
3344 9608
4355 9166
9692 2539
8135 1287
7405 6277
5423 2592
4010 6068
9301 2425
982 4594
9565 8878
2282 3552
91 6420
5442 8829
1486 9614
491 6900
9155 1365
3479 6399
8929 2681
2290 7787
3433 3045
9821 6479
7801 4596
3281 697
9313 2877
7939 1465
7638 7896
3079 5887
8504 9812
6349 1390
5822 4982
6743 8659
3517 968
8115 9971
4848 5708
6410 7618
1633 952
9964 1286
8602 8790
2844 309
9656 2397
2846 6000
2355 9622
3295 9909
6136 1932
9876 8227
6389 3576
2061 5133
9710 1813
4015 3505
2363 9212
5316 5781
3204 1695
3228 275
1573 7310
1383 9182
348 1425
99 2802
3926 6659
4634 7160
1596 6643
7128 9387
7623 7625
6433 3851
1446 5020
6444 4755
2015 7778
2592 922
5212 9274
4518 9689
9649 2734
5213 9239
9352 7039
2466 9948
3882 262
9022 8276
3735 1260
9547 7365
8286 8244
3607 6745
7107 4631
4431 4971
5347 8193
5073 8808
7495 891
6251 7961
4472 8691
8218 3559
5405 273
410 5068
1670 4398
9229 2817
2595 5905
2670 4565
9930 5825
164 1588
7847 2769
977 7614
9214 9277
895 1236
1072 5484
8201 3069
5609 5711
821 794
7969 5599
3980 486
3968 8090
1847 5642
3673 7009
6416 9698
5532 3864
6362 2130
5595 8874
8766 7119
6511 9045
5061 3849
6648 5398
7828 1611
895 8966
5313 6046
8690 3213
5438 9563
9398 1175
4688 4009
3608 4921
6578 8799
9405 9691
9513 6055
1929 1978
1338 3371
1339 9811
2757 9302
2473 9919
8022 7217
5282 506
2955 3158
2195 3145
4697 8046
4549 7627
6501 9561
391 6815
99 3674
1257 921
9283 5120
3882 9175
9782 6921
4682 178
3054 7439
5405 4274
5202 4792
9541 7796
4588 4554
7239 858
7772 7081
9649 366
8334 2116
8829 6752
4692 8076
7517 407
7599 5752
6905 8947
2418 5667
6585 4389
5136 8925
3190 9677
5137 2016
1852 4450
8475 5401
5587 2918
1042 7483
4177 4585
616 1359
4402 9777
9776 9776
8812 4575
960 2925
3265 590
5184 8386
9153 8455
3210 4574
3646 8675
1742 9669
5153 8374
9372 4125
8136 5407
3269 1162
3619 7293
1469 3703
9091 252
4235 8227
6004 4425
2595 2997
9229 9848
5542 7620
3218 5581
3378 1205
4184 908
3677 5781
1481 7422
9738 7675
39 1926
1773 9341
2452 5743
6040 8007
1711 4326
3219 1861
5712 4237
7311 2701
2019 8488
1552 114
9610 2440
4621 1344
6920 927
6532 3476
5919 1484
92 6276
6678 6452
872 6967
4890 5575
7575 9464
9212 5671
6977 9096
3953 2906
6059 5719
3490 4181
5165 509
7641 9829
4708 468
3107 1996
739 8847
4251 6642
6345 6641
699 5872
4687 3804
3208 5232
1481 5641
6340 7498
1604 9880
5397 7216
8037 6026
8576 1201
8433 5149
5263 1130
2492 3632
7141 5113
2540 6231
1281 8485
6889 5185
5745 1073
5486 5650
7504 4817
1622 1665
2701 2409
1453 3809
9721 19
8636 7003
8693 8921
8481 2902
7143 4150
7963 3276
1200 6715
722 6121
4217 3505
8985 5474
7593 128
3181 372
2421 626
7781 3349
9743 3069
4127 2454
2380 9586
6571 631
8803 327
5909 6743
6287 1029
8710 9418
8349 4001
4280 1249
3478 2289
9884 6638
4103 9693
8734 6854
1228 3748
7258 2581
6398 2719
4579 4146
3975 8718
7686 1215
1178 5274
2438 2934
7226 8366
9410 1771
286 5163
1101 6694
4508 7659
567 4090
696 300
8410 7957
8252 5897
422 6439
3365 3660
4137 706
5508 9287
7858 1747
1535 3772
1639 7081
6737 9386
2817 7542
7363 4959
9760 6152
6456 6941
3719 1944
3725 4424
2431 1358
3298 9430
3333 6899
7870 9802
4477 5521
834 8542
7471 913
3320 7975
1695 5865
2784 6528
6562 9794
7188 6940
2766 167
3095 8204
9741 1326
1224 5706
1769 3027
7542 1781
9315 5294
8219 9449
1335 8979
9327 8347
5734 8740
3258 6510
3991 4041
2031 5270
9013 9399
9536 5137
8342 9195
6438 2730
4734 6120
5180 7776
2367 4558
2816 2440
5480 172
2861 4411
321 6162
9449 7724
1253 8108
3989 2285
1460 4967
9511 3195
1002 5917
3413 2871
3585 9521
7243 4036
8991 9909
7228 910
65 800
6986 241
2872 3276
7646 676
8607 2595
1249 7887
7579 3830
1591 4038
175 8101
1110 9245
6905 7724
4687 7323
8468 6802
4551 9706
181 1809
7793 3708
177 5366
8536 2093
2011 2871
2489 5745
789 8028
9008 2837
8181 2990
7322 6377
5971 2531
6556 1069
1857 4658
9566 3458
6974 3618
516 4374
9799 1152
9875 4050
6227 1721
6307 1561
72 2639
6769 1596
5468 6859
9204 2006
8535 5930
7348 8256
4745 8025
9888 6411
627 5549
7849 5693
8948 5347
3548 2168
6949 7286
5200 4400
5303 640
4620 3549
5237 1432
842 6158
4538 1910
6960 5099
300 5067
3422 3877
7245 4072
1262 4578
7929 6343
258 1024
6579 5963
745 5781
2932 9182
3902 3869
7989 8833
518 5494
6298 9749
7759 8268
5206 5758
86 9025
3195 4140
3092 1686
6046 3554
2468 2446
3537 1969
7692 7178
9655 5069
7144 1348
3135 141
326 1615
5070 7499
4893 7425
1469 2404
2293 7239
7280 6727
9908 1445
1169 9290
7113 1165
4056 3227
5982 6275
8175 3513
8365 3502
7724 798
1148 6757
2987 3500
9147 6225
1528 7751
4551 2360
81 6263
9614 3274
3905 2353
6336 5148
4248 6204
5344 6078
529 7027
5912 1003
9706 3715
103 4810
8721 5224
5291 1108
3528 9826
3753 3766
9766 8927
9793 5568
9322 241
9205 2365
2457 1212
5878 9959
9674 9449
3565 637
6393 1917
4273 4476
5630 302
2654 9406
146 459
4651 8990
753 5126
1184 1255
8116 2464
9276 899
8227 5950
888 1159
6137 3107
5620 9240
6210 6928
5566 4278
9689 4956
185 3799
5545 647
8830 2363
3731 6433
2388 5479
3040 3790
1030 527
3410 9344
9494 7827
4544 3878
1782 3430
1615 6060
6615 458
813 6463
9812 1039
364 5945
3787 1471
5125 5928
2182 7238
476 4711
8725 3462
4564 3847
5067 5220
6444 8856
9962 3504
6931 3392
7060 5966
7023 1859
8917 831
868 6425
7701 7221
258 5139
6747 4708
7911 1871
6875 321
4658 7195
3938 575
4433 7425
6370 4789
7225 1498
2285 1578
2398 1800
8168 6110
8689 1895
8442 1217
3853 4005
5481 3295
542 1513
6302 7753
3892 1887
3745 8075
3054 6950
1002 8359
4527 4462
8832 811
4899 4125
3778 705
8977 8126
8330 2353
1089 7825
8739 4298
2947 5712
6571 5937
1754 9759
9837 6351
8023 963
2228 3440
3364 6964
3607 5984
8413 2113
9969 5480
3394 369
6409 2532
1890 3585
9771 4393
8069 5222
8667 1048
2631 4088
6681 8823
897 1617
4597 1971
1332 4754
1804 7943
8021 1895
454 4501
6204 8463
5099 1806
9157 3657
1731 3205
4407 8116
7092 654
7543 3024
1238 5658
292 4720
5431 8629
2309 5817
1674 8301
9021 7316
9092 7142
9806 6028
3629 6390
8456 2750
4191 7507
6940 6108
7164 8978
5529 4473
6231 4093
7341 6855
5079 5774
5631 155
7080 3398
5220 8629
3738 4167
1693 3163
565 8611
5583 2692
6964 9701
1421 349
3859 8447
3146 6492
276 7674
9509 8688
5736 6030
4908 1327
8276 3588
1163 2686
9595 6133
7265 8973
6884 5776
9022 3137
1689 3043
9590 5041
8136 1968
2946 7811
5952 7174
7461 4269
2903 6197
5136 4234
3137 4830
8526 9320
8654 8899
8225 4733
1684 658
8440 6874
6723 9900
694 5665
6591 9901
4566 2307
3804 8305
1396 3709
4836 7999
4624 3522
4617 8246
6949 3037
1830 6756
7037 4170
5658 2759
4028 8490
6501 4121
5279 7897
9830 8787
8418 7264
7561 8107
8176 537
2617 1275
9188 6969
639 5062
9319 4164
8064 2543
3709 4006
9793 4193
4066 3662
9626 9836
9693 9668
7863 6445
866 1043
4583 2632
7601 2247
8688 6064
2295 6630
792 4799
2325 83
7587 5246
1836 5904
6590 8728
9269 8629
688 3221
3308 894
4401 4013
9300 5746
6925 1190
2760 3943
2607 2992
7447 9489
1505 5672
9671 653
938 1238
2553 5566
9441 2026
1733 2986
825 8015
3117 42
7152 7614
6136 237
6242 3927
5039 3923
7279 7776
7160 7249
1072 9377
8720 1922
2841 8436
6705 1880
5788 7512
256 7345
3984 871
2441 4730
4055 933
8446 7498
3595 6819
304 5376
7412 6865
6085 296
5065 7042
832 1618
5546 407
2561 6397
4331 9819
6337 4277
8485 8963
2804 9550
3505 7404
6759 5350
7308 4407
2834 198
7825 7717
5858 9099
4781 2102
1256 3327
1260 88
4144 2619
6395 5027
6831 1688
4824 9869
4241 8584
1874 1424
1107 3150
5979 4872
3200 7897
315 8246
1393 2303
2829 7081
7867 7432
7276 3973
5762 5159
2411 7957
2759 1554
5068 1485
8894 730
1585 7025
605 4875
5845 5850
2314 198
3598 5310
8139 8084
8080 5517
9884 7416
6679 9876
6128 2119
7158 5046
1276 2947
5615 6347
2782 2349
5677 2001
1229 8769
2651 2719
2593 46
4910 8206
5072 5470
7918 8035
9664 508
2509 5967
6339 8842
2009 5586
1672 403
1722 7464
5798 3063
5449 7989
9292 4733
7524 5547
5813 4374
4825 5891
5428 8624
7978 1177
6861 8107
4401 3354
9514 756
8686 8980
6895 3765
3765 9334
3496 6437
7242 2102
4619 4521
6443 9862
6549 50
9245 3428
6669 6836
1705 3331
4358 9967
1996 5924
3474 3688
7154 653
4090 3020
9596 8850
8004 9641
1717 1223
4385 5945
5204 2707
5481 711
6952 5040
4175 8827
617 9307
3810 9945
8157 8931
2046 1517
4304 7619
8487 514
6963 4042
9134 6751
4927 3376
1194 5677
6976 7009
7004 2788
9761 4681
3213 8419
9453 1495
7188 3806
9652 4887
8030 8076
4834 5926
5467 6867
7974 693
281 6275
6213 1614
5902 5095
7040 5295
3341 1135
2300 6814
9432 367
8363 1315
8663 8724
1354 7231
7768 8465
1516 6322
9667 1226
4498 7968
850 995
4405 9364
8245 7711
5444 1813
3997 4945
4918 1080
250 5564
2840 9623
1003 2588
540 1419
6743 5780
6117 4897
736 2072
6077 6424
1097 6507
2693 2219
9826 5276
2840 8061
8205 8836
8739 7928
180 4938
1370 7048
922 9036
9405 9968
7880 7929
763 1447
4360 3415
1215 1864
738 240
4392 9543
392 6683
9439 8651
9793 1584
6566 6438
3361 7425
9560 7161
2269 1222
2876 7523
7505 9464
6763 944
4150 1933
4029 6053
5141 2745
8093 4456
3898 3310
9957 1074
4278 238
1220 3087
7855 8454
9369 8660
4946 9337
4117 6530
6332 1265
987 7220
1411 5979
2141 89
9957 7953
1547 5206
3948 1084
2485 4788
750 3644
9972 7637
9955 7435
2976 3884
6380 5068
5177 4403
9236 8606
4010 3794
3683 3991
2768 8058
7247 3197
3866 9710
3179 7512
180 4242
8457 7416
3370 5960
3794 5870
8282 6021
1150 1479
9504 1423
2385 3276
4442 3694
6092 3544
3274 4010
7254 3858
9571 1703
6367 9035
8383 6793
3210 6867
8871 2761
8394 9936
1139 4736
4538 43
6825 6881
2952 3099
763 6086
3830 7361
5437 3142
9223 7766
5890 5945
9777 1998
5899 1350
5075 4777
4275 6387
5455 1712
3108 2879
9009 6378
8355 7097
9806 5576
8072 47
1689 8855
2697 6225
89 6463
8027 4998
3309 2189
3731 4032
6462 1834
942 3787
8152 6620
648 2572
4207 3846
4261 6448
331 9027
3582 8026
7871 4204
2100 1133
8412 1695
8421 8627
6444 6806
9346 7930
8031 7961
4344 1098
85 2839
5825 292
2047 7889
8955 1434
5368 9146
6623 1150
2992 6309
6479 3788
6442 4193
3494 4164
9514 17
4491 6282
8133 5437
3215 9532
6568 1286
7851 2480
270 2193
3418 7176
5718 6263
3923 9202
7805 1090
5607 4381
5385 4712
3152 825
8142 1955
4403 513
2487 8059
5434 3447
3986 2154
9814 7650
5992 2309
5524 2214
8177 2140
9692 2111
9568 9174
451 4757
320 612
9735 6479
7038 2892
3096 3646
8299 8376
9109 2998
2376 2989
7859 2032
1650 3249
9094 5937
4589 4302
476 7625
7905 9401
1362 2449
1285 1116
1883 3271
9406 728
8185 8199
8805 4618
5957 4237
2411 5549
8287 3418
7109 3479
6891 5194
2824 4644
23 9697
7144 5
2116 8385
5921 3055
7053 1110
599 8815
5754 9608
2973 437
3055 7224
7027 4627
8826 4842
3834 4061
5991 4672
6111 6471
5388 1830
447 45
4815 8275
1430 9274
7031 8217
7321 143
5654 1553
8264 7453
9469 7531
2316 1163
3825 8519
1589 6430
7134 6867
8583 6701
3358 8733
7141 3632
122 7180
837 1693
8816 9853
7806 4666
3818 3140
7876 6109
128 2532
6634 2519
7431 7410
312 6432
8102 2883
1369 6534
9747 7746
8555 5996
1184 1074
7428 8698
4424 2121
5195 4325
997 1941
1012 1173
6605 6696
792 3358
1618 953
4849 8501
4309 2351
3325 7320
8194 9467
3416 6374
9321 587
8966 927
243 4951
3101 5768
6398 446
9261 2681
4177 9091
6758 2808
6416 7102
1205 5208
1282 2147
3029 4601
6658 1992
4020 3725
7901 3266
9313 1262
3415 4190
6825 8643
4930 7200
4918 9478
372 1424
7240 481
5077 6111
3677 1217
7516 2346
1266 6523
3370 7563
3869 6910
9432 7308
8204 7973
1563 8165
3612 5419
1728 629
4485 3992
8306 1331
3066 1371
7767 5244
1193 1123
2470 2399
7928 4378
244 9554
8008 8327
9716 9290
3190 9561
9208 2247
2883 23
7414 2737
6418 9890
8708 4380
3487 9163
6838 5561
8405 1569
9723 3319
366 5756
6987 9090
5020 8666
5333 2547
3993 6691
5368 1503
5842 5333
4500 7914
8185 4836
9584 775
3693 2404
757 1786
9185 7164
5619 6037
9931 2835
6265 762
3520 6321
7909 4747
7835 5907
6594 4416
8779 6770
5446 3253
751 2658
6221 4217
8754 5780
5422 1384
1923 5433
40 1547
3379 4015
4367 1817
4544 7603
5452 928
8783 4118
5324 7568
1674 5271
8545 1464
3463 9700
8435 8240
3352 8945
9099 5272
8415 3024
3110 3725
4990 2598
4608 4418
2543 4972
5578 9270
7472 3737
790 4040
3971 9317
852 8987
2821 3271
8789 3846
8062 2279
1874 7422
3176 3418
5130 9413
2304 782
3832 8174
8887 3598
1833 9255
1769 5756
5010 6036
801 3603
7604 2712
9811 4143
7240 3034
7301 6684
1833 4129
8052 2973
7502 8034
8452 6137
6139 2852
7663 1185
2743 9087
3230 761
1298 5265
9720 1047
7904 305
7297 5208
6379 8057
6465 2848
3633 6140
5663 9710
4030 7677
3154 4497
8791 299
8603 8552
3072 9553
4494 7228
3325 3721
3566 3086
313 9168
9316 3111
8939 5099
7808 5476
6654 69
5075 6179
8157 8080
2874 6776
6703 5348
439 7956
1303 2602
3982 7784
278 9556
2585 804
7313 2150
5530 6710
569 6778
2032 9540
9458 4769
4247 750
6415 5700
3357 5838
7553 2329
9717 6016
8919 7464
571 1817
1671 1251
6124 8100
2915 2866
5695 7798
9176 241
4921 1569
893 988
3083 6182
7495 8083
3011 175
3980 678
1057 9055
8116 9653
6872 3719
9719 6880
2788 1132
1454 688
2995 7697
8859 1465
3117 2139
7619 3517
4693 614
7475 5909
2917 7341
6287 941
7738 2521
1585 8261
4401 9372
203 5699
7833 7918
6858 916
3341 9631
437 7796
9683 7637
1895 6519
387 2154
3044 5756
8410 3067
4656 5394
4890 2561
9342 7485
4677 1781
7644 4045
1184 5650
7937 4062
7718 3849
3560 4084
395 365
1204 4150
9501 7153
8352 435
9936 6928
959 8330
5421 8542
6623 6103
6580 3592
8271 3450
9431 6111
9878 2463
9455 7412
1109 14
8260 1330
8487 1651
7780 4870
2695 8505
7948 4434
9843 6174
9156 3274
250 8349
7551 1065
3628 22
5315 3671
5749 4061
5076 4757
775 666
4757 2946
1506 4414
1064 442
9850 3522
5098 1903
751 7579
2442 7212
9922 6342
3049 601
8701 7621
5592 4949
5736 6502
2205 7899
7751 4012
1211 1274
709 6819
877 1096
5360 582
7835 6991
4133 8866
1642 2856
6699 9041
7430 1842
745 3644
2116 7781
2599 7136
7158 5957
2193 9924
598 4252
2608 9581
4254 2695
9566 7427
4600 8958
6308 7655
1259 7202
709 2699
7077 70
2218 8828
3150 5474
8270 8316
2363 5781
2239 6721
9518 7876
118 4388
3383 1241
7771 6702
9679 3981
7234 1398
6664 2701
900 9752
2650 7898
2025 5096
6555 2542
3156 9250
9486 7755
3385 6554
3614 3169
54 5293
9146 2625
4805 3669
4627 4798
9895 853
9833 8443
4456 7346
1524 3651
6612 796
5836 1740
6416 145
1689 7841
1341 2333
4030 6019
7918 5137
4635 5582
4378 5308
1137 6392
8641 7399
341 4848
9599 4927
9166 9670
3446 4756
8643 4036
8184 6911
593 3679
2891 1203
9263 4658
4264 3567
379 8807
3002 4366
1668 6635
4329 326
3035 2830
2765 7233
6323 4536
5062 1463
2863 2750
5740 5541
403 6578
454 2049
4198 1098
9649 5903
6465 2560
8870 1254
2905 601
6606 6707
4622 8217
4062 5452
6592 5421
8666 1178
5102 7255
9793 8983
2700 7499
3623 1477
4050 6159
8690 2906
6230 2860
1293 1993
2706 2858
9835 9616
9964 5990
7065 5684
5918 8311
2076 8863
3513 60
4428 7631
215 4843
8351 7724
9338 6815
2218 1554
5374 9244
1815 3977
8515 460
5891 7054
4152 7485
5992 2926
8490 8421
9325 9887
282 8675
4192 625
4598 5407
9235 6994
2152 4192
4165 6752
9372 674
7170 2017
4155 3555
8965 9295
3283 4492
2523 6638
2400 5244
4942 5123
9207 6269
1842 9607
2317 3695
7575 1178
503 6566
6883 2304
6980 5808
7879 6923
974 5601
9339 8490
6412 8665
6146 6093
2228 3206
9775 5686
5366 1187
4562 7349
6821 9607
7003 385
9708 1951
7548 7779
8417 9607
6104 4824
9132 9206
5978 5318
246 5554
942 5674
8989 5223
9802 4653
8579 7623
3747 7283
8408 6894
2136 3346
2918 2750
3691 3559
4838 5177
4283 9636
5949 587
1495 667
9443 3245
8870 4643
5870 4831
3084 5611
2876 3141
6554 9717
320 4302
8399 2551
4519 4909
8805 1787
6283 7490
5143 1272
6990 606
1067 3248
510 8337
7678 6460
8024 6948
1229 3686
7296 6962
8659 5694
4409 9601
1858 7636
3904 7909
6593 9628
7743 2139
787 4042
9153 1212
2562 9968
660 5798
6643 2784
6186 542
5383 3690
1670 3481
4896 83
3649 7128
5545 230
3176 9245
5695 2146
2159 5204
397 5539
3455 3074
2027 5722
845 6360
445 8123
2106 6587
5437 6123
4194 8575
4861 6282
9375 2391
3444 8360
8908 6655
3639 490
9961 4394
4002 5037
7321 9020
2935 9566
4173 565
3000 8051
4461 5073
6330 2081
7227 6762
5463 325
5530 4645
9736 6275
2785 1558
8348 4836
3416 3593
1467 5962
4224 8860
3223 580
6444 9584
8852 8656
5302 6736
2111 7441
9447 1403
6960 295
7781 2443
3362 6238
40 8141
7544 2477
6541 7604
168 7496
5909 6230
5808 3648
6593 4922
7194 8983
9163 4311
2503 9305
3795 5409
1832 2472
9581 6618
4411 5813
6306 6749
8519 3599
7817 4956
6567 6774
9450 7130
3121 7237
427 4193
4054 4900
9069 2105
1334 8215
5833 8012
5945 722
4181 7381
6874 3098
6536 1147
309 6143
175 4067
2959 3791
9606 2209
4027 2985
5579 7024
8740 944
8485 5238
4155 3256
5146 4797
7090 9230
2900 5233
6627 1541
5828 569
8356 9251
9517 4240
9201 8657
8849 3493
9504 7785
4904 6287
1511 2455
8316 3641
1500 516
6282 9917
3620 3630
7222 7607
3780 9535
8875 8196
5817 4811
9648 4060
6167 1894
8124 6925
8731 7659
1002 5208
7098 6545
6397 7473
2766 7240
2754 7646
9722 874
7254 3731
9334 4894
4868 548
4067 9408
581 5411
5678 1271
8809 2594
6256 4627
1247 3350
2765 9438
4577 3969
2952 3424
2435 3124
1057 6966
5909 2630
5566 5971
5047 7460
1412 913
2946 9505
2855 714
4174 7164
1394 7580
1870 3303
8206 38
4214 637
7600 5900
1851 1429
8576 1283
3737 3638
2138 2567
5138 2984
1208 8302
7064 8031
921 8889
289 8158
1997 898
466 6530
5289 2703
6941 992
5521 4162
7678 8492
632 2544
7975 9191
6672 3092
261 2919
3124 3485
4720 8929
5419 602
7934 8652
758 9113
1137 3217
6859 1396
4160 1260
7745 6253
4365 4439
3392 2213
1987 3290
5547 3190
9328 5764
536 4952
392 9399
9146 1091
3699 6689
3249 3351
7082 2656
2357 3451
2487 6388
2539 3369
7413 6735
1573 6604
2053 6473
457 6629
8189 6663
6169 424
822 5787
8048 6905
7693 2719
3995 7789
6485 3637
9343 9287
6029 81
3398 4796
4131 3626
3647 4317
3615 572
6613 1063
5050 5935
4242 6945
7742 2840
8756 2006
5053 6035
2743 2956
2966 8987
7523 1750
9837 4812
6491 5432
4531 5863
3748 2392
2074 6546
2449 5083
2002 1609
4863 22
8153 4594
4825 5576
3945 8792
4327 5817
3893 1801
5364 8446
8511 7690
9005 6757
955 5096
1085 3932
2232 9493
3246 5323
5379 2014
6980 8872
3158 6074
1943 111
7268 8941
3068 7734
4404 2874
188 9780
4100 3826
1333 4183
5783 5463
5906 9919
1475 3383
373 7762
1509 9127
4204 8759
1099 6922
6553 390
2911 4636
7565 6231
1783 5138
1470 7111
7927 613
1060 7395
2863 8809
2910 6892
503 7047
9721 1711
2832 689
5999 7469
3545 8116
5067 7665
7487 7
8637 4535
2234 4015
9555 6938
3608 2172
3315 4691
7826 4491
5812 556
5488 5696
5994 1086
523 9256
8757 7573
2799 3788
291 1934
8174 4706
7055 7993
6426 6295
6713 3932
5777 668
327 7891
9468 6663
5911 8302
2438 6446
2368 2082
2972 6807
8508 1962
7352 16
7215 7385
3550 1011
2497 9502
4627 1594
3750 2723
3543 209
8854 3830
1694 5053
3139 1178
340 4034
8349 9751
4053 7690
1944 7933
9170 3044
1280 3964
2578 8938
7302 3048
6195 4052
2286 6069
4040 9907
78 9325
239 9152
3504 9791
2283 5991
4989 7180
6444 4469
7387 6832
3290 7209
6055 8618
8323 2155
2738 359
7923 1390
1615 5718
6450 2922
4439 9669
9865 1826
5394 9406
8650 8709
9715 7446
3970 3748
971 1449
7172 8546
9399 311
4672 687
8913 4508
9526 1700
82 4921
8027 2002
2514 1423
5036 5271
6704 1682
8189 9693
7867 9233
1457 5125
3867 2441
5994 6636
6039 9006
4778 1264
6560 8114
2101 1461
8626 2771
9646 8250
127 2181
9880 38
5570 5085
4266 7195
8567 9621
1115 585
6334 9593
2034 1618
9323 1194
7788 2340
9836 8365
9643 3558
8096 8322
6327 2932
809 2561
5498 5366
3455 4020
4595 360
4168 2794
1577 8737
6435 8048
9891 5274
7502 8426
4350 579
1844 7303
5968 8183
5916 1984
7720 8326
7406 1777
4700 8205
9409 8874
4366 2432
6938 6767
1025 1618
1614 9571
9886 7325
3790 5720
1764 5983
7269 2369
6472 3395
6551 7636
4941 7203
4448 1087
2094 7361
8042 7987
5625 4889
6842 4145
4733 6239
6026 9686
9899 3426
3705 5036
2558 1109
9511 556
5912 4261
8559 5637
944 6299
4886 8697
4663 6139
4054 4342
1425 5194
6643 2991
7884 2870
2358 7981
7433 9548
9257 2986
4657 1645
2804 8606
2357 3639
9560 160
1595 742
2229 9625
4006 9742
4132 16
9666 5307
5862 7761
3270 8257
1485 1813
5127 5462
8638 2048
2230 9682
4213 4221
7568 3321
729 2496
5582 4776
3700 2186
7928 8918
902 9944
2326 7531
6003 9355
717 5940
44 5225
9286 3836
1864 2915
4915 4487
698 2139
7336 569
4213 1759
8174 8174
2719 6496
7976 2795
4111 193
2788 6045
7513 5545
3220 9468
7057 2743
2361 7807
4073 7437
5098 2091
9496 4598
5719 6438
1869 5200
7549 8071
5462 5686
9779 7738
8607 1995
486 9210
7971 5743
6829 3783
5141 7502
2299 7952
1486 7420
8806 5246
2353 3694
4962 4387
4538 4535
4064 6701
8535 2954
7529 6793
4314 8043
393 4601
1665 7598
4641 458
9001 8501
4085 6946
6053 9937
3255 3150
9759 7178
747 6265
6274 1336
8906 2768
2459 3910
6767 5046
773 169
8863 8833
5502 2491
2390 2515
3575 8914
969 68
8344 4492
2380 8356
5530 9293
6686 5524
6573 199
2393 6324
9263 5198
9724 1016
2310 4269
3642 2376
5572 1438
5305 4325
7775 5129
9096 4619
6094 8815
3817 4323
8969 1678
6147 1278
6434 8374
1925 3338
8104 8617
804 884
4387 9424
7438 5816
1881 3114
5472 5203
2664 9345
6344 2302
6281 4709
10 9015
7650 9021
4705 3621
3219 3552
6465 9670
7709 8101
2542 5037
2306 7784
9969 3139
5345 6043
3707 260
5753 4613
5114 4069
1517 9093
4586 9677
9116 3167
8357 2311
226 9820
338 7949
2644 1820
3104 1909
9604 3402
7828 7337
378 8798
2198 6507
1309 7765
4249 30
4299 8324
1562 5308
9914 2993
4155 3105
7033 44
7686 4272
656 7278
611 9526
5328 6979
7479 4925
6983 6732
5845 2414
2445 5993
2303 8301
7075 5340
1338 5844
1875 7563
9761 3412
5499 8648
5038 7511
806 2308
5413 6662
3230 6175
94 7182
1143 4544
2027 3129
3139 9802
9238 5657
870 4459
6268 978
586 2861
6363 6866
4696 816
8525 6546
4604 2424
6858 6122
6097 4349
724 5554
3092 9887
4130 1525
8876 1304
3144 5811
5930 451
1251 5924
9043 6577
6052 381
7171 9844
8248 5781
7140 3870
4190 9009
855 2681
3119 9913
4984 8268
7274 1742
7835 2621
832 9923
376 2151
3748 319
7900 1601
1755 7835
9475 6343
5904 458
5347 8906
9540 817
1578 2961
7879 7713
5266 415
7609 9460
3336 4173
3065 5082
5626 8767
3295 824
9972 8767
1603 6561
347 8056
3292 1470
964 6869
7556 2666
5312 6224
8024 252
5066 5346
6099 8164
2025 7107
4460 9904
1591 4647
4677 8197
5725 3769
5256 1171
3008 603
7338 5916
5092 4834
408 5206
6718 7415
2725 2604
3264 7959
1582 7125
4272 9947
2197 1224
7108 4549
7418 3712
5585 6679
1639 9514
7151 1469
9549 8171
5079 37
1381 9965
6998 2230
1477 9524
5423 8947
3619 5151
9832 8655
1403 9788
5515 3402
4264 4287
4472 5790
3203 4598
9107 9821
631 3451
5894 327
57 8671
95 9523
153 1417
2834 5089
8345 9654
6970 7982
9233 9490
449 7606
8108 700
7032 7286
1395 9776
6148 591
4017 739
8279 1131
4441 1853
4278 5791
4279 8059
5504 2011
6789 5510
6983 3312
9753 1898
7912 6128
7136 1276
1236 9329
1645 9431
776 3198
3961 3361
6532 1434
2376 4386
6329 3475
6237 5296
2610 5401
4692 1934
9288 3205
6326 5355
8157 8324
4368 5111
2553 3060
5608 2858
1290 8883
9225 84
7285 3900
105 39
6766 3580
4476 1670
6959 279
3801 3435
9612 2765
3127 9233
4257 9120
2454 188
6215 2739
5158 4378
2939 1335
9809 8949
3870 1221
7233 5421
1611 3561
8740 6481
9567 5415
6528 7167
4327 5287
3966 6653
8993 5927
3876 5820
7379 4876
6874 597
9069 8467
9588 4936
3277 9541
3187 3991
7710 4309
3682 4537
8804 1617
1276 3901
1235 9206
4766 4235
2675 1250
7048 2773
6202 1766
5646 7686
2519 3215
8068 8555
3787 4736
7669 2009
4867 4795
4934 2376
1979 6366
5042 2
4495 7743
7904 8245
2328 2193
3094 1330
7050 7990
5009 7176
7436 1838
4357 8221
219 4154
2499 6699
3916 6520
8674 6580
4120 4926
1120 6742
9142 8717
8443 4264
8777 4856
121 6623
7145 7874
5490 6687
4916 6182
1268 2395
5875 3659
2685 5500
4748 1250
2506 3669
105 30
1824 2971
2547 4587
1874 5244
6449 4403
3757 4309
6463 2746
5159 6701
8489 9166
269 8078
2444 7833
2239 1863
5946 5539
7975 7411
1630 615
2750 9355
8235 3211
4561 2885
8854 1118
6966 9436
8816 5199
3630 8394
7253 6624
4729 8365
4773 8750
2096 3659
3378 6939
6012 317
1405 8932
4468 2255
4203 1707
416 1905
7547 2877
7880 4626
9199 8325
5767 2322
8685 5842
7998 6957
8734 6518
5546 6541
4013 6290
9050 880
9117 1555
7266 353
735 6388
9479 7970
1925 241
1372 515
9584 8537
2452 9927
6429 9826
5014 7648
6983 1381
2792 3822
5570 49
4608 9338
9268 9475
4132 983
4857 65
259 8496
2219 8739
8557 140
9354 4409
5709 5862
9104 2813
1260 8668
724 7397
4173 185
7225 8714
7232 5158
2824 6382
8536 6159
9429 1649
9944 3469
1271 3639
4896 5476
571 518
7501 1902
3164 8314
9496 4612
4482 2687
882 9634
8411 3002
6254 5866
9458 3279
1166 1624
4561 8145
5607 3665
3300 7803
3339 2703
8436 5497
9182 2058
9324 3430
8454 8704
3314 3160
492 4219
6447 7182
1892 2951
4213 3400
8517 8133
3908 4678
8170 6798
3041 3201
7035 3196
4914 1379
5284 7777
1726 9919
2251 2142
6828 3155
5700 7815
9206 2473
523 3601
5509 2988
8554 8481
1919 5066
3934 7534
3269 1762
9166 4356
4381 2343
5648 4134
9212 4503
1105 2207
6511 8261
5931 7478
8639 6218
2746 1032
4000 7196
2420 4313
6007 430
2060 2603
7938 6390
304 8864
8671 8552
1962 206
3855 3538
2320 1463
5029 5653
1267 818
3365 8935
2835 5399
2798 9049
2018 5752
7196 9477
5448 5643
3509 7740
8598 983
451 4705
398 4239
783 1991
3565 3740
6536 6357
3861 3402
1886 5245
7360 4552
6356 4066
7627 1234
8167 2500
6409 9594
9683 8196
8511 6664
4729 7205
3704 8157
6263 7585
7011 6878
5562 2358
1953 4785
4011 5426
7381 3566
3887 1205
4162 5670
8177 7234
7681 2020
1480 122
5356 9663
6225 322
4489 9731
4776 9048
8856 9568
5954 6201
4427 2501
2294 7659
9482 3639
2676 3533
3245 8840
8330 8857
3981 4078
9734 7158
6720 756
1773 1366
8326 707
3553 5813
2086 17
1141 7092
4750 171
7901 9586
134 8630
2273 5160
7074 9146
4770 2759
9207 240
7723 3118
2816 4868
7686 4706
1082 3156
2282 8494
5559 3567
7988 799
7006 4072
3397 1585
9046 1790
8721 5766
2779 3103
5712 8505
2170 8896
1 2872
6846 3036
5654 9628
3993 7871
3485 5356
8828 2469
8763 18
3618 6528
7506 1159
7977 498
8953 8103
4312 7986
5075 5815
659 3262
4050 7556
5060 7809
8139 4648
6184 7664
2409 150
5432 4507
8534 6875
8794 2919
1530 9968
8471 4782
9179 8405
2417 3085
892 3377
6949 3379
5188 9299
1761 5204
4115 7322
2093 7120
4313 2562
2562 6027
874 8584
8121 9008
367 4555
3452 2438
7703 3342
8818 5741
3216 4029
4279 6472
524 1726
7409 5755
666 7078
9121 73
3558 6932
6531 2948
8966 1564
4832 9076
8575 4059
5239 8629
3700 1466
991 1447
1642 2118
1512 1213
811 2168
9651 502
1113 5149
3696 1522
4516 5064
8402 228
291 144
5071 576
4269 5337
6002 3350
3747 6030
5231 6266
5996 260
9202 9633
6288 3803
245 1313
9914 8289
9577 4847
5288 6707
8447 4513
944 5145
7953 8957
9295 9742
3904 4377
4323 8930
2122 1975
6757 3287
5737 4876
7412 19
9352 29
1857 5663
4256 656
9441 8346
249 1196
5017 8831
5539 6540
2794 8538
3902 3161
2218 3883
5575 9044
7925 1362
9731 2693
6808 623
6696 5777
3674 1342
1014 6028
2394 3678
2302 2047
1751 5418
1477 6026
1283 4784
1497 4294
1769 6243
5787 5323
820 9785
6145 61
2053 9868
3639 6603
7743 2534
9432 1686
7607 3682
7483 4332
44 3361
7416 8705
8127 4635
4461 1668
5728 2357
7632 3721
3214 1517
4244 1580
2349 2137
7526 683
8633 4558
5841 6836
707 49
4975 4420
9826 8097
22 9442
1806 3105
6575 6833
6704 6721
844 6976
3366 9716
9435 2257
2451 1161
7098 5086
7403 877
1003 2005
1415 3077
469 6009
67 1479
3652 7944
6905 6369
9965 4385
8017 8752
9240 7335
1372 2573
1229 6312
5865 3472
4005 5953
6723 3635
2979 8840
8475 7834
3088 2863
2619 2943
6907 5080
6921 7892
8852 4815
382 2840
220 8924
1823 2589
3419 9306
7825 914
7290 6352
2327 3229
7573 3123
3307 5273
802 9352
524 5206
415 407
575 9299
2082 3896
5465 7714
5119 3543
9228 4734
6766 4784
1612 5682
2584 5593
1979 810
1559 2731
9919 154
1527 3838
3672 5584
9101 3037
7908 1943
2051 9336
8982 1279
8163 3498
5533 4814
5134 9822
7489 4505
193 1855
8951 3880
6342 737
8729 364
434 2279
8291 7118
899 8699
6056 2803
1809 9305
7696 6853
964 286
3471 6249
4935 1835
9233 8351
8988 7479
6797 319
9639 9467
8220 9934
9140 4450
2803 6461
5321 3151
9588 7047
6132 4806
7976 2382
9029 2499
5836 6705
3559 7126
3579 2561
5274 6100
3119 562
2303 6103
2300 8163
1892 6796
2723 488
2441 3304
955 3170
4697 9418
9735 7194
3339 3999
144 3552
6716 5699
2897 7834
2482 1807
8538 1652
4867 2287
5464 466
9262 4560
8235 1406
3288 4412
9191 4082
5309 8732
9945 402
4090 9059
8478 1420
4898 1456
5175 5572
1495 9339
9823 2175
8669 1855
7577 8142
8472 2250
582 2954
2650 1884
7931 6666
4161 8093
8101 3810
4537 1447
8041 5829
5142 7001
2205 568
1078 209
9088 6308
4686 8162
7318 4370
9079 595
4748 4615
153 5462
7358 5675
5699 6908
2121 6655
8930 4603
5559 7282
6965 229
5507 4837
2326 7550
9843 7498
159 6510
806 8120
9047 5074
3198 2319
690 8529
2987 7986
5032 2694
6048 8228
4066 9209
6021 6497
1172 588
2484 4145
2281 8431
2373 1963
9075 2829
9776 2445
6990 9526
8592 9791
2612 7381
321 1023
6083 8668
6295 3014
5803 1872
7958 6349
4953 9269
8458 6151
4788 6311
9958 9925
687 3064
2322 573
7043 8337
9294 5155
198 100
6682 1107
2274 3383
6857 1884
7873 2885
7330 2177
138 4302
426 2806
5825 5489
3658 3637
5121 6599
275 9660
2955 6573
4988 3958
4082 6037
3819 1635
5096 1941
1750 2534
2880 4032
5290 7331
9368 6232
7486 8972
8646 6554
7927 5383
3529 4021
8812 4133
6402 4053
2809 9459
9453 2985
3009 8641
8760 9679
7327 4903
3761 3106
1099 7223
3378 5951
515 3064
9725 7954
3181 5636
8721 3207
2774 3729
3107 1352
3606 3703
4222 657
2389 2935
2794 7196
8902 3643
1374 3696
1976 2362
5462 478
2862 7830
5805 3060
7875 2289
7760 5869
4155 5314
6108 8988
5951 2528
4454 7433
6694 4182
4496 9949
9074 2651
9891 6535
6022 6567
3184 292
2204 6662
1601 128
1174 9548
4756 7511
4614 24
3026 8889
6489 1253
941 4438
5902 8325
8726 3125
2803 9220
7652 8424
3848 7625
6069 4202
8041 448
3250 5539
4794 5227
6839 1656
4732 764
1501 5070
7211 1219
5714 2821
9372 7546
8182 2155
2063 2270
8236 697
8752 1230
1990 8108
7181 1477
5773 3199
8629 6753
6012 9864
7528 5355
1763 4185
9378 1549
9542 3496
8866 3548
6101 5852
5032 3644
8475 7291
9544 7999
898 4677
3662 1508
5032 1417
5329 443
2378 5243
6422 6065
1119 7852
2059 9756
7453 7145
907 6904
4334 7849
9013 8460
6278 7748
1552 4832
5638 9497
3070 3195
8025 7186
6752 3188
6281 8700
5738 4025
5779 5969
9052 9391
9550 8493
101 174
9003 3218
7468 4813
7250 7822
9550 8688
8278 7116
5539 3949
4516 7140
695 7923
5279 5780
8872 9588
3501 5610
8715 5719
1261 6162
8787 9528
2254 3106
4439 459
8214 4785
1790 1024
4351 7432
9601 4463
9878 8112
6266 5903
8896 1330
8127 6089
1191 4701
50 9739
779 6933
56 221
3426 2203
5952 7588
4699 4339
5245 2624
1090 5557
1500 3451
3784 2641
501 4554
7196 652
1002 225
1787 8194
2013 1155
6575 7122
9457 8838
1915 748
1122 5360
7514 913
8366 3450
2231 8479
2558 6986
9326 6465
870 2557
3630 4420
3812 1282
9967 4309
763 1414
3483 6595
9648 1282
2456 6095
8674 603
9092 9764
6480 8078
7409 9773
1955 1556
1343 2604
9815 9166
1507 5062
4729 3369
6104 5696
2837 4677
3914 8001
4126 6368
4656 7513
2459 6455
5803 4972
501 8830
9458 1589
7811 6356
4382 6793
1499 411
6256 5386
6137 8796
8870 152
9517 789
4614 2315
1752 7695
5297 2103
2255 4580
3006 4144
6324 4437
4047 4815
9868 8171
8836 4355
4021 2704
4906 6672
1671 3344
7658 8452
7381 9482
1057 7782
6458 5753
9767 7780
1364 5106
6096 2034
969 4361
9101 143
364 2724
152 2174
308 8590
1997 1701
6774 814
9328 2835
9140 6089
8583 5161
5673 203
3149 6198
9742 2083
1136 8661
1870 7571
6221 30
887 9678
1620 4076
3787 6865
4357 9437
7515 2993
9713 4432
3860 193
7652 5793
4400 2392
2735 355
3817 4311
3974 5347
3963 622
5427 1938
3982 2370
6287 9383
5719 6941
9241 7617
4453 2049
1234 8839
5644 8939
191 4546
1347 1526
8031 3800
7996 2684
8000 907
4213 2727
3038 589
2594 1700
8333 8251
7669 5403
2663 7379
7287 1956
9364 3654
8050 7056
8668 110
7313 5103
2190 6442
8034 1904
8388 2766
8420 4267
9779 7817
2603 9247
5565 7641
9760 9318
2877 822
1048 7157
5715 6539
5546 1722
6727 3220
9510 7152
5230 4398
9433 3983
262 9523
7219 5073
8192 1934
639 7956
7061 326
6472 1322
5083 9421
9726 5182
3466 6108
3392 4885
6094 5460
9109 7951
3467 1391
1514 8424
6378 1265
7597 6151
9797 415
2178 8965
7868 4450
9757 5801
8548 4651
604 5632
8460 4917
250 9685
7486 8208
9685 2647
5867 8552
9442 3086
6744 33
7128 5068
2256 6587
1953 2841
3927 424
8177 125
1880 4446
2774 650
6870 71
5798 6394
3849 922
8388 6703
7596 8339
5697 4999
5762 3966
4897 9334
3435 9868
3320 6279
9441 7032
933 143
6 718
4128 4626
9228 7611
536 253
479 1259
8553 2167
6221 6488
1515 351
1157 3696
8070 3186
395 868
1784 7713
2034 3379
9370 4599
4373 9609
308 7709
3783 8531
267 5869
5152 6315
7690 8655
5767 5660
5810 5513
937 8538
4192 9651
819 7427
4500 6497
6463 8251
4562 4845
6953 9682
8284 8791
5647 7460
3783 1860
916 9411
8795 3575
8213 8809
1501 1304
2806 2960
4039 874
7795 1114
1896 2448
2892 6338
5149 6122
2375 9209
2327 898
506 6381
1885 2932
8408 1931
8263 4664
279 8570
5105 5828
3374 8954
2180 1269
1095 3100
2437 6316
5585 6175
4733 1732
8691 37
7499 8403
7625 9464
2146 886
1740 1870
7519 1586
2815 4410
6765 7182
6083 1931
4982 2559
3493 6190
1708 2644
3636 1834
4675 1942
9390 6809
1727 566
1973 8975
9688 3066
4527 7511
6300 3477
1382 7040
93 8652
9580 5115
7212 8501
1204 6559
4500 1566
4132 3711
4635 3622
2200 1093
5733 3088
6917 2495
3989 6907
4088 7228
709 4732
7152 2408
7398 195
8366 6747
4470 6572
4939 6958
3264 328
6603 4742
4887 195
9743 7853
4846 8700
95 7212
3950 5113
9624 4880
4642 1063
8014 2090
5312 1958
9791 3592
5892 9772
4961 8582
22 8791
2439 7666
7157 19
3306 190
943 1881
723 9172
9896 5642
4374 9905
9454 7662
2899 9496
9637 2509
5707 7093
483 8897
3576 1845
2429 8935
9129 8978
1101 2184
2304 2825
6006 8230
4690 3589
8574 5206
4117 7711
439 8273
2926 7520
4258 7213
4253 631
3769 4589
5984 51
7032 1507
1995 5613
6229 8884
432 3688
6983 7105
2700 4992
8939 5066
6507 6746
4907 2234
920 5933
1252 6073
6192 1050
5305 4011
2970 5641
3796 89
6854 2305
2207 982
3013 1653
2345 9507
507 8027
3714 9703
8348 7425
1951 7234
7764 1114
3928 6786
2078 9236
1179 6705
9161 468
7671 3959
5058 8410
6375 1306
621 4627
6325 3493
2136 1622
1023 9149
126 9758
9163 8848
6525 9295
9386 1100
6973 3454
655 3875
8432 2097
6385 2458
417 5539
7638 7046
5373 5302
6543 4066
8474 9659
6836 4871
4691 4263
2914 6733
1061 5672
1778 6788
3027 1626
7704 3945
4235 6838
487 5643
7190 2652
652 8895
8819 9562
1913 526
2479 8413
2117 2449
3472 1433
5243 251
7362 1636
2353 8567
4390 8065
3611 2284
8141 2930
7060 2769
6106 2117
3111 6306
7564 9075
3497 2198
758 6114
698 121
658 7551
8119 9551
9875 2760
9856 1141
1050 8635
7781 2508
6261 1624
1379 1601
2715 1258
965 8505
4465 2489
5147 4939
514 4673
6967 3035
9338 6736
956 8487
2670 7560
1075 9309
9393 5374
9072 7133
5594 818
4883 3388
7815 8241
5011 3706
1929 9268
1262 4907
3069 7093
4298 9531
7842 748
6112 3996
7198 189
7650 8905
4440 9747
1472 2520
8642 1207
3151 9293
6274 524
2351 3329
3168 7813
8900 1308
1800 8838
6837 4719
3388 1506
3437 6329
8104 1619
1876 7750
1629 8353
8573 4690
8519 7615
8279 4502
8079 1843
3215 5430
4935 93
7251 77
3459 7701
4257 6813
3567 7301
6693 2591
5465 4761
41 9179
4308 5401
2548 3234
44 6790
8484 7147
9268 2036
7844 8949
794 372
3408 3707
2527 6315
7224 6969
2051 1582
2568 2154
923 8898
8271 9852
8507 6743
4795 1735
1322 5343
5702 2523
9201 398
4143 8204
9757 6739
8381 4820
7233 9585
3211 2940
6638 380
2712 3360
943 5759
4867 5552
280 8313
6428 5598
4223 3427
8828 6699
5316 475
2622 9859
9117 6887
6559 3389
2994 1608
793 1982
2737 8189
4699 1176
8637 7279
6040 6346
8398 2172
751 8246
9090 8154
1611 4062
4621 4958
9561 4607
5096 9693
7520 1309
6040 4064
3655 7047
2297 6395
1193 1633
6097 1656
4097 2134
5267 4193
6395 4588
7939 2658
1672 6397
5022 6627
7651 2698
821 7853
4037 4702
3680 3391
5570 7981
203 2541
1215 9428
1309 8840
947 5220
5895 6996
9288 2325
5030 8991
7830 2885
6153 3464
8438 6791
7857 4705
211 1602
3451 1160
9233 9345
6450 9920
6850 9834
5284 3297
8236 950
8735 3861
2818 319
3424 555
5763 5989
4670 8353
109 8872
7421 6269
1926 9489
273 7135
5985 141
6867 6352
9690 2923
7582 9777
724 433
3534 4372
4829 7565
2057 2389
3441 1326
8096 5097
2561 2213
437 1908
1080 4695
6928 8049
8771 7242
3984 3676
6699 2050
2933 8331
5523 3448
3184 7895
9941 922
6474 7644
181 564
6372 4948
5228 2400
5062 8662
2376 1840
4168 6725
5967 260
1296 8027
2126 5650
19 2209
2722 7541
762 2625
5984 6193
2427 5024
9275 7458
2130 3104
5206 4366
3186 8413
9136 4589
5 752
6591 1577
2284 4027
2205 1269
7453 9539
6566 7181
6712 376
5366 8198
1505 6780
3657 9371
3447 7413
7722 2877
1046 1899
1357 820
5779 7869
8292 1837
6547 3551
165 2230
4815 8690
9783 435
4403 4611
3995 8225
4404 7696
7790 3309
6717 2363
9738 3317
7456 6432
1258 3004
5189 9445
5396 974
2916 7236
3513 8630
8590 8821
2721 3410
2049 6
8756 6048
3237 1512
67 6856
8832 9289
8266 3749
4269 8066
6566 4694
5081 190
6042 9485
6760 6418
2027 2950
4121 4070
5982 3410
5227 5520
6801 9445
9087 680
1282 2961
2729 8587
3474 3294
2745 861
6060 9284
3244 7542
2482 5589
826 5471
3627 4811
5082 106
1104 2105
5948 856
3927 5643
5668 6752
156 9352
5955 7756
4308 7729
8366 4513
2036 2757
9621 5822
3811 2971
6401 6732
7936 7142
543 7480
5002 2680
5276 4081
4355 893
7413 3530
9810 704
9582 153
9664 9355
5429 3022
3702 1264
9551 7522
7483 3708
8235 7381
3826 5705
4275 3142
1091 8180
4375 3532
6009 2782
5830 5018
8059 9169
6605 5406
201 5558
477 8560
8372 6719
1475 8101
2599 9585
5717 4692
4148 5012
6557 3649
1821 121
4267 4248
1836 2294
4962 4723
5345 950
3103 5204
8798 871
9342 8835
5897 1425
3585 468
5079 889
8301 2490
7713 4510
2744 6487
2520 337
4649 325
9124 7078
4553 3050
5785 2000
9372 7831
5241 229
1936 8275
7021 7500
8534 2772
420 9705
399 5638
3697 7647
3137 7417
6385 9474
6310 8397
3128 4112
6513 7561
1002 7911
2913 549
7884 3992
3930 8664
9123 4268
6283 4124
7498 900
6670 6609
5233 6822
2690 1957
1574 5566
3718 2749
5065 2093
8062 7232
9040 8786
9192 5576
7141 6467
7694 6766
8853 5320
