8 9 67.221 6
-14.528815396850863000 -8.574672056666155800 -10.741904965361490000 1
-7.411829859129981400 -14.596838743999575000 11.488998077333903000 0
-13.644069259668679000 8.919666831289523800 11.587878048036133000 1
8.752482015008332900 -15.280177394562953000 9.482100894192328200 0
-8.948461872656432400 8.534773615868736800 15.718863490707113000 1
4.873004122011644200 -17.611494155392805000 -8.129520554216132000 0
9.882611972358684900 3.738437679827556700 16.981109042634358000 0
-16.683298653647157000 -10.433236625546499000 -3.579821161534470600 0
1 2 3
1 7 2
1 8 2
3 4 3
3 5 6
4 6 5
5 6 1
6 7 2
6 8 4
3 2
