7 8 6.000 5
-4.008756019148328200 1.372703632439201200 -2.654347361674855900 0
4.511276989626968400 -2.068481823429998600 -0.608081301309244090 1
4.979904909151326100 0.373112258258793790 -0.247657704397717230 0
0.472783715740982660 -4.517958669546821700 2.089144566179387900 0
4.925609008493140100 0.488006202935597270 -0.707266457106234920 1
2.317224344599502700 -3.397227425478178900 -2.844172490615558300 0
3.427926372273136100 3.602024694899083300 -0.524155400250251760 0
1 2 1
2 3 5
2 4 4
2 6 1
2 7 5
3 4 3
5 6 1
5 7 2
5 3
