845 2978 343.455 1000
2.389748818844345200 -1.053860977880987500 -1.475966673787652200 0
-1.426235083295084100 -2.250991617733453200 1.378002258369701100 0
-0.250313732232311460 1.354128108612673100 2.665272988067262500 0
-0.978749747007205070 -0.138768750072747110 2.832453382976775700 0
2.307462422631255400 1.572121249229616400 -1.097293008209478900 0
-1.071374202881422400 -2.458455541321638900 -1.344676046021912300 0
0.788237056010013150 -2.804769661998243200 0.715506454664754150 0
2.738464251773053500 1.193868295005090700 -0.274758140812402740 0
-2.568508686511788300 -1.545258482624182900 0.122226630451368750 0
2.576126354061710100 0.900108954873793940 1.246345408490249400 0
-0.950956089662867820 2.756829358099584000 -0.703970458082827210 0
2.061726497294241500 1.808398906313396300 -1.216132084109012200 0
2.301122268044897700 1.887086552405477000 0.379131443220313110 0
-2.998094354105431200 -0.053183359078577026 0.092745750297555468 0
1.630564756355098500 2.453690240041730000 -0.566270943327127910 0
-1.280361129151877900 1.622365977761200100 2.174535355693228300 0
-0.555683659302611100 -1.507932536121768800 -2.533249916074098900 0
2.159586901338062000 -0.563023830798309420 2.004791405987731400 0
-0.783989131636200210 -1.515798149602736400 2.467329935605945000 0
-2.398045820126145900 0.758457316499161480 -1.635273293252357700 0
-2.227932282830611400 1.914844406559850000 -0.608020264290292100 0
0.252729216933900380 -2.884549530415211600 -0.784539323099459840 0
1.804391180336446100 2.396390360676867700 0.038544877468184455 0
2.069280224590534600 0.964203413604597600 -1.946378978850672900 0
-2.697126915869862500 -1.288053670809133500 -0.257728812524796290 0
-2.963551188415270800 -0.343338965754019510 -0.315408795434430960 0
-2.833603595285051100 0.522814920220729170 0.835077974791711200 0
-2.633304814764498000 -0.863518881077636640 -1.148930326242866300 0
1.970752911095169100 -1.365522879840852700 1.803186132389294100 0
-2.205972578387270600 -0.853153495049675750 -1.845484786523026200 0
-1.827871536963440800 1.407186573863854500 -1.917996765037995700 0
1.018657750957225200 2.508347573742099700 -1.292489394817957200 0
1.983500155165894200 -1.741804262333189500 1.425428022095400800 0
2.152783631014540100 0.740168938415114110 1.953886532181768200 0
-1.686058925293241200 1.118466564862750300 -2.215002899258400300 0
1.440735907279596700 1.813749537233058500 -1.906460768456068600 0
2.785025680722496700 0.911793078004204840 0.642078920865504890 0
-0.300277649191225350 -1.708599729899572800 -2.447553941465499000 0
0.392791416527803470 2.961148560680846800 -0.278054139835810400 0
0.634983082896440230 -0.107676574836289870 2.930051576281014600 0
0.469592825923601460 -2.218637637135363800 -1.963957640308847500 0
0.845071728424718340 2.191005563735997100 1.866908780175176000 0
0.993566403706145910 -0.291859708808996420 -2.815607165746024900 0
0.731842145276538900 -2.336863033232351700 -1.733054597613452600 0
0.129832573414309430 -2.095169947933490200 -2.143223364970854700 0
2.883862703945705000 -0.764856156636741670 0.313577684865871120 0
0.764573607076243890 -2.500088380851714000 1.471388897366252600 0
2.526602896743521700 1.451261834594445700 0.714224677266762310 0
2.322186225255411100 0.210751348580180940 1.887600329599902400 0
2.973759056209427600 -0.092406751976192344 -0.384990997039704520 0
-2.735370569894700000 0.490601564383721770 1.130069887386700100 0
1.745377404377912400 0.537888965696722400 -2.379985961485640900 0
-1.486899443698947100 -1.591801192023007700 2.062837611011078200 0
1.381040238572107900 -0.297084618409529430 -2.646595660267952800 0
0.977313091159677680 2.835884302381402700 -0.051179540391247294 0
-0.823564894674382990 -2.705035863833198400 1.002258369701223700 0
1.943960939690349700 0.731112099820462210 -2.164830469679861000 0
2.610630805408938700 1.451966405754970600 0.276406140324106600 0
-1.136613417472083400 2.195513192324280100 1.699362163151951800 0
-2.984626432734892400 -0.202047927835164150 0.226233710745567170 0
1.833383343174958700 0.615060416157357070 2.293557542649617100 0
-2.476055846565761200 -1.022592587847750900 1.350352488784447600 0
-2.055575041663969300 -1.456916233800901600 1.628498184148686100 0
-1.441656606018040500 -2.569717337003939700 -0.564073610644856170 0
0.114398553017168110 2.815886618968606500 1.028443250831629500 0
-0.046246202129440292 -2.968071608414153400 -0.434064760277108050 0
1.296546324822720900 0.160171071931140970 2.700613422040467200 0
2.429085815647972000 0.310963842426990100 1.732871486556596600 0
-1.155034008502174000 2.144737106521933200 1.750999481185338900 0
0.599766545104126520 -1.556784216526889500 2.493331705679494800 0
-1.012421670615480300 1.125955837187712500 2.589831232642597800 0
-2.522912524495890100 -1.619793209905894300 0.105746635334330260 0
2.178300802816434800 -1.954692629247398300 0.658925138096255410 0
2.395908246391485400 1.757137736842630900 -0.414838099307229870 0
-1.157919257620162900 2.706501522965910800 -0.577990050965910830 0
-0.060021752655887120 -2.864708927509506800 -0.888729514450514290 0
0.620855997881826880 -1.622645267556536400 -2.445722830896939200 0
1.320198487672383600 1.506447645445585700 2.233314004943998600 0
0.884910802271156040 2.283854817827046400 -1.732322153386028700 0
2.683222594039479600 -0.324165736342641670 1.302011169774468100 0
-2.316007101985580800 1.884853399396047500 -0.288857692190313430 0
1.294667674417453900 2.645129826750230300 0.571947386089663330 0
-1.854496272201085400 2.326837417157793500 0.382976775414288760 0
-1.319149405586584000 2.663386601871695200 0.407696768089846450 0
1.670833031155613200 0.027235391702786955 2.491500595110935000 0
-2.782980033951692400 0.566079419687957830 -0.966734824671163120 0
0.754143531770949170 2.792092614777848400 -0.797173986022522650 0
-2.060902559255749700 2.051931649570458000 -0.736381115146336200 0
-2.449665198112945600 1.578078107588735100 0.713309121982482310 0
2.411649700572218600 1.168518640940164900 -1.348521378215887800 0
0.937892207666653820 -2.635876208502867500 1.082827234717856500 0
2.550777493964100800 -0.467850800646178070 -1.508194219794305500 0
-0.623630225490038990 -2.832266342888129200 0.767693105868709310 0
-1.376260921852908700 1.887744453960381200 -1.882106997894223100 0
1.936916110578154300 1.945943817278733300 -1.208990752891628600 0
-2.106979988434284600 0.521566207215260920 -2.070894497512741700 0
1.491529450129065700 -0.673874059266863830 -2.514206366161076700 0
2.374286498671224900 0.921128153665327190 1.585650196844385900 0
2.828717280684370100 -0.967718354674775630 -0.248756370738853120 0
-1.952852255874580200 -1.940626836381542900 -1.191778313547166200 0
1.501090255000824900 2.586012764536923300 -0.243446150090029590 0
1.027379117309546800 0.484726253501642280 -2.776604510635700700 0
-1.638076973183822900 2.290863939680189500 1.033753471480452800 0
0.879207807309577040 2.784934457593619200 0.686391796624652880 0
-0.731584481469204070 0.309885895835471380 2.892880031739249800 0
-0.295192762924456840 -1.596911260801555400 2.522446363719595700 0
1.458413515217182900 -2.380285928864355000 1.098757896664327000 0
2.697623194544752000 0.978698895447310480 -0.874629963072603540 0
1.483114690941357100 1.317071490463296500 -2.250709555345316900 0
0.408025664613890450 -1.822274854401751100 2.347941526535843900 0
2.347033908635688200 1.846246618075878100 0.287759025849177510 0
2.047761708679201900 -0.551941493583136040 2.121799371318704900 0
2.648005584584392400 -0.029451538345241789 -1.409680471205786400 0
2.197245459172675600 1.058397177227475600 1.746971037934507400 0
-1.837591729314579100 1.163439660873300200 2.066316721091341800 0
2.913645904757954600 -0.023465976868424172 -0.714224677266762310 0
2.979513095950399500 -0.189365218008608730 -0.294351023895992940 0
-1.574980959482930000 -2.065629416955785400 1.500869777520065900 0
-0.272591905542033660 -0.133210511647790410 -2.984618671224097400 0
-1.465646812801422600 -1.373406907898124800 -2.228370006408886700 0
-2.439530526957353300 1.247705696144345300 -1.221442304757835600 0
-1.074799353464989300 -2.320271627059999900 -1.568803979613635700 0
-1.955933210535032900 -1.641045307361318000 1.575212866603594900 0
-0.478352047738035300 2.771709576164343800 -1.043458357493820100 0
0.128230859490069040 0.005412727424274685 -2.997253334147160300 0
2.286901308112619300 -1.174349389043116700 -1.546281319620349800 0
2.576257379982328300 -0.083021769990795607 1.534928434095278700 0
-0.466075862504605200 -2.960781348570540800 -0.128635517441328170 0
-2.132533792853533500 2.109452897884212000 -0.050080874050111399 0
0.944036222412934170 -2.821624150296113700 0.383709219641712670 0
-2.435119901299581400 -0.318620403069350520 -1.722983489486373400 0
2.385531106413339800 -1.186518859320016700 1.378917813653981000 0
-0.847422003584216820 2.621946584066627000 1.186284981841486900 0
1.723355722321267400 1.936314932496044000 -1.510208441419721200 0
1.008501651844962800 -2.203125110523603200 1.768944364757225200 0
-2.436447371284859600 -1.504253713697750300 -0.894955290383617760 0
-1.421749627244996100 0.089676081742312425 2.640186773277993100 0
-2.036016122429387600 0.110791278220306890 -2.200537125766777600 0
-2.958636252080149500 0.392313836104011160 0.304239020966216020 0
-1.225125405122197400 2.592470085435372600 -0.882137516403698860 0
2.875999496938123700 0.806024151091028430 -0.280983916745506160 0
1.614922786800647000 2.523567716886562000 0.153721732230597870 0
0.052803780019074278 -0.134440756805102450 2.996520889919736400 0
-2.221260121852525900 1.169047862562776000 -1.642963957640308800 0
-1.014277232028112200 -0.057728844438549455 -2.822748496963408500 0
-0.014150075185851221 -0.253977110692629740 -2.989196447645496900 0
0.688272614106994470 2.750447783141666500 -0.980468153935361690 0
-0.664872762619578280 2.295512644446240800 1.813440351573229100 0
-2.156509650860078500 -1.160440664931418700 1.732871486556596600 0
-2.037206562011797000 1.963268411982654200 -0.997680593279824170 0
1.040734265783461700 2.313271357390190200 1.601763969847712900 0
-2.527381004671045900 0.489908301276937690 -1.540238654744102000 0
-1.276831241092095000 0.884527534215941320 -2.566576128421887800 0
-2.445266466267527000 -1.721868735277194900 0.236304818872646260 0
1.106734017640813600 -0.349922676003364300 2.766350291451765500 0
-0.335883262135273750 2.144429624489649000 -2.070894497512741700 0
-2.912746234008309000 -0.682614764735960830 -0.223487044892727470 0
0.325368844252367560 -1.375003903473697200 -2.646412549211096800 0
-0.465472396460421930 -2.846683196915012800 0.824457533494064250 0
1.683683443755760200 1.542617782709406700 1.945646534623249000 0
-1.542163038951792400 0.023215387494431691 2.573168126468703400 0
-0.335581207829059760 1.328588533589374600 -2.668752098147526600 0
-2.414863343046357100 -1.121570332371006500 -1.382213812677388900 0
-2.359660021050659300 1.782946258595517100 0.503097628711813740 0
1.713965031520747800 -0.379720693213338010 -2.432721945860164300 0
1.530507431124024800 1.582520125406626300 2.037934507278664300 0
1.428665496043106900 -0.812256195396943270 2.509811700796532800 0
2.685020328166933800 0.583520581108173290 -1.204229865413373200 0
-2.404697693649913600 -1.603830419300541300 0.803216650898770150 0
-1.765932350307094300 2.380748687449410400 -0.462080751976073510 0
-0.807782090404721490 -2.201142013342090000 -1.871486556596575900 0
-0.506744362950430130 -0.588971352354503710 2.897640919217505200 0
-2.338182828518737800 0.708568599572994670 1.740928373058260100 0
2.353937750987588700 0.155045494149354590 -1.853358561967833400 0
2.516721417279716500 1.167411372864674700 -1.141605883968626900 0
-0.625844419931253610 2.927753160040436100 0.191259498886074410 0
0.699389828257328980 0.492384875595210660 -2.875484481337931400 0
0.018217735023014311 -2.733946155715349000 1.234992522965178400 0
1.525767864888612600 -2.414733629275772800 -0.917111728263191760 0
2.687508415286436100 -1.214838786411146100 0.549058503982665420 0
-0.079914749040912642 2.536499256590579500 1.599932859279153100 0
2.805239024257546500 0.718726517736551380 0.783623767815179950 0
-2.723613164127364000 1.245339008624464200 0.176244392223883800 0
-2.883722531423372500 0.784680399000650450 0.261574144718771940 0
1.761115496811401100 2.247889310557170000 -0.919492172002319470 0
2.473715314115930900 0.175325421712376330 1.688192388683736700 0
-2.681022551232939300 -0.509562505387596180 1.245979186376537500 0
-1.061996846468431500 2.712293892557398100 0.718070009460737960 0
-0.767838190526506930 0.444670466964420700 2.865779595324564600 0
2.559653321091836200 -1.020246449482123100 -1.186284981841486900 0
-0.707220396768962090 1.268571792835749400 2.624988555558946500 0
0.622393406283612730 -1.982047832410894300 -2.164281136509293100 0
-0.293486946516442910 -1.620695499887617500 2.507431257057405100 0
-0.562330246179806090 0.919563031175167580 2.799676503799554400 0
-2.065308419270540000 1.083938049731548700 -1.886684774315622500 0
1.994130419824613900 0.084173844376368739 2.239722891933957800 0
2.127153376948148100 -1.561290220227927100 1.427442243720816700 0
-1.293209512654289300 -2.636386897897170300 0.614062929166539600 0
-0.543307702924082920 2.142338825715662100 -2.028595843379009400 0
-1.320530204628694200 2.686869689288619200 0.192175054170354300 0
0.772434832394357730 -2.598674111959104100 1.284615619373149700 0
-0.162105129814405000 -2.869960257264338600 0.858516190069277040 0
-2.480811792279931100 1.026227680142848300 -1.338816492202520700 0
-2.343194117021703400 -1.726436883146089500 -0.727225562303537080 0
-0.780717162757448180 -2.750653794153661700 -0.907956175420392420 0
-2.009624231532125500 -1.279929503245035300 1.822962126529740400 0
1.544593018508209700 2.195972012129986600 1.338633381145664800 0
0.999740242940371560 -0.337738940152623010 2.808282723471785800 0
-0.652600691831605850 0.269079873028032660 -2.915768913846247900 0
0.979075456087950210 1.671907454113398700 2.290444654683065000 0
1.990903745619840800 -1.958433814973566900 1.095828119754631100 0
0.371737262511280640 0.405770063360024300 -2.949095126194036800 0
2.685187717784393700 0.092717743752580628 1.334604937894833300 0
-2.789923113045102500 -0.160938864012058420 1.091067232276375700 0
0.672464232616531650 2.763663169825870500 0.953917050691244220 0
-2.118245419335768700 -1.929221026095205600 -0.889461958677938200 0
0.796963815431314450 -0.283961511888599140 -2.878231147190771100 0
-1.154947422504159200 -0.972412318572873360 -2.592394787438581500 0
-1.410061770217900800 -0.478918477415829100 2.604297006134220100 0
0.265940233193187550 1.822248035076305500 -2.368266853846858300 0
-0.025325444329522228 0.533767358804293600 -2.952024903103732400 0
1.549202594062363000 -1.375229226969522800 -2.169957579271828400 0
-1.064413004508405500 1.860330888080115700 -2.099093600268562700 0
-1.788859400666678500 0.920984691223565520 2.225257118442335100 0
2.950136587876304200 -0.536422716019995690 -0.094576860866115303 0
-0.183276733656096230 2.990131264061402000 0.159764397106845310 0
0.666465926760133160 -0.408566873432352540 -2.896359141819513400 0
0.275764667558859870 1.840152184602800800 -2.353251747184667700 0
-1.294082815770215600 2.100760693090357700 -1.706503494369335100 0
1.917984054980096800 -1.209449845326139500 1.964323862422559400 0
1.873078642239257600 0.974590721704637900 -2.131138035218359800 0
-0.235397797607893700 -2.900942001971329900 0.727408673360393050 0
-1.718035057657365100 -2.240747144132694900 -1.013611255226294800 0
-1.725779488410576600 -1.239649730210863800 -2.117770928067873400 0
0.108305061656464750 0.182370420433638270 2.992492446668904500 0
-0.818420653586725670 2.129810297276015300 -1.947843867305520700 0
-1.135960744391395500 -1.872902182189100500 2.049836725974303300 0
-1.453555960802059400 -2.017235742154461800 1.678670613727225400 0
0.354238516105293000 -0.673622517143866780 2.901852473525193200 0
-1.148608245644549400 2.256703793902168800 -1.608722190008240000 0
-0.783230809516841100 -2.592167507654598200 -1.291207617419965100 0
-0.508744886004263150 -0.163485817182740940 -2.952024903103732400 0
-2.325680967153100000 1.668539381340736500 0.898434400463881340 0
-1.761422672467525300 -1.539325593913872100 1.878261665700247100 0
-1.215802884118106800 2.742358235422362300 -0.035981322672200687 0
0.520000992735820460 0.850526384225034460 -2.829523606067079600 0
0.807969431468117840 -0.470501017492752250 -2.850581377605517600 0
-2.980848485175471300 0.333184073654393400 -0.059419537949766531 0
-2.355380963076509900 -1.857569662601339400 -0.040192876979888305 0
-0.263400236100061520 -0.161091592925274500 -2.984069338053529500 0
-0.261636636019502990 -1.526475237110875400 -2.569322794274727400 0
-2.094819436745365400 2.147391893721323400 -0.020966216010010072 0
1.423435229275533000 2.638876839958931100 0.100802636799218730 0
-1.812242534495728000 -1.775521064401791400 -1.601031525620288900 0
-0.049647737627285540 -2.662050684603617600 -1.382396923734244800 0
0.613545263690140290 0.891402657947624520 2.798028504287850500 0
-1.029156349663746100 -1.900511355719183900 -2.080599383526109000 0
2.062305024132253400 -2.167878116603633800 -0.217261268959624000 0
-1.884330258455738000 2.073943633778417600 -1.071474349192785400 0
2.704301637983948000 0.454845602105351690 -1.216498306222724100 0
2.900974320497451000 0.322285017674376730 0.693166905728324290 0
-2.648021298180304000 0.793600647209477760 -1.165410321359904700 0
0.616961291071315480 -0.335127547140469330 2.916684469130527800 0
2.676135091655257500 1.067864207223165000 0.835444196905423150 1
0.729037511611114520 1.917492728302071700 -2.189001129184850600 0
-1.624846859542409500 1.834468161011163100 1.730491042817468900 0
0.536861156004535770 -0.968003873414856940 -2.788323618274483300 0
-1.833384795609785300 2.374176097574598500 0.044587542344431901 0
-1.168680890207718400 -2.760886363404755800 -0.108127079073458060 0
-1.033328907653952500 0.382421374702635430 -2.790337839899899000 0
-1.812440742503835600 2.177331121185077700 -0.987060151982177110 0
1.312561493848407600 -2.694762797639464100 0.124240852076784580 0
-2.664813796847449000 -1.214748754999461300 0.650502029480880100 0
1.428111499404774300 -0.301770831853711730 -2.620960112308115000 0
1.367462543575543400 -0.054044538464289145 -2.669667653431806500 0
-2.141025865229347200 -1.557303367181196900 -1.410962248603778300 0
1.359364613308306400 2.630107378064439100 -0.484420300912503430 0
1.950907788434215200 -1.893495811107284600 1.268318735312967200 0
-0.332581830141065850 0.140199170297360810 2.978209784234137700 0
2.320116530220443600 1.373798006213080100 -1.315195165868098900 0
-2.523874348056352400 1.279264528646387100 0.996765037995544280 0
-1.917851726881254300 -2.008689854668836500 1.134464552751243800 0
0.020473115035262730 1.338678202263273900 -2.684682760093997100 0
-1.911631791529213600 -1.270743933737494800 -1.931546983245338500 0
0.127488092488146710 -1.065986779196471000 2.801324503311258200 0
-1.409228764381303300 -2.171290297054235800 1.516434217352824500 0
2.051234431333527100 1.328934546890651500 1.739646595660267800 0
-1.217090035365205400 -1.585499904153609100 2.237159337137974100 0
-0.046538758234996522 -1.302538655062768900 2.702078310495315400 0
-0.483563716997235330 0.043745874230605594 -2.960448011719107900 0
-1.600078661799781100 -1.464607405226757900 -2.072359385967589500 0
0.929916386441084870 -0.894619745849309140 2.708304086428418700 0
1.364906638245335200 2.667106252229536300 0.153538621173741900 0
-2.579680766142767600 1.134371285413639600 -1.028809472945341400 0
2.697359711933313700 -0.595416955034120620 -1.170354319895016400 0
-1.944941573245605700 -1.006538268087842100 -2.050386059144871300 0
2.670500509453616700 -0.273891742636720840 -1.339182714316232900 0
1.607234633774462500 -0.211707498207499650 2.524277474288155500 0
2.292614712720323100 -1.891164857391314500 0.409161656544694390 0
0.300654153251521560 -0.504494745616917430 -2.941953794976653200 0
-0.514552314923244820 -0.593887779247770590 2.895260475478377500 0
-0.129948989148779840 -0.707541363202576430 2.912472914822840300 0
-2.972287323768594300 -0.383109851554425560 0.136875514999847400 1
-1.727853329360047800 2.445040350109277200 0.190527054658650470 0
0.721019772609956980 2.532005680608165700 -1.438428907132175600 0
2.977565532247306900 -0.331950012024178340 0.154637287514877760 0
-0.234431334352117600 -2.412150192995908200 -1.768211920529801300 0
0.727441404535988160 -1.836556118667419700 -2.257850886562700500 0
2.602889648866433300 1.121719258091271400 -0.983214819788201580 0
2.621179273085483300 0.503658784203428470 -1.369579149754326200 0
1.501955579936739700 2.573844359356450200 -0.345622119815668210 0
2.889521569993044100 -0.757468001759692980 0.277321695608386490 0
0.429787046788969400 1.367764092443523000 2.635242774742881700 0
2.370368905729712200 -1.210899556327627700 1.383861812189092700 0
1.349962699778532800 -2.418759422059310300 -1.152043214209418100 0
0.112498037449988350 1.093264114107265600 -2.791436506241034900 0
1.473221539966968400 2.382861036419941000 -1.073122348704489200 0
2.881054125164587800 -0.155943508593391400 -0.821710867641224360 0
-2.037185005117328800 1.825596047277400700 1.231696523941770800 0
2.796914206191002200 1.061095374429239300 0.226599932859279150 0
-2.204770613684437800 -1.945491834818719800 -0.595019379253517220 0
1.674757544279409600 -0.947501022375083270 2.301614429151280100 0
1.564891657794397200 -0.056738710959342159 -2.558885464033936700 0
0.016457725607485700 -1.627006748715681000 -2.520432142094180000 0
-1.038465863648554600 -0.306022557359359790 -2.797845393230994600 0
-2.757805115751260400 0.373220052025486300 1.120365001373332800 0
1.496944818022745100 -1.986488652599961000 -1.677205725272377500 0
2.373883002928999900 1.061032391519194800 -1.496292001098666200 0
2.672150348990994100 1.242623554677248400 -0.561693166905728350 0
2.140395108920534600 -2.009933900267196500 -0.615527817621387420 0
-0.810972485143373830 2.566224377564355800 -1.325449385052034100 0
-1.324392226722251700 1.904947850836586900 1.901882992034668900 0
2.107003974630808700 -2.108721782139890700 0.337382122257148920 0
-0.279783502331255430 -2.973523228719767700 0.282631916257210010 0
-2.183190937580173200 -1.100802020663010500 1.738364818262276000 0
-1.110417543099172300 2.777746209853948000 -0.226050599688711190 0
-0.188383146576725950 0.723574584538774990 -2.905331583605456700 0
-1.551706133072950700 -2.454220928164688500 -0.754325998718222700 0
0.499286689404697450 1.669178962818193000 2.442243720816675200 0
-2.793192807050709700 0.628096175447192760 0.896420178838465590 0
2.922165442884253000 -0.465022841998579630 0.494674520096438530 0
-2.596128288978085700 0.030119252907599422 1.503067110202337600 0
2.656368266911314000 -0.051962139800725372 1.393200476088747800 0
1.898611051872013600 2.229505013879472800 0.651600695822015960 0
0.251384860866139760 2.442976370472025800 -1.722983489486373400 0
1.284342417148381300 2.177842744309913300 -1.614764854884487500 0
-1.099321694681890200 -2.274113645772251100 1.618610187078463000 0
1.908649991669188600 2.296041896312885000 -0.291970580156865110 0
1.174686470086236100 -0.290664807646216770 -2.745109408856471600 0
1.793638337210361000 1.777971867965345100 -1.619159520249031000 0
1.893847024263293700 2.325919017016605300 0.058687093722342598 0
2.815781511245320200 0.876641349480436370 -0.550340281380657380 0
0.796902655745349130 2.886540650037718400 0.181188390758995320 0
-2.789777513412846400 0.304787851585624710 -1.060304574724570500 0
-0.944741289367338140 1.818051346363399600 -2.191381572923978300 0
1.746897043820342200 1.596227218731836500 -1.844019898068178300 0
-1.784944000651373500 1.986641605809768500 1.366466261787774300 0
-0.628735758265702160 -2.747385200570434900 1.027893917661061300 0
-0.440118878070795080 -2.831219550721741500 -0.889095736564226250 0
1.215833818239699900 -2.741718518758464300 -0.068758201849421677 0
2.811585370634966700 -0.039898386355826529 1.045655690176091800 0
2.965581400559685200 0.135435230511159720 0.432416760765404250 0
-2.854114000558802400 -0.199811300604082840 -0.902279732657856990 0
2.960052722321513000 -0.300721209208152260 0.384258552812280610 0
-0.138462529271235650 1.658990354170900800 2.495712149418622500 0
0.161474188589676550 2.050907063902936800 -2.183507797479171200 0
-0.482281995156430670 1.886516891031449400 2.282204657124546000 0
-0.432076565001230710 -0.396409218021360370 -2.942136906033509200 0
2.143694715246799100 -0.054682950156304130 -2.097994933927426900 0
-1.553109327408604700 -0.674441281817162120 -2.476485488448743900 0
-2.972607677703188700 0.352477949770354680 -0.198400830103457710 0
-0.643727504116361820 2.865915704698530900 0.610034485915707860 0
-0.287119012428388440 0.235504383858809040 2.976928006836145900 0
-1.515620058602840300 -2.328364535050937000 1.132084109012115900 0
-1.156697515166585300 2.382303097874123300 1.409497360148930500 0
1.545131037558400000 2.242114661805970000 -1.259163182470168100 0
-0.813860646441896040 1.711989932676012000 2.325235755485701700 0
-2.355840779480268500 -0.593728096093294910 1.759971922971282000 0
-2.020140801734359400 0.068396739999669193 2.216834009826960100 0
-1.534630610507649700 -2.319444886470169600 -1.124759666737876500 0
-0.314981326165821200 1.720568751295057400 -2.437299722281563800 0
0.783515601890923840 0.305702541501389370 -2.879696035645618900 0
-1.758223190929009600 1.617436046137770400 -1.814539017914365000 0
0.465233788812692280 -2.935275870910353500 -0.409527878658406340 0
1.933428714665694800 -0.705227029078487890 2.182775353251747300 0
1.357162183544966100 -0.051031174144180430 -2.674977874080629800 0
1.727357403996728300 -0.631563170182980250 2.370097964415418100 0
2.599827827951812300 -0.889971033970790580 -1.203680532242805200 0
-1.937412828128172400 1.967080640308874300 1.173467207861568000 0
0.174682937444808120 -1.554036539874298800 -2.560167241431928500 0
0.346928027518532020 2.288070601391955200 1.909024323252052300 0
-1.072436364069947200 -0.861565598196476490 2.666005432294686500 0
1.101106955362550500 -2.422589669976742000 1.385143589587084500 0
0.856893989143362790 -2.607612529947033900 -1.210821863460188600 0
-2.973108924962249800 0.327124942711871650 -0.231543931394390700 0
-1.607729980487562700 2.438046474406885300 -0.686391796624652880 0
1.397187575361314800 2.284289931799844200 -1.352732932523575500 0
-2.803149722542175300 0.348202071758799640 1.010498367259743000 0
1.063126441240013900 -0.463726108279911340 -2.766716513565477400 0
-1.250954134199121000 -2.614605767323395100 -0.773918881801812790 0
2.976823536496797200 -0.077077402720853463 -0.364116336558122530 0
0.208568379035637350 -2.866738742146849500 0.859248634296700950 0
1.669275552300536700 2.211644993941567900 1.149845881527146200 0
-2.560095533071184100 0.131925159357198310 -1.558366649372844700 0
-0.501726134406093480 1.595100280420718400 2.490768150883511100 0
-1.517711116054249100 1.301901578796119500 -2.236426892910550200 0
2.255443818950110500 0.484730820314997480 1.917813653981139700 0
1.633168560207783700 0.431472338656792850 2.479232154301584100 0
0.144681154626168930 -2.053912165967523200 2.181859797967467400 0
-0.253296365982549950 -2.986502888358189400 0.129001739555040130 0
-2.977652370695639000 0.282044227637670620 0.232459486678670610 0
-0.228857915263375340 -0.248037693317256560 -2.980956450086977400 0
-0.221784624397782790 -1.430321357783866900 2.627735221411786200 0
-0.536994277753467310 1.728041501006875500 2.392803735465559800 0
-1.896458613840302300 -1.838178836154867700 -1.422864467299417100 0
1.093255718002116300 -0.828530664098640070 -2.668019653920102700 0
0.008394118856872137 -2.967828142563387200 -0.438093203527939730 0
0.285871033768786480 -2.747072010623209200 -1.171269875179296300 0
-1.289324773312957400 -2.655458632317497800 -0.534958952604754790 0
-0.413791342650172480 -1.667828948466141700 2.459089938047426000 0
0.993044160698199450 -2.826867572231259700 0.150608844264046140 0
0.239627141081927920 -2.311301988794953700 -1.897488326670125500 0
-2.556923104390239000 0.046338311190571073 -1.568437757499923800 0
-0.383100937459150750 -2.323338827873436600 -1.858851893673513000 0
2.355250715345161600 1.267094148954821500 1.359141819513535000 0
0.483523315940640460 1.460072432816658800 2.575731681264687100 0
-1.190026471365736500 -2.104139959856076800 1.776635029145176700 0
-1.647843875106684000 -0.198919172765533090 2.499008148442030100 0
-2.613692617395850800 1.141560671630659200 -0.930295724356822400 0
0.640720075184397770 2.908553349806420200 0.360271004364146830 0
-0.093977001007221228 0.571293968781932840 -2.943601794488357000 0
-2.095513654642037400 1.497936796414772300 -1.537858211004974300 0
-2.133723864570710800 0.489269002085548240 -2.051301614429151200 0
1.169240204613595900 -2.759995969574200000 0.123691518906216630 0
-0.372010072598400080 1.856669194179325200 2.326883754997406000 0
0.958805974570993260 -2.641606585764798300 -1.050050355540635300 0
0.913442318500887310 2.101001499879286500 -1.936857203894161800 0
2.709602295873285300 1.115094287321392700 0.643910031434064780 0
-2.083752016579344600 -0.326891023837902140 2.133335367900631500 0
-1.359939534842200500 2.389577579366736900 -1.200201422162541700 0
-1.820450098405431900 2.371495429811944200 0.248939481795709100 0
0.770917338755660490 -0.270025302966506180 -2.886654255806146100 0
-1.488783646144175000 1.934054235988220200 -1.744407483138523700 0
-2.475252801075034500 1.602632992461996200 -0.551988280892361180 0
-2.553155476798343300 1.558781678823794300 0.227149266029847090 0
1.644485531680814900 -2.501605273446585000 0.194006164738914130 0
2.021750549998082600 -1.864519592246912700 1.198370311593981900 0
-2.261453224920493300 -1.091196100878084600 -1.641682180242316900 0
2.489868462290677300 0.797226287322227220 1.471388897366252600 0
-1.791985071227103300 -1.571497068698761000 1.821863460188604100 0
1.605582001303861100 -1.992090294978491300 -1.566423535874508000 0
-0.789593545725985950 0.742749476552006520 -2.797296060060426600 0
-2.157673044861814200 1.721871667295558100 -1.174565874202703900 0
-1.261880555200564300 2.074226838809129600 1.762169255653553800 0
1.112215240279129000 2.412558544052446400 1.393749809259315700 0
2.602708352221166700 -0.873707582823972980 -1.209356975005340600 0
1.317487998727777200 -2.446953462140878200 -1.129886776329844100 0
-1.746964243847627800 -2.183314147342317200 -1.086855677968688000 0
1.096061263222485800 0.157867727149533340 -2.788140507217627300 0
2.116505812316861900 1.718784361958735100 -1.251472518082216800 0
-2.642891610727883000 1.046089987173832100 -0.959593493453779760 0
-0.905949390299833900 -2.514759763562402800 1.362071596423230600 0
-0.974869651658111900 -0.549933682088577960 -2.783379619739371900 0
0.798030646267916980 2.135863892730272900 1.949674977874080500 0
1.469470614448244800 0.743938575693328110 -2.507431257057405100 0
0.623513187855867290 -2.683128082594965900 1.188299203466902700 0
-2.017687784593854800 0.458997867505306970 2.172154911954100200 0
-1.811584727948196200 0.630831984868982620 -2.306558427686392000 0
1.903440354758124900 0.433199999304114740 -2.277993102816858500 0
-2.094644384252852800 -0.829551405139561380 -1.980986968596453800 0
-0.936061628514194940 -2.265610433373066400 -1.729392376476333000 0
2.332623716731318200 0.938059017697906780 1.636738181707205500 0
-1.845579524025205500 1.368008094409923500 1.929349650563066700 0
1.840453603550536800 -2.273669658076080200 -0.665700247199926710 0
-0.835579470710502200 2.186978872605040500 1.875881221961119400 0
0.859112173908385790 -1.468990729643739200 2.470625934629352600 0
2.743707944070423700 -0.854202581082484590 -0.861629078035828670 0
0.573009843898435120 1.588188746083378100 -2.479781487472152000 0
-0.128586969726394440 -0.256274779229437370 -2.986266670735801200 0
-2.825655275349296100 0.772372684874365060 -0.647389141514328470 0
0.202564387017164120 -2.168445897893589000 2.063203833124790200 0
1.496850818180942800 -1.987949681394063800 1.675557725760673700 0
-1.163484768686947200 2.738366037918249500 -0.384258552812280610 0
-2.051673045258822500 1.061773506240204100 -1.913968321787163700 0
-2.086384261225873600 2.030041680818600400 0.725211340678121320 0
-1.861773808872867300 -1.471184118710359800 -1.835596789452803400 0
-1.444912251301275100 0.781815439457093750 2.510177922910244800 0
-2.015443740524411000 -0.861921962576940650 2.048188726462599500 0
-2.142710717223927000 -1.932792510896187000 0.820429090243232520 0
2.081577653704155000 0.984547251983561300 1.922940763573107100 0
2.881164628169721200 0.030387155850547101 -0.835444196905423150 0
0.566396429908814890 2.036370931159570600 -2.128940702536088000 0
0.944758936505084470 0.246500680475156440 2.836664937284463200 0
-1.412558658971661700 -2.596625170844764500 0.512070070497756880 0
-1.508216444341741600 -1.406252865010533500 2.178930021057771800 0
2.280493162526554800 -0.542984864515921210 1.872035889767143900 0
2.998872399170290600 0.020126846726826114 -0.079744865260780673 0
0.114218758692712780 2.851909393179059600 0.923886837366863060 0
0.262871169556688320 -1.597059563392941400 2.525925473799859800 0
1.899462499319929200 2.191054504703671600 -0.768974883266701160 0
-1.547089304068377100 2.522299136031108000 0.494491409039582550 0
-0.139993924996012180 2.869199594318646400 -0.864925077059236490 0
2.213256977680611500 -1.309377701536417000 1.544999542222357900 0
0.134293579263254830 -2.160448241501962100 -2.077120273445844900 0
-0.644281351480990420 -1.715831347877152100 -2.375041962950529500 0
-1.340560908751069000 -2.164112031705662800 -1.587298196356089700 0
2.356587992775255100 0.783050374733041400 1.683248390148625300 0
-0.074508548043746653 2.937474602318433300 -0.604724265266884280 0
-2.756359936106648400 0.812838357630244260 -0.861262855922116710 0
-1.567341981774336800 1.969642486235755300 -1.632160405285805600 0
2.201237581601473500 0.329984713766705180 -2.011383404034547100 0
-0.691655804140935530 -2.919179890710054800 -0.001007110812707907 0
-1.114673824145293400 2.340132394539399500 -1.510391552476577200 0
-0.329782893113407140 1.126459982081631700 2.760856959746086100 0
-2.121384536387238100 2.091995599536495800 0.351115451521347710 0
1.134422021508766600 -2.649471928308525300 -0.832697531052583370 0
-2.973542777926770700 0.125801228197853470 0.377117221594897360 0
0.682360526663416400 2.180327911694016400 -1.944364757225257100 0
1.053607288229123200 -1.288926898406093800 2.495712149418622500 0
-1.143322939790184500 1.478222325938372200 2.346842860194708000 0
-2.862047086877163200 0.143083354753510810 -0.887813959166234400 0
2.394851638860399800 -1.280711488470441100 -1.274544511246070900 0
-2.777832633371436700 -1.098885291067164000 -0.275856807153538610 0
-2.464540881562477600 1.571659461811691500 0.675222022156437780 0
-2.443335230221360500 -1.720508828283741300 -0.264503921628467700 0
-1.040944823419798700 0.811592534255175630 -2.694021423993652000 0
-1.466965957992275800 -2.206128303808235500 1.407483138523514500 0
2.163838103720240100 1.993254800775982300 -0.587145603808709950 0
1.846599027011255300 -1.054559521639222500 -2.116122928556169600 0
-0.003465695043806715 2.891791206643112400 -0.798455763420514500 0
0.575782136270888590 -1.924912979706691500 2.227820673238318800 0
2.371679598405483700 1.613211574812225800 -0.879024628437147130 0
1.584793113901882900 0.831167377622433090 2.407818842127750400 0
2.378285762050410300 0.489700832180333060 -1.761803033539841800 0
1.680805511785145300 1.209544399116250400 2.170690023499252300 0
-2.472372421016712600 0.592429778016823060 1.592608417004913500 0
-2.651949857043897300 -0.612918946432193690 -1.261543626209295800 0
2.720517115542241200 0.811065240978897210 0.970030823694570830 0
0.295686019918266150 -1.202144256840363300 -2.732657856990264600 0
-2.605970739372408300 -0.225678241545054810 -1.469008453627124800 0
-0.177961718959520370 -0.035488591488266136 -2.994506668294320700 0
0.954416401045804940 -1.717006274656578200 -2.267372661519211400 0
-2.613705340772357800 0.993023027611790620 1.087405011139256100 0
0.340602076121308220 -0.008492270139959592 2.980590227973265400 0
-0.478078147418914300 -0.584969726213036670 2.903317361980041000 0
-0.129216447447842830 2.963437054276047100 0.448713644825586730 0
1.999229582389438600 -2.010859961154645600 0.979552598651081800 0
1.651299343596794400 0.225892888285166740 -2.494430372020630700 0
2.672269071986688600 -0.382799890375509880 1.308603167821283500 0
0.001134613160616348 1.029050312395429100 -2.817987609485152600 0
-1.846357573901810300 -2.171938669635480800 -0.934690389721366090 0
-0.671332296964660460 -0.507659594786133430 -2.879512924588763000 0
2.928603867118448900 0.056725651996794003 0.648121585741752380 0
1.025744905491305000 1.185964068159258300 -2.557603686635944800 0
1.723552485715108300 2.455400911357775500 -0.019318216498306222 0
1.081599900879032700 -2.601595481983297400 -1.030457472457045200 0
2.955004284884528200 -0.517428638307175560 0.014740440076906645 0
-2.196491620827632800 -2.029181222529465400 0.240516373180333860 0
-2.844359825465870600 0.713946961139684920 -0.632374034852137830 0
-2.481552651431455200 -1.137537693281775100 -1.244148075807977500 0
2.840409668387269300 -0.045755258815963394 -0.964354380932035400 0
-1.914096709822852700 2.027208160140070400 -1.107547227393414200 0
-0.656503918336470930 -0.511451130134897850 -2.882259590441602600 0
2.217619290950913100 0.622883439420779510 1.922025208288827200 0
-0.106581999564842450 -1.670657916390629400 2.489486373485518800 0
-0.177141837570958030 2.633577707712865000 -1.425794244209112700 0
-1.963449551997429300 -2.176907197725281400 -0.637134922330393370 0
-0.878732093330750970 -2.837346492961011300 -0.421063875240333290 0
-0.355665549010531050 -2.465165863494124900 1.672261726737266100 0
0.808838784840773650 2.541650636379729500 -1.373241370891445700 0
0.174863428116190960 1.110139933808835800 -2.781548509170812100 0
2.792513918828667000 -0.734327666538352350 -0.814020203253273070 0
-0.714324234708868520 2.507580189929965500 -1.483840449232459500 0
-2.191916021257075200 -2.010976262858722200 -0.389202551347392230 0
2.835851676795200700 -0.939282626339031260 0.275124362926114700 0
-2.198169406502251900 0.492966911469761960 1.981170079653309800 0
1.754790505639176600 2.390063887817627900 0.456404309213538030 0
-2.713907395100643200 -0.918280077489768700 -0.889645069734794180 0
1.773749331087616500 2.123800599301790100 -1.159001434369945300 0
2.864130329733831600 0.299301732825293650 -0.840937528611102710 0
-2.085491442014471900 -0.914674701016962240 -1.952970976897488300 0
-2.146504287900363700 2.075755986549747700 0.289407025360881360 0
-2.268989524629186200 1.647719814813524400 -1.066164128543961800 1
2.300871686142038200 1.507636735160824600 -1.197088534195989800 0
0.432245410822198140 1.297722238486544800 -2.670033875545518400 0
0.603872635631311880 0.874832946996792480 -2.805352946562089700 0
-0.216164951973279620 -2.246570590616805000 -1.976409192175054400 0
2.959989283423922800 0.217207293246821750 -0.437360759300515770 0
-2.772709918964339200 -0.460612825242009360 -1.048768578142643500 0
-0.865752267688962850 -0.587790862640544250 2.811578722495193400 0
-0.520981263111363610 1.611930109673869000 -2.475936155278176000 0
-0.510525006762013960 -2.749996951283701500 1.084841456343272200 0
1.902275683465713700 -1.125891570053297200 2.028229621265297500 0
-1.462898667750473200 -2.615802897058744600 -0.132297738578447840 0
0.470770239722240750 -2.217901650782246200 -1.964506973479415400 1
0.310480893685882890 1.011084169413645000 -2.807367168187505900 0
-0.446351361814568410 1.071010454949133500 2.766533402508621500 0
1.262423106233447900 -2.693422371554803800 0.389568773461104190 0
-2.261261654696181000 1.449356552877255200 1.336436048463393000 0
-2.985942836588222800 -0.224005391202100170 -0.184301278725547050 0
-2.749972531651113900 -1.186668297454384700 -0.171666615802484210 0
0.898744229899893890 -2.052110598556077900 -1.995269631031220300 0
-2.541909832932024200 -1.127081475548434600 1.126224555192724400 0
-1.736402813667171900 0.743375538209832490 -2.330729087191381500 0
-1.806702682069045100 2.352652581313973400 0.448164311655018800 0
0.510021538029205470 2.781448729867072300 -1.001709036530655800 0
2.412857118492180300 0.988647936940165840 -1.483474227118747500 0
0.518360253910187590 -2.937936879535466300 -0.315958128604998940 0
0.159325243086283990 -1.300457420372479200 -2.698782311471907400 0
-2.996130502387034200 0.097415167610169134 0.117099520859401230 0
2.987330159182420200 0.008019651379799039 0.275307473982970670 0
-0.342666539003256390 2.733941945835574000 1.186651203955198900 0
-2.996077547904081800 0.095688131320435882 0.119846186712240980 0
-0.200750611234110590 -0.829535225227248210 -2.876033814508499400 0
-0.711011991019920740 2.908727758166901500 -0.183751945554979090 0
2.173675328351806900 1.703140502063149800 -1.172368541520432100 0
-1.511259522043778600 -1.571337524147183400 2.060823389385662500 0
2.564213658515333400 -1.553745070440615500 0.103366191595202490 0
0.204468565711220300 -2.840490118332140900 0.943296609393597270 0
2.392432934506279400 1.790830846539326600 0.263039033173619820 0
2.098509419749414300 1.979707727421072800 0.822809533982360230 0
2.306010858625346000 1.178022340255305600 1.514786217841120700 0
2.777211899265593900 -1.081738181943000500 0.341959898678548540 0
-2.630536221317343800 0.269028369342222960 -1.417004913480025800 0
0.909987242317451320 -1.361415270707961600 2.513657032990508400 0
-0.706192020025785290 -2.738291191866882200 -1.001525925473799800 0
-2.437885387867409800 1.543505286653844600 0.821161534470656430 0
-0.691465642531041700 2.509315431964390400 1.491714224677266800 0
-0.394593629455586400 1.925263097072321200 2.266640217291787400 0
2.441290413954718500 1.474785286512279900 0.930112613299966420 0
1.151804359453569800 -2.442770745001491900 1.306222724082155800 0
-2.435122084644733700 1.241330194204422600 1.236640522476882200 0
1.460574558459123900 -2.068082958652213600 1.609271523178807900 0
1.101380912890973100 0.602917603269317650 2.724600970488601200 0
-2.952950776896959600 -0.322041817995574630 -0.419965208899197310 0
-0.710501966583983570 2.826617655419892300 -0.710928678243354590 0
0.677690307658215920 -1.375223956681993900 2.578661458174382700 0
-1.886499052402787400 -2.330096678011643000 -0.108493301187170020 0
0.721080958026674160 -2.307153993261031200 1.776818140202032700 0
2.018759317573860700 1.333877817664685700 1.773522141178624600 0
1.349831445871940300 -0.684020169287960940 2.590380565813165800 0
1.917250866514703200 -1.392571137528672000 1.839808343760490800 0
0.345638551009574750 -1.415761796322583300 2.622241889706106800 0
0.025239381831817322 -1.860297648662290900 -2.353434858241523700 0
-2.186306507333490900 -0.014044459024655821 2.054231391338846800 0
1.868758410158011700 -1.746108147960838700 -1.568071535386211800 0
1.658447548617983500 -0.599167634620379030 2.427045503097628600 0
-1.645125088303568000 0.816484672649005820 -2.372112186040833800 0
-1.551931077788471400 2.457705609028732100 0.742423780022583690 0
1.776321629101519100 -2.310796933078529000 -0.710562456129642640 0
1.099140059496436000 2.665387015037468100 0.829218420972319790 0
-0.992144293553766990 -2.117301619107469600 1.879543443098239000 0
2.130284164887159100 1.907921099911254100 0.906491286965544600 0
-0.890612821367330110 2.190036999869974900 1.846766563921018200 0
-0.739111350091255730 -1.041653511736900100 -2.714529862361522400 0
-0.250947086576823960 2.546578791446458400 -1.565874202703940100 0
-2.774618430080720600 0.754421028921364310 -0.855769524216437260 0
-1.949917283298848900 -0.741686424210249110 2.155858027893917700 0
2.270558976000234300 1.001299167475357300 -1.685811944944609000 0
-2.462883510566790800 -0.548861265477234910 -1.622638630329294600 0
-0.212326828554735670 -0.238334407041030040 -2.982970671712393600 0
2.744208460208488600 -1.128720628660663900 0.441938535721915330 0
0.135218429935753250 -2.602158771263374200 1.486770226142155100 0
-2.953243785078127500 0.477229267313522110 -0.224951933347575320 0
2.103070897198011200 -2.098337791847877800 0.417218543046357580 0
-1.089575601585877500 -2.415022078806137200 1.407300027466658500 0
-0.486743741381570950 2.327189772122330200 -1.829554124576555600 0
-1.976509944390902400 2.228914627335260200 0.354045228431043470 0
-0.933238147659029680 2.299907310309845100 1.685079500717185000 0
-0.941467578682717130 0.865414566331075610 -2.713797418134098500 0
-1.270986980383942900 -2.518611475234713700 1.020386364329966000 0
2.547806729235110500 1.169978270108655600 -1.067629016998809600 0
-2.499248368558740600 -0.655928910286570970 -1.524307992797631700 0
2.593199225716291200 1.467113210494982900 -0.350566118350779720 0
-1.479315431571878400 2.600495268687738700 0.221472823267311600 0
1.645648787664438300 -0.721576198078830560 -2.402325510422071100 0
1.142154397520079600 -2.407925823418548500 1.377452925199133200 0
2.994730643031380300 0.173041426166026830 -0.040559099093600268 0
-2.579033344982353300 -0.204423654994402180 -1.518814661091952400 0
-1.406670936813973800 2.272782212943254900 -1.362254707480086600 0
2.207884481921178500 -2.012023160097650400 0.277504806665242460 0
0.742986465010385900 -0.431134896936652250 2.874385814996795600 0
-2.684373822635969000 0.533169261806199170 -1.228766747032075100 0
1.094500857919504600 -1.694539571768032000 2.220496230964079700 0
-1.152132726324220300 1.149319364879992000 -2.520249031037324000 0
2.803531468554592900 1.023819407899081700 0.303323465681936080 0
0.851035339663627880 2.623667519226001900 -1.179876094851527400 0
2.723732971375724800 -0.439873522329437330 -1.178044984282967700 0
2.692762365344041300 -1.251580759594380400 -0.427289651173436700 0
0.512059009576251610 -2.948459602742566700 0.210669270912808630 0
1.224654405543956500 -2.189306599777911500 -1.645344401379436500 0
-1.500107052465214500 -2.053478888298159600 -1.591509750663777600 0
1.396485174354434000 -1.796625178317566400 -1.954985198522904100 0
0.011411701988771740 -2.069974453878479900 2.171422467726676200 0
-2.080534586821245900 -1.864443194105501700 1.093264564958647400 0
1.030440519271397900 2.793780822749883700 0.364665669728690470 0
-2.525852045225861700 0.900244480574460830 -1.345225379192480200 0
0.737494418488732320 -1.745515884797990800 -2.325785088656269700 0
-2.689055313406596000 -1.227044974306537000 -0.513168736838892750 0
2.988943516902559800 0.190540037933053380 0.172948393200476090 0
1.564329407899523300 -0.723082958692261800 -2.455610827967162500 0
-2.584821383450413900 0.963940967949758250 1.178777428510391600 0
-0.483033357883449250 -1.967892561328001400 2.212256233405560700 0
0.619520835725868690 -0.722986753549169970 2.844904934842982200 0
2.905027405483480600 0.740732520732198420 0.110141300698873860 0
1.325067794202524600 -1.704744315056907000 -2.082796716208380700 0
1.734991417045049300 -0.408182445927143030 2.413129062776573800 0
0.638663626818148030 -2.717580212653710500 1.098574785607470800 0
0.986545054810041070 2.472688517654988000 -1.382946256904812800 0
-0.453308576194292430 -2.930875815717779900 0.452192754905850370 0
-1.943163907975342900 -2.177813538076657500 0.693716238898892220 0
-1.382351733203493800 -1.356941123431255400 2.290810876796777000 0
-0.893948073994248920 2.479954738077665000 -1.432020020142216200 0
-2.151395764509847800 -0.534750584408327570 -2.021271401104769900 0
-2.582343085028839800 -1.015257345574673200 -1.140507217627491100 0
0.902191422885237020 1.949116235663268500 2.094515823847163300 0
-0.109910123084840720 2.058007455516444900 -2.180028687398907600 0
-1.697562635477517700 -0.671163893046747060 2.380718405713064800 0
1.796662964984449700 -2.367179413941119700 0.410443433942686230 0
2.832742927547166700 0.332864277580799450 0.929929502243110440 0
1.594216580111937000 -0.671498679020641980 2.451033051545762600 0
-2.590995014766302300 1.163740367600005800 -0.965636158330027250 0
-0.659652490263126890 2.918488741401772800 -0.217444380016479980 0
0.574107672285266270 -0.715675655733469250 -2.856257820368053300 0
2.421576748128786000 -1.112012203359566300 1.378185369426557100 0
-2.434735384270960700 1.714453125940268700 0.364299447614978510 0
-0.430247617436085860 1.826815755559275200 2.340433973204748800 0
-2.093713311365591200 -1.868305385696887400 -1.061037018951994400 0
1.538449917410148500 -1.913298871472482300 1.724082155827509200 0
1.234692493266275700 2.009954654571277600 -1.853541673024689400 0
-0.738059886749019010 -0.395334653903586910 -2.880794701986754800 0
2.549469789908573400 1.178446271913361700 1.054261909848323000 0
-0.753311758167685140 2.701365714052937200 -1.065431684316537900 0
-1.388051396531342600 2.598865245250336500 0.564989165929136060 0
-1.692419141306555500 0.875442481990126090 2.317178868984038700 0
1.597686406918724400 1.784753054997867200 -1.806115909298989800 0
-1.421548442994157600 2.066600243864952000 1.645710623493148500 0
-2.197735660615548700 -0.476959756584269150 -1.985564745017853300 0
-1.708659012894624600 -0.116328059231725640 -2.463118381298257600 0
0.549130611779182210 -2.840920135824433600 -0.792229987487411020 0
0.733477543075246260 -1.083347645973530500 -2.699697866756187300 0
1.387064514787083300 2.081203049051609400 1.656697286904507600 0
-2.765003443896975700 0.864614342427789560 0.779229102450636370 0
-2.746616693564230000 -1.206521740226324200 0.020050660725730154 0
0.904461117569276830 1.359345155496251000 2.516769920957060400 0
-1.438181003853453500 -2.302918889589899100 -1.276009399700918800 0
1.772841380007790900 -1.043325192501921400 2.183690908536027200 0
0.818431956527617690 -2.802542999601703100 -0.689870906704916460 0
-2.083005437443510700 -2.149253639043389600 0.204443494979705210 0
-2.344564357889702900 -1.213349429449816800 -1.425061799981688800 0
-2.142186727810623500 2.034541686170441300 0.521225623340556110 0
-0.203703812798747520 0.552781428622165620 2.941587572862941300 0
-0.919265475869900150 -1.248292930195133300 -2.568407238990447500 0
2.206048572255340900 1.374600106002314700 1.497940000610370200 0
-2.556955217859169200 -0.142581104096196090 -1.562578203680532200 0
2.090170701115523900 -1.973356630613729600 -0.858516190069277040 0
-1.754573809935023700 2.433018590794995300 0.043488876003295998 0
-0.297070292395264500 2.430562956728233200 -1.733237708670308600 0
1.341829929864868400 2.185303033029809300 -1.556901760917996900 0
-0.450395607783142800 2.934388236323250100 0.431867427594836210 0
2.540562618833226900 -1.595237325486478500 0.027558214056825462 0
2.583851002996575600 -1.457902672809027200 0.445234534745323040 0
2.960745435249788400 0.341575604728541760 -0.342509231849116520 0
1.458570818284548900 -1.245598105925492800 2.306741538743247900 0
-2.972241954864752100 -0.175459218635787450 -0.367412335581530190 0
2.862566745077731700 0.702492066841485240 -0.558763389996032590 0
1.304966746008092300 -2.367925194472198800 1.299996948149052300 0
1.336382443461912700 0.342392748585071130 2.663991210669270700 0
2.219845271214356200 -2.004301162249492800 0.234656819360942400 0
2.263786332042526000 -1.012865302744161400 -1.688009277626880700 0
-0.969468710112037390 2.681399631799073800 0.932859279152806090 0
1.674589743322374900 -1.459764154704396900 -2.016144291512802500 0
-2.173432763515038300 -0.303902614611790970 -2.045442060609759900 0
1.716274075785593700 -0.823070623171872070 2.318826868495742500 0
-2.292058669489117000 -1.856612300809456400 -0.547227393414105650 0
2.316538877312799700 -0.777642866242562850 -1.740379039887692200 0
-2.249638974126587000 0.202210252853236990 -1.974394970549638200 0
-0.410266413476671420 -2.388130041974533500 -1.768761253700369200 0
-2.877282880421008200 0.163210607317510640 0.833429975280007280 0
-0.540103389285003340 2.872477381156455700 0.676137577440717790 0
1.662543663768476500 -2.495578994152187300 -0.089632862331003760 0
-1.837116259893297100 2.340733447385334700 0.382061220130008820 0
2.819108255307978300 0.819310975525964660 0.617542039246803180 0
0.086700567726126873 2.998475077626296500 0.040375988036744283 0
-0.141037055310011840 -2.760087575551511300 1.167058320871608500 0
0.953709853487300970 -2.433671529616650500 1.472304452650532400 0
2.508625171829171700 1.414189434491743400 -0.840754417554246510 0
2.762498430980127900 -1.169207121548325500 -0.039460432752464372 0
1.794270004450682100 1.225497760287467900 2.068514053773614000 0
0.281266292977974620 2.098775580995964500 2.125095370342112500 0
1.199486074478406800 1.370295032152340400 -2.384014404736472400 0
0.862845439027079890 2.766328392292808100 0.776482436597796700 0
2.312546039800294800 -1.608263378666244100 -1.032288583025605000 0
0.375485463853121540 -2.864385209684976900 -0.808893093661305570 0
2.431588692616290200 1.615373408308870400 0.691335795159764400 0
-1.128138876980720100 2.769552201701270400 0.238502151554918050 0
0.648009082813133520 1.656390259694550600 2.415875728629413500 0
2.444279609547521700 1.262280831714822000 -1.196722312082277900 0
-2.003564686388920700 0.683070018561622860 2.125827814569536400 0
0.191516168455371390 2.843210609430467900 0.937803277687917710 0
-1.967558499701199900 -1.004886577156517900 2.029511398663289300 0
-2.002639211860387700 2.226358748234245500 0.181005279702139340 0
1.269508650375810200 2.550237947785748600 0.940549943540757600 0
-2.646494050689971900 -1.326778267872799500 0.485518967253639360 0
-2.247513560101388900 0.604625872682806540 -1.892910550248726000 0
1.156024482740879700 2.090071030859308900 -1.815271462141788900 0
0.068742863505126733 2.968381193603986600 0.428937650685140500 0
2.795371525646156700 0.994794486914167390 0.443037202063051190 0
1.212669527858591700 -1.875913002717628100 -2.002594073305459700 0
-1.377808187592263900 -2.280512051723941000 -1.378734702597125100 0
-0.121643006737430640 -2.319455770392923300 1.898770104068117300 0
-0.283313785648148910 -2.219009857852948900 -1.998931852168340100 0
0.307428876601558430 -2.725570816159923900 1.215216528824732100 0
-1.432031066749037900 -2.013295587775715900 -1.701742606891079500 0
-2.117421943851580200 -1.953877971974421300 -0.835993530075991090 0
-0.061729287562035134 -1.785253174612462000 2.410199285866878100 0
-1.017582372825251800 0.851767674637233020 -2.690542313913388400 0
1.281146605668284800 2.003682698852623300 1.828638569292275800 0
1.750853928378297300 1.020016117147433600 -2.212256233405560700 0
-0.024189669365341483 -2.368928970579072100 -1.840540787987914800 0
-1.654308194742832400 -2.456076565632247600 0.480574968718527780 0
-0.568576965531807480 -0.867277137668353350 -2.815057832575456900 0
-2.318925167771887200 -1.663019045935540100 -0.925717947935422840 0
2.543043527261692900 -1.156590770090350200 -1.093264564958647400 0
-1.893635499551250300 -2.125583926484573300 0.946592608417004990 0
1.886688128538982900 -1.209528720693162000 -1.994354075746940500 0
-1.047417185165403700 -0.055585975786157704 2.810663167210913500 0
-1.157745031804917600 -2.763051144516079000 0.158665730765709420 0
-2.659864358783642100 0.893178145686611470 1.061769463179418300 0
-1.319724804444694300 0.497062889012090670 2.647877437665944600 0
1.545926815506236500 1.759931847818439400 1.874233222449415600 1
-1.655249572913477100 -2.501748714927616300 0.037446211127048552 0
0.465757267415621290 -1.412776584487720900 -2.605212561418500000 0
0.966903947619769830 2.800449083247935600 0.471785637989440620 0
-0.689864282610368140 2.618833416786353000 -1.290658284249397200 0
0.028602919360060812 2.827677647670771700 1.001709036530655800 0
-0.556670546615923970 2.333503372162026900 -1.801355021820734400 0
2.018726157887664700 2.112313839936977600 0.680349131748405390 0
-1.292087620572504900 1.881483385154757000 1.946928312021240800 0
2.297829677079047200 1.909577381901612600 -0.271095919675283070 0
-1.169920306941925900 2.512972291565356700 1.147282326731162500 0
-2.411245572209601100 0.543666365024690120 1.700094607379375700 0
2.851814221948950800 -0.001093690487174034 -0.931211279641102290 0
-2.976767462160186300 0.169426405647661070 -0.331888790551469470 0
-1.277508217774963900 -1.492311618701912800 2.267372661519211400 0
1 80 735
1 189 465
1 206 824
1 221 671
1 351 818
1 547 393
1 595 595
1 634 420
1 713 117
1 733 158
1 791 593
2 257 766
2 293 284
2 298 969
2 325 330
2 345 33
2 370 405
2 506 858
2 650 706
2 677 299
3 39 637
3 76 74
3 85 726
3 215 123
3 235 760
3 473 558
3 541 897
3 709 685
4 249 588
4 694 651
4 811 689
4 817 698
5 385 988
5 399 101
5 455 363
5 460 451
5 708 238
5 758 660
5 765 940
6 36 953
6 136 260
6 166 87
6 194 481
6 222 31
6 493 225
6 494 545
6 711 115
6 775 153
6 807 117
7 57 505
7 322 110
7 363 535
7 403 684
7 413 442
7 551 223
7 685 561
8 44 466
8 388 27
8 489 724
8 515 745
8 633 575
8 652 54
8 726 396
9 163 289
9 171 289
9 384 271
9 719 401
10 99 958
10 130 489
10 151 598
10 292 803
10 300 398
10 404 503
10 481 237
10 557 613
10 589 282
10 601 163
10 673 612
10 693 927
11 280 567
11 431 211
12 62 389
12 86 100
12 167 701
12 316 980
13 59 42
13 188 503
13 376 785
13 452 174
13 488 697
13 529 150
13 579 568
14 64 748
14 276 177
14 377 214
14 466 496
14 674 287
14 739 696
15 289 271
15 416 793
15 504 234
15 613 683
15 627 960
15 772 524
16 144 169
16 202 140
16 525 187
16 603 149
16 746 409
17 54 901
17 226 281
17 430 673
17 474 739
17 559 72
18 35 445
18 233 771
18 261 635
18 472 820
18 721 366
19 98 530
19 254 938
19 339 610
19 362 391
19 408 409
19 450 488
19 566 533
19 715 933
20 226 618
20 332 303
20 397 647
21 41 917
21 278 518
21 313 793
21 373 898
21 439 669
21 576 786
21 752 658
22 109 806
22 253 651
22 435 830
22 578 716
22 626 591
22 718 308
23 241 29
23 443 563
23 469 983
23 519 638
23 531 783
23 569 667
23 596 556
23 675 813
23 743 596
24 118 366
24 140 763
24 150 558
24 191 263
24 285 803
24 324 593
24 454 609
24 584 295
24 676 759
24 720 953
24 725 950
24 781 362
25 100 252
25 279 414
25 305 281
25 364 132
25 555 19
25 617 312
25 636 52
25 688 364
26 315 199
26 485 872
26 500 165
26 507 788
26 623 223
26 625 436
26 654 672
27 142 367
27 250 240
27 417 916
27 585 451
27 591 262
27 702 74
27 815 226
28 262 328
28 458 921
28 549 395
28 606 327
28 690 826
28 729 28
28 741 529
29 246 637
29 295 367
29 484 41
29 707 474
30 70 955
30 134 916
30 232 495
30 437 829
30 577 533
30 802 218
30 818 528
31 66 428
31 72 236
31 92 510
31 271 199
31 347 237
31 427 280
31 461 957
31 598 438
31 667 103
31 695 816
31 788 832
32 289 371
32 309 900
32 464 29
33 43 344
33 69 478
33 169 609
33 213 192
33 283 787
33 401 43
33 440 298
33 453 650
33 575 800
33 610 352
33 698 892
34 129 720
34 211 548
34 338 637
34 444 263
34 448 964
34 560 997
34 593 180
34 614 205
34 631 379
34 657 4
34 822 283
35 233 968
35 261 953
35 472 334
35 509 647
35 721 684
36 136 86
36 166 377
36 194 464
36 222 122
36 493 81
36 494 981
36 711 724
36 775 755
36 807 670
37 164 688
37 424 990
37 482 799
37 681 413
37 757 977
37 769 340
38 299 593
38 423 670
38 462 382
38 596 418
38 689 879
38 762 552
38 801 53
39 76 645
39 85 238
39 215 280
39 235 297
39 473 537
39 541 902
39 709 185
40 270 723
40 310 833
40 406 157
40 622 521
40 630 875
40 679 115
41 278 233
41 313 25
41 373 381
41 439 652
41 576 136
41 752 41
42 106 998
42 429 756
42 665 56
43 69 791
43 169 694
43 213 826
43 283 567
43 401 655
43 440 806
43 453 255
43 575 163
43 610 55
43 698 663
44 388 988
44 489 823
44 515 220
44 633 678
44 726 627
45 48 437
45 218 313
45 227 522
45 272 640
45 356 687
45 581 35
45 607 643
45 717 56
45 728 681
45 763 958
46 154 647
46 155 738
46 317 586
46 536 635
46 544 433
46 583 832
46 750 353
46 820 801
47 190 18
47 390 483
47 480 653
47 670 184
48 102 437
48 336 288
48 517 727
48 573 517
48 587 738
48 597 463
48 666 813
49 55 350
49 209 771
49 240 551
49 353 408
49 354 452
49 492 498
49 628 593
49 704 657
50 153 82
50 205 847
50 207 879
50 368 854
50 421 276
50 483 929
50 582 952
50 795 512
51 201 559
51 274 220
51 348 305
51 522 435
51 548 505
51 782 947
52 352 53
52 441 697
52 543 295
52 620 308
52 755 268
52 829 113
53 187 818
53 383 136
53 478 66
53 542 468
53 697 6
54 226 874
54 430 333
54 559 107
55 600 548
55 821 379
56 126 464
56 234 839
56 477 546
56 572 6
56 609 415
56 682 449
56 687 6
57 322 449
57 363 975
57 403 385
57 413 775
57 551 411
57 685 708
58 60 546
58 173 541
58 389 42
58 594 626
59 188 391
59 376 900
59 452 190
59 488 312
59 529 17
59 579 886
60 173 106
60 389 718
60 594 244
61 193 919
61 210 746
61 243 259
61 652 259
62 86 227
62 167 346
63 152 501
63 392 721
63 465 309
64 276 567
64 377 239
64 466 424
64 739 436
65 120 663
65 224 75
65 306 111
65 365 267
65 530 452
65 537 611
65 616 15
66 72 325
66 92 794
66 271 92
66 347 154
66 427 837
66 461 292
66 598 106
66 667 48
66 695 847
66 788 61
67 198 614
67 247 317
67 312 392
67 381 880
67 751 388
67 803 647
68 124 337
68 361 195
68 671 102
68 738 646
69 169 509
69 213 811
69 283 27
69 401 266
69 440 188
69 453 638
69 575 985
69 610 58
69 698 299
70 134 968
70 232 121
70 437 543
70 577 909
70 802 406
70 818 359
71 199 181
71 216 821
71 225 173
71 260 268
71 296 464
71 318 182
71 330 726
71 375 375
71 456 456
71 465 90
71 523 490
71 799 708
72 92 222
72 271 670
72 347 178
72 427 482
72 461 399
72 598 344
72 667 822
72 695 740
72 788 858
73 143 106
73 273 83
73 311 365
73 367 314
73 419 732
73 434 12
73 467 25
73 474 409
73 550 686
73 692 911
73 827 748
74 89 527
74 159 654
74 179 404
74 252 795
74 287 680
74 672 843
75 360 753
75 501 828
75 580 780
75 732 493
75 768 305
76 85 205
76 215 710
76 235 422
76 473 964
76 541 156
76 709 462
77 90 7
77 109 46
77 219 304
77 264 625
77 341 284
77 425 880
77 447 346
77 532 407
77 574 851
77 611 684
77 678 18
77 701 644
77 742 970
77 784 676
78 97 922
78 107 875
78 160 691
78 428 174
78 568 310
78 740 894
78 825 485
79 247 23
79 395 584
80 189 368
80 206 761
80 221 373
80 351 993
80 547 818
80 595 725
80 634 766
80 713 184
80 733 988
80 791 475
81 147 6
81 168 153
81 231 543
81 302 172
81 375 21
81 415 744
81 565 351
81 683 81
82 103 902
82 149 850
82 200 789
82 237 635
82 263 648
82 269 38
82 282 246
82 380 695
82 516 958
82 714 978
83 251 356
83 290 124
83 323 369
83 379 265
83 661 507
83 756 926
84 216 154
84 230 611
84 329 264
84 464 764
84 564 481
84 588 643
84 615 537
84 777 250
84 796 29
85 215 107
85 235 73
85 473 942
85 541 202
85 709 14
86 167 154
86 265 162
87 308 111
87 326 593
87 513 894
87 770 496
87 783 768
87 819 673
88 158 315
88 305 269
88 402 328
88 412 73
88 640 331
88 765 175
89 159 297
89 179 59
89 252 998
89 287 88
89 672 992
90 219 716
90 264 154
90 341 65
90 425 827
90 447 498
90 532 374
90 574 974
90 611 194
90 678 877
90 701 261
90 742 952
90 784 271
91 355 885
91 653 691
91 660 111
91 804 672
92 271 492
92 347 951
92 427 121
92 461 89
92 598 639
92 667 794
92 695 710
92 788 407
93 131 798
93 528 205
93 727 99
93 812 428
94 286 532
94 319 129
94 533 4
94 563 304
94 648 868
94 748 523
95 621 844
95 774 444
96 245 176
96 337 135
96 378 526
96 490 373
96 497 943
96 510 596
96 553 889
96 651 318
96 806 526
96 823 203
97 107 726
97 160 215
97 428 11
97 568 255
97 740 321
97 825 587
98 254 724
98 339 164
98 362 919
98 408 204
98 450 790
98 566 610
98 715 954
98 764 971
99 130 615
99 151 242
99 292 853
99 300 256
99 404 248
99 481 471
99 557 605
99 589 715
99 601 130
99 673 734
99 693 317
100 279 1
100 305 300
100 364 689
100 555 375
100 617 178
100 636 487
100 688 493
101 184 809
101 333 560
101 629 213
101 749 356
102 336 908
102 517 508
102 573 57
102 587 544
102 597 993
102 666 718
103 149 448
103 200 577
103 237 515
103 263 72
103 269 754
103 282 284
103 380 109
103 516 898
103 714 774
104 156 349
104 181 46
104 217 597
104 303 655
104 382 200
104 586 820
105 113 892
105 358 666
105 449 779
105 700 784
105 747 200
106 429 289
106 665 529
107 160 706
107 428 702
107 568 531
107 740 521
107 825 616
108 185 417
108 197 760
108 267 222
108 398 895
108 487 591
108 495 371
108 502 290
108 712 163
108 760 800
108 789 69
108 805 496
109 253 364
109 435 403
109 578 979
109 626 494
109 718 43
110 128 78
110 172 924
110 277 94
110 286 263
110 349 136
110 567 526
110 662 322
110 817 807
111 238 582
111 395 23
111 674 145
112 393 583
112 508 973
112 826 741
113 358 526
113 449 288
113 684 144
113 700 814
113 747 20
114 135 549
114 165 661
114 605 104
114 810 408
115 137 33
115 442 280
115 645 412
115 655 506
115 744 748
115 778 693
116 183 134
116 369 565
116 716 374
116 761 409
116 771 106
117 123 625
117 174 556
117 344 409
117 446 371
117 457 743
117 499 131
117 642 52
117 644 741
117 734 154
118 140 480
118 150 600
118 191 630
118 285 548
118 324 583
118 454 691
118 584 814
118 676 444
118 720 451
118 725 765
118 781 341
119 176 610
119 284 272
119 535 990
119 705 786
119 800 698
120 224 178
120 306 556
120 342 642
120 365 573
120 407 840
120 537 193
120 616 421
121 145 66
121 214 386
121 371 13
121 476 240
121 524 762
121 624 761
121 776 340
121 814 256
122 178 653
122 663 425
122 792 924
123 174 792
123 344 119
123 446 163
123 457 754
123 499 178
123 642 923
123 644 641
123 734 808
124 361 51
124 671 795
124 738 493
125 327 459
125 486 197
125 521 998
125 608 118
125 641 155
126 234 819
126 572 850
126 609 23
126 682 624
126 687 410
127 139 247
127 157 170
127 175 642
127 334 555
127 346 621
127 374 624
127 477 846
127 727 226
128 172 528
128 277 593
128 349 283
128 567 281
128 662 1000
128 817 251
129 211 600
129 338 189
129 444 935
129 448 343
129 560 595
129 593 646
129 614 378
129 631 45
129 657 183
129 822 352
130 151 817
130 292 251
130 300 367
130 404 506
130 426 845
130 481 676
130 557 801
130 589 59
130 601 562
130 673 958
130 693 961
131 215 502
131 361 803
131 528 458
131 727 700
131 812 600
132 186 454
132 236 524
132 498 16
132 512 120
132 653 550
132 722 660
132 780 77
133 176 483
133 294 878
133 602 556
133 618 27
133 830 603
134 232 669
134 437 545
134 577 465
134 802 424
134 818 52
135 165 383
135 605 200
135 810 496
136 166 142
136 194 372
136 222 377
136 493 238
136 494 221
136 711 625
136 775 267
136 807 371
137 429 911
137 442 764
137 645 915
137 655 30
137 778 972
138 539 732
138 816 20
139 157 170
139 175 37
139 334 817
139 346 831
139 374 898
139 477 527
140 150 646
140 191 551
140 285 858
140 324 483
140 454 977
140 584 867
140 676 682
140 720 253
140 725 618
140 781 815
141 307 411
141 335 79
141 357 661
141 366 975
141 372 569
141 391 867
141 468 46
141 470 107
141 723 300
141 754 952
142 250 717
142 417 165
142 585 443
142 591 504
142 702 335
142 815 454
143 273 766
143 311 227
143 367 54
143 419 332
143 434 777
143 467 195
143 550 730
143 827 985
144 202 601
144 525 496
144 603 551
144 746 99
145 214 363
145 371 779
145 476 605
145 524 723
145 624 190
145 776 711
145 814 706
146 301 992
146 304 440
146 342 103
146 638 386
147 168 301
147 231 284
147 302 653
147 415 565
147 565 764
147 683 987
148 475 430
148 753 680
148 764 141
149 200 876
149 237 874
149 263 439
149 269 831
149 282 809
149 380 304
149 516 255
149 714 153
150 191 444
150 285 911
150 324 755
150 454 101
150 584 613
150 676 990
150 720 511
150 725 962
150 781 216
151 292 96
151 300 975
151 404 899
151 481 59
151 557 987
151 589 493
151 601 457
151 673 826
151 693 144
152 392 116
152 465 368
153 205 911
153 207 583
153 368 905
153 421 889
153 483 600
153 582 322
154 155 257
154 317 544
154 536 730
154 544 522
154 583 136
154 750 633
154 820 752
155 317 198
155 536 803
155 544 691
155 583 371
155 750 300
155 820 829
156 181 557
156 217 962
156 303 426
156 351 372
156 382 833
156 586 164
157 175 167
157 334 301
157 346 244
157 374 627
157 477 368
158 402 368
158 412 331
158 640 277
159 179 284
159 252 934
159 287 639
159 672 847
160 428 551
160 568 52
160 740 640
160 825 319
161 384 274
161 649 641
162 580 845
163 171 732
163 719 276
164 424 125
164 482 410
164 612 145
164 681 205
164 757 533
164 769 697
164 792 75
165 605 687
165 810 274
166 194 461
166 222 395
166 493 978
166 494 589
166 711 346
166 775 800
166 807 124
167 622 922
168 231 119
168 302 894
168 415 577
168 565 562
168 683 85
169 213 266
169 264 191
169 283 220
169 401 853
169 440 211
169 453 566
169 575 457
169 610 163
169 698 195
170 228 204
170 423 626
170 518 913
170 545 573
170 562 404
170 692 38
171 719 54
172 277 501
172 349 130
172 567 27
172 625 810
172 662 529
172 817 969
173 389 764
173 594 73
174 344 922
174 446 809
174 457 916
174 499 355
174 642 750
174 644 33
174 734 93
175 334 960
175 346 48
175 374 834
175 477 805
176 284 567
176 535 72
176 705 495
176 800 430
177 258 209
177 328 264
177 350 679
177 414 31
177 471 916
177 520 181
177 668 655
177 681 641
177 702 734
177 809 936
177 824 267
178 663 390
178 792 253
179 252 789
179 275 105
179 287 776
179 672 209
179 767 1
180 291 682
180 663 122
180 790 882
180 828 986
181 217 156
181 303 105
181 382 306
181 586 693
182 314 341
182 321 73
182 340 593
182 359 120
182 387 271
182 561 667
182 804 241
183 256 488
183 433 173
183 459 997
183 669 19
183 730 639
184 629 730
184 749 910
184 794 812
185 197 113
185 267 335
185 398 772
185 487 231
185 495 673
185 502 937
185 712 242
185 760 884
185 789 977
185 805 859
186 236 274
186 498 919
186 512 317
186 722 971
186 780 23
187 383 770
187 478 609
187 542 427
187 697 611
188 376 741
188 452 534
188 488 279
188 529 522
188 579 849
189 206 353
189 221 927
189 351 277
189 547 448
189 595 927
189 634 39
189 713 598
189 733 922
189 791 33
190 390 421
190 480 260
190 670 796
191 285 996
191 324 228
191 454 696
191 584 747
191 676 763
191 720 407
191 725 183
191 781 548
192 242 235
192 643 423
192 779 445
193 210 649
193 243 193
193 529 118
193 652 696
194 222 445
194 493 327
194 494 106
194 711 725
194 775 871
194 807 1
195 432 814
195 556 630
195 646 52
195 680 390
195 779 175
196 220 243
196 436 193
196 505 848
196 797 796
197 267 569
197 398 735
197 487 787
197 495 117
197 502 825
197 540 552
197 712 588
197 760 899
197 789 905
197 805 103
198 247 522
198 312 451
198 381 148
198 751 572
198 803 252
199 216 447
199 225 404
199 260 609
199 296 680
199 318 252
199 330 382
199 375 203
199 456 413
199 523 933
199 757 857
199 799 134
200 237 577
200 263 116
200 269 666
200 282 17
200 380 822
200 516 610
200 714 944
201 274 837
201 348 581
201 522 622
201 548 189
201 782 721
202 525 377
202 603 916
202 746 215
203 281 646
203 479 727
203 619 730
204 268 726
204 656 347
204 684 24
204 737 187
204 793 339
205 207 870
205 368 585
205 421 203
205 483 922
205 538 377
205 582 889
205 795 743
206 221 330
206 351 903
206 451 572
206 547 823
206 595 838
206 634 516
206 713 119
206 733 665
206 791 903
207 368 27
207 421 802
207 483 294
207 582 823
207 795 426
208 239 925
208 316 363
208 422 620
208 445 51
208 658 1000
208 736 954
208 759 367
209 240 389
209 353 682
209 354 344
209 492 130
209 628 285
209 704 408
210 243 235
210 345 968
210 652 96
211 338 649
211 444 128
211 448 392
211 560 852
211 593 781
211 614 495
211 631 658
211 657 869
211 822 120
212 262 630
212 458 313
212 549 40
212 606 129
212 690 373
212 729 585
212 741 96
213 283 287
213 401 693
213 440 126
213 453 80
213 575 737
213 610 116
213 698 122
214 371 481
214 476 367
214 624 212
214 776 710
214 814 401
215 235 401
215 473 35
215 541 589
215 709 897
216 225 750
216 260 902
216 296 660
216 318 211
216 330 298
216 375 32
216 456 378
216 523 108
216 799 215
217 303 56
217 382 1000
217 586 744
218 227 425
218 272 350
218 356 862
218 581 639
218 607 590
218 717 664
218 728 587
218 763 490
219 264 256
219 341 410
219 425 364
219 447 284
219 532 283
219 574 454
219 611 876
219 678 509
219 701 624
219 742 957
219 784 771
220 436 215
220 505 229
220 797 423
221 351 177
221 547 930
221 595 145
221 634 582
221 713 265
221 733 710
221 791 720
222 493 63
222 494 992
222 711 952
222 775 216
222 807 454
223 288 114
223 386 613
223 438 513
223 571 433
223 635 833
223 696 177
223 699 4
223 786 676
224 306 778
224 365 371
224 530 512
224 537 155
224 616 463
225 260 1000
225 296 595
225 318 525
225 330 996
225 375 758
225 456 545
225 523 306
225 799 611
226 430 224
226 559 860
227 272 985
227 356 277
227 581 98
227 607 952
227 717 550
227 728 685
227 763 670
228 423 313
228 518 661
228 545 344
228 562 926
228 692 173
229 266 147
229 451 646
229 511 759
230 329 25
230 464 682
230 564 150
230 588 793
230 615 640
230 777 976
230 796 594
231 302 715
231 415 466
231 565 427
231 683 951
231 774 696
232 437 825
232 577 432
232 802 255
232 818 998
233 261 967
233 472 785
233 483 149
233 509 12
233 721 117
233 810 364
234 572 653
234 609 361
234 682 940
234 687 763
235 473 133
235 541 351
235 709 244
236 498 661
236 512 30
236 722 761
236 780 764
237 263 749
237 269 251
237 282 931
237 380 560
237 516 849
237 714 110
238 395 668
238 674 766
239 316 983
239 422 828
239 445 612
239 658 676
239 736 322
239 759 187
240 353 322
240 354 74
240 492 3
240 628 510
240 704 334
241 443 166
241 469 991
241 519 578
241 531 893
241 569 685
241 596 428
241 675 305
241 743 592
242 643 548
243 652 644
244 407 302
244 592 587
245 266 184
245 337 320
245 378 385
245 490 509
245 497 466
245 510 404
245 553 334
245 651 167
245 806 403
245 823 71
246 295 165
246 385 324
246 484 534
246 707 671
246 754 313
246 802 957
247 312 539
247 381 623
247 751 54
247 803 201
248 411 487
248 745 124
248 767 274
248 773 496
249 694 815
249 811 357
250 417 124
250 585 335
250 591 183
250 702 107
250 815 624
251 290 717
251 323 546
251 379 251
251 661 942
251 756 220
252 287 926
252 672 900
253 435 840
253 578 201
253 626 574
253 718 790
254 339 256
254 362 100
254 408 476
254 450 178
254 566 937
254 715 427
255 265 289
255 405 505
255 599 177
256 433 272
256 459 941
256 669 440
256 730 832
257 293 761
257 298 333
257 325 557
257 345 45
257 370 39
257 506 900
257 650 562
257 677 103
258 328 296
258 350 83
258 414 408
258 471 362
258 520 630
258 668 206
258 809 28
258 824 384
259 343 465
259 496 839
259 503 823
259 540 418
259 558 840
259 590 452
260 296 859
260 318 253
260 330 636
260 375 680
260 456 752
260 493 914
260 523 669
260 799 117
261 472 557
261 509 411
261 721 153
262 458 574
262 549 529
262 606 373
262 690 153
262 729 137
262 741 838
263 269 902
263 282 161
263 380 150
263 516 346
263 714 226
264 341 749
264 425 14
264 447 120
264 532 138
264 574 751
264 611 721
264 678 309
264 701 564
264 742 333
264 784 487
265 405 542
265 599 646
266 451 524
266 511 328
267 398 809
267 487 577
267 495 887
267 502 628
267 712 490
267 760 442
267 789 439
267 805 1000
268 322 112
268 656 281
268 684 273
268 737 21
268 793 625
269 282 171
269 380 295
269 516 331
269 714 618
270 310 432
270 406 342
270 622 877
270 630 891
270 679 486
271 347 857
271 427 863
271 461 995
271 598 670
271 667 35
271 695 791
271 788 458
272 356 290
272 581 399
272 607 830
272 717 826
272 728 120
272 763 235
273 311 721
273 367 842
273 419 628
273 434 636
273 467 147
273 550 202
273 827 62
274 348 102
274 522 644
274 548 51
274 782 330
275 361 559
275 474 411
275 534 178
275 546 761
276 377 607
276 466 994
276 739 649
277 349 794
277 567 221
277 662 201
277 817 342
278 313 415
278 373 545
278 439 232
278 576 443
278 752 206
279 305 478
279 364 386
279 555 593
279 617 197
279 636 926
279 688 505
280 431 438
281 479 214
281 534 769
281 619 567
282 380 617
282 516 541
282 714 615
283 401 672
283 440 120
283 453 525
283 575 58
283 610 309
283 698 232
284 535 926
284 705 978
284 800 673
285 324 511
285 454 464
285 584 552
285 676 90
285 720 835
285 725 26
285 781 925
286 319 808
286 533 45
286 563 485
286 648 208
286 748 822
287 672 612
288 386 224
288 438 664
288 571 547
288 635 365
288 696 283
288 699 417
288 786 161
289 416 722
289 504 185
289 613 367
289 627 974
289 772 739
290 323 549
290 379 592
290 661 705
290 756 843
291 790 548
291 828 571
292 300 408
292 404 291
292 481 312
292 557 477
292 589 767
292 601 280
292 673 583
292 693 58
293 298 843
293 325 681
293 345 951
293 370 127
293 506 528
293 650 505
293 677 697
294 602 324
294 618 749
294 830 220
295 484 545
295 707 118
296 318 614
296 330 190
296 375 428
296 456 288
296 523 958
296 799 893
297 419 377
297 639 515
297 787 533
297 825 565
298 325 862
298 345 151
298 370 122
298 506 484
298 650 239
298 677 300
299 462 34
299 486 32
299 689 92
299 758 492
299 762 521
299 801 293
300 404 452
300 481 850
300 557 637
300 589 217
300 601 121
300 673 786
300 693 712
301 304 625
301 342 738
301 638 503
302 415 313
302 565 716
302 683 22
303 382 728
303 586 375
304 342 722
304 638 257
305 364 735
305 555 312
305 617 676
305 636 522
305 688 213
306 365 663
306 530 105
306 537 252
306 616 963
307 335 7
307 357 339
307 366 585
307 372 989
307 391 90
307 468 685
307 470 46
307 723 321
307 754 644
308 326 835
308 513 762
308 770 638
308 783 597
308 819 698
309 770 126
310 406 747
310 603 259
310 622 802
310 630 299
310 679 182
311 367 100
311 419 824
311 434 255
311 467 690
311 550 535
311 827 778
312 381 773
312 751 297
312 803 314
313 373 855
313 439 877
313 576 713
313 752 714
313 800 61
314 321 912
314 340 817
314 359 32
314 387 638
314 561 156
314 732 982
314 804 856
315 485 794
315 500 168
315 507 288
315 623 711
315 625 901
315 654 881
316 422 997
316 445 93
316 658 651
316 736 527
316 759 307
317 536 608
317 544 616
317 583 657
317 750 575
317 820 10
318 330 935
318 375 783
318 456 67
318 523 148
318 799 314
319 533 259
319 563 929
319 648 943
319 748 845
320 514 18
320 686 507
320 703 256
320 710 692
320 798 565
321 340 802
321 359 537
321 387 926
321 561 141
321 804 143
322 363 736
322 403 858
322 413 503
322 551 988
322 685 71
323 379 532
323 661 878
323 756 299
324 454 534
324 584 790
324 676 984
324 720 534
324 725 291
324 781 187
325 345 494
325 370 100
325 506 843
325 650 843
325 677 638
326 513 1
326 770 148
326 783 812
326 819 435
327 486 37
327 521 692
327 608 252
327 641 693
328 350 376
328 414 45
328 471 425
328 520 663
328 668 892
328 809 642
328 824 2
329 464 897
329 564 940
329 588 238
329 615 31
329 777 208
329 796 782
330 375 372
330 456 854
330 523 259
330 799 796
331 400 563
331 409 264
331 410 364
331 604 642
331 632 678
331 647 386
331 664 595
331 766 227
332 397 672
333 418 934
333 420 503
333 637 273
333 731 497
333 808 512
334 346 973
334 374 310
334 477 288
335 357 563
335 366 273
335 372 166
335 391 647
335 468 676
335 470 570
335 723 68
335 754 509
336 517 598
336 573 780
336 587 462
336 597 675
336 666 61
337 378 48
337 490 929
337 497 634
337 510 612
337 553 118
337 651 438
337 806 214
337 823 597
338 444 370
338 448 258
338 560 982
338 593 163
338 614 942
338 631 535
338 657 176
338 822 586
339 362 630
339 408 862
339 450 357
339 566 537
339 715 828
340 359 906
340 387 414
340 561 842
340 804 822
340 830 475
341 425 242
341 447 886
341 532 633
341 574 301
341 611 589
341 678 4
341 701 689
341 742 27
341 784 840
342 638 679
343 496 157
343 503 663
343 540 970
343 558 964
343 590 150
344 446 312
344 457 325
344 499 546
344 642 908
344 644 627
344 734 272
345 370 784
345 506 13
345 650 706
345 677 740
346 374 489
346 477 926
347 427 654
347 461 95
347 598 749
347 667 548
347 695 110
347 788 613
348 522 222
348 548 907
348 782 578
349 567 746
349 662 904
349 817 628
350 414 192
350 471 562
350 520 30
350 668 51
350 809 924
350 824 983
351 547 682
351 595 535
351 634 451
351 713 727
351 733 70
351 791 196
352 441 592
352 543 449
352 620 778
352 755 309
352 782 531
352 829 953
353 354 704
353 492 747
353 628 624
353 704 83
354 492 681
354 628 233
354 704 701
355 653 393
355 660 431
356 581 357
356 607 563
356 717 259
356 728 213
356 763 599
357 366 384
357 372 699
357 391 129
357 468 300
357 470 706
357 723 233
357 754 153
358 449 80
358 700 948
358 747 41
359 387 22
359 561 727
359 804 532
360 501 342
360 580 772
360 732 784
360 768 796
361 671 171
361 738 741
362 408 771
362 450 996
362 566 312
362 715 953
363 403 395
363 413 520
363 551 846
363 685 36
364 555 625
364 617 298
364 636 113
364 688 978
365 530 864
365 537 415
365 616 879
366 372 367
366 391 174
366 468 97
366 470 430
366 723 413
366 754 33
367 419 516
367 434 361
367 467 719
367 550 27
367 827 564
368 421 403
368 483 135
368 582 64
368 795 909
369 716 632
369 761 633
369 771 893
370 506 602
370 650 325
370 677 360
371 476 273
371 524 683
371 624 755
371 776 294
371 814 926
372 391 876
372 468 887
372 470 842
372 723 869
372 754 795
373 439 888
373 576 870
373 752 361
374 477 845
375 456 269
375 523 159
375 799 56
376 452 798
376 488 724
376 529 213
376 579 885
377 466 790
377 562 2
377 739 294
378 490 107
378 497 926
378 510 193
378 553 618
378 651 218
378 806 888
378 823 876
379 661 591
379 756 10
380 516 767
380 597 703
380 714 680
381 751 428
381 803 796
382 586 319
383 478 671
383 542 576
383 697 423
384 635 66
384 649 794
385 399 81
385 455 992
385 460 628
385 708 17
385 758 716
385 765 874
386 438 114
386 571 828
386 635 829
386 696 202
386 699 39
386 786 268
387 561 287
387 583 614
387 804 509
388 489 114
388 515 215
388 633 542
388 726 961
389 594 824
390 480 30
390 670 440
391 468 611
391 470 871
391 723 786
391 754 375
392 465 858
393 508 708
393 826 441
394 396 751
394 526 25
394 538 451
394 552 801
394 813 518
395 674 725
395 691 434
395 756 269
396 526 755
396 538 860
396 552 137
396 813 595
398 431 400
398 487 58
398 495 366
398 502 279
398 712 658
398 760 453
398 789 249
398 805 66
399 455 547
399 460 955
399 708 811
399 758 651
399 765 750
400 409 888
400 410 736
400 604 275
400 632 835
400 647 203
400 664 947
400 766 876
401 440 236
401 453 480
401 575 69
401 610 989
401 698 811
402 412 863
402 640 280
403 413 205
403 551 925
403 685 949
404 481 700
404 557 507
404 589 168
404 601 447
404 673 34
404 693 643
405 599 260
406 622 714
406 630 694
406 679 644
407 465 88
407 592 954
407 822 552
408 450 406
408 566 422
408 715 186
409 410 252
409 604 173
409 632 466
409 647 4
409 664 385
409 766 8
410 604 415
410 632 902
410 647 696
410 653 628
410 664 750
410 766 268
411 745 845
411 767 477
411 773 34
412 640 349
413 551 718
413 685 191
414 471 188
414 520 555
414 668 222
414 809 578
414 824 571
415 565 452
415 683 324
416 504 837
416 613 120
416 627 137
416 772 630
417 585 891
417 591 860
417 702 363
417 815 14
418 420 779
418 637 847
418 731 276
418 808 853
419 434 133
419 467 425
419 550 875
419 827 667
420 637 913
420 731 857
420 808 760
421 483 507
421 582 889
421 795 261
422 445 655
422 658 989
422 736 555
422 759 672
423 518 612
423 545 470
423 562 36
423 692 719
424 482 117
424 681 407
424 690 176
424 757 258
424 769 140
425 447 564
425 532 405
425 574 613
425 611 134
425 678 902
425 701 105
425 742 686
425 784 246
426 527 347
426 724 142
426 744 834
427 461 392
427 598 332
427 667 355
427 695 324
427 788 372
428 568 296
428 740 262
428 825 352
429 665 829
430 559 696
432 556 681
432 646 251
432 680 106
432 716 939
432 779 25
433 459 280
433 669 533
433 730 210
434 467 76
434 550 232
434 827 894
435 578 206
435 626 771
435 718 988
436 505 708
436 797 496
437 577 65
437 802 612
437 818 273
438 571 966
438 635 898
438 696 701
438 699 470
438 786 637
439 576 354
439 752 569
440 453 999
440 575 165
440 610 127
440 698 263
441 543 900
441 620 55
441 755 633
441 829 108
442 645 442
442 655 947
442 679 752
442 778 681
443 469 74
443 519 680
443 531 399
443 569 623
443 596 818
443 675 757
443 743 426
444 448 117
444 560 746
444 593 670
444 614 984
444 631 312
444 657 918
444 822 197
445 658 680
445 736 872
445 759 603
446 457 195
446 499 453
446 642 958
446 644 203
446 734 852
447 532 180
447 574 91
447 611 500
447 678 404
447 701 117
447 742 611
447 784 627
448 560 451
448 593 726
448 614 483
448 631 1000
448 657 69
448 822 397
449 700 37
449 747 300
450 566 183
450 715 713
451 511 327
452 488 789
452 529 20
452 579 155
453 575 94
453 610 487
453 698 248
454 584 942
454 676 318
454 720 105
454 725 125
454 781 650
455 460 684
455 708 469
455 758 250
455 765 832
456 523 677
456 799 854
457 499 719
457 642 797
457 644 865
457 734 411
458 549 265
458 606 404
458 690 157
458 729 104
458 741 908
459 669 423
459 730 786
460 708 704
460 758 67
460 765 641
461 598 110
461 667 904
461 695 804
461 788 625
462 689 7
462 762 655
462 801 148
463 691 517
463 794 772
464 564 532
464 588 931
464 615 779
464 777 903
464 796 218
465 515 394
466 739 324
467 550 562
467 777 655
467 827 459
468 470 219
468 723 534
468 754 973
469 519 527
469 531 674
469 569 592
469 596 270
469 675 798
469 743 408
470 723 525
470 754 146
471 520 652
471 668 275
471 809 319
471 824 790
472 509 965
472 721 214
473 541 737
473 709 727
474 534 958
474 546 397
474 598 522
475 753 634
475 764 497
476 524 482
476 624 620
476 671 574
476 776 740
478 542 929
478 562 55
478 697 900
479 619 341
480 670 243
481 557 608
481 589 30
481 601 383
481 673 289
481 693 458
482 681 527
482 757 927
482 769 933
483 582 708
483 795 440
484 707 199
485 500 321
485 507 588
485 623 939
485 625 30
485 654 657
486 521 133
486 608 238
486 641 489
487 495 48
487 502 463
487 712 704
487 760 150
487 789 922
487 805 560
488 529 185
488 579 329
489 515 597
489 633 306
489 714 294
489 726 570
490 497 519
490 510 398
490 553 960
490 651 613
490 806 779
490 823 782
491 554 9
491 570 870
491 612 454
491 659 50
491 706 404
491 735 36
491 785 723
492 628 226
492 704 307
492 797 753
493 494 155
493 711 884
493 775 718
493 807 101
494 711 233
494 775 244
494 807 668
495 502 319
495 712 373
495 760 564
495 789 856
495 805 860
496 503 84
496 540 436
496 558 861
496 590 623
497 510 705
497 553 396
497 651 394
497 806 261
497 823 999
498 512 291
498 722 620
498 780 330
499 642 708
499 644 85
499 734 775
500 507 385
500 623 277
500 625 934
500 654 120
500 692 104
501 580 61
501 732 818
501 768 830
502 712 483
502 760 716
502 789 31
502 805 632
503 540 196
503 558 842
503 590 404
504 613 567
504 627 488
504 772 464
505 797 605
506 650 313
506 677 86
507 623 740
507 625 316
507 654 996
508 826 786
509 721 897
510 553 633
510 651 137
510 806 512
510 823 81
512 722 200
512 780 947
513 770 456
513 783 728
513 819 706
514 686 353
514 703 283
514 710 482
514 798 576
515 633 242
515 726 365
516 714 962
517 573 22
517 587 427
517 597 100
517 666 663
518 545 355
518 562 759
519 531 330
519 569 563
519 596 764
519 675 187
519 743 711
520 668 484
520 809 402
521 608 475
521 641 476
522 548 667
522 782 954
523 799 340
524 624 518
524 776 547
524 814 418
525 603 293
525 746 699
526 538 718
526 552 505
526 562 331
526 813 601
527 724 421
527 744 166
528 727 159
528 812 38
529 579 246
530 537 592
530 616 447
531 569 118
531 596 345
531 675 23
531 743 348
531 826 445
532 574 265
532 611 576
532 678 64
532 701 758
532 742 724
532 784 727
533 563 159
533 648 276
533 748 814
534 546 238
535 594 215
535 705 690
535 800 2
536 544 127
536 583 91
536 750 630
536 820 426
536 844 844
536 845 396
537 616 697
538 552 543
538 813 958
539 816 397
540 558 610
540 590 677
541 709 189
542 697 712
542 713 196
543 620 516
543 755 174
543 829 27
544 583 349
544 750 757
544 820 474
545 562 659
545 692 956
547 595 512
547 634 436
547 713 368
547 733 162
547 791 180
548 572 334
548 782 42
549 606 85
549 690 938
549 729 893
549 741 622
550 827 191
551 685 353
552 813 732
553 651 579
553 806 223
553 823 425
554 570 689
554 612 162
554 659 155
554 706 239
554 735 727
554 785 467
555 617 495
555 636 589
555 688 625
556 646 776
556 680 937
556 779 935
557 589 41
557 601 830
557 673 920
557 693 657
558 590 81
560 593 41
560 614 660
560 631 161
560 657 665
560 822 416
561 804 432
562 692 630
563 648 726
563 748 375
564 588 42
564 615 309
564 777 34
564 796 347
565 683 233
566 715 509
567 662 301
567 817 345
568 740 537
568 825 654
569 596 647
569 675 411
569 743 931
570 612 856
570 649 633
570 659 635
570 706 222
570 735 531
570 785 175
571 635 14
571 696 67
571 699 322
571 786 997
572 609 204
572 682 770
572 687 475
573 587 412
573 597 919
573 666 255
574 611 640
574 678 587
574 701 646
574 742 416
574 784 254
575 610 759
575 698 363
576 752 803
577 802 571
577 818 37
578 626 85
578 634 959
578 718 765
580 732 385
580 768 321
581 607 698
581 717 730
581 728 317
581 763 631
582 795 307
583 750 64
583 820 129
584 676 417
584 720 988
584 725 933
584 781 221
585 591 95
585 702 410
585 815 912
587 597 656
587 666 909
588 615 652
588 777 927
588 796 491
589 601 821
589 673 811
589 693 249
591 702 502
591 815 838
593 614 102
593 631 661
593 657 835
593 822 586
595 634 893
595 713 41
595 733 821
595 791 484
596 675 767
596 743 153
597 666 936
598 667 444
598 695 999
598 788 762
599 639 160
600 821 981
601 673 52
601 693 73
602 618 617
602 737 847
602 830 612
603 746 799
604 632 454
604 647 397
604 664 573
604 766 849
605 810 786
606 690 732
606 729 772
606 741 25
607 717 467
607 728 175
607 763 840
608 641 849
609 670 650
609 682 49
610 698 692
611 678 188
611 701 152
611 742 36
611 784 378
612 659 564
612 706 880
612 735 80
612 785 488
613 627 279
613 772 983
614 631 413
614 657 290
614 822 183
615 777 453
615 796 48
617 636 474
617 688 31
618 830 841
620 755 796
620 829 331
621 774 310
622 630 391
622 679 443
623 625 556
623 654 144
624 776 96
624 814 690
625 654 208
625 781 215
626 718 481
627 772 8
628 704 712
628 813 800
629 749 814
630 679 504
631 657 560
631 822 703
632 647 870
632 664 760
632 766 93
633 726 25
634 713 16
634 733 74
634 791 455
635 696 50
635 699 388
635 786 571
636 688 705
637 731 86
637 808 12
638 816 316
639 787 249
642 644 309
642 734 56
644 651 568
644 734 628
645 655 527
645 710 342
645 778 661
646 680 643
646 779 609
647 664 632
647 766 921
648 748 649
650 677 265
651 806 598
651 823 951
653 660 189
655 778 111
656 684 420
656 737 347
656 793 539
657 822 500
658 736 451
658 759 329
659 706 666
659 735 668
659 785 542
661 756 192
662 817 319
663 792 44
664 766 19
667 695 681
667 788 99
668 809 841
668 824 607
669 730 632
671 738 489
673 693 783
675 743 107
676 720 586
676 725 196
676 781 12
678 701 14
678 742 931
678 784 71
680 779 479
681 757 109
681 769 920
682 687 189
684 737 531
684 793 951
686 703 1
686 710 858
686 798 140
689 762 269
689 801 1000
690 729 912
690 741 899
691 794 632
694 811 366
695 788 762
696 699 780
696 786 570
699 786 570
700 747 573
701 742 590
701 784 139
702 815 344
703 710 399
703 798 668
705 800 231
706 735 716
706 785 83
708 758 112
708 765 858
710 798 808
711 775 975
711 805 502
711 807 989
712 760 577
712 789 599
712 805 878
713 733 237
713 791 539
716 760 102
716 761 323
716 771 68
717 728 326
717 763 320
720 725 933
720 781 690
722 780 978
723 754 493
724 744 848
725 781 496
727 812 453
728 763 709
729 741 813
731 808 365
732 768 54
733 791 3
735 785 37
736 759 643
737 793 464
740 825 437
742 784 799
745 767 178
745 773 506
750 791 788
750 820 95
751 803 255
753 764 873
755 829 715
757 769 562
758 765 59
760 789 394
760 805 619
761 771 948
762 801 460
764 771 145
767 773 280
770 783 894
770 819 91
775 807 659
776 814 255
777 796 792
783 819 849
789 805 633
790 828 291
802 818 976
806 823 347
809 824 809
831 832 7
831 833 6
832 834 8
833 834 3
834 835 18
834 836 10
835 837 4
836 837 5
837 838 15
837 839 12
838 840 16
839 840 14
840 841 2
840 842 17
841 843 11
842 843 9
843 844 1
843 845 13
831 156
