795 940 268.838 1000
23.210881064476496000 54.906587026692961000 67.427900021362959000 0
80.670291733115747000 -39.642658170713055000 4.556718649861140900 0
68.140544040213129000 -35.487753937774691000 -46.877346110415964000 0
22.121616649070187000 6.733904216143257000 86.978667561876279000 0
-50.767351424227670000 22.022701341792040000 70.976592303231911000 0
37.063733686640660000 81.836839921428236000 -5.386211737418744100 0
46.862696930642336000 65.180577186255846000 40.686361278115172000 0
-33.845647723245733000 36.205636007641878000 75.124057741019925000 0
51.157322833706395000 -70.042754644708708000 24.019592883083593000 0
-20.667893813206817000 -38.448008747608810000 -78.705710013122967000 0
-50.367144551031366000 -20.485401486178027000 -71.718192083498636000 0
-58.597307797235530000 -11.475147696860722000 67.340006714072089000 0
79.231210467383590000 1.124346953744964600 -42.674947355571156000 0
85.775794428867314000 -2.780652421236731200 -27.106845301675467000 0
48.415678322289210000 -70.981072938812900000 -26.788232062746054000 0
-34.119399837494271000 54.309382393064624000 63.137607959227275000 0
-32.587189653808394000 -19.106267990635995000 81.688589129306919000 0
61.896818019484037000 61.191681303216313000 22.898953215124973000 0
-7.152047691275635400 30.031641036264698000 84.539628284554581000 0
19.759347378193070000 81.341856882465095000 33.061616870632037000 0
83.827277987129008000 6.814324440345152400 32.039857173375651000 0
17.003576739739909000 -84.068039928792672000 27.266151921140171000 0
29.960832258644079000 61.481329823650903000 58.501235999633771000 0
46.144698640380298000 -51.987253090452455000 57.166356395153663000 0
-36.346212442109604000 -49.414914678208852000 -65.856807153538611000 0
-29.924866871388808000 10.853508389804290000 84.182561723685410000 0
36.892116768462387000 -51.898305029206298000 -63.604541154210033000 0
-48.727663083938083000 -53.076222409959520000 -53.930784020508433000 0
-43.703242238227709000 -57.500693341194193000 53.700064088869901000 0
85.590151800433347000 -14.598292617670440000 -23.689992980742822000 0
-41.985548105225462000 75.583679473172182000 24.986419263283182000 0
-66.978087736481967000 48.482130469283973000 -35.544602801599169000 0
-47.991254977427651000 24.696400252664546000 -72.020325327311014000 0
59.350528842713615000 -67.514276220108769000 -4.397412030396435700 0
-50.456549365441141000 -63.282957520550653000 39.362468337046423000 0
31.806882429780540000 72.435864904312169000 -42.911160618915375000 0
7.313957035902479500 -80.290288623166717000 39.999694814905240000 0
59.796646937191895000 66.592149912286231000 -9.478743858149968600 0
-18.476025915957173000 -55.559044036093731000 68.350779747917102000 0
-24.361433469093051000 59.806698517029069000 -62.687154759361547000 0
-29.244674498752104000 -6.405517980769507100 -84.874721518601021000 0
27.428205586864117000 -65.056741933459392000 55.814996795556510000 0
38.561101714813432000 -57.404211208955978000 -57.600329599902345000 0
4.346328093661279400 87.189546394358970000 -21.888180181279946000 0
85.622183730687979000 18.951958728617697000 20.240180669576098000 0
75.600306324870871000 46.405481278709587000 -15.202795495468001000 0
62.994060072746201000 6.094813890526784100 63.989074373607593000 0
71.583095647479993000 3.709417447913914100 -54.425183874019595000 0
28.062940895408513000 -4.958272325557248700 85.369121372112190000 0
86.790575225411146000 23.464435217496860000 4.100772118289742500 0
-41.573317569060890000 -6.832607874350358700 -79.529709768974882000 0
-17.193451151653839000 84.714168024693834000 -25.057832575457017000 0
78.740963664205992000 29.390166626215244000 -32.188177129429000000 0
12.571934088325497000 3.617180218967711800 -89.044160283211767000 0
-79.935603948817189000 12.179019895900222000 39.521774956511123000 0
52.842122504399271000 23.025137401442397000 69.119846186712252000 0
13.985446755343546000 88.899069808124807000 -1.167332987456892500 1
-0.534001928335138930 -83.753333886844146000 32.940763573107084000 0
20.896211039038839000 -87.261014004520760000 6.990264595477157200 0
41.812579149553599000 2.206915195651845800 79.667043061616880000 0
-21.885584456776122000 1.755848428258776700 -87.280800805688642000 0
-12.388409529063050000 -73.634173846411713000 50.244758445997498000 0
34.932374932568194000 -39.937701738203927000 -72.696005127109601000 0
-32.701744643462163000 45.622623795410682000 70.350352488784452000 0
-64.568095532147723000 47.002328407060915000 -41.493881038850063000 0
-25.087916427686125000 -86.431424026213691000 0.453199865718558300 0
37.292107385854038000 -35.876618713430481000 -73.635364848780782000 0
-87.715247125157930000 11.032485697523422000 -16.861781670583209000 0
37.083920224086263000 61.660486124052902000 54.062623981444752000 0
-76.741542983869792000 10.655464448263704000 45.795159764397106000 0
-36.245180338389765000 -73.640663282653009000 36.923429059724725000 0
48.657790667007674000 59.571952478247297000 46.729026154362622000 0
-45.274571023733266000 64.987933325964605000 42.740867336039308000 0
-25.232927922729651000 24.205388495077703000 82.930082094790492000 0
-22.947429737022709000 46.555521485097522000 -73.525498214667195000 0
7.457397429786778900 72.745509582558839000 -52.464064455092014000 0
10.161215607531760000 85.101007489050019000 -27.469405194250310000 0
-26.527362533865020000 14.176411739286678000 -84.825281533249907000 1
0.131650597787002470 20.342288433106351000 87.670827356791889000 0
-8.185087112338214500 89.568110181057065000 3.249305703909421100 0
18.268253958564632000 -79.651139756601594000 37.708975493636892000 0
83.040126671029839000 32.307879800244955000 -12.670369579149753000 0
85.664354668097928000 26.148366190808332000 -8.825037385174107700 0
-74.271529556065104000 47.223494396570125000 18.806421094393748000 0
-8.615380259912319300 89.538381417594877000 2.941679128391369200 0
-83.451515457887510000 -29.023696373279382000 -17.130954924161504000 0
57.376353183619806000 -55.859047034730466000 41.081881160924105000 0
21.368956279190158000 80.090360630208906000 -35.055696279793693000 0
-2.209092534204796000 1.025486253685662800 89.967040009765924000 0
82.017188192156368000 -7.776629637143929400 -36.231269264809107000 0
-76.621709287129704000 -0.786075102807333170 -47.206946012756731000 0
57.549946564336921000 -55.877782022120726000 -40.812707907345803000 0
-19.482881295366202000 14.308689867534124000 86.693014313180953000 0
16.135241714414381000 -15.082050519028279000 -87.247840815454566000 0
78.957103171222499000 -27.367269803800891000 33.418683431501208000 0
-0.203953242397973160 10.503591472518060000 89.384746848963900000 0
29.293695282422600000 25.744068311337603000 -81.111789300210575000 0
-86.134624942826221000 18.848926294770433000 18.042847987304299000 0
19.274302107237354000 -80.488043644124915000 -35.357829523606064000 0
-26.363117436500776000 32.434856023730248000 79.705496383556635000 0
-59.569082538364654000 20.449083809092791000 64.291207617419971000 0
-38.314497141322512000 -11.370685128341238000 80.639362773522137000 0
68.997244873160568000 25.527447610971738000 -51.843317972350228000 0
-56.239379410725327000 -37.884361416861402000 59.176915799432351000 1
77.024426212681647000 -45.628005755317233000 9.237037263100070600 0
86.591694391546994000 4.637012281739017400 24.091006195257425000 0
10.029158877057473000 -50.941462126631301000 73.514511551255836000 0
-20.509296573220329000 -7.331932571649710800 -87.324747459334077000 0
82.479925840802437000 16.209581589375940000 -32.160710470900604000 0
57.728163462198147000 -17.693696233907716000 66.741233558153027000 0
36.678033060467456000 45.382644717159934000 68.521073030793175000 0
-27.496719852192470000 5.368277438777797200 -85.528427991576891000 0
-8.161250489469985300 46.859600498401115000 -76.404004028443254000 1
-82.810783406200528000 31.135578747783843000 16.521195104831079000 0
-4.908252683660452800 85.442221191348892000 -27.848445081942195000 1
-8.810559826106635100 70.076660917885135000 -55.782036805322434000 0
-22.621904315258512000 -73.693637923595020000 -46.448866237372968000 0
65.122272034941759000 -55.354841217304845000 28.194524979400004000 0
-45.259086288481249000 -33.790282941748259000 -70.070192571794792000 0
-17.265591980474888000 87.124638354607910000 -14.532609027375102000 0
51.667300605772255000 64.890787542859812000 34.923856318857389000 0
66.967921859761219000 19.490588789192621000 -56.880703146458330000 0
88.186608095655913000 13.548634643360524000 11.813409833063751000 0
-50.803419344950612000 -12.152912991743221000 -73.289284951322969000 0
64.635492896989234000 31.302586868216117000 54.243903927732170000 0
-9.842343170418809400 -13.327653436851991000 -88.461867122409743000 0
-64.872150403359043000 33.588144542082404000 52.568437757499929000 0
-8.072862122292443500 -48.899947297296336000 -75.124057741019925000 0
79.349036584363461000 37.978450120756840000 19.009674367503891000 0
-40.611065522200022000 -68.041092182230642000 -42.674947355571156000 0
70.280575550653779000 12.960172104425661000 54.705343791009248000 0
-2.210687884026706100 -54.804074791141367000 71.355632190923799000 0
53.082901842472417000 -25.157060463020823000 -68.185979796746722000 0
24.900732630271634000 43.491301465568526000 -74.756004516739409000 0
-18.127472906886023000 48.192298940897636000 73.816644795068214000 0
33.712718141450495000 -22.034721679428845000 80.485549485763116000 0
-50.899926680866137000 57.444323764140044000 47.003692739646596000 0
51.137488487827795000 -73.478746847257881000 -9.264503921628467300 0
-72.375716647081759000 -0.659237166323492270 -53.491317484054079000 0
0.895895585918937360 -40.011493046930745000 80.611896114993741000 0
-39.825213553004943000 40.528223717846856000 69.795525986510825000 0
39.128283974621802000 44.372977201262209000 -67.823419904171885000 0
16.692307784329820000 -65.687951107131141000 -59.215369121372106000 0
-88.691434984518366000 8.915952903351572100 -12.423169652394176000 0
28.400663704720010000 85.375969957760589000 -2.084719382305368500 0
75.228231684163106000 -18.936299030944273000 45.630359813226725000 0
80.819671143785001000 38.017790219286098000 -11.082796716208380000 0
85.704914050502964000 19.591847794707530000 -19.256874294259468000 0
24.874704202256993000 -11.083696492437518000 85.781121250038154000 0
31.207392398698197000 32.579034624064022000 -77.876216925565359000 0
-60.177664601427907000 62.907084469263921000 22.833033234656821000 0
5.429125604013180800 -43.689258758311965000 -78.496963408307138000 0
-4.140237854786644100 -57.748384027602597000 -68.905606250190743000 0
-31.932402786340575000 65.702975610140868000 -52.568437757499929000 0
65.406689399756118000 -55.144464855193434000 -27.947325052644430000 0
16.698912359878435000 -69.792497011680766000 54.315317239906001000 0
-16.479522171948826000 -45.307899150410407000 -75.997497482222968000 0
-7.175528462782540200 -70.328246447037031000 -55.699636829737230000 1
-52.057379260871180000 -63.996650951790201000 -35.978576006347851000 0
39.604489924488554000 -40.668568196654654000 -69.839472640156259000 0
-11.382664541216323000 87.287013009877356000 18.745994445631275000 0
-37.544485774146956000 81.748529538520245000 -2.754905850398266400 0
6.304680178496707500 -89.502045754385406000 7.045197912533951400 0
68.060701345220309000 26.374802717765821000 52.650837733085119000 0
-74.836988789639591000 38.221321257254708000 -32.226630451368756000 0
-37.959019085505474000 -71.235395203182279000 39.807428205206456000 0
-57.336610789230114000 41.419423636567153000 55.650196844386116000 0
29.959070577639920000 -65.847106084674081000 -53.540757469405193000 0
-29.929971261676677000 58.415820613178511000 -61.577501754814293000 0
-87.664094530504073000 -19.907090828063751000 4.325998718222602500 0
-4.230384433646562100 37.929703364081632000 -81.507309183019501000 0
62.010251511773404000 -58.724840267321824000 28.392284920804471000 0
-17.107725275571564000 -51.182098260954604000 72.025818659016693000 0
79.767276120262963000 -41.271141341047169000 -5.820184942167424300 0
3.545216706524525900 -14.569971703551314000 88.742027039399389000 0
-19.020559401527223000 -34.615719598376778000 80.870082705160684000 0
19.860461082638707000 -58.391670191408735000 65.543687246314889000 0
48.118966536656735000 -44.874489491558876000 -61.407208471938233000 0
35.562686252632467000 -30.181825451740103000 76.969817194128240000 0
-13.993643732696347000 12.917781394456400000 87.961973937192909000 0
81.820480229987851000 11.256739357581324000 35.758842738120670000 0
54.840943925384813000 -70.638546981517592000 -10.132450331125828000 0
-74.570995677495432000 49.963242385713102000 6.545304727317118300 0
-47.477380106823865000 -75.187245787234943000 13.884395886104922000 0
68.978839938451173000 46.648905053046569000 -34.143803216650895000 0
-20.455529986674566000 -76.285000781137441000 43.152867213965266000 0
38.013639759761482000 39.230156478549887000 71.525925473799859000 0
73.775424622294679000 -36.941906535278392000 -35.951109347819454000 1
48.481248536002603000 -13.507117575139793000 74.613177892391732000 0
-48.484722041589571000 75.812930886996170000 -1.277199621570482400 0
-83.082959900071415000 30.115495034474687000 17.037568285164951000 0
-33.622972579432954000 83.044487319189869000 8.550370799890133700 1
15.786261089478502000 71.727308040861601000 -52.019104586931974000 0
72.496182293012964000 -25.674134995500665000 46.745506149479660000 0
-23.011877676735114000 -28.557080744120107000 82.188482314523768000 0
11.678466388339560000 84.675384594339391000 28.172551652577287000 0
1.214441906595309600 83.602713933195162000 33.303323465681935000 0
38.985256071978540000 -32.033291534152227000 74.525284585100863000 0
30.940580423969983000 -83.247849867164462000 -14.576555681020539000 0
-64.570024366554406000 -25.973872233954022000 -57.061983092745749000 0
28.199428112507444000 -15.108231020339360000 -84.122135074922937000 0
18.266108733868776000 88.048734454608081000 -3.710745567186498800 0
-13.587578027638431000 15.853757204034995000 -87.544480727561265000 0
-81.490293433585549000 9.900506784888930800 -36.895962401196329000 0
76.779208961483150000 -27.356750502548316000 38.164922025208291000 0
7.816070622637899300 -49.807593015799029000 -74.552751243629260000 0
2.647755560324772400 24.224622015664163000 86.638080996124145000 0
62.632348476832696000 -52.764333912156715000 -37.324442274239324000 0
46.458951429171407000 -74.061099588714740000 21.366313669240395000 0
87.899740836697092000 -16.907385971888669000 9.368877224036378200 0
-65.090065992176577000 -62.128633691862603000 1.821039460432752400 0
-77.599916073232478000 9.578885122280206900 -44.570146794030585000 0
-55.845124931142109000 -11.593701359350218000 69.619739371929072000 0
31.189032702339858000 41.720680330346177000 -73.393658253730891000 0
-78.982970321893632000 39.294108729445512000 17.823114719077122000 0
-67.275905473163562000 26.837778988453792000 53.419904171880248000 0
-59.533470351654088000 -36.771516341018248000 56.600543229468670000 0
-70.625443993214205000 -48.966019631103300000 26.727805413983582000 0
-5.769817191441401100 37.163327495561774000 -81.765495773186444000 0
0.291713690845198550 -18.838069011489186000 88.005920590838343000 0
47.938720451514328000 14.914748688481376000 74.695577867976922000 0
39.348176640162002000 76.131104695161852000 -27.491378521073027000 0
38.210761201457800000 80.756998226655824000 10.874050111392560000 0
50.397313431653259000 69.644998972068265000 -26.639912106692712000 0
43.569815215957533000 -28.548942715657180000 -73.393658253730891000 0
-45.475452870058149000 -19.283148326448430000 -75.233924375133512000 0
5.097717555935500600 -9.292161536222399900 -89.373760185552541000 0
-9.472913622381815600 -18.735958901097003000 -87.517014069032868000 0
9.819487952035208500 40.970756893453370000 79.529709768974882000 0
42.821854666017948000 61.029593822484514000 -50.415051728873557000 0
-77.984770354014330000 1.697529870385919000 44.894253364665666000 0
19.106821699663421000 -19.597608445035920000 85.737174596392720000 0
13.459415165322794000 -67.275191652921194000 -58.248542741172521000 0
-87.048396255235446000 -19.504158215077254000 -11.923276467177343000 0
-61.821063654479104000 -29.088033356551851000 -58.583635975218975000 0
-70.492742576106068000 -55.923671726580949000 1.821039460432752400 0
-64.832477936393801000 -22.687609467693086000 -58.155156102175965000 0
-53.412624557666838000 -66.518173458146535000 28.677938169499800000 0
-15.260481804233233000 -78.505470672849370000 -41.279641102328561000 0
-84.370744589471784000 -0.525804201951110220 31.325724051637316000 1
-78.434946375960308000 -32.129278170407218000 30.260017700735496000 0
-68.697560734643545000 1.758978983287021300 -58.116702780236210000 0
-38.192961734061250000 -78.738036286262101000 -21.014740440076906000 0
35.398128838741968000 1.528183831931166000 82.732322153386022000 0
-88.328023096992027000 -16.910741228750378000 3.491012298959319100 0
-59.158225705193708000 -35.900302200171303000 57.545396282845552000 0
-26.922886060913044000 -38.867645557990201000 -76.579790643024992000 0
35.754270045809882000 23.871339878838487000 -79.068269905697804000 0
69.741232168807073000 47.889089447077325000 30.704977568895536000 0
60.034002833086042000 -56.940703980167712000 -35.407269508957178000 0
-36.954802790859439000 43.134978515235673000 -69.812005981627863000 0
-69.677509077713850000 -30.289384031416169000 48.245185705130162000 0
-38.091798354801156000 -58.200517627352696000 -57.111423078096863000 0
-77.624082040609366000 31.017657189610244000 33.352763451033056000 0
-31.606014127407107000 -82.961539994491062000 14.779808954130679000 0
19.245529156382851000 0.173453337298671630 87.918027283547474000 0
51.642271258615175000 -72.061385785301326000 -15.499435407574694000 0
-14.955430336798782000 -37.853031142710229000 80.271309549241607000 0
59.613044587323486000 -6.472341559321824500 -67.114780114139222000 0
-25.439113316290737000 50.290682757412533000 70.169072542497034000 0
-55.968655716941669000 -62.582143544164083000 -32.418897061067533000 0
-19.838568764146181000 80.423142557997025000 35.193029572435684000 0
77.582578354443100000 -30.201677017721199000 -34.187749870296329000 0
67.557468072175695000 -3.981594361466826500 -59.330729087191386000 0
57.322240377102510000 11.448173263910341000 68.433179723502306000 0
-9.695058673012999500 -10.459174707035928000 -88.862880336924349000 0
25.503457352140902000 48.160781847108268000 -71.624805444502087000 0
30.895272458167998000 -84.112351538600720000 -8.402050843836786200 0
-83.551857513418710000 20.139319760726583000 26.711325418866544000 0
86.328298033044334000 -9.892442193199805400 -23.442793053987241000 0
-50.076311476897054000 74.778507689695800000 -0.733359782708212560 0
-48.264250064713927000 52.268872253871507000 55.122837000640892000 0
-15.451465617761793000 -87.722511636932737000 -12.884609515671256000 0
10.924536454934801000 73.962496787111988000 50.101931821649835000 0
75.645043401417610000 -16.060153264155474000 -46.042359691152683000 0
58.150073115131200000 65.537982121025095000 -20.575273903622548000 0
-41.726627665965012000 -22.536152857252155000 -76.491897335734123000 0
-0.590525115660786910 45.119859120530066000 77.870723593859665000 0
28.676913618521830000 -75.294743148228775000 40.104068117313147000 0
56.485529468793573000 46.105238696997461000 -52.760704367198706000 0
88.783734314199705000 -2.912248242406079200 -14.455702383495590000 0
84.499710751489658000 -28.023716781789233000 13.208716086306344000 0
43.825130401673604000 -22.197599728887827000 75.409710989715251000 0
17.824262200760685000 29.406619036044802000 -83.171788689840398000 0
83.056519087557007000 -12.907228229034368000 -32.171697134311962000 0
23.565134385886033000 -36.209424925018631000 78.952909939878538000 0
-41.973471443666313000 79.207695271137055000 8.023010956144903000 0
87.821002917180806000 -13.354597152559979000 -14.461195715201271000 1
63.460474676086051000 16.883054607317995000 61.544541764580217000 0
-46.873572040575240000 71.618203225646255000 -27.815485091708119000 0
-4.546637018072388500 80.221879120378659000 -40.543534653767509000 0
-57.358809274738576000 -41.218250772199255000 55.776543473616755000 0
-41.217807863315535000 79.542699577004939000 8.605304116946928900 0
-37.821524517094709000 -39.385485942462282000 71.542405468916897000 0
43.455121826900445000 36.112736551436555000 -70.053712576677754000 0
-37.418700481668132000 -51.574137714536803000 63.560594500564598000 0
-13.353292819034262000 42.339634866383392000 78.288216803491324000 0
50.114816975674294000 67.037162672218926000 -33.083590197454754000 0
58.241635443112756000 -17.497376312487873000 66.345713675344101000 0
52.307357163270105000 53.960594636208043000 49.519638660847804000 0
19.326394361226100000 16.249777426414479000 86.385387737662896000 0
-0.585374955333517910 -54.268970276647892000 71.795098727378146000 0
-21.781500553669538000 -69.762053208829826000 52.524491103854487000 0
32.208049487359638000 -42.672865672279634000 72.399365215002902000 0
-62.732098066042944000 -30.596405850324377000 56.820276497695858000 0
-79.697717992414852000 37.761003022167969000 17.954954680013426000 0
64.611951224073721000 -50.008419940538396000 -37.741935483870968000 0
-80.707925261035953000 -19.175658482873725000 -34.907376323740351000 0
-3.843582477382985600 -89.729684247827265000 5.814691610461745000 0
-12.581512119179051000 -75.578914960349934000 -47.217932676168090000 0
55.043702695925290000 45.671924071410466000 54.628437147129731000 0
-87.632807254086629000 15.717355740888555000 13.170262764366589000 0
28.717080947332164000 46.528169824326831000 -71.487472151860104000 0
-21.615952067325775000 -64.422983471230069000 59.012115848261971000 0
73.512987362039880000 -2.030393182502764600 51.881771294289990000 0
46.583341152282301000 -68.154265031476029000 35.846736045411539000 0
-32.575497603025575000 -83.055644317905148000 -11.857356486709190000 0
-29.796881138401559000 -17.918529374352275000 -83.012482070375682000 0
61.135791117829633000 -27.918170318507396000 59.858088930936610000 0
-22.175636931221778000 -51.423464881146693000 -70.454725791192359000 0
89.375293249141819000 -7.351586033197456500 7.616504409924618600 0
73.079393131121151000 17.681776631294003000 49.464705343791010000 0
-22.604918288100841000 50.672511491059026000 70.861232337412645000 0
-63.850145897847156000 33.448102497746326000 53.892330698568678000 0
-50.541389424567690000 -38.540136952116391000 63.719901120029299000 0
57.997216284816993000 0.667299423639631350 68.817712942899874000 0
-84.192484340168249000 12.959782582395521000 29.045991393780326000 0
74.695863665272668000 45.948968009738223000 20.229194006164740000 0
-21.535985786161547000 -84.106741525558604000 23.711966307565540000 0
3.234241795280909900 23.350798299610766000 86.857814264351333000 0
12.521005152896947000 35.665020473627358000 -81.677602465895561000 0
63.508140852209742000 59.614284827305426000 22.646259956663716000 0
-83.540573711426802000 33.177641601031873000 4.496292001098666400 0
-70.979514693153916000 53.802982531651281000 -12.928556169316691000 0
55.858703405903135000 -46.875073717084312000 52.749717703787347000 0
33.485641012056021000 -77.385025453020802000 31.468550675984986000 0
50.808575157230749000 -58.517602157997096000 -45.762199774163030000 0
60.856906132005626000 -63.021723808670565000 -20.608233893856625000 0
-51.546376679041288000 53.677875759863653000 -50.612811670278020000 0
-8.552949574649817400 7.206795160142007700 89.302346873378710000 0
-74.051576417026325000 -45.445055277335115000 -23.475753044221321000 0
31.268906414693962000 17.666775888897664000 -82.523575548570207000 0
-9.317617669322057600 46.876591406686110000 -76.261177404095591000 0
-4.465583630164933200 -7.931255353628187300 89.538560136722921000 0
78.039319622235240000 -12.649150223554848000 -43.010040589617603000 0
-43.749232245896813000 -5.579322538386974500 78.453016754661704000 0
70.301942481347297000 55.673530818297472000 7.621997741630298000 0
-54.646165261368367000 34.480963304873057000 -62.648701437421792000 0
59.418759716354728000 -2.839202169712690800 -67.537766655476545000 0
-63.789594558538340000 61.734462788123622000 -14.823755607776118000 0
50.028061960503685000 -68.331413991297282000 -30.463270973845635000 0
1.433529571155093500 23.951860371079757000 -86.742454298532067000 0
-26.534058542025036000 -64.048028374076310000 -57.391582995086516000 0
20.795841962648776000 -72.605741752842135000 -48.948332163457131000 0
-17.926183071137849000 41.922594113698644000 77.596057008575698000 0
16.134168549949781000 86.034792731381827000 -20.921353801080354000 0
-6.240849832059042900 31.523917617832904000 84.067201757866144000 0
-4.822737301404570700 -72.741391351195475000 -52.777184362315744000 0
29.904117871285997000 1.423158979227815000 84.874721518601021000 0
86.956589867600883000 22.279030945082269000 6.495864741966002500 0
59.918352263446749000 -47.882052324917133000 47.086092715231786000 0
-59.174164553645703000 -5.376105596135103000 -67.598193304239018000 0
-33.032003421128294000 -74.932986701640303000 37.335428937650683000 0
42.262714195049689000 -74.343561982626980000 28.051698355052341000 0
47.067521779426215000 -40.226199078837681000 -65.318460646382036000 0
63.906683872735165000 -58.192678962355338000 25.090792565691093000 0
-86.684128268692447000 -0.423863885566715950 24.200872829371015000 0
-63.361394899730122000 -56.780465096869165000 -29.348124637592701000 0
50.442474069539344000 -70.472781520292074000 24.272286141544846000 0
38.254950900635535000 -78.539572428187469000 -21.635486922818689000 0
25.438556535766974000 -70.975639991457967000 -49.146092104861602000 0
-49.338539215989741000 57.656819291689551000 -48.388012329477831000 0
39.716017009002471000 79.898244889529650000 11.785943174535355000 0
53.615502219235140000 -35.707278121475937000 -62.851954710531942000 0
-69.392192319681115000 -18.582291971198874000 54.216437269203773000 0
-27.540007577771021000 -63.829332727657921000 57.160863063447984000 0
-16.021817217082447000 41.268265546283182000 78.359630115665155000 0
-27.759828191167855000 74.580305457971889000 -42.037720877712331000 0
-23.292420434023640000 86.931274713728840000 0.645466475417340590 0
45.276339616717216000 68.645106156034871000 -36.577349162266913000 0
-81.301469515321614000 -38.597251124493205000 -0.568559831537827740 0
-12.907124745754995000 6.964622190145470300 -88.796960356456196000 0
80.385343071998093000 -38.096239388045070000 -13.670155949583423000 0
-1.737208550815843700 87.732793989143389000 19.998474074526200000 0
-29.143655567852292000 -37.590896618250802000 76.404004028443254000 0
49.377440475504528000 52.285302957345486000 -54.112063966795866000 0
56.457463510660368000 -35.934931889481767000 60.176702169866019000 0
76.212750340593814000 -45.147182292110728000 15.916928617206336000 0
-26.820390980941120000 -50.871539099730761000 -69.229712820825839000 0
-22.183721377538337000 -41.041142262903477000 76.964323862422560000 0
39.805844958208219000 80.194661133314526000 9.182103946043275400 0
-3.262019389355486500 -73.515146617056928000 -51.815851313821831000 0
86.346187318064906000 -14.556909436977465000 20.795007171849729000 0
51.127887659869728000 69.721365451171408000 -24.997405926694540000 0
-27.667705220924141000 -84.550721511003914000 -13.626209295937986000 0
8.620438603233278500 -20.545727803134600000 -87.198400830103452000 0
-53.021181500768883000 41.930676419591137000 -59.418622394482256000 0
-43.449261734232778000 -68.749724761682032000 38.543961912900173000 0
-26.068164392839119000 -28.913326819631052000 81.144749290444651000 0
64.942289431457283000 59.569923274355617000 18.273567918942838000 0
-16.187434560745146000 86.639762920325168000 -18.207647938474686000 0
80.778383314522046000 24.538481431342909000 -31.188390758995329000 0
15.728083191595667000 11.768388370166150000 -87.830133976256604000 0
-54.496423488810180000 -60.467646849102969000 -38.390148625141144000 0
78.730446614618202000 39.839346355947605000 17.729728080080569000 0
-10.413903776865288000 59.189225183442986000 66.993926816614277000 0
-60.315912160254854000 -51.279330143009055000 42.806787316507467000 0
60.154570423569155000 3.186593328254593500 66.867580187383652000 0
-81.836612864885822000 -22.420056307148819000 30.001831110568560000 0
-79.351978090012068000 25.432726485961386000 34.006469924008911000 0
77.777626682801255000 45.271908153394236000 -1.046479689931943700 0
67.184320761465301000 -59.570543185747233000 6.133304849391156400 0
-48.848965616213889000 -42.755746204668014000 -62.335581530198063000 0
-67.618183353496065000 36.002396598026380000 -47.239906002990807000 0
-9.536763298991568000 -0.864592570143766780 89.489120151371807000 0
32.520337766637716000 -55.338148625010788000 63.088167973876153000 0
57.603252821127946000 -68.249987885761783000 -11.126743369853816000 0
77.704934230413045000 31.266163642584193000 32.929776909695725000 0
-6.385872845880239600 89.310783311122506000 9.099703970458083500 0
39.088948655374246000 -18.350943470090524000 78.963896603289896000 0
-24.597801963701997000 -16.310443186918619000 -85.023041474654377000 0
61.563944453397283000 63.072674181546063000 18.213141270180365000 0
84.809423953743220000 -25.355002715168627000 -16.263008514664143000 0
73.093716746833380000 -32.670018273532804000 41.109347819452502000 0
-19.523169704624916000 -10.602377437490238000 87.214880825220490000 0
11.190058818006507000 -69.480210479401549000 56.100650044251843000 0
78.714318686916386000 13.332368854519194000 -41.548814355906856000 0
65.816727698271421000 55.598213778187173000 -26.019165623950926000 1
-71.926294813530561000 53.936584194377815000 -4.177678762169255900 0
-33.484026384639499000 -78.016687995541417000 -29.869991149632252000 0
43.608007968522955000 -39.969740682884492000 67.828913235877565000 0
-34.812272411486035000 -76.300389640217332000 32.655110324411758000 0
-74.858021832803729000 49.266127833806642000 -8.314157536545915100 0
35.283462413486788000 -82.624280788016478000 -5.320291756950590300 0
-35.371307973277965000 -66.810739084361614000 48.838465529343544000 0
30.509070570354677000 -30.828107267407276000 78.859523300881989000 0
-50.776352001716027000 73.695864489226196000 -9.522690511795405000 0
3.176725410170528900 -19.533680035683673000 -87.797173986022528000 0
-14.458868297376375000 -61.870142795704602000 -63.741874446852016000 0
-63.813658059619939000 -63.462825164500039000 -0.535599841303750710 0
-85.193993272059359000 -29.008497901322055000 -0.700399792474135530 0
49.856101097894573000 -73.789845008235645000 13.016449476607562000 0
-66.214571392325183000 -6.925843158553279400 60.561235389263587000 0
59.272458765855617000 -48.228702839134947000 47.547532578508864000 0
27.928678242109154000 -66.208340832587695000 -54.188970610675376000 0
-31.014191016761455000 -18.432604214239639000 -82.452162236396376000 1
-85.010210773537452000 27.120445371140299000 -11.736503189184241000 0
-59.207615062696341000 -40.747941344792757000 -54.166997283852659000 0
30.063925131266060000 -48.048188634556496000 69.910885952330091000 0
53.527035901249121000 42.039536285612968000 -58.885769219031339000 0
88.550004422353439000 15.330381854591689000 4.886318552201910100 0
32.956579362425067000 83.438354437132745000 -7.204504531998657600 0
-28.114260959849329000 35.428040024778241000 77.810296945097193000 0
74.921101749187784000 -31.304034791186535000 -38.818628498184147000 0
15.250268005209744000 -38.893594027702584000 -79.716483046967994000 0
48.244668380755954000 -69.322093820138946000 31.095004119998780000 0
34.257978417170854000 -56.324002967492589000 -61.269875179296243000 0
-51.531582890115416000 -11.618886386658836000 -72.866298409985660000 0
66.331734386278285000 -22.323637723254755000 56.584063234351632000 0
-11.261506501777781000 67.330587829835125000 58.649555955687127000 0
47.024463935371820000 -75.058476305066193000 -15.966368602557452000 0
-71.675557738076392000 43.628219492374235000 32.545243690298165000 0
-20.980679461484467000 31.922654144080003000 -81.490829187902463000 0
39.880992415548853000 71.230856983811591000 -37.890255439924317000 0
73.703410541571657000 -7.088173941491705300 -51.162144840845976000 0
69.471788076915686000 -56.350764873487151000 9.912717062898648700 0
-64.123097781197842000 33.340769587730499000 -53.634144108401749000 0
-5.179930331206338500 89.571580328066844000 -7.078157902768028400 0
-83.229398814859479000 -30.186633150208579000 16.175115207373270000 0
-58.529104631826485000 7.258981017274147800 67.982726523636586000 0
-67.604128543073614000 -29.882610527802616000 51.348918118839073000 0
89.119151621539700000 11.148311155181229000 5.787224951933348300 0
-7.271162923109952400 -32.429837977066690000 83.638721884823141000 0
54.159694949302057000 -50.198122621631327000 51.447798089541301000 0
61.607214914971379000 60.001039020810708000 -26.541032135990477000 0
86.714229171919200000 -13.033224117748308000 -20.267647328104495000 0
-47.703159376290266000 59.735582239834763000 -47.498092593157750000 0
-47.762008323254108000 -42.619979009367690000 63.263954588457899000 0
75.245960387199062000 44.243745987302013000 21.921140171514022000 0
-51.933199597302412000 -70.267058809641298000 21.575060274056213000 0
-37.233888281986978000 -20.238968188874388000 79.397869808038578000 0
-17.191802989445577000 83.311889582462427000 29.386577959532456000 0
-54.245675591799717000 60.913655787793154000 38.038575395977659000 0
61.808387115171058000 57.067398119474838000 31.984923856318858000 0
15.634266124688095000 -88.019179441440812000 10.401623584704124000 0
-81.570557442939503000 37.543276754155606000 6.061891537217322300 0
-19.891823355898762000 -87.772205828501654000 0.596026490066225210 0
11.384616411388665000 60.071923499662802000 -66.043580431531723000 0
-31.810657260005133000 32.322562648918819000 77.738883632923361000 0
76.297434045216903000 36.769946364947742000 -30.441297647022918000 0
0.908314907557764120 60.920109895054551000 -66.241340372936179000 0
-29.724065197841110000 37.693552878179027000 -76.129337443159287000 0
37.411330450541854000 56.886664286251246000 58.858302560502942000 0
26.496325815456935000 -85.236037964099950000 -11.522263252662739000 0
-67.724081611703042000 -56.644309467077932000 17.460554826502275000 0
80.445100183919180000 -31.707448580495225000 24.964445936460464000 0
-7.416398729499415600 87.843454031412321000 18.125247962889492000 0
-65.534295953636061000 -19.681440380265858000 58.462782677694015000 0
7.923968751675333000 -89.650079636216105000 0.271919919431134970 0
-84.471610659176847000 20.446730739876713000 23.376873073519089000 0
1.393409031964267100 -12.932100122756626000 -89.055146946623125000 0
79.130802003479104000 -14.106358002088754000 -40.488601336710715000 0
-38.787272902912761000 31.578902376256544000 74.821924497207561000 1
35.332191525998319000 75.760120231945166000 -33.347270119327376000 0
47.681901643024453000 -31.321842252162792000 -69.608752708517713000 0
-78.969739400280119000 24.229094545826246000 35.731376079592273000 0
79.744971188417566000 -33.895810413257358000 -24.327219458601640000 0
-76.658925320144860000 31.333124248996391000 -35.236976226081119000 0
79.716356353431991000 -34.444546503107290000 -23.640552995391701000 0
-17.058065336912147000 -86.599827093387077000 17.592394787438582000 0
-2.978741929314113100 41.659735702435079000 79.721976378673673000 0
-70.586268143352015000 -54.147069817471206000 13.626209295937986000 0
-66.121196846885127000 -38.716571370421285000 47.212439344462410000 0
67.010391940887445000 53.823717817805644000 26.694845423749506000 0
82.190353792959982000 -35.532237432860036000 9.066743980224005700 0
-55.936048284373769000 -67.276066833681952000 21.097140415662100000 0
28.989901852610203000 53.743773526296067000 -66.114993743705554000 0
-82.203467888195433000 32.482489663636365000 -16.955168309579761000 0
50.325790954598837000 60.563858454326812000 -43.581347087008268000 0
-20.465573760167214000 80.118117679552853000 35.528122806482131000 0
-35.835514651827729000 80.872238178364341000 16.598101748710594000 0
-61.193283272718652000 -10.334540105894060000 -65.181127353740038000 0
19.032981692044846000 70.199057616703584000 53.007904293954283000 0
63.875484424985117000 -46.339050514300716000 -43.273720511490218000 0
-12.564176038428430000 46.393090370512333000 -76.090884121219517000 0
-20.961213529702498000 71.395394479073900000 50.629291665395058000 0
13.414933233803431000 -64.726851443211970000 -61.077608569597466000 0
55.894327668849840000 -69.759369545313902000 -10.462050233466597000 0
27.886492913635845000 -0.807672740838320190 -85.566881313516646000 0
-26.209192358093418000 -7.887656696645075600 -85.737174596392720000 0
-69.625754571936639000 -51.753993611729626000 -23.953672902615434000 0
-44.518184023231854000 -67.341010772156125000 39.790948210089418000 0
-65.134721335153174000 -19.180792463534534000 -59.072542497024443000 0
-43.511713437594189000 78.757497924647325000 1.996826075014496400 0
69.214582222500624000 -44.409939668580840000 -36.566362498855554000 0
-69.842899537300468000 -46.273254078161422000 32.874843592638932000 0
-89.862295799469265000 -3.939897716135179800 -3.040559099093600000 0
65.962357499003886000 -20.550031933128043000 -57.677236243781856000 0
-82.637909583037498000 5.626112388847043500 35.204016235847043000 0
44.543688680649119000 23.089983589727936000 74.717551194799654000 0
-6.113862441661440900 -71.758965535304327000 -53.974730674153882000 0
-65.998081657234692000 -47.772752459244430000 38.236335337382123000 0
-37.643027639704826000 71.799346963125885000 -39.087801751762441000 0
-27.222058375388343000 -13.569059476097383000 -84.704428235724961000 0
14.795837612515189000 -18.788754301141239000 -86.764427625354784000 0
-47.785315794022353000 -34.491777090798280000 -68.021179845576341000 0
12.932550268659334000 -10.261738962832776000 88.472853785821101000 1
31.735397119586018000 64.028031915669018000 54.710837122714928000 0
-51.992168999056311000 70.516436164212678000 -20.597247230445266000 0
-24.087443461185803000 86.377244480434300000 -7.665944395275734500 0
79.576897460950747000 28.956901964114731000 -30.479750968962673000 0
23.316015117042749000 -86.521404756174732000 -8.391064180425427600 0
-11.825054085288018000 43.830397758995183000 77.711416974394965000 0
-83.459645065466148000 -23.260896430854370000 24.360179448835719000 0
-45.483519193486877000 -38.714238103026858000 67.323526718955037000 0
26.432419010032689000 -7.364203731237267000 -85.715201269570002000 0
-9.224652827265076700 -20.446254683696438000 -87.159947508163697000 0
56.420045832395871000 -67.686396759938503000 -18.312021240882594000 0
-57.339876683521219000 17.352408488327992000 67.164220099490336000 0
-10.175418197129218000 49.987951166110847000 74.146244697408974000 0
-80.504370841034913000 36.306893157278893000 -17.345194860683005000 0
47.449318786957811000 74.146931393697145000 -18.729514450514237000 0
-6.668034193036034700 9.814203732593915300 89.214453566087840000 0
-89.443426167752150000 -9.841272687797971500 1.738639484847559900 0
43.568559990085731000 -12.553582387986198000 -77.744376964629041000 0
57.788552153174408000 66.222447748879844000 -19.366740928373058000 0
-37.996905362484725000 59.288386884864643000 -56.045716727195042000 0
1.117832767566602200 28.737825068360475000 85.281228064821320000 0
-44.326179789427940000 36.514450015624504000 -69.295632801293991000 0
-11.897864061882606000 87.442761951428437000 17.669301431318093000 0
33.973000340555537000 -77.733044196164400000 30.056764427625353000 0
21.986417876080964000 54.258799835993273000 -68.356273079622781000 0
-63.795254158177734000 20.352328144955553000 60.132755516220584000 0
-58.358580971851012000 13.806507686775833000 -67.109286782433543000 0
20.195625389258474000 20.635068918496309000 -85.242774742881551000 0
43.870298125401632000 77.934848387736864000 -10.077517014069032000 0
47.554623443634540000 -36.068288483156707000 67.361980040894807000 0
-14.089339235805728000 87.750082725585926000 14.192022461622972000 0
72.292320780179097000 -53.510458736141068000 -3.232825708792382600 0
-44.988626980310386000 -65.268875180712769000 -42.614520706808676000 0
-60.557076328765440000 -66.088395670565475000 8.072450941496017100 0
33.863993022617443000 -70.761340517034895000 44.114200262459178000 0
69.263637950657539000 -31.053781913145926000 -48.355052339243755000 0
18.177549746839528000 -4.328070151100112300 88.038880581072419000 0
-69.138434075936658000 33.951035652526741000 -46.553239539780876000 0
-7.828495114330703300 89.056675955910123000 -10.374156926175726000 1
-1.587360688609213300 -41.735917005889021000 79.721976378673673000 0
80.122069464130973000 40.833426248229713000 3.617358928189947400 0
-1.290885127162071800 11.241334057210835000 89.285866878261672000 0
85.136849348215662000 -28.634238832325714000 -5.638904995880000800 0
-16.966290594176744000 -85.185918073745697000 -23.569139683217870000 0
68.342075657521860000 34.780356783056909000 47.113559373760182000 0
-30.171580845099683000 57.468088047082475000 -62.346568193609421000 0
47.996454896554560000 68.404420362027082000 33.424176763206887000 0
40.938724481489281000 -28.962828244722079000 -74.734031189916692000 0
16.297237470687069000 78.331534148857003000 -41.213721121860409000 0
-63.101200183528462000 -25.368967817275397000 -58.946195867793818000 0
-73.754567369600124000 14.869738790581907000 -49.387798699911492000 0
-71.515682005177140000 47.579108331369042000 -26.865138706625569000 0
-21.007190269932277000 -19.474340169167199000 -85.319681386761076000 0
82.070783707453984000 -35.817264404667220000 9.028290658284248600 0
22.847632786216881000 -64.721956097099124000 58.215582750938445000 0
-51.493757271573131000 17.302508552648820000 -71.756645405438391000 0
-74.855778469282185000 -38.068179369837296000 -32.363963744010739000 0
-6.622019748194548000 59.373148861462184000 67.312540055543678000 0
79.935759403132806000 7.069203794383267500 -40.746787926877651000 0
42.176344121487851000 1.780297312127926200 -79.485763115329448000 0
-74.281391063626685000 0.049853003097902783 50.816064943388170000 0
-2.554465207628111600 -9.439509869563849500 89.467146824549090000 0
11.511620007935946000 16.453257288627970000 -87.731254005554376000 1
24.037113378195325000 19.704462273648137000 84.462721640675070000 0
-89.879731432116870000 2.818805020656336000 3.699758903775139300 0
40.209477434868646000 -75.128611704028188000 -28.963591418195136000 0
-41.318688580641492000 54.406616335078489000 58.589129306924654000 0
-1.465431969184672700 -30.761322501337304000 84.567094943082978000 0
-85.293829569386688000 -21.200620527876403000 -19.377727591784417000 0
-48.814470335685932000 67.634976379820202000 -33.803216650898769000 0
-41.118999513541972000 73.359519670900582000 32.056337168492689000 0
-35.427319190196314000 30.769110841897156000 -76.799523911252166000 0
-29.187842926758989000 83.164603710685100000 -18.213141270180365000 0
-60.095818879527478000 4.323014639042428400 66.856593523972293000 0
-84.046688030808824000 -7.359673403979927600 31.336710715048675000 0
33.810469418002143000 66.005175800268148000 50.991851557969909000 0
-59.295738374039317000 -41.821996081273539000 -53.244117557298495000 0
64.080865655568658000 -29.904048643301213000 -55.672170171208833000 0
16.816795387835771000 -59.575655322292469000 -65.329447309793395000 0
-28.298190349680986000 -61.089995964206437000 59.726248970000306000 0
-67.505582096204705000 31.494349326373356000 50.508438367870113000 0
-80.358506440152809000 39.997664058637660000 -6.534318063905759600 0
58.252872101611885000 -37.978650675762161000 57.133396404919587000 0
-17.061083044772950000 32.255563435574928000 -82.270882290108958000 0
-19.212088465705772000 -65.999227772153404000 -58.094729453413493000 0
67.335386991725656000 6.958243228824444200 59.308755760368669000 0
-70.146917630088893000 26.804901026260559000 -49.607531968138673000 0
-73.853371750889167000 40.088948237336922000 -32.226630451368756000 0
-86.757289380797459000 -18.462856598653239000 -15.241248817407756000 0
63.448312302475202000 -62.317839968823122000 -13.812982573931089000 0
-48.038255877079223000 13.012191544520936000 -74.986724448377942000 0
29.290769801711239000 -70.644717920923469000 47.448652607806636000 0
38.644654863879893000 81.270553093366885000 1.299172948393200400 0
23.239568606711696000 -86.435607511369540000 9.423810541093171600 0
-0.135221904433851650 -49.486634100733184000 75.173497726371039000 0
21.858952405521364000 49.292176045610255000 72.058778649250769000 0
-62.802699887676489000 -61.837708884315880000 18.218634601886045000 0
-0.278076142958014360 10.120842458761866000 89.428693502609335000 0
-14.299587038604567000 -76.050699075681663000 45.954466383861813000 0
39.636946653139709000 -11.569066559032807000 -79.969176305429244000 0
3.063722094976138300 -77.993613234249153000 -44.806360057374796000 0
35.236167162606812000 81.990647833088559000 -11.659596545304728000 0
26.330225576786610000 -22.363671593370295000 83.105868709372231000 0
29.079113589963971000 -59.671993026434606000 60.775475325785088000 0
25.265081266142285000 65.880396005389429000 55.869930112613304000 0
-2.463879493060194800 11.690628314456859000 89.203466902676482000 0
71.265906387813985000 5.504431254696905600 -54.688863795892210000 0
67.482619712700810000 -38.882070809872744000 45.102999969481488000 0
-9.140810715612698100 -37.270809390788230000 81.408429212317273000 0
45.638588201456727000 -1.391897038063493400 77.557603686635943000 0
53.107025351283518000 -72.653700564665783000 -1.040986358226264400 0
-37.757787658048173000 -23.986913817713628000 78.095950193792532000 0
-40.599632427809858000 72.989767620018441000 -33.528550065614795000 0
65.987632960151771000 59.488507540487937000 -14.378795739616079000 0
-87.721905086855941000 -19.584415672264431000 -4.617145298623615400 0
12.604151216499210000 -25.114159019090561000 -85.500961333048494000 0
79.253410723911387000 -5.999081756552911300 -42.224494155705436000 0
89.693374924928861000 7.343120245229171900 -1.084933011871700200 0
-74.695010647368846000 -39.751976994865650000 30.666524246955777000 0
-6.476440277444758900 63.597162590217842000 -63.351847895748769000 1
46.420545367218509000 -53.963449750792250000 55.073397015289778000 0
-49.243191566417778000 10.509079273457489000 -74.596697897274694000 0
-19.445910094816941000 0.050339187245542823 87.874080629902039000 0
22.337679329833318000 -18.498318149992102000 -85.198828089236116000 0
-36.872831231010039000 80.775635661943141000 14.686422315134129000 0
42.745477075944677000 58.975484334902653000 -52.865077669606613000 0
70.659926929323476000 40.622581378136644000 -38.170415356913971000 0
-13.850875862181736000 73.586579691433357000 -49.931638538773768000 0
-30.232813013510885000 6.950779347594132900 -84.484694967497788000 0
-12.181076657680185000 -76.615879098285475000 -45.624866481521046000 0
-0.727371013623634990 51.781736697623217000 -73.607898190252385000 0
-87.064758019741362000 -22.796660019931185000 -0.200506607257301540 0
-51.001885773936685000 68.841122549384792000 27.562791833246866000 0
-81.624779113493545000 -33.509063790985053000 -17.735221411786249000 0
-78.604688061294411000 -40.889614026884814000 -15.790581987975708000 0
42.353297280464375000 -71.504222722925164000 -34.544816431165508000 0
20.809933171423015000 -85.882077663336901000 -17.065034943693348000 0
62.868372975296310000 40.525494943507894000 -50.052491836298714000 0
-65.198246820198960000 48.269132844259509000 38.977935117648855000 0
-85.496606171900410000 -22.403581022393546000 -16.982634968108158000 0
13.110730514951973000 -73.240885396489361000 -50.634784997100738000 0
11.687518810225358000 -80.843237287668941000 -37.785882137516403000 0
-5.368376462590864800 -3.416225273968002400 -89.774773400067133000 0
86.132603839515994000 20.717697734291473000 15.872981963560902000 0
-72.093098971630724000 -47.051216322913540000 26.244392223883786000 0
-8.411232701335514200 -23.907334258213776000 -86.357921079134499000 0
9.095297612091330900 -4.336102700850278600 -89.434186834315014000 0
66.323318671464108000 59.975816519263560000 10.203863643299661000 0
-83.451100557386169000 24.539801774585914000 23.102206488235112000 0
28.110618168215897000 -84.126868478739993000 15.246742149113436000 0
71.198806510367447000 54.779779457676305000 5.468611713003936900 0
52.484060656206807000 5.789990413489588800 72.882778405102698000 0
57.205335326304784000 -66.733271886271496000 -19.344767601550341000 0
-4.711016182060630400 -33.010905479572060000 83.594775231177707000 0
-27.321791495067099000 40.613832208516762000 75.525070955534531000 0
65.571252472191262000 38.487478978716730000 -48.157292397839292000 0
-88.472124354937137000 -15.500432813011138000 -5.693838312936796900 0
-13.026987189350931000 58.049028109796922000 -67.532273323770866000 0
-41.694995335824061000 -76.891196399369662000 21.196020386364328000 0
82.229010732595384000 29.957684360182935000 -20.998260444959868000 0
62.181131638497426000 -24.770820449718965000 60.165715506454660000 0
-78.923935834119149000 -27.976040134789226000 -32.990203558458205000 0
10.197136627767144000 -55.491040129425336000 70.119632557145906000 1
69.574668254898185000 -12.816204069700840000 55.633716849269078000 0
-65.033822704194250000 -26.160439280851680000 -56.446729941709648000 0
-70.688608969928282000 -55.704567873068576000 0.348826563310647930 0
-83.325751279942423000 -20.915134006033256000 26.821192052980134000 0
-10.836846817465842000 -40.259615063091260000 -79.760429700613429000 0
-53.745774657570784000 -65.685424707484245000 -29.946897793511763000 0
31.762244116908423000 -42.436522039175529000 72.734458449049356000 0
61.610707303659574000 63.875833942359328000 -14.966582232123782000 0
54.787344606395116000 68.243601885226695000 -21.003753776665548000 0
-44.126139086220761000 -68.073729371797825000 38.972441785943175000 0
83.258629239915777000 8.136035930417840200 33.193456831568348000 0
16.867684536572884000 -86.640454971033677000 -17.575914792321544000 0
81.821626013584861000 -37.459378558032114000 -1.420026245918149200 0
-30.532983354748456000 25.908113073639136000 -80.600909451582382000 0
-10.339914935302961000 -78.007204303945898000 43.680227057710496000 0
38.978778602378476000 71.734341954348835000 37.879268776512951000 0
79.037984675075137000 -38.915808139141895000 -18.399914548173466000 0
-46.238247317008792000 -29.661446660632414000 -71.289712210455647000 0
4.459798630834487900 -86.143605530092827000 25.678579058198796000 0
-72.394764190288768000 43.383939171466899000 31.254310739463484000 0
23.083548347471197000 85.593432380000579000 -15.521408734397413000 0
-43.516285465478084000 77.601573659134814000 13.576769310586871000 0
49.407310998906269000 -69.250772457423437000 29.381084627826777000 0
-27.203004377895819000 -78.617132946180860000 -34.341563158055358000 0
-3.996479767969626900 -79.405874815355375000 -42.175054170354322000 0
52.944707638244722000 -29.512998030837018000 -66.526993621631519000 0
9.099126008764701000 27.161698657083253000 85.319681386761076000 0
-52.708831652148724000 -10.311509394166569000 72.218085268715470000 0
-40.851727765365041000 -74.110623318641260000 -30.639057588427381000 0
-88.596195031251028000 14.334130061268393000 6.726584673604540900 0
-41.289899549747688000 -15.388961202195151000 78.474990081484421000 0
-55.872302977951669000 -59.883151138853272000 37.313455610827965000 0
2.392476809990468700 11.103645982337689000 89.280373546555992000 0
31.322910976270958000 29.651977640826374000 78.991363261818293000 0
84.562583193420068000 -30.404386855070587000 4.974211859492782200 0
-63.883900734106938000 35.699200599703737000 52.387157811212504000 0
10.407833693911519000 64.544451887269332000 -61.852168340098274000 0
23.808055443972179000 -73.783618025926586000 -45.707266457106236000 0
55.032160860350835000 2.027016424909938500 71.185338908047726000 0
14.554636574532482000 21.488347475871002000 86.176641132847067000 0
-28.443338545778566000 63.302951278238595000 57.303689687795647000 0
-19.184649463291272000 -83.170806766759910000 28.540604876857813000 0
30.258315499520744000 -4.755726269792455200 -84.627521591845451000 0
-15.718109554209951000 -39.145042757025031000 79.502243110446486000 0
-27.700517137006155000 -59.351531441577897000 61.725821710867649000 0
-64.917634434535515000 51.928100299927259000 -34.484389782403028000 0
-16.654262740505178000 87.647982705395393000 11.851863155003510000 0
47.257775048203982000 -74.569964709995503000 -17.493514816736351000 0
-70.028842044834761000 11.027136095257100000 55.446943571275980000 0
-22.852369899491428000 20.621505824742719000 -84.572588274788657000 0
5.495661331172966500 -81.587485425644047000 37.593615527817619000 0
-72.523041806686109000 53.006184858553326000 -5.545518356883449400 0
6.882843603965399700 -7.224084847576238900 89.445173497726373000 0
-71.488433682037694000 -32.323287532553721000 -44.097720267342140000 0
-80.692839278205611000 -9.960673628913532700 -38.593401898251294000 0
37.366297573388302000 0.429925959063599760 81.875362407300031000 1
31.436046261272800000 -31.837957574719962000 -78.090456862086853000 0
52.303414802767335000 11.324805957455148000 -72.360911893063147000 0
-77.245488006775560000 11.269482091190197000 -44.789880062257758000 0
-43.709983863557419000 55.560667451740798000 55.699636829737230000 0
56.548422073561532000 25.313960668198536000 65.280007324442280000 0
-71.622872683507040000 -39.431184152778599000 -37.621082186346015000 0
-46.861031269308505000 -19.290175762452382000 74.376964629047521000 0
-43.718080712528753000 -77.403808143648249000 -14.049195837275308000 0
65.749964860607392000 -34.082619886757200000 -51.140171514023251000 0
87.394211283495324000 -5.705854742970513100 20.729087191381574000 0
74.171969448755675000 -41.963099150872999000 -28.941618091372419000 0
-74.361147205573729000 41.778859707715526000 28.721884823145235000 0
2.906792223221234200 89.270424805306263000 -11.060823389385662000 0
2.247028870210336900 -89.605105609747625000 -8.116397595141453500 0
-53.268207209778268000 -24.777396272540045000 -68.180486465041042000 0
1.556933651897872000 37.612157302135017000 -81.749015778069406000 0
-4.636272411324749300 0.493929309676134190 -89.879146702475055000 0
-62.235169445199631000 3.434449990444984100 64.922940763573109000 0
48.079187010727729000 -22.672901007622212000 -72.624591814935769000 0
-87.432906738727752000 -18.238926398342009000 11.082796716208380000 0
56.486820349315757000 55.629542999643547000 42.598040711691638000 0
-54.800544524242781000 69.630629143768530000 -15.763115329447309000 0
-57.855014686564864000 2.014355984258494800 -68.911099581896423000 0
-51.255582829367867000 -72.885711655643235000 12.670369579149753000 0
-26.225455788651967000 -63.544205994519572000 -58.089236121707813000 0
64.975523942717103000 33.318437762645267000 -52.612384411145364000 0
23.211953667275516000 34.058543837897723000 80.007629627368999000 0
15.980350432199200000 -58.451642569573693000 66.543473616748557000 1
-9.482226921910331900 11.404576327727248000 -88.769493697927786000 0
1 25 875
1 100 464
1 164 355
2 194 575
2 253 71
2 591 514
2 620 683
3 211 204
3 393 766
4 536 996
4 600 335
4 754 568
5 243 362
5 764 947
6 81 522
6 693 726
7 17 975
7 245 807
7 399 571
7 490 848
8 335 323
8 553 60
9 172 486
9 239 119
9 264 188
9 396 241
10 459 512
11 201 274
11 594 974
12 173 161
12 485 967
13 443 654
14 223 181
14 694 860
15 172 720
15 585 280
16 425 40
17 57 673
17 259 208
18 321 757
19 135 357
19 613 332
19 641 614
20 395 291
20 633 149
20 715 339
21 89 266
21 481 480
22 77 52
22 156 327
23 474 409
23 665 222
24 98 614
24 128 304
24 170 826
24 321 563
25 66 428
25 397 968
25 723 214
26 437 235
27 242 915
27 740 900
28 41 986
28 493 543
28 623 788
29 196 967
30 194 789
31 743 447
32 53 450
32 64 71
32 114 149
32 530 586
32 668 982
33 428 508
34 349 320
34 578 282
34 734 919
35 243 134
35 355 582
35 404 875
36 216 134
37 58 412
37 394 478
37 398 420
37 479 227
37 586 789
37 610 768
38 417 664
38 534 475
38 661 363
39 577 880
40 99 925
40 427 287
41 365 148
41 493 814
41 657 491
41 764 978
42 182 458
42 530 772
43 495 764
44 79 455
44 628 1000
45 121 933
45 218 64
46 376 545
46 448 564
46 605 254
46 643 544
47 570 866
47 698 649
48 409 125
48 542 490
49 80 221
49 91 956
50 181 483
50 576 376
51 538 596
52 417 384
53 270 210
53 319 862
53 669 955
54 427 848
54 574 462
55 750 128
56 297 7
56 344 222
56 359 766
57 365 508
57 652 524
58 398 158
58 586 592
59 434 477
60 79 707
61 141 461
62 690 626
63 207 271
63 477 589
64 519 930
64 726 802
65 357 470
65 595 542
66 435 2
66 480 247
66 658 588
66 681 916
66 719 874
67 262 836
67 613 623
67 664 809
68 399 202
68 553 264
69 124 320
70 296 858
70 419 896
70 670 741
71 328 981
71 355 875
72 499 455
73 276 172
74 151 892
74 285 240
75 421 670
75 486 976
75 703 493
76 257 900
76 713 798
77 347 762
78 479 662
79 546 985
82 309 729
82 626 540
83 241 622
84 326 175
85 587 658
86 589 914
86 637 365
87 288 104
87 329 142
87 408 180
87 528 626
88 358 833
88 432 494
89 339 614
89 613 611
90 554 362
91 320 50
91 451 244
91 459 779
91 689 137
92 466 612
92 518 27
93 240 963
93 289 745
93 489 119
93 593 151
93 613 70
93 636 673
93 716 331
94 505 653
94 754 690
95 217 105
95 595 850
96 170 443
96 607 871
97 574 970
97 729 284
98 261 308
98 423 71
98 640 617
99 427 358
100 500 703
101 281 895
101 345 607
102 445 102
103 470 640
104 259 102
104 413 451
105 712 852
106 110 52
106 303 162
106 326 606
106 642 483
106 700 824
106 732 671
107 561 319
107 668 379
108 476 686
109 313 288
109 736 650
110 136 640
110 390 773
110 711 598
110 753 101
111 282 245
111 401 715
111 500 177
112 729 428
113 167 441
113 626 66
113 794 956
113 795 917
114 185 958
114 196 135
115 468 541
115 760 83
116 213 353
116 498 186
117 549 230
118 527 123
119 579 654
119 653 397
120 129 90
120 259 314
120 318 538
121 336 650
121 717 276
122 287 629
123 370 745
123 525 366
123 743 381
124 235 37
124 497 606
124 577 775
125 443 698
126 145 982
126 758 290
127 481 918
127 539 724
128 229 653
128 632 596
130 140 727
130 284 500
130 444 246
130 446 635
131 320 479
131 532 120
132 246 396
133 285 533
133 461 348
134 484 189
134 566 346
135 351 725
137 642 502
138 371 355
138 559 483
139 303 699
139 458 427
140 461 102
141 599 873
141 606 163
142 442 440
142 618 710
142 683 510
143 245 647
144 469 13
144 701 51
145 293 487
146 304 244
146 320 596
146 677 915
147 295 411
147 462 70
147 641 339
147 662 143
147 742 865
148 157 753
148 416 745
149 425 28
150 583 506
150 598 378
151 285 950
152 308 351
152 527 451
152 572 654
153 161 131
153 589 729
153 752 831
154 683 114
155 185 509
155 253 349
155 270 763
155 280 801
155 597 732
155 734 68
155 765 859
156 419 352
156 499 983
158 453 211
158 492 388
159 650 449
160 231 484
160 263 164
160 341 786
162 290 579
163 164 109
163 483 1000
164 436 703
164 686 253
165 379 956
166 541 477
166 612 442
167 719 385
168 246 16
168 576 624
169 393 774
169 575 72
170 266 364
170 563 754
170 581 472
171 262 495
171 517 441
173 485 432
173 566 685
174 432 397
174 446 233
175 269 844
176 321 79
176 672 132
177 400 50
177 465 795
177 718 277
178 278 883
179 304 705
180 479 344
180 687 366
182 530 994
183 229 549
183 269 942
183 319 247
183 666 491
183 754 935
184 692 395
185 269 701
185 385 65
185 573 474
185 587 680
185 697 371
185 719 829
186 253 81
186 384 415
186 450 335
186 518 291
186 755 962
187 215 780
187 425 46
188 394 837
188 423 325
189 617 540
190 261 628
190 547 493
190 562 592
191 445 263
191 529 580
191 613 372
192 333 832
192 490 74
193 622 445
193 663 494
193 697 5
195 633 167
195 656 979
196 505 18
197 449 114
198 305 66
198 596 501
199 377 548
199 433 714
200 383 660
201 594 360
201 613 241
202 224 10
202 472 423
202 566 104
203 332 863
203 656 131
204 749 241
205 731 153
206 572 243
206 689 345
206 721 732
207 399 861
207 625 118
208 351 407
209 372 676
209 595 529
210 512 710
212 484 662
213 286 925
213 314 274
213 597 443
213 610 234
214 511 510
215 223 198
215 363 355
215 428 236
215 598 358
215 682 548
216 325 606
217 439 180
219 708 944
220 688 53
221 232 166
221 307 894
221 506 125
222 472 786
223 587 615
224 268 222
224 430 220
224 525 248
225 435 184
225 765 256
226 679 336
227 714 345
228 229 816
228 706 388
229 237 952
229 731 71
230 411 974
231 320 713
231 540 766
232 738 894
233 539 247
234 640 148
234 673 763
235 403 546
235 424 500
235 487 659
236 380 97
238 505 250
238 506 520
239 257 468
239 670 634
239 709 550
240 289 426
240 591 65
240 621 343
241 504 300
242 257 25
243 258 185
243 348 307
243 417 848
243 460 343
243 525 556
243 719 502
244 277 679
244 305 963
244 481 391
246 580 170
247 524 259
247 702 7
248 294 56
249 595 848
249 756 390
250 301 307
251 436 59
252 311 812
252 348 184
252 646 602
253 366 168
253 538 857
253 639 825
253 744 997
254 330 740
254 477 880
254 688 618
255 412 532
255 710 743
256 416 551
256 703 635
257 747 644
260 731 262
261 269 586
261 446 184
261 572 829
262 664 971
263 484 313
264 495 421
264 502 998
264 511 626
265 384 41
266 317 405
267 337 720
267 346 901
267 721 261
269 642 444
270 388 173
271 574 698
272 469 30
273 515 801
273 638 648
274 343 111
274 520 454
275 342 863
275 665 877
276 279 501
276 377 473
276 394 286
277 477 241
277 763 276
278 292 594
278 575 601
280 581 332
280 724 722
282 556 302
282 651 341
283 396 822
284 550 304
287 441 547
287 578 856
287 649 531
288 610 144
289 467 525
290 363 472
290 455 231
291 596 348
292 304 8
292 616 850
293 736 72
294 352 326
295 532 289
297 359 226
297 527 557
297 693 721
298 627 76
299 389 157
299 400 414
300 654 490
300 732 933
301 435 71
301 662 931
302 407 505
302 490 811
302 548 75
303 627 608
304 445 676
306 464 609
306 626 758
307 678 121
308 549 254
308 572 58
310 552 889
310 668 629
311 646 690
312 612 296
312 736 384
315 346 343
315 721 868
316 495 747
317 729 483
317 737 520
320 431 13
320 438 607
320 557 356
321 360 956
321 567 181
322 422 426
322 447 773
322 587 617
323 612 479
323 669 917
323 731 765
324 465 606
324 554 853
324 578 844
324 592 931
325 338 548
325 512 532
327 630 166
328 378 773
329 408 831
329 610 498
331 502 219
333 381 877
333 549 479
334 545 180
335 658 86
336 511 415
336 691 63
337 417 178
337 601 973
337 698 605
338 573 201
339 446 703
340 346 257
340 596 720
340 690 969
340 710 499
344 555 597
344 592 297
345 368 704
345 388 357
345 538 307
345 580 635
346 721 113
347 504 57
349 680 216
349 716 32
350 410 31
350 449 718
350 488 394
352 397 7
353 418 17
353 662 324
354 560 353
355 425 356
355 727 723
355 746 428
356 526 344
356 582 179
357 714 289
358 505 362
361 494 723
362 426 205
362 734 65
363 455 72
364 383 789
364 628 20
364 732 602
365 626 374
366 472 270
366 476 107
366 551 585
366 650 905
367 623 189
369 599 982
369 654 685
371 501 384
373 672 517
374 649 419
375 643 417
376 413 7
376 452 118
377 433 256
377 633 601
378 675 727
379 522 535
380 435 302
382 549 788
385 730 464
386 730 388
387 667 910
387 752 714
388 617 837
389 454 958
389 508 102
390 684 351
391 568 442
391 693 485
392 651 99
393 656 671
394 398 643
394 586 149
396 419 306
396 472 42
396 484 707
397 399 222
397 617 7
398 586 350
399 735 278
400 414 825
402 473 723
402 715 73
403 576 581
404 601 668
405 483 146
405 496 230
405 556 280
406 462 940
410 449 124
410 691 470
411 738 735
412 564 224
413 670 839
414 587 756
415 754 9
418 559 89
418 756 543
419 630 706
420 529 915
420 685 754
421 456 289
424 705 845
427 519 546
428 467 670
428 479 139
428 523 310
428 710 967
429 523 567
429 733 60
430 718 990
431 455 884
432 478 416
434 462 387
435 463 375
436 700 268
437 581 570
438 454 592
438 482 365
439 665 518
440 522 531
440 604 283
441 679 667
443 543 763
443 710 600
444 465 321
446 453 777
447 674 44
448 605 273
450 690 810
452 533 974
452 633 103
452 667 304
453 491 285
453 503 317
454 475 894
454 587 517
456 594 959
457 504 605
458 571 422
458 608 170
458 734 783
459 628 486
461 659 20
462 641 925
462 742 928
464 719 229
465 567 89
467 497 23
467 574 14
467 582 404
467 638 794
467 643 141
467 653 401
468 478 424
469 535 998
469 569 908
469 636 407
470 612 399
471 477 758
472 524 945
472 746 383
473 652 101
475 509 825
478 696 11
479 679 486
479 736 428
480 537 119
483 538 424
483 561 261
484 577 358
490 701 93
490 734 308
490 761 329
491 541 730
491 635 811
494 574 711
495 747 470
496 561 940
498 637 472
500 651 423
501 559 7
502 521 825
503 760 659
507 669 850
507 704 348
510 583 489
510 598 723
511 741 177
513 656 746
514 516 570
514 542 552
514 579 187
515 625 36
517 711 401
518 717 344
519 627 666
519 631 285
520 733 311
521 584 196
522 536 189
522 632 565
522 708 588
523 714 377
523 733 71
524 531 220
524 679 646
531 557 350
531 599 868
534 535 160
536 680 964
540 644 936
542 613 776
542 734 696
544 692 385
545 765 428
546 725 560
549 750 485
552 665 327
554 697 381
555 603 435
557 558 21
560 654 927
565 723 295
567 728 817
567 731 895
570 698 541
571 608 119
572 689 346
573 745 132
578 609 171
579 699 693
580 656 35
581 724 842
585 624 78
585 678 656
585 744 938
585 759 845
586 744 779
587 593 107
588 682 39
590 677 522
591 660 366
591 684 298
595 656 964
596 729 842
602 706 214
604 688 998
609 634 772
611 685 404
614 660 294
615 729 590
619 758 996
624 678 525
625 756 987
629 657 484
633 710 566
638 684 881
640 659 477
641 742 776
642 648 400
645 676 440
647 727 729
648 752 328
655 736 208
663 671 236
668 722 64
676 716 24
682 692 122
683 715 148
684 692 611
692 695 728
695 751 668
697 707 656
699 707 782
709 712 714
713 762 1
715 749 855
720 738 771
723 757 756
733 748 169
739 757 919
749 758 640
766 767 3
766 768 20
767 769 29
768 769 37
769 770 24
769 771 25
770 772 22
771 772 23
772 773 36
772 774 11
773 775 18
774 775 17
775 776 19
775 777 13
776 778 21
777 778 1
778 779 2
778 780 33
779 781 4
780 781 7
781 782 8
781 783 26
782 784 9
783 784 38
784 785 35
784 786 6
785 787 34
786 787 27
787 788 31
787 789 5
788 790 30
789 790 14
790 791 32
790 792 16
791 793 15
792 793 12
793 794 28
793 795 10
766 696
