473 2112 930.021 50
-1.255196982664849200 -12.762653104855854000 23.760032959990234000 0
0.613843118221308440 -20.951193269228060000 17.019714957121494000 1
-15.450324895545535000 13.115140896423037000 -17.840418713950012000 0
23.063765098830665000 11.548824815237202000 -7.980437635425885500 1
-18.348674656143999000 5.803344716859115200 -18.937986388744775000 0
-11.311957193553333000 -21.666980958321595000 11.470900601214638000 0
25.188345060714909000 0.294640514078025770 -9.719077120273444900 0
10.363909325097284000 -2.084309330276374000 24.844416638691367000 0
3.325580274182223100 16.739264975206250000 -20.922177800836206000 0
-24.542395164686464000 -8.100148442287460800 7.813989684743797100 0
-2.066703559664999200 26.875079312559798000 1.568071535386211800 0
-15.450834425790989000 18.898027895724454000 -11.538468581194495000 0
21.818925761554794000 7.689407524007357600 13.921475875118260000 0
18.875238273048634000 -5.801106504656116800 -18.413922544022952000 0
26.914072398099119000 -1.783100846538247600 -1.205511642811365000 0
11.852191719173167000 21.149993561578292000 -11.882900479140599000 0
3.678744807487711400 3.153812809592331200 -26.561632129886778000 0
4.970548949091631900 -1.671754203093943200 -26.485824152348400000 0
2.326159314498858600 -10.160133384481718000 24.907040620136112000 0
-15.861890973699852000 -12.588595004843478000 -17.858546708578753000 0
-19.837731836520220000 18.102312864070353000 2.787591174047059400 0
-7.512866733617128600 12.900073176579850000 -22.497665334025086000 0
21.740320206957200000 5.485730333118231000 -15.042115543076877000 0
7.565988804333329700 25.779443741908540000 -2.678823206274605400 0
23.810419264802146000 -0.552552493174379490 12.718436231574449000 0
-26.634735127791849000 3.562941281489786900 -2.626087221900082400 0
-25.049579308276222000 -8.625963316616967800 -5.206854457228308400 0
-0.932149153280519730 0.144035072532459400 -26.983520004882962000 0
11.729771278899976000 23.872230691318421000 4.639942625202184700 0
8.170963130906651300 -25.624964573911591000 2.365703299050874200 0
5.470856063219261300 -17.815898083113382000 -19.536210211493270000 0
7.682028220227895300 23.885734768547323000 -9.972869045075837500 0
3.739445860468830300 -10.884674276074934000 24.424176763206887000 0
16.478750486518205000 -21.225655634636382000 -2.631031220435194200 0
6.081203147404639100 -22.531818504548831000 -13.577043977172156000 0
-9.327785414525518300 15.279788003503384000 20.211890011291850000 0
-18.509803652340224000 -12.749304646440772000 14.961363567003389000 0
23.050404622957174000 11.508984391315002000 -8.076021607104708600 0
-20.875952461567525000 -16.535346173989108000 4.447126682332835500 0
-24.493510850259014000 -9.064724717627649800 6.848261970885341800 0
25.326300105350427000 -9.342572278136607600 -0.543015839106418040 0
10.096089994241757000 7.009856864856579300 -24.040192876979887000 0
-9.370070820058563400 0.481050830404091250 25.317392498550369000 0
-21.455863758612100000 15.343520371960386000 5.763878292184210200 0
-13.927260057317588000 23.082025829117750000 1.500503555406353900 0
0.386507484755595210 -24.959591886781851000 10.289284951322978000 0
-16.685779510900002000 -18.301251281095048000 -10.754020813623463000 0
22.789568498465339000 11.188306142459343000 9.190069277016510400 0
-7.145906403992022100 3.091732320371532800 25.852992339854122000 0
-15.220426454498117000 -22.300523029318782000 -0.159031952879421370 0
-23.317997814280449000 -3.813965508386666100 13.066164128543962000 0
13.857915828280797000 -21.885527495649985000 -7.614581743827630900 0
2.034328989260722100 -25.712283111727292000 -7.983733634449293100 0
-20.695424455443000000 10.669993938820914000 13.669331949827571000 0
12.607253546483593000 -1.022410973311936200 -23.853968932157354000 0
15.121379053655694000 7.695507540238192900 21.002929776909696000 0
26.739877359583346000 3.438789711332077100 -1.467543565172277000 0
-19.853156847250183000 -4.716976112054611600 17.680562761314739000 0
2.405667691812367600 -14.075988337849427000 -22.914609210486159000 0
20.347130466396596000 -12.297042181133305000 -12.797540208136235000 0
26.537141890449416000 4.977846816463445700 0.033783989989928889 0
7.534580387277168600 -24.705155851248804000 -7.866725669118319600 0
14.642140344162648000 -18.681860180888172000 -12.868404187139500000 0
-26.172522940839254000 -6.612114997389823200 0.528183843501083380 0
-4.164595377141763400 13.603867579583589000 -22.947569200720238000 0
-24.609915090815562000 10.945921522608311000 1.881191442609943000 0
-2.184357698026413000 26.665366221187835000 -3.631366924039430200 0
9.399501750479169400 6.406711803606228300 -24.486800744651632000 0
6.879142604442807700 25.703701408645212000 4.582262642292550800 0
11.902087772235395000 -24.001594886376118000 3.356151005584887300 0
-19.328276439335649000 -18.272620565191367000 4.639942625202184700 0
4.097706476689232600 19.752311490949971000 -17.945890682699055000 0
14.591223066511731000 -22.467491380098981000 3.362743003631702500 0
10.902291652769318000 -17.254348381519058000 -17.675618762779628000 0
-1.395100700990364900 18.899990181375387000 19.231330301828059000 0
8.490632215853930000 24.170015623337449000 8.527573473311564500 0
-18.424175081297800000 11.497370593815999000 -16.042451246681111000 0
11.309237371564830000 -22.544785726309307000 -9.635029145176549300 0
26.366772870925171000 -2.382736888683514300 5.302438428907132500 0
1.867874509580077700 -26.884292539390753000 1.657063509018219500 0
-2.682613837300265500 4.667758598534993200 -26.457808160649435000 0
2.760439046348028800 6.234495626435557500 26.124912259285257000 0
-24.370927269632691000 10.461155576968308000 5.061830500198370300 0
-16.778280339814309000 1.009838137998130000 21.129825739310892000 0
23.146900478871256000 -13.461200230434248000 3.466566972869044700 0
-10.971963745304588000 -9.648044401295397400 -22.705313272499769000 0
20.967196741108811000 15.801684595806336000 -6.299478133487960800 0
8.166089330251690400 -11.624061152856658000 22.960753196813869000 1
-11.443638848955286000 -24.048384178824453000 -4.440534684286019400 0
25.636231124162801000 -8.360433955779154000 1.373607593005157700 1
23.247646583790477000 -6.539403645899666300 12.074068422498245000 0
3.059035060194232000 -4.843392393926278000 -26.385296182134464000 0
-4.509147899087985000 16.586937136044675000 -20.821649830622270000 0
-18.151435772170448000 -19.387268941443125000 -4.864070558793907900 0
-6.743740701169683900 -19.074291835943793000 -17.879970702230903000 0
-3.511132713770746000 9.888785523454485500 24.877376628925443000 0
15.971307383573363000 19.831607312485627000 -8.979125339518416700 0
8.214587737385480500 -23.199106239297606000 -11.105044709616383000 0
-15.211267687426421000 -16.460719641841578000 15.055299539170507000 1
10.948504606034657000 -23.796907958719228000 -6.545030060731833500 0
-19.587186496742458000 -3.068914459877272200 -18.328226569414351000 0
24.720442687463205000 7.868182048378098000 7.482741782891324100 0
4.603252125263589200 10.848614775919863000 24.292336802270576000 0
1.873047717722323900 19.446752811749647000 -18.636402478102969000 0
-26.186641423924382000 6.487624993224632600 -1.081911679433576400 0
-4.929983964965002100 -25.309806829504062000 -8.006805627613147200 0
25.735478986703516000 4.399611736472981400 -6.879573961607714100 0
7.604046215752978500 -11.983481663755644000 -22.968993194372388000 0
17.251299201143436000 20.768931736716528000 -0.210119937742240660 0
23.543292886671413000 -13.106004742121875000 -1.716391491439557900 0
7.001331269329419600 -15.650211668413185000 -20.857905819879758000 0
16.817860109677397000 20.882773684167670000 3.173223059785760000 0
25.981842313941080000 -3.179366862206237400 -6.620838038270211000 0
9.688809691168941600 7.017498767901897400 24.204992828150271000 0
-17.048106758589512000 -11.565033548324571000 17.453138828699604000 0
-4.926682415005000600 26.509769307607066000 1.399975585192419200 0
-4.079760420740592000 7.496163821145759500 -25.615680410168768000 0
-5.362794090876600500 25.862922519894170000 5.599078341013824700 0
2.428334225612101900 -13.171940340214375000 -23.443617053743093000 0
24.663976731648596000 8.926700060040685600 -6.403302102725303000 0
1.250950500256142500 -9.006280315603863300 25.422864467299416000 0
15.995101351802303000 -10.665832277869091000 -18.957762382885221000 0
6.408728556903320800 -21.470172863342967000 15.065187536240730000 0
-14.711924660394958000 -10.666442114177363000 -19.969634083071380000 0
23.332468079905741000 12.225638870372020000 -5.927030243842891000 0
-8.146888357043307500 24.864100600070682000 -6.663686025574510700 1
-9.739595961960848300 16.396522502838714000 19.112674336985382000 0
-14.964619655873145000 -21.595059593338728000 6.222022156437879500 0
1.614922523016415500 -23.438551556202775000 -13.305124057741020000 0
5.334027890290257400 -26.372173133090719000 -2.248695333719901200 0
2.849093476546512300 19.418022614008546000 18.542466505935849000 0
-17.331809605189385000 2.403112034645851700 20.562913907284770000 0
-5.193460695028649700 26.023705302276674000 4.979430524613177600 0
-18.789974820222294000 18.087177214983509000 -6.985045930356760900 1
20.626026397553282000 -7.264560896964652200 15.836451307718130000 0
-19.845386453786265000 16.119314730038280000 8.679189428388317800 0
9.935717801379123400 -13.381466043933825000 21.241889706106754000 0
12.162914174470124000 23.925193622975172000 -2.940855128635517300 0
-0.998562087335146950 -21.570221616095079000 -16.208899197363202000 0
4.399896692041243900 -2.135011795323934300 26.553392132328259000 0
19.458467263604650000 -17.555533830290781000 6.493942075869014700 0
-2.816912845305353600 11.009970093353489000 -24.491744743186743000 0
-12.248464349573821000 9.644514673837152300 -22.044465468306527000 0
-8.241492569346171100 -8.142918429714200100 24.387920773949400000 0
17.957905416639658000 6.039816560808076500 19.236274300363171000 0
-25.513978110059234000 5.286611941942819500 -7.077333903012176500 0
-19.833943581714710000 -11.572736185780668000 -14.201635792107915000 0
-24.185423451849267000 11.939845953726344000 1.226935636463515100 0
14.131401900606535000 -1.023357200629137600 -22.983825189977722000 0
-8.734485833366370900 24.510412647285172000 -7.207525864436781200 0
22.617497654202808000 -14.684018502295993000 -1.352183599353007600 0
-3.060982540723636600 -26.476568629592542000 4.315286721396526900 0
-7.808109765734733400 -5.460203537803773000 -25.263008514664143000 0
17.722591959740612000 12.244700915807945000 16.278115176854762000 0
-20.447744770650193000 -0.182327872922986990 -17.631122775963622000 0
3.376187252291302300 0.861559779169181920 -26.774224066896572000 1
21.946343408888588000 -0.753579346556534020 15.709555345316934000 0
-9.751858557756433400 24.807690650272281000 -4.298806726279488900 0
-5.464507770714517300 20.425803818479185000 16.790643024994658000 0
0.438395461888946290 14.580905610256050000 22.720145268105103000 0
16.543754062626178000 8.773921440045302900 19.450514236884668000 0
-9.938567338370363700 -21.347902238285467000 -13.209540086062196000 0
18.285443556048158000 -17.230390669778913000 9.887173070467238000 0
-12.548387394176014000 -3.585667162793406700 -23.636432996612445000 0
-5.945013921108371200 -26.278984689029254000 -1.752647480697042700 0
10.808920661534344000 -4.504087800727773100 -24.328592791528063000 0
22.962407010693695000 6.345277826320291600 12.706900234992522000 0
23.214005444897186000 -4.303823709811002400 -13.099124118778038000 0
-10.599319064169647000 -4.301499412927676700 24.457136753440963000 0
12.890624193842632000 16.936686991859201000 16.612659077730644000 0
17.684244939639150000 -20.375311247663468000 1.055543687246314900 0
-10.369818630527096000 -3.828692237506024800 -24.633472701193273000 0
-24.454169455256700000 -0.452556690872037540 -11.436292611468856000 0
-10.227239279913038000 -24.943174341781639000 -1.497207556382946300 0
-24.023986465394781000 2.438346415719105000 -12.079012421033356000 0
19.893580908915879000 17.543941316058184000 -5.045350505081331400 0
-4.539492692112546900 -23.766151210282679000 11.981780449842830000 0
14.327602582815405000 -19.412887494811361000 12.118564409314249000 0
-18.731398766184149000 1.991933339939432800 -19.343394268623918000 0
-14.640562446358745000 -21.362830177272791000 7.634357737968078300 0
-19.577912457496883000 18.409342532406711000 2.607959227271340100 0
14.519008043445638000 5.489131626595781000 22.092257454145937000 0
20.051325611108478000 -18.048609772048692000 -1.091799676503799600 0
-21.628480809217034000 13.757695001076716000 -8.481429486983856200 0
2.536591010686874100 -0.761000666630176850 -26.869808038575396000 0
-3.876530072624756700 -14.670229663755306000 -22.332865382854703000 0
4.349059000029897400 -25.185292450383027000 -8.705557420575578600 0
-26.968135522467204000 -0.871656113938068080 0.979735709707937890 0
13.402386818663036000 20.184835119115760000 -11.914212469862973000 0
-11.750318801035144000 -18.466818376029966000 -15.808435316019166000 0
-8.513194533719675100 -4.843348477717538200 -25.160832544938508000 0
1.600660900723583700 20.480788988835069000 17.520706808679464000 0
-25.087352594480208000 -2.531694594939363900 9.654805139316994900 0
-10.606854547180189000 24.390347166869692000 -4.648182622760703700 0
16.682594826434208000 -9.165669490971565000 19.148930326242869000 0
13.453219849793044000 -1.015746154559492400 23.387585070345164000 0
-16.600312708257810000 -6.666532718895843400 20.223426007873776000 0
-16.292023666837579000 21.452614093346163000 -1.831751457258827600 0
12.112922250137867000 11.265833329302199000 21.339121677297278000 0
0.266951362579083860 -7.036622291676716000 -26.065584276863916000 0
-15.981659862062788000 -19.161781034193552000 -10.315652943510239000 0
22.017470655962711000 10.835462441583955000 -11.261604663228249000 0
-3.492930411792345000 5.107216018643876000 -26.281472212897121000 0
-11.108490463914816000 23.518188405049084000 -7.245429853205968700 0
-15.618552725258894000 18.784930813273771000 11.497268593401898000 0
-16.983691900374858000 19.086091922799508000 8.733573412274545000 0
-9.373564531591192400 12.133663175522475000 22.224097415082248000 0
17.415503957444717000 2.566363550574241700 -20.472273934141057000 0
-12.613016430219579000 -19.697316306563380000 13.488052003540147000 0
-1.776804811424190100 4.079325144839529600 26.630848109378338000 0
17.821464796528925000 -18.455414572613545000 -8.413861507003998600 0
7.795586256809307300 17.142655605600762000 -19.348338267159029000 1
-22.129704115550929000 1.404339873533682700 15.404675435651722000 0
-20.968276257193963000 11.759607285423618000 -12.289956358531450000 0
-22.063084121915875000 -15.321843995330456000 -2.731559190649128800 0
3.278075313548032700 3.192611856790072100 26.609424115726188000 0
14.182239233256718000 17.207914461231979000 15.223395489364298000 0
-15.297614568524697000 6.761904457719671400 -21.195745719779048000 0
10.361866692575495000 -19.244961321942771000 -15.851283303323465000 0
6.806999055468988800 -10.485783979932558000 -23.931424909207436000 0
11.461474778116248000 22.396382422011754000 -9.799829096346934800 0
9.620066175315370700 -12.735590908747787000 21.777489547410504000 0
-1.101457616275529400 -6.979664213420245600 -26.058992278817101000 0
-5.453859809136822000 21.928366418231047000 14.778435621204260000 0
23.836151457032564000 -0.013711994366442010 12.682180242316964000 0
19.920108302296136000 0.019098753342299758 -18.226050599688712000 0
11.653774078695580000 23.914206442508956000 -4.615222632526627700 0
-0.541986351751654220 2.852363453433086600 -26.843440046388135000 0
24.831178972014410000 9.154518939148585900 -5.348582415234839800 0
0.349376636278741990 -15.340587184664038000 22.215857417523729000 0
-6.907171972538139700 15.278333531741980000 21.162785729544972000 0
26.504549132132535000 5.103381643660544100 0.681447798089541370 0
-11.304665728899428000 -12.728615874693824000 -20.956785790581989000 0
18.361873709672999000 -14.506796172988993000 -13.468276009399700000 0
-11.584619005371991000 -14.523795932093607000 19.592242194891202000 0
-10.642803285100129000 24.307147897765567000 4.989318521683400400 0
-10.744009176247030000 24.084401522920146000 5.788598284859768100 1
8.317380287577011100 4.224816910212926900 -25.337168492690815000 0
3.525655742647432400 -23.373457267430080000 13.048036133915218000 0
-0.967701676274255630 21.903642586360743000 15.757347331156344000 0
21.364449287995807000 6.014094254662306400 -15.375011444441053000 0
-22.859121982899751000 11.730107175207907000 8.298501541184727200 0
9.450607231766053200 -16.856834933247789000 -18.855586413159582000 0
-2.672795214886127400 -22.079127797243125000 15.309091463972900000 0
8.847634133842770900 -24.626131284258452000 6.653798028504287900 0
0.248894846897591230 -2.669940483193564700 26.866512039551989000 0
-21.865755235541922000 8.548226463361059400 -13.334788048951689000 0
-21.247881203298434000 14.605238884167024000 -8.013397625659962400 0
21.829706756182269000 -6.194787728449544100 14.631763664662619000 0
-26.110095812593656000 6.654963777837974000 -1.724631488998077400 0
-14.048749947459546000 16.831122692254905000 -15.758995330668048000 0
-21.330047542793544000 16.551603512182815000 0.271095919675283010 0
9.705920480022836500 15.263530398640102000 20.045442060609759000 0
15.869418706280475000 -12.963254999228988000 -17.581682790612508000 0
-1.828960911146739100 -23.144818046193137000 13.783043916135137000 0
-22.807428622008032000 -8.560270078809896400 11.642292550431836000 0
25.687887749211050000 -7.792587699096889900 2.899655140842921400 0
-21.612434540820875000 -6.977202759366191400 -14.602099673451947000 0
14.606104054594866000 -1.540496654657644400 22.655873287148655000 0
-18.774743202900400000 15.405680236308786000 -11.797204504531999000 0
17.029820370448896000 -7.081017475183832000 -19.719138157292399000 0
1.922622226740201300 -20.496730030026637000 -17.469618823816646000 0
-3.731815321459297500 19.197815772372508000 18.614978484450816000 0
-18.548380782957658000 -9.721161622850976500 17.042786950285350000 0
-4.889623617917823900 -3.341706746228521900 -26.342448194830165000 0
25.693642595432618000 8.031677059210082300 2.080599383526108500 0
-5.680803489245670700 -22.692163190007765000 13.483108005005036000 0
12.155150248322059000 14.379380155925698000 19.351634266182437000 0
-2.163739957450615800 -20.811797958305654000 -17.064210943937500000 0
24.625559339362962000 11.069035091074168000 -0.241431928464613750 0
5.534720534836923300 0.307030571361635250 -26.424848170415359000 0
4.194655748758398400 25.918390260181237000 6.296182134464553200 0
-15.920112377250454000 -4.817804102978262100 21.268257698294015000 0
1.095579285278054600 25.070674395930208000 9.962981048005614700 0
24.251668717304387000 -9.505111538410888600 -7.106997894222846700 0
-20.268225459305235000 -2.731073022268107200 17.627826776940214000 0
-9.904385550288136400 24.530163195895881000 -5.401318399609363200 0
17.621592101112451000 -3.026414126759031200 -20.231666005432295000 0
-8.469008909865156200 22.115213921248618000 -12.968932157353436000 0
-5.409011921060954200 23.006004512225275000 13.056276131473739000 0
-5.664098896290008500 -17.253139596636135000 19.981170079653307000 0
-23.791996207844445000 3.317439615596828900 -12.326212347788934000 0
-21.246753870002060000 -11.433103106543491000 -12.118564409314249000 0
23.248485721898433000 1.585030988256341600 -13.638019959105197000 0
-4.384710048467910700 -26.092399642980411000 -5.381542405468916700 0
-3.399881928332583000 20.767605421892462000 -16.915890987884151000 0
15.409416171496041000 17.927204134130314000 13.044740134891811000 0
-4.880338368793387000 -15.259727661437511000 -21.732993560594501000 0
-6.071171590259334400 18.883308700293952000 -18.318338572344128000 0
-3.471038357246002200 19.294368944357149000 18.565538499099702000 1
13.406388018571672000 23.095940052147068000 -3.980742820520645900 0
6.174590851567330700 -23.412379161982656000 -11.947172460097050000 0
-23.728292421105682000 9.355138618541893400 8.857173375652333600 0
-26.745878154801243000 -2.378222506668268700 2.828791161839655700 0
15.246426848864882000 21.197434700848028000 -6.871333964049195100 0
-11.680979932594319000 -24.342315406159099000 -0.079927976317636651 0
17.856107281758405000 8.563222829718185400 -18.352946562089908000 0
-26.695605780011444000 4.014990128412326200 0.473799859614856430 0
18.974420157313677000 0.575044821674674970 19.200018311105687000 1
16.143962692536761000 -14.442097775698814000 16.118259224219489000 0
-19.298184321210499000 3.449762621258448000 -18.565538499099702000 0
22.295585570439862000 15.152908045620618000 -1.515335551011688600 0
12.573189817302652000 -23.809432977921503000 -2.006439405499435200 0
12.344654019629683000 -21.238681430196845000 -11.203924680318613000 0
-7.078626458779293500 10.788335572666908000 -23.717184972685935000 0
-13.692541316874500000 23.011054925703714000 3.464918973357340900 0
-4.648559233769957700 24.387909656154498000 -10.612292855616932000 0
-1.403319780394863200 9.154523802459253900 -25.361888485366372000 0
-11.362301126964523000 0.365067919184900890 24.490096743675039000 0
-18.818545322736831000 10.350940485048449000 -16.362163151951659000 0
-21.434364424006379000 -13.924655195606769000 -8.698965422528763400 0
-2.141142173129932500 6.074626539668337000 26.220496230964081000 0
13.047955003711731000 23.611838784515875000 -1.109927671132541900 0
-7.903410795487722900 -15.804444046030650000 -20.414593951231424000 0
7.596972031636545900 18.263279769865733000 18.377666554765465000 0
19.745652608262674000 4.406342106688280000 -17.879970702230903000 0
18.038356336059181000 -2.633414289373986300 19.916898098696858000 0
26.337104701914363000 1.567418128730299500 5.735862300485244700 0
8.507286274930015300 -3.287355648536481200 25.412976470229193000 0
13.204042853508241000 -12.741919710182893000 19.806482131412704000 0
-14.370623024575504000 3.414363067990046700 -22.601489303262429000 0
23.872726623247633000 0.077820796532754893 12.612964262825404000 0
25.277128928611688000 9.478924366255082400 -0.465559862056337150 0
-3.372970456845721700 1.056855583290365000 -26.767632068849757000 0
-4.556611266735437500 13.597560515126498000 -22.876705221716971000 0
-14.047251807692428000 -14.628121041287862000 17.823938718832974000 0
-23.932481773031551000 -11.395521839349634000 5.135990478225044100 0
19.030485829235264000 17.740511687943524000 7.219061861018707800 0
16.790229990888811000 13.975058667416116000 -15.867763298440503000 0
-4.839421256807632700 -4.380481229644719800 -26.199072237311928000 0
-18.469078131721684000 2.376952162036245500 19.551042207098604000 0
16.076772127861219000 21.539871266181212000 2.563463240455336100 0
18.625046047910924000 -14.790272463493546000 12.781060213019195000 0
-15.029470748245343000 9.531808087861861600 20.304177983947266000 0
-25.615667824885232000 0.508447651241519030 -8.519333475753045400 0
-6.943152847138796900 0.297744293175592640 -26.090304269539473000 0
21.386660850705333000 16.474316398818132000 -0.455671864986114060 0
2.425219483680224100 -23.883255696807304000 -12.357524338511306000 0
-20.764876950023385000 9.823834326909555200 14.188451796014284000 0
6.341307989207102500 24.874515749568001000 8.369365520187994200 0
-14.391724160348318000 21.879099691772911000 6.571398052919095200 0
23.355083286920575000 -2.517598123427087700 -13.311716055787835000 0
7.590327025188909000 17.169548372880655000 19.406018250068666000 0
-26.444480300136746000 1.856425436776823800 -5.122806482131412800 0
-13.690847663219325000 -23.271448839391816000 -0.018951994384594256 0
-0.614678903847785670 -17.678775887445831000 -20.398113956114383000 0
-15.634325210031829000 12.619486405072406000 18.036530655842768000 0
-9.903231977429889800 23.698576827597581000 8.324869533371989800 0
-23.239076584501799000 -4.652803222456405800 12.934324167607654000 0
-21.996032935480017000 -14.719214583776051000 5.340342417676320800 0
-6.493315979290322600 -11.460604234543899000 23.568865016632586000 0
-0.574936864713550770 -26.947039755133780000 -1.589495529038361700 0
-17.179672489275379000 18.981403880934462000 -8.577013458662680300 0
17.670300323795313000 3.458626934749668500 -20.119602038636433000 0
-20.271457065881624000 1.818194557234184900 -17.741538743247780000 0
5.259774766391655200 -7.918255365944789400 25.271248512222662000 0
0.485394823771326420 -10.595098787499921000 24.829584643086029000 0
2.454022541136950500 24.636844069330632000 -10.770500808740501000 0
-7.437522388118564400 -16.629515183443115000 -19.928434095278785000 0
9.070448494286441800 19.895461024340978000 15.839747306741538000 0
-1.898518019364918300 24.688021708844698000 -10.765556810205389000 0
-22.442006111181900000 14.208770948838016000 -4.844294564653462300 0
-9.842968006239441800 -6.279602841032140500 24.345072786645101000 0
23.357097110386526000 3.905485024159926200 12.968932157353436000 0
16.386076012581711000 -20.116600036002886000 7.471205786309397500 0
1.596186922127185800 -17.710363900316075000 -20.317361980040896000 0
5.753075494439552400 -25.739982753459550000 -5.775414288766136800 0
20.701943522525557000 17.318444826172961000 -0.707815790276802860 0
26.895582753223877000 1.145617306616712800 -2.077303384502700900 0
19.745881999103759000 14.249837208078263000 -11.663716544083986000 0
-11.858316477496121000 2.282108770011243700 -24.148960844752342000 0
25.585996164088865000 8.349479767328654500 -2.154759361552781800 0
-12.470514654836615000 19.491232173951694000 -13.913235877559741000 0
19.419058696032018000 4.809010136658145000 18.132114627521592000 0
-24.705833939071731000 3.594702217664997900 10.281044953764459000 0
-14.553599895349780000 14.601819314794524000 17.435010834070862000 0
25.304046172631367000 -2.335625592349069200 -9.124149296548356600 0
12.356020069209457000 -12.790642419777981000 20.315713980529193000 0
20.006236619050668000 -15.011406397444157000 10.168980986968597000 0
9.678807033519079900 24.754200494301408000 4.748710592974639200 0
-8.369047918010318600 0.082649568160610948 25.670064394054993000 0
19.865802566271793000 3.912091957864544800 17.861842707602161000 0
-13.178443819932015000 22.439838419797638000 7.195989867854853700 0
-18.501590190599831000 4.104521316924798500 19.231330301828059000 0
-24.781212728526000000 10.552961878377937000 -1.877895443586535200 1
9.445493181134999400 21.255680947752051000 13.710531937620166000 0
1.637309401749751600 -7.961432827228464700 -25.747520371105075000 0
19.103842945987306000 -8.029467247840187800 -17.308114871669666000 0
-25.473391993767684000 -7.226146059033195200 -5.281014435254982200 0
22.461749304978827000 -5.915818441614232100 13.764915921506395000 0
11.038215393058630000 11.801081784607785000 -21.630817590868862000 0
-6.925196294540812800 -9.472191146373800700 -24.317056794946136000 0
-14.032743498901304000 -7.170303497249327600 -21.924161503952149000 0
-7.490830463657764500 25.806971494786566000 2.624439222388378600 0
-5.620598357537118300 20.706783954595441000 16.390179143650624000 0
20.272490572222267000 17.822887621448952000 0.608935819574571990 0
-1.774529103042161900 -14.027159233274176000 -23.001953184606464000 0
-15.377007308536648000 9.797759828098033800 -19.913602099673451000 0
18.162742486389536000 -4.738910857781512200 19.407666249580370000 0
13.404600326638437000 9.117781515346056400 21.591265602587971000 0
-3.943915656196958600 -23.170184899428250000 13.288644062623982000 0
-21.562692289247590000 15.646006640938047000 4.387798699911496000 0
7.432354822314890100 -0.926851505427009230 25.940336313974427000 0
24.510054083447752000 2.262338172978722600 11.096804712057862000 0
-19.225671800451920000 3.027382622300079700 -18.713858455153048000 0
-6.414604979440365900 1.467003741019120800 26.185888241218297000 0
-14.205017593005669000 16.331812539003501000 -16.139683217871639000 0
26.784133655277277000 -0.873420905120570130 3.293527024140141100 0
-16.141364532820596000 7.784713565519761700 20.195410016174808000 0
-0.177265144098215140 -26.990649831147461000 -0.688039796136356680 0
21.453911731123362000 -13.753795350429321000 -8.919797357097079900 0
-25.744717112681570000 -2.229504115024743400 -7.825525681325723700 0
-10.453919109960934000 0.709704596472362170 -24.883968626972258000 0
11.886903227390459000 -24.180307155300344000 -1.736167485580004400 0
-25.932467403421104000 6.901748219906340700 2.978759117404706100 0
-9.605532737755437400 -25.184197119182464000 -1.577959532456434800 0
-22.474197504952489000 -14.920932147056233000 -1.129703665272987900 0
2.855328052861834600 -19.512611428386393000 18.441938535721917000 0
2.752125961180741600 -16.196677819306569000 -21.426465651417583000 0
5.660320590115858000 18.357598790865300000 -18.972594378490555000 0
3.976040045875974400 -2.967904587235904700 26.540208136234629000 1
24.386329926845949000 -11.557174818012237000 -0.859431745353556820 0
16.487257515531564000 5.945833023425498400 -20.538193914609213000 0
2.867769373633145800 -7.905718630482476300 25.656880397961363000 0
-19.399972725863570000 -13.761170005754529000 12.777764213995788000 0
5.409150045579332700 21.580683318804013000 15.297555467390973000 0
25.601107819116717000 6.585388580371492200 5.496902371288186400 0
-26.956783343663037000 -1.508351100347727200 -0.238135929441206070 0
-15.662215511429192000 17.073083164230354000 13.863795892208623000 0
20.442929211916454000 14.515716417495172000 -10.019013031403546000 0
6.305316369747396600 -26.241641388410791000 -0.786919766838587660 0
-6.944983268455343000 9.076002020971406700 24.462080751976075000 0
-23.524546056031578000 11.540739848665533000 6.512070070497756500 0
2.863280648995418300 25.739429011806291000 7.634357737968078300 0
18.533787577131136000 4.915518868069249900 19.008850367748039000 0
8.709591331623347100 -17.254975079007817000 -18.852290414136174000 0
2.327016437508867800 21.177345030130375000 -16.586291085543380000 0
-15.125520721525568000 -17.491483901089527000 -13.937955870235298000 0
1.905974844958266700 23.628927389200090000 -12.924436170537431000 0
19.803189000941092000 -18.081233602178127000 -3.146855067598498800 0
7.292764977353522600 -25.949713737265135000 1.558183538315988500 0
-24.669967485944547000 -10.500000666443924000 3.184759056367687100 0
14.713815553708208000 16.098020731565345000 -15.917203283791620000 0
-13.734522569784364000 -14.236742318278202000 18.376018555253761000 0
-12.467115964218547000 -11.000995823140444000 21.273201696829126000 0
20.233733347144412000 -3.719191166254067800 -17.486098818933684000 0
23.217236197307063000 8.808172192576451600 10.600756859035005000 0
-20.426885173092092000 -12.092615657225638000 -12.865108188116093000 0
-1.264628619043716800 15.547760204116820000 22.037873470259711000 0
-13.166720655430503000 -11.479843099235465000 -20.587633899960327000 0
2.892012100026613900 -9.027757352288439600 25.281136509292885000 0
-13.174255800236356000 -11.074857259995685000 20.803521835993529000 0
-19.687510752659193000 -7.153319642882655300 17.036194952238535000 0
3.465841754898846700 -23.973426006182045000 -11.927396465956603000 0
20.224568479180654000 14.683938559217367000 -10.215124973296305000 0
-23.610734789785582000 10.626486190844025000 7.655781731620227700 0
-12.851809496547503000 12.052245913992049000 20.459089938047427000 0
-7.787321248749486300 -5.474621812544387300 25.266304513687551000 0
2.144178959548091800 -8.526812733803392800 -25.528336436048463000 0
6.837121364606296900 -19.203560452345755000 17.705282753990296000 0
10.780983659577604000 12.160087470251703000 21.561601611377299000 0
23.125822842556211000 13.071825012172877000 4.829462569048127200 0
-26.260108923464724000 -6.223267710965353100 0.823175756096072300 0
-5.557203943344409100 18.808087533206947000 18.557298501541183000 0
-6.170508582456014900 -5.867195281651285100 25.622272408215583000 1
-22.048056899639285000 -6.936202859428935800 -13.956083864864040000 0
4.258500545613753000 -13.516090584522985000 -22.982177190466018000 0
-21.431930363802145000 -12.089965421720942000 -11.113284707174902000 0
20.140664218270924000 17.693300683609422000 3.209479049043244500 0
-26.882304530243466000 0.806964488070589850 -2.385479293191320700 0
11.972727322143472000 23.970571219993879000 -3.326487014374218000 0
-15.875551399494894000 -21.837170161445261000 0.323831904049806160 0
-4.218985868877712000 8.054695556973888100 -25.422864467299416000 0
1 48 23
1 62 25
1 119 11
1 299 33
1 334 32
1 336 4
1 344 19
1 356 46
1 400 32
1 460 42
2 11 6
2 28 8
2 89 33
2 135 33
2 166 13
2 196 33
2 357 42
2 433 18
3 12 45
3 22 45
3 53 15
3 77 49
3 154 10
3 209 14
3 238 32
3 301 44
3 404 6
3 439 35
4 15 39
4 50 4
4 64 2
4 87 49
4 180 3
4 254 31
4 270 46
4 282 10
4 318 38
4 410 14
5 59 30
5 73 8
5 78 17
5 138 21
5 240 17
5 247 47
5 249 1
5 302 14
5 308 37
5 337 14
5 355 49
5 395 19
5 417 31
5 446 20
5 463 33
6 27 32
6 56 19
6 69 5
6 123 37
6 198 14
6 274 9
6 369 12
6 432 26
7 44 4
7 241 45
7 310 13
7 342 49
7 385 4
7 408 41
8 131 33
8 172 1
8 204 12
8 225 37
8 264 28
8 423 12
8 424 45
9 29 31
9 110 19
9 156 38
9 187 15
9 273 5
9 283 21
9 327 11
9 405 32
10 121 28
10 187 22
10 263 24
10 327 49
10 349 48
10 384 37
10 428 43
10 447 5
11 21 36
11 48 29
11 125 29
11 237 44
11 336 21
11 426 38
12 41 5
12 55 24
12 116 37
12 155 36
12 238 28
12 301 38
12 353 49
13 18 14
13 48 48
13 62 18
13 70 25
13 91 40
13 111 15
13 237 23
13 299 45
13 334 22
13 336 7
13 339 17
13 356 32
13 361 22
14 35 35
14 122 48
14 208 45
14 244 16
14 272 17
14 320 21
14 383 7
14 420 31
15 47 10
15 50 12
15 87 36
15 103 24
15 230 22
15 232 47
15 235 14
15 313 30
16 49 13
16 87 42
16 221 50
16 235 2
16 242 19
16 282 20
16 435 25
16 444 2
17 37 7
17 43 1
17 71 15
17 78 28
17 81 47
17 169 1
17 200 43
17 249 13
17 332 23
17 436 34
18 28 48
18 119 42
18 277 23
18 299 10
18 317 9
18 460 10
19 30 30
19 239 37
19 286 3
19 445 39
19 451 50
20 130 29
20 233 48
20 284 18
20 311 43
21 80 7
21 84 32
21 111 8
21 202 14
21 209 20
21 237 43
21 276 32
21 285 11
21 306 46
21 336 24
21 339 41
21 414 2
22 86 34
22 117 47
22 142 48
22 154 12
22 265 38
22 363 5
22 370 29
22 431 12
22 462 19
23 101 17
23 121 10
23 157 28
23 226 47
23 248 14
23 315 21
23 394 20
23 428 4
24 112 42
24 131 34
24 170 34
24 228 26
24 333 14
24 348 36
24 387 18
24 437 39
24 442 8
24 448 9
25 34 31
25 56 40
25 69 27
25 79 46
25 107 36
25 136 11
25 161 41
25 162 11
25 186 12
25 192 28
25 457 20
26 34 7
26 56 9
26 73 8
26 79 1
26 104 24
26 123 14
26 136 37
26 148 45
26 206 35
26 236 31
26 246 19
26 269 22
26 294 46
26 341 33
27 73 17
27 129 28
27 178 15
27 183 13
27 220 23
27 224 18
27 236 23
27 294 44
27 427 1
28 168 30
28 209 12
28 211 27
28 336 48
28 339 12
28 401 12
29 34 13
29 69 49
29 136 27
29 148 22
29 192 38
29 218 19
29 220 14
29 294 12
29 366 7
29 432 28
29 434 45
30 46 43
30 178 41
30 239 42
30 338 39
30 428 17
30 445 28
31 46 28
31 145 11
31 147 31
31 324 34
31 346 48
31 364 17
31 440 35
31 445 14
32 34 12
32 69 40
32 79 24
32 102 30
32 104 43
32 186 17
32 246 13
32 294 14
32 329 40
32 352 3
33 86 7
33 116 14
33 117 1
33 128 30
33 140 45
33 245 34
33 275 22
33 363 40
34 73 47
34 104 13
34 183 49
34 186 30
34 218 13
34 220 32
34 236 1
34 265 24
34 369 33
35 98 49
35 212 20
35 223 35
35 340 3
35 419 44
35 420 19
35 454 49
36 107 13
36 108 1
36 109 26
36 283 16
36 347 47
36 389 22
36 394 36
36 459 3
37 95 25
37 101 26
37 108 13
37 226 3
37 248 24
37 273 44
37 281 40
37 349 44
37 422 13
38 106 13
38 167 35
38 245 18
38 275 35
38 304 26
38 363 7
38 370 48
38 462 41
39 89 40
39 146 33
39 173 34
39 193 39
39 250 33
39 292 27
39 309 31
39 342 7
39 357 29
39 365 22
39 374 10
39 386 7
40 70 20
40 115 41
40 116 19
40 167 6
40 188 44
40 234 10
40 278 6
40 297 3
40 415 38
40 425 45
41 70 36
41 105 1
41 117 17
41 188 2
41 238 27
41 275 47
41 278 34
41 415 1
42 73 19
42 79 25
42 93 37
42 129 26
42 136 14
42 161 15
42 186 32
42 198 22
42 246 3
42 329 42
42 427 26
43 78 12
43 81 3
43 169 49
43 215 26
43 222 34
43 229 12
43 249 26
43 421 41
43 463 29
44 134 41
44 223 15
44 250 42
44 280 36
44 374 15
44 433 49
45 98 3
45 223 17
45 311 21
45 383 48
46 65 5
46 165 41
46 239 49
46 396 9
46 438 29
46 453 31
46 456 17
47 50 43
47 64 37
47 66 27
47 124 42
47 180 37
47 243 31
47 252 23
47 255 30
47 282 34
47 313 3
47 382 4
47 462 2
48 91 37
48 111 16
48 119 14
48 125 40
48 368 42
48 372 42
49 177 29
49 221 14
49 231 41
49 232 17
49 252 27
49 254 4
49 296 22
49 352 19
50 103 13
50 114 14
50 118 7
50 124 34
50 180 46
50 181 19
50 232 7
50 251 17
50 296 49
50 352 39
50 376 19
51 193 49
51 250 37
51 310 27
51 351 35
51 357 31
51 415 40
51 436 11
52 85 38
52 110 40
52 121 22
52 153 27
52 187 44
52 219 45
52 303 48
52 315 9
52 447 23
53 106 47
53 128 34
53 154 10
53 176 11
53 275 31
53 304 43
53 415 15
53 431 46
54 136 47
54 161 22
54 162 16
54 183 3
54 218 25
54 269 10
54 274 32
54 457 44
55 70 24
55 105 13
55 128 13
55 154 17
55 238 47
55 278 47
55 402 11
55 415 10
56 102 38
56 126 20
56 148 15
56 161 50
56 236 26
56 253 45
56 269 5
56 274 33
56 329 22
56 369 31
56 407 9
57 60 36
57 61 50
57 107 48
57 133 20
57 141 33
57 143 14
57 172 15
57 264 5
57 293 4
57 406 16
57 409 9
57 437 26
57 448 5
58 97 5
58 147 27
58 163 19
58 227 10
58 330 12
58 338 17
58 364 15
58 371 16
58 396 8
58 451 33
58 453 50
59 67 14
59 81 36
59 159 2
59 169 6
59 194 14
59 200 46
59 323 20
59 395 2
59 417 27
59 436 46
60 112 23
60 113 42
60 133 7
60 137 25
60 149 38
60 170 17
60 204 10
60 213 3
60 305 22
60 413 25
60 459 34
61 133 22
61 172 14
61 264 6
61 266 49
61 333 33
61 442 1
61 459 22
62 111 39
62 168 32
62 209 29
62 256 20
62 356 23
62 367 50
62 375 12
62 400 14
63 74 48
63 78 48
63 153 30
63 215 22
63 229 29
63 249 28
64 282 38
64 435 7
65 203 45
65 214 36
65 286 45
65 307 38
65 330 37
65 343 15
65 346 28
65 361 38
65 377 24
65 404 13
65 451 1
65 453 10
66 92 17
66 103 23
66 127 34
66 235 26
66 242 47
66 252 47
66 254 5
66 282 39
66 376 36
66 410 14
67 72 38
67 138 40
67 194 45
67 240 36
67 249 14
67 417 12
67 429 33
68 92 41
68 114 9
68 118 21
68 221 34
68 252 19
68 270 30
68 271 47
68 313 30
69 129 3
69 210 28
69 274 46
69 366 6
69 434 49
69 450 8
70 77 6
70 94 28
70 128 31
70 142 11
70 163 43
70 245 49
70 301 11
70 357 31
70 403 27
70 404 29
70 431 47
70 462 21
71 153 26
71 417 47
71 421 25
71 436 23
72 81 37
72 138 38
72 259 11
72 289 44
72 302 33
72 355 29
72 391 43
72 436 23
73 123 40
73 126 1
73 183 46
73 210 21
73 224 6
73 265 19
73 450 22
74 106 36
74 138 15
74 240 3
74 355 24
74 395 1
74 436 50
74 446 38
75 139 1
75 160 48
75 163 17
75 227 31
75 263 50
75 338 2
75 371 10
75 396 30
75 456 32
76 144 20
76 208 23
76 212 30
76 320 21
76 340 50
76 383 34
77 106 20
77 115 19
77 301 46
78 148 5
78 153 29
78 159 2
78 240 3
78 301 19
78 323 24
78 337 18
78 391 24
79 123 29
79 183 37
79 236 13
79 369 46
79 427 45
79 434 23
80 91 28
80 119 30
80 260 8
80 285 45
80 336 20
80 367 46
80 401 41
80 414 43
81 153 43
81 200 42
81 229 25
81 247 33
81 279 34
81 308 49
81 391 39
81 412 29
82 89 14
82 207 41
82 216 50
82 287 35
82 291 24
82 386 36
82 408 26
82 433 26
83 184 41
83 203 22
83 328 15
83 338 11
83 350 32
83 445 29
83 456 50
84 111 5
84 119 5
84 132 50
84 202 4
84 276 48
84 304 8
84 317 25
84 339 42
84 344 30
84 372 8
85 108 29
85 110 49
85 259 33
85 315 22
85 394 7
85 422 49
86 106 34
86 116 15
86 128 28
86 190 43
86 304 30
86 402 21
86 415 26
86 439 23
87 96 20
87 176 50
87 180 2
87 197 5
87 221 42
87 235 4
87 243 23
87 399 27
87 444 3
87 472 22
87 473 2
88 114 37
88 118 16
88 164 4
88 230 45
88 252 12
88 313 17
88 399 42
89 134 17
89 150 9
89 199 7
89 287 3
89 319 18
89 354 17
89 357 26
89 365 29
89 433 21
90 219 32
90 303 36
90 349 6
90 422 49
91 237 13
91 256 13
91 285 22
91 299 43
91 300 43
91 317 44
91 356 34
91 420 16
91 460 35
92 114 3
92 164 39
92 177 16
92 221 27
92 251 29
92 271 48
92 444 8
93 104 47
93 218 40
93 236 31
93 407 43
94 96 15
94 116 9
94 128 42
94 154 3
94 155 34
94 167 4
94 188 35
94 190 42
94 245 29
94 301 31
94 363 27
94 404 6
94 425 37
94 431 32
95 101 36
95 109 7
95 156 33
95 273 17
95 281 22
95 308 29
95 314 49
95 345 36
95 359 50
95 394 7
96 122 3
96 130 13
96 171 15
96 312 49
96 326 31
96 348 34
97 178 14
97 189 49
97 214 22
97 222 14
97 227 47
97 286 35
97 364 30
97 396 43
97 430 47
97 451 12
98 130 44
98 212 19
98 223 33
98 233 33
98 284 30
98 288 37
98 312 9
98 454 49
99 139 26
99 160 25
99 203 9
99 239 36
99 330 15
99 350 42
99 377 7
99 445 45
100 141 38
100 143 16
100 170 11
100 172 26
100 205 2
100 262 40
100 387 32
100 413 23
100 416 35
100 442 21
101 191 41
101 273 20
101 283 44
101 345 31
101 405 48
101 418 13
102 126 20
102 183 31
102 210 27
102 216 30
102 269 12
102 341 18
102 427 50
102 434 30
103 114 47
103 231 42
103 232 27
103 252 24
103 261 8
104 126 38
104 206 26
104 210 10
104 220 28
104 366 23
104 407 38
104 458 4
105 128 28
105 142 26
105 154 11
105 155 37
105 188 46
105 385 49
105 415 49
105 425 32
106 128 37
106 142 20
106 167 11
106 190 42
106 363 22
106 403 16
107 113 46
107 131 23
107 141 32
107 228 27
107 267 13
107 334 7
107 335 4
107 423 38
107 455 42
108 110 31
108 156 41
108 219 44
108 226 37
108 315 5
108 349 10
108 359 39
108 447 17
109 187 9
109 191 15
109 283 4
109 298 11
109 303 14
109 314 8
109 384 15
109 422 26
109 447 38
110 283 13
110 315 19
110 327 10
110 389 7
110 422 50
110 458 17
111 119 48
111 168 35
111 202 28
111 209 20
111 211 38
111 334 2
111 401 23
111 414 35
112 170 40
112 205 26
112 267 6
112 379 23
112 406 22
112 424 21
112 442 3
112 455 40
113 133 15
113 137 26
113 170 26
113 264 5
113 325 21
113 376 6
113 387 28
113 437 25
113 448 10
113 452 9
114 177 24
114 313 29
114 340 33
114 435 44
114 444 27
115 116 16
115 117 8
115 363 43
115 425 48
116 167 24
116 431 1
116 439 39
116 462 28
117 142 49
117 190 30
117 238 42
117 402 24
117 431 16
118 181 39
118 197 22
118 243 4
118 270 26
118 282 26
118 376 37
118 388 10
118 399 19
118 444 17
119 256 16
119 401 21
119 440 31
120 138 36
120 169 9
120 229 50
120 230 14
120 240 24
120 279 24
120 289 26
120 332 38
121 134 12
121 174 26
121 187 22
121 259 39
121 281 42
121 298 20
121 347 30
121 384 33
122 175 17
122 244 19
122 311 21
122 411 42
123 126 2
123 407 2
123 427 25
124 164 46
124 217 2
124 242 23
124 243 33
124 270 8
124 410 30
125 202 48
125 256 1
125 276 4
125 285 11
125 299 30
125 306 20
125 356 18
125 368 46
125 372 48
125 373 22
125 414 22
126 129 7
126 198 44
126 220 17
126 253 26
126 407 41
127 180 20
127 231 49
127 313 28
127 376 48
127 399 25
127 410 9
128 140 26
128 155 27
128 188 33
128 190 34
128 402 22
128 404 12
128 425 43
129 236 3
129 269 48
129 274 1
129 369 23
129 381 12
129 457 5
130 144 25
130 171 41
130 208 24
130 212 12
130 244 36
130 272 2
130 312 15
131 143 15
131 170 44
131 262 1
131 290 48
131 362 25
131 409 34
131 423 16
131 452 26
131 455 26
132 334 47
132 336 10
133 149 16
133 204 41
133 205 40
133 225 20
133 264 20
133 335 25
133 379 9
133 437 34
133 448 14
133 452 19
134 146 40
134 158 43
134 310 42
134 357 11
134 385 43
134 433 39
135 195 48
135 310 1
135 390 50
136 148 44
136 162 14
136 203 20
136 206 49
136 246 27
136 269 9
136 427 12
136 458 29
137 240 23
137 264 30
137 267 36
137 333 42
137 424 44
137 442 21
137 448 13
138 200 19
138 222 15
138 332 47
138 391 34
138 436 15
139 147 35
139 163 27
139 179 29
139 338 48
139 346 48
139 430 17
139 438 40
140 167 33
140 234 15
140 402 21
140 403 49
140 404 32
140 439 11
141 170 24
141 379 49
141 387 22
141 406 22
141 411 39
142 167 14
142 245 8
143 172 41
143 305 48
143 328 16
143 409 17
143 413 45
143 416 19
143 448 33
144 208 3
144 272 19
144 312 39
144 320 34
144 326 43
144 331 39
144 383 25
144 389 26
144 419 10
145 147 1
145 203 6
145 228 7
145 307 18
145 364 45
145 371 3
145 453 20
145 461 44
146 173 47
146 199 11
146 250 48
146 319 10
146 374 4
147 163 14
147 165 33
147 179 40
147 185 31
147 229 6
147 338 32
147 364 2
147 398 34
147 430 9
147 438 46
148 236 37
148 274 29
148 341 40
148 427 6
148 458 26
149 203 36
149 225 23
149 262 33
149 387 40
149 409 1
149 423 46
149 437 32
149 459 40
150 158 50
150 195 7
150 216 18
150 232 19
150 258 25
150 292 6
150 316 24
150 358 42
150 385 34
150 408 14
150 428 27
150 445 13
151 166 31
151 280 8
151 365 42
151 408 40
152 228 17
152 262 34
152 267 44
152 315 9
152 322 21
152 379 32
152 406 24
152 416 45
152 437 3
152 455 7
153 200 46
153 215 30
153 289 32
153 302 16
153 355 39
154 155 3
154 167 45
154 278 20
154 297 25
154 304 15
154 402 19
154 403 36
155 301 49
155 403 4
155 415 34
156 174 21
156 182 6
156 185 50
156 191 41
156 219 33
156 259 5
156 283 28
156 298 19
156 314 35
156 347 6
156 359 35
157 248 4
157 259 44
157 327 9
157 345 14
157 447 43
158 319 14
158 386 32
158 433 34
159 240 49
159 325 19
159 337 28
159 395 50
159 429 43
159 436 1
160 343 46
160 398 13
160 421 37
161 265 3
161 269 5
161 294 10
161 341 24
162 183 27
162 192 2
162 220 34
162 224 4
162 269 45
162 341 10
162 432 9
162 434 2
162 450 42
163 178 49
163 184 1
163 203 10
163 217 25
163 377 33
163 438 19
163 440 41
163 451 34
164 177 18
164 197 15
164 232 12
164 243 32
164 261 29
164 313 16
164 376 14
164 388 27
164 399 3
164 410 25
164 444 16
165 203 20
165 217 5
165 286 7
165 338 41
165 343 6
165 377 20
165 396 5
165 430 7
165 440 31
166 193 7
166 254 42
166 280 8
166 354 43
166 380 19
166 386 13
167 297 28
167 404 49
167 462 44
168 201 18
168 202 39
168 344 5
168 356 17
168 361 21
168 443 34
168 456 2
168 460 22
169 240 30
169 257 17
169 279 13
169 368 13
169 436 8
170 172 4
170 264 19
170 290 38
170 413 6
170 423 21
170 442 9
170 448 2
170 455 31
171 223 25
171 288 27
171 411 42
172 213 17
172 290 7
172 293 22
172 406 5
172 413 49
172 416 28
172 423 30
172 455 21
173 199 6
173 216 11
173 258 46
173 309 22
173 351 19
173 385 40
173 393 39
174 187 39
174 229 8
174 315 5
174 345 49
174 405 26
174 447 8
175 233 35
175 321 40
175 326 24
175 392 33
175 454 22
176 197 5
176 255 7
176 313 44
176 318 36
176 352 8
176 371 20
176 376 19
176 388 30
176 422 29
176 444 4
177 180 43
177 230 41
177 252 14
177 255 50
177 399 29
178 179 6
178 185 14
178 203 8
178 214 2
178 239 43
178 322 35
178 330 14
178 340 14
178 370 18
178 371 7
178 377 29
178 440 39
178 461 26
179 203 38
179 239 12
179 263 15
179 371 46
179 377 14
179 398 46
179 440 12
179 445 16
180 352 38
180 444 42
181 235 22
181 242 45
181 243 6
181 252 49
181 261 7
181 282 35
181 318 8
182 259 47
182 298 12
182 315 40
182 447 40
183 192 12
183 218 10
183 220 31
183 236 3
183 366 31
184 214 49
184 338 14
184 343 19
184 346 20
184 440 3
184 456 38
185 217 11
185 263 6
185 307 28
185 324 48
185 439 30
185 461 5
186 192 2
186 265 42
186 341 10
186 366 47
186 434 5
186 450 44
186 464 3
187 283 30
187 314 36
187 315 5
187 327 26
188 234 7
188 238 15
188 402 38
188 431 18
189 343 28
189 346 19
190 295 8
190 439 15
191 226 29
191 314 42
191 315 4
191 394 18
192 253 44
192 269 1
192 341 36
192 464 47
193 207 33
193 241 1
193 292 16
193 386 17
193 433 40
194 240 34
194 247 35
194 257 8
194 279 45
194 332 31
194 355 31
194 417 19
194 421 15
194 446 15
195 196 44
195 241 22
195 258 5
195 309 29
196 280 27
196 319 48
196 324 3
196 374 44
196 386 33
197 251 17
197 252 28
197 313 11
197 382 22
197 444 46
198 220 14
198 242 39
198 341 45
198 432 29
199 287 43
199 291 30
199 319 39
199 374 44
200 279 26
200 302 20
200 332 16
200 412 28
200 421 3
201 256 32
201 285 40
201 360 2
201 361 13
202 209 3
202 268 27
202 400 26
202 443 44
202 449 19
203 263 11
203 301 38
203 324 49
203 338 27
203 364 11
203 453 10
204 207 28
204 211 5
204 322 12
204 416 8
204 419 15
205 213 36
205 225 15
205 290 41
205 293 42
205 413 19
205 423 11
205 442 28
206 220 6
206 224 41
206 236 45
206 268 28
206 341 49
206 432 35
207 216 39
207 250 29
207 280 40
207 309 42
208 212 38
208 223 35
208 284 45
208 353 20
208 392 31
208 420 36
208 429 7
208 446 47
209 306 15
209 361 4
209 373 10
209 401 45
209 414 30
210 246 47
210 381 46
210 432 46
210 464 38
211 256 12
211 260 6
211 285 33
211 336 24
211 401 28
211 414 44
212 320 7
212 331 8
212 348 26
212 420 50
213 264 42
213 293 44
213 362 33
213 409 44
213 448 28
214 322 3
214 338 17
214 398 44
215 302 1
215 355 34
215 417 50
216 250 19
216 319 46
216 354 8
216 358 16
216 441 21
217 324 9
217 328 45
217 338 5
217 343 46
217 364 39
217 398 12
217 430 32
217 438 1
217 445 21
217 451 29
218 265 39
218 266 11
218 366 29
218 381 10
218 407 43
219 226 35
219 447 19
220 366 44
220 457 1
221 232 33
221 255 2
221 271 30
221 276 8
221 313 45
221 352 4
221 376 21
221 435 26
222 249 39
222 308 2
222 325 1
222 421 42
222 429 20
223 233 42
223 392 47
224 265 9
224 274 45
224 369 18
224 407 27
224 464 49
225 264 15
225 266 41
225 322 50
225 333 39
225 437 17
225 452 20
225 455 31
226 394 17
227 263 30
227 307 38
227 343 32
227 398 26
227 461 30
228 262 32
228 293 16
228 379 13
228 387 43
228 413 44
228 437 35
229 279 24
229 308 27
229 323 49
229 325 26
229 395 21
230 235 42
230 252 15
230 255 43
230 388 15
230 399 35
231 251 22
231 270 22
231 380 33
232 270 47
232 318 48
232 329 35
233 272 7
233 288 47
233 378 11
233 383 14
233 392 47
234 275 44
234 278 41
234 297 33
234 301 17
234 304 45
234 462 26
235 242 29
235 352 31
235 410 32
235 444 50
236 269 5
236 329 24
236 341 49
236 464 39
237 300 9
237 306 49
238 295 32
238 301 30
238 304 29
238 425 6
239 324 11
239 377 22
239 438 26
240 279 29
240 302 29
240 308 17
240 429 39
241 309 4
241 316 49
241 354 47
241 358 31
241 386 25
241 393 22
241 408 36
241 433 6
241 441 21
242 271 12
242 376 42
242 435 16
243 254 46
243 271 36
243 282 21
244 326 41
244 378 37
244 391 4
244 448 26
245 339 13
245 403 29
245 431 46
246 381 45
246 407 8
247 323 8
247 332 16
248 283 32
248 298 40
248 359 24
249 257 42
249 436 22
249 446 27
249 454 23
250 258 36
250 385 49
251 271 31
251 282 38
251 313 28
251 388 18
251 408 9
251 435 8
251 444 13
252 352 9
252 399 8
253 432 37
253 458 31
254 255 22
254 376 1
254 388 48
256 276 45
256 367 22
256 368 3
257 279 9
257 323 38
258 319 6
258 393 44
259 281 32
259 315 35
259 389 8
260 317 4
260 372 13
260 373 46
260 449 22
261 271 39
261 388 49
261 410 27
262 335 24
262 362 15
262 387 40
262 459 40
263 324 8
263 364 28
263 445 28
264 266 6
264 335 30
264 406 36
264 442 39
264 452 47
264 459 11
265 274 12
265 294 24
265 329 29
265 427 14
265 432 3
266 305 18
266 322 41
266 387 20
266 459 20
267 305 6
267 409 27
267 423 7
267 452 39
267 455 5
268 277 26
268 299 39
268 300 30
268 360 47
268 361 25
268 372 32
268 400 48
268 401 18
268 443 25
269 274 2
269 366 48
269 381 10
269 427 14
270 382 36
272 340 50
272 348 40
272 378 18
272 383 37
272 454 2
273 314 15
273 384 45
274 329 27
274 432 34
274 434 50
275 295 28
276 336 13
276 344 33
276 368 8
276 414 16
276 443 3
277 306 44
277 317 12
277 336 28
277 339 31
277 361 44
277 372 21
277 373 44
277 449 29
277 460 3
278 297 42
278 370 36
278 425 5
278 431 27
279 289 47
279 325 41
280 287 35
280 291 32
280 310 26
280 323 24
280 342 12
280 351 24
280 358 33
280 365 9
281 359 20
281 405 13
281 418 45
282 388 14
282 444 23
283 345 37
283 359 38
283 389 45
283 405 39
283 428 38
284 288 26
284 312 11
284 340 24
285 344 25
285 414 38
285 443 11
285 460 32
286 307 47
286 330 31
286 338 14
286 350 13
286 449 21
286 453 11
287 292 8
287 351 22
287 358 31
287 386 47
288 311 35
288 321 35
288 340 4
288 392 47
288 397 49
289 308 42
289 323 23
289 325 47
290 333 19
290 416 8
290 424 30
290 437 24
290 452 28
291 358 41
291 380 44
292 365 34
292 386 4
292 408 26
292 441 41
293 362 40
293 406 32
293 409 41
293 423 7
294 434 19
294 450 30
295 363 9
295 370 44
295 431 9
295 439 40
296 352 43
296 376 17
297 370 45
298 389 42
298 405 36
298 428 48
299 317 49
299 400 44
300 368 24
300 460 44
302 323 47
302 337 50
302 421 22
302 429 19
302 436 21
303 345 32
304 353 6
305 322 8
305 362 33
305 379 6
305 437 39
305 448 30
306 334 35
306 449 34
307 330 27
307 440 7
307 451 7
307 456 29
308 311 25
308 325 48
308 355 35
308 391 41
308 412 28
308 463 21
309 351 42
309 385 28
310 319 4
310 365 3
310 433 34
311 320 14
311 419 31
312 340 31
312 397 2
312 454 8
313 388 24
314 327 29
314 345 34
314 347 9
314 359 50
314 422 22
314 428 28
314 459 41
315 345 6
315 359 1
316 354 50
316 386 23
317 360 33
317 361 13
317 372 32
317 375 15
318 382 41
319 334 31
319 342 18
319 357 43
319 408 30
319 441 27
320 378 50
320 383 13
320 420 6
321 392 40
322 335 1
322 372 38
323 391 32
324 328 15
324 330 48
324 338 29
324 343 6
324 371 45
324 398 38
324 430 28
325 332 26
326 419 17
328 350 3
328 396 47
328 461 38
329 341 21
329 450 20
330 430 25
330 438 36
330 456 18
330 461 3
331 383 33
332 337 46
332 421 24
332 429 26
332 436 14
332 446 27
333 379 50
333 413 6
333 424 35
334 339 46
334 361 23
334 375 40
334 426 33
334 449 40
335 362 40
335 423 15
335 424 14
335 448 40
336 344 30
336 446 30
337 436 19
337 446 32
338 350 28
338 438 37
339 375 46
339 383 39
339 449 34
342 354 43
343 371 6
343 440 16
343 453 23
343 461 48
344 375 39
344 449 20
344 460 14
345 359 34
345 447 6
346 461 3
347 384 45
347 428 32
348 383 49
348 392 12
348 419 5
349 384 42
349 447 9
350 377 5
350 445 36
351 357 47
351 374 28
352 410 50
352 444 31
354 357 6
355 391 27
355 412 42
355 421 5
356 401 35
356 449 33
358 411 17
358 433 26
360 426 49
361 414 4
361 463 19
362 406 23
362 437 30
362 459 21
363 370 5
364 377 34
364 445 20
365 441 42
366 407 22
367 368 13
367 401 35
367 414 46
367 443 15
368 426 34
371 378 3
371 456 25
372 373 18
373 443 31
374 380 32
374 390 42
375 426 25
376 382 24
376 399 22
376 444 30
377 398 15
377 430 38
377 438 16
377 440 38
378 392 8
378 454 25
379 406 25
380 386 44
380 390 26
381 450 10
381 458 48
382 399 45
382 435 50
383 392 14
385 390 3
385 433 45
385 441 8
387 437 29
387 442 21
387 459 50
388 410 28
388 444 8
389 394 21
389 428 46
389 447 1
390 408 42
390 441 30
391 417 11
393 441 23
395 429 43
396 398 18
397 419 49
401 443 3
401 460 42
402 415 44
402 462 14
403 439 12
406 409 41
406 416 21
406 424 41
407 432 18
407 434 28
407 450 30
407 457 23
407 464 24
408 441 28
409 415 36
409 442 32
409 452 36
411 454 35
412 417 40
412 429 29
412 463 45
413 423 31
414 449 9
415 425 33
416 437 6
417 463 44
423 455 41
425 462 5
426 449 43
427 458 19
432 457 46
435 444 22
437 448 19
437 452 4
438 461 2
440 451 26
442 459 21
443 460 7
445 451 39
445 453 45
445 456 31
446 463 6
448 459 32
450 458 12
456 461 23
457 464 44
465 466 5
465 467 3
466 468 10
467 468 7
468 469 2
468 470 8
469 471 9
470 471 4
471 472 1
471 473 6
465 356
