902 1201 234.565 900
57.744345467225195000 -26.476567339903983000 -7.783440656758323900 0
63.742782837136971000 4.775836905712560000 -3.170018616290780400 1
-49.728439858276801000 -38.971435281420753000 10.213202307199316000 1
40.220392310604915000 -33.320385276864563000 -36.987456892605366000 0
51.517920371049549000 -17.404128670274289000 -33.749076815088351000 0
-52.977921591398754000 -31.075256010934165000 -17.990783410138249000 0
-18.443439733290113000 -53.368069349864840000 30.127872554704428000 0
-52.032108075093682000 -34.631156821877987000 -13.760185552537614000 0
-20.112406981963055000 60.518539429810716000 5.384929960020752300 0
-18.848121290192481000 -26.242083907242428000 55.245826593829158000 0
-31.588557908196869000 -34.727041893180761000 -43.499374370555742000 0
58.028062489490530000 2.204221312623528400 26.905117954039124000 0
-10.973873020655851000 -2.146835571876519300 63.015594958342234000 0
-58.007111531602980000 -25.600625016598901000 8.705343791009246600 0
-31.519519734545444000 55.482544705388001000 4.920072023682363000 0
55.068154342756145000 -32.564436474373174000 -1.748100222785119200 0
-6.413052571144865200 23.151462707789733000 59.320169682912685000 0
-19.281753741188350000 21.676997853357136000 57.046662800988798000 0
-23.352525520673705000 59.007199756752279000 8.295175023651845300 0
-18.359917058474601000 -59.565317642616741000 -14.521927549058503000 0
27.760824284613790000 -39.580793354843259000 -41.936826685384688000 0
3.254946707238787000 -29.158533367183015000 -56.878688924832915000 0
-12.948806670223119000 2.117947793302947800 -62.640583513901184000 0
-15.854171597544729000 -5.401727638644020500 -61.769463179418317000 0
25.659792304395829000 -14.085068838412759000 -56.913846247749262000 0
58.306472866252562000 -22.043648112026339000 14.506302072206793000 0
59.506541882512515000 20.932770083353372000 -10.806970427564318000 0
9.249748035880497100 -44.673000866652181000 -44.886135441145058000 0
-18.848719749093071000 -50.285242731986919000 34.815515610217595000 0
-31.096365959168974000 20.508130333274085000 -52.042603839228491000 0
-37.240476458916518000 -50.569748022760393000 -12.322641682180242000 0
-20.364377461978510000 60.118922671706372000 8.185796685689871000 0
41.143216325156494000 -24.022165018294718000 42.733726004821925000 0
59.904333173041579000 17.609351162757971000 -14.049256874294260000 0
-51.616827539847847000 34.269129351499920000 16.041505172887355000 0
22.574042336502274000 59.787358588145132000 3.447370830408643000 0
37.378506870165211000 48.702546612088256000 -18.080629902035586000 0
-0.426656598856875290 38.863538662111971000 -50.847254860072631000 0
-26.163016215882795000 53.832091115147229000 -22.662800988799706000 0
-35.195255883306082000 20.508645191567261000 49.362834559160127000 0
21.643877147943758000 17.812104881984162000 57.534958952604754000 0
19.394141989035230000 60.581086488624216000 -7.056855983153782900 0
-33.144357124081843000 -54.670016268205764000 2.939542832728049500 0
-31.511087209914713000 -41.327628952687988000 37.350749229407633000 0
18.023181092563703000 47.679060575289391000 -38.702352977080601000 0
2.627814392461755400 52.919357045602368000 35.897579882198556000 0
-44.959447226058522000 -6.612050627540107900 45.065828424939724000 0
4.089117191394434400 27.322045867469516000 -57.730277413251137000 0
47.366762418859878000 15.809725039284618000 40.030518509475996000 0
-46.208662839236155000 25.358906353737801000 36.299935911130099000 0
-18.588458324581030000 0.593674500331692780 61.238196966460158000 1
-0.036040196388638840 35.800122402044494000 -53.050447096163822000 0
-37.267223794293507000 49.543562393162041000 -15.893063142796105000 0
39.354815976185478000 36.002027636120324000 -35.370220038453319000 0
-58.872335938606483000 10.430905051699757000 22.830774864955597000 0
7.970602364762853200 -63.151271464066483000 6.662312692648090900 0
-37.650680030366075000 -43.523201329945586000 28.002807702871792000 0
28.904272575454538000 -54.836882156818319000 -15.920407727286600000 0
-56.893209169418419000 -29.098213926082984000 3.529404583880123300 0
44.205340727712453000 45.936209350659503000 5.634937589648121300 0
-11.055333836523403000 31.231273647309283000 54.757530442213202000 0
28.143723301911464000 7.736401918066189200 -56.956816309091465000 0
15.572113170485348000 50.469234240938498000 -36.143681142612998000 0
-54.598104121058299000 32.761654427380861000 -6.459181493575854000 0
-2.400002444089298900 -20.759291690405384000 60.492080446790979000 0
-11.365728227345144000 56.221475785795306000 -28.389538254951628000 0
17.987542297482253000 61.419330385906328000 -0.337900936918240910 0
60.541139069765627000 18.200867427485726000 -9.974913785210731000 0
-24.989012009448803000 -1.273304397620113300 58.906094546342359000 0
8.486643754740040200 63.142376836743665000 6.084170049134800500 0
21.543846374387851000 51.904088893541072000 30.623981444746239000 0
-63.459925364557080000 7.796393906719241200 -2.837977233191931100 0
4.520799927324674200 -14.262679383028793000 -62.226508377330852000 0
54.531612596329559000 1.652652422635525300 33.460005493331707000 0
39.666990832544485000 -16.986430150923859000 -47.265114291817987000 0
51.294994435911818000 12.995578879168013000 -35.999145481734672000 0
26.773255679141140000 -46.062744837910408000 35.460066530350659000 0
-51.278741547302509000 -21.131712183031233000 31.936521500289924000 0
62.442739076339180000 -13.984700713334773000 -1.154332102420117900 0
34.091794235926812000 -35.426664999765137000 -40.971953489791559000 0
-63.228640421238580000 -8.310075611573319400 5.392742698446608300 0
18.117428908467193000 60.781062068357855000 -8.568620868556779500 0
18.827554517583625000 54.836935882860963000 27.100436414685507000 0
49.831507278240970000 10.749578507911185000 38.694540238654746000 0
3.495166040088026000 7.902073116012192400 -63.414044618060856000 0
8.590268109786258300 61.846062307889909000 14.045350505081332000 0
3.712401507386308400 -48.580089212483877000 41.499313333536790000 0
-7.383963892384501900 -20.708065850540198000 -60.105349894711139000 0
-54.858231634973002000 27.528644996085823000 18.131412701803644000 0
-19.882509887534784000 -58.291454999767396000 -17.400921658986174000 0
52.100939770505590000 -28.081175344028921000 24.350352488784448000 0
-62.969654006564262000 10.522801055191888000 4.482558671834467200 0
42.414402738920941000 39.115846858676136000 27.694204535050510000 0
-19.763635742586185000 33.388448071328632000 -50.898037659840696000 0
43.301149230481862000 41.022731473173266000 -23.197973570970795000 0
48.584623318868687000 -40.929892461902149000 7.763908810693685300 0
-37.135970971549355000 -3.180123029227345900 52.026978362376781000 0
-50.663742667417829000 -13.442203567509152000 -36.721823786126286000 0
25.521625840506406000 43.562565951481396000 39.331278420361947000 0
59.073666254246355000 -20.907875369945842000 -13.006256294442579000 0
-63.172258622442939000 7.061073575007755600 7.443586535233619000 1
-59.127186196441890000 -15.517957838063413000 -18.951750236518450000 0
-36.636566079093377000 -5.036824960982693600 52.234015930661947000 0
35.515146879740925000 -53.199777852635322000 -2.111392559587389700 0
45.844657813352796000 -43.868172816891303000 8.357676931058687600 0
-35.573615332057294000 -49.709685816809781000 -18.959562974944305000 0
-3.121403061085009900 -52.919029276591885000 -35.858516190069274000 0
13.934714769652267000 -38.878986607746704000 -48.890163884395889000 0
42.014986689344020000 7.174385122915128800 47.741691335795160000 0
-24.289241279332725000 -49.111432830136380000 33.077181310464795000 0
8.058639225658149400 0.546315596331092280 -63.488265633106479000 0
48.246731031379269000 10.272243206117896000 40.776635029145176000 0
-32.270876219192125000 53.553019733161435000 13.662526322214424000 0
-11.630421810729668000 5.480517468592961600 62.695272682882170000 0
30.989116361272718000 -53.623261376146715000 16.131351664784692000 0
17.038323700691212000 -55.447582160820801000 -27.041840876491591000 0
47.141812258911017000 11.415670995452958000 41.753227332377087000 0
-29.338081621293462000 29.913283407248670000 -48.378429517502369000 0
27.445503359380449000 -55.667709828429217000 15.615710928678244000 0
-10.911281683867589000 -12.438573809613723000 -61.824152348399302000 0
35.962251398493017000 11.256723228261144000 51.730094302194281000 0
-45.577395463436098000 36.860720815451018000 -25.690237128818630000 0
-41.855980244807917000 -46.317014140984071000 -14.100039674062320000 0
-24.154725377281043000 -59.266703874455239000 -0.083986938077944273 0
61.722231118460705000 -16.471314366922389000 3.880977813043610800 0
-21.535917901438239000 -49.495656043219206000 34.385814996795560000 0
63.924881177676298000 3.005376412574022100 0.759788811914426040 0
19.808809400084478000 30.083033925127239000 -52.902005066072576000 0
36.755134689988189000 48.253294530684030000 -20.412732322153385000 0
14.724367444980521000 -62.065603704964843000 5.201330607013153100 0
58.030196193480187000 -16.587987052409737000 21.291665395062104000 0
47.773782937957137000 -42.245333388702562000 -5.384929960020752300 0
47.879749344380052000 4.706618552257878300 -42.206366161076694000 0
-13.662393311394636000 -58.411443120303126000 22.303415021210363000 0
52.546497524286416000 18.371265343458095000 -31.581041901913512000 0
53.327806707189822000 21.898406207434867000 27.795770134586625000 0
-20.030034850172015000 24.720572035807720000 55.530991546372874000 0
7.037112580378373400 49.411877863628554000 -40.061769463179417000 0
43.549604824419383000 -46.774657213853246000 3.400494399853511300 0
38.077455060132351000 15.423137743755893000 -49.073763237403483000 0
23.859278846454018000 -35.503546235436772000 -47.604968413342689000 0
5.325636023928412400 62.720753039594683000 11.564806054872280000 0
-63.277793237386661000 -5.736695792158651700 -7.681875057222205400 0
-48.995584961001654000 39.315337837453470000 -12.236701559495835000 0
-16.538624231950891000 -18.202846493277654000 59.085787530137026000 1
-10.404895798703675000 25.741335233658162000 -57.663869136631369000 0
-14.791579941857155000 31.996316659524972000 -53.417645802179024000 0
11.291507113314809000 -50.247975418481026000 37.995300149540697000 0
30.283923291880395000 25.761770047912499000 -50.151921140171517000 0
-22.979343298368331000 42.087667691892847000 -42.386059144871368000 0
-37.426049972356971000 -41.319274543057489000 31.432599871822259000 0
-50.303500662872814000 38.343483329939033000 9.763969847712637300 0
2.977862557032230600 -35.803538032541915000 -52.964506973479416000 0
1.043926272965535000 62.750486413731920000 -12.541398358104191000 0
0.570896929189924960 -62.348930328079973000 14.432081057161168000 0
37.462713625768899000 46.099850507115235000 -23.819086275826290000 0
34.200228100744205000 44.720972076299610000 -30.436475722525710000 0
36.035938423518189000 -1.825804016069316700 -52.859035004730366000 0
33.547310528860045000 -7.216581869791771600 -54.023133030182805000 0
33.318654009562962000 47.043015223039525000 27.799676503799553000 0
63.668509738339978000 5.975275172966767900 -2.572344126712851500 0
-39.222081000554063000 4.475447479666583700 -50.374584185308386000 0
-3.441433321608252000 -59.312087048690408000 23.795648060548722000 0
-24.253794199875461000 30.323729953047412000 -50.874599444563124000 0
-55.850309938255357000 -20.256457951617001000 -23.799554429761649000 0
6.636128745844186700 -47.911972463084943000 -41.909482100894195000 0
58.582070569131609000 4.163314249492069400 25.432416760765403000 0
22.719498658507934000 59.825206117334602000 -0.876979888302255260 0
-0.302165538291170490 -28.013177650909142000 57.542771691030609000 0
-24.548972497369672000 50.684023676902200000 30.405224768822290000 0
-43.988179250150239000 -37.674792886513039000 -27.233252967925047000 0
-54.609874643438147000 26.492500768508059000 -20.295541245765556000 0
37.241953241971608000 -46.352481831106594000 23.674550614947965000 0
-49.619784890069369000 40.256065162854654000 3.650502029480880300 0
29.095287041863465000 -53.569805963901047000 -19.486922818689536000 0
28.693657335098475000 30.747549065463236000 48.241706595049898000 0
29.619440307057651000 8.497472339312205100 -56.093508713034453000 0
-54.067644805557990000 -21.556708334758302000 26.608233893856625000 0
26.843485829732007000 12.639822700482492000 56.706808679464096000 0
-1.901812217191057600 -34.372612625110065000 -53.952818384350110000 0
49.343283821958337000 37.843958959391074000 15.135227515488143000 0
-42.031469218366951000 43.803129275252793000 20.264290292062135000 0
-29.562987644787995000 -54.220032369900018000 -16.799340800195317000 0
-12.428560773532823000 55.631998566264684000 -29.096591082491532000 0
-27.456438004411602000 49.607041135969354000 -29.686452833643603000 0
50.027774907777463000 37.492695311144374000 -13.693777275917844000 0
19.073367505534414000 -42.178601551001314000 44.194708090456864000 0
-18.251767390274033000 -58.496406598945057000 -18.467360454115422000 0
-58.898052132198167000 -1.372457754629443200 -25.002716147343364000 0
-34.646885934224777000 -52.540363821229136000 11.623401593066195000 0
-38.470316516190053000 -28.140114855459519000 42.710287789544360000 0
-20.427449832526577000 57.883828022685904000 18.115787224951934000 0
21.710062208327468000 0.520472094914082200 -60.203009125034335000 1
-47.416754774775271000 -29.577187218761946000 -31.190404980620748000 0
7.360265588046115900 17.589515023225541000 61.093661305581833000 0
-37.850888618497407000 47.045680310250539000 -21.213538010803553000 0
10.319574349456536000 3.264977954169862300 -63.078096865749075000 0
0.486007401061489490 9.182885437544026500 -63.335917233802299000 0
43.009676226907374000 42.227163313957199000 21.518234809411908000 0
15.782365735626163000 -59.889034265497898000 16.131351664784692000 0
27.842443461471348000 10.593434400978769000 56.644306772057256000 0
20.118967246440270000 2.791526599032242700 60.691305276650290000 0
4.039938736362337600 -54.375600805705922000 -33.510788293099765000 0
62.420366706029114000 9.663537377114609600 -10.310861537522507000 0
31.771538119850270000 38.369525608988177000 -40.178960539567250000 0
16.073550305228331000 -59.149087201163802000 -18.412671285134433000 0
19.247581188789873000 -49.760784088735520000 35.346781823175753000 0
54.142297876542834000 -25.697281370790680000 22.455763420514543000 0
-11.860699836485512000 -42.469353554243114000 46.386181218909272000 0
-49.094851095472876000 40.316464575810450000 7.763908810693685300 0
63.390692110934602000 1.106252219956464200 8.740501113925596100 0
52.529938955987326000 -33.505890476551862000 -14.627399517807550000 0
15.098454556193186000 60.139930323569686000 15.850093081453902000 0
-0.743091202389104980 4.628060506669326600 63.828119754631182000 0
40.855960883069905000 -24.329575694834364000 -42.835291604358041000 0
37.489056834628983000 30.218339519437617000 -42.159489730521564000 0
21.696523141958160000 1.341348399228102800 -60.195196386608480000 0
-17.720847278513183000 61.491029333303899000 -0.908230842005676390 0
23.268762932210628000 -24.031847521219564000 -54.562211981566819000 0
-4.466498005120427300 -63.843598507490590000 0.212897122104556410 0
-38.570142781200680000 50.666320167272616000 6.424024170659505400 0
-51.845923827292836000 -28.907018097625905000 -23.924558244575334000 0
32.942566907756415000 2.849659068052770900 -54.796594134342477000 0
-61.136914501910915000 -17.850748586021098000 6.295113986632892500 0
-50.698719767035890000 0.656248322516496450 -39.053926206244086000 0
-42.826338005036526000 -20.321414544655582000 42.999359111301004000 0
-44.503940063468626000 11.370471217519997000 -44.565813165684986000 0
-44.423233855161797000 41.579506492607898000 19.842402417065951000 0
50.682905644304796000 -18.906388351727127000 34.202215643787959000 0
28.739781151285126000 38.505937715200957000 42.276680806909390000 0
-26.256318157074279000 -24.293684197871659000 -53.069978942228460000 0
54.530540272639392000 -32.288872790866350000 -8.935819574571978000 0
16.288278632793471000 -53.517997394499034000 31.088839381084629000 0
53.287204488879269000 -31.126341445436076000 -16.959501937925353000 0
-48.559241121432621000 -38.965204137047529000 14.822717978453932000 0
-62.760304086949674000 12.202940650725690000 -2.869228186895352200 0
-4.369659703722822600 53.342260000279161000 35.092867824335457000 0
-51.951698643644072000 -32.544498684712380000 -18.381420331431013000 0
19.856668399743846000 -53.520049907623630000 -28.936429944761496000 0
55.237013055840812000 -10.229860781203557000 30.663045136875514000 0
-1.203675791650788500 49.319917818426475000 40.768822290719321000 0
-58.214508700348460000 -5.356455632577051600 26.045716727195042000 1
-48.122664536181006000 -10.154226679200820000 40.952421643726922000 0
62.383809970452575000 13.783188923135768000 -3.779412213507492300 0
27.188307610296683000 28.833712903299716000 50.253486739707633000 0
-15.292318438717283000 34.853412004949483000 -51.452742088076420000 0
32.696580403517608000 -49.304626255014561000 -24.412854396191289000 0
22.406161267693360000 41.941646729900000000 42.835291604358041000 0
-59.052807420849589000 -23.873007401371478000 -6.232612079226050200 0
-33.160487196779023000 -53.831367836576639000 -9.928037354655598900 0
-50.718243343970130000 14.051784729237179000 36.417126987517932000 0
30.949015191146504000 29.660228252860676000 -47.522934659871211000 0
-62.074781184487975000 -7.034833869049224500 -13.900814844203008000 0
27.098435473836126000 44.842906819683662000 36.753074739829707000 0
22.979402283928657000 -58.572577969331967000 11.713248084963530000 0
-21.728901997134539000 57.867779528201879000 16.588396862697227000 0
-44.012293737915634000 40.301489645666649000 23.123752555925169000 0
-38.768120576285128000 32.060886314805238000 -39.561754203924679000 0
8.764633706439118700 59.104051949190314000 -22.932340464491713000 0
-27.872276668674409000 15.596458285096565000 -55.460676900540179000 0
24.510745058866277000 57.367044399147581000 14.291451765495774000 0
50.342384512148826000 5.192479514485816200 39.175023651844846000 0
9.462505022825453700 61.218874990744965000 -16.084475234229561000 0
41.745248717642355000 39.487985917169226000 28.178594317453534000 0
58.967001650210968000 -9.175226652043020800 23.123752555925169000 0
33.847180815879767000 21.882550332934422000 49.714407788323619000 0
43.342894917353597000 -16.786628990054083000 -43.995483260597553000 0
33.068473205305338000 -30.204684942676113000 -45.718192083498643000 0
-11.250014103842371000 35.176280503355706000 -52.269173253578295000 0
-54.060854142355574000 24.443458091009610000 -23.998779259620960000 0
-17.923760138624043000 -35.807793530823190000 49.925351725821713000 0
58.934417784814720000 -24.930234240807504000 1.103549302652058400 0
17.607864718989767000 -36.811073260653345000 49.304239020966214000 0
34.650651695912607000 44.862620419562901000 29.709891048921172000 0
-26.731821812933369000 -14.055852834685291000 -56.425550096133307000 0
-40.289034900691234000 48.532579624314707000 10.834315012054811000 0
55.224259585724823000 21.011610280309913000 24.592547379985962000 0
-7.146322656135477100 61.196292324050333000 -17.318887905514696000 0
-58.689287827356281000 25.312256349370529000 -3.295022431104464900 0
-12.572922074193048000 58.817193477101426000 -21.873714407788324000 0
1.504022178775793700 40.464060429040735000 -49.562059389019439000 0
-60.525992533704489000 -16.619210660549783000 -12.506241035187841000 0
-18.184588383608304000 -15.490218902147294000 59.374858851893670000 0
7.823378612840302000 39.899008286507552000 -49.425336466566975000 0
-24.153161092340607000 52.089338585378485000 28.272347178563798000 0
-9.137495595529765400 25.242611648023903000 -58.097476119266332000 0
49.676207935876462000 32.075673005741315000 24.483169042023988000 0
-62.750214860430248000 -8.541146476308714600 9.244422742393261700 0
57.159951903824556000 14.984084216188903000 24.580828272347180000 0
-47.648801266365247000 -3.069639811441518900 -42.616534928434092000 0
-21.728801613932717000 -30.747862566125452000 -51.753532517471847000 0
32.270498991543022000 -6.651106354942525600 -54.866908780175173000 0
4.901881472630918800 29.533691057767488000 -56.566179387798698000 0
43.728546531143806000 -45.266695836005432000 11.607776116214485000 0
29.881486835374279000 56.349858037403266000 -5.271645252845851300 0
-48.958517143197206000 11.038734237197499000 39.714102603228859000 1
50.335680868446318000 37.965178960143618000 10.998382518997772000 0
7.177288709011534700 8.282303378892480700 -63.054658650471509000 0
35.609290404950265000 12.442029918160374000 -51.702749717703789000 0
47.004112358486168000 -43.099092189733632000 5.392742698446608300 0
24.812701813653543000 -51.924681890818533000 -28.002807702871792000 0
-63.053366641422414000 10.922456346071632000 0.986358226264229200 0
6.378495982758230400 -48.015128361475220000 -41.831354716635637000 0
34.252598191355766000 1.603775595255399600 54.038758507034515000 0
61.676324976077289000 16.941427952279017000 2.240302743614001700 0
55.971164267690781000 -1.513674461464672400 30.998992889187292000 0
-43.105375052121339000 -14.190153030554814000 -45.128330332346572000 0
-43.545713076015673000 -46.833461750534184000 -2.529374065370647400 0
-18.385076569224214000 -48.791948308958105000 37.112460707419046000 0
-48.963382030988285000 31.582156923768324000 26.479323709830012000 0
23.209771433723599000 41.566753199338208000 42.772789696951200000 0
-0.215531161919065600 -52.893894534467890000 -36.030396435438092000 0
15.613667561934802000 -34.005448961627593000 -51.921506393627737000 0
6.963292992549415100 -45.570728220716198000 -44.393932920316175000 0
27.655434768363289000 -26.180144432299727000 -51.437116611224710000 0
38.661379472932524000 -27.799075151985768000 42.761070589312418000 0
-28.456961098156448000 -15.496442004845314000 55.191137424848172000 0
-51.653048227336157000 34.336004446458091000 15.779778435621203000 0
-46.761564998848726000 11.195523182222423000 -42.237617114780114000 0
-46.260091557195032000 -43.398736891225610000 8.517838068788719900 0
-20.104302224311734000 24.589718185376782000 55.562242500076295000 0
31.489863612361251000 -24.751318977313144000 -49.917538987395858000 0
-51.600470748995846000 36.157874281766901000 11.224951933347576000 0
59.629494952149450000 7.854491765181672100 21.877620777001251000 0
42.194988414989851000 1.222087770173202000 -48.104983672597427000 0
3.477501948057856400 60.637437260781780000 -20.174443800164799000 0
20.762115345289811000 50.347607812055237000 33.616260261848808000 0
-63.951841337664348000 -1.563842343355367900 1.927793206579790700 0
19.508679100664523000 48.464254430462894000 36.967925046540728000 0
37.894930768296298000 45.109183181713739000 25.002716147343364000 0
-4.353558824783371900 -48.046915776683029000 -42.054017761772513000 0
-50.101299089060760000 -30.760125425725349000 -25.291787469100008000 0
12.419665330064189000 -8.988167934819385300 62.136661885433519000 0
-36.492785559771612000 43.976734929407101000 28.815332499160743000 0
45.447036529967981000 -16.458626203130343000 -41.948545793023470000 0
42.077098856720596000 -47.112697704371371000 -10.291329691457870000 0
56.764069983730771000 19.931356204790141000 21.830744346446121000 0
-10.731485762657385000 59.196738209178321000 -21.830744346446121000 0
-43.503214142025833000 46.429410798278511000 -6.912320322275459900 0
53.087339112771538000 33.804167741100329000 -11.619495223853267000 0
7.470218263436215100 63.285143051202986000 -5.931821649830622400 0
-63.675684089222855000 -4.887472129318276800 4.185674611651967000 0
30.730785766472678000 4.474342317238169100 -55.960692159794917000 0
-45.146058224913837000 44.537699009285220000 8.615497299111911600 0
-18.816422688328231000 -5.345532878083096400 60.937406537064732000 0
-13.366641774031487000 -36.749515620565049000 50.663655507065037000 0
-14.754527518320927000 46.195163887291450000 -41.764946440015869000 0
-46.467336816075800000 -10.533238966703944000 -42.729819635608997000 0
-25.895252059982081000 -24.594013727164704000 53.109042634357735000 0
-42.986651297193539000 46.949213219807255000 6.627155369731742200 0
59.169599544610321000 10.127023569468673000 -22.190130314035464000 0
-57.428426141382282000 -12.463304229108065000 -25.350383007293924000 0
-11.044226171674254000 -61.391247381742858000 14.322702719199194000 0
43.648264014883175000 1.138538023915287400 46.792443617053742000 0
-38.707753189223361000 -49.592432027696177000 -11.760124515518662000 0
55.394684112940901000 27.182273952916105000 -16.986846522415846000 0
59.354984981628860000 -9.223939867756442400 -22.088564714499345000 0
34.452234946065857000 46.048936924248871000 28.080935087130346000 0
-52.099024567503207000 -0.064936123806175333 -37.171056245612967000 1
-12.662262342826887000 43.780036049540641000 -44.933011871700188000 0
-1.577026647116756900 -41.464207682885402000 -48.726096377452926000 0
-24.548635843988801000 -58.273530188733048000 -9.877254554887539200 0
-11.054092607071391000 61.176780923930480000 15.205542161320841000 0
-46.801157804829892000 -43.169749476199129000 6.482619708853419200 0
47.048258783707340000 38.703835555878520000 -19.608020264290293000 0
1.565861828496602800 55.254358256710539000 -32.256843775749992000 0
-60.284793477237052000 -19.871191558765904000 -8.177983947264015900 0
-10.524901606603573000 -28.409717676386389000 56.374767296365242000 0
-51.131321236096305000 3.550053477277614000 38.327341532639544000 0
-16.877850142508173000 -60.658581236253177000 11.474959562974945000 0
-47.218578573192282000 15.113836488161395000 40.471938230536821000 0
-41.866224408202598000 4.525218140325008200 -48.194830164494768000 0
-43.920144471859587000 46.124197730535094000 -6.291207617419964900 0
33.667457303865959000 -43.989337671123131000 32.053712576677754000 0
-59.683621051946460000 9.093419857269760000 -21.240882595294046000 0
-29.878265515634013000 5.637202167868468700 56.316171758171329000 0
19.926493197696583000 42.748255169597911000 43.261085848567156000 0
38.479664906210765000 47.444131156181776000 -19.088473158970917000 0
-51.110267866833212000 31.164078227815693000 22.639362773522141000 0
63.908048397286187000 -3.016866819454209600 -1.630909146397290000 0
-3.157903590815921200 31.307676815270945000 -55.730216376232185000 0
-52.078492169536339000 -32.930650808515196000 -17.303262428662983000 0
-19.138529632925412000 16.245905143299034000 58.870937223426004000 0
-7.576015137139149800 -21.220937537764144000 59.902218695638908000 0
63.161908587091574000 5.256369959037295200 -8.885036774803918300 0
17.573965464087614000 -50.088677031594429000 35.753044221320231000 0
58.025778812881256000 16.262234801793721000 21.553392132328256000 0
35.007221124085241000 31.681252423722849000 -43.206396679586170000 0
51.434506778613191000 29.780167617891010000 23.740958891567736000 0
30.644437539658533000 28.152681124635151000 48.624530777916803000 0
28.070808961777256000 -45.344768898888887000 -35.381939146092108000 0
-50.273238540430931000 39.460665846270587000 3.384868923001800800 0
6.285915240409774000 -36.526877452906035000 52.175420392468034000 0
31.621713315965426000 -34.770188112817564000 -43.440778832361829000 0
-47.872442275557454000 8.150974640248126200 -41.686819055757319000 0
29.856666160872450000 19.983505368539934000 52.964506973479416000 0
-11.278365446277489000 -1.504309845226256900 -62.980437635425886000 0
8.021172825706932100 -43.744193734087418000 46.022888882106997000 0
-13.827478719846594000 5.226173287197917200 -62.269478438673055000 0
16.016489940223291000 29.898131261254200000 54.273140659810174000 0
-44.275456945508921000 4.716924275474546800 45.972106082338939000 0
-41.315271650550848000 1.732046204411331600 -48.847193823053679000 0
-15.728283067428968000 -60.128101928897706000 15.271950437940610000 0
40.026752603754588000 13.753395067838483000 48.007324442274239000 0
-10.066598598243090000 25.753283669922123000 -57.718558305612355000 0
13.593562946330231000 52.274169967766312000 34.331125827814567000 0
-59.748662500156463000 -2.321211706601237900 -22.819055757316814000 0
33.212590954497195000 -53.216453096342988000 -12.685934018982513000 0
55.991513093674342000 -4.281468782186846200 -30.702108829004793000 0
-53.801857143399332000 16.270458895894961000 30.604449598681601000 1
-4.471182455581839600 62.701543999369051000 12.021851252784813000 0
-37.988910720780524000 -46.428165763123339000 22.299508651997435000 0
29.638806723953564000 -48.708521267008088000 -29.069246498001039000 0
37.074865280970840000 -6.528543810755470700 -51.757438886684774000 0
-36.598866272960834000 -49.738428325683380000 -16.811059907834100000 0
54.319503747371336000 12.417251233405782000 -31.483382671590320000 0
-46.174871002777834000 -42.608448246728841000 12.182012390514847000 0
2.015797543668827800 -58.787846553503634000 25.217566454054385000 0
1.772564137243127800 -17.934894290643680000 61.410077211828977000 0
-37.886851513285670000 -51.036391789822140000 7.474837488937040100 0
9.452713797047950500 -56.952321368487425000 27.623889889217811000 0
28.051364660304767000 57.479004926881835000 -2.298898281807916400 0
-51.562158862492424000 24.140362999081844000 29.233314004943999000 0
15.410121727277259000 -19.022518268156720000 59.132663960692163000 0
4.852426126859620900 -15.463204981087085000 61.913998840296642000 0
-7.559023878666486100 61.649907463984093000 -15.432111575670644000 0
-25.804847995798571000 -21.524329976955926000 -54.468459120456558000 0
-42.989100333266101000 -47.351412399574912000 2.404370250556962900 0
-10.725792473083379000 -38.836447826120668000 -49.726126895962402000 0
35.766873982622542000 29.828036658792438000 43.897824030274364000 0
62.852015519608926000 -10.484560512054813000 -5.974791711172826100 0
-58.821355432692471000 6.609014313726519600 -24.338633381145666000 0
-28.089035152832690000 -51.799970265245996000 -24.975371562852871000 0
-8.075310783612446000 10.961258129587714000 -62.535111545152134000 0
-53.415309003244559000 -21.749033125145072000 27.744987334818568000 0
-60.698203334384978000 -17.193370286197840000 -10.775719473860896000 0
-0.683442646767428610 -16.027068062185819000 -61.956968901638845000 0
39.002178172036992000 -50.737497211533757000 -0.732444227423932670 0
-42.800557920452064000 -28.027297033039417000 -38.452345347453232000 0
15.148623281202104000 -62.153357922588960000 1.865291299172948400 0
-9.146239584979078100 -59.135197991238272000 -22.701864680928985000 0
-51.824854713928893000 10.727981023901460000 35.987426374095890000 0
-47.401080302521144000 41.472414320504342000 -11.365581225012971000 0
-22.928314199930636000 31.640337196871283000 -50.687093722342603000 0
17.890733879855638000 26.710533259196310000 55.339579454939418000 0
49.501398837463753000 -28.876781577716297000 -28.491103854487747000 0
-52.355412874681242000 31.538939463729793000 -18.979094821008943000 0
60.824068353050357000 -5.061813564999609700 -19.256447035126804000 0
-44.307267115700057000 23.460115832541181000 39.780510879848627000 0
10.416412872195091000 -21.312768591449487000 59.441267128513445000 0
-63.061181448223721000 9.163062676774837100 -5.943540757469405000 0
-33.875856994428574000 -53.807129449006254000 7.295144505142368500 0
63.474887314065832000 0.243431766490027570 -8.177983947264015900 0
35.472402557781230000 -47.774379245937737000 23.565172276985994000 0
45.405091443348844000 1.428350489825105800 -45.081453901791434000 0
2.045268183569403800 56.785759629779072000 -29.448164311655020000 0
24.627833852920581000 -54.517357715315889000 22.744834742271188000 0
27.667011958626929000 -3.423278068761676200 -57.609179967650377000 0
-29.121644124429714000 3.311620789331138700 -56.894314401684625000 1
-6.666735633944314000 8.698543467708566000 63.054658650471509000 0
-3.734501974481047300 -58.537795433716411000 -25.600390636921293000 0
13.411250376749180000 -10.908167391745106000 61.621021149327063000 0
50.769930357560263000 -0.720461245040152080 38.960173345133825000 0
-22.205324761566278000 59.832836473458272000 4.791161839655750900 0
14.208183413704068000 34.083026139588512000 -52.273079622791222000 0
-43.760356574182318000 1.977471811732251600 46.659627063814206000 0
56.648279595121352000 -29.530178973891324000 -3.865352336191900200 0
1.839990597086914400 5.747541168018576800 63.714835047456283000 0
42.557476567893360000 -45.306747000233386000 15.236793115024263000 0
-55.728834330632999000 -23.542729721423935000 -20.881496627704703000 0
-14.231760441335496000 -59.708740556086248000 18.119693594164861000 0
43.104201149140799000 42.974217609194433000 -19.779900509659107000 0
-35.620049634697558000 -51.423441782098870000 13.521897030549027000 0
-58.212646252238024000 -8.162409622015543300 25.311319315164646000 0
18.942845673048051000 -36.190139353668869000 -49.269081698049867000 0
-60.745577454414601000 4.416591651747570100 19.658803064058350000 0
-30.158395639879483000 -8.881007179338272600 55.745841853083896000 0
-12.792417581535680000 26.671581858832422000 56.753685110019227000 0
11.496365617529356000 -50.659842478021723000 -37.382000183111060000 0
-29.182482391257622000 3.693199817196319000 56.839625232703632000 0
21.127959769431779000 -53.611368250171104000 -27.846552934354687000 0
-61.978374399556763000 12.941390311187554000 -9.338175603503524200 0
-32.507390431389950000 48.744907420911623000 25.752739036225471000 0
-36.265652306069001000 -48.579481713944595000 20.514297921689504000 0
17.500865932867452000 59.043300844142742000 -17.424359874263740000 0
22.821136391833313000 38.748430078283192000 -45.538499099703969000 0
15.969702580068958000 -60.789097802233606000 -12.068727683339946000 0
-42.161645884545749000 -34.191943272342932000 33.901425214392532000 0
-27.486049196824656000 40.824186956682631000 40.913357951597646000 0
-52.150509993051529000 -32.280464486469981000 18.283761101107821000 0
-44.127213965027245000 42.411573025121655000 -18.709555345316936000 0
45.759818834655448000 -44.481395575321912000 -4.841944639423810600 0
20.698944043117635000 53.881155928415879000 27.647328104495376000 0
-8.449276083698750400 63.001609131465244000 7.443586535233619000 0
42.098539220596713000 -45.881985151411172000 14.783654286324657000 0
29.476640466555267000 -56.499314120453903000 5.912289803765983900 0
-30.014003246707794000 -51.924443133584312000 22.338572344126714000 0
-36.304371050825360000 -39.422685169338592000 34.983489486373486000 0
13.549343418695361000 54.500233764875979000 30.694296090578938000 0
6.654379640978962000 -61.537100381445072000 -16.275887325663014000 0
-46.980285827210757000 40.362558306296080000 16.115726187932982000 0
-39.140185092238433000 -33.613785363527242000 -37.870296334727009000 0
-27.838686217538424000 40.354850092721257000 41.139927365947450000 0
35.662709518441126000 52.870197277752958000 -5.377117221594897200 0
-49.139588122276756000 -9.877672309401141600 -39.796136356700337000 0
-50.041578842969422000 14.496653561713922000 -37.171056245612967000 0
35.481719229688281000 35.797795951394086000 -39.440656758323925000 0
52.428180980822525000 -26.315503575052603000 25.588671529282511000 0
28.117877685817685000 -52.950465770345602000 22.397167882320627000 0
-52.610257912878673000 -32.634850891371364000 16.221198156682028000 0
-38.086059164951287000 41.612896632688006000 30.229438154240547000 0
50.674049174041208000 -17.498819214604545000 -34.956144901882993000 0
-29.375770188190927000 -49.735795288925601000 27.557481612598039000 0
-36.271630674358278000 -51.979900897218073000 -8.857692190313425600 0
46.709624150405318000 9.347292527107590800 42.741538743247780000 0
-34.078599232494973000 -26.266640109523383000 47.378398998992893000 0
-32.211930439591988000 55.261203534937962000 2.142643513290810800 0
-11.246729889122207000 -14.335507080349359000 -61.351481673635057000 1
-33.337375547590796000 -3.441757139441890900 54.523148289437543000 0
-56.159827350710913000 -2.667290927040348000 -30.577105014191108000 0
-42.940439792565371000 36.210184602740370000 30.674764244514297000 0
18.071609205457118000 38.885747227931027000 -47.511215552232429000 0
49.217462788761352000 31.313443241455495000 26.326975310525835000 0
-27.567437094165790000 57.335750338890143000 6.974822229682302100 0
3.861796670776982400 4.360848903096766100 -63.734366893520921000 0
49.771621940624051000 -35.787782992386937000 -18.385326700643940000 0
-29.126393544333435000 11.852840487097524000 55.741935483870968000 0
-8.789818502171558000 -52.676950412558327000 35.268654438917203000 0
0.446645236276130450 11.773207657333922000 -62.906216620380263000 0
59.875277174774325000 -7.513387833440132700 -21.319009979552600000 0
-21.769755239827898000 33.982731363629284000 49.671437726981416000 0
-51.695594274534322000 4.097582665717856000 37.507003997924741000 0
-58.803065602739046000 3.120653190571379500 -25.069124423963135000 0
11.059352271873358000 -63.034793514290783000 0.552751243629261200 0
-61.969831639731389000 11.470629493621257000 -11.142918179876094000 0
-13.610129813706523000 -32.657212614823990000 53.331705679494611000 0
-44.566386566808333000 -41.537485837409413000 19.608020264290293000 0
-50.607758365707781000 -38.883152668274739000 4.791161839655750900 0
-27.588011819484752000 55.379928530141193000 16.369640186773278000 0
40.775932229765893000 8.143609427908788900 -48.651875362407303000 0
-11.786827085893629000 23.235016294497825000 -58.456862086855679000 0
-45.361343022542250000 -41.472875632985954000 -17.842341380046999000 0
-4.950417474133112200 54.057254233495321000 -33.901425214392532000 0
-17.138856047106810000 36.611990876333302000 49.616748558000424000 0
-41.552500204007359000 42.481091757911912000 -23.764397106845301000 0
26.949628808798341000 -40.961770632339750000 41.132114627521595000 0
-17.215058654595296000 -61.459592666759413000 -4.728659932248908700 0
58.573474223941325000 9.079486336316817200 24.139408551286355000 0
32.906429991470795000 -53.729918007876122000 -11.236671040986359000 0
-8.247203245643222000 19.566715926200612000 60.374889370403153000 0
-52.113989806887410000 33.065114728215420000 16.936063722647784000 0
33.346780614707669000 -0.364493048390308720 -54.624713888973659000 0
-54.886271922739667000 14.146485221586030000 -29.721610156559954000 0
-10.494780457999545000 15.244441662689065000 61.265541550950651000 0
51.277368781515008000 -32.942597574250208000 -19.529892880031738000 0
-21.368170005714862000 58.853855692257675000 -13.252357554857021000 0
37.065082207179017000 45.521300542475089000 -25.494918668172247000 0
54.950541775469119000 -25.707468280007017000 20.385387737662892000 0
54.889088086002999000 22.613361835383948000 -23.912839136936551000 0
20.309793207897560000 42.945278227719029000 -42.886074404126106000 0
-60.045393859021857000 -21.245319928947442000 6.259956663716543800 0
-0.556410622907207660 61.409919609531471000 18.014221625415814000 0
-7.388320327742986700 -52.857828898633670000 35.319437238685261000 0
10.128031550134832000 7.919959604601682000 -62.695272682882170000 0
46.288024474612072000 -43.034428810946849000 -10.072573015533921000 0
-22.503338769953338000 39.138523991035370000 -45.362712485122223000 1
-57.690388893348732000 -25.196948812344157000 11.529648731955930000 0
57.060048231488508000 9.428438098899546200 -27.409039582506789000 0
-15.239107686737075000 -30.738389851262085000 -54.027039399395733000 0
22.178715026115714000 -58.706266719990786000 -12.557023834955901000 0
35.647489255526118000 -8.835135969964518700 52.413708914456620000 0
-26.717992058551438000 -51.609195470724487000 -26.807458723715932000 0
40.103215669777256000 -49.136998861371424000 -8.560808130130924500 0
22.050749971182121000 -55.577664807721106000 22.822962126529742000 0
56.313131665094410000 30.407210608650839000 0.482436597796563620 0
40.232417603596069000 7.538825791296871700 -49.198767052217171000 0
22.116250596220357000 -47.732454420646249000 36.448377941221352000 0
29.354086250158534000 -0.202638122308158610 56.870876186407052000 0
57.257679783482651000 12.742766534199735000 25.596484267708366000 0
33.648114225047550000 -23.804956441656824000 -48.960478530228585000 0
-16.954373179723248000 -27.393469777482874000 -55.300515762810143000 0
-14.646529193357329000 -43.987064039517364000 -44.120487075411233000 0
8.676407252441942200 26.889080465143024000 57.425580614642783000 0
-10.349727536436385000 -12.057158975230081000 -61.996032593768120000 0
-51.445343895191897000 -23.475065895203411000 29.971617786187323000 0
22.330255959162994000 41.664901448165978000 -43.143894772179330000 0
-11.072878248665452000 -11.203697818597865000 -62.031189916684468000 0
59.081960806623322000 -19.707346189091503000 14.728965117343670000 0
-11.701663179952071000 54.536709069021398000 -31.381817072054201000 0
55.311377452903926000 3.600556895275012400 -31.995117038483841000 0
-42.928590669093190000 -28.346961371441250000 38.073427533799247000 0
32.903653065214819000 -32.416718860580481000 -44.300180059205907000 0
-6.338949567108459200 -55.107840780114962000 -31.920896023438214000 0
-31.637214448829404000 -48.765985680347953000 -26.776207770012512000 0
-13.124389716844560000 52.683042534649267000 33.885799737540822000 0
38.113988054101640000 -42.708255584885350000 -28.623920407727287000 0
0.704612980574583210 -55.046849102367730000 -32.639667958616904000 0
60.108609558424433000 21.481915496407566000 4.634907071138645300 0
-15.968062587418107000 -12.980145236636892000 -60.601458784752950000 0
61.260586459585532000 -8.117149547433015800 16.650898770104067000 0
25.393719160319822000 -5.943424042225152500 -58.445142979216897000 0
-15.957447993878585000 11.186387290071853000 -60.960844752342297000 0
16.787853068175938000 9.223499958296509100 -61.066316721091340000 0
6.196950145459989100 35.886384092002558000 -52.628559221167642000 0
0.915811494855276240 -56.348837615289604000 30.331003753776667000 0
57.145455772347987000 24.926329346379255000 14.459425641651661000 0
40.191826091129890000 -24.017681625207864000 43.632190923795285000 0
62.616391507489034000 3.172534533234979000 12.850001525925475000 0
-45.750831401896853000 39.214887520469262000 -21.565111239967042000 0
-52.757513361988927000 -31.082095838739132000 18.615802484206672000 0
19.119923475026908000 42.324782350027640000 -44.034546952726828000 0
-7.165436754431154600 -60.256473172600828000 20.342417676320689000 0
-0.132053977026563960 4.944357477153801900 -63.808587908566544000 0
24.608247963438195000 -47.904587453175942000 -34.577227088229009000 0
38.313198494614198000 34.142261777963299000 38.241401409955138000 0
-62.324016528789244000 7.547683396782177000 -12.439832758568071000 0
3.739949412802667400 21.933760268517663000 60.007690664387951000 0
1.197606767447778200 45.997381525866153000 -44.483779412213508000 0
-28.371589676652494000 -5.720027146946296900 57.081820123905146000 0
41.540365028825953000 -44.003598426860748000 -20.834620197149572000 0
6.924018409425388000 7.767631082245393300 -63.148411511581777000 0
-16.117867781778180000 60.901428840149372000 -11.279641102328561000 0
-23.183952053615698000 20.703958100244666000 55.945066682943207000 0
59.584108174967760000 -1.943016203651913600 23.280007324442273000 0
-53.876077143906890000 33.405751146927578000 8.799096652119510900 1
53.237589371001938000 -31.993890202359474000 -15.432111575670644000 0
-53.628071600007750000 21.381450998917288000 27.619983520004883000 0
-60.597589886442542000 -4.768110725042161500 -20.029908139286476000 0
20.671765195756201000 -60.321324241407090000 5.478682821131015700 0
12.695683112413745000 61.792932479887227000 10.791344950712608000 0
34.356412215235920000 18.517294310954696000 50.722251045258950000 0
38.462632032257403000 -51.122550883221848000 1.763725699636829800 0
4.213085912675087000 61.664871274009634000 16.604022339548937000 0
5.868455002178534700 41.721719377533674000 -48.175298318430130000 0
11.735601092376353000 62.645918871248050000 -5.810724204229865500 0
-38.053621852695677000 -11.587653820002657000 50.136295663319807000 0
28.677076533627169000 -53.779257763369849000 -19.529892880031738000 0
12.589686261732924000 -57.412921236149920000 25.323038422803432000 0
-18.737428394608610000 18.878985702726972000 -58.210760826441238000 0
-24.582688488319199000 -58.953791290181272000 4.017700735496078800 0
58.976127400436305000 -14.125878260755275000 20.451796014282664000 0
-52.453534764442338000 -21.934209258119942000 -29.385662404248176000 0
11.912593726561962000 -27.328375823268999000 56.632587664418473000 0
-59.402262611180639000 -2.284938986823226600 -23.709707937864316000 0
-49.849011264164837000 -20.508989441194739000 -34.503006073183386000 0
11.878179365954967000 60.029531082089726000 -18.744712668233284000 0
46.931613732993469000 -41.324550167836897000 13.627368999298074000 0
23.725194100782506000 14.233236137985584000 -57.710745567186500000 0
-53.863130474225038000 23.476170808927652000 -25.369914853358562000 0
-19.502976400421058000 -29.220475059619510000 53.495773186437575000 0
-36.704020083918714000 20.993686087026774000 48.042481765190587000 0
18.631750408881199000 46.620907725441924000 -39.690664387951294000 0
4.791438610707980500 -50.870843015051314000 -38.538285470137637000 0
-29.301482941858300000 15.349675259055083000 54.788781395916622000 0
-12.867387401195229000 51.357412226527991000 35.956175420392469000 0
10.248217836246530000 48.974727443191853000 -39.905514694662315000 0
-8.538099339089958700 -63.203884542824532000 -5.326334421826837600 0
7.733949152173832600 63.530336011128647000 0.287118137150181580 0
10.244590399708779000 7.075179442130459700 62.777306436353648000 0
-15.655206912552151000 61.880057092833880000 -4.666158024842066400 0
8.085046213806499800 62.607980066439374000 10.529618213446454000 0
-48.012995428355119000 -33.877930552477814000 25.358195745719780000 0
40.872119002114580000 -12.091352144183276000 47.741691335795160000 0
-4.539913936966010900 1.363439466033923700 -63.824213385418254000 0
5.448061418181040100 -62.875245983759811000 -10.631183812982574000 0
-24.886286224234087000 -23.545148164017213000 54.058290353099153000 0
-44.672721009739995000 23.107985961342514000 -39.577379680776389000 0
62.944436695379615000 6.272806067360527900 9.728812524796289600 0
-38.896405469329594000 25.620180208762498000 -43.893917661061437000 0
15.560619287107500000 -17.175994293094238000 59.656117435224466000 0
-58.237945650992330000 -24.248151583212188000 -10.787438581499680000 0
62.754770255116767000 -0.673898750753754940 12.545304727317118000 0
18.209009713189925000 -8.595435780200245900 60.749900814844203000 0
-48.125204231247594000 36.522861236922601000 21.119785149693289000 0
48.748675188741437000 35.251157311404292000 21.838557084871976000 0
-11.396727450679478000 -61.985570987360852000 11.131199072237312000 0
55.786541883287441000 11.598277717842851000 -29.143467513046662000 1
40.971241092613738000 -28.052799318484180000 -40.378185369426561000 0
-4.936230517972715500 -58.200861438900247000 -26.159001434369944000 0
-56.672448258749718000 -3.323713365347865400 -29.549729911191136000 0
-14.909098137544651000 -61.710407413860857000 8.095950193792536000 0
32.602044565091767000 -1.846178175522578300 55.042695394756919000 0
-22.405058994678829000 -11.221674751137945000 -58.890469069490649000 0
-57.928421988484942000 -9.258386340399891200 -25.584765160069583000 0
-0.207277406817768710 -20.298973356810269000 60.695211645863218000 0
-32.838636311328727000 -12.246303390541229000 -53.550462355418560000 0
-22.101238994684834000 -35.632959752180213000 48.351084933011869000 0
-9.767897838347069600 -61.589907929870719000 14.396923734244819000 0
-25.435553951973283000 56.492937520878286000 -16.049317911313210000 0
-24.026079134768448000 49.531803893671004000 32.639667958616904000 0
-29.047903462511588000 -56.667466702657649000 -6.404492324594866800 0
58.136011457363999000 -22.631434509849502000 -14.283639027069919000 0
-5.296764077893430800 -42.859146567091770000 -47.233863338114567000 0
-51.592425080034893000 9.785298623741647700 36.585100863673816000 0
-9.749401189974699700 -42.008832145402316000 -47.288552507095552000 0
51.606810199403135000 32.046667892201327000 20.143192846461378000 0
-18.596987041127825000 61.208989274672085000 -1.900448622089297100 0
-38.847963378535688000 21.650160283129139000 -46.022888882106997000 0
6.697832533532781500 57.212879200624428000 27.889522995696890000 0
-63.950932603889413000 0.705140263373917000 2.404370250556962900 0
-24.461812483055336000 58.663908481402984000 7.494369335001678700 0
-6.170212333925453800 -26.961962681053844000 57.714651936399427000 0
48.001261209624232000 27.534854515929599000 32.151371807000949000 0
-9.009796848374030300 9.225287337704703100 62.687459944456315000 0
8.049377257502357000 15.486517617532163000 61.574144718771933000 0
46.373275646556493000 14.603448646958070000 -41.620410779137543000 0
-19.218764797253346000 -60.734382107750541000 -6.162297433393352900 0
-43.786351261777469000 46.588148555897298000 -2.880947294534134800 0
-34.135414110551658000 -29.383970221362013000 -45.468184453871274000 0
-34.628832386864005000 22.752143311197401000 48.776879177220984000 0
-46.710926928337507000 34.526721842327085000 -26.869960631122776000 0
-14.825345176150961000 39.299133448299173000 48.288583025605028000 0
32.366625910411386000 14.228976972031649000 -53.347331156346321000 0
-24.543462549679486000 39.911365640332505000 -43.597033600878930000 0
12.856605576067057000 -47.025859475275624000 -41.464156010620442000 0
58.346435459048095000 -1.208490843956004500 -26.272286141544846000 0
11.062790361468750000 16.654325143682279000 60.796777245399333000 0
-33.357287021851860000 50.838903321303931000 19.967406231879636000 0
-35.127433302699231000 45.201568683214575000 -28.616107669301432000 0
19.401269635062743000 59.462568173639944000 -13.557054353465377000 0
-21.853977444424700000 52.637012220183834000 -29.116122928556170000 0
-45.844190085879205000 33.197744166381369000 29.870052186651204000 1
53.647712047289218000 34.436340581884885000 -5.662282174138614900 0
-14.985319500636006000 -59.956966515175075000 -16.631366924039430000 0
-63.750945257843931000 -0.923011497517829630 -5.564622943815424000 0
-42.974582047402258000 -35.650743818748737000 -31.276345103305154000 0
-31.158465976295002000 52.158437924322747000 -20.115848261970886000 0
-58.660475345360460000 -24.900595122339077000 5.908383434553056400 0
51.349724534920547000 36.594872975191812000 -10.955412457655568000 0
4.282280343706606400 -1.067454979878900400 63.847651600695819000 0
-7.602991532464482600 -17.238403800005905000 -61.163975951414535000 0
-41.085004276845076000 47.474788784332340000 12.416394543290506000 0
42.647938767499603000 -47.184285071503602000 -7.127170628986480200 0
8.954617305626657100 58.753690970501111000 23.744865260780664000 0
59.312117613614618000 14.531456271730294000 -19.154881435590685000 0
-2.607118003786966100 -62.546985884244833000 -13.307046723838008000 0
36.008491066769921000 19.523719032838166000 49.175328836939606000 0
60.816981764855818000 -7.051793841862002300 18.643147068697164000 0
8.736170719921908300 -37.824059163352544000 50.882412182988986000 0
60.510054476352970000 -20.791561409646992000 -1.498092593157750200 0
0.304331610433301310 -61.634391707974871000 -17.236854152043215000 0
0.834781197798723730 -38.605150124886734000 -51.038666951506087000 0
51.726745907083043000 37.646884379390094000 1.748100222785119200 0
-48.661596541558247000 -11.482833509384882000 -39.952391125217446000 0
59.069022237496348000 1.994254421160403600 24.553483687856684000 0
-7.329764668052725100 33.288710075435510000 -54.167668691061131000 0
-41.985793664622115000 48.234595220086000000 2.572344126712851500 0
9.899769627994494700 57.858493344672851000 -25.502731406598102000 0
-56.227498757332086000 -23.133240741886038000 -19.983031708731346000 0
28.743722007454423000 -13.433718982204809000 55.581774346140932000 0
-10.700759265644258000 -63.012168361105253000 3.310647907956175500 0
28.422626037327962000 -57.233951387970635000 -3.525498214667195800 0
-36.516262767060915000 50.738550951865669000 13.717215491195409000 0
27.666387999156210000 57.555681620108167000 4.232551042207098200 0
2.967259670395814300 -43.066009529242656000 47.249488814966277000 0
-26.141182083282644000 39.036393212274525000 -43.460310678426467000 0
2.815933279920524800 59.956662903277511000 -22.209662160100102000 0
-4.297546382846638500 15.376750311986974000 -61.976500747703483000 0
-17.937171341091702000 56.760009992102695000 23.506576738792077000 0
20.978685241243070000 49.812532891792259000 -34.272530289620654000 0
52.006942160538081000 -25.149730319246515000 -27.545762504959256000 0
45.565278358704028000 26.768340768908903000 -36.100711081270788000 0
-27.616599760689379000 56.574382142690418000 11.517929624317148000 0
-49.602087897804452000 6.026310460853895100 -39.991454817346721000 0
40.341434249996581000 -32.594161095765692000 -37.499191259498886000 0
19.033074812024271000 -55.297399273652104000 25.998840296639912000 0
13.732378483717621000 2.830309807898109500 -62.445265053254801000 0
-9.836718931689578200 -2.565528803062046700 -63.187475203711053000 0
-61.248962186491909000 -11.957841648813295000 -14.197698904385510000 0
34.331751881831934000 53.108763996842072000 -9.838190862758262200 0
41.090466569237030000 5.292307492506312300 -48.780785546433911000 0
-58.669164888767135000 20.316380336269418000 15.529770805993834000 0
-21.475142478439686000 17.117435272200510000 57.808404797509688000 0
-7.316982605342334800 1.507334288272902600 -63.562486648152102000 0
-56.601585667302366000 -26.354306182909340000 -14.060975981933042000 0
0.438870701435178480 -15.807503272698456000 -62.015564439832758000 0
-55.689619466368669000 -14.433285570419255000 28.041871395001067000 0
53.232306971126626000 -29.646561933118662000 19.580675679799800000 0
44.230778374057437000 24.135694722362892000 39.460188604388563000 0
-12.974214238750641000 26.094450736222115000 56.980254524369030000 0
55.711500912616181000 13.174619646379945000 28.612201300088504000 0
57.723196888311115000 -10.575858368577416000 25.537888729514449000 1
-43.896164101503928000 -40.849942261864882000 22.369823297830134000 0
-9.848313883998049100 57.063967909045935000 -27.252784813989685000 0
-55.831529402717031000 -22.920273728429933000 -21.295571764275032000 0
37.981380518180977000 -40.388444970794389000 31.971678823206275000 0
-22.772502701022891000 -16.738113620824866000 -57.421674245429855000 0
11.849109338431093000 6.884831353994397500 -62.515579699087496000 0
6.986105363483890300 9.408915749179941600 -62.917935728019046000 0
-17.840848415676088000 61.376314027091681000 -3.263771477401043800 0
-42.263162800529912000 -23.670437994249074000 41.827448347422710000 0
4.363919869948639500 -52.836382024046550000 35.850703451643419000 0
57.406293805506891000 17.042592223372711000 22.584673604541155000 0
12.095003682216374000 12.448590343778564000 -61.601489303262426000 0
24.001262904318015000 58.139185438581372000 -11.822626422925504000 0
9.223063403038072000 46.894475657421552000 -42.565752128666034000 0
-14.075108567165730000 -54.404262763849943000 30.627887813959166000 0
-13.569434366297079000 19.963645909472053000 -59.273293252357554000 0
11.550512973011990000 20.630202205035943000 -59.472518082216865000 0
-21.108894677235906000 -60.404697731540928000 1.298867763298440400 0
50.113391662484958000 -30.391705370717737000 25.709768974883268000 0
58.987004374360325000 16.202717738396469000 -18.815027314065983000 0
-51.566189288152572000 -24.287070645250498000 29.104403820917387000 0
-40.490652821924982000 47.060877818938160000 -15.549302652058474000 0
62.979937170193509000 -5.253386647278722100 -10.096011230811488000 0
-49.007145445925751000 -25.195412632591687000 -32.549821466719564000 0
45.411687522521724000 10.097287746030064000 43.952513199255350000 0
59.641898033870113000 6.255704492541443800 22.354197820978424000 0
3.779836919793119400 8.112936730098111200 63.371074556718646000 0
29.401456126852747000 -53.886891682712950000 -18.104068117313151000 0
7.161913041127695200 56.831722675391497000 -28.545793023468732000 0
53.105236247416592000 -30.503251097483691000 -18.584551530503251000 0
31.859062374337746000 45.927952410895323000 -31.170873134556107000 0
-40.709704130880411000 -35.908402331614937000 -33.901425214392532000 0
-45.418886796123893000 34.373021319922032000 -29.182531205175938000 0
-2.329647836012553400 -53.193536457108863000 35.510849330118717000 0
-31.926560234720423000 -19.041187273789852000 52.097293008209476000 0
24.525110677604605000 59.054656641967291000 -2.658284249397259400 0
43.275860029032117000 7.329920883879818700 46.577593310342721000 0
-27.308355501443344000 -53.349487670967449000 22.451857051301616000 0
49.285388157143451000 -28.284027089837117000 -29.444257942442093000 0
49.306019771586222000 -40.481960728512973000 5.111484115115818100 0
-15.206726420254489000 -24.580298508788733000 57.101351969969784000 0
-44.557499605075535000 -32.448693754734862000 32.522476882229071000 0
14.517059167625813000 58.440586430002490000 21.678395947141940000 0
37.567898588532586000 -18.470404227235754000 -48.409680471205789000 0
10.637435873044453000 -22.205841530121365000 59.074068422498243000 0
-34.028021299812842000 11.615652163219861000 52.944975127414779000 0
39.540155397605311000 49.601295267107005000 -8.502212591937009700 0
-1.049994875553981400 53.027015129169115000 -35.819452497939999000 0
50.235654637269903000 16.660290850496295000 -35.983520004882962000 0
-23.641689400919606000 -29.570057826683502000 -51.601184118167666000 0
48.863220230611432000 41.212676938955632000 3.146580401013214300 0
-43.509434605260374000 -30.153601170523412000 35.967894528031252000 0
38.316625391451169000 28.236891205675633000 42.784508804589983000 0
-20.120338067704882000 -50.669650616603775000 33.522507400738547000 0
-51.566249193428732000 6.646577508080470800 37.319498275704213000 1
-11.881730042353881000 -8.931329151813015300 62.249946592608417000 0
9.113524038237942500 57.786127054275283000 -25.955870235297709000 0
13.190745964621165000 -12.358216580816896000 61.394451734977267000 0
42.063067674308662000 -17.898066952336638000 44.792382580034790000 0
37.741488392576059000 28.716724692272667000 -42.975920896023439000 0
-47.450705949706091000 -37.569772243831480000 20.807275612659076000 0
33.340830009759728000 32.459138449109524000 -43.940794091616567000 0
62.740965506867767000 -6.349746062499678900 10.920255134739220000 0
-59.731841194003209000 -4.699989441120691500 -22.494827112643819000 0
51.984620308348482000 -33.186116779765634000 -17.096224860377820000 0
50.896597880492784000 -35.788482531556880000 -14.990691854609821000 0
-54.237318390535876000 -19.448135454020374000 -27.858272041993470000 0
-32.981915449908918000 49.600562842943205000 -23.408917508468885000 0
57.835403014944262000 -17.001172826477781000 21.494796594134343000 0
-40.300648933703805000 48.169480803575240000 -12.310922574541459000 0
-1.598104150307054300 -62.065698550336414000 -15.533677175206764000 0
38.198239817868341000 -48.988042158829018000 15.396954252754295000 0
-57.347384349102683000 -6.855747497540179800 27.573107089449753000 0
-52.893197354344132000 -1.445659383250819300 -36.003051850947600000 0
-18.718906513263480000 -42.552172459001071000 43.987670522171697000 0
24.405726601705570000 -49.935962576598570000 31.729483932004761000 0
-4.626351089602118300 54.299908046796041000 -33.557664723654895000 0
-57.356123312940419000 -13.059343920612749000 -25.213660084841457000 0
-49.264520530419389000 -4.247295355302572500 -40.632099368266857000 0
-51.943489559622265000 25.445525264877318000 -27.393414105655079000 0
8.966086718913825100 -43.303017359043956000 46.265083773308511000 0
-23.754965472156616000 59.160367593325667000 -5.634937589648121300 0
-31.558539347946855000 -2.051300406691686900 -55.640369884334852000 0
-13.077062466002911000 62.284819848875024000 6.752159184545426700 0
5.185158404804989900 -27.620408122682814000 -57.499801629688406000 0
50.236603646372160000 -27.026637176650677000 -29.014557329020050000 0
-26.429512989573048000 57.372900959624836000 10.287423322244942000 0
-36.702505212966216000 -18.426652817230032000 49.085482345042266000 0
-40.673277581480207000 44.014176394841954000 22.459669789727471000 0
-44.877489934501654000 31.885152857245956000 -32.639667958616904000 0
-16.387015838476199000 37.173889341470748000 -49.452681051057468000 0
-30.416680680756304000 56.066803833522208000 5.228675191503646700 0
-51.321448181035699000 -0.054125876275010164 -38.237495040742211000 0
-59.417870373341565000 -23.610645173748701000 -2.837977233191931100 0
36.617024912693253000 26.800647321615347000 45.132236701559499000 0
21.662343065336991000 -51.025045384939524000 -31.987304300057986000 0
-63.847028137282507000 -4.334501622167115500 0.876979888302255260 0
23.951955028762345000 -9.980803063209339900 -58.503738517410810000 0
28.327908904635478000 21.795261442579310000 53.089510788293097000 0
58.274970244088180000 19.363689124737885000 -18.029847102267524000 0
18.572347069771912000 -56.996135812942150000 -22.416699728385264000 0
21.328504384056654000 -18.470353410694482000 57.445112460707421000 0
-19.111386711292379000 33.701166601793197000 -50.941007721182899000 1
-60.502785170368860000 13.580689973675902000 15.842280343028046000 0
-40.158517787683358000 -43.390317466373688000 -24.506607257301553000 0
11.352668236272743000 -55.095363279401205000 30.522415845210119000 0
9.349365721127288300 56.665949604950470000 -28.241096224860378000 0
-36.432428654975290000 -50.417872604248799000 15.057100131229591000 0
53.769807511967905000 19.741389634811238000 28.549699392681660000 0
-34.661049149123819000 46.411475462256440000 27.213721121860409000 0
-38.278815964857614000 -48.888071582287019000 -15.514145329142124000 0
-6.280633738976020700 53.693743699668808000 34.256904812768944000 0
53.335910352679363000 -11.280968335074716000 33.526413769951475000 0
35.876298669102169000 39.402827210879380000 35.444441053498949000 0
21.153972340375656000 -0.742616371635895780 -60.398327585680718000 0
13.790789901335375000 5.968262949979527200 -62.210882900479142000 0
-8.577681741627385400 63.405249523903173000 -1.482467116306039700 0
33.846706806357624000 11.448784767974379000 53.097323526718952000 0
-48.339943145759641000 15.258441203040125000 39.069551683095796000 0
37.411440034206947000 3.619639123463058300 -51.800408948026977000 0
1 2 552
2 901 572
2 902 63
3 4 14
3 5 55
4 6 23
5 6 41
6 7 44
6 8 22
7 9 17
8 9 61
9 10 64
9 11 31
10 12 11
11 12 55
12 13 23
12 14 35
13 15 34
14 15 50
15 16 19
15 17 31
16 18 59
17 18 20
18 19 22
18 20 41
19 21 49
20 21 29
21 22 41
21 23 3
22 24 24
23 24 13
24 25 15
24 26 48
25 27 51
26 27 25
27 28 51
27 29 65
28 30 17
29 30 29
30 31 65
30 32 64
31 33 62
32 33 26
33 34 33
33 35 56
34 36 3
35 36 28
36 37 33
36 38 37
37 39 18
38 39 5
39 40 15
39 41 7
40 42 36
41 42 45
42 43 8
42 44 35
43 45 16
44 45 49
45 46 24
45 47 23
46 48 49
47 48 61
48 49 49
48 50 53
49 51 25
50 51 36
51 52 10
51 53 38
52 54 11
53 54 18
54 55 52
54 56 55
55 57 53
56 57 35
57 58 2
57 59 42
58 60 37
59 60 65
60 61 44
60 62 35
61 63 58
62 63 33
63 64 23
63 65 53
64 66 47
65 66 56
66 67 33
66 68 7
67 69 66
68 69 46
69 70 22
69 71 45
70 72 48
71 72 29
72 73 60
72 74 60
73 75 38
74 75 19
75 76 8
75 77 56
76 78 34
77 78 44
78 79 28
78 80 62
79 81 40
80 81 62
81 82 51
81 83 4
82 84 39
83 84 51
84 85 53
84 86 56
85 87 9
86 87 21
87 88 2
87 89 27
88 90 24
89 90 9
90 91 21
90 92 5
91 93 16
92 93 46
93 94 29
93 95 24
94 96 9
95 96 42
96 97 9
96 98 41
97 99 51
98 99 1
99 100 43
99 101 25
100 102 23
101 102 55
102 103 6
102 104 25
103 105 22
104 105 41
105 106 11
105 107 35
106 108 66
107 108 7
108 109 55
108 110 26
109 111 31
110 111 52
111 112 40
111 113 61
112 114 43
113 114 58
114 115 45
114 116 47
115 117 48
116 117 4
117 118 42
117 119 10
118 120 14
119 120 23
120 121 12
120 122 20
121 123 50
122 123 49
123 124 53
123 125 60
124 126 53
125 126 64
126 127 1
126 128 49
127 129 45
128 129 54
129 130 31
129 131 35
130 132 63
131 132 29
132 133 28
132 134 13
133 135 21
134 135 44
135 136 40
135 137 59
136 138 14
137 138 38
138 139 11
138 140 16
139 141 40
140 141 31
141 142 6
141 143 43
142 144 54
143 144 42
144 145 40
144 146 53
145 147 27
146 147 38
147 148 1
147 149 20
148 150 26
149 150 44
150 151 40
150 152 14
151 153 39
152 153 61
153 154 10
153 155 20
154 156 28
155 156 28
156 157 51
156 158 61
157 159 61
158 159 56
159 160 49
159 161 24
160 162 32
161 162 63
162 163 32
162 164 25
163 165 54
164 165 40
165 166 64
165 167 65
166 168 24
167 168 47
168 169 60
168 170 27
169 171 9
170 171 65
171 172 9
171 173 7
172 174 8
173 174 63
174 175 1
174 176 6
175 177 30
176 177 23
177 178 6
177 179 6
178 180 13
179 180 11
180 181 35
180 182 65
181 183 21
182 183 34
183 184 12
183 185 22
184 186 65
185 186 54
186 187 18
186 188 12
187 189 58
188 189 31
189 190 56
189 191 48
190 192 10
191 192 65
192 193 1
192 194 62
193 195 27
194 195 58
195 196 28
195 197 44
196 198 39
197 198 25
198 199 41
198 200 60
199 201 51
200 201 59
201 202 15
201 203 60
202 204 53
203 204 54
204 205 55
204 206 43
205 207 9
206 207 49
207 208 23
207 209 28
208 210 30
209 210 15
210 211 19
210 212 31
211 213 42
212 213 19
213 214 9
213 215 50
214 216 32
215 216 51
216 217 27
216 218 36
217 219 10
218 219 27
219 220 7
219 221 43
220 222 61
221 222 25
222 223 51
222 224 28
223 225 46
224 225 27
225 226 27
225 227 41
226 228 39
227 228 47
228 229 40
228 230 8
229 231 30
230 231 38
231 232 64
231 233 27
232 234 43
233 234 13
234 235 52
234 236 40
235 237 5
236 237 32
237 238 21
237 239 19
238 240 52
239 240 3
240 241 51
240 242 52
241 243 36
242 243 18
243 244 3
243 245 11
244 246 10
245 246 52
246 247 4
246 248 43
247 249 6
248 249 40
249 250 15
249 251 36
250 252 61
251 252 60
252 253 36
252 254 66
253 255 66
254 255 7
255 256 11
255 257 51
256 258 18
257 258 19
258 259 37
258 260 52
259 261 12
260 261 14
261 262 63
261 263 5
262 264 5
263 264 33
264 265 14
264 266 54
265 267 46
266 267 37
267 268 24
267 269 45
268 270 25
269 270 60
270 271 52
270 272 1
271 273 13
272 273 45
273 274 38
273 275 35
274 276 57
275 276 55
276 277 59
276 278 43
277 279 66
278 279 37
279 280 16
279 281 54
280 282 15
281 282 20
282 283 32
282 284 30
283 285 24
284 285 16
285 286 28
285 287 66
286 288 58
287 288 56
288 289 2
288 290 14
289 291 20
290 291 19
291 292 16
291 293 26
292 294 32
293 294 62
294 295 47
294 296 29
295 297 63
296 297 11
297 298 30
297 299 31
298 300 62
299 300 23
300 301 18
300 302 41
301 303 34
302 303 52
303 304 2
303 305 62
304 306 5
305 306 53
306 307 1
306 308 41
307 309 24
308 309 15
309 310 64
309 311 18
310 312 41
311 312 1
312 313 49
312 314 48
313 315 23
314 315 63
315 316 29
315 317 28
316 318 11
317 318 38
318 319 6
318 320 31
319 321 3
320 321 12
321 322 19
321 323 62
322 324 46
323 324 44
324 325 28
324 326 3
325 327 20
326 327 59
327 328 9
327 329 62
328 330 4
329 330 14
330 331 51
330 332 17
331 333 20
332 333 11
333 334 32
333 335 2
334 336 25
335 336 24
336 337 44
336 338 33
337 339 23
338 339 17
339 340 65
339 341 58
340 342 65
341 342 57
342 343 33
342 344 39
343 345 66
344 345 42
345 346 30
345 347 1
346 348 25
347 348 35
348 349 2
348 350 8
349 351 37
350 351 56
351 352 32
351 353 62
352 354 32
353 354 48
354 355 57
354 356 26
355 357 14
356 357 1
357 358 63
357 359 11
358 360 22
359 360 60
360 361 50
360 362 2
361 363 53
362 363 57
363 364 38
363 365 12
364 366 65
365 366 58
366 367 15
366 368 26
367 369 57
368 369 34
369 370 51
369 371 5
370 372 56
371 372 53
372 373 9
372 374 15
373 375 16
374 375 48
375 376 15
375 377 10
376 378 36
377 378 47
378 379 40
378 380 48
379 381 59
380 381 16
381 382 18
381 383 61
382 384 63
383 384 18
384 385 44
384 386 40
385 387 64
386 387 38
387 388 7
387 389 1
388 390 46
389 390 5
390 391 6
390 392 28
391 393 46
392 393 8
393 394 66
393 395 59
394 396 13
395 396 42
396 397 5
396 398 6
397 399 31
398 399 24
399 400 26
399 401 56
400 402 16
401 402 32
402 403 12
402 404 39
403 405 5
404 405 63
405 406 57
405 407 35
406 408 57
407 408 16
408 409 13
408 410 20
409 411 48
410 411 33
411 412 4
411 413 23
412 414 12
413 414 16
414 415 31
414 416 27
415 417 20
416 417 17
417 418 35
417 419 41
418 420 60
419 420 18
420 421 31
420 422 38
421 423 52
422 423 33
423 424 56
423 425 16
424 426 18
425 426 51
426 427 57
426 428 54
427 429 9
428 429 35
429 430 63
429 431 44
430 432 6
431 432 52
432 433 30
432 434 62
433 435 26
434 435 35
435 436 47
435 437 12
436 438 36
437 438 16
438 439 44
438 440 36
439 441 22
440 441 15
441 442 47
441 443 6
442 444 39
443 444 8
444 445 46
444 446 49
445 447 17
446 447 50
447 448 36
447 449 31
448 450 65
449 450 30
450 451 21
450 452 38
451 453 32
452 453 28
453 454 56
453 455 30
454 456 50
455 456 53
456 457 10
456 458 55
457 459 47
458 459 11
459 460 19
459 461 29
460 462 48
461 462 26
462 463 7
462 464 4
463 465 2
464 465 47
465 466 13
465 467 26
466 468 24
467 468 58
468 469 5
468 470 25
469 471 48
470 471 50
471 472 19
471 473 5
472 474 47
473 474 51
474 475 7
474 476 32
475 477 49
476 477 42
477 478 59
477 479 41
478 480 31
479 480 25
480 481 34
480 482 12
481 483 52
482 483 65
483 484 4
483 485 29
484 486 54
485 486 40
486 487 29
486 488 22
487 489 7
488 489 47
489 490 58
489 491 6
490 492 23
491 492 31
492 493 27
492 494 5
493 495 49
494 495 30
495 496 64
495 497 12
496 498 7
497 498 45
498 499 14
498 500 22
499 501 29
500 501 50
501 502 26
501 503 1
502 504 57
503 504 13
504 505 45
504 506 12
505 507 55
506 507 34
507 508 38
507 509 18
508 510 18
509 510 66
510 511 29
510 512 13
511 513 54
512 513 5
513 514 14
513 515 59
514 516 55
515 516 44
516 517 14
516 518 22
517 519 59
518 519 52
519 520 52
519 521 26
520 522 19
521 522 21
522 523 50
522 524 62
523 525 38
524 525 47
525 526 30
525 527 46
526 528 48
527 528 43
528 529 36
528 530 3
529 531 50
530 531 57
531 532 53
531 533 10
532 534 55
533 534 26
534 535 3
534 536 17
535 537 45
536 537 3
537 538 42
537 539 16
538 540 45
539 540 19
540 541 25
540 542 54
541 543 54
542 543 25
543 544 20
543 545 18
544 546 64
545 546 57
546 547 2
546 548 44
547 549 61
548 549 27
549 550 52
549 551 36
550 552 49
551 552 12
552 553 13
552 554 2
553 555 31
554 555 3
555 556 47
555 557 43
556 558 5
557 558 45
558 559 11
558 560 5
559 561 35
560 561 4
561 562 53
561 563 60
562 564 23
563 564 56
564 565 36
564 566 59
565 567 64
566 567 20
567 568 3
567 569 8
568 570 15
569 570 8
570 571 3
570 572 30
571 573 59
572 573 28
573 574 10
573 575 17
574 576 55
575 576 54
576 577 9
576 578 14
577 579 3
578 579 64
579 580 21
579 581 12
580 582 32
581 582 20
582 583 2
582 584 56
583 585 58
584 585 17
585 586 7
585 587 50
586 588 55
587 588 39
588 589 21
588 590 65
589 591 3
590 591 24
591 592 7
591 593 22
592 594 9
593 594 37
594 595 13
594 596 57
595 597 21
596 597 20
597 598 27
597 599 8
598 600 21
599 600 42
600 601 34
600 602 10
601 603 44
602 603 56
603 604 27
603 605 2
604 606 9
605 606 39
606 607 9
606 608 6
607 609 20
608 609 59
609 610 66
609 611 1
610 612 39
611 612 26
612 613 42
612 614 12
613 615 22
614 615 37
615 616 45
615 617 19
616 618 45
617 618 28
618 619 37
618 620 42
619 621 26
620 621 34
621 622 55
621 623 66
622 624 46
623 624 41
624 625 24
624 626 50
625 627 33
626 627 58
627 628 35
627 629 39
628 630 23
629 630 4
630 631 34
630 632 43
631 633 32
632 633 37
633 634 18
633 635 27
634 636 37
635 636 9
636 637 50
636 638 37
637 639 8
638 639 1
639 640 2
639 641 23
640 642 54
641 642 29
642 643 13
642 644 39
643 645 49
644 645 46
645 646 53
645 647 38
646 648 4
647 648 8
648 649 37
648 650 14
649 651 62
650 651 57
651 652 12
651 653 56
652 654 8
653 654 37
654 655 38
654 656 34
655 657 46
656 657 40
657 658 54
657 659 4
658 660 39
659 660 23
660 661 44
660 662 6
661 663 30
662 663 17
663 664 43
663 665 19
664 666 48
665 666 57
666 667 32
666 668 28
667 669 3
668 669 28
669 670 59
669 671 58
670 672 58
671 672 52
672 673 15
672 674 16
673 675 51
674 675 21
675 676 11
675 677 51
676 678 42
677 678 14
678 679 35
678 680 25
679 681 43
680 681 8
681 682 43
681 683 9
682 684 22
683 684 46
684 685 42
684 686 43
685 687 26
686 687 51
687 688 13
687 689 31
688 690 64
689 690 44
690 691 66
690 692 34
691 693 33
692 693 30
693 694 1
693 695 42
694 696 46
695 696 32
696 697 4
696 698 36
697 699 59
698 699 56
699 700 40
699 701 39
700 702 50
701 702 42
702 703 64
702 704 1
703 705 18
704 705 6
705 706 30
705 707 40
706 708 54
707 708 29
708 709 11
708 710 10
709 711 60
710 711 64
711 712 22
711 713 46
712 714 20
713 714 25
714 715 36
714 716 36
715 717 34
716 717 57
717 718 54
717 719 56
718 720 17
719 720 47
720 721 59
720 722 62
721 723 29
722 723 15
723 724 6
723 725 65
724 726 61
725 726 12
726 727 13
726 728 61
727 729 66
728 729 2
729 730 24
729 731 8
730 732 6
731 732 46
732 733 17
732 734 17
733 735 37
734 735 61
735 736 66
735 737 66
736 738 60
737 738 22
738 739 1
738 740 65
739 741 62
740 741 46
741 742 6
741 743 34
742 744 8
743 744 62
744 745 15
744 746 4
745 747 14
746 747 64
747 748 2
747 749 18
748 750 7
749 750 61
750 751 3
750 752 33
751 753 48
752 753 63
753 754 4
753 755 14
754 756 2
755 756 65
756 757 48
756 758 9
757 759 24
758 759 33
759 760 39
759 761 29
760 762 60
761 762 63
762 763 37
762 764 45
763 765 33
764 765 50
765 766 62
765 767 17
766 768 53
767 768 36
768 769 50
768 770 10
769 771 52
770 771 22
771 772 10
771 773 33
772 774 8
773 774 49
774 775 54
774 776 27
775 777 42
776 777 3
777 778 13
777 779 47
778 780 8
779 780 17
780 781 66
780 782 17
781 783 62
782 783 57
783 784 41
783 785 16
784 786 24
785 786 32
786 787 10
786 788 38
787 789 4
788 789 34
789 790 30
789 791 45
790 792 29
791 792 50
792 793 37
792 794 12
793 795 4
794 795 48
795 796 19
795 797 30
796 798 3
797 798 19
798 799 22
798 800 55
799 801 21
800 801 17
801 802 11
801 803 7
802 804 49
803 804 16
804 805 40
804 806 25
805 807 1
806 807 5
807 808 63
807 809 21
808 810 66
809 810 45
810 811 1
810 812 55
811 813 35
812 813 7
813 814 55
813 815 64
814 816 4
815 816 17
816 817 60
816 818 13
817 819 58
818 819 58
819 820 37
819 821 36
820 822 14
821 822 39
822 823 61
822 824 63
823 825 33
824 825 27
825 826 35
825 827 63
826 828 64
827 828 15
828 829 24
828 830 26
829 831 60
830 831 4
831 832 7
831 833 10
832 834 41
833 834 13
834 835 60
834 836 3
835 837 7
836 837 44
837 838 20
837 839 16
838 840 34
839 840 45
840 841 19
840 842 2
841 843 59
842 843 46
843 844 2
843 845 61
844 846 11
845 846 8
846 847 6
846 848 33
847 849 30
848 849 34
849 850 43
849 851 33
850 852 40
851 852 10
852 853 52
852 854 58
853 855 41
854 855 49
855 856 19
855 857 41
856 858 61
857 858 32
858 859 10
858 860 48
859 861 65
860 861 44
861 862 21
861 863 59
862 864 42
863 864 11
864 865 48
864 866 39
865 867 49
866 867 18
867 868 57
867 869 9
868 870 61
869 870 53
870 871 28
870 872 63
871 873 43
872 873 55
873 874 57
873 875 53
874 876 23
875 876 63
876 877 21
876 878 43
877 879 27
878 879 64
879 880 25
879 881 20
880 882 4
881 882 26
882 883 21
882 884 60
883 885 15
884 885 38
885 886 22
885 887 34
886 888 10
887 888 21
888 889 5
888 890 47
889 891 39
890 891 58
891 892 41
891 893 50
892 894 7
893 894 15
894 895 45
894 896 2
895 897 29
896 897 58
897 898 31
897 899 66
898 900 38
899 900 63
900 901 5
900 902 47
3 1
