523 1100 244.240 121
-25.121157506704865000 12.982283344411981000 6.433332316049684300 0
26.414308608777493000 1.216467268719411600 11.908169804986724000 0
20.011520410543493000 -14.587938569028319000 -15.090762047181615000 0
-1.195997734486224300 9.692769989584864000 -27.306039613025298000 0
-21.305732150255029000 -15.565826346709871000 -12.032074953459272000 0
5.221586508989214600 23.425329830603864000 -16.278481398968474000 0
25.729205437948568000 -0.582271715509547480 13.366710409863582000 0
25.230810416436938000 -8.604573884087518100 -11.417859431745354000 0
15.313441216253635000 -16.472789477770501000 -18.306985686819058000 0
18.270980929579732000 21.945114306177157000 -5.057985168004394800 0
14.677574699024605000 0.766232292532537220 24.999633777886288000 0
-21.178060073845433000 -6.760820834272001500 18.622058778649251000 0
21.042340498481206000 19.851082723680619000 -2.038239692373424300 0
-26.357565150840824000 7.630102240316525700 -9.384044923245948400 0
26.936281352036556000 -2.950674124463214600 -10.331034272286141000 0
-2.005279783432769100 8.485173266922679100 27.658284249397258000 0
-18.593625765227205000 19.392243289603282000 -10.918698690755944000 0
2.554342591309060900 26.204282943763332000 -12.157750175481430000 0
6.840014500516463000 -21.493686422945956000 18.227332377086704000 0
19.482466174900605000 17.754177576179238000 -12.092257454145939000 0
-22.835603341359178000 -13.424121911513987000 -11.803735465559861000 0
-7.921220002840948700 26.639717049517134000 -8.281289101840265200 0
-7.977721167414311600 25.160550602969863000 12.012604144413586000 0
7.573888764013605400 -5.367003834712321000 -27.474196600238045000 0
13.447020402493777000 10.582000537057008000 23.413647877437668000 0
7.626602563964162600 15.247256365926416000 -23.459669789727471000 0
23.710708729115272000 5.895943751353352800 15.621784112063967000 0
5.812003034311670600 14.502598112890153000 24.431440168462174000 0
-2.075706430531423700 -21.970146526535707000 -18.814996795556503000 0
-3.780359925547990500 -27.045608373196981000 -9.759300515762809900 0
-13.890532762705941000 -25.268047767373663000 -3.094973601489303200 0
-9.350914711646982600 -9.827717784605924900 -25.631550035096286000 0
-24.772987107484877000 15.040043347802161000 -1.046998504593035700 0
-9.008410909053184300 13.712261552061038000 -23.912808618427075000 0
21.400530940840078000 -8.198850720768241700 -17.770653401287881000 0
20.760599048489912000 0.521609777756300570 20.241676076540422000 0
-27.572305457826392000 -7.479901273574071800 -4.981872005371258200 0
8.274509680511908300 -26.726711067291781000 7.629902035584582800 0
-7.136520566019505000 12.858999343918835000 24.994323557237465000 0
16.136988852715884000 -12.930947644178380000 -20.331949827570419000 0
20.446521367076699000 -10.504472352689739000 17.680379650257880000 0
-3.369897120615211500 -27.397230459939184000 8.890194402905361700 0
-7.704765713155043500 26.968462993241864000 7.371471297341837900 0
27.685254836429937000 -8.630938618988562200 -0.183202612384411160 0
-9.311678003978695300 16.938725721928400000 21.618793298135319000 0
-2.857621565671387900 -28.605301273784342000 3.817163609729301100 0
2.542153315807457800 3.510214404110194600 -28.674306466872157000 0
13.909251007166642000 -25.400078196750510000 -1.539078951384014400 0
-11.082533376140594000 -26.794649778639219000 -0.473494674520096470 0
12.852261759774837000 7.222500216941252700 24.973082674642168000 0
-24.629082351339779000 -13.553116695322002000 -7.121890926847132000 0
-7.310512169091245100 -21.787844605165109000 -17.687459944456311000 0
23.229054503014364000 -16.628400918020787000 4.990722373119297100 0
4.720967519827266500 2.303123813142444700 -28.520310068056276000 0
1.433062706544411000 -28.419182667842133000 5.594317453535569300 0
-13.281844054005399000 7.766787425485534700 24.581896420178840000 0
-7.088399417652251300 26.762795999918193000 8.631763664662617700 0
28.733745840654251000 1.047324470538065500 -3.778221991637928000 0
16.091616132434503000 12.489178800408082000 -20.641712698751792000 0
-8.386423245428330700 21.298176331176613000 17.806054872280036000 0
-14.916675239763730000 -23.998172139034374000 -6.525376140629290900 0
1.537671555893174800 -8.385831336885383200 -27.718466750083927000 0
-13.504221992601092000 -23.792180011591224000 -9.621234778893399000 0
-21.590361385973466000 -13.461686885170057000 13.915433210242012000 0
28.940169033521411000 -1.817028335270723700 -0.406231879634998630 0
21.004050371636794000 16.930474623922933000 10.639027069917905000 0
19.935376255250087000 19.296813085284242000 8.438825647755363600 0
-19.857439788980361000 19.373147781506962000 -8.447676015503402500 0
-0.783525233078996910 -28.921121165701653000 1.988677632984404900 0
-20.806221792168735000 20.182310520874530000 -0.880611590929899050 0
-18.285342711708775000 12.693171763155325000 -18.588427381206703000 0
-13.825467605301656000 13.924574750287583000 -21.353282265694141000 0
4.092051761475232800 -7.479419322774949900 27.718466750083927000 0
16.999783739290425000 14.371622140352635000 18.586657307657095000 1
23.954888686040192000 -6.520754016023217600 -14.988097781304360000 0
17.457784610205081000 21.643365767469998000 8.233497116000853200 0
17.183492011165477000 21.244891892059456000 -9.715048677022615200 0
23.502643958440675000 11.628005409934339000 12.386089663380840000 0
-8.905430208930582100 -8.718288410274256600 -26.185583056123537000 0
16.922110769704698000 1.241763237756978500 23.518082216864528000 0
3.925299937195505500 -28.340146748665244000 -4.735831781975767800 0
24.729970022331550000 -2.373534629559701100 -14.959776604510635000 0
19.238305263947275000 21.416352119909231000 3.496780297250282400 0
-13.448843693180503000 -12.925960312129105000 22.204687643055514000 0
10.004466499418056000 -22.583548366774039000 15.195196386608478000 0
11.916939520305331000 -11.517528586875649000 -23.797753837702565000 0
0.781907561858250060 28.759556622029571000 -3.643696401867733100 0
14.480665199518043000 7.630032208050889300 -23.939359721671192000 0
7.830263460234204100 -16.806659488461811000 -22.298501541184731000 0
22.157041943593750000 9.432961718972162400 -16.158116397595144000 0
-18.967873087712473000 0.598510532535381450 -21.928556169316693000 0
-2.706869353552574100 -26.991586691664679000 -10.253151036103397000 0
9.340789795001429100 -14.814495736291407000 -23.114505447553942000 0
-2.623102619627335900 -26.829751261627546000 10.690359202856532000 0
-10.938143535364722000 -5.452207843461311000 -26.298867763298439000 0
-22.171093932267190000 -18.471726869999532000 2.870174260689108100 0
4.882243946501613000 5.970339838675519300 27.955656605731377000 0
12.199548438265722000 26.237322779835235000 1.942655720694601100 0
-5.419262950691081200 9.252110521080698600 26.944944608905303000 0
-17.318863977723176000 9.298062139158014700 21.321420941801200000 0
-28.777774976406835000 -1.787443159571453900 3.105594042786949900 0
-11.571135940712384000 -14.638867958250534000 22.199377422406691000 0
-24.958451500028453000 13.765557015437267000 -5.346507156590472000 0
1.892573368098128900 27.857764855397232000 7.833460493789482700 0
7.168603501667437400 20.381637880867554000 -19.344248786889249000 0
3.442103518212101100 -15.386543113555687000 -24.339396343882566000 0
-25.580914547665934000 -2.591413235914974000 -13.412732322153387000 0
4.582005174104369700 -26.086583901950938000 11.810815759758293000 0
-19.374092595057917000 2.504757221316927600 21.432935575426495000 0
1.304500533641706200 -5.579601844910929000 -28.428266243476667000 0
3.305334027406873400 28.808002379717330000 0.416852320932645680 0
-7.896395202810355200 22.582226345569271000 16.391766106143375000 0
17.381770174444455000 -20.755391879549997000 10.396526993621633000 0
26.128055397971565000 12.548679163839827000 0.924863429670094940 0
-6.072747031182011300 -4.530266619587162100 27.992828150273141000 0
7.180316398927074000 13.256633752630325000 24.773064363536484000 0
6.610996895610335300 -6.272768650664172400 27.530838953825494000 0
-6.954814338414805300 -9.805628132811481400 26.390911587878048000 0
5.877012538911587900 27.925080992662657000 -5.162419507431256900 0
20.656099709244128000 -2.367002210937284800 -20.216895046845909000 0
-7.043476212797191500 -2.389259288657565000 -28.029999694814904000 0
15.505597639894312000 11.708940513112541000 21.528519547105319000 0
28.514965307303228000 -4.291415628874083200 -3.079042939542832700 0
-14.877881006792970000 15.714762863819180000 -19.305307168797874000 0
-26.683160429815569000 9.997433017079231400 5.390758995330667600 0
12.591648459658950000 19.643204816063673000 17.221930600909452000 0
-17.723225816455884000 3.686512598682228200 22.656056398205511000 0
-21.529559884209352000 12.706398318713918000 -14.697805719168677000 0
-14.229594011245968000 19.023110351960600000 16.632496108890042000 0
20.551977353946857000 -8.471671955810194300 -18.623828852198859000 0
7.968765209352111100 -1.516940374797948900 -27.842371898556475000 0
-11.256964206459884000 -20.816478693150327000 -16.761711478011414000 0
-12.936965365730233000 -14.404389633145438000 21.590472121341595000 0
6.357855973488995000 -27.991633253198319000 -4.128696554460280100 0
10.629413666018880000 6.266439674268666800 -26.243995483260598000 0
14.324783147068452000 -25.086374899864129000 2.544480727561266000 0
18.049885531299260000 20.540613905100823000 -9.658406323435164300 0
0.271497319912705650 -17.318051342409390000 -23.259651478621784000 0
26.424326349979673000 -2.153135587268786300 11.752403332621235000 0
27.853524067560393000 3.013321250790901700 7.490066225165562300 0
0.593752660549784820 -5.510563429862894000 -28.465437788018431000 0
-8.410776031589289700 -20.807955177343601000 -18.365398113956115000 0
-4.800625797685051500 13.104627484520684000 25.420911282692952000 0
-8.279117174666518900 -16.516140518196838000 -22.353373821222572000 0
-10.085212991840597000 -25.991802811974832000 -7.982146671956542100 0
28.310293714944564000 -5.767010524382356200 2.503769035920285500 0
-17.087266872662791000 -17.766547194899559000 15.276619769890440000 0
19.566052457357202000 20.607202005292940000 -5.789025543992431200 0
12.399656916077920000 14.680043722012126000 21.719687490462967000 0
14.563868575380489000 -24.957549666502487000 -2.452436902981658400 0
-16.185109672533184000 -16.591297894288655000 -17.429029206213571000 0
-3.882224573400475900 -24.848194753782330000 -14.439374980925932000 0
16.966997614532993000 -23.211903811477285000 3.785302285836360100 0
-18.730116400255646000 18.864382264867096000 -11.589556566057315000 0
11.293114436551679000 -25.505679126175117000 -7.932584612567522300 0
-20.114152698708381000 -20.785743919213186000 2.091341898861659700 0
17.011991144739202000 22.095613508210850000 7.960905789361248700 0
20.277592415956381000 18.493007853291193000 -9.371654408398693900 0
24.566868238204449000 -11.700476368165985000 10.028351695303201000 0
2.797240376968752200 16.443090607478950000 -23.723410748619035000 0
-19.201404141555095000 -15.935268546272521000 -14.777459028901028000 0
-1.027912934552047000 27.442211785505616000 9.320322275460068100 1
19.704665206270327000 -10.489060557628534000 -18.512314218573565000 0
14.337681028053490000 22.170041228939233000 11.996673482467116000 0
-24.401717036665715000 14.332187028300291000 -6.335978270821253300 0
-24.253040222099283000 1.081982413289566100 -15.862514114810633000 0
-7.903149437189442800 -6.016934367888560500 -27.245857112338633000 0
24.875499785478485000 0.023849821871426355 -14.906674398022401000 0
-0.708562901676230710 13.560401509991449000 25.624469740897855000 0
-11.622880577470839000 -1.170673654632926600 -26.543137913144321000 0
8.397071608187287600 -7.109937786285333200 -26.831659901730401000 0
-19.637679691060267000 -2.313271674597353400 21.213446455275122000 0
21.731854077450887000 -10.514321235419997000 16.067842646565143000 0
23.973353950750003000 16.172498147747589000 -2.174535355693228300 0
-12.797722378476688000 -25.348119208792280000 -5.889919736320077700 0
-23.109534610058496000 -16.748118962805425000 -5.142948698385571200 0
-13.297451293004574000 0.116020307465596630 -25.771385845515304000 0
9.047933683700808400 -26.736262762916525000 6.656361583300271600 0
-17.659641082963674000 22.968671586281239000 1.255867183446760300 0
3.536447608867512300 -18.897965227523269000 21.710837122714928000 0
17.635824662751912000 22.088545802055410000 6.486434522537919600 0
-8.187371133782241000 9.420489354542198200 26.176732688375498000 0
6.523650568815759800 -3.030634948792603600 28.093722342600788000 0
-6.817409383278831400 4.730517334458108200 -27.787499618518630000 0
-25.723168608372358000 -13.305896879527779000 -1.507217627491073400 0
-10.459980934741463000 -11.202244926500796000 24.619067964720603000 0
5.785781388165587700 -27.622977169111472000 6.670522171697134800 0
-16.521320055523766000 10.026000199782571000 -21.622333445234535000 0
20.975615061275018000 20.017435014016510000 0.570848719748527470 0
10.888700902695687000 21.087351341368084000 16.666127506332590000 0
25.771338144985030000 6.492364470474564400 11.605487228003785000 0
0.716001033781826560 -21.117607043428183000 19.862880336924345000 0
-18.712625715598666000 13.360094636604343000 -17.673299356059449000 0
-28.889939573993455000 -2.245331699753106800 1.153202917569506000 0
-23.371905777922386000 -13.463417583386770000 -10.653187658314767000 0
-19.241555168070779000 10.976277358954894000 -18.715872676778467000 0
-16.363538871647251000 -23.935927450249487000 0.553147984252449040 0
18.138542325817888000 -5.264020040481865300 22.006439405499435000 0
-9.948849560494716500 -21.531632573506581000 16.685598315378275000 0
24.014579248258705000 14.766159883354744000 6.801507614368114600 0
-5.388929181108778700 -10.854167971067779000 26.346659749137853000 0
25.328387913357179000 13.407939574648847000 4.438459425641651600 0
2.092901878420676500 25.579065438652677000 -13.503006073183386000 0
-25.918993738305979000 10.195883053592256000 -8.077730643635366200 0
-20.184110266485767000 17.361131688628525000 11.497512741477706000 0
11.860760843055660000 -26.095336657818493000 4.399517807550278500 0
-13.728100681408463000 -25.339655692597965000 -3.231269264809106800 0
25.899837133731740000 7.629650723443776700 10.582384716330454000 0
20.718403065758974000 2.595792304171428800 20.124851222266305000 0
8.960387451125962200 27.552067443195874000 1.262947477645191700 0
-24.904385630696716000 13.021907564721035000 -7.155522324289681700 0
23.701601723095411000 -16.081926019317144000 -4.539353617969298100 0
19.975660155108745000 -7.727730360032913000 19.551347392193367000 0
-11.091179957508963000 -23.847596278677130000 -12.217932676168097000 0
24.970491813004021000 14.425765925122359000 -3.061342204046754400 0
-21.713356734555262000 -18.402932881606301000 5.555375835444197100 0
10.054900304913389000 6.372841932891349300 26.444013794366281000 0
19.675458785855415000 19.177203888439468000 9.279610583819087200 0
17.898956373096848000 22.604195084490691000 -3.110904263435773800 0
13.171557591780125000 15.041390248658457000 -21.006347849971007000 0
6.545472222464630000 1.849325682653503800 28.191076387829220000 0
-14.870158545754416000 11.820119635514477000 -21.912625507370219000 0
-17.296281310357447000 16.745465113504935000 16.168736838892791000 0
2.726452078039694400 24.595248618806067000 15.120853297524947000 0
-2.158018552438475200 -8.821052676076396500 27.541459395123141000 0
-20.152715738982483000 -11.712160883431865000 17.253791924802393000 0
13.242862965586827000 -19.279736005212730000 17.144047364726706000 0
-13.153715512364045000 1.592966655684104700 25.796166875209817000 0
-11.461900403281607000 -15.696378545218289000 -21.523209326456495000 0
18.684499601646039000 -22.172412730445043000 -0.523056733909115890 0
-24.907266116760077000 -3.555756817837886400 -14.421674245429854000 0
11.936611438678327000 -4.638829535797521300 -26.019196142460402000 0
21.590289479857809000 0.207006968047859980 19.360179448835719000 0
18.239373118265767000 -7.355243284806249400 21.312570574053161000 0
-17.477639486204524000 -5.820522552695921400 22.397625659962767000 0
-26.789122048532114000 10.520378330566428000 3.558732871486556300 0
21.249512464680208000 9.492808551552126800 17.301583910641806000 0
11.579454213531795000 22.215675769972144000 14.607531968138677000 0
14.149051980810091000 13.653854831801409000 -21.316110721152377000 0
-28.631443819693178000 2.867164538628858200 -3.608294930875576100 0
-27.106209322349518000 1.511498217117418500 -10.196508682515946000 0
-7.004913199760603800 27.958606016457981000 3.201178014465773500 0
12.811618344857267000 -1.807681972584156200 25.953703421124914000 0
6.914927154531032000 -27.365610406491825000 6.656361583300271600 0
23.065570873838652000 13.172333046454387000 11.639118625446333000 0
-3.578316624213593800 -21.726870137260310000 18.871639149143956000 0
-23.654531497769934000 -6.062912554002051200 15.643024994659260000 0
-26.691424564588544000 9.357689809313566100 6.403241065706351000 0
-0.587946432543420610 25.925013031775318000 12.982604449598682000 0
-12.296053671118290000 -9.402435692946911100 24.523483993041779000 0
-14.366197504510144000 -24.494565521957682000 5.884609515671254300 0
-7.462208761229052600 -24.493102412486792000 -13.616290780358288000 0
23.481116808985934000 14.314335602923492000 -9.205267494735558400 0
-11.789960494518168000 18.822651160228926000 18.646839808343763000 0
23.577794361273231000 3.608514896751244400 -16.494430372020631000 0
-20.053122510459474000 20.034865860240377000 6.121799371318704900 0
28.200866539244309000 5.010528431888170400 -4.539353617969298100 1
6.072939070835014200 -8.662200214083428700 -27.001586962492752000 0
23.189288126652656000 17.399765621342912000 -0.710684530167546620 0
15.999115228343248000 -14.681234837520718000 19.222113711966308000 0
8.645406648111329400 26.291821436096253000 8.660084841456344100 1
-22.304618367893319000 15.879482401085019000 9.557512131107516900 0
10.231442433620499000 -17.806701539644937000 20.475325785088657000 0
23.811707317799346000 -16.050166460625391000 -4.049043244727927900 0
-16.144622287542788000 23.959273921261033000 2.510849330118716700 0
22.898242209185970000 17.160803571464207000 4.709280678731650100 0
10.568684198043593000 -14.891762693123709000 22.528611102633747000 0
-12.624293309508253000 -25.636831425228500000 -4.937620166631061700 0
-22.089431625801385000 17.822830690387342000 5.950102237006744200 1
25.769563554376898000 -3.933845285553683600 12.706472975859858000 0
-5.101871805862822700 6.227941626400978600 -27.860072634052553000 0
20.289131334029086000 -17.652124198189991000 10.851435895870846000 0
-17.022648064212522000 -23.069112282074233000 4.364116336558122800 0
-9.608225172736997200 -27.359820836278534000 0.349589526047547840 0
-14.868801103672178000 -23.397536447189179000 -8.513168736838892400 0
6.241448106960419300 28.281468421651159000 1.484206671346171500 0
-15.354565295599320000 -13.643434955149168000 20.471785637989441000 0
26.083334541481680000 -11.622239252286809000 -5.057985168004394800 0
-0.965794467370523440 27.931435903316551000 7.739646595660268200 0
-23.176630193098603000 -0.366676990457245940 -17.427259132663963000 0
-5.023446455343174600 2.426288207167285100 28.458357493819999000 0
-12.757273977427904000 24.946139008492302000 7.479445783867915600 0
-20.152291023357545000 -18.199037166841894000 -10.182348094119083000 0
-26.117062128796672000 -3.892135781341130100 11.989593188268685000 0
24.661545741923714000 -12.574472497248141000 -8.642384105960266200 0
17.646423971103818000 9.190298677372013000 21.098391674550616000 0
-20.879265725673449000 -8.148723379821605700 18.402569658497878000 0
-22.969381986349131000 15.827497335740807000 7.930814539017914600 0
-9.928062271599079800 16.496925491182381000 21.686056093020415000 0
11.014839909257212000 23.337296917335383000 -13.230414746543779000 0
0.642946613752368170 24.694132913557496000 15.191656239509262000 0
-12.075216866617106000 -17.468331634290305000 -19.749595629749443000 0
-7.755817510246068900 -5.853247655306008200 27.323740348521376000 0
-2.688876062639182300 28.874019003866710000 0.246925260170293310 0
11.919726599385507000 -26.399571785667700000 1.408093508713034400 0
9.345863439307361600 -17.714400954468093000 -20.972716452528459000 0
-11.709599730834007000 26.398444983130457000 2.647144993438520300 0
16.840011203329571000 7.874313537400061200 22.257789849543748000 0
-14.911755139068378000 -19.410087259624991000 15.552751243629260000 0
10.088829938812692000 -26.097530728429682000 -7.624591814935759400 0
-4.460848105669946100 19.406974824278180000 -21.082461012604146000 0
-25.619013250241093000 -6.472278660836502200 11.948881496627704000 0
5.030188623321877600 20.794304338355488000 -19.577898495437484000 0
-2.400118621111702500 -13.550121581170430000 25.527115695669423000 0
-2.951844231938320000 -22.467951470030265000 -18.096346934415724000 0
-26.115089878825618000 -8.188162025839037700 9.589373455000457000 0
-18.048168336254086000 -15.439822435248947000 -16.639576403088473000 0
-25.280798790033597000 5.405359114420981800 13.140140995513779000 0
24.413087404857762000 15.316100290395823000 -3.227729117709891200 0
0.375366691499088800 28.471784157910538000 -5.496963408307138400 0
-9.519355041520144700 -22.062959807909941000 -16.235999633777887000 0
1.837677908135546500 -1.811871845745317600 28.884945219275490000 0
-28.605739605091106000 4.420140021973509200 -1.781579027680288100 0
22.270364113555306000 5.555926639984166500 -17.724631488998075000 0
2.620394853446270200 -27.706988733320461000 -8.152073732718893200 0
-21.219514416361672000 -0.738806412533556940 -19.753135776848659000 0
-3.119280522503841800 -26.145521455234285000 -12.152439954832607000 0
12.489883125348717000 22.601940818257486000 13.196783349101230000 0
16.729507301338703000 6.956146980713694600 22.643665883358256000 0
27.356286900870703000 6.992149937526473700 6.613879818109683800 0
15.582872386332104000 15.164967347689783000 -19.188482314523757000 0
12.300404662938355000 -3.295146177187979800 -26.054597613452557000 0
-14.194195293135390000 -25.278079507770389000 -0.737235633411664090 0
-12.038610846416928000 21.989053221775229000 14.579210791344952000 0
-15.726461131642049000 -24.363559156214517000 -0.308877834406567580 0
-17.914588451793847000 -21.842998239125894000 6.553697317423016400 0
11.185066361172954000 24.201000185328731000 11.410779137546921000 0
13.135184128753433000 4.420585329654743500 -25.474013489181189000 0
22.651019331265633000 4.185970690477827100 17.618427076021607000 0
15.846853890960025000 -24.046050796519040000 -3.415356913968321500 0
28.125677292061344000 -6.976599523105047500 1.128421887874996100 0
27.972364318185338000 -1.186109330476421400 -7.559099093600267800 0
7.109105184236066900 13.474789191909954000 24.675710318308056000 0
-12.509016897788470000 -25.940240511610977000 -3.410046693319498200 0
18.631984383014785000 1.320548286478119900 -22.183446760460221000 1
22.850295701404459000 -5.412877273540258800 -17.016602069154942000 0
-24.638160967280200000 4.923093472132113600 -14.481856746116520000 1
-21.753960039459677000 3.807023179859579700 18.795525986510818000 0
-27.476713324092234000 3.750682773011404500 8.483077486495560000 0
-12.053106293661120000 23.391860765075030000 -12.187841425824763000 0
-18.174313364250178000 -6.172789496406100100 -21.739158299508652000 0
21.515214145331960000 17.206797933865850000 9.056581316568499000 0
5.022577590268065600 -23.137686557001508000 -16.745780816064944000 0
10.497168167463750000 17.206473104033719000 -20.850581377605518000 0
1.154431527637685500 -28.018587805741106000 -7.390942106387523600 0
28.922608664128575000 -0.560217055075836750 2.041779839472639900 0
-9.018148385000229100 8.751080285563038100 26.136020996734519000 0
20.826441451521656000 7.819027961869835500 18.604358043153173000 0
6.123580339161194700 12.897148611897478000 25.242133854182562000 0
-11.526770641298107000 -25.852408409412693000 -6.307657094027527800 0
18.644522558406781000 16.391633239646264000 -14.989867854853967000 0
-23.314085147610072000 -0.498542991939498470 17.239631336405530000 0
-19.514115489160226000 19.721958334435378000 8.440595721304971400 0
26.563940539612865000 10.458412898001859000 -5.096926786095767000 0
-0.849748117991035220 10.324568297655929000 -27.086550492873929000 0
13.927971422946829000 -5.210808110041015500 24.896969512009033000 0
-9.511363530350266200 -16.302853722464622000 -22.017059846797082000 0
3.327700186249735300 16.633090297281324000 -23.521622363963743000 0
18.362726106162189000 19.287929029768584000 -11.479812005981628000 0
-25.455736418107602000 13.050223369631578000 4.764152958769493300 0
19.967880695299296000 13.326021410992963000 16.269631031220435000 0
25.386350218212520000 -13.215082629008430000 -4.679189428388317800 0
-10.667954823860336000 25.778311234489180000 7.916653950621052300 0
15.168188155446508000 -12.708908167712433000 21.199285866878260000 0
4.132096729172241500 -0.624299081663235560 28.697317423017058000 0
-5.494324356211379300 -20.149850365523200000 -20.119541001617481000 0
-11.654650227262852000 -7.032958778789826200 25.606769005401777000 0
3.038471232397713400 1.654243587024411900 28.792901394695882000 0
22.033954841599503000 16.731853032375817000 -8.691946165349284200 0
-21.339335155097540000 -14.583903756213278000 -13.150761436811425000 0
-20.857776149503696000 15.189532551843723000 -13.237495040742211000 0
21.036647176833373000 10.940555506310066000 16.696218756675922000 0
-11.469144722404488000 -3.983936861000291000 -26.336039307840203000 0
-27.623183348290013000 8.760011893757047500 1.105410931730094200 0
23.654572979136077000 1.048466227046154700 16.744010742515336000 0
-24.631303569665125000 6.595930453589888400 -13.812768944364757000 0
19.217274498614142000 21.130678235423279000 -5.019043549913021700 0
13.857988945319200000 -4.390333258704062700 -25.093447676015504000 0
3.739001310425972500 20.818248056794868000 19.839869380779444000 0
24.179051372325869000 14.631907659018074000 -6.502365184484389700 0
-27.012669515203726000 9.949945018637341900 3.509170812097537300 0
11.400703076519532000 24.855046684696337000 -9.656636249885554700 0
6.248543987996641600 -21.260362517123479000 -18.707022309030428000 0
-13.043528605898945000 -1.258203359753413900 25.870509964293344000 0
-17.886759594438960000 -9.326369109532059600 -20.834650715659048000 0
11.321662694401565000 -13.513815017187621000 23.026001770073549000 0
-22.672082404876321000 12.088191631015548000 -13.448133793145542000 0
28.577394946553706000 4.851618650864691200 0.891232032227545990 0
-22.209103186229566000 11.634309511907910000 -14.573900570696129000 0
10.949290870510360000 26.682316179532290000 3.027710806604205600 0
-16.208971423490276000 18.152291296131310000 15.772240363780632000 0
-7.395857901344855100 27.581442580505509000 5.056215094454787000 0
-20.796964681431824000 -19.896532964552396000 -3.551652577288125100 0
-11.375834564315575000 26.660342350722750000 -0.903622547074800830 0
-3.803100252629653300 -17.993668517344119000 -22.422406689657276000 0
-13.055817915358851000 -19.003520542650598000 17.590105899227879000 0
14.228862824743569000 13.351321104021658000 21.454176458021788000 0
-26.778749453700929000 10.356603664668832000 4.079134495071260200 0
-2.531440037016558600 22.657497515093400000 -17.922879726554154000 0
26.103820630331033000 7.046607717586790700 -10.485030671102024000 0
-19.606036033392787000 20.916774670548001000 4.369426557206946200 0
-22.142607770693608000 -6.313413671756992000 17.630817590868862000 0
23.400098754608571000 2.872550907833635800 -16.887386700033570000 0
-26.388902110964121000 -0.260606867719104850 -12.023224585711233000 0
12.812594643640077000 15.754226822089162000 20.703665272988069000 0
-4.080760814642793800 -20.448121798822307000 20.154942472609637000 0
-10.197099694818700000 26.013560523608849000 7.766197698904385000 0
-18.265005253708043000 22.524550343735520000 -0.184972685934018970 0
22.432330067433494000 -5.019436538942008100 17.680379650257880000 0
15.030917287149625000 21.704064097574836000 12.000213629566332000 0
-23.809615491036272000 -10.404563651709900000 -12.878170110171819000 0
13.567721896771896000 0.176922736121664840 -25.629779961546678000 0
4.352798554653219300 12.862336305680206000 25.624469740897855000 0
-3.780433778976376700 -28.689561330789317000 1.901944029053620900 0
-11.528991162406594000 -26.608393453496763000 0.275246436964018680 0
-7.762602605354741700 25.924207633313067000 -10.424848170415357000 0
-1.027886463856526800 -4.763835348061313400 28.587572862941371000 0
1.984812709332601600 28.807038327884932000 2.686086611529892900 0
27.960700227232739000 6.804915585584745400 3.590594195379497800 0
-16.328409132217637000 -14.264045240371415000 19.259285256508072000 0
3.104289645946497700 23.822798749253671000 16.243079927976318000 0
1.199603106560605200 16.532153794436432000 -23.795983764152957000 0
9.063933940159177600 6.365612252832917800 -26.801568651387068000 0
-28.909308979829081000 0.241146091608265690 -2.278969695120090400 0
4.064121123638067900 24.486209704791648000 -14.996948149052399000 0
-22.971336651945872000 -2.389373808739852400 17.538773766289253000 0
-10.270506013655860000 -26.927652533522977000 -3.227729117709891200 0
26.461449066006288000 -9.149056909490875400 7.555558946501052200 0
-28.217681076560158000 -5.021888814484159800 4.420758690145572900 0
5.392461214005605200 14.654917006784064000 24.436750389110998000 0
11.635320336580621000 -10.221471299763826000 24.518173772392956000 0
-11.708764833779041000 24.268843568405689000 10.720450453199865000 0
-28.978115358419604000 -0.792020268621241420 0.800958281197546310 1
-24.877717969302019000 8.812995118227071600 12.017914365062410000 0
-15.297164038955914000 1.941899052330149100 -24.560655537583546000 0
21.039897346060922000 -18.633907164350784000 -7.148442030091249700 0
17.468525464355729000 -19.733570573620266000 12.101107821893979000 0
2.392484873177060000 -3.320946590077851200 28.709707937864312000 0
9.061688485493501600 11.872836687880699000 24.858027893917658000 0
28.010072362396379000 -7.423064302773083200 -1.154972991119113800 0
19.063912158903506000 16.825266735384222000 -13.945524460585345000 0
-12.079721685051503000 15.330572759782285000 21.448866237372965000 0
1.268571844383615600 2.545908173140719800 -28.860164189580981000 1
-6.880058216602725100 -28.122722056558928000 1.666524246955778600 0
-20.700564522420439000 -18.471954099092432000 -8.442365794854579200 1
22.348678951555222000 -18.384943829879994000 -1.878933072908719200 0
18.890389401304105000 -21.934365801768667000 1.742637409588915700 0
-24.692786342609235000 -11.073650961850319000 10.423078096865749000 0
-2.087755982029280100 11.126984298223212000 -26.698904385509813000 0
-15.619342226793815000 -7.462931127508403200 23.266731772820215000 0
-23.886556238974549000 -0.538279813638993020 16.436017944883570000 0
1.890288889201266400 26.472656681249791000 11.688680684835353000 0
13.732369641962283000 -12.365555335508972000 -22.349833674123357000 0
-24.995624744579974000 -9.771821673122525800 -10.987731559190649000 0
28.483684575045142000 5.128416440070534300 1.838221381267739000 0
-12.707077040138890000 10.345546755569474000 -23.926969206823937000 0
20.731665246910822000 1.573280253116800900 -20.216895046845909000 0
-11.025913164037046000 -2.275800478457430400 -26.725455488753930000 0
-0.971142975098566840 28.086118401333934000 7.157292397839289500 0
23.588204354801491000 -11.896410684892723000 -11.961272011474959000 0
-19.796086017399162000 -19.596854629635644000 8.067110202337717700 0
2.680264144329829600 -14.083592865641659000 25.208502456740014000 0
3.216936241043866700 -26.552768704328876000 11.207220679342020000 0
13.491942611820395000 -11.344126607076525000 -23.027771843623157000 0
1.082045554485180100 25.204188133171176000 -14.303079317606128000 0
21.765691978357925000 -10.716739508573907000 15.887295144505142000 0
-3.938107305983694900 2.046657536132463000 28.658375804925686000 0
18.281919670054268000 0.993065785195720970 -22.489669484542375000 0
3.771736707936127300 -24.875476159557476000 -14.421674245429854000 0
-4.593496248018497300 22.046519055474160000 18.271584215826898000 0
-27.330681408335881000 4.761367838461128000 -8.447676015503402500 0
16.916955889273158000 -21.807351632479119000 -8.902584917752616200 0
5.265956764579432700 -1.921926175550529900 28.453047273171176000 0
10.817419212941342000 -26.858204471600640000 -1.618732261116367300 0
-11.111457679397791000 22.873695267350723000 -13.940214239936521000 0
-2.277061795572640000 -2.247239320401534200 28.822992645039214000 0
-19.810372510358480000 20.740717123814196000 4.286233100375377500 0
-2.352996050469632600 -18.457637088184509000 -22.243629261146886000 0
11.635723035299604000 -7.359146734657981500 -25.523575548570207000 0
-24.955825359065290000 -7.829940719612467100 -12.525925473799859000 0
-0.514396777994261870 28.160591444464870000 6.907712027344584400 0
-0.299663169285479090 -2.882291521788507400 -28.854853968932158000 1
-6.410956141087857500 -25.840024034752862000 -11.497512741477706000 0
26.325738634741636000 -11.754459413172947000 -3.128604998931852100 1
-8.430485174896407600 -19.104672852420546000 -20.123081148716697000 0
14.482766474778080000 -22.804559947488102000 -10.545213171788690000 0
-14.760984788553939000 17.003915948735560000 -18.275124362926114000 0
8.184123588133214600 -18.883626200838723000 20.431073946348459000 0
-22.883943895635490000 -16.094366889805592000 7.635212256233406200 0
18.279281233677086000 -21.020150226494614000 -8.063570055238502100 0
18.181899002612134000 -9.270618774208905700 -20.602771080660421000 0
0.265191027012334770 24.805856207706132000 -15.019959105197303000 0
-7.949157513069098800 13.980096590832934000 -24.132297738578448000 0
-21.252061820192363000 -1.848649850007634700 19.645161290322580000 0
-0.095249269646679138 -28.795709508359856000 3.434827723014008100 0
3.574208724565269600 15.638895569419535000 -24.158848841822564000 0
12.428034253790203000 -25.293323602974006000 -6.840449232459486800 0
19.821406885442666000 17.520873997975876000 -11.879848628192999000 0
28.596723325193800000 -1.168639748039454600 4.675649281289102200 0
8.247443963065009600 12.452233426229769000 -24.858027893917658000 0
-24.121630648341394000 14.049732204693051000 7.858241523483993500 0
26.509800627410296000 -7.134389596240586300 9.345103305154577100 0
-0.701192573946633810 -16.822208262561293000 -23.611896114993741000 0
16.038544844107346000 20.111699108335266000 13.389721366008484000 0
-10.270587976115287000 24.211441248579519000 12.219702749717705000 0
-1.831478067192590500 14.703709778296609000 24.928830835901973000 0
2.903031967552062400 -23.288293760686027000 17.036072878200628000 0
-12.851517050127175000 -16.942534147934900000 -19.717734305856503000 0
-12.382250280409021000 -14.605380555190282000 21.779869991149631000 0
4.409166601731302000 -10.774093936803578000 26.560838648640399000 0
23.642622877564968000 -15.784998144681675000 -5.732383190404980200 0
17.379845101383498000 -4.364189733640702500 22.801202429273353000 0
20.610981862220111000 20.004434884256959000 4.001251258888515800 0
22.501951896506164000 17.175840306706952000 -6.297036652729880200 0
6.389838674041531200 2.243640224176455300 28.198156682027651000 0
2.186302761099967000 18.162526697039592000 22.502059999389630000 0
-23.931840585177603000 11.299664004931619000 -11.856837672048096000 0
-3.291970379999386200 25.942203983776295000 12.536545915097506000 0
10.366789560537972000 -26.770749335334390000 -4.105685598315377900 0
20.780213643400721000 18.532294652043021000 8.107821893978698600 0
23.290938632975202000 15.095856623904838000 8.405194250312813900 0
-28.648498035279278000 -2.337132936793903300 -3.847254860072634000 0
-0.587213278404124290 -2.873477217549730100 -28.851313821832942000 0
1 121 42
1 134 16
1 256 115
1 399 55
1 433 103
2 66 101
2 244 54
2 257 101
2 326 22
2 437 84
3 78 48
3 233 50
3 478 82
3 500 65
4 77 74
4 84 7
4 203 88
4 241 62
4 493 115
5 39 26
5 119 19
5 296 62
5 393 114
5 449 52
6 138 42
6 294 95
6 369 93
6 464 52
7 154 10
7 362 86
7 438 73
7 439 82
8 80 50
8 218 54
8 418 32
8 453 102
9 172 10
9 250 20
9 258 105
9 484 94
10 67 108
10 220 98
10 523 47
11 98 55
11 180 83
11 283 16
11 441 41
11 459 52
12 54 11
12 393 78
12 417 84
13 59 90
13 144 21
13 305 21
13 317 16
13 399 73
13 472 41
14 105 50
14 250 44
14 307 79
15 314 111
15 455 106
16 126 89
16 166 24
16 190 89
16 195 25
16 294 56
16 402 75
17 63 38
17 142 41
17 425 83
17 427 29
17 511 9
18 452 82
19 80 79
19 184 10
19 418 16
19 442 43
19 479 32
20 23 50
20 165 36
20 237 66
20 310 83
21 59 29
21 218 2
21 256 49
21 315 70
21 412 43
22 47 61
22 290 93
22 408 109
23 147 37
23 237 58
23 310 93
23 363 119
23 394 109
23 483 6
23 518 119
24 284 19
24 382 53
24 383 98
25 93 15
25 224 93
25 254 75
25 262 48
25 269 46
25 349 117
25 409 95
26 80 23
26 301 109
26 401 47
26 479 83
27 33 18
27 164 94
27 364 89
27 385 2
28 118 74
28 397 115
29 107 66
29 139 31
29 221 15
29 443 76
29 450 31
30 96 82
30 271 49
30 274 112
30 279 1
30 465 17
30 503 99
31 69 106
31 420 80
32 240 62
32 444 59
33 164 42
33 376 103
34 49 30
34 161 61
34 254 40
34 332 39
34 341 86
35 135 92
35 434 1
36 154 13
36 169 79
36 321 41
36 388 88
37 121 64
37 139 3
37 286 9
37 424 116
38 178 121
38 206 119
38 268 81
38 333 38
38 440 71
38 464 55
38 514 27
39 212 20
39 267 59
39 417 95
39 449 18
40 387 31
40 436 104
41 97 81
41 138 32
41 206 85
41 369 49
41 440 91
42 136 95
42 188 23
42 306 69
42 491 44
43 46 7
43 107 45
43 119 97
43 172 55
43 353 108
44 125 1
44 222 18
44 399 30
44 472 95
44 509 33
45 56 113
45 158 40
45 223 114
45 452 99
46 117 57
46 214 96
46 456 26
46 517 28
47 89 86
47 296 83
47 425 80
47 429 33
48 92 96
48 159 90
49 112 18
49 245 12
49 254 24
49 341 67
49 345 107
50 218 90
51 204 82
52 63 113
52 89 102
52 142 121
52 296 99
52 425 29
52 429 54
53 237 71
53 460 99
53 474 99
53 495 76
53 518 21
54 93 97
54 205 24
54 224 25
54 373 99
55 82 44
55 289 25
55 338 42
55 340 5
55 395 67
55 507 110
56 207 39
56 372 53
57 240 56
57 444 9
57 488 24
58 108 46
58 200 98
58 272 79
59 171 86
59 218 66
59 315 37
59 463 18
59 495 22
60 208 50
60 508 13
61 196 50
61 300 79
62 129 11
62 278 58
62 517 52
63 427 117
63 429 74
64 66 17
64 257 6
64 302 116
64 326 112
64 442 65
65 238 59
65 503 44
66 80 90
66 232 38
66 244 31
66 246 31
66 257 91
66 392 66
66 405 109
67 220 67
67 298 98
67 302 17
67 523 27
68 98 56
68 213 7
68 216 45
68 227 3
68 247 54
68 371 118
68 447 2
69 149 23
69 335 39
70 193 98
70 201 37
70 346 12
70 468 26
70 505 100
71 353 74
71 456 116
72 187 13
72 434 53
72 469 39
73 204 23
73 289 73
74 98 89
74 213 84
74 266 103
74 371 24
74 403 49
74 431 78
75 391 6
75 411 27
75 419 83
75 477 9
75 492 47
76 396 19
76 462 41
76 473 58
77 84 7
77 202 98
77 203 102
77 241 27
77 354 104
78 154 25
78 207 9
78 233 109
79 110 112
79 113 31
79 188 90
79 192 26
80 184 4
80 189 69
80 249 62
80 301 17
80 451 43
80 453 28
81 85 87
81 230 102
81 276 3
81 366 93
82 85 47
82 173 62
82 230 79
82 276 47
82 522 11
83 157 119
83 210 111
83 332 76
84 202 23
84 332 18
84 349 61
84 481 33
85 173 101
85 230 98
86 132 78
86 290 52
86 358 70
86 408 21
87 224 94
87 262 69
87 324 83
87 373 42
88 378 111
88 491 99
89 97 9
89 296 121
89 396 35
89 425 41
89 429 31
90 120 110
90 121 58
90 192 19
90 286 50
90 359 112
90 424 13
90 433 9
91 128 107
91 350 64
91 404 110
92 295 96
93 148 44
93 269 13
93 288 12
93 373 82
93 480 51
94 126 24
94 137 8
94 402 70
94 416 3
95 292 109
95 450 23
95 457 59
96 186 79
96 274 103
96 451 84
97 206 45
97 333 115
98 355 53
98 513 113
99 155 18
99 282 78
99 298 84
99 379 102
99 508 12
100 352 111
100 501 102
101 113 22
101 116 36
101 188 68
101 211 97
101 451 107
102 156 84
102 344 1
102 352 95
103 126 37
103 187 16
103 244 15
103 331 2
103 402 66
103 471 114
104 105 72
104 307 14
106 252 99
106 253 47
106 283 74
106 303 51
106 351 51
106 441 50
106 513 27
107 139 1
107 312 22
107 368 21
107 482 69
108 196 14
108 200 34
108 272 99
108 300 92
109 228 117
109 347 110
110 113 36
110 131 117
110 188 81
111 284 34
111 318 101
111 382 109
111 383 14
112 127 85
112 133 49
112 335 20
113 116 48
113 192 94
113 203 11
114 253 113
114 278 80
114 291 63
114 325 7
114 387 21
114 498 104
115 312 115
116 192 53
116 211 35
116 309 60
117 456 2
117 520 55
118 436 36
119 520 85
120 121 72
120 130 118
121 288 39
121 433 52
122 258 15
122 384 63
122 458 3
122 484 53
122 499 80
123 332 119
123 421 41
124 327 43
124 389 114
125 222 69
125 317 31
125 509 60
126 166 16
126 190 121
126 195 6
126 331 54
127 234 50
127 398 87
127 495 42
128 404 107
128 407 73
128 415 39
129 257 24
129 326 41
129 405 74
129 442 118
130 134 73
130 286 38
130 424 16
131 188 74
131 304 7
131 309 56
131 451 11
132 275 115
132 290 23
132 316 84
133 188 23
133 268 71
133 302 99
133 444 80
133 486 39
133 488 87
134 359 25
134 433 35
135 170 83
135 175 36
135 225 2
136 278 94
136 367 47
136 410 29
136 450 45
137 176 7
137 236 28
137 412 77
137 428 53
138 268 82
138 294 19
138 440 51
138 464 106
139 221 77
139 255 71
140 181 87
140 264 84
140 357 20
141 395 106
141 406 21
142 296 98
142 427 102
143 183 93
143 206 30
143 294 69
143 333 111
143 382 45
144 222 70
144 311 116
144 317 104
144 467 11
144 472 71
144 486 76
145 350 121
145 404 66
146 153 90
146 228 27
146 340 19
146 348 84
147 483 68
147 518 33
148 164 96
148 363 58
149 243 100
149 420 44
150 297 1
150 323 71
150 388 59
150 448 38
151 222 72
151 305 106
151 311 115
151 472 55
152 354 30
152 469 117
153 340 2
153 348 55
154 179 109
154 285 14
154 487 116
155 168 69
155 253 42
155 508 73
156 493 35
157 210 112
157 304 37
157 432 71
158 171 59
158 245 87
158 254 40
158 332 89
159 462 76
159 473 73
160 174 67
160 212 39
160 417 4
160 449 117
161 395 99
161 406 48
161 499 14
162 173 35
162 276 112
162 315 1
162 339 53
163 303 55
163 329 47
163 423 87
165 310 73
165 394 96
165 518 66
166 190 19
166 195 103
166 331 8
166 340 79
166 402 56
166 471 115
167 228 13
167 340 58
167 377 36
167 485 105
168 253 103
168 282 22
168 379 34
169 297 73
169 321 29
169 388 47
170 175 63
171 218 33
171 490 79
172 194 85
172 258 9
172 384 116
173 282 22
174 212 62
174 393 2
175 225 48
176 236 71
176 519 54
177 271 113
177 274 49
177 438 3
177 465 65
177 503 89
178 206 120
178 333 37
178 369 28
178 440 73
179 242 112
179 413 56
179 439 50
180 212 59
180 283 46
181 264 46
181 327 116
181 357 9
182 308 86
182 319 79
182 497 18
183 186 94
183 223 59
183 238 70
183 279 49
184 301 102
184 401 48
184 479 85
185 383 51
185 523 48
186 465 11
187 251 91
187 280 31
187 319 46
187 434 28
187 497 104
188 211 100
188 309 35
189 374 23
189 418 89
191 229 11
191 455 113
191 476 56
192 357 39
192 451 62
193 400 33
193 445 59
193 463 13
193 493 110
194 458 59
195 318 6
195 331 15
196 200 22
196 272 3
197 217 28
197 263 58
197 334 118
198 350 33
198 415 41
199 260 75
199 287 99
199 504 25
200 312 53
200 493 36
200 512 78
201 234 81
201 261 38
201 447 52
201 463 83
201 493 6
202 354 113
203 481 90
204 289 56
204 336 18
204 342 21
205 224 81
205 262 121
205 288 119
205 324 113
205 409 26
206 333 36
206 464 65
207 223 31
207 372 12
208 322 44
208 414 29
209 391 46
209 419 97
209 516 81
210 300 11
210 494 33
212 267 68
212 449 38
213 273 40
213 431 113
213 435 2
213 447 84
214 343 101
215 259 119
216 285 25
216 345 73
216 438 51
216 439 30
217 263 80
217 375 99
217 475 27
217 510 98
218 315 16
218 320 106
219 270 62
219 416 76
219 457 74
220 330 40
220 523 82
221 368 121
221 413 112
221 443 2
222 399 101
223 227 30
223 372 48
223 452 86
224 324 104
224 333 104
224 480 21
225 293 118
225 349 83
226 243 53
226 370 67
226 466 42
227 239 21
227 258 33
227 273 59
227 431 112
227 447 101
228 347 116
229 328 62
229 476 16
230 276 18
230 339 13
231 253 19
231 379 21
231 508 96
232 257 72
232 426 7
232 437 43
232 442 3
233 281 73
233 381 18
234 346 83
234 468 36
234 493 4
235 365 83
237 310 52
237 518 68
238 271 27
238 279 103
238 465 66
238 503 6
239 247 5
239 273 10
239 403 105
239 435 63
239 513 75
241 354 10
242 362 16
242 438 43
242 439 64
243 420 62
243 496 13
244 246 100
244 405 33
244 437 107
245 254 52
245 332 81
245 421 83
245 484 70
246 302 74
246 326 95
246 405 43
246 442 48
247 273 88
247 371 52
248 265 97
248 308 116
248 419 9
248 477 109
248 489 78
249 374 56
249 401 88
249 418 112
250 341 31
251 308 61
251 469 75
251 519 76
252 283 106
253 379 53
254 313 68
254 421 102
255 443 79
257 303 63
257 326 11
257 405 64
257 488 46
258 339 22
258 458 98
259 303 76
259 521 115
260 287 50
260 504 54
261 505 94
262 288 121
262 409 23
263 334 57
263 510 112
264 295 101
265 477 119
265 489 43
266 403 78
266 435 21
266 447 46
266 513 120
267 387 6
267 393 43
267 417 102
268 440 36
268 514 8
269 288 121
269 409 20
270 292 19
270 386 92
271 465 81
272 312 67
272 512 98
273 404 69
275 277 66
275 390 2
277 390 21
278 367 25
278 410 47
278 517 8
279 465 85
280 366 76
280 482 79
280 522 105
281 381 56
281 478 9
282 379 89
282 508 23
285 296 91
285 362 120
285 438 36
285 439 36
285 487 22
286 359 56
287 426 118
287 504 31
288 480 64
289 342 57
289 365 83
290 358 106
290 390 101
291 360 67
291 506 107
292 515 9
294 440 29
295 327 20
295 461 59
296 425 40
296 427 73
296 511 89
297 323 19
297 448 45
298 387 15
299 386 74
299 416 16
299 457 10
300 512 49
301 418 76
301 479 64
302 437 35
303 329 36
303 337 57
303 423 101
304 325 65
304 506 73
304 520 39
305 311 117
305 317 117
305 398 32
305 486 95
305 509 42
308 434 120
308 469 22
310 358 87
310 394 110
311 317 115
311 467 20
311 486 81
312 512 101
313 341 81
314 328 111
314 338 2
314 455 91
314 492 70
314 510 22
315 320 35
315 490 100
315 502 52
317 399 25
317 472 90
317 486 98
320 502 107
321 388 78
321 448 4
322 355 95
322 414 43
323 448 89
324 373 27
325 506 26
326 405 21
327 357 5
327 389 37
327 461 13
328 455 64
328 492 77
329 365 85
329 521 107
330 512 60
330 523 51
331 506 38
332 345 49
332 386 51
333 440 47
333 464 12
334 510 50
335 420 5
335 434 7
335 496 90
336 342 55
337 365 18
337 423 52
337 521 12
338 406 68
339 522 108
340 377 62
340 485 38
342 363 58
342 427 7
343 354 43
344 352 13
344 429 20
344 500 118
344 501 35
345 426 39
345 498 24
346 400 105
347 348 66
348 377 75
349 481 81
350 370 102
350 404 67
350 415 117
350 454 88
351 441 121
351 459 63
355 414 26
355 515 5
356 395 18
356 406 81
356 507 84
357 389 64
357 461 62
359 451 11
360 387 97
360 505 92
361 391 51
361 466 81
362 439 41
363 394 115
363 460 10
364 402 49
365 423 6
366 482 92
367 419 30
368 413 112
368 450 88
369 514 121
370 422 46
371 431 6
371 435 98
371 447 5
371 513 35
372 407 52
372 452 79
373 379 10
373 409 8
373 480 93
374 401 105
374 418 53
374 479 23
375 380 75
376 385 96
378 393 38
378 491 116
379 432 98
379 508 2
380 475 51
381 488 26
381 500 34
382 383 30
383 408 15
384 458 17
386 416 9
386 490 61
386 515 99
387 506 38
388 448 5
389 461 48
390 408 69
390 444 1
391 477 111
391 516 93
392 407 119
392 454 36
393 417 44
395 444 76
396 462 98
397 436 38
399 472 24
399 509 9
399 519 16
400 463 33
400 468 103
400 493 50
402 471 72
404 454 114
405 442 80
406 507 116
411 489 88
411 516 17
412 519 55
414 496 19
418 453 23
424 433 121
427 511 53
428 519 76
429 511 13
430 470 108
431 469 41
432 470 113
433 509 68
434 497 12
437 442 31
438 439 100
439 487 24
440 464 76
440 506 34
440 514 79
441 459 65
442 448 64
444 488 78
445 463 62
445 468 33
445 515 23
446 488 76
447 513 41
453 479 118
455 476 43
458 484 35
460 518 17
462 473 110
463 468 33
464 514 56
467 509 92
468 493 70
469 497 112
471 497 23
472 486 121
474 483 93
475 510 9
476 492 20
477 489 51
483 518 2
484 499 109
490 502 82
498 506 40
337 366
