7 8 6.700 10
-6.513410995245718200 -2.750128505252797100 -99.749748222296816000 0
99.715625088701927000 6.529506435347074400 3.762932218390453900 1
74.795974934657863000 -4.840123277185094600 -66.197698904385504000 0
-86.204018066656346000 -49.768076395411477000 9.591967528305916700 0
-95.143594715304445000 30.031953935731895000 6.765953550828578000 0
-51.905116623678097000 -8.786396417350035300 -85.021515549180577000 1
-74.119447823966922000 60.226739474054071000 -29.648731955931275000 0
1 6 5
1 7 3
2 3 5
2 4 1
3 5 2
4 5 4
5 6 3
5 7 6
2 1
