209 565 9.152 100
61.168508162552726000 -35.119136911155358000 -8.127719962157048200 0
-3.227231726891320700 69.712343817611014000 13.068056276131474000 0
-12.747256827517509000 -61.063268559915187000 33.908474990081487000 0
66.851689320553518000 -22.784415657739572000 -7.260994293038727700 0
-57.710583945976659000 -8.125865949052999000 40.551927243873408000 0
-11.423850719071142000 64.136436248519090000 -28.231421857356487000 0
30.143316508905549000 17.329473452678950000 -61.903714102603224000 0
55.178337076900497000 -1.195799078288175300 44.664540543839841000 0
67.924955280412306000 15.513705659615376000 13.657429731131932000 0
68.436512631717918000 -18.586805943678254000 -3.460402233954893900 0
3.681853069881400000 68.570342608606055000 -18.043061616870631000 0
-59.490019122928480000 26.733536154612029000 28.058076723532821000 0
31.550056653803992000 -63.196611103472065000 7.195989867854854600 0
-18.260092065986512000 -49.698361063372062000 47.303720206305130000 0
-21.960108703507760000 -49.868237860055501000 45.518265327921384000 0
51.072588940574789000 -33.886640711874499000 35.836939603869745000 0
8.468142989539417800 -48.759961348139541000 50.909298989837339000 0
31.378007369801303000 -38.236315068245219000 -50.935300759910888000 0
56.305338825045105000 -26.882835198176434000 -33.882473220007931000 0
-50.231387805862404000 -20.430186296712105000 -45.830286568803977000 0
-46.181417654957706000 7.853941409903259600 53.353465376750997000 0
2.620338676538266600 62.432591720106096000 33.709128086184272000 0
-37.344096087795279000 1.185520224756772700 60.373943296609397000 0
13.050449935353120000 -55.626803134499482000 42.146702475051121000 0
49.834851474298482000 -13.493709543428977000 48.738151188695944000 0
39.515786378091747000 36.274749015213089000 -46.514999847407452000 0
-58.550538525052474000 1.117248716759181100 -40.144566179387802000 0
-51.448195130124347000 -36.257491525322415000 -32.855403302102722000 0
33.346083131367799000 51.649149529788367000 35.516251106295968000 0
17.509211288352319000 -8.121857368705823500 68.326151310769973000 1
46.669726411407105000 -49.380179189766288000 20.604235969115269000 0
-44.801663627952763000 -53.758453258847503000 -11.993316446424757000 0
57.867844244031495000 -32.446644443073616000 -25.288888210699788000 0
-51.486692574549991000 -47.674775369183330000 10.827570421460615000 0
9.431736763135241100 47.096400026103865000 52.287392803735472000 0
26.319612689286778000 -60.632901527538969000 25.921597949156162000 0
-26.854433173082441000 -40.218144250581560000 -51.984038819544047000 0
-59.540233132253526000 -20.260669776420411000 -32.946409497360150000 0
-10.060623026524567000 45.942755126772582000 53.188787499618520000 0
-61.776509332749271000 -16.086719430949991000 31.078615680410167000 0
-29.488728128300959000 -41.340670676797636000 49.622211371196634000 0
56.638941115896763000 40.808095972751431000 -12.951048310800500000 0
60.842901691123096000 19.326932212668098000 -31.074282052064575000 0
-28.451390229243728000 -27.534761798270889000 -58.935178685872977000 0
67.191124708587026000 -19.681393380707000000 11.789635914181952000 0
28.223366876220247000 -60.913153753402931000 23.109073152867214000 0
-58.169475642777947000 17.226691114326773000 36.885677663502918000 0
3.154490060310659600 -39.389865771460833000 -58.987182226020082000 0
61.315751318429392000 -32.127944207078649000 -15.785241248817409000 0
-11.449616144011470000 68.616986996024394000 -14.199133274330881000 0
-0.030157778339445152 -69.899426500859363000 12.452681051057468000 0
-24.319141349051868000 -58.797285173797619000 31.503311258278146000 0
-34.452690942528619000 32.172937396091299000 53.093447676015501000 0
-58.197942779109823000 5.805423614452246600 -40.252906888027589000 0
-65.021118611304658000 13.667837266008512000 -25.028870509964293000 0
47.555647085089248000 -34.097666520077418000 40.209570604571674000 0
-28.240356741031587000 20.097195206623649000 61.964384899441505000 0
68.864014622685445000 -13.204816148613727000 11.152592547379987000 0
68.999486259567135000 6.448892219055179200 15.442884609515671000 0
26.899958731505677000 11.391292134744697000 -64.711905270546580000 0
-11.447162110751590000 -67.643137246619318000 18.285744804223761000 0
-68.226444426584976000 14.683481853601144000 13.059389019440291000 0
33.724033136050167000 -23.233429633206924000 -57.999114963225196000 0
69.483325760604046000 -1.052650250145223100 14.558824427014985000 0
9.234178509541999700 -49.345332853368738000 -50.207251197851498000 0
5.815120450428087100 42.768633477574021000 56.374004333628342000 0
-58.973864016735632000 -39.431150806973150000 -2.875362407300027500 0
-26.084866703873633000 61.655700947164597000 -23.646443067720575000 0
-21.506404812641378000 25.765775561855246000 62.566759239478749000 0
64.997889438724883000 -10.254093729387680000 26.666982024597917000 0
62.558709134478569000 -13.884751944566297000 30.571581163975949000 0
-35.304084722225888000 -61.483813612337187000 -3.789757988219855500 0
23.379580033558330000 -16.960928749597475000 64.859248634296705000 0
-47.723661234527576000 14.043660758642556000 50.657948545793026000 0
-55.278662654063098000 31.127376580247805000 -31.880336924344615000 0
-44.014422790729981000 -49.904400368489917000 -24.764519180883209000 0
-4.721712873652068200 4.270642253337420000 70.713980529190948000 0
-40.988363508893357000 -47.326425738027645000 -33.483779412213508000 0
-57.529989747100480000 -39.172132477689743000 14.030121768852808000 0
7.451930047139163600 40.683750351811717000 -57.708761864070560000 0
42.952438712879832000 -39.202476586031082000 -40.733939634388257000 0
-47.441842915648870000 -8.546481715707956900 -52.127048554948580000 0
-9.876585769398923600 -67.629937981393184000 19.226142155217140000 0
52.207901968249423000 -4.990607535524291400 47.858424634540853000 0
-12.703831805596776000 -63.152198103554618000 29.856532486953338000 0
-52.190257595646870000 -47.168086194045408000 9.609820856349376300 0
-55.419171794634593000 -44.260546240384095000 3.274056215094455000 0
19.304535248687554000 -67.890586882315006000 7.694357127597887900 0
2.069639404938164800 64.704965921515125000 -29.154484694967497000 0
51.999610984505857000 -22.753003716460231000 -42.653736991485339000 0
25.717164828160207000 64.242970204817453000 -15.889248329111606000 0
19.177534373222073000 66.521738176642586000 -15.750572222052675000 0
-3.413843785291284800 66.808738993768713000 -23.789452803125098000 0
-0.073927665724175445 -29.096918226169475000 64.763908810693692000 0
22.936182033979364000 -58.793756932487128000 -32.530381176183354000 0
-26.101765320070793000 5.486750895242924000 65.799645985290070000 0
61.090029750570288000 12.676457971248013000 33.886806848353523000 1
22.157330098555768000 -19.502584400620908000 64.573229163487653000 0
53.067145133814186000 10.958613804235043000 -45.877956480605484000 0
31.541585723056766000 42.497362126533922000 47.329721976378679000 0
40.421271695142423000 -4.804756060898021100 -58.172460097048862000 1
-38.713431299510553000 -59.423478800672406000 3.334727011932737000 0
42.853967046669673000 44.344333390503998000 -35.186895352031009000 0
-28.800920788783202000 22.740712431279920000 -60.781304361095003000 1
45.071639555801497000 -17.794956386758415000 51.893032624286626000 0
-63.765881967254735000 22.122397065914800000 -22.034333323160496000 0
20.281407893378354000 33.884089160135126000 -59.004516739402447000 0
6.765643436736094300 -20.561925708724115000 67.619769890438548000 0
49.362661758938458000 26.911479992483944000 43.360118411816764000 0
46.817522790296792000 -42.713666702396260000 32.010345774712363000 0
-4.817423523517826200 -47.305997425483774000 -52.725089266640218000 0
38.171246564844978000 -19.518189392147246000 56.595019379253515000 0
-64.417012592789220000 26.545927780732146000 -13.666096987823115000 0
-7.051952384828465100 -11.799639705362617000 69.656575212866599000 0
-19.026616922944562000 59.140016540338337000 -34.372173223059789000 0
-48.006390801857819000 31.213136706238387000 -41.977690969573047000 0
61.566517593238991000 35.253528503198858000 2.784356212042604200 0
8.540340286031005600 0.162145810300610510 -70.484298226874600000 0
34.897991450301213000 61.224353434240129000 -8.643421735282448300 0
-7.009352657809974300 -67.544943630201900000 -20.725577562791830000 0
36.064632230325493000 -27.550190607853981000 -54.601550340281385000 0
-21.881792768711755000 -51.091953524606147000 44.179174169133574000 0
60.959904975461505000 36.080071737067534000 4.808160649433881800 0
-35.467927822463274000 -26.639460144566140000 -55.437940610980561000 0
46.064761272400851000 -4.670942137964671800 -53.825830866420482000 0
7.512252628528462300 -69.470374254830119000 -12.587023529770807000 0
-57.632296157262445000 13.611345448989375000 -39.169499801629684000 0
44.852404681987530000 -17.638847214349322000 52.135715811639763000 0
-16.867432547351108000 -68.041759982117071000 -11.260933256019776000 0
51.520732592646183000 -43.980869335153130000 21.267281105990783000 0
5.646994893893432500 34.103944252511347000 -62.016388439588610000 0
-44.537759832664669000 -6.864457960810207200 -54.865901669362472000 0
-16.336103459422191000 18.920740890620852000 66.454023865474412000 0
14.104529162501075000 58.799881617956046000 -37.210699789422286000 0
-10.073340086286386000 66.912047086063978000 21.501297036652730000 0
1.023711515312014000 13.396179438769314000 -69.717246009704880000 0
-19.108415630391882000 9.040164786648901400 -67.780114139225432000 0
42.883271988476459000 0.098676358543139858 56.586352122562332000 0
-27.880348267826037000 -20.475988675147676000 62.003387554551836000 0
39.231127385495832000 -12.927271061605863000 -57.747764519180883000 0
-70.666283684689816000 -6.543170966068188000 2.112643818475905500 0
18.289012764191110000 -65.901497420790179000 19.065797906430248000 0
68.127714326623192000 -1.201987329464689400 19.954191717276530000 0
45.658285483923102000 4.603191797105716400 -54.176854762413399000 0
49.466203604104045000 -50.717355261334042000 4.673818170720542400 0
5.007089718892110000 46.386823508446568000 -53.518143253883480000 0
-46.607587774048710000 30.724996813648513000 43.871486556596572000 0
-9.038337686144997100 5.503924366583540000 -70.206946012756731000 0
-31.360366533973508000 -14.579777932427094000 62.007721182897427000 0
-60.400999572697316000 -1.395891489968538800 -37.293038727988524000 0
57.397140420956532000 -41.756981252507302000 -1.709616382335886800 0
-36.843165348415077000 3.034099670926997000 60.616626483962527000 0
-3.551401616547727800 41.683127259667053000 -57.366405224768826000 0
-52.559750900108462000 39.539980079269661000 26.740653706472976000 0
-7.238563952417932200 70.544159062289111000 3.482070375682851700 0
-36.271720331227819000 61.009815811296384000 1.778954435865352200 0
-44.231224283413894000 -42.235027911279431000 36.066621906186100000 0
57.217602183029967000 1.887812255085285600 41.995025482955413000 0
3.289731629205292100 70.915236721372040000 -1.098574785607471000 0
20.260927381741613000 -51.037966530592847000 -45.006897183141575000 1
-10.027054370454534000 14.017235197844720000 -68.876522110660119000 0
67.390013129621423000 14.875715774886073000 -16.682302316354871000 0
-38.877465896238228000 48.435627858384379000 34.402508621478930000 0
41.988386170232758000 55.233450794429707000 15.074526200140385000 0
42.677106679709695000 -56.430855741611090000 -5.934904019287698100 0
-0.090825946244441347 -57.413289837114007000 41.769676808984656000 0
-58.080731837926429000 39.270634194221110000 11.200262459181495000 0
12.979525781858470000 62.325253621956591000 -31.433973204748682000 0
-67.795801467354082000 -11.569969913055068000 -17.631366924039430000 0
-27.979668297438383000 -6.971714299071887700 -64.880916776024662000 0
-67.956179645748875000 -18.687418938887927000 8.587084566789759100 0
-50.988398316436850000 31.791494391480164000 -37.821741386150698000 0
-26.246396294978396000 -41.057410001811775000 -51.637348551896721000 0
30.192106867001481000 23.442264588174346000 -59.832239753410448000 0
37.247170090058248000 2.848156571489485000 60.378276924954989000 0
30.753906466826464000 35.987756769297420000 52.915768913846250000 0
65.525937159969416000 -12.031426367623036000 24.547837763603624000 0
-11.278760771964487000 53.515523143116631000 -45.275582140568254000 0
-49.434581791759157000 3.279881494321229800 -50.857295449690234000 0
36.430583666971785000 -10.830596684406233000 59.970915860469376000 0
6.174413242556500600 -41.418011999347534000 -57.336069826349686000 0
-70.408100224660330000 8.773383875746164400 -2.593676564836573400 0
65.639055619825157000 24.184876041853443000 12.149327066866054000 0
-30.956872230452479000 63.851400415092691000 2.381328775902584700 0
2.290172085501440700 -70.333418851453430000 -9.432142094180120400 0
-2.822361729147333500 -69.307765619713550000 15.148197882015442000 0
19.775967591871865000 -64.225049363500133000 -22.914059877315591000 0
69.338147622057207000 -7.003987031082451700 -13.570757164220099000 0
-55.008193603699738000 44.873034427229250000 -1.228583635975219100 0
-67.182895860773698000 21.703068453830596000 -7.512344737083041400 0
44.968155815317651000 7.058849372719790500 -54.488876003295992000 0
62.566759431550970000 -12.345945453117569000 -31.208624530777918000 0
51.086692485732939000 -6.998488746737304000 48.807489242225408000 0
-22.565079677536463000 -22.587807511972947000 -63.416150395214700000 1
47.272542900695527000 46.199323019544387000 -25.921597949156162000 0
11.331382721021590000 59.791031279865514000 -36.573656422620317000 0
-9.137324364389028700 30.816075936892982000 63.307809686574906000 0
49.520962482363082000 -45.881045367559928000 21.990997039704581000 0
56.199049314469342000 8.689356956009513400 -42.510727256080813000 0
40.266956054914523000 -55.713120712167303000 -17.765709402752769000 0
6.518357240739282700 -47.328771835284982000 52.521408734397411000 1
-2.826653293320644100 -61.570484752547316000 35.243232520523698000 0
-41.398590378477117000 56.624439882590792000 10.992248298593097000 0
15.911349503633613000 69.192136236556635000 0.526535843989379580 0
-46.538536437533018000 -46.389300230238788000 -26.892330698568681000 0
66.996860396762841000 -23.452228169478449000 1.553605761894589100 0
-33.515489375915308000 31.502903940170008000 -54.085848567155978000 0
-19.357428035828466000 40.299845406008153000 -55.156254768517108000 1
33.817987199158004000 -35.426559771282989000 -51.403332621234775000 1
1 32 43
1 122 55
1 149 33
2 5 56
2 74 72
2 106 65
2 152 63
3 129 90
3 200 76
4 20 28
4 22 38
4 47 6
4 62 1
4 95 82
4 103 75
4 115 30
4 147 11
4 167 1
5 74 97
5 106 79
5 152 95
6 118 74
7 12 21
7 46 36
7 47 14
7 66 27
7 108 8
7 146 93
7 173 69
7 179 70
7 198 44
8 23 59
8 24 79
8 28 9
8 36 79
8 68 28
8 199 64
9 19 81
9 48 40
9 69 51
9 178 45
9 186 41
10 51 64
10 138 79
10 182 1
10 183 90
10 187 79
11 142 3
11 158 49
11 177 41
12 42 27
12 46 27
12 47 100
12 86 75
12 108 62
12 146 45
12 173 41
12 179 68
12 198 17
13 27 30
13 49 89
13 81 85
14 31 78
14 68 15
14 97 52
14 127 38
14 130 76
14 143 51
14 180 79
15 44 43
15 52 99
15 55 49
15 98 84
15 102 90
15 114 89
15 121 33
15 125 20
15 144 15
15 164 22
16 64 91
16 76 39
16 84 95
16 92 34
16 94 84
16 96 61
16 117 75
16 124 25
16 135 32
16 159 30
17 85 94
17 87 73
17 101 29
17 132 26
17 141 52
17 191 26
18 57 3
18 59 63
18 145 83
18 149 17
19 48 83
19 69 11
19 104 51
19 178 45
19 186 64
20 22 24
20 62 78
20 95 67
20 103 38
20 115 64
20 147 50
21 73 75
21 90 2
21 91 38
21 113 77
21 148 19
21 157 87
21 161 21
21 166 72
21 189 80
22 62 63
22 95 4
22 103 69
22 115 77
22 147 83
23 24 75
23 28 53
23 36 58
23 68 49
23 107 9
23 140 1
23 199 4
24 28 53
24 36 99
24 68 3
24 199 37
25 61 64
25 70 96
25 75 4
25 123 80
25 134 33
25 137 8
26 86 10
26 104 78
27 49 22
27 81 41
28 36 54
28 68 52
28 199 34
29 30 79
29 170 16
29 175 85
30 63 21
30 170 1
30 175 98
31 50 10
31 97 80
31 130 100
31 180 84
32 122 82
33 63 91
33 105 73
33 194 62
34 66 34
35 83 30
35 150 27
36 68 1
36 199 52
37 79 76
37 151 56
37 165 65
37 171 75
38 127 94
39 110 43
39 116 50
39 120 11
39 140 11
39 156 83
40 58 15
40 119 18
40 167 84
40 169 88
40 192 5
41 45 44
41 60 6
41 77 85
41 138 66
41 176 57
42 53 39
42 65 42
42 195 99
42 197 53
43 54 31
43 107 88
43 112 56
43 163 28
44 52 58
44 55 81
44 98 12
44 102 78
44 114 17
44 121 81
44 125 74
44 144 71
44 164 16
45 60 60
45 77 58
45 138 86
45 176 74
46 47 34
46 108 81
46 146 11
46 173 59
46 179 26
46 198 98
47 108 70
47 146 38
47 173 40
47 179 63
47 185 35
47 198 26
48 49 76
48 69 3
48 178 58
48 186 73
49 81 94
49 91 51
50 72 14
50 99 60
50 136 74
50 168 95
50 188 40
51 182 44
51 183 37
51 187 92
52 55 54
52 98 79
52 102 95
52 114 81
52 121 41
52 125 28
52 144 21
52 164 13
53 65 5
53 195 38
53 197 96
54 83 44
54 107 65
54 112 5
54 163 63
55 98 19
55 102 69
55 114 38
55 117 16
55 121 39
55 125 34
55 144 37
55 164 30
56 88 85
56 143 90
57 59 42
57 145 32
57 149 94
58 119 66
58 167 8
58 169 4
58 192 91
59 145 82
59 149 39
60 77 5
60 138 28
60 162 81
60 176 31
61 70 58
61 75 32
61 123 22
61 134 3
62 95 26
62 103 27
62 115 70
62 147 92
63 105 40
63 194 84
64 76 19
64 84 93
64 92 63
64 94 62
64 96 42
64 117 93
64 122 42
64 124 20
64 135 49
64 159 56
65 195 45
65 197 3
67 102 96
67 133 55
67 153 40
67 190 82
68 199 55
69 178 40
69 186 43
70 75 3
70 123 87
70 134 44
71 137 18
71 155 39
71 172 3
72 99 29
72 129 99
72 136 44
72 168 10
72 188 32
73 90 40
73 91 38
73 113 26
73 148 2
73 157 75
73 161 1
73 166 87
73 189 31
74 106 75
74 152 99
75 123 29
75 134 75
76 78 100
76 84 20
76 92 13
76 94 52
76 96 43
76 117 6
76 124 93
76 135 18
76 159 16
77 138 88
77 176 88
78 109 4
78 118 75
78 174 50
78 185 86
79 151 35
79 165 50
79 171 98
80 181 69
80 193 27
82 131 79
82 154 60
82 162 28
82 177 8
83 150 53
84 92 53
84 94 83
84 96 71
84 117 82
84 124 8
84 135 56
84 159 51
85 87 86
85 97 44
85 101 33
85 132 44
85 141 65
85 191 27
86 104 52
87 101 30
87 132 79
87 141 92
87 191 22
88 143 67
89 93 100
89 100 65
89 126 11
89 128 28
89 160 33
89 184 90
90 91 59
90 113 19
90 148 77
90 157 25
90 161 75
90 166 48
90 189 13
91 113 57
91 148 64
91 157 7
91 161 70
91 166 8
91 189 66
92 94 24
92 96 40
92 117 85
92 124 37
92 135 89
92 159 98
93 100 68
93 126 8
93 128 28
93 160 28
93 184 93
94 96 91
94 117 42
94 124 26
94 135 45
94 159 31
95 103 48
95 115 26
95 147 8
95 165 94
96 117 40
96 124 25
96 135 75
96 159 57
97 130 84
97 180 91
98 102 58
98 114 95
98 121 31
98 125 30
98 144 27
98 164 61
99 136 84
99 168 80
99 188 92
100 126 19
100 128 82
100 160 16
100 184 73
101 132 65
101 141 24
101 191 100
102 114 64
102 121 55
102 125 36
102 144 30
102 164 2
103 115 81
103 147 31
104 130 13
104 181 76
105 106 7
105 194 12
106 152 63
107 112 20
107 163 40
108 146 6
108 173 26
108 179 13
108 198 79
109 174 48
109 185 31
110 116 1
110 120 73
110 140 59
110 156 10
111 139 31
111 144 77
111 196 41
112 163 47
113 148 69
113 157 64
113 161 74
113 166 32
113 189 98
114 121 14
114 125 11
114 144 10
114 164 55
115 147 64
116 120 41
116 140 56
116 156 86
117 124 19
117 135 72
117 159 79
119 167 57
119 169 24
119 192 70
120 140 72
120 156 12
121 125 98
121 144 94
121 164 42
123 134 80
124 135 27
124 159 33
125 144 100
125 164 61
126 128 62
126 160 93
126 184 4
128 141 24
128 160 46
128 184 29
129 200 84
130 175 81
130 180 86
131 134 93
131 154 44
131 162 74
131 177 37
132 141 81
132 191 62
133 153 23
133 190 62
135 159 97
136 168 81
136 188 62
137 155 58
137 172 88
138 176 93
139 196 13
140 156 30
141 191 19
142 158 70
144 164 64
145 149 47
146 173 59
146 179 79
146 198 22
148 157 30
148 161 100
148 166 20
148 189 61
151 165 99
151 171 21
153 190 68
154 162 18
154 177 20
154 198 13
155 172 77
157 161 27
157 166 90
157 189 58
160 184 11
160 208 98
160 209 5
161 166 15
161 189 64
162 177 89
165 171 33
166 189 27
167 169 83
167 192 6
168 188 61
169 192 17
170 175 1
173 179 88
173 198 45
174 185 41
178 186 8
179 198 15
181 193 31
182 183 7
182 187 34
183 187 46
195 197 44
201 202 9
201 203 4
202 204 1
203 204 8
204 205 2
204 206 5
205 207 7
206 207 3
207 208 10
207 209 6
201 5
