6 13 0.123 20
4.331436344600211500 -0.925682399335933100 -2.319864497817926800 0
1.393469854707652900 3.119663365109636800 3.650471510971404300 1
-1.592679784977562200 -4.294041987713342200 2.006134220404675300 0
-3.344704106774754000 3.146273469401456700 1.978362376781518200 0
2.396620910750218300 -3.042190825068128700 3.162480544450208900 0
3.763484992856195500 -1.354787160190377400 3.000122074037904000 0
1 3 8
1 4 2
1 5 11
1 6 12
2 3 7
2 4 14
2 6 14
3 4 10
3 5 17
3 6 10
4 5 3
4 6 6
5 6 18
2 5
