7 10 12.310 2
7.175023718144952800 1.017988428126960700 -8.275429548020875700 1
8.714687660142415000 3.719995162602130400 5.587115085299234200 0
6.693524985723245300 -6.607127412701127700 5.704611346781823600 0
8.430864696111624900 0.846719611493083060 -7.014526810510574300 1
10.516180180719346000 -2.079288850451623800 2.467085787530137100 0
-10.634434424261935000 -0.822407411320852710 2.689321573534348500 0
-7.660975176428012300 -6.075251746116092200 5.039918210394605000 0
1 3 1
1 4 2
1 6 1
2 3 2
2 4 1
2 5 2
3 4 1
3 5 2
4 5 2
6 7 2
1 5
