666 3000 734.126 23
-10.239184078979097000 -27.785590879908103000 -51.030579546494948000 0
29.592328914105291000 43.064550110155537000 27.399609363078707000 0
16.255443292012004000 29.416173359935907000 48.491744743186743000 0
-58.839754085371069000 3.971894656681056900 1.762779625843073900 0
33.038469350351299000 -4.900945727277728800 48.635792107913453000 0
0.792839752077600710 -44.574093268721896000 -38.646107364116340000 0
-1.349789435580520200 3.551200859485522000 -58.877559739982296000 0
39.658944293725781000 -38.432817437489724000 20.762627033295693000 0
-13.717850117381355000 54.222301448720536000 -18.781975768303475000 0
-47.393677392430305000 -26.068387627385814000 -23.564348277230138000 0
-41.125109050765765000 -38.036413290899745000 18.519089327677236000 0
-28.115052028825094000 33.880893761124781000 39.276314584795678000 0
19.866565197784258000 -53.202353917582990000 -15.994659260841701000 0
17.891284018922722000 -8.166058696545203300 55.625690481276891000 0
-19.776847767915914000 54.340945610458043000 -11.702047791985839000 0
-22.136428065658802000 -19.799028667193920000 -50.980162968840602000 0
-13.819229884173131000 42.094092401143264000 -38.963011566515092000 0
-4.933288775624006900 -38.757504404138174000 44.209936826685386000 0
-56.293156979680646000 17.662091945623697000 0.361919003875850690 0
-58.667539005834222000 0.646884137911031610 -6.221045564134647600 0
-15.882375495627702000 18.733924204478992000 -53.645039216284680000 0
-39.928284005615872000 -6.365818694170839000 42.967528305917533000 0
18.758367066850578000 6.907482775560477100 55.510452589495529000 0
-19.449977899001169000 26.603420410959050000 48.938291573839528000 0
-0.148514912594481440 58.453438571309235000 -8.010834070863978700 0
40.530476436708270000 41.715348821315473000 -9.905056917020173700 0
-19.235495466416555000 -52.508571421902964000 18.810785241248816000 0
51.879255959356783000 -17.216422200815146000 -22.206701864680930000 0
-23.388323237232534000 26.395448872915424000 -47.299752800073243000 0
30.267651736755681000 -37.436233992315927000 -34.108615375225071000 0
18.711811810042892000 -55.927621044098700000 1.723166600543229300 0
53.549817320309700000 24.627921324992215000 2.623462630085146700 0
-32.749181094635986000 48.641355551387463000 -6.519943845942563600 0
-39.194577038214966000 18.167176582423441000 40.183812982573926000 0
-25.596487216592397000 -15.146367080214313000 50.954954680013429000 0
-23.695584314659587000 -45.921902127025149000 28.472762230292673000 0
6.922873752504803400 -30.890319598861847000 49.788171025727102000 0
-54.269976215267299000 16.241799879715860000 16.491622669148839000 0
-47.472656305212631000 -18.224002812408106000 -29.920438245796078000 0
-3.212457831706926600 -39.495013224502941000 43.712973418378247000 0
-48.234205359354021000 -32.303955002194797000 10.531662953581348000 0
-52.673953844264929000 -20.441196870563051000 16.988586077455977000 0
-16.984378846460388000 -53.530584443459233000 -18.083346049378950000 0
-9.903096185056595500 -19.908072991332528000 -54.649769585253452000 0
46.654236575061127000 -12.632499118392476000 33.834925382244336000 0
30.661777696052667000 46.197781339009310000 20.164830469679860000 0
1.990454759766724600 58.048760579341049000 -10.362407300027467000 0
-44.918776577425639000 22.530103052923213000 -30.914365062410351000 0
26.917517201013798000 -10.141196114483513000 51.513138218329416000 0
23.166848692224924000 -54.164172388733533000 3.246467482528153000 0
42.798054714877452000 24.180687072996257000 32.628528702658166000 0
26.261197159704007000 26.171965694542919000 -45.895290993987850000 0
-12.849676453574274000 -57.465184767136179000 -3.693014313180944100 0
-3.339729467295059700 55.891098640937201000 -18.601916562395090000 0
10.671698892051779000 -30.889297143460769000 49.121951963866081000 0
-40.800061122826207000 17.959817413052225000 38.649708548234507000 0
-30.457918356145456000 25.021682137930686000 43.900234992522961000 0
17.393605775519834000 1.078676367671138800 -56.367534409619438000 0
-35.808476931153848000 46.279069286781976000 7.549882503738517800 0
-36.978248755256551000 5.004350686501881600 -45.700827051606801000 0
-39.675440158197134000 -1.625195253991222400 43.637348551896721000 0
-30.683341088804990000 -31.284918002427847000 39.506790368358409000 0
-12.321413388429908000 23.545445649509009000 52.676320688497576000 0
-49.210738934488170000 29.863647500955377000 -12.940855128635517000 0
38.770243605075514000 36.058937188856618000 26.031159398174992000 0
-31.330044836662232000 -20.765847100274375000 -45.477553636280405000 0
26.756265972215882000 -32.212012268012280000 -41.563066499832146000 0
-19.772204187094271000 -17.179081930953952000 -52.867183446760457000 0
-55.695668475394903000 -9.493981682527834900 16.995788445692313000 0
14.758371146015525000 -31.518933241500406000 -47.641865291299176000 0
23.095028396922388000 53.037231386175947000 11.604815820795311000 0
-41.911796092459397000 1.515583983554302600 41.498245185705130000 0
-42.280671349312698000 -38.256293000878969000 -15.159184545426802000 0
5.318763296661722400 -39.230754888048878000 43.745384075441756000 0
9.102036534734066800 -53.942579442065188000 22.098666341135900000 0
55.165619687305565000 -18.978843860707585000 -8.806695760979033900 0
24.074420183639248000 -38.149601555639613000 38.026703695791497000 0
9.962875001105643900 58.026487911818926000 -3.829859309671315600 0
35.939436211460951000 46.790337177411217000 0.145847956785790570 0
-24.588366820151133000 15.330956681698689000 51.394299142429887000 0
11.583851829093046000 -32.834377326553017000 47.631061738944673000 0
-18.569522595753131000 -21.557614562766588000 -51.685995056001460000 0
1.780013357855397200 54.665946656063063000 22.123874629963073000 0
-39.988966366496861000 -16.309072970322699000 40.198217719046596000 0
-58.529202571873597000 -0.836183535478945640 -7.391430402539139500 0
26.915320950316183000 47.304010811804680000 -22.779290139469591000 0
-58.581812629562833000 -1.679833262771540000 -6.808038575395977800 0
-33.567284021468375000 -34.422905504101742000 34.195043794061093000 0
26.628306607070570000 40.020581186142245000 -34.209448530533763000 0
-12.270472676051435000 46.472102401096187000 34.216650898770098000 0
-57.113045594478955000 2.131078979274336300 14.647816400646992000 0
-27.498575458115798000 49.436768575140718000 16.758110293893246000 0
-15.049086990783728000 -39.252761150388039000 -41.397412030396438000 0
53.706838602630604000 20.281148960496399000 13.610675374614704000 0
2.872757753749491300 10.088265575817605000 58.060090945158237000 0
-55.495166268004922000 15.146336724277926000 13.110110782189398000 0
28.500780017922775000 -49.558468425451849000 14.582995086519974000 0
36.468614981477593000 -6.732268830633721300 -45.888088625751514000 0
57.126653195062183000 -12.323276516315220000 8.104464857936339000 0
56.567516002041259000 16.252043437690098000 4.121555223242896900 0
18.910578850364573000 -34.961599571286726000 43.601336710715046000 0
-55.799446130355825000 2.382136919878140800 19.019653920102542000 0
38.854296729830857000 -7.427220531167831700 -43.774193548387096000 0
16.888707513798295000 49.592033912145766000 -27.136722922452467000 0
17.583399398751020000 -56.108255839192353000 4.867000335703604500 0
26.071189145502412000 49.347229019337405000 19.134891811883907000 0
-42.861161615157542000 16.652059522468061000 36.967955565050204000 0
-47.083803001868503000 -10.133228732451355000 -34.079805902279730000 0
-16.433571149511323000 -55.074119195093665000 -13.333384197515793000 0
-46.224968236580878000 34.483806013717498000 12.454695272682882000 0
-34.985245942029188000 19.983893744287865000 43.100772118289740000 0
0.774343476989207360 28.889143503366689000 51.437513351847898000 0
24.316570777476393000 -8.085122298267878100 -53.144474623859374000 0
9.121675349327887300 -52.463355852617546000 -25.404553361613818000 0
31.217345450281847000 50.062211020481165000 -0.502365184484389830 0
5.273537144084724700 -18.045225896890479000 55.924588763084813000 0
-8.261454642774053200 -6.062532251425962700 58.103305154576248000 0
24.619885993913158000 30.618611340454173000 -44.015472884304330000 0
13.577334128365688000 37.184436081854528000 43.748985259559923000 0
7.344072886898089800 53.475888513375658000 23.820032349620046000 0
4.450769566190071000 58.537775200849893000 5.875331888790551500 0
25.206316630639357000 50.296512535431859000 17.773644215216528000 0
47.508255797649113000 -12.971357716272026000 -32.491683706167791000 0
42.097696822926508000 38.024720596881203000 -16.214331492049929000 0
-31.790898843287746000 16.708184286880172000 -46.809991760002440000 0
-12.200661186347837000 -21.727845583822706000 -53.479384746848964000 0
28.862940979394075000 20.146763956539584000 -47.350169377727589000 0
33.850087039936113000 34.112358012675401000 -34.227454451124608000 0
17.796259273576890000 -54.507956716995828000 -13.898770104068117000 0
-29.450723473273491000 23.043651343254833000 45.636005737479785000 0
-37.686247654530519000 38.469366589585974000 24.100924710837123000 0
14.377380664497169000 46.884152666299826000 32.804986724448376000 0
15.356058176571615000 -33.682552426370115000 45.942106387524028000 0
-18.404352186292147000 -16.626925045023896000 53.533402508621478000 0
18.851604707923386000 54.906984212525899000 -10.528061769463180000 0
-41.983472528016492000 31.925300819250062000 -26.441694387646105000 0
51.959765714327368000 27.365481132556191000 -5.684469130527665100 0
9.533223629795994500 46.220619417314438000 -35.408642841883605000 0
14.092828880569085000 -54.841228982100333000 -16.578051087984864000 0
-10.701211032734582000 34.908227762496004000 -46.345439008758810000 0
-11.642375364989253000 33.920047572514882000 46.849604785302283000 0
-42.210405602563661000 13.859656407143467000 38.822565385906550000 0
46.357197351643940000 -9.563710330897144700 -35.221381267738884000 0
46.988615049474113000 35.638993651947196000 1.712363048188726400 0
39.024556364584186000 -14.916552277677885000 41.660298471022678000 0
-23.819131480074610000 53.977523845323560000 0.275490585039826650 0
-21.626313548320923000 -7.308256160742305800 54.404889065218057000 0
-21.334854919250848000 52.033495183073178000 -17.842066713461715000 0
-42.003136275117107000 35.932785739185618000 20.629383220923490000 0
-49.257122599527705000 -25.383668385869036000 20.258461256752220000 0
-14.902915321448008000 10.093103841440751000 -56.187475203711053000 0
21.343084227360592000 5.008321249323196300 54.775811029389324000 0
26.483359491647569000 -52.718467116801364000 -0.628406628620258090 0
-15.023256197072643000 16.027618441426686000 -54.757805108798486000 0
42.983567169342322000 27.660932558602045000 -29.466689046906950000 0
47.583336261496981000 -16.013951243602772000 -30.989989928891870000 0
-17.057203828393892000 -55.188492174323372000 -12.011749626148259000 0
-38.399899890372346000 5.496990365561374300 -44.454817346720787000 0
26.351598859218228000 40.576058464909153000 -33.766502883999152000 0
28.942060476959856000 -44.903382719653031000 25.040833765678883000 0
26.859468218804373000 -45.326477634445830000 26.553331095309304000 0
1.826309952914597600 4.922487391089226200 58.765923032319101000 0
55.353509085178118000 18.960428855401954000 7.582293160802026800 0
17.952675183025658000 -35.516072670479424000 43.558122501297035000 0
42.656854457671464000 40.755173636258412000 -0.639210180974761230 0
17.131845501275588000 -29.644776522854510000 -48.048799096652118000 0
-34.593769160516068000 -47.757561152940255000 1.867213965269936400 0
37.773224181871186000 45.263079865226381000 2.331766716513565400 0
18.756744966753388000 -14.924201550541058000 53.911526841029087000 0
28.279621799217530000 -33.545640245263655000 -39.445570238349561000 0
-51.432634959943265000 28.534541912272754000 -4.632923368022705500 0
-44.890284742670502000 -32.349781831895505000 -20.478133487960449000 0
39.841987460223919000 -33.853088415176508000 -27.341990417188022000 1
-35.138127140684603000 -45.304912751383185000 -13.920377208777124000 0
15.100521423991264000 51.524826894874039000 24.457441938535720000 0
-32.145407994506371000 -49.073935208390147000 -6.278664510025330400 0
30.836325725781116000 -43.929931300347683000 -24.500656147953734000 0
29.415749336784330000 -51.081441265899599000 2.529831843012787300 0
-36.424549595601562000 -42.565582751063076000 -18.504684591204565000 1
44.280845558010192000 31.314532085055383000 -23.229438154240547000 0
-4.021980766666945200 -58.784880549501402000 3.026795251319925700 0
-34.998217263402914000 41.880661696108902000 -22.408368175298317000 0
23.500980868804390000 43.210367460208815000 -32.581713309121980000 0
-34.967255349722222000 47.444767677723966000 -2.699087496566667400 0
-33.208871634362922000 -25.596283277729910000 -41.509048738059633000 0
34.178139435934398000 18.101071599185119000 44.555650502029479000 0
-2.040691515450338200 -32.982835918299088000 -48.877071443830680000 0
-48.292625478124847000 20.423121497390763000 27.050294503616445000 0
46.265393596253503000 9.286079013047974200 -35.415845210119940000 0
55.851583036328229000 0.514081737369628810 -19.008850367748039000 0
46.311403104946066000 14.437680993712981000 33.582842493972599000 0
-40.713753454138271000 -7.205545033438087700 -42.088839381084632000 0
-0.552186577207304240 38.265378292487569000 44.904965361491747000 0
18.805506338083052000 55.922408855500500000 0.192663350321970270 0
-55.238352132647670000 8.947977301520213100 18.699148533585618000 0
34.980170968750642000 45.904802801577951000 -12.253028962065493000 0
11.949132864453642000 -13.415352721534566000 56.198278756065555000 0
-11.875255512782987000 52.869391246704581000 23.341074861903746000 0
-11.456224543386616000 -9.675682375158372000 -57.062562944425800000 0
41.830750354143802000 -6.623901069559035000 -41.076906643879511000 0
22.923885789233140000 53.313152942196446000 -10.639698477126379000 0
-48.144313368712929000 -18.800317380583046000 28.454756309701835000 0
-45.380908831163751000 23.221190386843706000 29.704367198706016000 0
-18.388903588285583000 55.226318063209106000 9.638569292275764900 0
7.787140818007460800 31.633328913628322000 49.190374462111265000 0
0.147304951551365470 -11.012959675544952000 -57.962858973967712000 0
31.127443540141073000 7.298000328427802300 -49.586504715109712000 0
9.170564336503133500 5.253480971019775400 -58.045686208685566000 0
5.379350040558356300 42.229580569901266000 40.850032044434947000 0
-47.271909238354709000 30.632516738706240000 17.550370799890132000 0
37.339848259517574000 44.189725151789972000 -11.576006347849971000 0
-35.297661374778016000 -42.536514384853071000 20.632984405041658000 0
32.358038445725313000 6.785662112384199100 -48.866267891476177000 0
25.825243214403287000 -21.369754676625366000 48.552964873195599000 0
53.109034538465238000 8.034411121710794700 -24.410626544999541000 0
55.618606103828512000 -10.510260330273251000 16.646473586230048000 0
4.381699102075124600 -37.242941869188698000 -45.549577318643763000 0
57.609302595038805000 1.502703097500700500 12.645558030945768000 0
-0.233855969771686050 57.391018965527827000 13.682699056978056000 0
-16.728349741436716000 -44.036532703523797000 35.523880733664967000 0
-38.202865552872055000 23.344167291329690000 -38.426435132908111000 0
-2.915951459086905100 54.599609883910666000 22.167088839381083000 0
44.938498349063401000 -23.087311773201701000 30.471419415875726000 0
-15.185726216104245000 -12.529066178653949000 -55.618488113040556000 0
38.879267846021271000 -43.431484278627124000 9.116397595141453500 0
-1.678176106453428600 -24.597318571116087000 53.601825006866669000 0
-5.288604350892185800 -4.363391843241339000 58.600268562883386000 0
48.446017261028260000 -33.088936169567461000 -6.253456221198156600 0
-17.029421792780493000 -35.159093417931047000 -44.213538010803553000 0
-27.959841073492971000 -24.605119529055781000 45.758445997497482000 0
9.497711270665924100 -10.795782406449439000 57.221015045625172000 0
43.060876225097545000 -13.279507056027438000 38.084322641682178000 0
-43.734352110121584000 34.531893337658580000 19.386974700155644000 1
-5.792813995815015100 57.320282725228189000 12.721182897427290000 0
-46.388651209336231000 32.918682681486835000 -15.666951506088443000 0
2.915822224012704300 -32.917014868189746000 -48.877071443830680000 0
-49.827845942598245000 -8.120572090793881900 30.532639545884575000 0
24.128671947889341000 5.940954694403082200 53.511795403912473000 0
40.880589486622100000 -42.497583965508532000 1.932035279396954200 0
17.819440609804943000 6.092303321564930500 55.913785210730310000 0
33.550419364091603000 48.524986841313350000 -0.833674123355815370 0
-39.231418235579604000 -37.880171431710096000 22.516403698843348000 0
-9.261864097109667100 56.985672843870546000 -12.159398174993134000 0
41.724076252953417000 -21.719826227964628000 35.613910336619163000 0
35.179557405366971000 45.764692625231746000 -12.206213568529312000 0
40.124873422745154000 14.679336405515439000 40.687978759117406000 0
58.651593029092581000 -0.753566698317928220 6.357890560625019600 0
19.800330433245286000 52.932044046949564000 -16.945371868037967000 0
58.956791589545460000 2.194214882413820300 -0.531174657429731130 0
-26.230105330239496000 33.886502442178731000 -40.554734946745199000 0
-48.335773032300132000 9.783615069416146800 -32.387249366740932000 0
-15.322590522007697000 28.982226737439305000 49.053529465620898000 0
-33.993275752316897000 48.200988475221230000 -1.456678975798821900 0
5.587115165671641600 -55.444287129183095000 19.383373516037476000 0
-54.837777047774928000 19.497461257463666000 9.678182317575609900 0
57.521839439090847000 3.844151485246107400 -12.548326059755242000 0
24.078217313273562000 -1.331072843186127800 -53.846705526902070000 0
-35.353475669718108000 -46.091462630589220000 -10.329996642963957000 0
30.255728385391087000 -14.417031337663277000 -48.556566057313766000 0
-29.484607218741154000 49.442540563926421000 12.926450392162845000 0
-19.625008137188733000 -45.846861059468750000 -31.526566362498858000 0
51.813184916870526000 -11.562373901245328000 -25.743064668721580000 0
-3.321550514780437600 -8.882065902700960100 58.232947782830287000 0
-39.974082690144549000 -37.660380734188777000 21.558488723410747000 0
-29.728156141033608000 8.175010881779645200 -50.303140354625079000 0
-24.301482037190372000 10.172969746396124000 52.791558580278938000 0
-26.008987659277533000 9.129637837900388000 52.164952543717760000 0
34.292995614643388000 -47.620474214798428000 6.105807672353281900 0
-41.792997642054004000 -23.723969100626029000 -34.227454451124608000 0
-3.103409274332962700 22.874014653096943000 54.296853541673030000 0
-39.185719435690821000 -36.145210298810653000 25.278511917477950000 0
-3.428366982637994100 -57.190283664597082000 14.089632862331005000 0
21.697886469242530000 48.878378690894316000 24.921994689779350000 0
-23.197191384831100000 -8.257736976010569700 53.616229743339339000 0
4.175557698622001500 -33.185479195706286000 -48.603381450849945000 0
-54.208746495690740000 23.145961301829480000 2.583849604785302100 0
-4.050195012085659100 1.191852495904597500 58.848750267036955000 0
-0.100508064366204620 16.772681575957083000 56.565599536118654000 0
-31.246025903845236000 -31.675865664577682000 38.746940519425031000 0
7.433749676178383200 -16.255888626554448000 -56.227088229010896000 0
-35.960420131847208000 -1.314183936092998800 46.755973998229926000 0
12.176653985972505000 -20.684035548036473000 53.897122104556416000 0
-3.388710194118003600 -47.139285125033460000 35.318613238929409000 0
-21.065296183463381000 6.388089036454060100 -54.739799188207648000 0
24.669599446069739000 -39.629477678151538000 36.082064271980961000 0
-50.149281833535433000 -13.377784232796447000 -28.055024872585221000 0
5.901008198606016100 -47.117405260435035000 -35.016113773003326000 0
28.376027541872450000 41.328462575972324000 31.108829004791406000 0
-10.016976630777672000 3.834343882384374500 -58.016876735740226000 0
0.524117705656333640 58.464520886078091000 -7.913602099673451700 0
-22.310579504720501000 15.474702250537156000 52.381023590807821000 0
8.819341476151803900 17.464080579665186000 55.661702322458574000 0
-33.589195481033556000 -3.168583030425034400 -48.401715140232554000 0
3.354422112233217400 -0.460185655166953870 58.902768028809476000 0
27.287106434034978000 -25.811629052100816000 -45.499160740989410000 0
56.482460462626818000 9.856735054993709600 -13.913174840540787000 0
23.696975908074972000 -54.022922459420343000 -0.988525040437025050 0
57.758916746530971000 9.862783394076450000 -6.901669362468337200 0
32.671870054317935000 47.351300905536583000 13.092104861598559000 0
40.521994315150110000 -22.823024167132683000 -36.305337687307357000 0
-30.833985020465366000 -34.080855982223625000 -36.996765037995544000 0
-10.218814585556272000 -51.565595097243573000 -26.787408062990202000 0
-15.763697608858413000 -36.324610096241265000 43.738181707205420000 0
22.756799261701691000 -47.834392332887205000 25.980742820520643000 0
-43.871221021446381000 39.375321350593865000 -2.428998687704092800 0
11.150928582531410000 -49.577947504502866000 -29.978057191686759000 0
28.416296519515328000 -43.626957556856063000 27.752525406659139000 0
23.283752611211501000 38.083477139946154000 -38.581286049989316000 0
15.170313101778154000 -25.235064687970315000 51.127811517685480000 0
-37.031725512221058000 40.460929790505446000 21.738547929319132000 0
54.649345983010868000 -21.033144253159215000 -7.214972380748923400 0
36.101707254137267000 46.390960001742037000 5.054261909848322400 0
56.198195367463512000 -15.262977488362734000 -9.476516006958219100 0
-16.656118221447581000 -22.536189714519125000 51.920072023682359000 1
44.162536648132736000 -29.058515102945179000 26.196813867610704000 0
-24.068636072078768000 -51.802898334049992000 14.770256660664693000 0
-40.853275071683520000 35.003407054258666000 -24.223364970854824000 0
14.440394158327083000 10.856807875137955000 56.165868099002047000 0
-28.158250999961066000 -10.188338967091717000 -50.836115604113900000 0
42.611205767096628000 -9.663424708891239900 -39.647236548966951000 0
-52.962390851033973000 -10.963456186547404000 23.575151829584645000 0
-21.939686024359254000 21.281785828159009000 -50.465193639942626000 0
-30.600814847011776000 -0.630879131183089580 -50.439985351115453000 0
-20.444460808816608000 -32.653462298773135000 -44.685293130283519000 0
-3.541345754484646900 12.727510158005531000 57.501907406842250000 0
16.339855952093814000 -53.503251713404040000 18.745963927121799000 0
-8.502384710660475500 -30.854989533338383000 49.564897610400706000 0
-5.132377106490244100 -29.943996680908736000 -50.576830347605821000 0
-44.057950525688717000 28.513875779382989000 -26.960264900662253000 0
-52.416823548321396000 2.892624230632258700 -26.927854243598745000 0
-7.942988858512235200 -7.491877873570715900 -57.980864894558550000 0
26.221302791295479000 -46.002140607053342000 26.023957029938657000 0
-32.638850173729139000 15.372515807198331000 -46.683950315866575000 0
33.904687239284570000 45.535146728732343000 16.063081759086884000 0
54.430400379841146000 -7.244000122453103400 21.583697012237920000 0
-57.419107000514508000 12.127343583840950000 6.080599383526109000 0
-22.000321343010860000 47.951489771299428000 -26.412884914700765000 0
-31.062230391309665000 24.208686237486511000 43.932645649586476000 0
8.249388979985527100 34.073569926039802000 -47.454603717154455000 0
-48.827352040698962000 -31.243099695483611000 10.989013336588641000 0
-25.548949213618393000 -44.912613045184564000 28.479964598529008000 0
13.583413931104538000 -42.346326201537508000 38.772148808252204000 0
-47.379299698990764000 6.754590229229561000 -34.504745628223517000 0
53.915060811100709000 -9.803364181010085300 -21.864589373455001000 0
-52.655818346766296000 -17.569456011198923000 19.991973632007809000 0
-58.826813197726949000 -0.738894862322871050 4.456465346232490400 0
-16.496716189962534000 34.856540875144645000 44.652882473220011000 0
40.739582863044895000 39.058084157441463000 17.197454756309700000 0
57.237599267937533000 -1.569891007510297600 14.226477858821376000 0
-46.222706887864149000 9.734807520620727000 35.351023895992917000 0
38.071556867701339000 -9.754262383960020000 -44.004669331949827000 0
25.405485835370136000 -28.755174069871533000 -44.818536942655719000 0
37.570831445013795000 19.944022661283604000 40.886043885616623000 0
-24.223285241278699000 28.384271329713108000 45.700827051606801000 0
18.474408676098722000 56.002112289871611000 -1.860011597033600900 0
-41.058928158850932000 -7.299117865351290900 -41.735923337504197000 0
-31.994650792938291000 -42.500192528816413000 25.516190069277016000 0
52.671344263042286000 22.507437877262934000 -14.147251808221688000 0
57.073744485396247000 -14.809534519653274000 -2.065279091769157900 0
1.970732809314273500 -57.797190346946863000 -11.687643055513169000 0
-23.668594540414361000 -46.524437597614629000 -27.500442518387402000 0
8.326372392999005000 -37.421745579972331000 -44.847346415601066000 0
-48.862121545787048000 18.886513650174773000 -27.143925290688806000 0
53.814333099671721000 -16.381287601964168000 -17.795251319925534000 0
5.966315398463306600 37.925130200265123000 44.800531022064881000 0
24.977425413502111000 -47.585817082123945000 -24.345805230872525000 0
47.291632369801064000 -30.394816481877040000 -17.906888027588732000 0
-22.343918875655824000 29.597848089908254000 45.888088625751514000 0
30.270753114612397000 10.375231714615554000 -49.568498794518874000 0
55.097048635390856000 -13.129758318713899000 16.520432142094180000 0
46.998222249359650000 34.857675964377840000 -7.557084871974852900 0
-10.498263507279979000 -36.880183637602663000 -44.840144047364731000 0
27.059222702860605000 -52.256053734314094000 -4.254799035615100400 0
-45.087437513512782000 18.570193745279649000 33.215521713919493000 0
-6.291415845154860500 58.442654361864513000 -5.086672566911832200 0
-41.318354664153688000 -28.799606910267673000 -30.730704672383798000 0
50.571637314936567000 -7.779548778723416500 29.376659443952757000 0
-44.530987597828769000 -32.220771830200569000 21.443250831629381000 0
24.948997774272279000 -50.311823342125791000 18.090548417615285000 0
-44.435438085003916000 38.146572353726967000 7.164555803094577500 0
13.084371806750795000 22.343383873094197000 53.014831995605334000 0
28.536955313806853000 40.373690328916020000 -32.196386608478043000 0
-28.074906170497631000 -35.059775552650535000 38.257179479354228000 0
10.510651485728912000 -54.999061104653819000 18.591113010040587000 0
-42.912185238593409000 34.691623357507751000 20.881466109195227000 0
28.559256545025313000 6.137839362853487300 51.261055330057680000 0
53.109070355889827000 -12.828339564088378000 22.267921994689779000 0
56.630654821006253000 4.658168000326354800 15.883022553178503000 0
-16.607179428679636000 -56.047960211830201000 7.989226966154973300 0
43.011002787445655000 -22.884756749218262000 33.276741843928342000 0
49.997393761301311000 -27.581759920013255000 -14.849482711264383000 0
-27.180726840978114000 -52.306337813887851000 2.501022370067445900 0
-41.578903316412351000 -14.918145472719624000 39.110660115359970000 0
-28.692767319651701000 33.452264931894717000 -39.225898007141332000 0
-4.666934524321258800 -19.447600602826448000 -55.506851405377361000 0
30.301415559342065000 37.170843698621894000 34.367900631733143000 0
3.922569069382893800 -30.192765974881091000 50.537217322305978000 0
-11.696519587410858000 -1.685816012727101100 57.804406872768332000 0
-43.502470782818598000 39.134822217173252000 7.549882503738517800 0
-5.871583928173403200 -8.373287163391104600 -58.106906338694415000 0
33.375677741756476000 46.141105958104617000 -15.429273354289377000 0
-37.548363726352619000 -17.579386712511553000 41.977202673421431000 0
7.106124910032375100 58.560297374219203000 1.092959379863887500 0
57.970311519682191000 -1.879263120328531500 10.812555314798425000 0
-21.430870730997530000 -52.353448015283412000 16.758110293893246000 0
-26.097757858018426000 -51.888851431601942000 -10.366008484145635000 0
6.174484586976117100 -9.256731167551477000 -57.941251869258700000 0
22.669087729706266000 -48.029316408735347000 25.696249275185401000 0
-45.545643871054303000 24.824858144742791000 -28.112643818475906000 0
-28.325566883272540000 -37.372188648315273000 35.804773094882044000 0
2.192043405598171000 -29.735326262926904000 50.911740470595419000 0
-47.241759866973339000 -29.342346205862583000 -19.703878902554401000 0
21.354674646289713000 -15.636152905081200000 52.730338450270089000 0
23.130179595289910000 45.780616952652416000 -29.156987212744529000 0
2.487664839992835800 -36.513686016746007000 -46.277016510513626000 0
36.302910932942886000 40.179839078357475000 -23.423902096621600000 0
-7.844139913138647600 31.080576012046254000 49.532486953337198000 0
-8.890253363726131400 -48.826776534920931000 31.904690694906456000 0
4.385877815614517100 -54.114045151967240000 23.096194341868340000 0
33.211640159837408000 -44.231411044093583000 20.532151249732962000 0
46.799119482873330000 30.014908449882654000 -19.747093111972411000 0
14.873679529232707000 1.257901151830966400 57.080568865016637000 0
-38.295704343315371000 40.310270443998427000 19.736289559617909000 0
-31.997095869026293000 -5.416405680147687600 -49.273201696829126000 0
-45.336238752419867000 3.654759332042381000 37.580156865138704000 0
14.760461359260727000 31.523397236278971000 -47.638264107181008000 0
57.277833623292508000 10.789682337343761000 -9.156010620441298500 0
2.743718613228170800 -51.653624332662751000 -28.379131443220313000 0
-18.216052765747502000 39.986238298183160000 -39.373546555986209000 0
-20.527153125481295000 -0.419258519785125790 55.312387462996305000 0
21.757621937932473000 -54.746957694587891000 3.221259193700979600 0
53.189218488730312000 13.605802827189027000 21.605304116946925000 0
-17.297992449016235000 -34.623968194452054000 -44.530442213202306000 0
15.597624563117012000 -53.070147742398447000 -20.524948881496627000 0
24.969804078227899000 -52.668206027518188000 9.141605883968628300 0
-52.658871158312010000 19.419498572326148000 -18.191381572923980000 0
37.317967716996989000 40.251442021767872000 -21.637714774010437000 0
-28.004287139644099000 18.778691058880373000 -48.416119876705224000 0
2.814177359910779300 45.840889015589759000 -37.036378063295388000 0
52.344161556761762000 -20.712677771653883000 17.665608691671498000 0
-48.637801801554296000 -24.899496271141331000 -22.257118442335276000 0
25.415634783248358000 -35.724643945906223000 39.481582079531236000 0
34.777135430841511000 -4.066241144807421800 -47.487014374217964000 0
-30.322189666585331000 49.842355806723369000 -8.792291024506363700 0
-15.503358283783744000 -46.411825892895145000 32.963438825647756000 0
53.640184434738444000 19.286271267290505000 -15.224005859553818000 0
57.509612645675794000 -9.786168482895892100 -8.824701681569871800 0
18.209746429422527000 -25.741947164270378000 -49.867397076326789000 0
40.407936609144201000 23.811560288649602000 35.793969542527542000 0
-1.973075800001084400 58.692016731265042000 -5.688070314645832700 0
12.941235871545461000 6.267363980603230200 -57.221015045625172000 0
-8.504153445313967600 40.973103705280238000 41.591875972777487000 0
49.611772696496367000 -21.787567790312639000 -23.344676046021913000 0
-57.273871486597258000 6.991815132563872700 12.321451460310678000 0
-24.079006247624353000 -16.660291304392956000 51.221442304757836000 0
32.656372693615971000 -37.918584376625532000 -31.252876369518116000 0
-49.477445276749037000 30.665255020774374000 9.624164555803094600 0
-11.827186893896776000 -31.224617508787805000 -48.642994476149788000 0
-32.486517554094220000 2.361977418544339200 -49.193975646229433000 0
-29.607963107751935000 -50.883630272676804000 -3.901882992034668700 0
-8.478025743277132900 -7.923118996211025300 -57.847621082186343000 0
-18.122443087523475000 -4.166502901480420500 55.993011261329997000 0
23.696668300903674000 16.676148449068744000 51.394299142429887000 0
-17.480793606810614000 -42.938468230936657000 -36.492599261452071000 0
15.465948354360172000 42.763584232273175000 37.590960417493207000 0
-10.505021412657580000 -55.576280293980524000 -16.790520950956758000 0
-48.557119243620654000 -31.386075766191965000 -11.752464369640187000 0
-47.455628874175424000 -11.892229486048434000 -32.977843562120427000 0
-19.340919826763898000 -3.887766982006233300 -55.604083376567885000 0
54.419054530801532000 7.189397543417850800 21.630512405774102000 0
46.142013752913790000 -2.843765149896619900 36.658253730887786000 0
1.949067320368793600 -58.478753103184559000 -7.578691976683859200 0
-40.554507561541953000 -42.852157200606833000 0.156651509140293580 0
40.297078841710714000 -25.692368249160083000 -34.598376415295874000 0
10.437758294594341000 -19.502225345884785000 -54.696584978789630000 0
-1.745107469126539100 -47.071781658471259000 35.527481917783135000 0
-34.206931164054062000 -14.932465423798732000 -45.693624683370466000 0
20.748417050712021000 -54.508928267119913000 8.903927732169561800 0
-48.778168106518798000 20.134071581786845000 26.387676625873592000 0
-34.263435364043026000 48.014923599151935000 1.258613849299600200 0
-22.721227544460376000 -14.928502916950466000 -52.363017670216983000 0
57.505338281891419000 -12.520413550933760000 4.168370616779077100 0
35.654098798721222000 -43.226847381610867000 18.472273934141057000 0
50.023746214607186000 12.734773708099935000 -28.573595385601369000 0
33.563563654849823000 -39.999930255590947000 -27.468031861323890000 0
49.055896596821910000 -10.493698477771510000 31.054811243018893000 0
-36.897815290919795000 35.030242426196558000 -29.873622852259899000 0
-6.446323105355847200 -56.614980451514903000 15.303231910153508000 0
2.076118640653739500 -18.566040223453513000 55.964201788384656000 0
27.345638355378817000 -35.700978147886048000 38.192358165227212000 0
-16.673468275432633000 -38.240166596027301000 -41.721518601031526000 0
8.762931333913462200 56.406268610830885000 14.917905209509566000 0
51.246952500133681000 -25.220173458501030000 -14.788262581255530000 0
39.128112998692188000 -32.988962931893383000 -29.355052339243752000 0
-7.885320470540141200 -11.425841530785334000 57.343455305642877000 0
-7.547906507479954300 53.848907006462085000 -22.898129215369121000 0
7.460033650560634800 -58.030882741914937000 -7.600299081392864600 0
44.940470666174406000 -23.230103103792654000 30.359782708212531000 0
4.442270826695416700 -50.040074248003307000 -30.939573351237524000 0
-6.278531249082101700 58.322965882608706000 6.325479903561510600 0
4.766486653329127200 -45.130862777059590000 37.702597125156409000 0
-50.043113931188948000 30.381907499426223000 7.323007904293954000 0
33.317719193689271000 34.016583821239799000 -34.839655751213108000 0
-16.455023484663627000 -7.096930088910912800 56.212683492538225000 0
-4.050295143199441800 28.775528177777588000 51.347483748893708000 0
40.891890831082769000 9.281761018568826000 41.505447553941465000 0
24.030263831451752000 32.054788866306644000 -43.313241981261633000 0
-27.722266738689630000 15.000008570441748000 49.874599444563124000 0
37.374606594907419000 0.422853917511299420 -45.650410473952455000 0
54.090138281047125000 -16.862718662138281000 -16.459212012085331000 0
22.537341638235407000 -54.209552103597012000 -5.864528336436048800 0
-53.213152568778462000 -20.638704268756626000 14.946714682454910000 0
23.924079841062561000 24.529193028652394000 48.030793176061280000 0
-12.909598780421259000 -28.805198861211043000 -49.845789971617783000 0
-32.450010676743148000 -22.803623482554251000 -43.680562761314739000 0
-37.605713259166919000 45.388699601213176000 -2.583849604785302100 0
58.956030525373812000 -0.474821201266548420 2.227332377086703300 0
-24.117890013782290000 -20.817250987593464000 -49.658528397473063000 0
45.110995965518285000 0.718026324742814580 -38.019501327555162000 0
-24.135868334619488000 -52.927071842286608000 -9.858241523483993500 0
-56.252604256420256000 1.850574370937587300 -17.698019348735009000 0
42.882959909025637000 40.486345556205045000 -1.705160679952391100 0
-11.498274591459326000 -49.587663804826150000 -29.830408642841881000 0
-17.402022965255117000 56.075390324515169000 -5.806909390545365900 0
55.121499567455906000 -2.506753812187216800 20.888668477431562000 0
-27.791452341890150000 51.795021863766245000 5.090273751029999800 0
-43.376614432280277000 37.208716609411510000 -14.662221137119662000 0
52.967044047889217000 -11.883854217209812000 -23.114200262459182000 0
57.503100306376702000 -11.943655511870823000 -5.634052552873318300 0
-44.025125508282365000 3.625546761631474700 39.110660115359970000 0
39.290815342859020000 15.390809558239628000 41.235358745078891000 0
34.405476911892748000 29.956938577684301000 -37.414502395702989000 0
11.292492772040296000 48.341996108703448000 -31.883083590197451000 0
57.229576093043597000 -8.938606384293798600 11.219489120151373000 0
18.987476010017264000 42.290697650970216000 -36.496200445570238000 0
27.482294732101433000 48.107132797784210000 20.283669545579393000 0
-16.928636905614383000 -45.534342019661317000 -33.482009338663900000 0
42.939294322927502000 -19.807953999761207000 -35.282601397747733000 0
-11.601427991910706000 51.191029972049513000 -26.942258980071415000 0
-50.451706729545464000 6.620975119809362000 29.862819299905397000 0
58.554414372705061000 3.529862101577868400 -6.318277535325174600 0
-52.942870763463262000 -1.518136625396941700 25.995147556993317000 0
-2.331104727262156100 58.626685476250145000 6.203039643543808900 0
20.875770792832387000 -14.667058386090666000 53.198492385631887000 0
-32.757010423209842000 -0.562228843744168930 -49.067934202093568000 0
-4.745979110398293300 -56.602095851820202000 15.958647419660021000 0
-2.071305853476919100 58.602047953182556000 -6.519943845942563600 0
57.337478641331771000 -7.161433846891000600 11.921720023194068000 0
41.782702161809915000 -6.920515922060433300 41.076906643879511000 0
51.014589485375446000 21.649245604462710000 20.244056520279550000 0
0.061168013223772362 47.258199571359128000 35.322214423047576000 0
3.774216560690819100 -50.667618030068418000 -29.992461928159429000 0
57.340069473592195000 11.783683827016112000 7.366222113711966600 0
-47.911291785192311000 16.704326715749456000 30.107699819940798000 0
27.867807465217055000 51.949279631457301000 2.378582110049745100 0
1.423102116759387100 42.453460989652392000 -40.947264015625478000 0
40.048122549348207000 18.297591710950179000 39.272713400677510000 0
24.653929715233055000 24.112708466873613000 -47.872341074861907000 0
-14.896153834563526000 -52.102159220000566000 -23.333872493667407000 0
-21.364273811157759000 8.399440045513669500 54.350871303445544000 0
25.060027222248895000 -34.297472286668693000 40.947264015625478000 0
57.330851893558233000 -3.952872559541726000 -13.362193670461135000 0
-18.906540080973492000 -55.885674995185724000 -0.577990050965910830 0
53.641560786964142000 23.741573775237313000 -6.318277535325174600 0
-0.407247821764046720 -54.108777442075343000 -23.517532883693960000 0
-34.245656788038552000 -24.858860086427590000 -41.112918485061186000 0
12.097196760897345000 31.671342653303174000 -48.286477248451192000 0
37.681678066499565000 -44.473037469920342000 -9.123599963377788700 0
-51.039943673620009000 -28.960097129820511000 -6.102206488235114400 0
14.660115929328118000 -43.539879706343882000 -37.018372142704550000 0
37.132621814430642000 22.714640874118146000 39.827295754875330000 0
-49.835401660338157000 -9.491657307618099900 30.122104556413468000 0
44.535381297199919000 28.563045783484483000 -26.110385448774682000 0
41.780953117471896000 -4.349913640665215900 -41.429822687459946000 0
-52.821323522685020000 26.152426982371850000 -2.637867366557817400 0
-19.407557000808211000 55.707637385936302000 1.002929776909695600 0
44.658865783663131000 9.723401079499156600 37.310068056276130000 0
50.194571918905901000 -13.860072567052335000 -27.738120670186468000 0
-12.546068491919579000 34.888657612084195000 -45.895290993987850000 1
31.745583957281802000 36.590579159562907000 -33.680074465163123000 0
50.293218806962493000 -30.369007684930374000 5.414380321665089600 0
-41.887121031372693000 10.556554092026934000 -40.187414166692093000 0
-45.201500322670199000 31.121409559228248000 21.662923062837610000 0
-51.839211566833590000 -6.732294432497438300 -27.356395153660692000 0
-9.202383003180941000 19.648299640657200000 54.865840632343513000 0
-10.755829345540363000 44.632027406085633000 37.057985168004393000 0
32.783856896266684000 47.611193081939675000 11.806482131412702000 0
52.616140462002861000 -25.919062713780910000 -6.383098849452193400 0
42.816726346654420000 -28.860407865384435000 -28.544785912656028000 0
54.496960826669913000 14.219011229781346000 17.575579088717308000 0
-58.474163993833699000 -6.513240020791694300 -4.398846400341807500 0
40.860890688014173000 -42.136178358130948000 5.994170964690084700 0
34.964872054930190000 -3.558966981593503700 -47.389782403027439000 0
-52.277939428447482000 -3.408125312487573200 27.136722922452467000 0
-23.691386543682629000 17.045392298315253000 51.275460066530350000 0
-35.031266418868782000 -29.083836081040452000 -37.522537919248023000 0
-0.148288023930898900 -58.364138296154103000 8.637440107425153000 0
-15.193357281849533000 -32.086710391455114000 -47.123294778283025000 0
-20.215287900642469000 -48.506146824280059000 26.823419904171882000 0
-53.871810675902175000 18.608854944798978000 15.249214148380991000 0
34.677719737214197000 36.035532526809263000 -31.303292947172462000 0
-30.113243844927151000 40.338052280597772000 -30.773918881801816000 0
42.914172056977996000 -31.536190437160158000 25.393749809259315000 0
-14.637680890031248000 -33.553578011901060000 46.269814142277291000 0
0.897637511401161660 52.740897380979632000 -26.430890835291603000 0
-47.075875290990915000 31.462847511217610000 16.581652272103032000 0
-44.338132702204270000 4.938675145379142400 -38.610095522934664000 0
17.730770531859278000 41.170454959415430000 38.361613818781088000 0
-43.054366217423727000 -9.811678952299267600 39.128666035950808000 0
-26.964815047905173000 -52.405524296376505000 2.749504074221015100 0
-8.605148957853590000 -39.844302936864935000 -42.654225287636955000 0
-53.240608384861176000 -22.913864784177360000 -11.017822809533982000 0
-54.425722029151160000 19.716156324287603000 -11.406750694296091000 0
-52.677280316798445000 18.456673921503800000 19.116885891293069000 0
0.326619931011206290 34.939141129475217000 47.541032135990477000 0
40.152359522550313000 1.741143997809721400 -43.194402905362097000 0
16.734792626889138000 -55.596894583939054000 -10.484847560045168000 0
-45.623236268122191000 -32.560028930582298000 -18.421857356486711000 0
-2.350395696039770900 57.178470114481129000 14.356120487075412000 0
-15.823725046969544000 -56.617764504874167000 5.003845332193975500 0
1.693158723107113000 -39.795045193982567000 43.525711844233527000 0
-33.950915810409768000 47.906492849187117000 -5.770897549363688500 0
3.136907378316283100 26.574810156056049000 -52.582689901425212000 0
38.674652252291146000 -16.675694303484903000 41.318185979796745000 0
-41.704872092029163000 18.962789428914817000 -37.176824243903923000 0
-37.779006960401688000 -40.772237999629240000 19.783104953154091000 0
-44.532987122677994000 37.743476656091858000 -8.558214056825464800 0
-5.863522753415456800 -52.208909824610160000 26.848628192999055000 0
27.946110028665156000 18.434373752487051000 -48.581774346140939000 0
36.126039764213118000 28.721830055879266000 36.755485702078310000 0
-17.413955151951889000 -55.623624185014336000 -9.152409436323131000 0
8.186486648588708400 45.732427323205535000 -36.366557817316206000 0
54.628467841215112000 7.099857704413675000 21.126346629230628000 0
12.497117677621008000 -52.142878807908438000 -24.615894039735100000 0
-48.928209115383254000 -21.672292434471299000 -24.846369823297831000 0
-53.792794112807606000 -19.091070065361283000 14.928708761864073000 0
57.297452049661281000 -6.821919785077685800 12.307046723838008000 0
-13.708030703380896000 52.859981166550753000 22.336344492934966000 0
28.771252139085181000 16.081390698919606000 -48.934690389721361000 0
-30.416650174354999000 5.389172773615168700 50.267128513443403000 0
-24.673481778793271000 50.941086630080541000 -16.650074770348215000 0
-11.565782340650602000 -57.723791263176416000 -3.898281807916501100 0
21.540590166858088000 -5.549707590334810100 -54.646168401135284000 0
-50.021619439731673000 -0.541958928406340630 31.281685842463457000 0
-18.353186558567618000 -50.219291837543970000 24.943601794488355000 0
24.494041057187875000 40.515561901763931000 35.206976531266214000 0
18.238100288088820000 8.084671719525168500 -55.524857325968199000 0
1.174818149592381100 -9.409760615315860800 58.232947782830287000 0
-41.979067516489380000 29.656582521765362000 -28.969725638599808000 0
29.890164684061066000 -50.773326529111031000 3.106021301919614300 0
-43.545160088977205000 -22.166073111038063000 -33.067873165074616000 0
-40.170874631434785000 14.613249050470552000 -40.666371654408394000 0
-22.601972534467603000 22.956882461425018000 -49.428052613910332000 0
19.670316241756140000 -46.781109969394883000 -30.093295083468128000 0
1.481800317941555800 -49.284247779523326000 32.401654103213602000 0
12.926967445495279000 -38.054396202178161000 -43.194402905362097000 0
3.540131098425701100 -58.030017878168330000 10.049104281746878000 0
-53.562819539043915000 24.727287618703372000 0.765251625110629500 0
-38.215706061548005000 35.495375640246266000 27.579668568987088000 0
27.758591005791175000 -15.613321647915797000 49.665730765709398000 0
32.177143231502662000 47.623989031919031000 -13.326181829279458000 0
-6.494743493171050400 41.991896101402546000 -40.932859279152808000 0
0.526064450539607150 -4.434723873814062000 58.830744346446117000 0
58.723721302848979000 -5.556649805681108700 1.283822138126773800 0
-54.508984605874652000 18.025316140664952000 -13.596270638142034000 0
18.983380356503332000 -45.513339482312588000 32.390850550859099000 0
1 58 20
1 142 6
1 256 12
1 295 21
1 383 10
1 475 22
1 532 14
1 616 17
1 654 20
2 13 5
2 67 7
2 310 15
2 318 20
2 334 23
2 484 15
2 526 16
2 543 20
2 544 16
3 40 14
3 42 10
3 83 20
3 292 23
3 332 13
3 363 7
3 519 9
3 617 6
3 623 7
3 646 23
4 24 16
4 39 20
4 77 7
4 212 18
4 282 10
4 287 10
4 361 15
4 370 1
4 382 7
4 425 21
4 536 8
4 591 23
4 600 22
5 60 1
5 85 5
5 95 21
5 194 13
5 249 18
5 290 10
5 399 8
5 461 2
6 88 12
6 204 3
6 217 23
6 226 9
6 264 14
6 321 10
6 421 10
6 448 22
6 487 10
6 500 3
6 621 12
7 96 10
7 187 21
7 190 15
7 196 14
7 248 15
7 250 20
7 254 8
7 277 1
7 333 21
7 346 11
8 143 16
8 155 12
8 212 14
8 263 16
8 298 17
8 309 20
8 347 9
8 410 15
8 413 20
8 488 19
8 527 1
8 627 1
8 630 15
9 48 19
9 100 12
9 150 9
9 176 5
9 191 10
9 231 6
9 270 13
9 273 18
9 296 12
9 407 13
9 524 23
9 596 11
10 47 8
10 119 4
10 144 2
10 160 9
10 209 5
10 326 12
10 395 18
10 443 10
10 553 2
10 556 11
10 586 7
11 17 6
11 49 12
11 56 17
11 149 14
11 158 13
11 353 7
12 80 22
12 138 11
12 259 1
12 269 9
12 338 23
12 489 16
12 506 14
12 559 5
12 639 5
13 67 21
13 310 1
13 318 8
13 484 14
13 526 1
13 543 1
13 544 13
14 73 8
14 82 2
14 159 7
14 177 10
14 192 2
14 241 12
14 280 3
14 292 22
14 337 5
14 404 17
14 406 10
14 505 20
14 510 12
15 350 15
15 441 11
15 446 12
15 451 14
15 462 10
15 516 22
15 540 15
15 666 1
16 25 9
16 276 14
16 434 17
16 471 3
16 482 8
17 49 3
17 56 11
17 149 15
17 158 20
17 353 8
18 23 18
18 46 9
18 202 19
18 213 4
18 331 5
18 594 16
18 601 3
19 22 19
19 125 18
19 146 19
19 260 20
19 317 21
19 342 7
19 392 13
20 143 4
20 212 18
20 298 1
20 309 8
20 347 14
20 410 16
20 413 7
20 433 15
20 488 13
20 627 20
20 630 5
21 37 1
21 235 19
21 244 2
21 303 3
21 391 10
21 394 22
21 493 10
21 558 20
21 653 23
22 125 9
22 146 14
22 317 13
22 342 16
22 392 16
22 490 14
23 46 18
23 202 13
23 331 1
23 345 12
23 594 13
23 601 9
24 39 9
24 77 13
24 282 18
24 361 5
24 370 10
24 382 9
24 425 21
24 470 12
24 536 17
24 591 14
24 600 19
25 180 18
25 434 3
25 471 10
25 482 9
26 36 2
26 76 16
26 124 23
26 206 12
26 207 18
26 494 13
26 560 9
26 588 15
26 595 9
26 664 19
27 70 13
27 75 22
27 164 19
27 172 19
27 211 1
27 445 23
27 513 9
27 567 3
27 608 6
28 79 15
28 141 5
28 232 17
28 242 6
28 255 1
28 351 22
28 401 15
28 457 1
28 579 11
29 78 16
29 188 13
29 297 6
29 313 8
29 325 5
29 369 18
29 452 10
29 512 12
29 659 13
29 661 15
29 665 19
30 89 13
30 131 1
30 178 21
30 473 13
30 497 20
30 615 3
30 663 6
31 41 14
31 54 1
31 216 17
31 233 3
31 302 20
31 386 13
31 478 23
31 549 15
31 581 20
31 612 13
32 44 8
32 262 19
32 469 8
32 498 18
32 606 7
32 626 2
33 59 23
33 169 7
33 414 17
33 426 16
33 437 14
33 439 19
33 481 13
33 486 5
34 68 7
34 115 11
34 220 15
34 294 19
34 306 4
34 364 2
34 427 4
34 477 9
34 546 11
35 61 22
35 165 7
35 173 6
35 302 11
35 314 23
35 393 23
35 479 19
36 124 2
36 206 8
36 207 4
36 494 11
36 560 17
36 588 11
36 595 15
37 51 15
37 235 5
37 244 21
37 303 22
37 394 2
37 493 13
37 558 2
37 653 1
38 93 10
38 99 2
38 103 3
38 156 1
38 161 6
38 359 1
38 562 1
38 599 14
39 77 7
39 282 6
39 287 17
39 361 21
39 370 3
39 382 8
39 425 14
39 470 1
39 536 3
39 591 22
39 600 17
40 42 17
40 83 8
40 292 17
40 332 21
40 363 6
40 397 23
40 519 6
40 617 17
40 646 11
41 54 6
41 216 5
41 302 18
41 376 20
41 386 9
41 478 14
41 549 8
41 581 8
41 612 22
42 292 12
42 332 12
42 363 17
42 397 15
42 617 12
42 623 7
42 646 7
43 121 1
43 223 12
43 258 22
43 366 20
43 568 18
43 572 14
43 573 6
43 578 13
44 262 15
44 469 23
44 498 7
44 606 9
44 626 12
45 139 14
45 352 12
45 450 9
45 465 16
45 514 6
45 531 22
46 202 6
46 213 13
46 331 6
46 345 6
46 594 8
46 601 18
47 119 17
47 144 19
47 160 3
47 349 11
47 395 10
47 553 14
47 556 21
47 586 19
48 100 5
48 145 1
48 150 15
48 154 21
48 191 3
48 231 4
48 270 9
48 273 10
48 296 6
48 407 16
48 413 3
48 524 19
48 596 18
49 56 14
49 149 10
49 158 1
49 353 21
50 253 1
50 320 16
50 323 9
50 335 17
50 501 20
50 534 18
50 563 20
50 645 19
51 235 7
51 244 20
51 303 11
51 391 15
51 394 7
51 493 15
51 558 12
51 653 6
52 71 16
52 127 23
52 288 13
52 405 3
52 449 12
52 496 19
52 499 12
52 577 11
52 613 11
52 628 3
52 641 16
52 660 6
53 65 3
53 134 15
53 272 23
53 275 18
53 330 13
53 424 14
53 435 20
53 520 23
53 552 21
53 587 2
53 620 23
54 216 9
54 233 17
54 302 5
54 376 9
54 386 10
54 478 1
54 549 8
54 581 6
54 612 9
55 171 7
55 214 23
55 236 8
55 284 2
55 491 9
55 525 17
55 597 19
56 149 22
56 353 13
57 283 13
57 291 23
57 400 4
57 542 21
58 72 2
58 153 13
58 163 13
58 175 9
58 219 10
58 327 2
58 396 8
58 459 19
58 629 22
59 414 15
59 426 13
59 437 13
59 481 11
60 85 20
60 95 3
60 249 5
60 290 14
60 399 16
60 461 21
61 165 6
61 173 3
61 237 23
61 271 21
61 314 21
61 393 23
61 479 22
62 168 4
62 200 3
62 215 3
62 246 11
62 329 10
62 367 8
62 422 17
62 440 11
62 511 14
62 602 7
62 650 14
63 343 9
63 492 18
63 551 21
63 566 5
63 585 23
63 611 2
63 657 9
63 658 15
64 166 8
64 181 7
64 234 18
64 301 14
64 402 14
64 408 3
64 530 17
64 643 10
65 134 12
65 272 6
65 275 5
65 330 4
65 424 3
65 435 10
65 520 2
65 552 4
65 587 23
65 620 4
66 111 8
66 129 15
66 201 8
66 251 21
66 365 2
66 380 13
66 523 21
66 592 10
66 656 19
67 310 2
67 318 5
67 334 8
67 484 18
67 526 4
67 543 5
67 544 8
68 115 7
68 220 9
68 306 19
68 364 12
68 427 9
68 477 23
68 546 12
69 101 12
69 137 1
69 179 18
69 205 12
69 228 4
69 314 18
69 336 22
69 474 4
69 585 15
70 164 10
70 172 16
70 211 11
70 286 15
70 445 11
70 509 21
70 513 3
70 567 16
70 608 3
71 127 15
71 288 22
71 405 2
71 449 20
71 496 19
71 499 3
71 577 18
71 613 11
71 628 4
71 641 18
71 660 13
72 163 6
72 175 13
72 219 14
72 327 19
72 396 12
72 629 2
72 640 23
73 82 19
73 159 5
73 192 20
73 241 1
73 337 10
73 404 4
73 406 22
73 505 7
73 510 8
73 607 19
74 170 11
74 281 18
74 354 14
74 450 4
74 463 17
74 504 20
74 574 8
74 603 20
74 625 4
74 648 21
75 164 22
75 172 14
75 211 5
75 286 11
75 445 22
75 567 3
75 608 8
76 124 17
76 206 14
76 207 18
76 494 22
76 560 6
76 588 23
76 595 5
76 664 23
77 282 22
77 287 13
77 361 12
77 370 20
77 382 5
77 470 18
77 536 10
77 591 8
77 600 8
78 188 13
78 297 3
78 325 13
78 452 18
78 512 6
78 555 23
78 659 16
78 661 22
78 665 13
79 141 15
79 232 14
79 242 2
79 255 9
79 351 14
79 401 23
79 457 11
79 533 20
79 636 3
80 138 8
80 259 1
80 269 8
80 338 23
80 489 20
80 506 15
80 559 7
80 639 2
81 265 2
81 344 11
81 633 16
82 159 13
82 177 17
82 192 22
82 241 7
82 280 22
82 337 14
82 404 7
82 406 19
82 505 2
82 510 12
82 607 21
83 292 19
83 332 6
83 363 13
83 397 10
83 519 9
83 623 13
83 646 22
84 116 19
84 193 15
84 199 7
84 299 7
84 358 2
84 362 7
84 518 10
85 95 10
85 194 8
85 198 13
85 249 1
85 290 12
85 399 20
85 461 14
86 102 6
86 142 8
86 256 18
86 383 1
86 517 16
86 532 22
86 616 19
86 654 9
87 136 20
87 225 5
87 227 12
87 239 5
87 247 1
87 279 17
87 372 15
87 447 1
87 460 18
87 467 21
87 483 5
87 503 6
87 618 21
88 217 10
88 224 9
88 226 21
88 264 23
88 321 21
88 421 1
88 448 8
88 487 9
88 500 7
88 527 11
88 548 8
88 621 21
89 131 11
89 178 8
89 473 3
89 497 6
89 615 11
89 663 5
90 104 15
90 106 20
90 128 12
90 130 22
90 208 6
90 245 15
90 340 10
90 390 10
90 412 7
90 415 1
90 428 1
90 571 18
90 635 8
91 140 12
91 154 12
91 305 20
91 324 13
91 336 23
91 453 1
91 458 11
91 468 19
91 519 2
91 557 7
92 123 4
92 148 21
92 375 21
92 444 22
92 472 2
92 550 12
92 565 2
93 99 10
93 103 16
93 156 15
93 161 13
93 359 11
93 562 11
93 599 15
94 185 3
94 289 8
94 308 16
94 315 19
94 319 4
94 476 10
94 522 22
94 569 1
94 598 5
95 194 14
95 198 18
95 249 12
95 290 12
95 461 1
96 187 9
96 196 8
96 248 10
96 250 16
96 254 9
96 277 15
96 333 16
96 346 23
97 210 4
97 311 20
97 316 18
97 355 5
97 388 17
97 419 22
97 420 23
97 423 3
97 570 18
97 580 8
97 590 15
98 107 1
98 110 4
98 113 23
98 430 1
98 456 21
98 547 11
98 564 18
99 156 20
99 161 19
99 359 23
99 562 22
99 599 11
100 145 19
100 150 2
100 176 4
100 191 22
100 270 13
100 273 18
100 296 23
100 312 21
100 524 11
101 121 7
101 137 11
101 179 12
101 205 15
101 228 17
101 474 12
101 585 16
101 638 8
102 142 22
102 256 1
102 295 4
102 383 19
102 517 1
102 532 4
102 616 2
102 654 6
103 156 23
103 161 12
103 359 19
103 562 21
103 599 7
103 605 14
104 106 19
104 128 22
104 130 10
104 208 18
104 221 16
104 245 22
104 340 3
104 385 13
104 390 8
104 412 7
104 428 6
104 464 8
104 571 14
104 635 8
105 108 10
105 195 8
105 268 23
105 507 7
105 541 14
105 637 16
106 128 18
106 130 15
106 208 10
106 245 21
106 340 4
106 390 14
106 412 2
106 415 4
106 428 2
106 464 1
106 571 21
107 110 22
107 113 2
107 430 21
107 456 2
107 547 14
107 564 5
108 195 18
108 268 8
108 507 12
108 541 4
108 554 15
108 582 22
108 637 2
109 132 1
109 135 2
109 189 9
109 276 10
109 339 8
109 489 13
110 113 6
110 430 17
110 456 2
110 547 18
110 564 7
111 129 5
111 201 11
111 251 13
111 365 20
111 380 20
111 523 6
111 592 6
111 656 2
112 174 6
112 183 10
112 411 17
112 502 15
112 652 7
113 430 1
113 456 21
113 547 11
113 564 16
114 257 17
114 285 16
114 360 23
114 584 13
114 604 13
115 220 3
115 294 12
115 306 5
115 364 14
115 427 19
115 477 6
115 546 2
116 193 17
116 199 2
116 299 12
116 362 6
116 518 4
116 589 9
117 274 23
117 387 14
117 418 19
117 529 9
117 619 13
117 638 15
118 381 8
118 398 3
118 461 18
118 466 8
118 655 3
119 144 18
119 160 11
119 209 23
119 326 9
119 349 16
119 443 6
119 556 11
119 586 22
120 133 10
120 147 14
120 429 15
120 436 12
120 455 12
120 583 18
120 649 13
120 651 5
121 122 22
121 223 9
121 258 3
121 366 3
121 568 4
121 572 10
121 573 17
121 578 9
122 223 13
122 366 5
122 572 8
122 573 18
122 578 12
123 148 8
123 375 9
123 444 6
123 472 15
123 550 16
123 565 16
123 610 10
124 206 13
124 207 19
124 494 14
124 560 7
124 595 8
124 664 19
125 146 17
125 260 15
125 317 22
125 342 2
125 392 11
126 222 5
126 252 2
126 261 21
126 266 3
126 368 3
126 371 9
126 431 14
126 485 18
126 521 16
126 535 14
126 538 17
126 624 5
126 644 9
126 647 20
127 405 4
127 449 12
127 496 18
127 499 13
127 577 11
127 613 10
127 628 4
127 641 15
127 660 6
128 130 6
128 208 20
128 245 22
128 385 9
128 390 10
128 412 6
128 415 13
128 428 10
128 464 9
128 571 14
128 635 7
129 201 5
129 251 9
129 365 4
129 380 2
129 523 21
129 592 21
129 656 21
130 208 3
130 245 10
130 340 15
130 385 22
130 390 11
130 412 11
130 415 2
130 428 4
130 571 15
131 178 2
131 473 11
131 497 3
131 615 20
132 135 20
132 189 12
132 276 13
132 323 5
132 339 12
133 147 19
133 379 21
133 436 5
133 455 20
133 583 9
133 649 2
133 651 8
134 272 17
134 275 5
134 330 10
134 424 6
134 435 14
134 587 9
134 620 16
135 178 5
135 189 17
135 276 12
135 339 20
136 225 1
136 239 2
136 247 3
136 279 9
136 372 13
136 447 4
136 460 11
136 467 16
136 483 1
136 503 13
136 618 16
137 179 3
137 205 15
137 228 17
137 232 17
137 474 16
137 585 11
138 259 16
138 269 11
138 338 9
138 489 3
138 506 10
138 559 7
138 639 21
139 352 20
139 450 2
139 465 3
139 514 19
139 531 9
140 265 21
140 322 23
140 344 12
140 437 18
140 633 8
141 232 14
141 242 12
141 255 17
141 351 3
141 401 13
141 457 18
141 533 12
141 579 9
141 636 14
142 256 3
142 295 1
142 383 19
142 475 3
142 517 4
142 532 4
142 616 1
142 654 3
143 212 6
143 263 5
143 298 21
143 309 9
143 347 3
143 410 5
143 433 15
143 488 11
143 627 5
143 630 12
144 209 18
144 326 8
144 349 20
144 395 9
144 443 16
144 553 22
144 556 16
144 586 15
145 176 9
145 191 22
145 231 21
145 270 17
145 273 15
145 296 16
145 524 6
146 260 23
146 317 21
146 342 4
146 392 5
146 490 4
147 379 14
147 436 12
147 455 23
147 583 18
147 649 9
147 651 10
148 375 22
148 444 23
148 472 3
148 550 11
148 565 4
148 610 5
149 158 14
149 353 12
149 534 4
150 176 20
150 191 6
150 231 14
150 270 14
150 273 6
150 296 1
150 407 8
150 596 17
151 152 1
151 167 12
151 221 21
151 293 22
151 442 2
151 539 19
152 167 9
152 221 3
152 278 22
152 293 1
152 442 20
152 539 7
153 163 13
153 175 5
153 327 16
153 396 8
153 459 9
153 629 11
153 640 8
154 305 16
154 324 19
154 336 14
154 453 12
154 458 19
154 462 3
154 468 19
154 557 4
155 212 1
155 263 5
155 298 21
155 309 7
155 347 9
155 410 1
155 413 9
155 488 5
155 627 10
156 161 15
156 359 22
156 562 22
156 599 9
157 203 9
157 267 10
157 300 15
157 328 19
157 454 13
157 614 11
157 662 7
158 353 2
159 192 12
159 241 21
159 280 16
159 337 19
159 404 15
159 406 4
159 505 10
159 510 15
159 607 13
160 209 10
160 326 23
160 349 18
160 395 10
160 443 12
160 556 3
160 586 8
161 359 19
161 562 16
161 599 19
162 167 11
162 229 3
162 230 20
162 417 22
162 438 3
162 515 3
162 528 8
163 219 15
163 327 10
163 396 20
163 459 5
163 629 16
163 640 8
164 172 10
164 211 8
164 286 7
164 445 21
164 509 8
164 513 17
164 567 2
164 608 13
165 173 13
165 237 4
165 271 2
165 314 7
165 393 4
165 479 8
166 181 16
166 234 4
166 301 19
166 402 5
166 408 13
166 530 3
166 643 22
167 171 13
167 206 13
167 221 12
167 278 10
167 293 15
167 442 14
167 539 5
168 200 15
168 215 19
168 246 19
168 329 10
168 367 13
168 511 7
168 602 14
168 650 8
169 414 6
169 426 3
169 437 9
169 439 4
169 481 2
169 486 21
170 281 3
170 354 1
170 463 6
170 504 4
170 574 21
170 603 15
170 625 11
170 648 6
171 214 5
171 236 9
171 284 16
171 491 12
171 525 2
171 597 7
172 211 3
172 286 22
172 509 9
172 513 3
172 567 10
172 608 3
173 237 4
173 271 9
173 314 8
173 393 5
173 479 1
174 183 5
174 411 13
174 605 6
174 652 16
175 219 23
175 327 10
175 396 22
175 459 7
175 629 12
175 640 15
176 231 11
176 270 8
176 273 1
176 296 5
176 407 14
176 596 21
177 192 12
177 241 9
177 280 19
177 337 5
177 404 17
177 406 17
177 505 3
177 510 21
177 607 10
178 473 15
178 497 22
178 615 7
178 663 13
179 205 4
179 474 13
180 434 10
180 471 15
180 482 18
181 301 18
181 402 16
181 408 21
181 530 12
182 218 5
182 304 1
182 307 1
182 312 13
182 348 11
182 378 11
182 389 6
182 432 6
182 480 22
182 575 22
182 622 23
182 632 20
183 411 3
183 502 11
183 605 22
183 652 15
184 253 23
184 320 6
184 323 15
184 335 5
184 501 4
184 534 4
184 609 14
184 645 6
185 308 11
185 315 6
185 319 23
185 416 8
185 422 3
185 476 11
185 569 20
185 598 23
185 648 5
186 283 13
186 291 18
186 310 13
186 400 3
186 537 3
186 542 10
187 196 9
187 248 9
187 250 14
187 254 14
187 277 3
187 333 18
188 297 5
188 313 1
188 325 18
188 369 4
188 452 19
188 512 20
188 555 11
188 633 6
188 659 23
188 661 9
188 665 20
189 276 4
189 339 19
190 196 19
190 248 16
190 250 10
190 254 11
190 277 8
190 333 9
190 490 14
191 231 19
191 270 18
191 273 20
191 407 6
191 524 11
191 596 1
191 616 13
192 241 7
192 280 19
192 337 17
192 404 3
192 406 18
192 510 8
192 607 23
193 199 3
193 299 19
193 358 12
193 362 1
193 518 2
193 589 4
194 198 21
194 290 22
194 399 16
194 461 10
195 268 5
195 507 6
195 541 1
195 554 23
195 582 17
195 637 2
196 248 23
196 250 15
196 254 4
196 277 9
196 333 12
196 346 5
196 520 2
197 243 7
197 357 17
197 377 19
197 384 18
197 409 4
197 495 23
197 508 19
197 545 2
197 642 13
198 249 10
198 290 21
198 399 21
198 461 7
199 299 7
199 358 12
199 362 21
199 518 23
199 589 16
200 215 22
200 246 11
200 329 9
200 367 21
200 422 7
200 440 17
200 511 16
200 602 11
200 650 16
201 251 11
201 365 17
201 380 14
201 523 4
201 592 8
201 656 8
202 331 8
202 345 23
202 601 1
203 267 21
203 300 1
203 328 6
203 392 12
203 454 22
203 614 23
203 662 12
204 217 4
204 226 9
204 264 8
204 321 13
204 448 5
204 487 19
204 500 23
204 527 21
204 548 8
204 621 6
205 228 9
205 474 5
205 504 19
205 585 22
206 207 21
206 494 18
206 560 1
206 588 14
206 595 2
206 664 12
207 494 20
207 588 17
207 595 2
207 664 17
208 245 15
208 340 8
208 385 8
208 390 7
208 412 13
208 415 20
208 428 16
208 464 17
208 571 6
208 635 14
209 326 8
209 349 14
209 395 2
209 553 15
209 586 23
210 311 1
210 316 11
210 355 14
210 419 7
210 420 4
210 423 23
210 561 7
210 570 3
210 580 9
210 590 6
211 286 5
211 445 2
211 509 18
211 513 16
211 567 19
211 608 18
212 263 17
212 298 4
212 309 17
212 347 12
212 410 23
212 413 15
212 433 15
212 488 21
212 627 11
212 630 7
213 331 20
213 345 3
213 601 21
214 236 7
214 284 1
214 491 7
214 525 20
215 246 15
215 367 20
215 422 10
215 440 19
215 511 14
215 602 10
215 650 15
216 233 4
216 376 4
216 386 19
216 478 18
216 549 22
216 581 22
216 612 3
217 224 21
217 226 7
217 264 13
217 321 9
217 421 12
217 448 23
217 487 11
217 527 9
217 548 12
217 621 10
218 304 16
218 307 18
218 312 19
218 374 5
218 378 5
218 389 9
218 432 23
218 480 6
218 575 2
218 622 6
218 632 12
219 327 8
219 396 20
219 459 10
219 629 13
220 294 18
220 306 14
220 427 6
220 477 10
220 546 22
221 278 6
221 293 22
221 441 18
221 442 1
221 539 20
222 252 21
222 261 2
222 266 17
222 368 20
222 371 17
222 431 2
222 521 11
222 535 16
222 538 6
222 644 14
222 647 9
223 258 9
223 366 16
223 568 20
223 572 8
223 573 13
223 578 17
224 264 11
224 321 11
224 421 12
224 448 21
224 487 17
224 500 9
225 227 13
225 239 23
225 247 19
225 279 13
225 349 20
225 372 14
225 447 20
225 460 15
225 467 10
225 483 23
225 503 10
226 264 19
226 321 17
226 421 6
226 448 5
226 487 4
226 527 7
226 548 14
226 621 23
227 239 12
227 247 12
227 279 20
227 372 4
227 447 9
227 460 12
227 467 11
227 483 15
227 503 4
228 474 22
228 585 8
229 230 10
229 373 16
229 417 2
229 438 18
229 515 23
229 528 13
229 634 20
230 373 13
230 515 10
231 270 21
231 296 11
231 407 2
231 596 5
232 242 11
232 255 5
232 351 12
232 401 13
232 457 5
232 579 3
232 636 7
233 302 6
233 376 12
233 386 12
233 478 4
233 549 8
233 581 2
233 612 16
234 301 5
234 402 11
234 408 4
234 530 14
234 643 8
235 244 2
235 303 8
235 391 2
235 394 22
235 558 13
235 653 20
236 284 19
236 491 22
236 525 9
237 271 22
237 314 20
237 393 23
237 479 22
238 381 23
238 398 21
238 466 7
238 631 8
238 655 16
239 247 20
239 279 12
239 372 15
239 447 21
239 460 14
239 467 10
239 483 23
239 503 11
239 618 10
240 311 13
240 356 2
240 403 13
240 576 12
240 593 6
241 280 10
241 337 17
241 404 18
241 406 1
241 505 15
241 510 15
241 607 8
242 255 17
242 351 5
242 401 1
242 457 15
242 533 2
242 547 5
242 579 6
242 636 22
243 357 4
243 377 8
243 384 1
243 409 19
243 495 8
243 508 13
243 545 14
243 642 2
244 303 17
244 391 19
244 394 1
244 493 19
244 558 8
244 653 2
245 340 1
245 385 11
245 390 12
245 412 3
245 428 6
245 464 5
245 571 18
246 329 4
246 367 14
246 422 21
246 440 20
246 511 11
246 602 6
247 447 23
247 460 7
247 467 3
247 483 19
247 618 3
248 250 18
248 254 2
248 333 14
249 290 12
249 461 10
250 254 3
250 277 5
250 333 22
250 346 16
251 365 8
251 380 19
251 592 4
251 656 13
252 266 22
252 368 23
252 431 6
252 473 10
252 485 2
252 535 9
252 538 2
252 624 14
252 644 19
253 320 6
253 335 5
253 501 4
253 534 4
253 563 6
253 609 14
253 645 6
254 277 15
254 333 6
255 401 9
255 457 23
255 533 12
255 579 14
255 636 21
256 295 18
256 383 5
256 475 15
256 517 23
256 532 20
256 616 21
256 654 16
257 285 8
257 360 14
257 584 12
257 604 3
258 366 16
258 568 14
258 572 18
258 573 4
258 578 9
259 269 14
259 338 1
259 489 4
259 506 9
259 559 16
259 639 22
260 317 20
260 342 6
260 392 6
260 490 5
261 266 7
261 368 4
261 371 5
261 431 18
261 485 18
261 535 8
261 538 15
261 624 8
261 644 12
261 647 15
262 469 13
262 498 17
262 606 1
262 626 6
263 298 10
263 309 22
263 347 19
263 410 20
263 433 5
263 488 16
263 627 10
263 630 17
264 321 22
264 421 1
264 448 9
264 487 10
264 500 6
264 527 12
264 548 6
264 621 19
265 322 23
265 633 4
266 368 22
266 371 8
266 431 9
266 485 3
266 535 6
266 538 2
266 624 15
266 644 21
266 647 1
267 300 2
267 328 3
267 454 19
267 614 20
267 662 7
268 507 9
268 541 17
268 554 5
268 637 19
269 338 9
269 489 7
269 506 1
269 559 20
269 639 12
270 273 19
270 296 10
270 407 1
270 524 15
270 596 4
271 393 22
271 479 18
272 275 15
272 330 11
272 424 11
272 435 22
272 552 20
272 587 3
272 620 23
273 296 16
273 407 6
273 524 19
273 596 2
274 418 19
274 529 7
274 619 13
274 638 15
275 330 15
275 424 20
275 435 16
275 520 18
275 552 22
275 587 6
275 620 16
276 339 12
277 333 4
277 346 13
278 293 3
278 442 17
279 447 6
279 460 19
279 467 18
279 483 14
279 618 17
280 337 13
280 404 11
280 505 1
280 510 17
280 607 17
281 354 21
281 504 22
281 574 1
281 603 11
281 625 11
281 648 20
282 287 9
282 361 9
282 370 18
282 425 16
282 470 17
282 536 13
282 591 9
282 600 11
283 291 15
283 400 7
283 537 15
283 542 15
284 491 19
284 597 9
285 360 18
285 555 8
285 584 6
285 604 20
286 445 13
286 509 10
286 513 3
286 567 13
286 608 4
287 361 22
287 370 13
287 382 10
287 425 6
287 470 9
287 591 12
287 600 7
288 405 5
288 449 22
288 496 15
288 499 3
288 577 21
288 613 9
288 628 7
288 641 14
288 660 17
289 308 19
289 315 5
289 319 22
289 416 15
289 476 5
289 522 11
289 569 14
289 598 21
290 399 19
290 461 12
291 400 2
291 542 20
292 332 14
292 363 7
292 397 19
292 519 7
292 617 8
292 623 4
292 646 21
293 442 3
293 539 16
294 306 7
294 364 9
294 427 11
294 477 3
294 546 14
295 475 22
295 517 16
295 616 22
295 654 22
296 407 15
296 524 11
296 594 1
296 596 6
297 313 19
297 325 9
297 452 4
297 512 11
297 555 5
297 659 3
297 661 6
297 665 5
298 309 13
298 347 9
298 410 5
298 413 14
298 433 9
298 488 9
298 630 18
299 345 5
299 358 20
299 362 5
299 518 4
299 589 11
300 328 19
300 614 1
300 662 13
301 408 12
301 530 11
301 628 14
301 643 16
302 376 21
302 386 6
302 478 19
302 549 8
302 581 14
302 612 18
303 391 10
303 394 4
303 493 10
303 558 1
303 653 4
304 307 23
304 312 8
304 348 10
304 374 9
304 378 15
304 389 20
304 432 15
304 480 2
304 575 4
304 622 2
304 632 3
305 324 11
305 336 21
305 453 2
305 458 10
305 557 8
306 364 18
306 427 13
306 477 17
306 546 19
307 312 9
307 374 8
307 378 14
307 389 19
307 432 16
307 480 2
307 575 3
307 622 1
307 632 3
308 315 9
308 319 14
308 416 23
308 476 2
308 522 20
308 569 6
309 413 23
309 433 7
309 488 18
309 627 6
309 630 17
310 318 15
310 334 14
310 484 6
310 526 22
310 543 20
310 544 11
311 355 11
311 388 21
311 419 15
311 420 20
311 423 2
311 561 17
311 570 18
311 580 15
311 590 20
312 348 23
312 357 2
312 374 10
312 389 2
312 480 15
312 575 10
312 622 14
312 632 19
313 325 9
313 369 18
313 512 3
313 555 14
313 659 3
313 661 15
314 393 22
314 479 17
315 319 5
315 416 11
315 476 19
315 522 14
315 569 7
315 598 9
316 355 1
316 388 8
316 419 22
316 420 17
316 423 9
316 570 16
316 590 6
317 342 2
317 392 9
318 333 3
318 334 18
318 484 9
318 526 13
318 543 14
318 544 22
319 416 11
319 476 8
319 522 7
319 569 18
319 598 22
320 323 14
320 335 16
320 534 18
320 563 11
320 609 1
320 645 8
321 421 1
321 448 6
321 487 14
321 500 11
321 527 16
321 548 3
321 621 16
322 344 11
322 633 5
323 335 3
323 462 5
323 501 6
323 534 5
323 609 10
323 645 10
324 336 13
324 453 14
324 458 23
324 468 21
324 656 21
325 369 3
325 452 21
325 512 14
325 661 11
325 665 11
326 349 15
326 395 12
326 443 11
326 553 13
326 556 2
326 586 6
327 396 13
327 459 5
327 629 2
327 640 20
328 444 9
328 454 10
328 614 8
328 662 14
329 367 4
329 422 5
329 440 1
329 511 4
329 602 23
329 650 3
330 424 21
330 435 7
330 520 16
330 552 13
330 587 6
330 620 13
331 345 10
331 594 8
331 601 15
332 363 3
332 397 21
332 617 21
332 623 4
333 346 17
334 484 17
334 526 16
334 543 20
334 544 14
335 501 16
335 534 23
335 563 10
335 609 8
336 453 1
336 458 12
336 468 19
336 557 6
337 406 7
337 505 12
337 510 7
337 607 19
338 489 18
338 506 14
338 559 6
338 639 3
340 385 15
340 390 9
340 412 22
340 415 13
340 428 15
340 464 17
340 571 5
340 635 21
341 381 12
341 398 18
341 466 19
341 631 20
341 655 22
342 392 18
342 490 23
343 492 10
343 551 9
343 566 21
343 611 17
343 657 9
343 658 20
344 633 19
345 594 23
345 601 2
347 410 14
347 413 16
347 433 3
347 488 8
347 630 18
348 374 10
348 378 3
348 389 3
348 432 22
348 480 13
348 575 8
348 622 13
348 632 16
349 395 9
349 443 16
349 553 23
349 556 10
349 586 11
350 441 15
350 446 3
350 451 4
350 462 21
350 540 23
350 666 11
351 401 16
351 457 4
351 533 16
351 579 15
351 636 4
352 450 7
352 465 4
352 514 21
352 531 8
354 463 19
354 504 21
354 574 2
354 603 9
354 625 11
354 648 19
355 420 6
355 423 16
355 561 7
355 570 5
355 580 20
355 590 17
356 576 13
356 593 13
357 384 20
357 409 11
357 495 19
357 508 16
357 545 11
357 642 21
358 362 12
358 518 9
358 589 18
359 562 23
359 599 10
360 584 13
360 604 16
361 370 8
361 382 7
361 425 11
361 470 5
361 536 1
361 591 17
361 600 12
362 518 21
362 589 21
363 519 8
363 617 7
363 623 17
363 646 8
364 427 22
364 477 9
365 380 16
365 523 1
365 592 9
365 656 1
366 568 23
366 572 7
366 573 13
366 578 20
367 422 11
367 440 21
367 511 21
367 602 5
367 650 21
368 371 11
368 431 6
368 485 2
368 521 13
368 535 9
368 538 2
368 624 13
368 644 20
368 647 3
369 452 6
369 512 4
369 555 15
369 659 5
369 661 18
369 665 9
370 382 13
370 470 22
370 536 15
370 591 2
370 600 2
371 431 9
371 521 4
371 535 20
371 624 14
371 644 4
371 647 16
372 447 12
372 460 19
372 467 19
372 483 13
372 503 12
372 618 20
373 417 6
373 438 7
373 515 13
373 528 19
373 634 22
374 378 18
374 389 12
374 432 8
374 480 20
374 575 21
374 622 19
374 632 9
375 444 22
375 472 1
375 550 14
375 565 2
375 610 3
376 478 13
376 581 8
376 612 22
377 384 16
377 409 1
377 495 16
377 508 12
377 642 11
378 389 21
378 432 5
378 480 12
378 575 16
378 622 11
378 632 4
379 429 2
379 436 4
379 455 15
379 514 12
379 583 5
379 649 2
379 651 10
380 523 7
380 592 1
380 656 5
381 398 21
381 466 5
381 631 6
382 425 5
382 470 15
382 536 18
382 591 6
382 600 8
383 475 7
383 517 7
383 532 1
383 616 3
383 654 12
384 409 4
384 495 17
384 545 8
384 642 21
385 390 6
385 412 13
385 415 5
385 428 4
385 464 7
385 571 12
385 635 14
386 478 14
386 549 22
386 581 16
386 612 5
387 418 14
387 529 22
387 619 10
387 638 9
388 419 13
388 420 18
388 423 7
388 561 18
388 580 16
388 590 23
389 432 7
389 480 5
389 575 10
389 622 5
389 632 2
390 412 6
390 415 10
390 428 13
390 464 9
390 571 19
391 394 6
391 493 23
391 558 15
391 653 9
392 490 15
393 479 21
394 493 7
394 653 23
395 443 20
395 553 9
395 556 16
395 586 3
396 459 4
396 629 11
396 640 15
397 519 6
397 617 15
397 623 1
397 646 14
398 466 9
398 631 11
398 655 18
399 461 11
400 537 20
400 542 8
401 533 22
401 579 18
401 636 3
402 408 15
402 530 22
402 643 2
403 576 22
403 593 12
403 652 13
404 406 7
404 505 13
404 510 22
404 607 2
405 449 7
405 451 7
405 496 2
405 499 18
405 577 9
405 613 12
405 628 23
405 641 4
405 660 15
406 505 6
406 607 16
407 524 11
407 596 19
408 530 11
409 508 12
409 545 21
409 642 9
410 413 18
410 433 12
410 488 21
410 627 10
410 630 9
411 605 3
411 652 4
412 415 18
412 428 18
412 464 21
412 571 2
412 635 23
413 433 5
413 488 16
413 627 6
413 630 19
414 426 22
414 437 23
414 439 22
414 486 11
415 428 22
415 464 22
415 571 4
415 635 17
416 476 3
416 522 22
416 598 9
417 438 7
417 515 4
417 528 6
417 634 3
418 529 11
418 619 5
418 638 6
419 420 22
419 561 21
419 570 16
419 580 4
419 590 11
420 423 3
420 561 22
420 570 17
420 580 8
421 448 15
421 487 11
421 500 16
421 548 19
421 621 6
422 440 17
422 511 12
422 602 5
422 650 13
423 561 7
423 570 2
423 580 10
423 590 8
424 435 9
424 520 16
424 552 17
424 587 6
424 620 13
425 470 7
425 536 11
425 591 20
425 600 22
426 437 21
426 439 22
426 481 17
426 486 9
427 477 7
427 546 9
428 464 22
428 571 5
428 635 17
429 436 20
429 455 5
429 583 15
429 649 22
429 651 15
430 547 11
431 485 21
431 521 8
431 535 6
431 538 18
431 624 18
431 644 9
431 647 11
432 480 8
432 622 8
432 632 13
433 488 16
433 627 11
433 630 1
434 471 12
434 482 16
435 520 18
435 552 20
435 587 7
435 620 20
436 455 12
436 583 20
436 649 23
436 651 20
437 481 11
437 486 14
438 515 20
438 528 10
438 608 7
438 634 11
439 486 7
440 511 19
440 602 2
440 650 20
441 446 3
441 451 13
441 462 11
441 516 14
441 540 17
441 666 10
442 539 2
442 606 7
443 553 17
443 556 17
443 586 5
444 472 3
444 550 10
444 565 4
444 610 6
445 513 12
445 567 1
446 451 17
446 462 6
446 540 2
446 666 11
447 460 8
447 467 4
447 483 19
447 503 18
447 618 5
448 487 11
448 500 6
448 527 9
448 621 8
449 496 12
449 499 5
449 577 23
449 613 5
449 641 11
449 660 20
450 465 19
450 514 8
450 531 13
451 462 1
451 516 12
451 666 6
452 512 12
452 554 19
452 555 18
452 659 21
452 661 15
452 665 14
453 458 15
453 468 8
453 557 14
454 614 23
455 649 9
455 651 11
456 547 5
456 564 15
457 533 14
457 579 15
457 636 19
458 468 20
458 543 5
458 557 2
459 629 16
459 640 7
460 467 22
460 503 4
460 618 22
461 551 4
462 666 17
463 504 19
463 574 8
463 603 17
463 625 4
463 648 21
464 571 2
464 635 20
465 514 1
465 531 21
466 631 23
466 655 19
467 483 10
467 503 5
467 618 23
468 557 1
469 498 4
469 606 11
470 536 19
470 591 1
470 600 4
471 482 21
472 550 8
472 565 23
472 610 22
473 497 19
473 615 7
473 663 12
474 585 3
475 532 18
475 616 21
475 654 21
476 522 6
476 598 11
477 546 13
478 549 17
478 581 21
478 612 12
480 575 22
480 622 23
480 632 18
481 486 4
483 503 9
484 543 13
484 544 10
485 521 7
485 535 12
485 538 22
485 644 4
485 647 17
487 500 18
487 527 23
487 548 3
487 621 3
488 630 8
489 506 19
489 559 11
489 639 2
491 525 7
491 597 18
492 551 22
492 566 5
492 611 2
492 657 2
493 530 3
493 558 16
493 653 9
494 560 3
494 588 22
494 595 2
494 664 20
495 508 21
495 545 4
495 642 13
496 499 6
496 613 17
496 628 1
496 641 23
496 660 5
497 615 4
497 663 11
498 606 5
498 626 11
499 613 9
499 628 17
499 660 10
500 527 19
500 621 6
501 534 15
501 563 19
501 609 17
501 645 22
502 605 16
502 652 19
504 574 2
504 603 14
504 625 7
504 648 23
505 510 7
505 607 7
506 559 6
506 639 10
507 541 17
507 554 6
507 582 15
507 637 14
508 545 7
508 642 9
509 513 8
509 567 20
509 608 9
511 650 23
512 555 4
512 659 17
512 661 3
512 665 19
513 567 8
513 608 22
514 531 2
515 528 10
515 634 18
516 540 18
516 666 3
517 532 18
517 616 19
517 654 15
518 589 15
519 623 19
519 646 11
520 552 21
520 587 1
520 620 23
521 538 6
521 624 3
521 644 19
521 647 12
522 569 1
522 598 6
523 592 16
523 656 22
524 596 9
524 652 17
525 597 13
526 543 22
526 544 9
527 548 3
528 634 18
529 619 9
529 638 7
532 616 22
532 654 13
533 579 22
533 636 6
534 563 10
534 609 6
534 645 11
535 538 15
535 624 7
535 644 5
535 647 21
536 600 11
537 542 12
538 624 13
538 644 1
538 647 20
540 666 11
541 554 3
541 637 22
543 544 10
545 642 13
546 585 11
547 564 16
548 621 14
549 581 20
549 612 4
550 565 7
550 610 4
551 566 4
551 611 1
551 658 15
552 587 4
552 620 20
553 556 13
553 586 12
553 619 14
554 582 14
554 637 4
555 659 14
555 661 23
555 665 10
556 586 13
558 653 19
559 639 11
560 588 7
560 595 23
560 664 8
561 570 13
561 580 6
561 590 17
562 599 8
563 609 16
563 645 22
565 610 21
566 611 22
566 657 14
566 658 15
567 608 11
568 572 7
568 573 14
568 578 21
569 598 18
570 580 12
570 590 10
571 635 1
572 573 1
572 578 2
573 578 20
574 603 14
574 648 5
575 622 22
575 632 14
576 593 9
577 613 3
577 628 12
577 641 8
577 660 21
579 636 10
580 590 17
581 612 6
582 637 2
583 649 19
583 651 13
584 604 11
587 620 2
588 595 6
588 664 22
591 600 21
592 656 18
594 601 3
595 664 8
602 650 2
603 625 1
603 648 18
605 652 17
606 626 14
609 645 19
611 657 18
613 628 9
613 641 20
613 660 4
614 662 13
615 663 20
616 654 18
617 623 9
617 646 5
619 638 23
622 632 18
623 646 10
624 644 10
624 647 7
625 648 4
627 630 9
628 641 2
628 660 18
629 640 2
631 655 19
641 660 5
644 647 3
649 651 18
659 661 12
659 665 19
661 665 10
233 564
