8 11 56.100 5
-12.513747612738845000 -1.730180885761895000 -3.067995239112522000 0
2.817885675230138400 -10.222225731749278000 7.521011993774223500 0
3.468517998203489500 10.935552626104839000 -6.114169743949705800 1
4.878654302313891300 -11.927843019171055000 -1.710348826563310700 0
-10.251656619249925000 -6.834576229625812800 -4.146336252937405900 1
12.150920801086386000 -2.281686235359327200 -4.018585772270881800 0
-7.199423159139144900 9.300887945089286300 5.537308877834406400 0
8.230335086108731000 4.528036069905102300 -8.986571855830561600 0
1 3 2
1 4 2
1 5 5
1 6 1
2 3 1
3 7 5
3 8 5
4 5 5
4 6 5
5 6 1
7 8 1
5 7
