393 4104 417.066 500
-26.278318407585282000 -7.743883052581821900 93.050965910824914000 0
2.227077734532969500 -82.497030718618760000 50.973326822717986000 0
38.468237333796914000 64.973564437918640000 -60.890316476943269000 0
-95.889528555737826000 -0.285001632472119130 -14.632740256965848000 0
52.877013207027176000 -34.517159366311461000 73.631427961058378000 0
-11.166968765621338000 -64.630683368003687000 71.464491714224678000 0
-32.408513053720142000 64.282594522461721000 65.011047700430311000 0
-63.338575802750654000 -64.506119006073476000 -35.159428693502612000 0
-74.713741637366297000 -47.988925666101892000 -39.037415692617571000 0
0.743774700255497740 -7.978607059729091200 -96.668446913052762000 0
-53.376201498175746000 79.409442439021419000 -15.941190832239753000 0
17.668785091455955000 -84.436528178183138000 -44.354106265449992000 0
-66.120621448674626000 -65.984464018505491000 26.136448255867183000 0
49.470071600235102000 81.299293087702381000 -18.765312662129581000 0
26.950801195605870000 -43.294021725987903000 -82.512314218573565000 0
62.979879331261081000 66.433140149943114000 -32.080721457564010000 1
60.638287084240758000 75.294693707621605000 -7.918790246284371100 0
-43.683042247034926000 49.413956786396177000 -71.127018036439097000 0
52.348410392265684000 80.335752970750974000 14.656422620319224000 0
-27.918392127578286000 -92.783658070524012000 -4.555894650105289000 0
-64.662447330111874000 31.753063025307160000 64.957762382885221000 0
-49.106387053318514000 18.926833095181699000 81.482131412701804000 0
-42.791446770525987000 -0.791912216995508510 87.047486800744650000 0
-77.248494389213789000 30.165477707969519000 -50.316141239661860000 0
70.516848516861529000 46.963371003139002000 -47.231513412884915000 0
-47.193650845059388000 -80.820560157637772000 25.491103854487751000 0
45.235708353227196000 72.729223814062763000 45.532303842280342000 0
-14.181429384636930000 30.893947571678744000 -90.848506118961154000 0
-59.254733141649922000 53.883968883841256000 -54.721060823389379000 0
15.278548865953132000 92.602376021983645000 -24.502365184484390000 0
46.269484355479229000 -47.330714853071079000 70.907956175420395000 0
-21.536133462137787000 -21.748823695885630000 -92.044465468306527000 0
-79.931841335853505000 -51.600722457613358000 -18.901486251411484000 0
76.418897334141093000 21.955414108868140000 -55.561784722434162000 0
-29.769085415294334000 66.151689971519303000 -64.395306253242595000 0
-55.490758947670535000 68.997738110066038000 39.611713003936885000 0
-69.896679148373622000 -67.256530649265073000 0.115451521347697370 0
4.024909263864541000 -96.784013231944755000 5.065065462202825900 0
-14.678043395041092000 -95.874617217414382000 -1.269966734824671000 0
-2.218841067569467600 -24.280425911990381000 -93.885769219031346000 0
-50.361557079930286000 -77.627914283420026000 29.096743675038912000 0
4.703407407541620300 -34.345589070814142000 90.593920712912379000 0
-69.788878738537164000 -67.127034191861640000 -5.698568681905576300 0
41.973943979245824000 -57.701181272756124000 -65.709677419354833000 0
94.856313093426451000 -20.271986590764033000 0.571337015900143410 0
-49.591594794576622000 2.975236788991610000 -83.311593981749937000 0
-25.210064772051382000 -56.396057820419884000 74.785943174535348000 0
-7.366960639610846700 3.329248555098935500 -96.662526322214418000 0
22.738228603965158000 -48.295712536768036000 80.990722373119297000 0
-63.953119850134136000 -72.735895455659062000 -5.337412640766625100 0
-11.467529538907664000 -89.408151450253797000 35.828455458235418000 0
-0.759132890397596240 -57.164882588221253000 -78.361980040894807000 0
-81.979069943716482000 -27.545932439122943000 -43.927823725089269000 0
-22.391200978957336000 -80.116391067519430000 49.889858699301129000 0
49.790986472720682000 -80.741931450807598000 20.263222144230475000 0
-69.684999198278433000 -61.775895158975580000 -27.142948698385570000 0
-13.068118442824970000 -94.684062363945401000 -16.527329325235755000 0
-45.182798348699230000 -19.827033499527413000 83.512894070253608000 0
-84.504795835102044000 -45.326757090363287000 -14.609057893612475000 0
-87.631139580006220000 -30.044762690601360000 -28.759269997253334000 0
-76.062095427078987000 23.624538338952199000 -55.366405224768819000 0
61.150764708953517000 75.219775281758757000 3.401379436628315200 0
-50.483203765641562000 48.038564104462040000 67.474013489181189000 0
71.844258572503833000 20.685852532737059000 -61.802087466048157000 0
18.741438781466734000 -79.746772871530652000 51.944303720206307000 0
-6.347984970249016500 87.367772683981869000 -41.660237434003726000 0
9.656989286759394300 0.831635700242588150 -96.514511551255836000 1
38.115939641217643000 -15.260348307729172000 -87.882290108951082000 0
-27.685899916108415000 73.518020598645549000 -56.899838251899773000 0
-73.119027909910244000 -61.299746970614784000 17.462782677694019000 0
20.644685959456652000 93.716699115129273000 14.141331217383343000 0
92.707865485575510000 -19.794248103806002000 -20.553331095309304000 0
11.328824818613001000 -66.982898403800490000 -69.238349559007546000 0
35.791709079340293000 -85.350893150745208000 -29.037537766655475000 0
-82.976260445397614000 49.207526025486587000 10.127170628986480000 0
-65.610423510158071000 59.870776725519825000 38.984130375072482000 0
80.836489687377380000 -28.505754948961759000 45.407971434675133000 0
-60.535754774192078000 -70.413204436576009000 28.042878505813775000 0
-75.190050566576019000 -56.541869973552956000 23.632038331247902000 0
-4.228169508967343200 -60.771719061545234000 75.484572893459884000 0
-93.170491779002674000 11.283312806798495000 -24.514206366161076000 0
-23.052497161552413000 42.531375046915961000 84.075350199896235000 0
-29.478581616095092000 63.734326470623678000 -66.917477950376906000 0
16.984995255687039000 -91.442619567232597000 -27.545548875392925000 0
18.551216566704849000 1.336276372674488800 -95.200140385143584000 0
50.703130332837688000 24.124557419210184000 79.096133304849388000 0
7.027204652077579700 -69.601366020650886000 67.195745719779040000 0
-89.274399004305693000 25.324850600789784000 28.244178594317454000 0
-19.416237820549494000 49.926312529980287000 -80.866389965514074000 0
-34.843767911717158000 -13.791604839147180000 89.469008453627126000 0
34.254486395723205000 10.319633931520176000 90.161717581713305000 0
77.736183913876303000 40.712849877356383000 41.334604937894831000 0
-49.548402171685339000 -29.835046743092388000 -77.870571001312300000 0
-17.155424910453526000 -86.135541109014099000 -41.174748985259555000 0
-80.837724292226170000 -13.923345092190933000 -51.772606585894351000 0
-61.127629616541029000 -30.294166944106991000 68.954161198767054000 0
67.185655228489225000 -35.252904608744196000 60.434430982390815000 0
-93.732739521435022000 -14.538734172260602000 20.292825098422192000 0
-42.174763567232141000 81.046740265612883000 -32.583971678823204000 0
65.311060012669557000 -50.269735546175092000 -51.150944547868285000 0
16.869961613318662000 -37.306017873476627000 -87.935575426496172000 1
95.006871766400195000 -19.562386029988936000 -0.085848567155980104 0
29.067639134153051000 -14.084167434565835000 -91.464247566148870000 0
-40.800165345988795000 -8.421346552809801300 -87.598101748710590000 0
43.391822643376578000 -51.331945776132940000 -69.936979277932068000 0
63.596852403229029000 70.824224201629619000 -18.664662617877742000 0
43.363872022192858000 -23.770668704391309000 83.447767571031832000 0
49.953371447744175000 73.386495866322463000 -39.090701010162661000 0
-8.073442907109784600 -2.180219695476581800 -96.638843958861045000 0
-64.024367369376293000 41.036443614524515000 -60.215369121372113000 0
41.426830176833775000 -52.090885425395314000 70.564561906796470000 0
-60.554349069979772000 52.307758863902606000 -54.827631458479573000 0
38.216751824353025000 65.088569638706318000 60.925840021973329000 0
38.094236888575693000 -86.754462748293093000 -20.772392956328012000 0
0.760202452531707710 63.175892933062229000 73.601825006866662000 0
-28.463848285918303000 -83.818239357034088000 -39.664998321481974000 1
77.797943828797330000 -49.016440155625737000 -30.884762108218634000 0
-45.364021232111682000 10.054743223681475000 -85.146977141636413000 0
-29.741516436315631000 -55.711101806965210000 73.625507370220035000 0
-40.175443914908399000 20.353859580540696000 85.910733359782711000 0
64.594689106558405000 0.879478409272419160 72.358500930814543000 0
50.661120206022709000 63.277738553208515000 -53.276436658833589000 0
64.484085390635087000 5.441113543067548800 72.257850886562707000 0
70.261387275304074000 -40.608855038089132000 53.134342478713336000 0
78.207033161705780000 6.704779198877585800 56.988647114474922000 1
6.667972092146631400 0.529171282416441180 96.769096957304598000 0
32.270502853858957000 -60.939684631061276000 68.220007934812458000 0
29.643406024052734000 -92.291680003573603000 3.537553025910214400 0
-20.958082755972121000 78.884332011603874000 52.412030396435433000 0
-84.849682297228199000 26.139997477224341000 -39.067018646809288000 0
41.620464925529127000 -78.486967630669142000 -38.942686239204079000 0
-68.939550966045431000 67.387352867165291000 10.736991485335857000 0
-95.984461429703813000 -3.784258675985525200 13.478225043488875000 0
76.636474979832485000 3.927079258092177400 -59.333201086458942000 0
-90.148743792941744000 0.803835771954629960 -35.798852504043701000 0
31.068563223140465000 40.561426370848679000 -82.453108310190132000 1
-46.434616981056628000 85.163464060124284000 0.103610339671010470 0
-62.535598745506647000 9.147924762695003800 73.584063234351632000 0
47.895412784358975000 -80.613894369322693000 -24.827997680593281000 0
-62.669289762215456000 23.357171590061512000 70.256691183202605000 0
10.438758693623184000 96.360683479966141000 -3.827661976989044300 0
65.006989436332475000 56.536041668957616000 -44.573168126468701000 0
24.594680727560132000 86.180912840889818000 37.107303079317610000 0
20.143798844148890000 85.935902139380389000 40.227454451124608000 0
-74.572671181592867000 44.069446108815498000 43.655476546525463000 0
79.425847151250693000 -17.868232059678274000 -52.737662892544328000 0
-44.779323811649270000 71.095543135253294000 -48.468916898098698000 0
79.440764900516967000 -54.504631115416935000 -11.287606433301796000 0
29.034823667801696000 -38.823530403189288000 -84.016144291512802000 0
-41.690113632259198000 85.696483502261515000 -18.084444715720085000 0
-88.792104961592628000 34.830323068817854000 -17.658162175359355000 0
-94.791698128812925000 8.099136995085130400 18.919248023926514000 0
-58.522043328008834000 9.802636753931274400 76.733817560350360000 0
-30.694081533503383000 80.987680765287990000 43.679158909878844000 0
-64.450395151664949000 32.264813497776096000 -64.916318247016818000 0
-73.301608775012241000 -51.406387067521891000 37.326364940336312000 0
-84.356967360644177000 20.179407169827165000 43.424573503830075000 0
-84.882802220635753000 -46.455941174977511000 -6.764275032807398200 0
-8.614098387462313200 33.722257504121558000 -90.540635395367289000 0
25.306810404061402000 -62.487395587126116000 -69.741599780266725000 0
-38.774875973211962000 -85.812000564627056000 -23.276802880947294000 0
7.471668683925998700 12.559282595383696000 95.892849513229777000 0
-81.665293310654306000 -51.551550899304942000 9.067384868923001700 1
77.644125531340080000 16.577957830444568000 55.727561265907774000 0
10.702825933001916000 73.140486749677365000 62.808587908566551000 0
-52.747263009555965000 31.596055219960867000 -75.022766808069093000 0
87.604570083922795000 35.620875443263756000 -21.577593310342724000 0
48.874971241514231000 6.237768277047129200 -83.554338206122011000 0
78.657043060583391000 54.166798445183581000 16.971373638111515000 0
27.677475691545318000 16.908899173619513000 -91.416882839442124000 0
-42.727405834096601000 53.399690328725676000 -68.788384655293441000 0
76.796687007948904000 11.031107213498261000 58.220130008850369000 1
70.558206514217900000 -1.258402899286788400 66.550401318399608000 0
-39.201899292902048000 -14.850951790651617000 87.473769341105381000 0
75.795924023204748000 -48.797008547991787000 35.816614276558731000 0
-89.659464181513442000 -33.632108136176335000 15.461622974333933000 0
-7.237292924132868100 55.832522604396793000 -78.989562669759209000 0
55.294619118786670000 71.251110122536119000 -35.704123050630201000 0
61.266006363075086000 -36.102788872150015000 -65.970183416241952000 1
-21.991771876193678000 69.451227175142648000 64.045991393780326000 0
90.183203447566285000 -35.625665554988856000 -2.608020264290292100 1
-83.880006954235682000 -41.170053621185680000 26.041718802453687000 0
-89.661233543984991000 25.174713588991697000 27.131107516708884000 0
77.422452462711789000 57.791785084627250000 -8.652943510238960900 0
63.409805569787395000 -52.922298443569026000 50.866756187627793000 0
-35.151945212943858000 -11.281251051993335000 89.699911496322528000 0
-10.524418667605275000 -92.588893328482300000 -26.935728019043548000 0
39.757500100309819000 50.866948070084547000 -72.394024475844603000 1
39.814441156358747000 64.370237866824482000 60.665334025086210000 0
-6.617004396245749700 0.978328619557366160 -96.769096957304598000 0
-84.044050739633477000 43.637258776808970000 21.009216589861751000 0
25.295243261483858000 72.272980983824510000 -59.546342356639300000 0
-48.374755025917075000 41.319353072823795000 73.222907193212677000 0
-14.056647202750529000 73.439608751232626000 61.790246284371470000 0
31.898951038285283000 73.332066766737086000 -54.898678548539692000 0
79.328060682600508000 7.982356339266202000 -55.247993408001953000 0
-46.307715048480411000 80.683004893450047000 -27.474501785332805000 0
-51.760579253847673000 57.100918339205606000 -58.900997955259861000 0
-0.904709060648868580 88.599454227650867000 39.475539414654989000 0
43.637953444001695000 -47.669728780764167000 -72.334818567461170000 0
-75.397412085121019000 -39.829430939810479000 -46.236854152043215000 0
-24.201817478722603000 -91.731080553980988000 20.215857417523726000 0
10.399854280856463000 23.536987081241900000 -93.524613177892391000 0
13.446862673664013000 24.006444254223016000 -93.015442365794854000 0
-33.168149682748606000 78.818999102906830000 -45.786889248329111000 0
74.798890557668898000 22.722058943514881000 57.426770836512347000 0
-7.664132038167139200 -50.908909995979855000 82.210364085818043000 0
-3.460908562043106600 96.347049730058558000 10.689626758629108000 0
-13.647417202319282000 94.208608199337448000 -18.640980254524369000 0
5.332178667355436600 34.409784741000728000 -90.534714804528946000 0
2.122139945858607700 -6.863839810359982300 -96.733573412274538000 0
-3.076294728863453900 15.172192548777794000 95.756675923947881000 0
16.448966149405045000 -93.543098789029784000 -19.700766014587849000 0
-28.866274840511171000 -39.025549526784424000 83.980620746482742000 0
-68.776063612597909000 -53.010280696608810000 -43.229194006164740000 0
6.233295519022582300 66.589363797536265000 70.256691183202605000 1
82.383971283775466000 -48.525887637014058000 16.343791009247109000 0
30.050100221573189000 -35.397156981286329000 85.164738914151442000 0
69.895343284484483000 -67.113423263271883000 -4.407879879146702400 0
71.301480142624513000 41.100631413398474000 -51.340403454695270000 0
51.819229988645979000 -81.941319765334157000 -3.063905758842738100 0
-6.044036924621279300 95.604991518448600000 -15.236640522476883000 0
3.814788652629055800 56.311516160558455000 78.888912625507373000 0
89.392434828620353000 24.702106982716128000 28.421796319467756000 0
2.222056435324165900 6.488136864150779300 96.757255775627911000 0
82.659156067057921000 -46.764760158699389000 -19.736289559617909000 0
-16.305422096312110000 -37.790992225088075000 87.834925382244336000 0
92.857319219633098000 -14.904801798793585000 23.756370738853114000 0
-35.282135285997178000 -72.524506676360588000 -53.892178106021298000 0
-59.425062973021760000 -18.920467444614673000 74.294534134952855000 0
22.798980553211187000 76.326497061830253000 -55.348643452253789000 0
57.462689870381851000 -40.586902575721503000 66.781304361094996000 0
-23.009390637732317000 -57.590788831283639000 74.584643086031676000 0
-58.149584027363254000 -34.877560520242163000 69.362681966612755000 0
-84.553150647675935000 -6.245356974664452400 -47.124942777794736000 0
-27.068748628916680000 -40.758752452992866000 83.755638294625683000 0
51.202828215199645000 80.795024504745712000 -16.106967375713371000 0
-49.900202446367999000 42.013662797670570000 71.790124210333559000 0
17.698978891617468000 -10.121075307593372000 94.833063753166286000 0
-41.244844696681817000 -54.634939135689784000 68.723258156071651000 0
-90.388063784701274000 21.274277669545910000 28.042878505813775000 0
-75.391477594010283000 -38.814898860654338000 -47.101260414441363000 0
-33.220349413536873000 85.179928990009358000 32.400433362834562000 0
0.847811650917656200 -35.435028773187916000 90.291970580156857000 0
-57.427326907031286000 11.520699641148024000 -77.319956053346360000 0
-16.968500557150957000 1.952678387596874100 95.484328745384076000 0
-11.844208158864861000 96.141145126631528000 5.059144871364482700 0
-53.220315683381209000 74.640593663330392000 31.707724234748373000 0
-6.351191287199515800 -30.748234883777471000 91.778038880581065000 0
-4.641482390469766600 -70.416622509027761000 -66.550401318399608000 0
-12.865843337929078000 31.275892942807104000 -90.913632618182930000 0
-84.223456271017625000 33.860879751648376000 34.188451796014277000 0
-14.407375713739400000 -90.618734848160031000 31.459059419537951000 0
38.051632001015932000 -3.210765089747561700 -89.167058320871604000 0
2.113589732315706000 83.013582397947161000 50.132602923673204000 0
29.881485676893575000 -12.130077539002597000 91.482009338663900000 0
-22.168759824599231000 15.395231134755953000 93.169377727591780000 0
-21.723024480500037000 -63.607618544461303000 69.936979277932068000 0
-30.656364832442229000 -50.544328117102104000 76.905514694662315000 0
82.050567803358192000 32.431166995838645000 -40.310342722861414000 0
-27.003716662172383000 -23.938850378378930000 90.037385174108095000 0
38.667277704949385000 47.526243286675431000 -75.200384533219392000 0
-88.914109271273844000 -30.637145481569338000 -23.762291329691458000 0
46.194699736551208000 -77.480468821971385000 -35.662678914761798000 0
52.363817867922862000 -73.543736922756764000 -35.473220007934813000 0
-94.012398977349022000 22.546310342063162000 7.895107882930998000 0
90.921736850547887000 22.386723999237550000 25.319406720175788000 0
7.248697152089988500 -96.067925607895617000 -11.287606433301796000 0
96.411023939887357000 9.589290019519957300 -4.686147648548844900 0
65.505828249103217000 -54.735617054444148000 46.065157017731252000 0
1.910291205865693300 38.028114702105754000 89.214423047578350000 0
-70.117299484418282000 -32.516580434479387000 -58.610889004181040000 0
-65.813014884041550000 59.893944893959194000 -38.605212561418504000 0
85.828158858617314000 36.773312175023683000 -26.272621845149086000 0
-13.233839185636025000 95.614024331726498000 9.582476271858881800 0
65.258839565615091000 57.528847270757680000 -42.903561510055845000 0
-70.705345154569841000 -63.166348944687378000 -20.488204596087527000 0
-7.720224674335588200 -0.173974057096265510 -96.692129276406135000 0
-28.840264038361699000 47.943117078865292000 -79.238227484969627000 0
-64.857079598121246000 43.906773095637185000 -57.225470748008668000 0
36.940728519402832000 -8.937919190234682200 -89.244026001770081000 0
42.193415125712633000 84.273124411020873000 22.951170384838402000 0
38.201651720122726000 -4.585495370116648300 -89.042725913266395000 0
-7.353693437631277700 -94.441724193924387000 20.873043000579852000 0
-78.244549338361566000 -23.139220132183684000 52.453474532303836000 0
21.034355750840934000 88.587594454575196000 33.448377941221352000 0
-92.904276977047118000 27.862430003518373000 -1.216681417279580100 0
66.019654284520513000 -11.978185600547205000 -70.049470503860590000 0
27.626054915130222000 -92.292956066847893000 11.305368205816828000 0
-5.489499601097316300 -72.291130514742591000 64.442670979949341000 0
32.413280386723741000 83.607422982285655000 36.988891262550737000 0
14.904075491645033000 -7.926307599179527800 -95.519852290414136000 0
93.512275119948043000 -0.627604972101126420 25.769371623889889000 0
41.552183133703295000 -80.736725057146828000 -34.117404705954158000 0
-62.758558281516670000 27.927972515304479000 -68.486434522537920000 0
49.245005337606074000 -45.537706316273912000 -70.073152867213963000 0
51.386649125051179000 -9.710546481450188900 81.695272682882177000 0
-49.210924559172959000 -28.172342614924172000 78.699453718680388000 0
92.451156875075966000 -22.970233328980814000 -18.279824213385417000 0
-2.397246510205258900 38.387390702629212000 89.048646504104738000 0
39.050605738468519000 -47.828549197519635000 -74.809625537888721000 0
-59.472418882725563000 76.286590387948280000 -7.237922299874874500 0
92.668579599110544000 -23.704623946830814000 -16.112887966551714000 0
-48.706158743100609000 59.131901385670574000 59.498977629932554000 0
83.808730938803947000 40.548400347386703000 -27.219916379284037000 0
75.969712065636713000 30.669564446670417000 -51.932462538529620000 0
96.545144980495365000 4.928696997783147200 7.983916745506149900 1
-3.452984180778835700 34.431481422669606000 90.617603076265752000 0
-42.895553636701962000 85.737102015422323000 14.768913846247749000 0
-56.323382756088080000 -73.372318699979118000 29.209234900967434000 0
27.665211125956915000 68.994241144948319000 -62.317178868984037000 0
61.768293524972599000 -67.371331710582638000 -32.477401043733025000 0
37.800528913396320000 -87.035970858716738000 -20.121127964110233000 0
-37.141003374208182000 -63.689205333200576000 63.033570360423596000 0
-14.573307242210628000 25.733169949150575000 -92.381939146092108000 0
89.877447696189236000 2.240924582779914200 36.414593951231424000 0
-84.239810618628240000 -16.563836254967793000 45.147465437788014000 0
93.524240401574161000 -2.583094320122275400 25.603595080416273000 0
-31.311624004048298000 32.481492736770285000 85.869289223914308000 0
-12.270101373659756000 -93.393831291264291000 23.152470473342081000 0
-16.680007738676423000 -29.087797124748818000 91.020203253273110000 0
-52.553849784968122000 -80.701766098277943000 -11.589556566057315000 0
52.562479401459377000 -81.413080737768837000 -4.253944517349772500 0
-10.225226162482711000 -41.831079571082157000 -86.917233802301098000 0
33.498382698730651000 73.439293742173561000 53.791528061769462000 0
20.285694918585012000 -94.499230449975755000 -8.208899197363200200 0
-28.086317207110916000 3.505237777280148000 92.778618732261123000 0
1.165359821589851100 -95.326803610287271000 -17.900906399731436000 0
-94.748076211466099000 17.519099700844908000 11.175115207373272000 0
-32.196817057317837000 -82.462064612908620000 39.653157139805288000 0
91.623850059950684000 -13.125025517230545000 -29.013855403302102000 0
-84.639580497718555000 42.453036709110620000 -21.044740134891811000 0
47.707294998454053000 84.447889178255068000 1.252204962309641000 0
78.668797852327032000 52.566855836769079000 21.376293221839045000 0
47.110971122273540000 -83.993014953050420000 -11.607318338572345000 0
59.062028884758661000 -74.529379602373439000 -19.132389294106876000 0
80.489863821174836000 39.076080010226242000 -37.462538529618215000 0
-75.686347297261563000 32.953255226788656000 -50.937803277687912000 1
-19.075533183691352000 30.017247510611746000 -90.244605853450111000 0
-75.321465438069524000 -59.872174856833816000 12.288186284981842000 0
32.427607621640789000 90.804455766349534000 -10.583056123538926000 0
-34.793939804799692000 54.821364176608405000 -72.062471388897364000 0
-21.962893823457467000 -94.470562742057126000 -1.394299142429883800 0
-29.297565990695215000 -90.056981851763737000 -20.985534226508378000 0
65.391163597819954000 -24.693464820001882000 -67.254951628162473000 1
23.343592264213790000 77.070705158630162000 54.075716422009954000 0
-3.864472930906308600 9.328081926763079700 96.473067415387433000 0
4.363380254202208900 -50.810224512912967000 -82.512314218573565000 0
-26.436369166963473000 17.066237001093654000 91.754356517227691000 0
66.548562996563419000 -54.106703757642833000 45.307321390423290000 0
95.950926458569057000 6.671127658899206600 -12.566454054383986000 0
-29.061399522632659000 89.740311548740721000 -22.607776116214485000 0
14.914563388328313000 -39.870967248430098000 87.159978026673173000 0
-79.442454455984901000 -41.985751041898467000 -36.538926358836633000 0
-22.761657757595739000 -53.230949150740514000 77.829126865443882000 0
69.234463515097104000 37.624701663578669000 -56.568285164952542000 0
95.826176291275388000 10.831908931000791000 -10.440961943418683000 0
-13.491706795055714000 -38.991255967287806000 87.787560655537590000 0
34.694784901533893000 -64.794924855274090000 63.299996948149051000 0
-46.446732114782399000 -73.837022139709674000 42.423993652150031000 0
-9.837620367755624400 94.976655262760957000 17.077944273201695000 0
74.516338447668929000 14.555493140765945000 -60.369304483169039000 0
-18.233456014898248000 83.957878794952734000 45.029053621021149000 0
67.100151353978688000 15.244118852079520000 -68.368022705771040000 1
80.197045456066647000 -42.847988640028653000 -33.785851619006927000 0
70.681972699911711000 -44.211821989438029000 -49.581987975707271000 0
70.800110976658360000 62.800821545387471000 21.269722586748866000 0
-62.487458048385271000 46.652927863082986000 -57.687276833399451000 0
-57.770559058415678000 29.826997200251014000 -71.985503707998902000 0
-79.868164530270690000 -28.379715292374577000 -47.166386913663139000 0
-43.635411583078529000 -27.744367548402892000 82.068269905697804000 0
56.708678994433512000 13.916670129404496000 -77.456129642628255000 0
-44.938815543727706000 76.823706931557936000 -38.569689016388445000 0
-63.763035447933476000 -7.189011949772706500 -72.743339335306871000 0
-22.548821174679663000 79.561054082731843000 -50.700979644154181000 0
-53.367589559241097000 61.524440218268538000 -52.684377574999239000 0
-51.779562536223565000 -3.335752471330582800 81.955778679769281000 0
-5.174826887695927800 25.446915656750416000 93.459486678670615000 0
-66.223409311254187000 70.759394094000086000 -4.070406201361125300 0
92.644571540561856000 24.989922478712394000 -14.194616534928434000 0
-80.047200465603183000 52.242422629561275000 -16.497726371044038000 0
84.944781055364217000 -23.630937741652524000 -40.434675130466623000 0
56.512900959503391000 -52.844458151346572000 58.504318369090846000 0
-7.675468241265839700 57.148566409284768000 78.000823999755852000 0
-85.552519634098644000 -3.652326855232266700 45.567827387310409000 0
72.060488035855698000 63.353142310478098000 14.236060670796837000 0
-17.067643434759351000 56.330699110941381000 -77.100894192327644000 0
-32.806983062341516000 16.581309236779990000 -89.765037995544304000 1
-18.771018190635363000 58.116116783565182000 -75.360240485854675000 0
11.866195282733964000 -57.364913754089052000 -77.314035462508016000 0
76.515145451304150000 57.849007611419424000 -14.419598986785484000 0
-1.912710389985930800 -83.631895097139633000 49.102420117801451000 0
74.465115642530037000 61.834868319323284000 -6.355754264961698900 0
1 19 54
1 37 289
1 54 361
1 73 301
1 77 466
1 90 99
1 104 282
1 111 477
1 129 325
1 131 329
1 139 226
1 170 28
1 229 406
1 230 58
1 254 191
1 281 305
1 287 358
1 323 222
1 327 318
1 334 424
1 338 494
1 342 218
1 346 24
1 349 194
1 351 388
1 367 239
1 382 75
2 20 207
2 26 130
2 48 175
2 103 138
2 116 338
2 125 445
2 126 366
2 133 311
2 136 92
2 138 222
2 172 309
2 188 449
2 211 109
2 267 297
2 288 297
2 296 125
2 298 198
2 299 410
2 300 417
2 308 271
2 341 94
2 347 57
2 350 427
2 353 281
2 357 306
2 362 61
2 385 447
2 386 446
3 17 159
3 47 229
3 66 481
3 93 368
3 95 132
3 99 272
3 144 253
3 147 108
3 152 202
3 178 446
3 179 286
3 189 473
3 193 157
3 196 334
3 207 411
3 238 41
3 271 284
3 278 136
3 280 6
3 297 300
3 366 270
3 377 370
4 17 309
4 47 33
4 60 395
4 95 462
4 99 367
4 144 363
4 147 59
4 152 304
4 159 129
4 178 157
4 179 499
4 189 395
4 190 253
4 193 151
4 207 322
4 218 369
4 238 13
4 280 2
4 290 375
4 295 431
4 330 208
4 358 92
4 366 16
4 384 57
5 16 390
5 21 189
5 39 367
5 97 50
5 110 118
5 114 172
5 146 344
5 149 342
5 154 132
5 156 11
5 164 161
5 223 346
5 227 146
5 234 119
5 250 119
5 256 25
5 304 441
5 306 161
5 322 361
5 343 411
5 355 111
6 23 297
6 40 21
6 49 404
6 57 157
6 71 433
6 72 455
6 74 374
6 150 389
6 153 94
6 157 167
6 177 73
6 202 293
6 205 152
6 242 149
6 243 79
6 261 209
6 301 15
6 361 167
6 380 23
6 387 372
7 8 330
7 38 189
7 176 456
7 200 439
7 208 313
7 214 7
7 291 427
7 309 419
7 313 417
7 314 415
7 329 277
7 363 277
7 375 464
8 10 204
8 15 129
8 38 350
8 70 419
8 85 272
8 91 371
8 176 187
8 185 74
8 215 46
8 243 313
8 291 52
8 314 446
9 31 56
9 41 329
9 58 262
9 64 368
9 69 74
9 78 107
9 79 31
9 81 282
9 89 194
9 109 275
9 132 363
9 141 411
9 174 362
9 181 69
9 237 487
9 263 359
9 289 88
9 372 31
9 373 50
10 15 379
10 38 342
10 85 198
10 91 477
10 151 222
10 200 384
10 214 392
10 215 187
10 291 475
10 293 65
10 309 370
10 314 366
10 375 495
11 34 110
11 92 158
11 103 432
11 116 299
11 118 285
11 133 72
11 136 244
11 172 86
11 188 219
11 211 444
11 216 182
11 277 279
11 305 298
11 310 47
11 325 71
11 341 263
11 347 478
11 357 116
11 368 109
11 386 74
12 13 356
12 24 85
12 28 427
12 41 470
12 42 32
12 58 377
12 64 239
12 69 11
12 78 252
12 141 311
12 181 11
12 187 447
12 203 322
12 219 433
12 279 355
12 285 405
12 374 175
12 376 165
13 24 222
13 28 160
13 58 271
13 69 352
13 78 385
13 79 7
13 109 401
13 125 266
13 132 447
13 141 359
13 181 235
13 219 460
13 225 494
13 233 455
13 247 1
13 263 65
13 284 111
13 372 229
13 373 357
13 374 492
13 376 129
14 59 418
14 76 87
14 137 394
14 186 384
14 197 369
14 201 447
14 218 258
14 231 405
14 252 489
14 258 418
14 259 300
14 265 338
14 268 24
14 273 294
14 274 51
14 276 104
14 283 413
14 302 147
14 312 273
14 319 235
14 333 286
14 337 30
14 378 333
15 85 175
15 91 173
15 200 361
15 214 267
15 215 43
15 291 55
15 293 6
15 313 61
15 321 239
15 329 225
15 379 444
15 381 44
16 21 400
16 45 429
16 46 183
16 68 475
16 94 307
16 97 113
16 113 422
16 114 218
16 122 325
16 124 377
16 142 458
16 154 376
16 155 405
16 158 417
16 164 190
16 184 255
16 255 392
16 256 402
16 306 115
16 307 26
16 322 431
16 343 32
16 355 328
17 47 17
17 88 347
17 93 136
17 95 462
17 99 393
17 117 94
17 144 408
17 147 72
17 159 60
17 178 117
17 179 373
17 190 287
17 207 71
17 238 151
17 249 5
17 278 289
17 280 85
17 290 163
17 297 145
17 323 420
17 330 438
17 384 440
18 19 431
18 30 434
18 36 233
18 37 7
18 54 317
18 56 469
18 65 310
18 77 451
18 104 377
18 108 238
18 127 151
18 139 40
18 170 181
18 173 106
18 221 477
18 229 233
18 234 474
18 241 250
18 262 114
18 266 6
18 281 297
18 287 46
18 327 174
18 334 495
18 338 432
18 342 406
18 346 114
18 349 480
18 367 407
18 370 491
19 36 453
19 37 198
19 54 494
19 56 219
19 65 298
19 90 203
19 104 61
19 107 386
19 108 200
19 127 351
19 131 284
19 139 26
19 170 138
19 241 146
19 254 157
19 266 417
19 281 371
19 287 195
19 320 318
19 334 292
19 342 150
19 346 172
19 349 468
19 351 432
19 367 299
19 370 398
19 382 491
19 384 75
20 26 419
20 34 49
20 48 327
20 92 211
20 103 222
20 116 70
20 125 406
20 126 263
20 133 12
20 138 54
20 172 494
20 188 241
20 191 384
20 204 26
20 211 259
20 257 76
20 264 63
20 267 171
20 277 247
20 288 165
20 300 95
20 305 37
20 308 261
20 310 49
20 325 67
20 347 487
20 350 167
20 362 134
20 371 83
20 385 236
21 32 235
21 39 275
21 44 465
21 46 41
21 80 201
21 110 195
21 114 92
21 124 115
21 146 151
21 154 15
21 158 130
21 161 159
21 163 382
21 168 137
21 184 222
21 217 110
21 227 395
21 250 255
21 304 359
21 340 421
21 343 287
21 354 370
22 27 289
22 52 30
22 61 456
22 82 6
22 84 132
22 121 99
22 128 477
22 153 315
22 194 402
22 209 20
22 228 7
22 244 441
22 245 7
22 260 214
22 282 98
22 289 34
22 317 71
22 318 95
22 326 258
22 339 226
22 352 45
22 356 33
22 359 84
23 72 158
23 150 469
23 157 154
23 182 268
23 192 165
23 205 440
23 242 330
23 243 21
23 261 485
23 269 419
23 286 27
23 316 323
23 331 46
23 361 153
23 380 16
23 387 22
24 25 37
24 28 254
24 41 144
24 42 24
24 69 291
24 78 404
24 81 220
24 109 247
24 132 434
24 174 417
24 187 352
24 203 216
24 225 349
24 247 112
24 263 178
24 279 378
24 285 329
24 332 366
24 360 424
24 372 380
24 374 357
24 376 414
25 43 118
25 51 72
25 60 243
25 62 311
25 66 72
25 67 439
25 98 258
25 112 162
25 118 398
25 120 65
25 123 235
25 134 123
25 169 249
25 180 27
25 195 329
25 199 500
25 235 53
25 246 496
25 248 368
25 270 464
25 311 249
25 345 256
25 348 310
26 34 249
26 103 110
26 116 204
26 126 426
26 133 426
26 172 92
26 191 46
26 204 472
26 211 401
26 277 271
26 299 26
26 305 191
26 310 477
26 324 403
26 353 156
26 362 227
26 368 76
26 385 204
27 38 111
27 50 126
27 53 167
27 61 33
27 82 26
27 87 238
27 121 63
27 140 360
27 153 269
27 165 456
27 206 493
27 222 218
27 244 159
27 245 242
27 282 370
27 289 187
27 318 343
27 359 253
28 31 216
28 41 216
28 42 121
28 64 166
28 78 108
28 79 378
28 109 218
28 174 215
28 181 131
28 187 263
28 203 183
28 219 468
28 225 62
28 237 367
28 247 475
28 263 216
28 279 491
28 285 401
28 287 360
28 372 303
28 374 351
28 376 405
29 49 412
29 57 237
29 72 449
29 74 206
29 157 143
29 171 241
29 182 129
29 243 399
29 261 78
29 301 275
29 361 388
29 369 210
30 56 277
30 65 183
30 77 427
30 107 418
30 108 368
30 139 183
30 170 433
30 230 438
30 234 491
30 241 198
30 254 168
30 262 472
30 266 274
30 281 27
30 287 332
30 320 103
30 327 314
30 334 440
30 344 296
30 346 277
30 367 240
30 382 470
31 42 364
31 69 292
31 78 213
31 79 117
31 109 162
31 132 49
31 174 13
31 181 63
31 187 311
31 203 414
31 237 406
31 263 83
31 282 232
31 360 381
31 373 211
31 374 363
32 46 82
32 55 24
32 80 69
32 110 68
32 124 344
32 142 318
32 146 23
32 154 407
32 155 47
32 161 397
32 184 303
32 227 225
32 250 118
32 256 447
32 269 319
32 292 216
32 354 400
32 355 479
33 50 165
33 53 319
33 61 146
33 86 443
33 128 114
33 135 35
33 140 154
33 153 354
33 162 64
33 165 86
33 175 434
33 183 326
33 194 21
33 206 33
33 224 370
33 228 199
33 236 75
33 245 96
33 282 240
33 289 284
33 339 366
33 359 325
33 383 107
34 92 277
34 103 278
34 106 51
34 125 84
34 126 307
34 188 473
34 211 334
34 252 330
34 257 316
34 264 35
34 298 138
34 299 280
34 300 236
34 305 109
34 324 253
34 325 338
34 362 28
34 368 374
34 385 188
34 386 272
35 62 34
35 66 17
35 67 185
35 83 50
35 96 425
35 98 232
35 101 204
35 112 55
35 115 202
35 118 192
35 120 92
35 123 492
35 130 439
35 141 78
35 166 449
35 169 63
35 180 255
35 195 387
35 199 278
35 210 38
35 226 498
35 232 40
35 240 68
35 246 146
35 311 127
35 315 385
35 335 63
35 345 361
35 348 150
36 54 369
36 65 355
36 77 80
36 102 321
36 107 255
36 111 334
36 129 204
36 131 170
36 170 325
36 254 392
36 262 358
36 266 449
36 272 439
36 281 124
36 287 206
36 338 60
36 342 428
36 344 302
36 349 304
36 370 210
37 54 136
37 56 289
37 65 311
37 77 36
37 102 107
37 107 438
37 111 132
37 127 251
37 129 411
37 170 166
37 229 127
37 230 327
37 234 38
37 241 148
37 262 374
37 266 133
37 287 143
37 334 409
37 342 296
37 349 142
37 351 226
37 382 355
38 91 23
38 105 325
38 151 495
38 176 325
38 215 354
38 309 275
38 313 208
38 314 199
38 321 408
38 329 261
38 363 449
38 379 138
39 44 368
39 46 26
39 68 291
39 80 450
39 94 419
39 113 348
39 114 427
39 122 357
39 124 489
39 142 151
39 156 121
39 158 78
39 163 139
39 164 166
39 168 78
39 184 38
39 217 391
39 223 126
39 250 39
39 303 175
39 306 120
39 322 3
39 343 436
40 49 103
40 57 270
40 71 94
40 148 300
40 177 189
40 182 404
40 205 466
40 213 366
40 261 48
40 269 21
40 286 431
40 301 91
40 387 497
41 42 284
41 58 154
41 69 318
41 78 368
41 81 452
41 132 140
41 141 369
41 174 483
41 203 382
41 225 41
41 284 404
41 360 245
41 373 317
41 374 241
41 376 41
42 58 52
42 64 151
42 78 192
42 79 262
42 81 403
42 109 246
42 174 91
42 187 361
42 203 222
42 210 268
42 219 125
42 225 291
42 233 35
42 237 159
42 279 7
42 372 441
42 374 226
43 60 218
43 62 330
43 66 417
43 67 241
43 97 444
43 98 466
43 101 275
43 112 220
43 115 273
43 169 222
43 210 240
43 253 101
43 315 422
43 335 199
43 348 402
44 46 171
44 55 371
44 68 469
44 80 242
44 97 202
44 110 231
44 122 179
44 124 107
44 142 64
44 149 297
44 154 265
44 155 303
44 156 182
44 158 180
44 164 478
44 250 124
44 255 449
44 256 262
44 265 273
44 292 74
44 307 67
44 354 493
45 51 497
45 60 41
45 62 314
45 66 181
45 83 249
45 96 216
45 98 349
45 101 188
45 112 134
45 123 170
45 180 95
45 210 205
45 212 374
45 226 344
45 240 95
45 270 102
45 311 392
45 315 420
45 328 17
45 345 153
45 348 200
45 375 81
46 68 125
46 94 186
46 97 255
46 124 232
46 142 303
46 154 34
46 155 84
46 161 63
46 163 351
46 164 2
46 168 370
46 217 77
46 250 249
46 255 354
46 256 81
46 303 135
46 340 35
46 343 5
46 354 313
46 355 202
47 99 47
47 119 126
47 147 339
47 152 189
47 159 302
47 178 161
47 189 64
47 193 125
47 207 380
47 238 458
47 271 194
47 278 123
47 290 298
47 294 76
47 323 210
47 330 265
47 358 441
47 377 416
47 384 194
48 103 413
48 106 168
48 116 216
48 125 337
48 133 184
48 138 220
48 167 292
48 188 162
48 191 27
48 204 38
48 211 496
48 264 294
48 277 434
48 300 352
48 305 465
48 310 239
48 347 356
48 362 252
48 385 483
49 71 30
49 72 391
49 74 170
49 145 224
49 150 251
49 171 98
49 177 73
49 182 105
49 192 60
49 202 200
49 205 27
49 237 106
49 269 487
49 273 225
49 286 275
49 316 246
49 364 49
49 380 399
49 387 476
50 53 137
50 61 298
50 87 317
50 128 79
50 140 232
50 153 290
50 165 316
50 175 374
50 194 132
50 228 252
50 352 276
50 356 203
50 359 302
50 383 260
51 60 404
51 62 180
51 66 459
51 115 61
51 118 128
51 120 478
51 130 412
51 134 413
51 180 432
51 199 403
51 212 128
51 226 397
51 235 438
51 240 175
51 253 51
51 335 289
51 348 257
52 53 205
52 61 146
52 84 455
52 86 366
52 87 239
52 121 113
52 128 409
52 135 50
52 162 207
52 175 333
52 194 55
52 206 224
52 209 175
52 224 97
52 236 38
52 244 308
52 245 386
52 282 114
52 317 198
52 339 107
52 352 179
53 82 240
53 86 205
53 87 373
53 117 195
53 128 45
53 135 378
53 165 243
53 183 49
53 194 284
53 209 32
53 222 36
53 224 303
53 228 431
53 244 1
53 260 68
53 289 175
53 359 452
54 56 134
54 65 218
54 70 344
54 104 156
54 127 65
54 129 261
54 170 315
54 229 126
54 234 485
54 262 478
54 266 405
54 280 51
54 320 399
54 338 49
54 342 161
54 346 33
54 351 243
54 367 110
54 370 479
54 375 359
54 382 331
55 68 334
55 80 247
55 94 99
55 97 227
55 113 336
55 114 83
55 122 360
55 146 340
55 149 415
55 156 313
55 161 19
55 164 407
55 217 37
55 250 277
55 255 332
55 292 27
55 303 423
55 306 385
55 307 383
55 355 179
56 65 282
56 77 370
56 90 349
56 102 101
56 107 365
56 108 70
56 221 277
56 229 333
56 230 428
56 262 278
56 287 179
56 320 84
56 327 445
56 334 329
56 336 231
56 342 350
56 344 268
56 349 151
56 370 251
56 382 450
57 72 404
57 145 302
57 171 391
57 182 198
57 192 107
57 202 65
57 205 391
57 213 494
57 269 256
57 361 412
58 69 294
58 78 61
58 79 337
58 81 157
58 132 366
58 141 369
58 162 392
58 174 271
58 181 127
58 187 44
58 219 306
58 225 377
58 233 478
58 279 412
58 284 406
58 285 436
58 332 283
58 374 272
59 63 97
59 100 184
59 137 166
59 186 342
59 201 168
59 220 153
59 231 8
59 252 263
59 258 87
59 259 220
59 265 245
59 268 219
59 274 235
59 276 296
59 333 241
60 66 78
60 67 152
60 96 392
60 98 493
60 101 42
60 118 363
60 120 381
60 134 241
60 160 355
60 169 140
60 199 313
60 210 62
60 235 120
60 240 231
60 248 448
60 253 337
60 311 276
60 315 340
60 345 240
61 84 389
61 86 498
61 87 261
61 121 262
61 128 212
61 135 435
61 175 481
61 194 224
61 244 139
61 245 82
61 260 241
61 318 266
61 326 479
61 339 41
61 356 350
61 383 392
62 66 399
62 67 247
62 101 195
62 112 307
62 115 324
62 118 147
62 123 67
62 169 463
62 180 384
62 199 111
62 204 183
62 210 441
62 212 177
62 226 343
62 232 346
62 235 404
62 253 226
62 270 168
62 278 135
62 328 495
62 335 24
62 348 72
63 76 46
63 100 284
63 143 37
63 186 390
63 197 423
63 198 464
63 231 100
63 235 465
63 258 442
63 265 464
63 273 498
63 276 468
63 283 257
63 312 142
63 319 216
63 378 295
64 81 299
64 141 5
64 181 48
64 219 207
64 225 29
64 233 327
64 247 304
64 263 338
64 284 439
64 285 206
64 306 191
64 360 322
64 372 2
64 373 143
64 374 399
65 107 336
65 108 49
65 126 177
65 127 410
65 139 166
65 170 51
65 221 181
65 229 414
65 230 433
65 234 125
65 241 88
65 281 356
65 320 243
65 327 116
65 349 28
65 367 343
65 370 481
66 67 386
66 83 223
66 98 354
66 118 144
66 120 139
66 130 437
66 134 246
66 160 454
66 166 246
66 195 319
66 210 419
66 232 111
66 248 236
66 253 416
66 328 361
66 335 136
66 348 426
67 96 18
67 101 39
67 120 22
67 123 404
67 134 115
67 199 64
67 210 73
67 235 343
67 246 228
67 253 348
67 315 458
67 328 220
67 345 233
67 348 364
68 94 194
68 97 442
68 110 342
68 114 217
68 122 226
68 142 341
68 149 171
68 156 408
68 158 294
68 161 177
68 163 159
68 164 122
68 168 165
68 217 126
68 223 413
68 250 338
68 255 273
68 292 23
68 303 479
68 304 399
68 306 136
68 307 245
68 355 401
69 79 41
69 81 91
69 132 272
69 141 255
69 181 55
69 187 367
69 219 10
69 225 421
69 233 148
69 237 400
69 247 296
69 263 63
69 279 164
69 332 349
69 372 26
69 373 43
69 374 185
69 376 155
70 91 164
70 176 128
70 215 159
70 293 431
70 309 83
70 314 449
70 329 416
70 363 395
70 374 378
70 375 111
70 379 67
71 145 238
71 148 416
71 150 208
71 177 23
71 182 267
71 202 67
71 269 152
71 286 159
71 361 391
71 364 275
71 369 94
71 380 338
71 387 166
72 145 379
72 148 162
72 157 200
72 171 178
72 177 32
72 202 359
72 205 88
72 213 207
72 242 175
72 269 309
72 286 8
72 301 263
72 331 58
72 361 80
72 364 88
72 380 133
73 76 66
73 100 333
73 143 272
73 174 245
73 231 276
73 239 417
73 252 417
73 265 57
73 268 234
73 274 425
73 276 144
73 312 224
73 319 117
73 333 134
73 337 2
73 365 259
73 378 420
74 145 167
74 148 241
74 150 117
74 171 258
74 182 463
74 213 376
74 301 377
74 369 495
74 380 146
75 197 137
75 198 48
75 239 328
75 252 45
75 259 330
75 273 337
75 276 466
75 302 486
75 319 23
75 378 462
76 100 287
76 186 316
76 197 37
76 198 63
76 201 61
76 220 270
76 231 317
76 239 100
76 252 356
76 265 175
76 273 344
76 274 120
76 276 360
76 302 11
76 333 333
76 378 361
77 90 181
77 102 433
77 104 455
77 111 299
77 127 375
77 129 302
77 139 204
77 170 371
77 173 357
77 221 238
77 229 461
77 230 388
77 234 193
77 254 236
77 262 180
77 266 445
77 272 267
77 281 367
77 287 431
77 327 343
77 336 8
77 338 400
77 342 108
77 344 275
77 346 49
77 349 395
77 367 497
78 109 469
78 132 364
78 141 15
78 203 101
78 233 169
78 247 109
78 279 393
78 285 478
78 295 87
78 332 167
78 372 120
78 373 463
78 374 454
79 81 60
79 109 98
79 187 471
79 203 326
79 225 374
79 233 347
79 237 261
79 247 303
79 263 483
79 279 401
79 284 491
79 285 182
79 372 27
79 373 150
79 374 236
79 376 322
80 94 380
80 110 83
80 114 462
80 122 418
80 146 336
80 155 296
80 156 258
80 158 432
80 163 440
80 184 476
80 223 122
80 292 97
80 303 16
80 306 49
80 322 471
80 340 259
80 354 457
80 355 18
81 132 319
81 141 208
81 174 237
81 219 283
81 263 384
81 284 13
81 332 418
81 360 313
81 372 300
81 374 418
81 376 115
82 84 446
82 86 475
82 87 266
82 128 126
82 140 268
82 162 441
82 175 55
82 194 117
82 209 454
82 222 243
82 228 397
82 236 392
82 260 450
82 282 200
82 317 499
82 318 414
82 326 211
82 383 283
83 96 455
83 115 30
83 123 273
83 130 264
83 166 113
83 180 177
83 210 396
83 226 413
83 232 435
83 240 119
83 246 44
83 248 216
83 253 317
83 328 35
83 335 370
83 345 241
84 121 347
84 128 448
84 153 383
84 162 433
84 165 29
84 175 28
84 183 204
84 194 423
84 209 345
84 224 191
84 228 489
84 236 368
84 244 72
84 260 444
84 289 32
84 317 464
84 318 138
84 326 370
84 383 476
85 91 361
85 151 158
85 185 118
85 200 219
85 215 114
85 291 324
85 293 453
85 314 133
85 329 408
85 361 129
85 363 4
85 375 117
86 87 58
86 90 172
86 121 415
86 140 354
86 162 182
86 165 287
86 175 488
86 194 15
86 206 343
86 222 61
86 224 119
86 228 312
86 236 296
86 244 172
86 245 234
86 260 115
86 282 41
86 339 487
86 356 87
86 359 489
87 128 236
87 135 387
87 140 104
87 153 459
87 162 242
87 175 216
87 194 11
87 206 467
87 222 379
87 224 407
87 236 231
87 244 477
87 245 258
87 281 89
87 289 196
87 292 411
87 318 218
87 352 133
87 359 372
88 93 386
88 95 67
88 144 52
88 152 23
88 159 377
88 189 118
88 207 250
88 218 133
88 249 462
88 271 284
88 275 40
88 278 190
88 294 483
88 295 86
88 330 233
89 106 389
89 125 104
89 136 412
89 138 215
89 167 435
89 172 283
89 188 46
89 204 355
89 211 220
89 264 219
89 267 468
89 288 394
89 296 29
89 298 218
89 305 310
89 308 27
89 324 11
89 350 2
89 357 99
89 368 244
89 371 417
89 385 204
89 386 373
90 104 304
90 108 356
90 131 402
90 139 281
90 170 61
90 229 205
90 230 6
90 241 395
90 272 112
90 297 178
90 320 273
90 334 5
90 336 458
90 349 322
90 382 141
91 185 351
91 215 51
91 275 212
91 291 329
91 309 282
91 314 468
91 321 183
91 381 304
92 116 355
92 133 165
92 138 116
92 172 463
92 204 251
92 216 386
92 267 128
92 277 415
92 296 472
92 299 43
92 300 369
92 341 13
92 350 480
92 353 274
92 386 34
93 95 71
93 99 354
93 117 8
93 119 32
93 144 440
93 178 445
93 179 293
93 189 278
93 196 267
93 207 86
93 218 118
93 238 443
93 249 409
93 271 181
93 275 300
93 278 130
93 290 441
93 294 429
93 323 200
93 358 355
93 377 340
94 113 473
94 114 164
94 121 488
94 122 444
94 124 237
94 146 44
94 161 457
94 163 42
94 164 264
94 217 194
94 223 33
94 250 72
94 255 52
94 292 28
94 303 68
94 306 238
94 307 273
94 322 386
94 340 3
94 343 487
95 99 456
95 119 183
95 159 426
95 178 285
95 189 95
95 238 149
95 271 206
95 275 305
95 280 482
95 294 84
95 295 339
95 323 115
95 330 374
95 358 107
95 384 142
96 115 67
96 118 195
96 120 490
96 160 254
96 166 129
96 169 422
96 180 224
96 195 476
96 199 369
96 212 81
96 235 167
96 240 382
96 246 341
96 253 358
96 311 44
96 328 492
96 335 298
96 348 365
97 113 26
97 114 360
97 124 310
97 142 61
97 161 253
97 162 111
97 168 494
97 184 487
97 217 384
97 227 408
97 250 289
97 255 474
97 303 192
97 304 482
97 307 175
97 340 30
97 343 119
97 354 429
98 118 267
98 120 355
98 123 352
98 160 215
98 166 471
98 169 145
98 195 207
98 199 103
98 212 52
98 226 165
98 235 42
98 240 282
98 248 301
98 270 129
98 315 346
98 345 144
98 360 148
99 117 201
99 119 385
99 147 109
99 152 197
99 159 347
99 179 325
99 190 483
99 196 482
99 207 272
99 218 322
99 271 63
99 275 499
99 280 77
99 290 175
99 294 427
99 297 41
99 358 240
99 366 304
100 137 279
100 186 374
100 197 448
100 198 210
100 201 226
100 220 377
100 231 250
100 239 89
100 258 373
100 265 144
100 268 243
100 273 211
100 274 102
100 283 76
100 312 327
100 319 389
100 331 166
100 333 354
100 337 110
100 365 362
100 378 282
101 112 316
101 115 175
101 120 256
101 130 27
101 132 306
101 134 452
101 160 497
101 166 382
101 169 422
101 195 431
101 199 220
101 212 17
101 226 97
101 232 192
101 235 199
101 246 66
101 253 465
101 311 438
101 315 151
101 328 46
101 348 320
102 108 469
102 127 423
102 129 88
102 229 40
102 241 361
102 266 58
102 320 164
102 327 215
102 334 255
102 346 132
102 351 404
102 370 494
102 382 79
103 125 242
103 157 125
103 191 484
103 211 499
103 216 111
103 257 267
103 267 22
103 288 158
103 299 167
103 300 103
103 350 172
103 353 260
103 362 458
104 107 271
104 111 98
104 129 395
104 131 260
104 139 314
104 170 437
104 221 52
104 229 182
104 230 360
104 272 281
104 281 329
104 287 492
104 320 405
104 334 446
104 342 214
104 367 362
105 151 313
105 185 214
105 200 465
105 215 408
105 293 209
105 313 194
105 314 355
105 329 315
105 363 326
105 375 266
106 116 397
106 138 334
106 172 275
106 188 174
106 191 158
106 257 182
106 267 257
106 277 394
106 298 81
106 299 171
106 305 106
106 310 297
106 341 212
106 350 23
106 362 424
106 368 19
106 386 211
107 108 234
107 111 454
107 127 211
107 129 303
107 139 280
107 173 309
107 216 84
107 221 205
107 229 133
107 230 291
107 241 375
107 254 159
107 266 366
107 272 79
107 336 366
107 338 257
107 346 485
107 351 116
107 382 361
108 131 363
108 170 75
108 221 455
108 229 292
108 230 94
108 234 84
108 254 255
108 262 264
108 272 140
108 287 330
108 320 13
108 334 237
108 336 431
108 338 228
108 342 281
108 344 306
108 370 357
109 132 460
109 141 317
109 165 90
109 203 92
109 233 180
109 263 325
109 372 61
109 373 138
109 376 252
110 124 472
110 142 258
110 146 363
110 155 193
110 156 350
110 168 484
110 217 456
110 223 108
110 255 163
110 303 190
110 304 478
110 307 235
110 322 287
110 343 43
110 354 18
110 355 486
111 127 24
111 129 258
111 139 357
111 173 480
111 234 116
111 241 402
111 262 5
111 272 371
111 336 18
111 338 116
111 344 165
111 349 147
111 351 251
111 370 55
111 382 214
112 115 434
112 120 367
112 123 289
112 130 386
112 134 279
112 166 304
112 169 93
112 226 383
112 248 422
112 253 156
112 311 258
112 315 377
113 114 295
113 122 187
113 146 316
113 155 374
113 164 218
113 168 70
113 217 302
113 223 141
113 255 94
113 256 131
113 304 286
113 322 315
114 122 342
114 142 376
114 146 106
114 149 179
114 156 48
114 161 294
114 168 288
114 217 384
114 250 201
114 256 445
114 304 254
114 307 57
114 340 106
114 343 264
114 355 21
115 123 168
115 130 276
115 134 138
115 180 167
115 199 260
115 212 32
115 235 230
115 240 58
115 246 35
115 248 67
115 270 55
115 315 207
115 335 163
116 125 197
116 167 453
116 211 187
116 277 118
116 288 428
116 298 103
116 299 103
116 300 452
116 305 383
116 325 406
116 347 152
116 350 452
116 353 221
116 357 314
116 368 88
116 385 414
116 386 245
117 144 318
117 152 138
117 159 144
117 178 153
117 193 37
117 218 359
117 238 199
117 278 112
117 280 468
117 294 92
117 295 314
117 323 230
117 330 492
117 358 34
117 366 500
117 377 199
117 384 99
118 120 132
118 134 109
118 160 359
118 166 387
118 169 341
118 180 424
118 195 225
118 212 287
118 226 43
118 235 357
118 246 357
118 253 15
118 315 459
118 335 115
118 345 138
118 348 182
119 147 494
119 152 358
119 189 411
119 190 488
119 196 177
119 238 86
119 249 422
119 271 62
119 275 145
119 280 23
119 294 72
119 377 203
119 384 90
120 130 75
120 166 253
120 169 65
120 195 21
120 226 353
120 232 315
120 235 217
120 246 267
120 248 18
120 253 270
120 270 98
120 309 219
120 311 241
120 315 498
120 328 477
120 335 37
120 345 403
121 128 338
121 135 307
121 140 374
121 162 193
121 206 352
121 236 473
121 282 10
121 289 331
121 317 400
121 318 344
121 326 164
121 356 55
121 359 110
121 383 312
122 124 250
122 142 73
122 146 281
122 149 372
122 154 117
122 156 83
122 161 477
122 164 165
122 184 434
122 217 389
122 303 339
122 304 160
122 306 446
122 307 303
122 322 393
122 343 332
122 355 95
123 134 359
123 169 458
123 180 63
123 195 125
123 210 300
123 212 253
123 232 289
123 248 468
123 311 24
123 315 408
123 328 489
123 376 1
124 146 402
124 149 88
124 156 323
124 158 191
124 161 494
124 164 305
124 184 167
124 217 138
124 250 228
124 256 202
124 307 140
124 322 324
124 343 46
124 354 62
125 126 429
125 136 48
125 138 392
125 172 214
125 188 363
125 191 195
125 204 85
125 257 315
125 264 4
125 267 395
125 296 200
125 305 218
125 324 348
125 345 21
125 350 268
125 353 193
125 357 86
125 385 120
125 386 357
126 136 400
126 138 73
126 204 244
126 211 481
126 216 26
126 257 411
126 267 264
126 288 230
126 296 395
126 298 443
126 300 297
126 305 399
126 310 348
126 341 243
126 347 320
126 353 292
126 368 141
126 385 373
126 386 317
127 129 60
127 138 350
127 170 232
127 173 410
127 230 96
127 234 142
127 262 215
127 272 467
127 281 402
127 287 206
127 327 322
127 346 121
127 349 97
127 367 101
127 382 40
128 140 358
128 158 301
128 165 199
128 175 30
128 209 257
128 222 152
128 228 324
128 236 496
128 245 153
128 260 187
128 289 353
128 326 350
128 352 256
128 356 308
128 359 174
129 170 367
129 173 408
129 234 150
129 241 228
129 254 394
129 262 253
129 281 136
129 327 370
129 346 432
129 367 454
129 370 390
129 382 148
130 134 373
130 143 450
130 166 383
130 210 413
130 226 497
130 235 252
130 240 240
130 248 405
130 345 165
130 348 145
131 139 257
131 173 106
131 221 491
131 229 444
131 241 11
131 285 276
131 287 320
131 298 492
131 320 31
131 327 328
131 346 343
131 349 153
131 367 357
131 382 296
132 174 282
132 181 148
132 203 466
132 225 459
132 237 494
132 285 244
132 332 151
132 360 411
132 374 213
133 136 1
133 167 215
133 172 32
133 191 268
133 199 62
133 211 44
133 216 335
133 257 100
133 264 340
133 298 69
133 305 433
133 308 229
133 310 208
133 324 231
133 325 442
133 341 100
133 347 421
133 350 54
133 353 39
133 371 441
133 385 271
133 386 154
134 166 389
134 175 12
134 180 437
134 232 66
134 235 56
134 240 251
134 246 359
134 248 8
134 253 208
134 270 290
134 315 200
134 335 207
134 345 338
134 348 296
135 140 74
135 153 247
135 162 16
135 183 356
135 206 412
135 224 277
135 244 338
135 260 341
135 317 390
135 356 163
135 359 390
135 383 388
136 138 21
136 167 391
136 172 115
136 188 445
136 204 42
136 211 134
136 257 465
136 264 347
136 277 219
136 288 374
136 298 291
136 299 459
136 305 427
136 308 490
136 310 457
136 341 261
136 347 45
136 350 486
136 353 472
136 357 59
136 362 242
136 368 306
136 385 88
136 386 30
137 197 370
137 220 227
137 239 293
137 251 32
137 258 338
137 259 208
137 265 466
137 283 380
137 295 352
137 302 5
137 312 409
137 327 309
137 337 275
137 378 276
138 167 334
138 172 456
138 211 61
138 257 486
138 277 72
138 288 397
138 298 426
138 299 197
138 300 103
138 302 339
138 310 246
138 324 284
138 347 439
138 362 477
138 368 422
138 371 347
138 385 113
138 386 26
139 173 262
139 229 46
139 230 283
139 241 61
139 262 182
139 281 266
139 320 499
139 336 362
139 342 36
139 367 61
139 370 329
139 382 238
140 153 111
140 183 470
140 206 167
140 222 311
140 244 466
140 282 429
140 303 109
140 318 254
140 356 139
140 383 17
141 174 65
141 181 275
141 187 144
141 203 405
141 225 472
141 237 127
141 247 153
141 376 92
142 146 342
142 149 477
142 156 247
142 164 448
142 168 143
142 223 446
142 227 459
142 250 37
142 255 187
142 256 208
142 267 314
142 292 142
142 303 309
142 304 476
142 306 178
142 307 166
142 340 56
142 343 318
143 198 30
143 231 47
143 239 9
143 251 313
143 258 312
143 259 130
143 265 225
143 268 361
143 273 401
143 274 243
143 319 171
143 333 481
143 365 320
143 378 469
144 152 159
144 167 353
144 189 276
144 190 467
144 193 197
144 196 168
144 218 319
144 275 306
144 290 317
144 294 102
144 323 182
144 366 355
145 157 248
145 171 462
145 205 230
145 213 471
145 243 484
145 261 105
145 269 246
145 286 81
145 301 425
145 361 489
145 364 323
145 369 157
145 387 320
146 155 381
146 161 312
146 163 11
146 164 423
146 255 282
146 256 230
146 303 443
146 306 79
146 307 436
146 322 471
146 340 56
146 355 482
147 159 392
147 188 327
147 190 74
147 196 412
147 207 423
147 218 429
147 275 26
147 278 109
147 280 195
147 290 321
147 295 138
147 358 207
147 377 93
147 384 57
148 177 259
148 192 372
148 202 496
148 205 75
148 213 20
148 243 93
148 301 203
148 316 237
148 331 173
148 361 191
148 364 257
148 380 333
148 387 404
149 156 143
149 158 434
149 163 355
149 168 1
149 184 357
149 223 427
149 227 394
149 250 277
149 292 72
149 304 202
149 306 19
149 322 478
149 340 24
149 343 377
149 354 64
149 355 288
150 157 171
150 171 453
150 182 359
150 192 17
150 202 86
150 205 34
150 213 464
150 242 85
150 261 218
150 269 499
150 286 391
150 316 224
150 331 39
150 361 66
150 364 409
150 369 388
150 387 479
151 200 154
151 208 464
151 215 165
151 283 19
151 291 322
151 321 409
151 329 8
151 375 204
151 381 95
152 189 374
152 190 300
152 193 331
152 207 12
152 275 186
152 278 483
152 280 65
152 323 308
152 330 143
152 358 288
152 377 411
152 384 87
153 162 71
153 165 81
153 194 354
153 222 183
153 224 473
153 236 353
153 245 80
153 260 199
153 282 381
153 317 313
153 318 299
153 383 482
154 155 294
154 156 186
154 158 76
154 161 350
154 164 282
154 168 229
154 184 61
154 223 480
154 250 84
154 255 488
154 256 227
154 304 236
154 354 8
155 156 458
155 163 47
155 164 422
155 168 47
155 184 290
155 250 241
155 255 463
155 292 464
155 307 47
155 322 329
155 343 422
155 355 110
156 158 323
156 161 341
156 163 52
156 164 357
156 168 465
156 217 125
156 256 99
156 292 454
156 303 222
156 304 273
156 306 449
156 307 37
156 322 361
156 340 328
156 354 400
157 171 497
157 182 161
157 205 417
157 242 461
157 269 448
157 286 265
157 301 201
157 364 5
157 369 228
158 161 230
158 163 76
158 164 113
158 184 463
158 217 390
158 223 261
158 227 338
158 255 156
158 261 315
158 304 15
158 307 307
158 322 442
158 340 138
158 354 143
158 355 315
159 178 112
159 190 215
159 193 146
159 196 483
159 207 367
159 218 438
159 238 378
159 275 88
159 280 138
159 290 384
159 330 338
159 358 112
159 384 54
160 180 370
160 195 200
160 210 161
160 232 335
160 235 343
160 240 376
160 253 25
160 270 404
160 335 315
160 345 186
160 348 60
161 164 109
161 168 462
161 184 350
161 217 498
161 223 190
161 227 339
161 250 111
161 292 298
161 303 31
161 306 286
161 322 148
161 340 274
161 343 426
161 355 159
162 165 498
162 183 281
162 222 342
162 228 83
162 244 311
162 289 212
162 326 299
162 356 207
162 359 56
163 164 497
163 184 226
163 227 74
163 255 68
163 256 382
163 304 233
163 306 116
163 307 165
163 322 150
163 340 315
163 343 148
163 354 91
164 250 418
164 255 401
164 277 454
164 292 250
164 303 399
164 304 156
164 307 17
164 322 454
164 354 229
164 355 461
165 175 354
165 183 9
165 194 495
165 206 411
165 228 237
165 245 428
165 282 312
165 317 137
165 318 232
165 326 480
165 339 345
165 352 250
165 359 181
166 169 86
166 195 115
166 199 405
166 210 235
166 226 100
166 235 375
166 240 67
166 246 31
166 253 91
166 270 188
166 311 305
166 315 39
166 328 73
166 335 330
166 348 130
167 188 91
167 191 269
167 216 272
167 257 44
167 277 106
167 288 412
167 298 404
167 305 116
167 308 343
167 310 447
167 324 29
167 325 172
167 341 42
167 350 324
167 353 96
167 357 409
167 368 49
167 371 153
167 385 311
167 386 212
168 184 174
168 306 298
168 307 11
168 329 100
168 355 41
169 198 406
169 199 24
169 212 136
169 232 118
169 235 484
169 240 303
169 253 486
169 345 465
169 348 93
170 173 125
170 230 459
170 254 155
170 262 152
170 272 366
170 281 439
170 320 362
170 327 238
170 342 46
170 346 395
170 351 278
170 370 261
170 382 137
171 186 429
171 192 80
171 202 420
171 205 254
171 213 321
171 243 395
171 301 456
171 331 465
171 361 426
171 369 360
171 387 101
172 188 281
172 216 120
172 257 469
172 296 362
172 298 456
172 299 444
172 300 33
172 325 127
172 341 477
172 362 470
172 368 233
172 371 106
172 386 364
173 221 409
173 229 229
173 230 265
173 234 167
173 254 89
173 266 391
173 272 330
173 320 159
173 334 268
173 336 273
173 342 166
173 346 114
173 349 285
173 351 451
173 367 170
174 203 10
174 225 163
174 237 471
174 247 477
174 279 130
174 332 496
174 360 263
174 373 309
174 376 349
175 194 295
175 206 130
175 209 221
175 222 185
175 224 498
175 228 372
175 243 134
175 282 468
175 317 308
175 339 230
175 352 11
175 359 178
175 383 49
176 200 433
176 211 309
176 291 3
176 309 78
176 314 194
176 329 413
176 375 265
176 379 6
177 192 499
177 202 457
177 205 232
177 213 62
177 242 417
177 243 484
177 269 129
177 286 402
177 301 445
177 331 439
177 361 490
177 387 160
178 179 197
178 189 29
178 218 397
178 238 183
178 249 304
178 275 448
178 278 288
178 280 475
178 295 348
178 366 116
178 377 200
179 190 112
179 193 153
179 196 447
179 207 419
179 238 178
179 249 10
179 271 385
179 275 350
179 278 473
179 280 58
179 290 135
179 297 456
179 305 149
179 323 353
179 366 283
179 377 435
179 384 408
180 199 256
180 226 271
180 232 233
180 235 300
180 246 78
180 248 454
180 270 258
180 311 328
180 335 13
180 345 364
180 348 95
181 219 435
181 233 412
181 263 395
181 279 188
181 284 22
181 332 287
181 376 402
182 202 336
182 205 190
182 213 226
182 242 238
182 243 492
182 269 340
182 316 27
182 380 477
183 194 90
183 222 112
183 244 486
183 245 236
183 289 492
183 317 261
183 318 289
183 339 440
183 352 375
183 356 94
183 383 348
184 223 185
184 227 389
184 250 393
184 256 203
184 292 236
184 304 34
184 306 427
184 307 410
184 322 144
184 354 65
185 214 105
185 215 123
185 287 36
185 293 334
185 309 404
185 313 377
185 321 254
185 329 484
185 363 82
185 381 161
186 198 422
186 201 256
186 220 264
186 231 180
186 251 437
186 259 172
186 265 73
186 273 291
186 276 179
186 312 87
186 319 434
186 378 481
187 203 147
187 219 500
187 225 41
187 233 420
187 237 482
187 247 70
187 263 399
187 284 341
187 285 404
187 360 382
187 372 68
187 373 370
188 191 126
188 211 154
188 216 180
188 257 423
188 264 265
188 267 224
188 277 363
188 296 362
188 299 228
188 300 8
188 308 378
188 310 7
188 341 24
188 350 105
189 196 243
189 207 81
189 218 157
189 249 169
189 271 153
189 290 252
189 294 16
189 297 491
189 330 52
189 358 198
189 377 380
189 384 455
190 193 248
190 207 422
190 238 423
190 275 457
190 278 368
190 280 237
190 290 301
190 294 50
190 330 62
190 358 159
190 377 356
191 204 454
191 267 84
191 296 487
191 298 18
191 299 166
191 300 429
191 305 497
191 310 129
191 324 460
191 325 136
191 347 106
191 350 470
191 353 39
191 362 67
191 386 147
192 202 466
192 205 52
192 213 365
192 242 269
192 243 178
192 331 393
192 380 484
193 238 450
193 278 452
193 290 374
193 294 142
193 297 357
193 358 89
193 366 225
193 377 235
193 384 5
194 222 445
194 228 340
194 236 179
194 245 272
194 289 350
194 317 111
194 339 418
194 352 251
194 356 416
194 359 461
194 383 471
195 210 286
195 226 248
195 240 126
195 246 403
195 311 118
195 328 499
195 335 154
195 345 421
195 348 234
196 207 66
196 249 193
196 275 325
196 290 71
196 295 302
196 297 375
196 330 62
196 358 366
196 366 75
197 201 405
197 251 156
197 258 20
197 265 269
197 273 375
197 274 214
197 276 229
197 283 424
197 302 67
197 319 72
197 333 150
197 337 249
198 251 317
198 258 473
198 265 119
198 268 325
198 273 209
198 274 214
198 283 114
198 319 446
198 333 146
198 378 189
199 212 42
199 226 8
199 246 27
199 263 67
199 270 95
199 328 73
199 348 477
200 214 33
200 293 4
200 313 228
200 321 226
200 329 272
200 381 470
201 231 15
201 251 164
201 258 363
201 265 331
201 268 17
201 273 224
201 276 377
201 302 252
201 312 77
202 205 331
202 213 366
202 242 342
202 269 83
202 316 324
202 361 142
202 364 306
202 369 312
203 225 48
203 233 165
203 263 8
203 279 32
203 285 315
203 360 52
203 372 166
203 373 338
203 376 411
203 385 419
204 211 91
204 216 221
204 257 309
204 264 479
204 277 485
204 288 293
204 296 495
204 298 194
204 300 229
204 324 65
204 350 48
204 357 164
204 368 157
204 371 126
204 385 375
204 386 482
205 243 259
205 261 437
205 286 310
205 301 213
205 316 227
205 328 29
205 364 429
205 369 410
206 209 255
206 224 272
206 236 301
206 244 21
206 282 64
206 289 78
206 326 32
206 339 187
206 352 260
206 359 203
206 383 330
207 249 276
207 271 385
207 275 391
207 278 322
207 280 420
207 290 256
207 294 334
207 295 378
207 297 53
207 330 123
207 358 440
207 377 48
208 263 328
208 291 497
208 293 131
208 363 282
208 375 13
208 379 95
208 381 483
209 222 203
209 224 108
209 236 231
209 245 193
209 289 323
209 339 24
209 350 127
209 352 115
209 356 313
210 226 176
210 235 418
210 246 401
210 253 446
210 311 344
210 315 412
210 328 244
211 216 434
211 264 136
211 296 407
211 298 20
211 299 259
211 300 137
211 305 277
211 324 364
211 341 57
211 347 98
211 362 367
211 385 60
211 386 311
212 226 234
212 235 437
212 246 498
212 248 153
212 253 105
212 270 347
212 335 42
212 345 259
213 269 104
213 280 288
213 316 357
213 364 125
213 369 182
213 380 364
214 215 110
214 291 474
214 293 425
214 309 399
214 314 287
214 321 27
214 375 308
214 379 262
214 381 215
215 291 475
215 293 187
215 309 213
215 313 253
215 321 87
215 329 249
215 363 391
215 379 82
215 381 331
216 277 170
216 288 246
216 296 16
216 299 142
216 300 3
216 305 11
216 324 486
216 325 62
216 347 475
216 350 424
216 357 399
216 362 299
216 371 236
216 385 270
217 227 182
217 250 440
217 255 88
217 256 444
217 303 227
217 306 216
217 307 43
217 355 117
218 238 58
218 249 489
218 275 81
218 280 179
218 294 324
218 297 40
218 358 255
218 377 353
218 384 326
219 225 100
219 237 179
219 247 78
219 279 275
219 285 23
219 332 95
219 360 290
219 374 266
220 239 312
220 251 164
220 259 400
220 265 297
220 268 76
220 276 149
220 283 136
220 302 26
220 312 467
220 337 405
220 365 367
220 378 324
221 229 84
221 234 107
221 262 376
221 266 371
221 272 63
221 281 419
221 320 367
221 334 145
221 336 498
221 338 207
221 349 237
221 351 356
221 370 56
222 224 353
222 244 304
222 245 463
222 260 357
222 282 457
222 317 37
222 318 142
222 339 371
222 352 404
222 359 244
222 383 162
222 384 23
223 255 173
223 256 207
223 307 229
223 327 494
224 228 410
224 236 81
224 245 287
224 260 335
224 282 113
224 317 4
224 318 31
224 326 346
224 352 71
224 359 193
224 383 144
225 233 369
225 247 192
225 263 142
225 284 472
225 332 451
225 360 299
225 372 145
226 235 404
226 240 318
226 253 418
226 315 49
226 328 335
226 335 75
226 345 388
227 250 315
227 255 445
227 256 157
227 303 433
227 307 303
227 322 230
227 340 94
227 354 237
227 355 421
228 236 433
228 245 351
228 260 494
228 289 479
228 317 374
228 318 99
228 326 444
228 339 300
228 383 27
229 234 135
229 241 201
229 254 105
229 262 142
229 281 424
229 287 464
229 327 203
229 342 447
229 344 424
229 346 51
229 367 327
229 382 346
230 234 451
230 241 139
230 262 401
230 327 163
230 336 295
230 342 418
230 346 191
230 351 121
230 367 297
230 382 153
231 239 20
231 251 213
231 252 243
231 258 190
231 259 333
231 268 359
231 274 8
231 276 30
231 302 434
231 312 193
231 319 311
231 337 449
231 365 181
232 235 62
232 240 57
232 246 206
232 248 108
232 253 407
232 270 269
232 311 128
232 335 4
232 348 375
233 247 353
233 279 439
233 284 388
233 285 434
233 360 21
233 374 453
234 241 416
234 254 176
234 272 465
234 281 27
234 319 423
234 320 250
234 334 469
234 338 352
234 342 498
234 344 203
234 346 291
234 349 120
234 351 485
234 370 267
235 253 335
235 335 360
235 345 260
236 244 368
236 245 337
236 260 412
236 298 180
236 352 309
236 356 180
236 359 63
236 383 270
237 247 400
237 263 439
237 284 204
237 285 260
237 309 210
237 332 151
237 374 287
238 249 84
238 278 214
238 280 112
238 290 389
238 295 275
238 297 365
238 323 331
238 358 477
238 366 307
239 251 209
239 252 130
239 259 24
239 268 113
239 302 14
239 312 154
239 337 42
239 378 57
240 248 487
240 270 116
240 315 453
240 328 277
240 335 322
240 345 131
241 254 309
241 266 74
241 272 54
241 287 90
241 320 228
241 334 208
241 336 485
241 338 24
241 342 134
241 346 15
241 349 224
241 367 87
241 370 344
242 243 325
242 269 165
242 286 181
242 316 36
242 361 334
242 369 73
243 261 318
243 286 488
243 361 78
243 364 463
243 369 381
243 387 413
244 245 193
244 250 292
244 282 113
244 317 298
244 318 455
244 339 162
244 352 165
244 356 249
244 383 39
245 282 118
245 339 224
245 352 29
246 248 461
246 253 135
246 270 308
246 311 37
246 328 98
246 345 433
247 255 345
247 279 349
247 285 294
247 332 152
247 372 200
247 373 209
247 374 450
247 376 269
248 270 60
248 311 140
248 315 491
248 328 252
248 348 146
249 271 487
249 278 234
249 280 311
249 294 443
249 358 69
249 366 306
249 377 423
249 384 44
250 255 266
250 256 378
250 303 175
250 322 364
250 343 482
250 355 194
251 265 144
251 273 117
251 274 121
251 283 310
251 302 457
251 312 32
251 319 309
251 337 208
251 365 241
251 378 286
252 258 96
252 265 88
252 273 463
252 274 251
252 283 196
252 302 97
252 365 199
253 311 286
253 315 310
253 328 346
253 335 18
254 262 384
254 266 202
254 271 150
254 272 438
254 281 49
254 287 106
254 291 331
254 327 485
254 334 370
254 338 439
254 342 56
254 346 22
254 349 367
254 351 248
255 256 354
255 304 283
255 354 163
255 355 359
256 304 242
256 306 118
256 322 408
257 264 309
257 267 147
257 288 438
257 299 112
257 305 17
257 310 76
257 325 315
257 347 478
257 357 213
257 362 257
257 385 235
257 386 174
258 259 172
258 276 379
258 302 355
258 312 271
258 333 485
258 365 209
258 378 367
259 268 90
259 273 153
259 283 496
259 302 321
259 312 160
259 378 240
260 317 163
260 318 22
260 326 165
260 339 90
260 356 228
260 359 425
260 383 90
261 269 448
261 361 265
262 266 214
262 287 369
262 320 106
262 338 26
262 344 366
262 346 90
262 382 144
263 284 397
263 285 4
263 360 421
263 372 481
263 373 16
264 267 82
264 288 153
264 296 65
264 299 150
264 305 177
264 308 294
264 310 297
264 341 209
264 368 440
264 385 196
265 268 391
265 274 144
265 312 276
265 319 320
265 361 53
266 272 186
266 287 378
266 320 23
266 338 154
266 342 158
266 344 91
266 346 69
266 349 80
266 367 174
266 382 290
267 288 322
267 296 207
267 299 408
267 300 296
267 305 275
267 308 391
267 324 226
267 325 87
267 357 42
267 386 135
268 274 7
268 276 456
268 283 74
268 337 59
268 365 236
268 374 448
269 301 419
269 316 142
269 331 26
269 364 117
269 369 214
269 380 55
269 387 113
270 311 66
270 328 105
270 335 396
271 272 263
271 275 478
271 278 274
271 297 90
271 330 409
271 358 59
271 377 205
271 384 119
272 320 289
272 327 51
272 334 110
272 336 323
272 342 304
272 344 485
272 346 357
272 351 73
272 367 329
272 370 210
273 274 33
273 276 95
273 283 190
273 302 287
273 319 439
273 333 200
273 337 145
274 276 372
274 302 461
274 319 466
274 337 487
275 278 51
275 290 328
275 295 354
275 330 76
275 366 106
275 377 212
276 283 41
276 337 190
276 378 158
277 288 66
277 296 360
277 299 336
277 324 408
277 341 351
277 350 407
277 357 314
277 362 235
277 368 220
277 385 173
278 280 474
278 294 245
278 295 377
278 330 213
278 366 110
278 377 348
279 372 424
279 373 276
280 290 161
280 294 214
280 295 256
280 297 82
280 358 308
281 320 134
281 327 388
281 336 20
281 338 462
281 342 99
281 344 218
281 346 176
281 349 219
281 351 136
282 318 345
282 326 320
282 339 161
282 359 306
283 312 25
283 319 171
283 337 375
283 365 49
284 372 340
284 373 213
284 374 69
284 376 302
285 332 353
285 360 395
285 372 376
286 301 39
286 316 67
286 361 259
286 364 313
286 369 336
286 387 493
287 327 487
287 336 416
287 338 61
287 344 291
287 346 117
287 351 6
287 367 474
287 370 290
288 296 174
288 299 97
288 305 288
288 308 340
288 310 448
288 324 212
288 341 397
288 357 368
288 362 283
288 371 358
288 385 190
289 317 170
289 326 336
289 359 327
289 383 225
290 294 343
290 295 354
290 323 242
290 330 204
290 366 461
290 377 307
291 313 23
291 375 458
292 293 170
292 307 465
292 354 198
293 314 51
293 329 372
293 363 240
294 295 483
294 297 255
294 323 100
294 384 158
295 323 315
295 330 75
295 358 100
295 366 57
296 310 388
296 341 398
296 347 331
296 357 122
296 362 141
296 386 244
297 358 64
297 377 243
298 300 166
298 325 467
298 341 350
298 347 18
298 362 272
298 371 322
299 300 209
299 347 277
299 357 72
299 362 26
299 385 208
300 308 258
300 310 131
300 324 300
300 325 475
300 350 226
300 353 96
300 357 166
300 362 474
300 368 22
300 385 221
301 316 189
301 331 451
301 364 328
301 387 363
302 312 119
302 319 128
302 333 399
302 365 290
302 378 468
303 304 101
303 307 121
303 331 448
303 355 139
304 307 491
304 322 442
304 343 283
304 344 263
304 355 67
305 308 408
305 310 495
305 347 284
305 350 230
305 357 151
305 368 346
306 322 172
306 340 113
306 355 390
307 354 170
307 355 197
308 310 105
308 325 34
308 341 358
308 347 209
308 353 107
308 357 490
308 368 230
308 371 112
308 385 122
309 321 314
309 329 14
309 363 268
309 379 490
310 324 68
310 325 314
310 347 452
310 350 243
310 357 490
310 368 119
310 371 249
310 385 32
310 386 440
311 328 456
311 335 237
311 345 150
312 319 500
312 333 192
312 337 229
313 321 335
313 329 468
313 363 75
313 379 26
313 381 499
314 321 336
314 363 300
314 381 374
315 345 48
315 348 345
316 331 491
316 361 319
316 369 118
316 380 161
316 387 129
317 356 246
317 359 325
317 383 138
318 356 40
318 383 20
319 333 448
319 365 57
319 378 155
320 334 153
320 338 180
320 344 24
320 346 293
320 349 413
320 370 109
321 329 141
321 381 179
322 340 424
323 377 443
323 384 174
324 325 500
324 347 491
324 357 202
324 368 322
324 385 266
324 386 422
325 347 306
325 350 398
325 359 292
325 362 110
325 371 123
325 385 498
325 386 400
326 339 453
326 356 312
326 383 261
327 334 252
327 336 7
327 338 237
327 342 14
327 344 35
327 349 97
327 351 410
327 370 10
328 335 325
328 345 378
330 366 493
330 384 105
331 361 283
331 364 78
331 369 37
331 380 205
331 387 130
332 360 228
332 373 96
332 374 52
332 376 216
333 337 444
333 378 445
334 342 199
334 346 255
334 349 375
334 351 93
334 367 142
334 382 27
336 342 165
336 346 47
336 351 264
336 382 125
338 342 407
338 344 299
338 349 59
338 367 157
339 359 235
339 383 81
340 343 297
340 354 209
340 355 304
341 347 101
341 353 476
341 357 456
341 362 289
341 371 101
341 385 405
341 386 172
342 344 247
342 346 341
342 351 389
342 367 242
342 379 148
343 354 62
344 346 227
344 349 192
344 367 159
344 382 368
345 348 338
346 349 492
346 370 189
347 353 129
347 357 151
347 362 235
347 371 7
347 386 208
349 370 396
349 382 476
350 353 288
350 357 55
350 362 374
350 385 207
352 356 98
352 383 122
353 357 82
353 368 359
353 385 356
353 386 175
356 392 219
356 393 140
357 362 328
358 366 487
358 377 272
358 384 473
359 383 203
360 372 363
360 373 353
361 364 257
361 369 103
361 387 12
362 371 172
362 386 248
363 375 257
363 379 275
364 375 489
364 380 149
364 387 185
366 377 130
367 382 396
369 380 497
370 382 46
371 385 494
372 374 108
373 374 142
373 376 289
374 376 55
375 379 439
377 384 202
379 381 118
388 389 2
388 390 1
389 391 4
390 391 3
391 392 5
391 393 6
388 29
