316 417 666.130 666
9.099837111411410700 1.643808031661834400 9.137333292641987000 1
-1.340678574931771800 4.118390412276346200 12.257301553392132000 0
12.213846624907658000 3.562385149223077400 2.670461134678182400 0
-7.910808822529910200 -10.305389301897550000 0.466963713492233030 0
5.563947022640753900 -10.310153131037305000 -5.634113589892269400 0
11.027570719391612000 -1.796106184536101000 6.645802179021576900 1
-4.128528596172312600 10.414459708398610000 6.595019379253517200 0
-6.788727257325273700 6.135460662069860400 9.234138004699850900 0
7.086840864480914900 -10.528046347511586000 -2.817255165257728700 0
-7.118907755732820400 7.966253606175961000 7.406750694296090600 0
-3.275341689517308200 -1.250151093066197200 -12.518356883449814000 0
2.973144326929088700 7.439488200427514500 10.237891781365398000 0
12.621497046278575000 -1.588712516824499800 -2.678395947141941400 0
7.922804378392597400 -8.684850025670209900 5.550004577776421800 1
12.717990965686232000 2.403321573321921100 -1.215216528824732100 0
-12.130568551277031000 3.131515980355251500 -3.470290231025117100 0
-6.023785901084818500 11.478908086834387000 -0.973998229926450350 0
-9.901196820446839900 8.342840876403883500 -1.167607654042176700 0
5.545937775518088300 -10.690079694930853000 4.895382549516281900 0
3.672923838763468400 -9.946460318655734800 7.521805475020599400 0
9.526905790884212500 -8.635074040515549500 -1.916653950621051600 0
1.234865987568949800 -6.741740628051871900 -11.046449171422468000 0
10.544806098210803000 -7.360432174247270300 -1.905545213171788700 0
-2.613966099809248400 12.320782362111286000 3.219550157170323800 0
-11.638767653677542000 -5.751372580378744100 0.678823206274605570 0
-11.691655711229579000 -1.504704572821030400 -5.480971709341716300 0
10.701753614232873000 -6.022096521420588800 -4.266945402386547000 0
-2.366934495970364000 -6.844726888085459900 10.795709097567675000 0
-10.539148310035889000 -7.594942880804923700 0.493148594622638600 0
6.277727549384973600 -2.659841252464907800 -11.068666646320994000 0
-7.038101066740837000 9.810996765990839900 4.817621387371440600 0
-12.384666089321689000 2.358785170235203000 -3.171147801141392300 0
12.503099528823412000 -3.172761620304623200 -1.614337595751823300 0
1.258360812595464000 -8.971246055499776200 -9.323801385540331700 0
-1.728985662512953600 -12.616535359132447000 2.614123966185491400 0
2.707610495969790400 -11.805411864214978000 4.722403637806329400 0
0.161491070267212430 -9.488444786150813200 -8.885006256294442300 0
3.840208051903602400 -2.636948920659484900 -12.136692403942991000 0
6.056452213866252900 0.367435019331257160 11.497146519363994000 0
7.856618612461705500 -9.698344615730624300 -3.635334330271309300 0
-10.525453518617692000 -7.267660411993414700 2.322916348765526400 0
4.500260498202931300 8.214314156487628100 9.015137180700096000 0
9.605053706735320800 3.449327614666954900 8.052644428846095400 0
-5.705872059239797300 10.990626609507501000 -3.955900753807184400 0
5.145738790020633500 11.935688970791421000 -0.246375926999725330 0
-5.987373850312462900 11.345993521628927000 2.102328562273018800 0
0.207996083782536670 12.220857496582346000 4.428022095400860000 0
1.283840299597827500 -8.904510621682097900 -9.384105960264900400 1
7.149220630009786200 -1.629960174075446100 10.734611041596727000 0
5.423089592561769500 6.030078363622243900 -10.160130619220556000 0
1.019822419333846300 8.168315104251075100 -10.061738944669942000 0
-8.815215933378066600 9.361281868997966900 1.912686544389172100 0
10.352025972840188000 -4.964503390670221200 -6.098300119022186800 0
-10.171104286635597000 -3.658111005259011300 7.222663045136875400 0
1.372869261096497400 -10.810526364626803000 -7.088564714499344900 0
-6.625704123853719100 -9.037064671381514800 -6.590258491775261800 0
-2.029503185728756400 -0.671126728845813590 -12.823053682058170000 0
10.254519984878774000 7.272459928537936800 3.310007019257179100 0
-0.414405177704776690 -12.689384053157621000 2.794244209112827000 0
-10.174347746493790000 8.011342755893769800 1.140629291665395100 0
2.409222822972398400 -4.391551199565228100 11.996246223334452000 0
-1.169306100767495900 11.061270184257255000 -6.729117709891049500 0
-0.155289572532890470 3.561395491641323700 12.501693777275918000 0
-6.384539949534509000 -10.089394895415980000 -5.142155217139195300 0
-11.193442797463133000 2.234394565340412300 -6.222083193456831500 0
6.661975322851261300 8.423212598974787500 -7.325815607165745600 0
9.002825772031144400 -9.326654988794768300 -0.981139561143833830 0
6.698965952562931900 -3.579149523564422200 -10.550523392437514000 0
3.414281707530416800 6.605974160171503400 10.663197729422896000 0
9.446095713549318900 6.634004948909198300 -5.980071413312174400 0
12.803925502992275000 -1.419972287054792200 -1.744468520157475400 0
-4.768075994685933200 7.615470575923428200 -9.395214697714163100 0
3.163408554605343900 1.809784895024653100 12.478682821131017000 0
-4.471037320622114600 -3.991228384294844400 11.536027100436414000 0
-1.458125103593815000 5.122363479431389700 -11.858973967711417000 0
5.517692373947599400 7.902412532980511300 8.723929563280130100 0
-4.860009487314442800 11.885510267657816000 -2.028534806360057500 0
-0.329116553299836970 4.447058783189605800 12.211279641102328000 0
-11.544950586061541000 4.426844851636390700 -4.014618366039002200 0
1.862697091733178700 6.531723753790028100 11.084536271248512000 0
-8.604411530516685500 -9.740776711233758400 0.285256508072145750 0
0.330939400880099380 -11.006948261179351000 -6.909237952818384300 0
-0.785383386672126480 -5.103825260321089600 -11.930387279885251000 0
-10.049772971111134000 -5.915634294642876200 -5.745200964384899600 0
-1.509805902984691300 7.253289418282186300 10.682241279335917000 0
5.403152243136991800 11.385456731336751000 -3.190191351054414400 0
8.765234974167162500 -1.336334533396390700 9.507095553453169100 1
-9.246556170246261500 7.486955178892707800 -5.238959929197057400 0
8.511372864657280600 -9.191030207608188000 -3.475844599749748500 0
-1.277656031039122300 2.871465156371775700 -12.614368114261300000 0
-12.385492224673865000 -3.182129841249188300 2.339579454939420900 0
-3.237693513517557100 -3.821965104715141900 11.996246223334452000 0
-3.313786611048088500 1.291102696064647200 -12.504074221015046000 0
10.332698628060129000 7.559642329054568700 2.255470442823572800 0
-9.876718810395702900 7.504531981012707600 3.890041810357982100 0
-1.164386919360897600 12.933231534095420000 -0.612964262825403620 0
-6.933389188368936500 -10.276668813948797000 -3.913846247749259700 0
2.970950613148200000 9.317200799107757400 8.565233314004943900 0
-9.986775590621618900 7.894717396273924800 -2.633960997344889400 0
-2.698283828244698100 12.587373787122736000 1.810327463606677500 0
9.961866484492338400 5.475686960684276600 6.306985686819055900 0
-1.086692703472759800 -8.576794995545466100 9.708639790032654200 0
-2.094767755520839300 -1.760268225841126900 12.708792382580034000 0
12.020237657656287000 4.117333565651795100 -2.749809259315775000 0
-8.968950022194459100 -8.165448208970696300 4.677968688009277900 0
4.200347332837966800 2.121423496170197000 12.118442335276345000 0
5.128644965774618000 -6.979716376589144600 9.694357127597887900 0
-3.290952134252928200 -5.562127759889247800 -11.279732657856989000 0
12.066735145063500000 4.614980902481156600 1.447706534012878700 0
6.018680223585644900 -7.990148352607850900 8.302591021454510700 0
0.089940542548480482 6.446903135905666100 11.288460951567124000 0
-9.746475813684428500 1.751934578481974000 8.422406689657277600 0
0.240998635044846890 -8.390448477894622700 -9.926847132786033300 0
12.820991563655982000 -0.260633646909139700 2.134067812128055400 0
11.087079501381186000 0.681170565292022130 -6.753715628528702600 0
-1.581173568084553300 -9.994610254169623800 8.161351359599597900 0
-11.470076210961951000 6.045122689967534800 0.945432905056917020 0
12.476119334438671000 -3.280757004124523800 -1.607196264534440200 0
-2.418530154366477000 12.609530956919549000 -2.037263100070192400 0
-7.526917187140437400 10.599312207920784000 0.009918515579699087 0
6.797652919085048300 3.105780490780863700 -10.637012848292489000 0
9.406123812193412100 2.723902933742051900 8.550157170323800000 0
8.534607189115405400 8.673611562721106300 4.574816125980406800 0
5.759512912372338500 -10.417809677201518000 5.224677266762291200 0
12.667688961636694000 2.911130098663059900 -0.234473708304086430 0
8.111737148579401000 -8.732573075101287300 -5.190557573168126400 0
-7.294891114842255500 -10.420015084751991000 -2.684743797112948600 1
0.336693867467080020 11.198340146899538000 -6.594225898007141300 0
3.885752175574754800 9.306184085505286400 8.203405865657522600 0
3.617719887305098400 -1.472617364195985900 12.399334696493423000 0
0.834885589825261290 12.834916845767459000 -1.888882106997894300 0
-9.140467335044732500 6.958946238317867700 -6.084810937833796500 0
2.215371722659785100 6.676780396489959900 -10.932187871944334000 0
-7.758122857192201000 9.589911421642215200 4.104281746879483000 0
5.129045953144226300 -3.445777629949007300 11.437635425885800000 0
6.600026220036042400 3.999182427761208500 -10.461653492843409000 0
12.837946696934667000 -0.672664282248742970 -1.932523575548570100 0
-6.614737584919570400 -11.140716225714659000 1.062868129520554200 0
1.821307473004091700 -5.947358413031533800 11.415417950987274000 0
-9.892970223028749300 -0.778426625734493390 8.397808771019622800 0
-1.071667408679311000 6.056973391842007900 11.452711569566944000 0
2.559601961698599700 -12.617667639837160000 1.800805688650166400 0
3.942570695582485700 -12.059976067778807000 -2.830744346446119500 0
2.678069748901394000 -12.581334575282701000 -1.880947294534134800 0
0.508637697621256320 7.638502466456274400 -10.506881923886837000 0
10.160408406399775000 7.721621770008234800 -2.478438673055207700 0
-0.710554474310724380 3.755206461051636700 12.425519577623829000 0
-11.697731356569056000 -5.208255143998839800 2.244361705374309700 0
-4.733327044842248200 8.899188671743537800 8.209753715628529800 0
-1.243053562612016900 -3.851087667457953100 -12.354106265449994000 0
12.150514017656915000 -4.577715865273000300 -0.639942625202185140 0
4.210519175093558900 -5.288139733114084300 -11.104373302407911000 0
3.576948120130224700 9.010454210570321400 -8.661244544816431900 0
-3.387443292236538300 -4.787637012825204200 11.601886043885616000 0
5.114442274197641000 -9.890805477710003400 6.709280678731650100 0
7.215232613102194200 -7.602088693990604700 7.690816980498671500 0
-2.379341239199564800 -11.934469707498989000 4.572435682241279100 0
-6.698347979977322500 -0.175364926583457290 -11.140079958494827000 0
-10.869622548091215000 6.876076776274443200 -1.889675588244270200 0
11.860319555666731000 5.208592684536521100 -1.096987823114719200 1
1.498422241493780400 11.447724442266033000 -5.975310525833918100 0
5.656744922803771800 -7.748129295801843100 -8.773125400555438000 0
4.043033122965855600 -5.024186127728921900 -11.287667470320748000 0
-2.114449633335053800 9.255827620353997500 8.880245368816186900 0
0.569596334774241990 -9.396140475837825100 8.965941343424788100 0
6.088338803579846500 1.525097944878121400 11.384472182378612000 0
-5.934971172691321700 5.852750109035295800 -9.976042970061341100 0
11.480464146941978000 2.151230882016129400 5.707113864558855300 0
-12.939668423652298000 0.318902092118586000 -1.209662160100100700 0
10.487534687362670000 0.394345801454618340 7.671773430585649800 0
-3.475606669652245600 -12.165427650777799000 -2.987060151982177100 0
7.193190812639795000 -10.437922864893658000 -2.882320627460554600 0
-3.877457733113984800 7.679980698075271800 -9.745933408612323500 0
1.148850194942536900 9.437201806613265000 -8.866756187627796500 0
-0.987402826767525890 -9.751724757165529700 -8.539841914120913200 0
5.879385597210632100 -7.706372381041775000 8.662831507309183700 0
-11.967806557754340000 -0.414389196701886010 -5.059633167516098600 0
5.442062329136980700 -11.745344942159411000 -1.196172978911709900 0
0.405257515764987590 3.761157455671513700 -12.437421796319468000 0
-9.750551606429665300 8.597247895334538400 0.118625446333201100 0
-6.858797693106680500 1.034245777755461000 10.994872890408033000 0
-2.968129132716192500 -11.518186967444114000 5.246101260414441500 0
-1.351638829255449500 -7.922400494612826800 -10.218054750205999000 0
0.414306724964389530 -11.442005182426421000 6.157017731254005500 0
1.100112171856527200 -6.992908447867392000 -10.903622547074802000 0
11.336621888349077000 0.511197602777357710 6.341898861659596600 0
-10.597511730831883000 2.636273567512967800 -7.052858058412427400 0
5.782463617138765800 9.105065557112791200 7.256782738731040200 0
10.509271288760333000 6.897684322288523800 -3.313180944242682700 0
-6.859699473733901000 2.849956455514292200 -10.668752098147527000 0
-12.194736930679801000 -4.283205885864443700 -1.393749809259315900 0
-4.830148177196551100 -12.015875894234089000 -1.135074922940763500 0
-9.364070764238229900 3.158432573233128400 8.446211127048554700 0
11.490943214675768000 -5.343605276329809900 -2.898983733634449100 0
4.123882984724796900 11.526841809865918000 -4.373271889400921700 0
-12.810762958562160000 1.866476345870517800 -1.183477278969695000 1
-12.939207575653052000 0.783755367267831680 -0.981139561143833830 0
-6.185133764343871300 11.411442413509750000 0.723258156071657440 0
9.146438354135693100 1.846761299351082900 9.051637318033387600 0
10.740250193327702000 -2.138576549945614400 -7.005249183629871400 0
11.464883087923244000 -6.128328507084887600 -0.006744590594195380 0
2.532741114485919500 12.185159458297543000 -3.755943479720450300 0
-5.477990420295617100 -7.379258348059383200 9.194463942381053900 0
-5.203763515274106400 11.847780458329359000 1.245368816187017300 0
9.007533169538364200 3.010307090778610000 -8.877071443830683300 0
3.140063679553216900 -2.910380159517026700 -12.274758140812404000 0
4.444955509534915800 10.007883727151755000 -7.006042664876247300 0
9.915208409580058600 -7.625653947548100200 3.540910061952574000 0
-7.915735624345068700 1.570642574650066700 -10.191869869075594000 0
-2.631431934475046300 2.242409460031084200 12.531846064638204000 0
11.411268084088148000 5.068917177352011200 3.617877742851038900 0
3.761138955526540000 -1.081369045394730400 12.396954252754295000 0
7.386633413493635600 -10.666013391532406000 0.820856349375896470 0
3.571548161248340400 -12.469555400506909000 0.868465224158452180 0
5.817112492354493000 -5.370913075087870000 10.310892056031983000 0
-8.697661097872512000 7.921513963725544700 5.531754509109775100 0
6.588263345788988100 -7.552704153391750300 8.279580065309609400 0
-7.698210452863806500 0.993753467560862800 -10.428327280495621000 0
-2.181284981721716600 2.837046242666077400 12.497726371044038000 0
-9.859938990598546800 -6.991204135731980100 4.785882137516403600 0
-0.578524980138654170 8.431922303463832000 9.877651295510727200 0
-4.321717680219792100 -3.148529660665692300 -11.849452192754905000 0
-12.077920326603367000 2.454329639508710400 4.135227515488143300 0
-6.491548771678121300 -3.459534215397271200 -10.718741416669209000 0
7.453492539338657100 0.463668188304388880 -10.640980254524370000 0
-4.359741795271791200 -8.381988500679035800 -8.929441206091494700 0
-3.553178699013838800 -10.795220067915267000 6.311746574297311300 1
11.050914160806695000 -0.315824529371777800 6.839411603137302900 0
-6.671882140397693600 -6.242385772720474800 9.247627185888241300 0
-2.466874693362119100 11.102093384854879000 6.297463911862545100 0
-3.511804678015505200 3.195961106386137700 12.101779229102450000 0
-7.843731476489776500 0.380072845216809560 -10.360087893307291000 0
-9.657084836248467100 -3.822396541531077200 7.818567461165196500 0
10.788443187829955000 -6.103606450510175900 -3.918607135227515100 0
4.208312546742947200 12.295456361502712000 -0.334452345347453220 0
11.515451701956179000 5.639698294781055700 2.142002624591814900 0
4.869073331351851100 -11.826679542953258000 2.328470717490157800 0
7.138004669507717300 -4.256219992320040100 -9.996673482467116400 0
0.823458208324150180 -3.818169150715814600 -12.399334696493423000 0
-4.700974945278413300 -4.528619989797976900 11.242439039277322000 0
-12.013226877674153000 -3.517622562171363000 -3.508377330851161000 0
-10.758199518901206000 -3.757801025542551800 6.256202887050996300 0
-12.625109779820338000 1.767788097569757700 2.545884578997161800 0
-6.983708807778827000 -2.431874601828775800 10.691763054292428000 0
8.742112222997633400 -5.021403972634629100 8.207373271889402100 0
-0.474709760221674940 7.201892665911298500 -10.812372203741569000 0
3.046136990467256800 6.172509537075077500 11.028199102755821000 0
-10.388388473228558000 -5.285560317379413700 5.757103183080538100 0
8.838122913298168000 -0.064401281197937407 9.533280434583575800 0
11.731038090166301000 -4.788314535732070900 -2.907712027344584400 0
-5.983822694556501200 11.281549267644030000 -2.433210242011780300 0
-4.570454474883797000 -2.734169403339450400 -11.858973967711417000 0
0.693918437060897290 -1.311004804242024100 12.915097506637775000 0
-7.641634456594244900 3.924990623144150700 -9.757042146061586200 0
10.625177000655972000 2.588053109489994800 7.029053621021148500 0
-4.036208027350365800 -11.237596841819594000 5.140568254646442600 0
-8.730921187433988700 -4.819810563107575200 -8.339091158787804000 0
11.621368424128296000 5.769138109414456000 -0.812921536912137200 0
-4.959362011229270500 11.026148366523927000 -4.777947325052644500 0
-4.569190893297902200 5.077667366035381500 11.060731833857234000 0
9.213899993217657100 -9.074064404712519400 -1.328684347056489700 0
-12.370054859539733000 2.931524892551239200 -2.718070009460738000 0
-9.655112567915265800 3.952858312143164200 7.755882442701499200 0
-4.529106093019480600 -11.058099295688343000 -5.119144260994293200 0
2.265031216886729000 7.193814108639082300 -10.588610492263559000 0
1.827355632224764600 12.622830671976001000 -2.514938810388500600 0
-5.987869239108454700 3.027831214927842100 11.134525589770195000 0
1.185054784446804900 -11.559986575678248000 -5.827723014007996300 0
-12.571464294178410000 3.196525130629494200 -0.860530411694692910 0
8.960673302931738200 0.704204573635288540 9.392040772728659400 0
-6.295053833649126000 -11.373616433012833000 0.114658040101321440 0
0.324298466169449850 12.098900817913810000 -4.744621112704855600 0
-7.508938444441281700 -10.488553645023416000 -1.614337595751823300 0
-3.222801791189971800 -1.290660658325838000 12.527878658406324000 0
-4.963627145843807900 -8.290913488385518400 -8.696157719656971700 1
11.239850592946526000 -3.334504875513284000 5.616657002471999500 0
-6.476102361220436700 -11.193793644830166000 -1.326303903317362000 0
11.035344075700046000 -6.537156688549868200 -2.118198187200537300 0
7.496511991665657100 -7.974665908825654600 7.014770958586382200 0
-1.571668800335336500 -2.906343974701014200 12.573107089449753000 0
1.997431224581389900 10.430256417882395000 -7.498001037629322200 0
0.206216510017646760 -12.994985278646650000 -0.296365245521408750 0
-3.679531666694249500 -12.186155277666421000 -2.637928403576769400 0
7.989015327245136100 1.175702984867041700 10.187902462843715000 0
3.011471512593713900 -2.315163504940446400 -12.432660908841212000 0
2.010903685959885200 -3.091186092771335000 -12.465987121189000000 0
-1.860973914189430600 -2.504861795415604100 12.619922482985931000 0
-8.795689484049612300 -0.199896956198769520 -9.570574053163243300 0
-5.428009548970406300 10.584113502702298000 5.245307779168065600 0
-6.999828386798901300 -6.908152258960300600 8.501754814294869800 0
-12.868776063337323000 0.302340555528169960 1.817468794824060700 0
-9.511317910650063800 -8.474239697753004600 2.592699972533341500 0
-9.642306891202267100 0.706633718864903560 -8.690603350932340400 0
9.083803668175992400 -4.979446656918410600 7.854274117252114000 0
-2.557749068675818600 -9.582696446801772800 -8.404156620990630000 0
7.396572378609694600 9.426089665096679200 -5.043763542588580500 0
8.237707816562911800 9.624684191321009100 2.916440321054719800 0
1.072012807500437600 -12.399582131246003000 3.755149998474074400 0
10.006099957109988000 -6.845490553099867100 -4.692251350444044200 0
-7.055162893205480400 -2.173513621226870200 10.700491348002563000 0
-7.205311729691016100 9.983332509717486800 -4.173314615314187600 0
-6.528198986935477100 8.207066441735792100 -7.682882168034912400 0
-8.625520807937284900 1.336196916743945100 -9.634052552873317400 0
-8.156131082703648600 1.046506450817470000 10.068880275887325000 0
3.008774242237708800 9.698605340744876500 -8.116916409802545500 0
7.401219909451329600 10.630361905619099000 -1.103335673085726400 0
-3.581465350374057400 7.290703261052428300 -10.149815363017670000 0
-10.872022018490560000 4.858115933748846900 -5.215155491805780300 0
-11.379036623550775000 -5.658360625783611700 2.738700521866512400 0
7.207434792584624700 3.070068286340364300 -10.374370555742058000 0
-2.420951881766372900 -12.767672889914836000 0.354289376506851380 0
-10.751809440886571000 -0.597475016140480930 -7.282967619861445000 0
11.196482261607771000 5.123349645336295700 -4.170140690328684000 0
2.777163013483152600 -10.457030849862130000 7.206793420209357300 0
-4.103609412674443600 11.699548770543444000 -3.909085360271004300 1
-4.145271246898339300 10.283617522050776000 6.787041840876492300 0
1 2 520
1 6 650
1 11 239
2 3 395
2 4 303
2 10 622
2 13 252
2 315 69
2 316 266
3 12 494
5 6 436
5 11 457
7 9 11
8 12 539
9 10 73
14 15 46
14 16 5
15 17 24
16 17 56
17 18 64
17 19 1
18 20 8
19 20 65
20 21 54
20 22 30
21 23 66
22 23 49
23 24 9
23 25 17
24 26 31
25 26 61
26 27 15
26 28 28
27 29 20
28 29 48
29 30 23
29 31 33
30 32 23
31 32 51
32 33 2
32 34 31
33 35 36
34 35 49
35 36 64
35 37 51
36 38 29
37 38 59
38 39 10
38 40 52
39 41 25
40 41 28
41 42 16
41 43 12
42 44 38
43 44 23
44 45 53
44 46 63
45 47 62
46 47 62
47 48 3
47 49 38
48 50 42
49 50 17
50 51 64
50 52 30
51 53 39
52 53 4
53 54 7
53 55 55
54 56 44
55 56 59
56 57 53
56 58 2
57 59 27
58 59 16
59 60 15
59 61 49
60 62 51
61 62 6
62 63 24
62 64 19
63 65 20
64 65 47
65 66 30
65 67 11
66 68 50
67 68 54
68 69 11
68 70 53
69 71 36
70 71 58
71 72 22
71 73 36
72 74 10
73 74 58
74 75 3
74 76 41
75 77 51
76 77 42
77 78 38
77 79 57
78 80 65
79 80 25
80 81 18
80 82 4
81 83 44
82 83 60
83 84 54
83 85 1
84 86 13
85 86 40
86 87 33
86 88 44
87 89 44
88 89 7
89 90 34
89 91 16
90 92 2
91 92 47
92 93 4
92 94 26
93 95 31
94 95 26
95 96 54
95 97 28
96 98 55
97 98 3
98 99 37
98 100 58
99 101 19
100 101 44
101 102 34
101 103 43
102 104 19
103 104 20
104 105 2
104 106 37
105 107 44
106 107 58
107 108 16
107 109 41
108 110 20
109 110 42
110 111 41
110 112 32
111 113 1
112 113 14
113 114 29
113 115 45
114 116 33
115 116 17
116 117 26
116 118 33
117 119 52
118 119 20
119 120 63
119 121 41
120 122 24
121 122 28
122 123 61
122 124 46
123 125 59
124 125 40
125 126 47
125 127 9
126 128 21
127 128 14
128 129 43
128 130 14
129 131 54
130 131 25
131 132 51
131 133 55
132 134 56
133 134 33
134 135 27
134 136 22
135 137 41
136 137 53
137 138 17
137 139 34
138 140 48
139 140 48
140 141 52
140 142 32
141 143 12
142 143 64
143 144 66
143 145 22
144 146 21
145 146 50
146 147 30
146 148 1
147 149 61
148 149 38
149 150 7
149 151 13
150 152 63
151 152 48
152 153 45
152 154 10
153 155 7
154 155 54
155 156 65
155 157 60
156 158 6
157 158 26
158 159 51
158 160 20
159 161 46
160 161 49
161 162 27
161 163 36
162 164 1
163 164 2
164 165 30
164 166 53
165 167 4
166 167 5
167 168 11
167 169 50
168 170 66
169 170 4
170 171 21
170 172 42
171 173 23
172 173 17
173 174 64
173 175 35
174 176 5
175 176 32
176 177 12
176 178 56
177 179 45
178 179 27
179 180 38
179 181 6
180 182 19
181 182 46
182 183 40
182 184 65
183 185 66
184 185 35
185 186 22
185 187 42
186 188 56
187 188 16
188 189 52
188 190 15
189 191 3
190 191 49
191 192 56
191 193 50
192 194 35
193 194 4
194 195 32
194 196 3
195 197 25
196 197 66
197 198 50
197 199 8
198 200 15
199 200 39
200 201 59
200 202 38
201 203 29
202 203 5
203 204 24
203 205 3
204 206 21
205 206 58
206 207 46
206 208 35
207 209 43
208 209 8
209 210 13
209 211 10
210 212 62
211 212 48
212 213 43
212 214 39
213 215 55
214 215 52
215 216 26
215 217 65
216 218 36
217 218 4
218 219 12
218 220 36
219 221 63
220 221 31
221 222 5
221 223 46
222 224 66
223 224 37
224 225 45
224 226 64
225 227 14
226 227 43
227 228 34
227 229 63
228 230 35
229 230 34
230 231 57
230 232 24
231 233 56
232 233 31
233 234 12
233 235 16
234 236 47
235 236 57
236 237 31
236 238 39
237 239 37
238 239 62
239 240 8
239 241 42
240 242 60
241 242 57
242 243 62
242 244 63
243 245 14
244 245 40
245 246 7
245 247 49
246 248 15
247 248 32
248 249 25
248 250 11
249 251 18
250 251 10
251 252 37
251 253 23
252 254 61
253 254 6
254 255 5
254 256 21
255 257 1
256 257 41
257 258 9
257 259 39
258 260 27
259 260 37
260 261 13
260 262 40
261 263 6
262 263 55
263 264 25
263 265 18
264 266 6
265 266 57
266 267 32
266 268 7
267 269 47
268 269 24
269 270 10
269 271 40
270 272 26
271 272 5
272 273 9
272 274 18
273 275 60
274 275 17
275 276 18
275 277 60
276 278 59
277 278 34
278 279 57
278 280 27
279 281 9
280 281 8
281 282 6
281 283 11
282 284 29
283 284 19
284 285 13
284 286 11
285 287 2
286 287 3
287 288 13
287 289 43
288 290 29
289 290 35
290 291 53
290 292 62
291 293 55
292 293 45
293 294 2
293 295 50
294 296 28
295 296 21
296 297 60
296 298 8
297 299 33
298 299 47
299 300 12
299 301 9
300 302 22
301 302 65
302 303 61
302 304 29
303 305 45
304 305 14
305 306 59
305 307 61
306 308 28
307 308 58
308 309 48
308 310 30
309 311 52
310 311 22
311 312 39
311 313 15
312 314 18
313 314 23
314 315 1
314 316 19
14 5
