175 11199
14 38
28 107
33 92
17 18
40 167
42 152
16 140
36 173
63 65
15 117
59 175
83 153
54 74
37 168
17 129
84 113
149 153
83 130
35 52
130 171
98 131
36 158
40 84
8 60
4 154
5 162
39 42
79 107
14 65
33 157
79 119
18 55
100 171
33 74
103 106
28 79
18 87
24 87
40 97
77 134
27 147
96 103
61 130
74 84
86 104
131 143
1 159
47 58
10 120
69 157
72 170
39 117
7 153
39 167
62 107
38 127
25 92
91 106
18 53
126 154
49 130
27 98
1 26
95 129
17 112
106 161
18 105
25 54
98 134
15 119
68 157
11 20
108 164
17 53
4 163
25 130
67 108
113 167
108 136
115 121
4 32
26 145
125 137
19 38
92 148
148 164
155 175
44 167
159 173
35 86
71 86
54 173
3 161
68 96
14 111
19 151
14 157
25 121
15 92
7 44
96 157
19 160
14 138
38 44
51 117
19 68
13 100
69 79
94 166
120 149
131 174
130 158
54 141
62 117
72 77
17 157
21 159
16 59
119 137
42 118
20 92
60 62
74 95
73 154
94 131
11 127
83 159
131 163
48 146
123 136
163 175
14 151
26 147
27 79
112 137
36 48
97 107
18 140
44 91
109 123
159 160
40 121
123 157
120 139
87 103
119 128
30 142
15 89
42 53
145 153
37 63
18 82
47 134
80 151
14 54
74 112
16 160
1 157
20 74
115 126
77 168
57 92
104 153
63 137
68 148
20 58
79 85
84 94
145 171
67 100
83 137
1 101
27 32
65 86
48 71
59 173
63 141
98 164
43 143
44 84
132 167
3 126
132 162
50 73
10 34
110 154
88 167
105 145
15 170
7 18
96 166
11 149
38 81
36 141
88 92
62 162
23 149
27 52
16 65
71 131
81 118
108 167
57 140
108 128
74 91
81 95
71 151
17 32
64 67
63 153
54 91
110 115
74 125
94 139
89 162
139 174
7 11
95 165
126 147
84 167
15 155
10 160
34 107
69 126
143 158
73 175
20 21
118 147
17 22
48 77
43 132
54 104
16 48
93 173
104 135
49 87
62 70
27 90
117 174
26 121
115 148
26 93
11 18
49 98
1 57
91 170
68 85
94 154
9 65
89 108
77 95
71 89
165 167
22 158
113 151
58 168
52 65
88 130
117 131
54 170
134 167
137 139
33 112
54 59
61 67
57 90
10 123
48 168
44 161
7 148
21 139
110 168
58 70
38 48
13 89
10 17
48 129
44 117
8 127
16 63
100 138
53 167
3 153
55 157
24 140
21 170
62 111
112 126
34 147
105 161
35 36
39 53
24 57
92 161
82 137
80 157
25 115
41 151
77 93
38 126
35 48
27 159
5 166
60 165
48 147
82 104
136 167
9 154
24 136
110 173
84 129
92 125
80 120
17 148
91 165
16 153
98 108
7 163
72 171
7 103
1 128
154 157
81 112
23 82
87 97
54 83
109 138
161 171
70 103
9 68
50 131
87 88
121 152
70 151
25 145
94 118
71 141
37 173
27 155
33 95
94 165
25 35
163 166
12 55
64 70
60 127
64 145
135 146
134 153
148 161
138 146
49 105
54 68
53 92
11 49
152 154
1 16
81 132
60 111
81 108
50 118
16 152
22 104
44 171
25 175
59 89
25 162
44 170
87 154
97 128
21 24
63 113
97 101
7 68
18 58
36 87
57 107
52 60
50 110
95 163
95 170
11 57
48 55
12 146
21 137
93 139
44 97
62 91
57 100
73 83
37 115
10 170
7 118
61 103
141 161
136 155
121 153
97 140
16 105
143 165
67 164
8 111
44 101
62 98
119 135
16 165
121 161
1 12
70 149
37 50
61 131
111 143
40 108
18 43
49 121
10 32
51 171
27 88
134 166
95 104
129 173
26 154
126 143
47 90
129 158
58 128
65 148
48 161
14 49
40 69
49 136
19 23
96 160
38 69
38 175
68 138
27 86
113 129
32 89
17 136
48 94
47 96
47 147
21 59
28 111
12 82
39 166
14 48
113 173
15 131
33 160
83 173
80 100
51 123
63 107
51 93
50 134
103 131
48 60
36 57
89 151
159 175
103 159
28 81
151 166
70 110
25 120
36 135
89 100
43 101
118 157
139 163
20 108
118 135
9 174
52 104
10 41
33 163
119 139
105 120
50 162
34 109
79 104
19 33
130 160
11 89
41 74
41 96
91 103
1 20
16 42
53 69
68 107
51 55
49 112
97 151
139 173
51 105
25 80
4 117
106 109
69 148
64 82
90 108
7 91
4 13
85 86
44 70
63 68
43 162
55 139
111 129
53 135
57 91
8 129
38 154
48 136
67 139
15 61
33 67
7 94
88 113
52 58
132 154
77 113
120 161
62 140
117 154
28 54
60 80
15 37
18 106
13 22
130 147
125 153
50 52
84 86
62 146
153 159
103 170
62 85
92 154
49 138
21 52
87 98
28 73
130 140
51 89
41 49
59 130
54 161
62 164
41 48
67 127
107 119
40 88
64 110
63 167
48 49
112 162
86 155
51 166
17 137
120 143
57 134
72 113
49 90
77 110
121 174
95 100
8 79
51 167
95 161
1 162
17 33
110 159
79 160
52 98
123 127
18 98
140 151
120 154
17 51
55 103
35 98
104 159
85 158
24 50
49 171
42 73
98 107
15 159
126 134
73 161
135 149
20 166
125 151
95 141
74 89
84 107
93 108
27 55
79 128
59 67
52 127
39 143
53 131
63 134
50 98
65 126
10 24
5 140
68 93
105 132
43 98
26 111
23 173
38 121
87 117
101 141
83 87
111 120
80 163
26 38
39 61
126 168
7 162
35 134
37 53
110 157
120 129
49 83
55 149
131 157
119 166
42 120
85 105
79 88
154 163
16 146
84 158
59 160
109 130
80 103
5 55
49 54
94 155
36 132
71 100
10 118
43 87
113 161
44 166
11 97
26 41
115 164
10 50
71 143
51 132
14 19
62 89
160 164
14 88
19 89
118 132
135 167
44 143
118 159
42 158
118 119
40 154
18 52
39 132
34 140
5 121
15 171
126 128
11 112
19 71
73 168
63 170
34 54
147 166
54 81
72 167
34 137
21 27
12 171
71 87
15 25
26 118
80 164
44 104
131 170
40 112
37 161
7 93
88 159
50 95
160 168
32 127
135 140
23 165
43 59
113 137
36 98
67 93
65 149
51 126
11 91
20 70
32 34
17 79
7 108
86 113
109 164
86 100
21 89
21 94
22 146
126 130
52 164
135 139
82 158
159 166
20 153
92 136
61 115
38 166
4 109
7 173
10 166
33 121
57 173
23 151
95 123
7 19
67 118
136 154
22 160
40 140
72 74
164 173
36 127
32 113
100 137
65 96
19 165
35 149
19 115
53 139
71 101
44 103
21 44
12 141
86 168
92 106
9 13
35 146
54 67
100 145
23 26
59 62
11 134
42 145
12 158
147 160
10 121
86 167
40 155
106 107
17 121
44 98
25 55
59 164
33 96
110 158
147 149
58 115
167 173
26 85
17 131
34 93
47 70
49 173
53 147
101 103
54 108
3 69
42 86
18 161
130 138
55 121
127 174
22 96
43 103
134 145
52 129
16 111
64 152
54 152
134 158
27 163
129 164
34 90
101 152
36 94
58 162
18 25
112 120
20 27
39 48
71 117
130 174
49 123
164 171
91 141
17 77
80 152
23 120
67 96
17 67
12 152
22 62
11 55
105 157
60 166
113 134
60 117
94 136
90 118
18 131
51 146
48 80
52 120
33 42
11 34
103 129
27 118
36 147
18 23
8 118
15 101
28 35
14 15
51 155
4 155
64 119
49 135
67 97
106 147
72 107
87 125
68 163
34 105
12 174
36 88
21 164
88 117
111 132
59 152
14 95
49 94
80 118
19 21
57 149
32 105
54 98
46 124
112 145
17 158
52 103
168 171
50 125
106 112
32 81
3 164
55 135
15 126
40 83
51 67
4 34
44 145
117 139
85 165
104 160
60 98
24 84
17 110
16 131
9 109
64 139
62 168
33 138
106 162
63 79
16 82
11 47
90 157
120 130
173 175
58 130
90 165
88 149
82 174
54 140
134 135
8 175
40 71
64 153
110 127
131 146
161 170
149 171
13 33
9 148
17 59
32 93
123 137
36 95
49 86
12 42
117 118
15 51
62 173
65 127
41 145
79 96
81 174
20 39
13 62
22 84
18 157
100 143
71 91
57 81
3 137
148 175
21 152
32 121
24 174
80 174
55 63
34 88
135 174
143 173
84 91
65 145
146 152
42 168
37 72
3 48
35 158
55 147
9 41
143 155
94 121
47 67
92 94
26 70
24 90
14 73
83 154
68 91
21 120
89 131
138 168
84 110
132 145
65 161
123 143
155 160
85 106
32 52
59 148
55 70
19 125
97 130
127 175
9 14
98 105
34 40
74 162
68 149
1 83
11 163
39 88
52 155
17 134
25 98
53 91
73 128
39 98
30 102
47 87
100 155
77 157
58 165
23 175
32 151
23 104
83 108
69 155
4 106
92 132
103 104
36 167
55 90
15 21
74 120
115 154
62 100
34 47
51 109
51 165
27 161
49 131
84 140
48 70
18 135
97 132
119 175
71 159
7 171
108 154
105 139
157 159
104 175
27 117
54 119
13 127
7 22
90 153
35 104
26 148
54 149
132 134
14 166
82 164
68 95
79 163
164 167
96 127
39 43
69 103
100 154
90 92
128 159
137 167
33 87
94 163
41 42
148 167
62 155
62 96
16 21
50 168
3 26
111 126
20 151
19 27
96 155
36 91
1 143
87 163
130 165
72 95
154 168
161 173
101 140
35 164
17 166
16 39
85 121
47 50
67 110
87 106
104 171
90 93
86 108
47 128
26 50
39 149
120 160
105 130
68 92
22 167
18 92
36 62
35 121
70 164
80 101
32 126
23 131
25 84
19 91
10 22
38 109
87 110
86 145
37 106
26 127
5 49
12 18
117 157
47 153
48 96
67 166
5 88
44 74
53 65
88 163
96 151
10 47
10 115
41 90
52 167
88 115
126 135
43 174
15 82
39 50
96 131
47 105
7 23
108 149
33 68
67 77
97 155
21 118
11 32
164 170
8 11
23 79
4 137
48 67
40 171
35 80
40 91
136 171
14 171
41 123
113 159
48 72
5 112
111 112
32 134
65 159
86 112
68 117
44 173
55 87
27 83
26 108
91 94
47 62
41 105
108 123
36 55
22 89
27 130
44 81
12 59
37 38
80 158
71 93
42 103
27 40
154 166
84 121
44 110
126 160
100 129
61 155
160 171
40 62
24 100
74 158
108 159
11 168
171 174
79 136
149 162
52 96
167 171
25 105
104 141
28 87
81 167
151 164
54 109
44 72
28 97
145 146
87 139
20 161
137 152
51 175
12 117
43 119
126 138
17 50
117 164
74 126
44 87
62 161
69 83
84 143
10 23
132 155
138 154
5 165
70 146
43 97
20 121
132 143
94 107
82 113
14 152
49 50
49 68
83 125
9 129
4 48
62 165
43 165
101 148
57 113
88 160
69 70
32 68
74 92
27 149
113 121
68 98
15 72
14 26
36 143
63 85
21 128
88 97
73 81
24 173
28 134
79 111
55 163
151 171
108 145
74 175
5 129
7 36
35 117
51 134
25 28
65 68
149 167
53 88
64 90
111 121
109 158
73 101
115 159
35 125
21 123
8 141
12 37
136 145
27 37
146 175
61 97
143 146
16 25
68 70
139 145
5 37
166 167
127 168
130 164
33 48
25 170
14 64
5 69
73 132
23 40
47 117
33 168
70 120
60 151
117 138
23 37
41 173
106 126
32 42
14 91
51 52
26 53
65 95
49 100
14 58
105 135
127 154
59 101
112 141
119 158
94 115
51 86
132 137
115 158
63 70
94 120
55 74
7 92
18 39
94 101
26 91
27 60
83 147
170 173
22 165
57 151
128 165
33 57
18 174
61 159
38 89
47 64
7 82
70 139
62 132
52 110
23 129
26 107
52 163
1 170
22 157
34 49
70 92
40 64
3 49
26 126
8 15
91 96
49 113
22 23
13 50
132 138
72 149
15 149
64 107
70 71
16 94
3 35
67 129
86 119
74 118
40 161
10 83
145 165
90 121
106 140
12 95
5 77
37 100
70 148
60 106
69 164
71 129
8 96
162 173
33 61
41 107
44 126
64 79
23 25
11 41
112 171
47 167
88 89
15 106
60 101
22 174
73 166
7 119
72 118
7 149
59 113
24 73
118 152
50 167
9 53
89 163
85 91
123 128
100 149
67 153
50 155
43 161
14 129
19 86
15 94
82 119
126 162
23 135
9 33
27 113
3 20
43 107
38 112
93 151
70 145
111 139
7 15
81 165
7 128
3 106
85 163
14 101
10 43
141 158
23 146
152 158
93 121
119 143
8 49
67 162
69 134
105 146
4 84
42 52
70 155
12 27
71 175
20 98
70 100
117 170
32 74
18 115
39 159
16 155
3 47
10 152
147 161
18 89
42 138
67 80
71 105
18 113
17 34
27 34
128 136
110 139
82 86
101 157
53 159
25 152
107 166
4 121
62 130
93 126
115 132
44 85
12 64
92 107
11 16
27 157
103 164
57 87
16 24
13 52
126 148
18 36
91 157
37 74
20 90
132 163
3 111
25 91
58 84
71 97
18 173
151 162
153 165
60 140
26 73
8 146
64 121
10 12
53 83
5 97
3 107
21 39
42 72
103 125
71 164
16 84
12 163
97 125
38 158
139 171
1 111
72 120
108 117
24 165
58 112
92 97
65 97
55 60
49 127
69 146
22 139
8 28
4 128
60 155
160 175
42 154
36 155
107 111
74 137
87 90
23 34
100 132
119 162
13 155
25 107
1 110
67 125
19 145
86 139
72 153
8 87
12 90
3 119
89 154
10 13
93 120
15 65
24 163
141 149
165 170
12 166
65 98
48 53
97 139
37 59
49 166
17 70
104 134
16 47
38 41
89 109
112 118
17 108
82 157
48 65
52 107
27 89
1 93
14 87
63 163
20 141
74 154
11 73
64 137
70 119
34 84
73 171
27 92
52 113
42 48
109 121
93 111
109 127
13 79
100 153
13 57
18 130
77 101
35 89
119 127
87 115
108 119
37 110
11 70
85 143
48 92
5 80
48 89
88 153
65 170
90 175
33 147
10 161
39 63
104 136
47 81
33 89
12 165
92 126
41 126
64 129
26 68
44 93
71 128
86 87
34 60
38 145
54 171
52 57
91 109
109 171
79 147
41 118
15 113
3 50
108 168
43 64
47 106
37 117
7 101
67 101
21 54
18 119
14 108
1 151
145 162
32 69
69 125
19 162
9 60
65 79
24 62
5 143
3 79
91 148
4 15
21 69
36 58
88 93
111 123
53 97
87 143
74 105
119 163
106 173
86 132
77 115
44 92
47 95
38 55
23 42
139 147
15 27
60 77
43 123
103 134
20 173
149 170
28 93
162 168
53 164
92 130
43 126
43 134
61 161
131 175
119 154
162 167
15 108
54 139
19 22
100 164
41 154
32 139
4 70
24 74
64 86
37 140
101 161
13 60
73 165
41 71
14 52
126 163
88 108
12 44
64 146
111 171
73 160
98 137
52 174
101 104
37 167
4 91
4 65
61 62
24 59
9 36
121 130
52 81
22 143
148 154
37 44
85 111
70 96
73 147
79 139
12 57
11 148
22 105
94 110
118 155
65 67
119 164
35 69
16 85
51 84
118 151
27 101
26 132
5 130
55 97
16 126
54 94
1 19
20 117
12 113
27 131
19 95
3 34
69 159
66 169
69 143
20 57
73 126
37 143
123 170
73 158
94 167
48 158
40 117
18 62
20 77
92 110
33 50
11 153
10 159
105 148
55 165
41 141
88 123
50 126
62 80
67 131
8 89
83 138
160 173
26 149
5 40
63 108
101 115
61 147
82 155
18 141
120 157
19 51
26 87
92 111
21 155
132 140
1 48
17 151
82 154
60 87
117 158
24 81
91 95
57 62
130 175
113 168
13 121
54 128
42 89
51 113
83 143
53 112
61 69
71 148
104 174
18 67
68 74
58 81
7 26
71 74
42 136
129 148
101 125
32 83
84 95
44 77
62 106
57 60
40 130
35 101
40 43
63 157
155 167
50 148
60 85
125 173
36 53
101 110
98 155
94 170
17 91
94 113
87 149
68 127
104 146
141 157
26 162
11 63
39 137
119 168
17 165
26 110
139 161
54 111
132 152
26 157
54 137
40 82
9 42
16 109
71 138
53 154
23 163
53 126
5 52
12 131
40 60
10 87
135 157
77 132
7 107
54 87
53 77
90 147
44 94
50 112
87 108
83 104
49 74
47 60
57 143
89 165
60 160
41 111
84 108
43 51
73 134
16 159
8 26
5 168
35 105
93 155
96 174
97 165
73 84
24 54
94 160
4 95
21 97
3 154
118 139
37 54
36 60
4 53
24 110
17 167
74 108
82 125
47 104
64 89
9 141
47 119
171 173
127 141
41 115
21 127
79 81
136 170
68 141
9 11
61 134
1 81
11 39
108 134
1 129
138 161
37 51
34 173
24 149
77 138
39 89
100 105
58 129
9 40
42 126
121 162
101 160
97 135
97 131
44 134
4 77
10 113
62 129
18 26
115 123
50 154
61 170
91 111
9 119
52 59
23 171
21 96
77 166
4 50
21 53
106 110
13 44
43 53
100 174
77 135
80 89
59 158
118 170
21 25
155 162
41 88
23 36
85 92
72 125
7 137
39 120
14 107
18 64
81 162
68 130
5 89
117 159
15 125
40 119
109 135
7 74
103 118
9 32
37 80
50 100
20 35
155 165
125 158
157 158
145 174
32 88
67 106
140 153
121 141
81 129
126 159
17 162
54 148
97 168
14 103
98 125
57 109
60 135
109 111
8 103
72 134
68 153
74 115
39 126
14 62
64 77
113 130
59 70
16 164
83 92
52 89
22 47
112 123
132 146
69 87
16 117
8 98
21 132
12 107
11 132
3 95
33 174
50 106
129 167
33 107
16 53
85 171
42 69
43 68
12 34
10 37
20 109
3 131
14 134
42 113
108 157
27 39
127 164
4 73
25 119
40 44
117 163
37 39
64 87
80 129
39 108
65 134
70 105
69 170
77 90
71 106
18 49
38 61
12 94
19 105
65 69
148 168
63 139
81 83
121 170
28 146
90 148
109 129
34 41
128 162
19 52
26 130
3 33
106 135
81 161
15 141
50 88
12 170
111 163
57 63
65 146
57 115
58 121
100 113
91 151
55 101
65 90
63 67
8 162
72 82
19 135
38 94
138 171
34 36
44 100
12 86
91 132
21 131
49 65
80 149
62 143
17 104
100 118
65 173
20 115
23 54
82 147
104 167
77 139
97 109
61 154
1 63
17 109
63 160
28 51
129 162
47 171
49 128
95 97
16 119
98 168
85 132
42 93
88 103
51 163
20 175
48 62
111 164
60 162
90 115
9 175
63 130
38 54
32 101
22 134
69 163
8 138
21 112
44 82
5 64
52 108
68 160
128 168
12 123
27 73
47 173
119 159
24 71
110 164
1 23
22 163
87 137
65 84
134 154
52 70
9 15
82 163
33 82
53 72
68 154
40 159
26 83
10 106
44 69
28 58
8 40
47 69
9 27
20 131
41 92
49 119
22 113
113 147
8 159
82 95
146 148
81 126
68 69
57 111
57 80
94 164
65 153
22 131
93 110
42 101
18 22
12 175
57 168
70 140
65 108
106 118
72 132
59 170
10 15
10 140
25 27
127 137
42 163
126 132
80 168
25 97
129 134
51 85
24 38
20 120
145 167
17 43
117 127
37 129
95 136
40 98
77 87
50 65
28 130
54 69
28 95
70 132
166 173
15 86
59 71
85 153
39 164
28 39
11 131
60 79
19 96
41 84
67 126
8 112
8 74
119 121
3 65
89 112
73 103
39 118
163 165
152 162
23 152
7 132
117 135
48 165
69 88
4 39
8 147
9 140
97 127
62 90
7 117
69 135
21 55
33 123
100 157
9 125
98 139
137 175
147 157
28 152
89 141
36 96
34 175
54 105
38 83
77 105
22 159
100 103
9 49
64 151
5 141
35 72
138 170
97 136
1 168
110 111
108 138
32 148
7 14
104 139
71 136
62 163
77 148
104 128
25 154
42 90
36 39
11 110
138 148
5 153
12 43
60 157
90 164
25 47
153 173
92 143
112 167
7 33
107 154
57 137
42 160
91 162
36 168
18 175
119 153
119 147
1 158
80 132
130 134
11 27
92 140
13 159
33 80
47 129
3 16
22 106
9 173
19 84
104 115
100 147
70 104
14 25
16 27
15 154
24 170
43 110
106 149
98 113
8 62
98 140
35 162
74 83
135 148
23 91
80 106
97 126
67 152
13 154
8 36
92 137
13 104
37 131
57 94
15 39
97 171
50 109
96 117
21 35
18 51
120 127
5 100
41 85
74 121
61 167
87 168
71 77
35 91
64 161
107 164
60 136
53 90
69 151
1 148
51 148
134 171
3 13
18 35
57 112
110 155
77 151
96 101
14 59
67 151
92 95
5 43
61 132
54 151
26 101
55 127
42 65
40 59
14 97
14 119
65 94
50 120
151 159
17 130
95 147
60 97
28 43
82 111
140 159
28 153
143 145
10 86
110 112
132 166
27 109
47 83
37 174
65 174
26 158
145 175
20 41
19 143
5 131
73 108
35 137
70 85
82 132
100 175
115 135
103 167
67 145
21 162
39 138
95 135
68 135
126 161
160 165
4 62
79 113
17 73
10 107
134 174
50 117
32 58
3 127
32 131
53 145
60 138
128 134
4 126
33 81
4 89
27 125
111 145
3 92
21 34
16 128
96 134
1 161
4 21
32 55
20 130
126 167
24 63
11 67
48 51
1 154
62 147
84 145
92 149
15 41
86 120
40 143
77 119
141 173
34 63
146 168
94 106
129 155
13 41
22 98
17 40
68 171
11 145
89 139
13 42
19 37
35 53
92 98
23 160
43 96
13 126
36 160
10 65
104 173
90 109
80 139
25 161
107 152
27 104
96 147
106 136
84 160
135 161
42 166
23 24
53 111
3 63
115 130
59 64
86 123
95 109
151 155
157 170
4 92
17 125
10 57
67 73
129 131
1 82
91 134
115 129
13 118
89 173
83 127
126 127
17 54
135 151
50 145
104 109
55 143
44 80
104 121
36 137
28 105
86 154
42 128
73 173
3 109
24 155
97 149
44 158
41 130
44 112
49 104
8 13
83 98
18 123
21 49
160 174
58 127
23 140
59 97
109 148
50 127
52 64
11 100
70 138
81 143
119 170
109 163
119 134
34 94
22 126
37 157
43 61
17 123
89 113
70 126
19 163
79 91
9 10
41 43
101 170
109 167
27 82
154 167
44 149
14 67
84 149
15 35
170 171
22 170
54 92
13 143
16 90
24 101
43 153
59 72
26 160
87 140
61 149
51 129
16 37
65 104
64 138
77 174
84 136
28 92
35 174
58 85
7 159
3 52
15 54
77 107
47 155
32 110
98 123
8 42
91 158
105 121
32 165
1 147
97 138
64 85
62 73
3 118
43 100
38 149
50 158
59 134
48 174
157 167
117 153
34 58
27 97
11 151
57 166
40 70
7 110
40 153
17 85
49 174
107 134
63 147
31 114
51 79
68 162
69 171
27 132
69 174
27 93
25 125
146 164
20 81
105 151
63 80
74 155
70 77
14 77
88 175
35 118
149 158
138 163
125 157
19 28
55 109
27 137
97 98
93 165
13 23
125 145
25 33
79 173
120 140
55 113
36 68
32 157
97 154
74 159
77 106
53 108
49 95
58 103
4 20
7 20
11 167
23 93
81 173
119 146
91 129
17 113
17 120
55 138
19 113
86 165
107 121
57 125
23 108
129 138
149 175
77 170
13 63
7 87
98 101
3 77
3 98
44 175
61 135
88 129
52 139
68 100
11 42
85 130
55 161
50 96
34 113
70 135
57 98
15 111
94 162
55 145
94 161
123 175
51 77
13 86
81 159
11 136
79 164
113 157
9 159
40 145
18 72
120 167
24 128
140 170
17 48
34 95
40 55
73 167
5 17
135 152
36 84
89 121
109 120
43 112
41 149
3 72
4 129
32 94
82 94
147 159
16 33
137 157
11 98
158 165
68 80
8 23
107 170
37 113
65 138
5 12
43 70
24 47
8 35
104 151
44 83
33 155
83 94
44 59
77 171
7 73
22 149
52 74
97 115
103 175
87 157
15 22
110 147
84 173
149 160
41 63
140 141
12 13
47 120
50 84
3 87
42 137
47 80
136 149
154 165
47 63
89 153
52 77
5 111
33 37
60 128
5 96
33 125
67 84
14 141
53 162
139 146
10 51
7 9
9 103
5 101
55 68
120 170
15 32
23 148
121 171
15 140
70 95
105 159
123 151
107 165
53 127
16 129
12 106
98 159
98 151
8 44
88 140
147 165
109 161
36 100
107 138
80 88
33 126
28 137
33 120
44 120
37 166
9 67
12 155
115 162
26 71
18 165
32 65
19 104
74 147
93 109
5 117
3 160
18 104
63 101
59 126
3 146
8 104
10 26
91 121
7 12
22 63
103 174
15 130
113 174
90 120
58 98
50 61
11 12
91 171
85 174
17 101
74 110
63 117
12 88
92 159
100 166
39 123
10 137
166 170
59 107
51 53
39 71
21 77
26 175
155 163
15 168
64 167
49 120
58 140
28 103
112 129
4 61
84 111
52 93
87 120
63 161
11 174
38 49
15 127
109 160
62 87
121 149
19 141
79 149
54 131
38 174
93 96
11 86
93 163
34 121
8 134
18 71
59 163
67 68
82 153
137 162
15 129
18 61
51 158
84 147
8 164
27 48
97 141
69 119
10 81
64 131
98 163
14 146
39 110
54 143
28 34
28 170
125 134
113 126
16 57
129 160
5 135
132 135
39 92
24 166
51 59
5 94
62 145
71 167
39 111
92 127
40 89
69 89
92 118
13 35
15 164
151 158
83 111
21 117
84 97
91 115
15 28
52 162
164 174
87 155
14 140
41 67
139 153
3 152
100 106
37 98
115 160
9 85
62 128
38 143
138 145
86 151
108 152
8 108
79 105
63 103
20 136
110 153
42 47
110 117
4 36
34 154
27 123
57 101
57 141
159 165
3 9
34 98
12 104
20 50
13 85
4 17
77 160
127 147
105 106
28 173
11 135
5 21
7 28
41 171
38 135
19 48
47 137
83 113
52 92
50 129
92 163
107 171
90 152
35 100
47 123
120 137
58 92
15 173
9 18
63 86
79 125
107 157
18 41
126 166
23 61
149 168
40 47
5 19
9 91
50 51
160 163
10 63
105 163
80 109
51 61
18 103
96 149
53 105
50 58
10 149
94 117
145 148
11 96
34 117
48 153
20 65
88 168
87 164
93 115
37 79
132 141
10 143
24 37
101 127
77 128
48 103
15 118
67 175
52 69
3 167
19 69
8 153
53 161
16 167
55 57
86 136
27 160
64 112
16 110
24 130
69 130
82 89
63 128
54 154
23 112
33 52
107 112
165 166
54 162
41 112
112 160
106 138
123 129
70 173
3 138
28 155
59 80
95 108
107 110
44 53
25 58
20 129
11 81
15 59
43 120
1 165
11 126
25 87
21 48
19 175
8 68
27 91
81 147
23 44
9 97
11 35
39 52
62 92
41 120
106 159
53 143
26 125
36 89
48 59
60 168
50 60
25 32
27 65
18 107
68 113
87 138
63 96
117 140
69 85
74 113
11 50
59 65
21 22
115 171
33 73
13 24
21 168
50 62
9 168
13 166
43 94
147 162
97 106
85 117
32 136
80 141
18 94
24 151
15 97
26 117
51 151
9 69
61 63
37 77
26 97
28 162
68 109
37 52
145 166
1 64
65 132
3 7
107 120
64 109
39 77
111 166
16 44
103 152
107 128
77 175
19 92
20 37
87 129
51 71
36 134
49 88
43 171
67 82
22 92
33 85
59 119
41 72
123 149
112 138
58 87
77 83
65 117
91 108
4 27
68 170
63 118
41 121
15 105
37 154
21 37
104 166
22 40
35 47
5 125
86 135
121 166
1 65
57 106
112 161
9 110
84 87
153 155
28 149
11 38
2 30
101 158
40 106
137 171
34 123
13 168
14 131
4 111
131 151
34 132
4 5
73 139
22 32
22 141
103 166
23 121
103 155
49 154
77 127
73 127
10 146
16 151
138 167
3 151
88 145
50 161
72 160
32 49
140 146
41 147
105 112
3 123
113 143
57 130
4 146
8 170
57 79
59 168
81 92
59 63
19 39
126 136
4 9
5 18
11 83
151 170
11 28
74 109
113 145
10 16
17 44
20 155
10 134
13 82
54 103
127 162
38 128
36 86
121 128
101 167
4 104
4 28
39 139
87 132
15 146
103 119
98 154
43 52
28 148
69 131
12 136
47 136
64 65
17 49
47 152
42 95
28 88
13 61
21 72
14 120
81 160
39 162
3 83
10 68
10 129
34 136
55 91
58 60
79 143
81 151
87 107
37 73
44 148
59 85
17 106
41 165
26 58
37 126
1 27
20 171
120 168
33 170
91 127
155 157
92 115
113 128
104 137
32 40
14 127
95 131
151 174
37 95
21 148
110 165
14 149
57 162
154 162
135 170
123 166
112 163
39 57
28 135
15 160
16 49
135 173
21 105
24 92
67 140
11 72
87 165
7 61
91 152
14 28
1 163
34 79
118 163
41 80
64 96
34 168
48 130
23 130
43 74
34 59
5 39
28 98
34 112
28 63
104 117
82 129
92 146
87 153
23 113
82 127
5 48
10 69
48 61
4 158
62 131
34 104
74 148
18 145
67 72
16 58
38 47
1 51
33 146
34 50
120 153
99 124
108 139
36 105
34 103
12 54
26 36
1 121
15 123
40 132
33 137
52 87
158 174
74 157
85 88
103 146
21 138
108 160
72 138
98 162
94 95
42 104
71 81
34 155
113 139
85 173
40 128
17 23
3 91
9 93
136 143
50 152
19 59
8 132
41 82
39 136
50 143
10 62
132 170
93 171
71 84
126 140
154 170
70 147
107 126
13 134
13 14
25 38
39 84
7 130
90 105
61 113
120 166
5 174
129 168
158 163
106 146
57 88
10 39
119 131
83 155
160 170
118 167
9 19
109 170
55 94
83 117
39 79
57 164
14 159
21 113
77 143
16 174
19 127
162 174
44 164
21 62
24 139
91 125
39 161
98 145
12 162
17 135
4 98
19 168
5 79
20 67
5 41
97 110
104 170
107 149
134 170
13 98
50 146
71 171
11 53
16 69
53 152
36 112
39 81
57 83
40 113
19 20
86 153
65 175
89 111
38 101
21 154
95 112
79 138
126 151
53 174
121 136
41 131
63 168
24 118
65 110
71 104
77 88
12 73
49 151
10 136
108 153
77 129
62 83
108 175
11 95
14 113
10 108
24 159
77 100
93 154
1 21
107 130
1 120
21 173
57 127
59 161
21 125
60 65
81 149
64 88
136 148
26 48
42 129
11 68
49 152
48 119
26 89
16 95
11 105
83 84
95 107
33 65
14 79
28 115
138 158
18 166
3 84
17 140
106 167
51 82
125 155
27 77
101 111
52 153
86 138
40 54
16 91
111 147
4 10
53 151
49 80
71 90
69 132
4 160
10 126
21 106
148 174
13 157
105 127
4 130
41 69
104 157
17 68
4 69
79 89
82 106
85 152
25 167
37 68
62 86
39 131
27 138
43 158
33 36
32 163
15 38
50 174
111 118
81 101
14 145
62 159
1 131
10 173
105 162
100 146
40 65
3 97
100 165
136 141
110 151
126 174
42 164
65 121
18 160
53 138
154 160
49 91
60 132
17 92
68 147
7 167
100 119
90 139
87 151
86 149
106 174
14 69
111 146
32 98
119 152
98 143
65 88
96 173
21 136
39 168
41 166
134 157
117 171
135 168
52 106
58 136
56 75
4 57
5 53
69 82
32 137
88 158
85 95
57 158
14 165
35 147
74 152
47 148
21 163
44 157
109 145
81 98
23 92
34 39
54 164
20 160
48 64
89 134
87 148
14 143
18 20
83 109
26 152
26 44
117 123
37 91
71 174
21 92
125 174
24 145
40 120
68 145
80 125
71 85
89 171
71 108
16 36
101 164
4 159
38 91
69 84
4 63
81 109
28 145
91 136
32 47
61 165
13 129
69 136
82 108
13 34
8 161
40 127
43 152
86 164
68 173
80 92
85 137
20 106
73 119
14 55
17 138
24 117
85 100
42 108
5 87
62 137
84 101
39 49
25 151
88 98
148 157
23 64
16 93
39 60
27 164
37 155
113 141
24 129
58 74
5 32
7 21
18 86
57 117
17 61
1 36
120 134
80 110
23 138
92 175
80 161
119 145
15 138
48 120
74 101
39 174
13 38
147 148
69 71
53 146
26 33
9 137
26 168
23 70
26 61
15 64
51 70
64 69
91 155
8 155
13 64
89 147
17 164
43 113
47 88
68 134
145 151
47 141
34 96
153 170
43 95
92 117
1 89
136 164
141 143
28 104
11 152
85 104
8 90
61 92
39 65
3 140
58 152
137 138
53 173
49 168
37 112
39 86
49 147
63 129
118 138
7 85
10 151
83 129
8 119
15 115
7 160
4 86
38 164
58 100
3 173
62 88
101 134
27 167
67 71
24 148
130 136
119 151
50 170
79 115
106 121
104 154
34 159
131 171
36 148
49 175
103 145
22 118
103 138
7 72
85 115
33 119
13 55
59 83
34 55
37 121
27 85
43 72
139 162
10 104
117 120
49 129
121 158
33 105
91 174
110 119
25 141
1 175
130 168
110 145
62 115
44 57
58 86
12 164
93 100
23 52
100 162
62 157
54 147
21 73
126 129
32 92
106 155
35 148
106 163
68 139
48 154
127 157
17 94
22 151
92 153
88 111
44 96
32 138
23 134
8 106
64 73
121 154
69 110
20 80
77 173
81 111
9 21
63 138
103 153
89 135
92 171
8 166
13 148
101 153
97 123
47 110
104 158
112 168
97 167
109 126
55 69
98 148
94 105
138 143
60 137
54 110
35 49
112 135
26 92
54 95
130 131
139 167
106 148
65 115
3 145
108 112
28 154
50 123
53 109
82 118
132 174
62 138
71 130
15 74
35 90
21 158
1 15
40 147
64 160
100 115
21 43
25 164
34 145
37 170
40 107
100 136
32 108
59 91
24 107
72 115
52 97
125 148
16 166
10 168
60 147
21 47
129 135
117 128
72 154
10 119
62 69
157 160
16 125
94 151
1 106
19 72
89 101
148 151
58 164
64 148
25 153
106 145
70 72
67 157
42 61
18 77
146 160
110 137
23 101
8 101
59 127
32 97
25 77
47 54
74 81
38 90
26 146
26 109
120 131
13 67
59 104
117 167
20 104
88 91
61 64
24 27
24 113
9 155
28 112
20 60
33 53
73 138
17 100
10 95
12 108
115 140
24 77
13 153
63 166
23 85
51 57
68 155
81 138
65 139
10 155
96 108
94 174
42 97
54 118
51 106
47 164
120 152
90 117
105 115
7 42
130 154
10 25
44 155
9 146
38 53
109 159
81 153
28 65
24 95
11 125
94 138
36 113
73 159
59 118
62 72
22 41
1 113
5 149
13 113
51 159
87 127
60 129
86 147
79 171
58 83
64 171
20 149
87 166
120 165
50 91
10 58
92 129
7 115
37 153
55 120
4 7
92 103
19 173
84 164
69 129
39 100
27 173
47 143
12 132
53 57
131 135
42 68
24 61
112 134
79 108
97 117
82 139
12 28
134 141
65 85
8 113
106 119
77 121
4 173
14 128
71 95
58 143
53 70
3 57
83 132
112 153
84 155
108 121
34 171
32 50
44 151
20 36
9 106
80 93
24 39
11 118
61 129
53 134
34 69
38 140
147 168
12 69
22 33
118 130
9 16
53 166
128 151
88 166
42 107
70 170
167 175
101 109
54 65
109 117
16 26
41 159
95 171
130 139
28 113
87 158
32 143
19 63
82 149
48 118
95 130
36 40
54 73
63 64
17 119
137 170
74 80
12 53
71 134
72 93
137 151
160 162
97 105
17 174
71 170
105 126
69 158
11 94
24 127
84 137
93 106
109 152
33 100
161 168
72 158
7 39
103 137
131 139
25 104
4 170
35 127
32 35
100 125
81 141
80 154
67 137
115 118
7 166
85 112
12 135
8 131
9 86
34 128
148 153
109 110
68 88
12 145
20 148
155 174
42 83
38 132
58 160
51 137
80 160
15 163
13 36
36 109
4 167
61 111
26 163
129 174
95 118
41 106
17 24
126 165
130 170
54 60
69 105
91 138
80 84
91 93
69 111
35 108
14 42
39 135
12 143
53 160
11 159
16 19
95 157
40 50
25 155
35 168
80 143
3 19
69 113
10 112
53 136
32 41
12 121
35 152
11 107
53 101
92 109
44 111
38 107
24 44
36 49
24 35
3 21
22 74
121 137
98 175
87 104
65 103
26 165
74 173
53 100
52 80
145 158
27 96
147 164
147 174
36 103
7 113
74 98
58 61
101 171
3 37
79 155
3 58
19 139
152 163
38 79
134 149
82 148
7 168
70 113
24 36
105 137
27 171
1 37
17 160
105 153
3 74
96 135
119 149
42 43
123 163
51 143
91 166
113 127
11 93
4 71
5 59
42 105
5 50
89 164
26 105
41 148
18 60
65 105
137 163
17 98
18 143
22 132
51 64
132 158
38 152
25 127
105 143
8 136
5 146
57 119
55 132
64 173
120 173
53 60
1 7
110 120
53 71
36 115
83 146
55 112
23 73
11 108
22 164
39 97
60 173
119 130
16 55
113 135
57 139
73 131
69 94
58 71
18 148
4 68
28 167
95 168
51 90
20 137
63 135
9 132
4 8
4 107
134 162
93 161
74 134
81 140
57 136
38 62
101 118
120 128
81 148
15 52
10 28
115 157
105 118
89 136
24 79
119 167
138 149
43 117
20 86
151 160
32 43
36 125
14 27
10 93
47 132
77 85
28 127
19 166
22 44
136 166
4 166
49 143
63 72
83 163
52 112
83 166
27 61
1 138
40 152
97 100
62 63
26 62
19 117
74 139
10 147
72 127
64 108
88 126
3 36
11 64
24 103
93 136
42 92
35 82
5 25
65 140
11 121
137 174
113 123
49 157
47 154
136 147
47 157
96 158
143 174
7 158
51 160
84 131
117 148
34 80
83 86
41 167
53 95
80 107
39 171
147 152
161 163
100 173
34 83
22 128
25 174
105 138
33 47
82 93
48 100
49 72
94 157
13 77
48 137
54 168
81 146
101 155
1 84
72 152
71 82
4 64
137 153
57 123
7 69
94 158
42 62
62 95
44 147
65 125
89 110
14 82
16 118
12 83
53 121
60 175
68 161
113 166
157 162
95 175
107 168
70 143
67 159
4 43
39 147
106 129
23 161
33 54
18 117
13 73
1 54
35 58
28 57
48 91
23 97
79 83
85 128
59 82
111 138
49 132
120 141
118 153
24 98
3 94
123 153
119 148
23 110
25 85
3 60
3 5
41 129
8 57
41 53
70 152
11 154
101 120
20 167
1 49
37 83
103 121
10 33
12 85
65 129
104 123
135 164
34 161
32 135
20 126
119 173
25 171
81 117
43 115
63 158
61 171
43 168
5 73
71 118
11 25
84 120
82 141
22 68
85 125
106 134
34 71
15 148
88 112
83 131
84 161
117 125
33 161
9 107
126 164
12 62
149 157
54 100
20 69
24 111
126 139
83 89
61 152
127 167
12 32
105 123
55 175
131 141
23 62
3 11
11 137
73 93
152 175
16 112
37 162
17 37
43 121
57 147
36 139
14 33
15 69
121 155
146 158
52 119
70 80
84 123
28 94
1 35
42 155
138 166
152 167
81 91
44 47
88 161
22 154
41 68
62 148
98 112
136 159
16 108
55 128
38 147
15 84
92 166
61 83
146 163
94 132
50 83
16 86
20 97
1 47
57 58
143 160
12 58
96 161
72 143
40 131
11 88
43 67
49 93
62 64
74 117
40 163
107 115
55 155
71 161
38 70
120 164
58 131
65 107
12 111
1 73
141 152
127 145
107 175
8 25
37 139
22 27
80 147
41 54
7 41
81 163
125 168
54 174
10 20
100 109
17 154
118 136
61 84
85 168
32 44
26 40
4 147
23 111
17 111
70 162
3 165
84 125
154 161
40 87
65 152
68 108
1 53
16 139
143 159
65 118
72 163
59 110
48 98
105 108
33 94
44 130
143 148
52 146
14 112
77 123
49 55
59 108
93 119
123 155
28 62
32 152
51 112
51 164
130 162
27 70
37 86
69 101
96 132
19 109
26 72
86 117
80 166
120 125
63 121
17 175
38 71
72 161
11 123
62 108
135 147
9 74
113 125
18 118
80 97
4 90
17 170
65 131
53 54
28 53
65 71
22 145
137 160
137 140
84 157
49 115
23 87
57 85
52 151
107 161
59 106
51 74
48 173
59 162
113 154
21 74
40 74
37 88
106 108
22 48
35 39
32 59
50 130
19 36
22 54
14 121
71 153
73 153
14 130
26 141
130 148
9 130
29 30
110 121
7 81
5 86
139 159
119 171
67 109
7 50
89 126
51 140
26 137
3 53
82 103
39 94
24 41
35 145
57 155
105 154
37 130
44 137
90 138
127 140
61 90
53 171
62 126
127 132
47 91
55 140
28 141
10 154
60 105
69 140
41 152
104 118
16 175
74 138
48 112
64 104
11 22
8 145
80 85
93 137
100 141
113 153
57 146
82 101
8 171
153 164
89 105
57 167
7 58
48 111
17 146
110 160
152 174
15 143
59 95
51 118
8 92
10 94
93 97
64 170
21 36
41 58
48 109
53 61
10 131
84 151
79 157
35 165
8 58
85 149
63 162
62 81
166 171
97 170
112 152
136 153
25 146
49 137
81 128
51 101
12 148
48 87
92 139
96 100
27 108
54 175
68 106
33 165
42 148
165 175
20 147
84 117
47 86
41 138
48 50
100 112
59 141
81 136
50 92
148 160
106 170
1 91
61 107
4 161
119 129
121 129
88 118
14 158
33 128
3 148
42 153
128 138
117 143
98 138
61 146
120 132
3 100
9 120
95 164
19 107
132 153
55 64
13 101
74 145
9 167
1 119
74 136
41 158
52 135
86 93
43 62
69 165
8 158
15 80
16 54
121 167
88 95
20 23
84 90
117 168
13 20
59 132
10 84
33 167
141 167
158 164
129 163
61 74
40 103
100 140
49 140
26 115
20 40
65 100
39 105
97 174
83 95
118 123
70 154
120 136
69 120
22 173
43 135
16 135
82 121
70 130
55 141
106 154
159 168
85 140
11 14
32 38
57 61
27 49
23 72
15 158
10 157
82 131
8 115
47 158
42 175
23 141
33 84
77 162
106 143
22 110
62 119
35 155
44 105
43 92
65 135
38 84
51 131
154 174
3 103
121 145
141 151
103 117
13 40
4 26
166 168
12 92
73 82
43 81
1 160
59 120
37 43
85 134
21 103
95 143
127 160
5 51
93 141
104 130
10 127
20 118
18 109
81 164
38 162
21 65
53 120
25 69
83 141
131 140
23 65
44 163
53 85
57 118
12 20
21 83
25 68
74 93
36 71
4 16
40 111
127 155
60 164
62 74
58 107
109 125
63 74
1 141
84 132
72 162
68 165
120 147
14 16
25 59
81 85
40 139
91 164
43 111
26 94
40 118
32 129
58 123
13 152
70 117
38 131
82 96
113 164
103 158
4 94
107 167
127 153
5 105
79 161
128 167
17 69
15 128
27 47
5 63
109 146
62 158
81 110
95 159
19 62
137 145
153 174
26 32
21 95
38 40
42 100
51 153
127 170
8 140
14 63
21 161
80 134
80 145
42 121
109 175
149 174
28 151
26 51
73 146
7 27
130 159
138 153
81 171
113 118
119 155
96 130
71 92
5 23
82 107
157 175
48 106
1 127
79 82
39 85
21 109
107 117
7 100
19 155
49 101
26 173
65 82
118 149
38 52
21 81
4 168
14 89
59 145
70 157
24 65
62 120
128 129
7 131
69 91
5 15
40 109
32 132
89 104
53 125
5 20
12 154
115 134
83 118
79 87
84 165
60 90
11 79
9 171
153 163
5 139
50 53
73 100
89 96
69 112
40 136
1 13
18 80
140 175
54 155
105 155
61 117
55 107
26 96
25 123
117 134
52 121
24 32
153 161
91 130
7 71
129 139
87 136
101 165
21 68
4 18
53 73
96 168
107 155
24 52
82 167
98 141
157 168
34 89
22 171
47 126
128 148
39 93
57 157
95 155
64 80
21 58
19 132
103 127
128 140
83 168
17 83
54 130
80 115
36 65
38 161
9 20
115 137
19 120
92 131
24 70
11 87
136 165
9 149
39 54
15 112
22 91
28 91
15 36
95 120
19 40
153 175
58 80
3 82
41 134
15 165
74 103
32 82
19 101
15 62
106 164
140 167
3 162
70 108
11 120
41 77
106 115
131 134
50 57
81 88
110 174
96 167
86 137
49 61
115 166
38 87
92 104
71 145
64 74
40 57
53 96
23 81
51 115
77 163
13 170
58 173
16 168
32 48
53 79
42 64
57 73
49 106
73 137
22 38
24 104
72 173
154 158
39 119
5 138
5 167
1 40
14 161
72 130
43 146
139 154
85 154
96 163
36 63
98 132
41 146
83 145
58 174
25 67
91 149
33 117
19 154
113 138
118 141
5 118
59 69
8 72
92 141
68 101
23 47
12 97
139 140
14 105
38 141
69 77
20 25
96 137
33 39
79 90
79 103
79 112
41 153
119 120
106 139
28 72
70 167
115 147
1 109
118 175
5 47
49 110
60 68
119 141
95 98
43 105
44 63
10 40
8 10
61 166
88 107
12 19
8 117
27 168
35 96
80 148
84 166
101 117
93 107
87 89
19 174
43 147
39 83
69 166
3 141
22 137
55 160
127 146
54 120
73 118
72 174
47 51
28 40
15 34
83 158
59 155
25 93
14 132
26 34
1 117
138 175
28 125
129 143
11 119
115 143
60 145
115 173
80 140
23 35
82 161
24 175
110 132
88 101
98 136
60 123
109 154
64 117
43 48
65 157
80 127
71 109
16 22
12 68
39 96
74 146
8 105
109 131
115 141
10 61
3 159
26 35
4 12
40 81
14 50
34 100
83 96
95 128
13 71
151 161
74 135
55 168
11 92
9 158
11 44
54 80
22 90
16 71
22 117
49 63
52 123
64 162
161 164
143 157
94 141
141 145
35 175
43 128
94 108
132 149
18 126
82 92
71 149
26 128
106 127
27 106
54 157
25 60
60 143
63 90
16 132
9 96
51 135
49 149
1 155
67 134
77 109
11 170
118 148
9 35
93 112
73 112
22 153
32 67
71 158
65 119
60 72
33 98
17 25
52 79
38 100
34 162
63 165
37 151
132 175
35 166
23 107
8 94
8 32
7 152
53 158
88 90
41 83
127 128
23 51
59 105
49 161
89 157
20 93
5 106
77 104
7 38
47 135
20 138
82 84
1 60
22 95
93 113
51 125
89 152
19 126
17 105
24 89
92 134
33 158
12 41
89 90
90 158
130 153
37 92
83 88
24 108
19 43
35 74
71 147
52 62
47 49
140 157
80 131
65 155
55 77
10 82
80 121
5 158
22 57
73 130
73 141
123 130
98 117
127 138
80 137
19 49
13 151
40 53
44 60
123 139
3 101
43 49
163 173
11 60
26 174
61 143
40 115
14 135
36 110
107 108
161 166
131 145
54 85
7 86
165 173
12 105
50 69
91 137
68 72
98 147
153 158
20 152
12 87
60 108
10 38
94 173
4 25
47 52
1 103
35 136
86 131
162 165
33 69
54 84
13 80
33 164
24 157
136 157
48 170
14 40
37 104
101 119
62 135
88 110
40 73
77 91
5 72
103 112
38 165
10 165
47 98
7 145
8 22
138 151
20 87
94 145
35 157
17 19
12 52
1 97
82 90
90 100
58 153
36 108
50 70
92 128
35 71
86 92
7 120
70 125
79 153
17 128
32 107
39 165
72 89
20 140
72 100
34 42
11 160
166 174
64 164
128 141
22 109
40 158
28 136
96 141
40 174
36 146
143 153
33 71
101 137
52 53
39 106
64 147
77 97
44 119
83 136
14 164
8 12
73 149
16 18
35 93
38 118
49 170
89 130
28 165
111 153
145 170
111 134
20 38
86 97
57 105
15 175
51 121
61 85
3 14
123 160
72 86
40 51
37 158
8 55
42 51
84 159
13 43
58 148
5 28
134 136
16 87
52 115
47 55
42 82
25 140
10 175
47 118
118 120
24 134
67 161
25 117
10 158
7 90
134 140
123 132
148 159
18 70
65 73
128 163
35 44
53 163
82 170
36 81
60 159
8 71
135 137
49 134
41 119
74 170
86 173
4 24
67 147
90 145
82 97
17 82
16 145
106 132
81 82
24 49
5 147
36 149
72 106
36 73
70 90
61 138
7 49
7 147
50 165
15 16
42 74
28 108
20 91
130 167
62 121
28 138
55 104
16 61
53 81
90 163
11 147
127 173
25 51
32 87
42 115
43 47
77 131
118 134
151 152
51 139
36 170
14 17
73 98
41 95
51 141
48 57
96 146
101 174
11 54
57 71
109 115
48 86
18 101
5 70
88 120
60 126
139 157
152 161
107 143
55 65
148 149
14 21
55 92
70 118
96 145
4 118
125 147
86 174
1 52
120 159
1 136
115 155
32 164
16 17
65 136
74 88
131 166
152 171
88 141
97 146
12 153
9 39
19 50
9 152
80 95
83 151
118 131
36 152
19 85
16 147
72 136
41 132
57 135
7 126
48 135
14 94
64 143
23 39
48 108
92 108
125 139
60 112
80 111
85 107
8 37
53 165
42 141
37 47
67 113
74 151
95 149
48 88
103 157
85 162
5 16
64 111
23 49
12 120
85 135
8 61
103 128
8 85
125 165
24 85
32 72
50 147
47 82
91 105
149 161
82 128
86 125
17 117
26 28
87 131
93 127
43 71
105 149
16 154
47 73
44 159
98 153
103 107
10 44
94 104
32 64
104 132
23 86
107 127
60 69
71 140
65 160
55 105
53 141
1 95
59 165
50 77
28 77
37 93
126 157
9 24
9 88
68 111
10 79
129 161
26 60
120 171
64 174
59 129
92 121
11 141
37 97
15 167
112 149
64 106
16 113
131 154
18 27
20 125
18 74
68 118
49 153
106 152
71 139
120 145
26 140
82 126
93 170
8 91
18 57
57 65
88 174
19 119
1 164
4 140
5 170
27 166
13 48
34 149
11 48
39 173
118 125
4 174
105 171
72 96
64 127
44 162
3 168
103 140
92 101
47 93
25 159
118 174
123 135
32 109
35 92
13 37
42 87
51 91
90 126
55 73
22 28
18 146
88 148
63 149
87 134
147 155
110 175
96 109
138 139
155 168
106 130
14 118
15 162
54 136
9 160
32 118
129 146
33 110
23 48
48 54
146 167
34 38
107 151
16 32
20 32
40 166
9 157
36 72
123 165
89 166
71 73
20 47
33 134
69 74
77 79
112 140
28 68
4 59
79 118
118 171
101 175
9 105
73 111
65 101
98 174
129 170
18 63
21 141
97 119
27 154
22 135
12 67
72 168
61 108
93 147
3 59
159 170
132 165
38 159
143 163
136 162
7 10
74 140
100 131
77 136
90 160
7 154
146 159
35 95
13 132
19 121
77 161
96 129
80 130
18 19
68 120
74 119
41 108
47 101
121 125
18 40
65 93
3 174
81 100
9 139
113 160
88 128
17 171
50 151
94 152
17 132
37 103
125 175
103 163
9 113
35 81
34 125
19 118
104 126
59 86
93 138
15 23
92 93
43 151
60 174
99 172
83 164
109 112
11 65
137 161
64 98
92 138
73 157
146 155
109 141
4 148
65 151
5 148
47 61
4 165
100 152
13 108
1 140
106 160
20 82
68 151
85 138
112 155
14 148
98 146
70 134
117 147
20 94
9 162
134 165
9 83
16 34
87 171
73 90
81 175
18 137
85 103
89 115
89 123
107 145
27 36
65 89
111 115
17 52
43 84
44 128
58 161
35 123
25 43
112 165
14 22
101 108
67 167
27 35
10 145
48 159
52 91
135 159
134 148
19 153
26 55
73 117
128 137
84 175
53 148
70 98
55 111
41 155
77 103
5 115
39 134
6 29
7 48
125 171
140 168
43 69
12 147
14 83
113 175
3 4
86 161
23 103
37 132
44 141
132 171
40 101
51 136
163 174
36 120
22 67
95 127
36 82
58 139
50 103
49 81
63 127
34 82
50 74
52 125
103 136
55 119
59 136
38 82
22 136
77 81
41 127
72 105
48 84
38 104
54 90
22 103
93 167
18 65
4 141
19 87
1 137
118 168
16 79
104 163
101 132
109 155
103 154
19 164
33 109
53 84
131 158
35 109
58 64
123 125
37 136
109 168
84 88
71 98
15 96
117 149
73 79
38 67
127 158
85 155
13 81
8 39
37 64
47 127
38 115
136 139
128 166
62 109
37 108
90 161
13 16
5 119
28 32
95 146
10 36
98 152
60 115
112 128
92 119
71 113
8 123
10 77
130 149
16 43
20 33
58 59
92 113
37 148
14 36
127 171
15 57
112 113
54 127
8 41
32 117
44 113
40 100
87 160
13 25
41 51
60 161
85 98
16 40
86 134
5 154
81 113
42 49
93 95
70 165
120 135
55 162
44 65
9 57
82 143
28 117
128 157
108 111
135 143
7 37
8 69
77 130
40 77
128 164
105 113
25 26
35 141
49 77
63 111
5 42
42 173
128 131
162 164
50 87
38 167
27 53
4 115
21 82
84 92
16 101
107 160
73 107
60 86
100 139
121 159
14 47
13 165
27 174
80 126
48 95
32 62
70 129
61 73
34 53
27 170
10 125
121 175
21 26
35 143
11 17
15 100
14 154
101 168
16 141
20 159
74 106
47 138
12 134
27 111
23 168
143 154
11 61
43 154
35 97
98 128
32 145
35 40
52 165
35 128
54 88
96 162
38 39
89 94
89 148
34 164
85 175
4 14
42 151
39 69
15 166
57 64
21 51
107 158
155 166
5 9
28 55
35 161
16 130
73 162
39 155
111 162
155 173
40 68
52 72
141 153
41 157
113 120
90 107
41 162
74 111
33 60
55 106
132 161
50 55
5 109
24 168
44 127
82 168
64 163
69 145
21 135
94 137
96 126
50 160
82 151
34 111
13 162
28 160
69 115
37 127
28 90
19 159
7 13
130 161
55 137
69 154
72 147
49 167
3 32
54 166
12 36
26 63
117 165
13 72
55 167
47 109
103 139
26 64
107 139
97 148
5 22
51 161
33 55
103 113
83 115
52 173
4 83
8 109
103 126
125 149
67 70
40 160
80 105
129 153
64 100
145 160
158 160
97 152
15 24
19 110
86 170
25 149
146 165
127 139
14 90
27 87
24 146
24 67
95 101
25 101
12 48
108 147
33 91
14 61
70 174
44 165
70 97
99 114
61 127
51 147
65 165
90 106
8 173
3 43
40 146
54 107
84 128
160 161
37 159
159 163
55 131
9 38
17 96
4 171
37 165
165 174
70 91
123 162
60 149
47 175
40 86
57 132
90 104
125 159
155 159
79 110
7 139
115 165
98 106
44 61
36 140
86 140
91 120
28 118
8 165
1 153
57 93
86 121
90 110
12 173
27 74
4 35
1 115
32 84
3 134
97 104
109 128
18 28
24 123
88 121
4 82
10 89
149 166
65 111
67 128
18 110
33 153
16 170
121 146
94 98
81 120
98 130
54 86
24 93
101 145
5 13
129 136
14 167
101 173
139 143
83 149
80 98
113 115
1 14
8 137
15 58
64 130
105 158
10 27
72 166
90 96
79 132
120 163
49 165
38 111
38 85
77 137
4 87
10 101
4 88
25 147
74 132
18 147
21 57
22 77
24 131
32 119
61 101
148 171
107 132
3 108
49 60
58 118
26 77
149 159
72 73
50 107
87 175
10 48
72 137
111 161
14 115
28 44
110 138
35 171
118 121
18 129
88 109
8 120
42 59
48 58
149 154
14 126
18 171
108 165
173 174
8 152
24 88
25 131
13 59
68 159
49 145
42 91
105 147
81 93
13 147
94 168
95 158
20 43
103 111
81 84
33 115
23 53
79 175
120 148
60 148
42 161
110 152
5 92
36 175
95 103
40 173
33 151
81 158
69 152
95 121
61 96
109 118
63 154
11 101
71 152
129 137
128 146
72 104
20 174
48 125
18 125
22 101
7 65
32 103
137 143
52 128
18 69
22 55
149 152
23 63
83 126
63 93
44 152
61 126
47 84
162 171
101 159
24 68
1 123
71 96
7 157
92 151
73 92
67 81
90 173
33 62
113 158
80 87
15 88
113 132
39 140
86 109
63 110
123 161
21 61
4 175
19 137
44 136
10 73
72 92
62 127
11 115
79 97
104 113
18 163
23 117
147 175
104 155
72 110
20 52
27 140
37 57
33 77
88 132
68 167
13 160
58 62
11 158
23 127
103 105
79 129
58 149
23 58
84 98
5 136
23 67
105 167
72 164
1 80
61 93
3 149
16 121
22 88
131 160
9 47
89 168
26 138
44 139
104 164
17 21
51 108
7 8
15 98
73 164
22 25
107 109
55 126
19 111
49 89
120 123
61 65
44 107
13 88
8 67
82 135
21 70
130 173
33 97
52 140
90 113
90 127
72 175
85 148
118 162
98 160
27 72
118 143
100 101
1 25
50 105
10 167
49 146
10 163
154 173
106 166
90 146
121 123
28 168
38 160
12 118
8 167
90 132
83 106
81 107
19 67
40 93
59 84
25 166
95 105
3 12
126 171
110 167
58 167
42 162
10 90
52 132
7 175
21 40
33 58
11 84
10 54
60 73
70 136
115 128
109 136
20 127
103 109
19 97
128 161
112 119
35 167
33 173
9 115
64 136
64 81
158 175
23 167
59 171
101 123
69 118
70 89
110 149
55 61
28 69
34 174
103 149
72 123
92 160
81 89
81 115
110 162
68 77
35 159
4 127
13 117
65 163
59 128
24 94
146 171
27 38
35 106
18 159
65 166
69 93
59 60
61 72
70 73
18 111
23 170
16 60
32 149
155 158
34 153
110 146
83 134
91 110
27 153
63 148
42 112
36 166
96 175
17 41
62 93
89 118
115 153
39 104
43 58
36 51
7 25
67 91
106 153
146 166
18 59
97 134
41 161
104 143
9 80
84 135
17 89
1 77
43 159
44 67
41 143
129 145
164 175
58 88
91 97
37 40
9 84
117 173
22 129
47 139
90 91
64 157
113 162
53 55
12 63
8 97
15 91
49 118
81 96
115 139
71 125
28 36
53 153
39 170
97 111
139 170
51 111
104 125
174 175
97 145
107 146
53 59
90 141
158 171
9 23
62 152
81 127
43 60
103 151
20 72
88 119
20 59
87 130
65 128
22 79
7 170
50 101
77 126
131 155
47 89
64 72
12 112
67 107
87 145
39 67
81 121
23 38
51 173
44 88
60 63
68 87
100 128
79 166
117 155
57 170
100 167
62 136
9 153
12 51
61 139
60 120
107 129
54 134
108 135
49 107
91 163
77 96
16 28
94 134
15 107
44 71
10 11
95 151
10 35
5 85
84 134
138 140
103 120
84 100
79 80
36 42
59 109
83 160
5 159
67 112
41 59
43 93
19 25
132 157
54 163
73 94
139 165
44 54
19 61
23 153
65 91
5 155
32 173
121 164
19 140
16 143
158 161
115 170
35 140
37 164
51 68
113 165
11 15
68 152
60 146
44 48
20 42
163 171
170 175
71 120
16 72
1 9
10 80
37 62
91 139
28 41
34 48
95 166
12 24
34 158
92 170
93 164
1 22
54 101
22 51
21 130
136 175
23 105
93 159
69 139
65 77
10 74
118 128
32 70
68 132
23 164
134 164
51 100
55 88
70 168
86 111
5 81
88 131
140 171
39 141
50 119
96 152
105 140
130 163
47 170
47 77
41 170
9 131
61 158
18 73
73 91
12 127
3 86
14 34
49 67
63 143
42 77
24 58
68 164
9 72
85 139
125 130
161 175
28 157
59 77
13 65
43 160
159 171
51 119
35 55
81 86
80 86
90 94
101 129
77 145
151 165
27 134
73 95
93 105
157 171
82 146
80 159
111 131
67 174
47 92
22 111
25 160
87 173
105 128
84 119
117 145
19 54
58 97
52 170
111 175
65 92
23 57
33 34
82 130
71 166
7 134
24 152
19 58
36 151
28 49
33 44
60 134
70 93
4 47
37 94
21 126
53 155
9 111
28 139
3 170
41 57
52 145
117 141
63 146
88 152
50 71
109 140
11 59
86 159
32 123
8 65
49 125
103 160
13 125
10 109
40 41
49 155
90 97
41 93
90 103
15 134
158 159
72 81
106 120
155 170
39 103
36 117
37 81
8 27
40 168
50 89
54 146
85 109
43 88
34 151
63 132
120 146
80 112
132 159
53 137
21 175
138 147
34 160
13 68
17 88
9 127
100 135
37 48
43 167
12 40
18 83
59 117
82 85
80 135
77 153
35 153
35 132
147 173
1 5
44 50
104 120
34 126
82 145
134 143
92 158
84 93
121 165
14 84
24 153
137 146
50 137
72 157
43 85
58 68
132 173
23 50
85 161
140 162
3 73
143 164
18 33
21 111
17 81
11 43
64 83
12 98
113 163
44 121
82 159
49 141
72 91
94 153
51 80
140 155
63 109
58 110
82 160
22 42
92 152
7 97
36 38
130 155
68 146
61 141
59 149
77 94
33 139
41 160
141 164
26 52
49 111
89 161
41 65
28 174
40 151
12 149
26 54
20 34
67 173
141 163
126 141
21 90
95 145
19 149
50 139
26 74
38 64
74 96
101 166
106 175
125 160
145 159
61 174
48 85
38 151
125 126
62 139
47 112
84 171
70 101
112 170
50 163
86 157
117 136
15 109
91 147
23 33
147 163
19 35
93 103
86 101
152 166
57 175
16 89
1 71
83 170
98 127
24 97
27 115
42 55
24 115
35 62
83 90
54 71
61 98
19 26
58 138
70 127
17 152
26 59
87 91
12 110
3 112
34 81
13 120
19 73
109 147
53 118
131 168
103 115
39 152
71 119
42 125
23 136
85 90
68 115
55 125
40 149
96 125
104 108
11 74
98 121
48 52
125 167
43 138
22 123
131 136
89 155
89 143
17 155
139 149
15 139
28 123
88 136
37 147
81 166
14 72
146 154
32 90
54 125
16 161
21 41
62 134
55 71
20 168
87 146
90 154
58 63
74 171
34 110
32 162
43 54
146 162
109 173
41 139
93 162
61 82
89 93
106 137
34 91
157 161
118 160
85 97
13 145
24 91
47 103
70 153
18 81
118 127
67 163
5 113
87 159
7 84
103 110
27 103
96 115
85 110
79 131
32 100
16 77
19 24
52 84
12 22
64 95
4 58
100 117
60 92
5 132
64 132
57 97
104 107
24 132
39 125
91 140
115 127
25 73
96 153
8 64
13 109
90 170
63 91
27 139
129 132
42 134
98 110
71 160
11 37
23 159
18 136
68 143
41 117
123 140
130 132
38 134
89 91
125 128
160 166
13 161
8 54
36 59
15 145
61 136
10 71
73 88
97 158
125 129
17 65
88 165
17 107
69 160
73 104
35 119
50 86
21 153
7 64
27 148
110 161
53 82
68 112
98 157
25 139
21 171
140 174
73 152
22 73
92 162
12 101
60 153
34 152
39 129
42 171
104 127
97 118
12 100
33 38
32 140
81 168
77 82
39 160
65 81
104 140
127 134
20 143
86 162
9 61
57 59
74 86
140 165
81 131
26 143
65 83
101 139
88 106
40 94
7 96
118 164
28 47
10 18
28 143
154 164
51 168
89 145
42 117
20 164
9 170
64 118
25 63
109 113
3 80
28 59
83 110
47 59
83 140
58 171
140 166
95 138
32 128
60 170
12 161
59 137
117 132
69 72
61 106
48 171
13 119
3 67
3 128
57 74
9 34
74 85
137 168
115 149
24 105
73 163
11 157
108 148
48 73
36 43
140 143
97 163
74 97
154 175
143 152
27 119
25 48
106 165
42 44
13 171
40 123
136 168
36 104
88 171
44 115
5 83
117 166
7 34
28 106
41 89
15 121
25 143
44 106
141 146
35 170
9 22
7 138
67 132
92 168
98 119
93 166
54 55
34 44
48 148
121 147
125 152
61 91
3 120
7 161
106 157
91 101
86 166
41 79
58 154
8 135
50 59
123 158
90 134
5 62
149 163
22 70
26 81
36 154
57 153
47 165
36 136
37 109
82 162
5 7
113 119
8 34
101 131
25 165
140 161
120 174
22 130
85 164
52 143
115 175
15 79
136 174
34 157
73 151
34 167
4 72
90 128
68 136
13 87
7 16
47 111
33 108
60 131
47 161
71 126
126 158
77 125
131 165
40 125
101 163
67 136
9 163
20 24
68 131
52 90
127 135
26 123
26 100
67 171
3 22
36 80
8 130
13 26
39 107
42 146
22 119
1 32
103 162
163 168
100 163
84 141
36 90
14 168
67 120
36 54
79 148
17 20
3 130
70 137
34 143
70 141
25 57
126 131
32 106
125 166
70 123
26 88
79 170
123 138
15 153
83 135
23 157
159 161
154 171
9 94
97 108
159 167
18 38
140 147
107 153
121 139
127 165
111 130
96 148
40 104
7 55
98 126
87 100
44 140
60 118
12 70
8 163
20 134
22 166
110 171
61 112
81 125
60 67
47 168
134 163
25 163
93 104
55 62
97 162
147 171
25 158
112 147
32 171
1 10
127 149
36 164
13 69
32 147
26 90
32 130
61 109
73 77
35 113
5 74
77 84
15 174
42 79
110 131
9 12
18 100
83 148
79 123
158 166
60 100
41 91
88 164
27 81
5 126
3 61
44 123
68 129
24 42
9 134
22 24
38 148
21 85
47 140
18 34
27 105
17 161
62 175
81 145
25 81
91 104
12 109
18 128
79 135
36 162
54 115
18 44
25 106
80 173
55 108
145 164
17 62
135 138
34 65
40 129
54 129
65 141
39 163
21 110
28 171
22 60
4 96
21 167
106 123
67 98
61 153
86 148
55 134
41 98
24 26
129 166
49 109
35 38
60 113
110 123
55 153
111 167
115 167
143 149
120 155
58 104
64 135
53 58
62 105
40 67
28 120
4 112
139 148
88 154
91 98
7 174
23 147
15 103
58 125
14 174
96 105
54 63
98 109
71 123
1 107
9 59
1 69
37 145
49 163
16 83
147 167
94 123
59 92
73 125
9 98
15 18
90 151
69 173
52 63
55 96
50 80
59 125
21 140
32 125
40 63
24 160
134 155
80 82
15 87
20 88
23 174
108 132
83 171
127 148
47 79
81 90
9 147
91 159
20 64
19 112
120 175
117 137
58 73
13 115
58 109
73 113
34 87
28 129
95 134
35 43
113 146
134 175
3 62
38 73
41 101
50 159
44 62
14 85
67 92
117 160
14 170
20 162
10 110
131 153
36 123
67 148
103 143
53 149
80 123
26 166
93 135
84 112
26 120
22 138
109 151
38 110
74 160
23 80
88 143
14 71
26 65
59 74
42 110
49 57
59 166
58 157
10 96
49 160
117 146
33 40
38 155
63 89
24 120
135 154
92 123
97 112
68 105
100 148
43 157
74 166
44 138
111 155
84 109
48 151
14 96
47 68
145 155
73 123
44 52
158 167
35 131
32 77
1 104
33 154
19 60
140 148
144 150
95 148
18 170
95 119
28 64
58 141
107 148
5 120
48 138
59 139
125 138
12 140
43 166
9 82
55 115
25 49
9 136
28 109
33 101
16 52
119 123
61 175
19 131
67 103
15 19
23 41
34 72
96 170
59 174
48 110
3 136
155 171
22 49
42 111
48 167
94 96
38 93
103 165
41 135
20 113
3 25
104 131
1 62
37 71
3 68
52 83
59 138
22 120
55 85
94 119
1 100
126 170
18 93
49 92
43 173
106 131
84 115
100 108
115 120
84 130
113 136
21 149
11 24
24 72
16 107
50 63
83 139
34 146
87 121
52 138
12 47
96 123
41 61
89 98
58 151
33 118
84 162
55 174
61 128
60 91
67 149
32 61
22 112
18 91
139 166
139 155
22 69
40 138
119 165
39 127
25 42
108 151
55 154
12 89
57 77
68 128
123 167
118 137
23 68
53 168
4 79
113 155
11 71
19 146
40 141
84 103
94 159
18 54
107 131
27 71
92 174
90 95
5 127
65 113
73 135
10 171
63 95
68 90
33 171
8 53
18 96
61 160
55 80
24 64
38 51
57 152
47 74
44 125
27 68
48 162
18 154
9 77
107 113
52 152
94 109
4 120
137 165
61 168
9 164
100 160
131 167
48 152
146 157
21 86
12 137
25 52
107 141
20 112
159 174
5 128
34 119
70 121
59 143
55 129
109 119
61 105
145 147
97 175
92 100
21 166
113 171
131 148
102 156
50 121
7 121
73 80
17 64
146 147
11 106
81 154
40 165
55 100
117 162
41 128
77 118
20 170
9 43
140 158
111 119
52 147
63 140
16 162
43 108
19 98
26 112
108 115
15 68
3 171
32 60
79 174
85 151
85 166
98 161
86 89
108 140
145 154
1 135
63 145
129 151
19 106
13 174
33 166
58 67
34 51
13 163
44 168
13 130
34 139
11 128
14 155
9 90
143 161
33 79
14 92
109 149
90 112
121 148
38 136
8 77
3 135
4 81
19 90
10 92
26 103
49 62
54 58
86 175
95 173
9 63
44 160
55 130
105 160
5 123
123 171
63 98
96 143
135 163
72 108
9 62
19 32
37 120
38 170
43 63
129 130
67 160
25 95
108 118
7 89
60 70
12 33
68 174
94 135
12 157
11 138
5 24
5 90
106 128
20 89
22 86
48 127
128 170
14 86
39 91
32 167
141 160
83 162
18 139
80 171
94 126
42 84
83 165
34 68
86 88
57 161
67 121
3 41
63 123
1 67
7 53
32 158
47 130
65 162
37 69
23 139
85 170
21 146
25 148
7 111
57 86
1 166
11 140
9 145
52 55
32 80
74 77
19 170
52 161
54 153
18 21
58 106
20 48
93 118
7 106
40 90
64 140
15 20
101 135
37 55
146 170
12 103
120 126
40 96
73 110
52 71
47 159
152 173
141 170
82 171
43 129
77 140
64 94
52 154
129 147
35 110
50 67
105 125
43 118
84 139
8 100
57 163
32 71
20 103
38 74
85 93
13 92
63 104
111 117
96 107
23 27
39 154
101 128
16 123
15 120
95 162
110 125
85 94
25 135
37 101
25 88
110 134
48 121
17 147
53 117
14 23
19 57
139 164
110 148
32 85
8 128
38 108
45 46
55 79
44 118
108 141
95 106
41 50
148 173
82 100
107 147
14 93
4 134
72 79
27 42
61 120
42 70
59 88
117 175
10 103
8 84
21 33
19 93
152 159
9 87
71 94
55 72
40 137
13 175
92 173
48 83
72 88
9 79
26 161
11 85
58 95
18 108
104 165
10 97
67 165
139 168
84 152
93 131
137 149
35 126
17 35
105 170
71 112
34 97
11 82
86 107
61 88
90 130
25 111
112 146
5 33
34 129
33 72
92 105
40 52
111 151
37 123
35 130
153 154
5 60
3 55
4 138
147 158
23 115
91 100
148 165
104 147
68 104
19 148
18 48
71 157
4 22
109 162
15 104
24 43
43 145
81 152
94 112
41 62
50 90
19 138
38 105
157 163
91 128
40 49
5 103
65 109
48 97
72 94
10 64
14 53
5 108
5 160
101 136
1 86
36 64
23 125
10 14
72 135
51 120
43 136
139 152
44 64
22 168
68 82
61 94
96 120
73 121
4 55
22 35
13 70
112 127
18 97
25 100
21 28
101 105
13 90
62 171
43 140
27 135
26 155
63 84
5 14
9 70
16 92
1 74
62 160
35 138
67 155
73 145
79 158
40 61
18 164
54 82
157 166
18 155
23 59
25 71
43 137
37 85
5 57
105 166
25 134
49 64
39 130
50 166
79 94
9 161
73 155
32 120
55 110
64 158
1 171
117 130
153 157
68 103
128 153
33 130
70 86
39 44
52 61
86 98
32 37
5 134
64 128
26 136
49 85
3 125
3 117
32 159
15 132
48 123
65 112
53 62
88 127
32 160
20 79
8 93
71 107
32 57
71 111
80 119
55 93
50 97
112 117
50 140
123 146
13 39
21 50
89 175
82 140
76 169
25 128
23 96
90 101
111 136
32 54
141 162
118 146
89 92
27 28
21 165
14 106
27 57
24 80
33 132
67 117
141 175
37 70
101 151
18 47
105 134
108 174
28 119
7 79
62 170
51 152
19 94
130 145
7 165
5 82
72 112
110 163
36 157
67 123
1 18
28 126
40 80
23 119
72 97
20 107
12 80
20 73
105 164
48 126
35 160
24 28
79 98
9 95
11 104
34 118
20 54
58 146
168 173
21 134
61 70
39 145
82 109
47 113
1 132
7 57
5 152
10 138
72 146
33 152
24 51
64 159
126 146
5 67
57 108
21 151
58 145
9 17
112 174
63 105
94 103
65 87
67 141
57 160
69 108
40 48
87 162
89 137
14 139
19 83
35 50
91 123
83 119
1 85
72 117
54 79
92 157
93 153
83 97
131 161
38 117
21 157
70 88
11 166
41 174
41 110
44 51
130 166
22 115
3 27
28 84
131 173
121 168
153 162
48 68
63 94
71 132
109 165
140 145
48 155
121 135
74 79
137 154
9 138
90 159
23 166
112 143
41 125
60 107
12 60
111 174
83 161
73 129
23 32
71 135
14 98
38 80
27 136
61 118
8 86
39 82
7 59
137 164
44 109
83 121
62 82
16 136
17 55
70 87
33 49
39 146
8 73
91 175
108 131
20 139
110 143
84 163
39 87
20 61
48 104
59 98
69 80
138 157
7 88
43 131
27 141
4 85
104 119
14 43
12 115
68 97
104 149
26 139
87 101
12 81
26 86
43 57
105 174
1 41
35 120
14 37
72 126
17 42
4 67
12 129
70 109
132 160
12 138
51 107
17 28
21 115
9 126
28 147
72 140
88 125
35 173
48 132
32 154
20 128
95 137
24 69
23 60
141 155
83 85
89 174
93 157
79 145
118 126
28 71
113 170
36 85
74 87
86 146
55 59
61 164
127 159
82 98
37 171
103 132
145 173
63 119
106 125
16 106
70 158
97 153
27 129
25 113
35 112
104 106
4 136
68 126
81 106
59 123
28 67
9 92
98 118
55 152
35 54
3 88
43 91
22 85
24 137
64 125
61 173
57 128
123 148
37 84
123 164
96 111
90 162
43 77
36 161
112 132
26 84
72 155
92 164
35 111
24 96
91 168
28 74
55 117
47 174
48 163
42 63
67 146
87 152
126 149
3 115
11 143
33 63
14 18
86 94
15 63
38 168
87 109
136 152
11 33
137 141
117 161
89 138
44 90
53 89
41 81
63 88
58 166
35 87
138 159
14 117
59 131
5 110
22 72
77 167
89 117
128 139
11 13
115 146
146 149
126 175
59 94
88 151
39 68
7 146
50 157
88 170
131 162
79 126
111 157
70 159
59 79
15 151
107 136
28 82
39 72
135 162
48 81
16 68
28 166
138 174
39 47
21 147
68 94
1 44
140 149
57 84
85 131
51 92
92 112
25 70
12 139
108 109
18 167
82 117
118 129
8 107
97 137
79 120
89 140
42 174
74 131
13 49
14 109
57 69
132 168
16 51
24 40
143 162
44 174
58 108
21 107
20 132
55 151
23 88
38 96
77 98
59 103
96 110
21 91
13 17
53 128
68 140
141 154
161 174
62 65
42 58
8 157
47 115
47 163
121 126
62 153
13 84
107 123
52 82
9 73
103 141
134 137
138 162
28 60
72 131
128 132
61 87
71 115
58 89
35 84
27 158
8 126
44 154
28 48
13 123
41 94
19 41
89 95
1 43
6 133
94 128
81 87
48 63
12 91
100 126
54 117
47 107
18 121
89 129
82 175
16 138
60 139
9 151
62 141
32 146
17 90
36 61
25 96
51 98
23 84
57 68
69 162
67 143
63 69
7 54
1 145
34 92
3 157
54 121
73 89
17 63
69 100
98 111
70 115
33 131
61 162
57 104
103 135
22 108
91 146
94 175
158 173
3 90
19 80
23 126
111 154
168 170
39 40
36 128
88 137
15 71
17 86
164 168
67 79
10 141
35 63
8 24
57 67
65 143
48 79
25 37
43 83
28 110
35 135
1 28
111 148
60 64
94 146
26 167
7 140
10 52
121 140
62 104
47 72
58 65
32 175
34 57
148 166
90 131
42 88
105 175
38 139
8 125
43 80
14 153
83 112
89 107
55 146
93 140
12 25
48 131
80 117
33 145
88 135
58 69
112 166
85 96
10 148
34 127
90 171
58 158
24 83
32 112
79 84
70 84
5 161
27 110
34 35
91 119
68 166
58 119
1 4
36 97
19 130
55 89
23 55
35 83
63 100
15 93
25 86
36 74
50 104
74 163
138 155
70 82
18 152
64 168
17 159
21 108
38 153
69 128
11 62
1 39
55 81
44 89
8 121
96 121
108 163
11 58
12 168
36 118
37 175
15 33
14 125
72 119
35 73
53 132
13 137
69 137
4 44
120 138
104 162
5 44
69 121
9 54
7 62
36 101
3 147
24 121
36 163
161 167
115 152
43 175
42 143
15 81
110 170
96 171
101 146
90 174
20 110
23 100
20 145
60 167
5 164
108 155
5 38
28 175
95 125
108 125
33 113
84 170
108 166
87 119
19 47
33 175
44 79
26 79
137 159
77 164
41 168
121 163
32 111
148 152
24 171
50 175
5 58
91 154
7 141
79 130
26 106
58 91
74 153
35 70
77 149
35 41
77 112
58 111
26 57
93 94
10 67
24 167
126 155
77 86
103 123
39 41
41 104
86 171
1 90
21 71
24 106
84 154
16 35
136 173
51 62
38 157
98 120
81 170
127 152
15 135
44 108
42 170
50 113
83 174
49 162
79 92
18 32
13 128
26 153
138 152
108 120
36 129
11 171
3 10
152 160
19 77
43 82
9 135
51 81
5 36
5 171
62 118
87 96
3 42
57 148
83 175
85 157
54 89
70 81
82 120
87 111
135 166
53 104
7 17
23 69
50 132
127 166
3 89
105 107
53 129
134 161
14 41
54 132
70 94
77 154
27 94
32 63
123 159
73 97
71 165
16 96
110 136
68 110
4 49
27 33
61 86
95 115
14 60
55 159
67 88
13 103
17 80
25 94
50 68
33 143
118 165
22 161
90 123
65 154
81 123
95 160
82 105
123 126
42 57
28 83
134 168
21 79
86 90
95 153
34 64
38 63
67 85
90 149
86 143
38 163
42 109
17 127
115 119
43 109
63 155
13 54
135 171
121 157
24 158
131 137
15 49
1 126
41 87
7 32
34 37
8 82
125 143
89 146
79 137
93 130
109 166
36 119
8 149
143 170
27 95
61 89
8 151
32 174
97 164
5 61
33 90
38 138
98 158
146 151
8 50
24 162
89 132
123 174
50 81
129 159
52 130
79 141
23 143
62 125
128 154
5 8
65 137
39 64
19 161
17 149
57 121
58 147
33 86
136 146
86 105
13 107
42 50
12 35
25 65
23 154
90 98
43 65
69 168
70 160
60 119
59 135
68 71
57 174
77 120
27 107
97 173
13 83
157 164
168 174
107 163
26 39
4 33
22 53
85 89
84 153
22 162
25 53
51 94
13 19
40 92
22 140
4 157
64 154
16 137
38 43
14 57
21 38
11 51
12 74
109 139
53 80
38 42
87 135
64 165
87 113
58 135
80 128
20 28
20 85
41 97
35 107
123 141
32 161
100 107
40 157
105 131
5 91
42 131
63 173
19 64
42 165
106 158
59 87
27 151
11 162
97 166
32 115
32 73
106 113
77 111
57 70
34 73
63 92
32 86
7 164
16 50
64 101
10 162
54 165
44 68
74 168
16 62
3 104
35 151
101 154
64 141
94 148
28 38
106 141
51 110
65 167
69 175
17 95
58 105
32 168
115 145
83 93
25 61
13 27
23 77
23 155
7 52
4 60
121 151
33 93
77 117
57 110
11 90
38 60
49 73
75 116
91 117
24 86
42 139
37 146
28 164
74 90
50 72
141 147
21 67
148 155
18 85
96 154
57 72
14 74
10 59
21 32
16 80
73 143
3 132
61 121
67 111
64 115
7 35
104 148
55 136
81 139
18 149
23 158
65 130
149 164
1 55
71 80
21 98
51 130
119 126
79 162
8 19
7 60
52 171
17 38
34 52
39 109
60 95
136 160
16 38
63 81
53 130
63 112
68 73
47 48
53 119
125 132
8 20
117 119
4 135
107 140
15 152
33 88
157 165
54 57
72 84
26 164
101 130
91 143
37 163
5 71
108 158
39 151
20 49
41 60
22 87
105 119
111 137
89 97
4 143
152 165
68 84
108 137
79 95
3 44
125 154
41 103
93 129
82 88
103 130
1 94
69 90
32 79
41 175
115 168
79 152
21 143
13 95
49 51
58 77
36 37
33 59
60 94
61 104
19 55
13 111
37 58
38 77
89 149
11 117
60 83
109 174
39 58
70 83
96 128
34 61
7 125
17 87
58 79
36 44
36 130
20 101
138 141
98 167
5 27
32 155
115 161
9 71
12 61
57 138
109 134
115 125
3 158
28 70
40 148
35 68
148 162
55 148
109 132
42 81
37 41
16 81
139 160
134 151
42 157
32 153
65 164
9 55
3 40
74 123
134 159
11 129
138 165
67 87
20 53
37 65
25 62
20 100
11 173
48 90
57 159
60 163
55 164
140 152
51 103
1 70
7 98
111 168
52 131
42 159
22 152
141 168
3 163
111 170
33 140
10 128
14 160
123 173
65 80
17 163
111 113
100 104
88 139
71 162
94 129
54 62
132 148
52 117
27 143
24 125
145 168
115 151
108 173
33 43
109 157
85 146
14 35
72 148
112 151
153 166
34 62
53 74
85 159
31 142
18 153
41 140
130 137
17 103
134 146
24 143
107 125
1 152
20 44
34 43
61 148
25 39
33 141
70 175
93 143
43 155
62 68
125 136
17 118
104 110
16 163
11 113
130 152
129 157
64 113
49 82
22 125
22 37
81 155
9 81
35 85
73 109
1 24
13 167
140 154
32 104
73 85
77 141
38 146
27 162
19 88
60 109
93 152
19 70
61 123
74 164
10 53
63 164
74 104
157 174
4 145
42 98
96 112
79 134
35 163
71 155
79 140
113 131
69 127
28 131
85 147
7 127
115 136
17 74
18 138
63 77
72 111
110 135
1 72
21 129
141 159
54 96
65 106
36 47
33 64
73 120
21 64
44 153
40 126
86 106
143 147
24 82
90 111
73 96
67 83
82 138
93 158
17 39
26 119
73 136
1 11
8 18
54 64
96 106
50 128
21 174
152 164
101 112
55 82
50 136
54 72
10 98
79 168
101 121
20 146
141 166
128 158
1 134
28 33
38 65
43 170
3 96
8 110
79 151
13 74
43 149
59 111
24 109
95 132
125 146
111 128
25 50
115 131
94 111
36 93
34 134
125 141
24 135
4 162
53 113
36 174
52 149
28 89
79 154
104 105
36 70
86 130
34 138
49 159
7 70
74 129
12 159
4 153
94 100
49 79
18 84
14 51
96 140
152 153
26 42
58 82
146 174
24 48
10 174
18 120
110 118
85 119
27 43
67 168
69 81
55 84
25 72
62 67
3 81
68 81
26 113
104 138
32 96
1 58
153 160
72 85
9 89
112 131
104 112
15 50
146 173
12 15
9 52
80 155
15 60
22 65
27 44
12 23
23 162
43 104
4 123
32 170
41 73
51 58
31 56
9 143
55 166
7 80
15 137
48 82
149 151
61 100
72 159
38 88
19 103
100 127
87 141
41 44
79 100
20 55
27 165
71 168
41 55
51 149
24 161
87 128
103 108
50 54
22 36
79 109
89 119
67 90
63 97
10 100
66 78
65 168
58 175
53 86
125 162
19 157
128 175
67 89
23 83
58 113
136 137
7 151
5 145
23 95
25 126
16 134
60 93
47 166
36 79
69 141
24 60
22 148
77 165
37 67
64 166
107 162
136 138
110 130
71 137
77 147
111 135
90 166
12 151
51 63
33 127
43 90
54 106
36 121
65 70
11 52
49 70
23 94
57 171
60 74
52 67
19 167
58 101
94 127
60 103
19 136
85 87
12 21
19 65
67 135
43 79
5 107
38 173
8 143
70 131
73 170
68 79
23 137
42 147
38 97
107 159
4 97
27 120
11 111
77 92
37 82
151 175
26 171
81 119
48 139
105 152
67 86
25 41
110 113
158 168
4 119
59 157
152 157
72 128
171 175
12 65
105 109
58 155
48 107
61 125
158 162
3 17
152 170
44 86
119 157
4 93
90 129
62 97
92 120
15 67
18 79
27 152
74 127
24 147
88 173
69 86
37 49
166 175
39 74
14 32
26 151
51 65
135 153
95 174
28 80
40 105
38 58
38 72
110 126
20 71
7 47
59 147
17 84
36 67
52 68
18 42
95 113
58 170
88 155
16 70
12 39
139 175
55 83
55 95
13 47
3 110
51 162
86 127
62 84
100 134
128 143
35 103
129 149
80 113
25 109
65 147
9 44
39 121
7 67
73 105
79 159
126 173
83 101
21 42
26 134
25 103
95 117
17 60
14 70
13 136
64 71
92 147
81 94
94 97
60 96
48 141
90 136
3 39
22 81
39 90
38 123
67 69
26 49
1 87
11 21
52 100
85 108
43 44
16 64
72 165
84 168
128 147
21 80
63 73
33 148
71 154
20 154
43 50
151 157
7 155
87 174
60 152
143 175
67 74
13 106
74 94
119 132
42 85
40 110
80 104
109 137
24 33
69 95
131 138
63 175
35 88
111 152
105 136
1 3
23 123
13 131
17 173
50 141
19 134
41 137
120 162
27 127
132 136
91 92
63 125
3 85
17 71
100 130
98 129
8 51
48 160
104 168
103 147
83 103
117 129
86 129
20 96
112 173
13 138
98 115
95 140
15 26
23 71
48 74
21 87
127 129
123 134
60 61
69 123
51 88
26 98
18 158
13 18
62 149
51 69
15 85
1 42
97 120
38 171
135 158
115 138
53 93
36 138
101 143
36 106
128 135
18 162
47 149
28 100
84 126
10 55
36 69
4 151
97 129
119 174
53 107
108 110
127 136
53 123
97 113
12 50
49 126
53 87
51 60
64 84
59 159
85 120
41 136
81 135
84 138
27 59
21 145
18 112
77 89
54 97
15 43
36 77
81 103
21 100
41 113
19 42
64 92
24 138
111 158
5 95
95 126
112 121
69 98
52 160
26 135
68 125
12 26
9 165
83 167
80 83
35 115
27 175
147 151
47 125
112 139
8 48
16 73
87 118
24 112
4 113
8 63
50 108
36 159
82 87
86 152
70 171
82 134
33 106
13 110
91 112
39 70
61 140
52 111
8 52
80 146
47 94
10 88
91 167
73 115
104 145
81 97
54 70
18 127
10 21
4 51
61 163
93 174
49 97
7 109
38 120
112 159
35 94
34 165
111 140
69 96
151 167
57 96
44 95
25 82
74 143
19 129
70 107
53 67
71 83
28 140
47 65
42 130
19 128
62 110
167 174
4 54
132 147
103 171
86 128
154 159
141 148
15 147
69 106
23 109
108 130
41 64
84 104
26 69
80 91
37 137
86 91
162 163
25 132
64 175
37 160
24 154
90 140
9 58
52 136
13 32
12 130
61 137
7 123
38 98
5 173
136 163
1 96
7 95
57 103
34 130
146 161
15 48
9 128
115 174
13 139
111 160
148 163
27 67
95 110
11 36
93 125
25 112
44 135
52 159
79 93
1 118
80 94
20 84
53 115
131 147
90 143
80 108
7 143
41 109
74 141
8 139
57 154
51 72
52 95
11 165
35 64
125 164
59 112
10 132
137 158
37 107
50 135
11 40
83 157
128 160
108 171
101 138
81 130
57 120
69 97
65 120
48 175
127 161
77 158
77 80
43 127
8 17
10 105
87 123
61 77
68 86
79 167
83 107
17 139
19 81
119 161
107 118
53 68
51 87
129 152
92 155
127 131
80 81
37 87
13 51
152 168
103 161
25 64
13 158
25 110
161 165
42 94
39 128
39 80
61 151
33 51
164 166
58 72
22 58
53 175
67 170
51 96
108 129
25 89
23 118
108 146
61 119
7 104
27 69
63 83
33 162
64 123
154 155
58 137
80 175
112 157
151 154
10 49
61 79
110 128
105 141
98 173
96 118
89 125
52 118
15 90
4 23
27 58
1 125
8 148
7 136
63 174
115 163
49 53
39 175
80 90
94 140
95 152
117 152
24 141
137 166
28 163
126 153
28 37
57 126
125 163
58 117
135 145
4 41
34 131
137 147
52 158
65 123
79 106
55 67
106 171
68 137
112 148
16 171
82 152
32 53
3 8
96 136
61 157
24 119
49 148
93 117
131 149
51 104
28 52
11 164
72 151
3 93
31 66
52 94
16 41
89 128
64 91
85 127
47 162
120 121
20 157
73 87
96 119
69 138
28 86
155 164
40 79
25 34
105 168
15 95
50 164
26 159
63 87
25 137
89 167
58 94
16 148
25 44
1 112
84 105
62 94
16 157
51 128
68 175
13 53
52 134
18 68
40 58
72 145
164 165
47 100
72 80
123 131
39 115
96 104
9 26
33 136
40 134
86 118
111 149
125 131
37 141
17 126
48 166
39 153
37 149
139 151
4 74
71 146
49 84
48 164
20 123
21 93
111 141
12 160
55 170
1 38
2 150
26 104
88 134
93 145
112 125
59 96
37 60
32 36
39 101
149 173
52 86
12 96
97 157
43 55
54 159
47 108
40 175
91 153
111 159
70 79
39 59
62 123
155 161
7 24
125 140
69 153
41 52
112 136
35 51
36 126
57 145
86 110
130 141
108 127
19 152
7 135
43 130
25 157
96 164
36 83
87 95
34 86
35 42
49 164
72 129
105 165
87 112
92 135
58 120
16 149
14 80
42 127
77 155
12 119
26 80
107 173
12 17
10 135
10 91
49 52
129 141
85 101
21 104
88 105
69 73
109 153
35 37
136 151
42 123
8 59
11 77
13 164
19 44
11 26
59 154
82 112
20 135
90 168
17 27
104 111
28 96
54 113
22 59
36 52
89 158
18 37
135 136
49 139
85 118
22 64
9 101
9 64
27 54
159 164
22 100
97 161
117 121
97 159
112 115
167 170
35 67
7 129
88 162
23 28
70 74
53 64
83 91
47 85
103 168
28 42
20 158
34 163
131 164
16 104
20 83
86 160
39 113
77 146
72 98
123 147
87 93
91 161
126 137
20 68
162 170
145 149
27 84
38 113
48 140
41 70
15 157
85 145
148 170
15 55
85 160
62 154
10 153
98 135
84 148
8 47
40 170
1 139
22 83
72 139
82 91
5 11
74 174
54 93
106 111
23 98
57 82
36 107
87 94
85 136
83 120
86 103
98 171
27 64
15 83
22 52
28 61
15 53
32 166
52 157
62 79
20 22
5 54
61 71
85 123
19 171
65 158
77 108
5 35
67 105
17 47
67 95
19 147
33 129
105 117
50 153
63 82
5 34
34 108
22 50
168 175
123 152
8 88
33 83
110 140
3 113
34 120
41 100
47 121
52 54
1 173
58 132
47 57
119 125
101 106
1 146
121 131
90 137
68 121
63 151
51 95
74 128
12 84
126 152
129 175
27 145
140 160
42 149
70 163
3 15
95 167
57 89
14 163
90 125
125 161
52 148
47 145
34 70
68 168
57 131
81 157
1 8
4 101
13 105
19 74
131 159
37 125
60 125
59 90
96 165
27 126
89 103
7 77
82 110
12 128
93 98
69 92
69 167
82 123
48 128
10 72
68 119
17 58
12 167
71 127
151 163
35 65
118 161
11 69
108 161
23 89
83 100
143 167
107 135
59 153
28 159
67 94
18 90
8 83
89 106
59 61
33 135
69 109
135 175
145 161
53 63
38 103
54 61
67 158
80 153
4 125
10 85
21 121
88 138
16 74
59 115
15 17
1 108
147 170
1 50
4 42
43 164
73 86
50 64
27 100
4 108
123 168
90 135
7 51
82 166
57 95
88 94
39 157
36 145
93 149
134 160
23 90
165 171
112 175
48 134
26 67
96 98
136 140
14 24
27 146
63 152
1 92
48 145
44 49
113 117
7 105
135 165
42 60
34 106
50 111
43 73
49 71
128 155
129 154
60 154
91 107
104 161
58 96
163 167
8 168
50 93
85 113
112 130
5 98
71 88
57 129
5 65
70 128
162 175
82 115
104 152
23 128
9 166
34 67
60 84
48 105
14 68
13 94
27 121
8 80
59 68
25 90
1 105
49 117
5 175
53 110
41 86
131 152
39 95
83 105
35 129
82 165
24 126
3 18
107 174
67 154
98 104
9 25
12 14
64 97
72 141
4 132
49 58
10 70
59 121
22 94
38 125
105 111
12 71
38 68
19 79
21 88
1 59
97 103
84 106
109 143
161 162
127 163
153 171
43 163
62 151
141 165
85 167
10 60
3 28
88 157
68 158
11 139
62 101
77 152
54 135
125 135
73 148
51 54
55 118
37 105
96 138
121 127
15 110
151 173
63 159
51 170
74 149
143 168
38 106
8 174
113 148
37 111
38 86
52 141
24 25
50 94
10 130
21 119
48 113
36 153
53 103
41 47
137 173
39 51
74 100
96 97
47 131
82 173
43 89
94 149
80 162
54 126
8 43
25 118
62 166
108 126
60 89
19 53
40 72
22 97
43 125
55 98
21 160
81 105
3 129
3 51
74 82
1 34
143 151
87 161
60 104
52 88
86 163
91 113
42 96
96 113
55 173
121 173
138 160
40 164
21 63
96 159
111 173
63 136
55 58
20 26
38 92
92 145
27 41
17 115
34 74
113 140
90 119
72 103
33 41
13 21
13 112
143 166
9 28
11 23
18 50
67 115
12 38
25 40
14 20
63 106
53 170
86 96
101 107
47 151
5 93
119 136
34 141
63 120
55 158
72 87
5 26
17 97
37 118
14 173
24 53
117 151
103 173
28 121
17 36
15 161
43 141
4 139
27 50
98 103
67 104
37 89
10 111
89 170
38 119
16 173
8 38
145 152
104 129
94 125
42 132
50 115
59 167
98 149
79 146
125 170
61 80
17 145
106 168
60 71
138 173
54 167
59 93
17 57
32 91
49 108
72 83
11 19
36 50
44 73
140 173
4 131
33 149
12 125
72 121
17 141
100 111
91 118
37 128
53 140
54 123
3 24
47 53
53 106
54 138
16 88
16 97
98 100
16 100
8 16
80 136
80 96
49 158
95 111
86 158
80 170
5 157
63 71
8 95
140 164
3 38
87 170
32 39
9 117
127 143
5 137
55 123
28 101
65 171
21 84
71 103
52 85
8 9
60 88
24 164
47 146
120 151
16 115
3 121
93 168
97 143
60 141
11 130
22 71
139 141
4 11
40 85
101 113
128 149
14 136
52 175
13 173
26 82
100 110
55 86
62 77
4 52
26 129
87 105
42 119
26 170
35 79
47 97
27 128
106 117
13 91
14 39
34 77
48 115
18 168
57 165
20 105
105 110
4 100
79 86
62 71
36 41
94 147
21 23
101 162
87 167
41 164
128 152
20 62
97 147
40 135
59 81
81 137
146 153
130 146
60 130
51 97
50 171
132 151
101 149
33 103
25 36
48 157
141 171
13 135
149 155
91 135
90 155
25 173
64 93
129 165
129 140
15 44
4 37
77 159
103 148
7 43
149 165
108 113
84 127
71 72
28 128
89 159
14 104
127 130
15 42
9 50
12 49
58 93
128 173
1 61
82 83
122 172
8 14
13 28
162 166
62 112
152 155
1 174
16 20
23 106
130 157
10 139
88 104
121 132
25 74
74 130
71 110
4 110
54 77
20 165
41 163
3 70
34 101
13 15
115 117
58 90
60 82
14 137
85 141
89 160
52 109
63 171
95 139
61 145
13 96
43 106
3 23
100 158
86 115
79 121
20 111
9 123
50 173
93 146
74 165
37 134
64 105
74 167
67 138
40 42
14 100
163 170
89 127
88 100
59 73
117 126
4 149
44 129
121 138
167 168
37 135
1 17
86 141
100 151
25 79
35 57
42 135
40 95
121 134
16 158
52 126
58 159
13 141
72 109
89 120
135 141
49 69
5 10
7 83
42 54
85 129
163 164
25 136
61 81
9 118
70 111
93 128
51 154
9 112
64 126
63 131
132 164
73 74
22 61
88 146
5 84
3 143
4 80
83 123
100 121
50 85
119 138
44 55
51 174
36 171
141 174
153 167
145 163
58 126
53 94
12 77
47 71
147 154
37 42
5 104
33 70
128 174
13 149
34 170
12 79
38 50
3 54
54 160
132 139
25 108
4 152
91 160
50 138
1 88
5 163
16 120
54 145
1 98
43 86
68 89
129 171
71 173
14 110
22 147
125 127
19 100
93 148
52 73
153 168
20 95
93 132
84 146
69 117
111 127
8 81
96 139
55 171
143 171
64 134
52 137
22 82
73 174
62 167
62 174
110 129
22 127
7 63
123 145
59 140
53 157
32 141
49 103
73 140
47 160
33 35
81 134
23 43
35 77
3 175
69 161
3 105
79 165
112 158
42 71
4 38
22 39
11 155
64 103
71 121
25 138
9 48
14 123
74 161
1 68
134 139
62 113
36 165
12 16
15 77
39 55
110 141
93 175
69 147
106 151
23 74
110 166
50 79
5 68
18 88
72 101
49 59
43 139
13 58
61 95
37 138
37 90
145 157
32 95
4 105
44 58
3 64
112 164
48 143
64 155
4 103
11 146
159 162
4 164
25 83
19 158
17 72
82 136
81 104
139 158
38 59
9 37
97 121
170 174
11 80
16 103
35 59
39 73
22 43
140 163
25 129
121 160
33 111
14 44
52 101
59 100
88 96
18 132
26 27
27 62
20 51
28 132
27 80
93 123
113 149
13 93
17 143
34 148
15 47
37 96
91 131
39 112
42 106
22 121
17 26
91 173
68 123
84 85
48 93
87 147
94 143
118 140
34 115
80 138
61 110
35 154
93 134
39 158
135 155
17 153
84 118
136 161
28 158
24 55
9 104
49 96
51 73
70 112
100 161
134 138
48 117
1 130
8 160
128 130
71 79
54 158
119 160
21 60
34 135
147 153
165 168
127 151
10 117
22 26
19 82
3 71
13 140
64 120
3 139
20 63
137 148
51 157
9 100
38 129
10 164
20 119
8 33
95 154
100 168
12 93
15 136
39 148
86 95
24 34
108 143
4 40
11 175
52 166
22 107
37 152
105 173
51 138
35 60
19 108
44 146
11 161
65 72
61 68
8 154
68 83
63 115
38 57
8 21
80 165
33 104
60 110
107 137
135 160
72 90
17 93
53 98
157 173
136 158
23 145
1 33
70 106
130 135
60 171
60 81
118 166
134 152
22 175
7 40
74 107
9 51
51 127
50 82
100 159
134 147
25 168
34 166
14 147
42 140
28 85
9 121
101 126
15 70
11 109
16 127
59 146
80 167
71 163
42 80
93 160
14 162
111 165
11 103
26 95
98 166
92 167
52 168
38 95
69 107
13 146
111 125
70 166
44 132
7 112
20 163
121 143
118 158
22 80
58 163
23 132
95 96
51 145
84 96
26 43
15 73
28 50
83 128
32 51
35 139
73 106
48 149
40 162
91 145
50 149
60 158
1 79
21 101
22 34
160 167
113 152
36 111
69 104
14 81
134 173
18 134
37 119
35 61
87 126
13 97
118 173
92 96
120 158
15 40
126 145
17 168
123 154
118 154
112 154
10 19
151 168
138 164
27 112
38 130
128 145
16 67
27 51
94 171
79 117
34 85
26 47
98 170
9 108
5 151
148 158
3 166
69 149
105 129
137 155
151 153
67 119
26 37
98 165
10 42
67 130
12 126
130 143
37 61
36 92
100 170
27 63
101 147
131 132
36 131
108 162
48 101
88 147
79 101
16 23
79 127
100 123
51 83
1 167
16 98
118 145
18 151
48 69
85 126
90 167
94 130
26 131
119 140
158 170
84 174
19 34
3 155
62 103
70 161
92 165
60 121
19 123
87 92
86 126
128 171
22 155
28 161
108 170
33 159
84 89
100 120
1 149
43 148
58 134
97 160
91 126
59 151
64 68
39 62
12 72
52 105
65 74
64 149
38 137
83 152
4 19
18 24
44 131
130 151
32 33
8 70
42 167
18 95
63 126
14 175
42 67
22 93
54 112
93 101
