175 175
32 101
51 53
38 42
15 84
38 157
146 160
82 96
57 146
87 130
54 141
72 165
62 83
13 16
60 117
68 111
27 166
34 171
40 68
53 156
20 32
92 175
1 135
64 100
24 49
60 65
115 144
18 118
112 132
76 144
36 43
10 108
23 78
5 175
96 159
103 146
40 81
59 154
14 24
6 66
85 159
7 168
39 155
24 147
56 150
67 160
73 160
22 170
122 150
51 116
131 168
53 56
34 44
92 104
9 105
10 175
106 113
19 72
114 153
94 138
25 121
53 102
79 117
135 162
155 167
111 123
61 111
21 56
118 175
52 68
43 142
50 140
70 74
101 134
139 158
60 70
142 158
72 110
43 151
59 119
106 135
8 112
95 146
36 151
4 77
8 63
170 173
29 164
117 127
24 173
111 159
58 99
86 143
158 161
29 154
22 38
68 84
46 59
114 133
54 172
50 69
54 142
24 135
89 121
30 115
75 156
48 145
56 172
30 124
41 95
5 129
2 54
4 147
64 105
8 130
11 14
4 134
28 95
91 147
17 55
33 132
150 154
41 110
48 97
8 175
26 109
48 93
27 121
128 132
101 148
100 146
31 56
70 136
48 94
41 90
27 69
7 100
123 126
56 169
34 48
49 111
107 154
16 147
83 114
83 99
54 114
88 138
74 98
17 152
10 37
71 100
120 158
20 163
69 135
3 103
17 110
122 125
117 174
6 102
41 155
22 47
35 127
7 137
24 95
69 143
69 149
142 144
48 146
30 80
8 103
48 98
12 34
45 158
109 159
91 112
2 78
