600 600
31 167
253 347
373 481
161 387
187 412
125 507
145 273
159 229
506 534
324 445
1 364
18 123
129 413
492 508
463 479
58 440
422 425
567 571
183 341
197 500
354 411
475 559
63 484
207 420
256 405
141 321
109 123
314 415
292 360
248 315
201 271
203 542
186 209
47 100
153 454
159 299
20 169
262 292
182 308
24 543
23 314
104 440
270 417
64 101
374 484
183 482
173 493
314 522
340 569
167 483
184 367
150 555
472 514
258 358
235 495
586 587
376 561
234 424
54 167
51 526
128 596
130 577
373 588
46 297
394 490
340 580
9 355
47 294
377 417
280 525
27 567
125 129
19 83
273 460
113 580
116 419
226 568
156 341
269 483
131 537
227 592
499 546
61 433
453 474
147 324
1 174
512 553
183 265
35 564
403 541
127 427
346 497
166 485
360 566
180 478
141 312
11 341
117 193
211 561
57 512
458 485
142 435
215 486
17 223
255 551
301 548
111 541
337 499
287 554
538 539
554 580
488 517
10 546
278 330
363 591
97 296
3 247
45 372
152 294
327 552
142 189
255 267
74 316
199 564
153 434
276 450
431 580
13 503
283 476
185 343
8 29
154 196
28 542
64 405
7 496
407 575
112 462
430 448
171 330
273 321
70 447
68 406
283 385
33 143
36 238
22 407
121 407
181 539
107 486
143 466
324 352
219 509
21 136
85 95
266 277
1 153
80 124
258 598
59 144
363 474
290 579
167 445
424 504
149 194
66 589
118 442
443 517
144 600
187 241
24 566
131 151
167 581
451 599
411 426
137 592
1 527
54 79
25 369
5 55
116 512
257 310
89 388
404 428
425 474
340 511
157 336
124 427
55 340
374 459
87 319
321 328
21 523
127 432
250 366
404 567
316 438
10 102
445 489
108 524
363 407
56 336
108 234
176 444
191 215
116 244
13 545
106 331
61 237
40 568
11 437
317 537
109 523
52 82
77 120
183 483
129 277
187 306
225 350
306 487
353 529
20 219
440 534
88 222
32 150
302 421
329 475
279 526
164 408
152 549
12 94
187 458
251 369
190 231
233 461
282 320
216 292
44 494
79 300
171 382
212 367
298 508
119 457
206 455
4 481
284 425
376 465
396 529
59 253
43 470
146 227
328 471
50 115
469 529
221 239
297 478
323 338
129 396
328 361
39 288
229 237
144 373
376 580
293 556
140 500
134 203
349 389
201 391
156 240
378 555
331 560
548 576
45 381
1 34
475 517
480 485
105 583
136 165
396 421
146 590
262 376
262 397
362 439
121 456
91 497
42 465
420 519
298 472
301 416
289 527
116 415
66 248
26 94
126 527
429 554
78 336
122 475
39 296
211 261
244 475
244 544
41 393
107 333
277 399
57 73
396 587
45 509
132 198
46 386
501 519
181 373
291 580
19 256
278 339
341 440
105 433
6 446
87 558
192 202
144 562
162 383
152 246
182 226
177 219
192 307
193 247
6 481
394 576
37 445
137 582
286 502
363 584
28 345
364 518
2 350
160 436
134 455
332 496
578 599
157 475
9 242
125 585
334 484
85 135
11 264
129 177
20 90
334 373
235 294
259 515
269 293
186 401
158 219
295 451
335 565
294 444
218 334
581 595
39 348
532 544
88 102
14 444
170 364
75 400
276 458
164 593
155 467
224 388
235 550
281 293
99 277
305 483
18 225
82 337
173 579
81 444
185 349
285 354
242 259
185 291
14 188
54 72
111 315
395 462
272 447
75 414
157 565
530 585
364 409
76 200
308 345
119 288
196 591
39 177
15 74
191 249
382 583
71 500
54 251
222 594
304 494
368 528
447 483
201 255
53 533
49 384
11 217
441 528
75 390
148 502
477 500
92 385
38 373
156 318
103 290
155 198
34 479
98 540
470 587
461 466
195 219
152 334
343 572
77 86
207 438
192 512
304 359
250 572
356 591
243 257
60 89
121 309
288 380
397 497
245 468
410 479
184 339
574 590
98 106
279 370
40 132
498 570
423 521
509 513
243 344
115 423
163 465
266 452
270 311
128 442
33 467
386 563
351 580
252 335
440 536
199 516
277 473
492 593
69 516
373 580
476 597
20 535
166 449
233 525
547 582
52 319
510 550
303 544
58 172
32 333
357 481
62 373
359 379
26 358
83 175
178 413
334 503
208 379
204 501
124 277
334 407
417 481
48 514
214 355
124 221
111 275
72 448
139 334
15 597
263 521
2 299
277 375
425 491
175 408
336 387
58 464
101 214
179 297
142 544
197 205
204 326
268 275
114 208
398 410
103 574
8 596
36 500
54 323
151 206
110 430
212 524
36 47
7 332
41 65
31 210
35 378
280 598
263 368
369 371
76 138
24 245
569 599
352 570
125 365
12 249
322 565
133 504
77 440
165 540
60 219
110 406
48 558
162 505
53 392
69 285
557 563
45 220
236 509
213 495
185 231
138 282
323 325
1 93
50 493
51 320
257 532
334 544
194 520
41 362
426 490
34 168
418 471
84 142
118 416
167 201
46 274
177 412
384 474
53 266
317 531
228 323
162 340
29 92
328 512
4 402
286 401
260 273
412 581
315 409
169 327
254 383
178 223
30 114
148 441
130 201
96 547
289 573
96 326
219 364
44 594
209 370
235 342
67 201
30 560
436 458
230 554
16 27
129 462
133 520
85 272
16 448
373 402
149 200
393 544
177 414
46 81
515 531
306 313
232 595
247 407
72 496
