1000 1000
162 546
55 574
360 544
69 110
11 45
923 973
284 696
682 942
52 878
219 234
392 486
369 654
48 908
211 409
15 483
491 709
710 918
444 706
832 854
32 575
264 591
117 704
17 952
477 815
519 800
59 605
4 860
378 747
290 608
606 956
267 568
164 421
269 519
636 961
191 972
534 726
348 424
20 707
114 378
502 547
524 882
420 745
633 891
672 898
200 491
304 835
47 704
185 742
240 324
175 394
464 824
390 812
269 492
16 318
896 998
39 721
393 482
724 855
21 111
509 622
491 829
370 640
42 874
7 491
227 271
711 920
609 676
66 727
189 460
793 906
124 635
461 943
539 851
333 792
510 937
245 500
667 996
466 955
832 834
175 391
843 904
343 909
207 687
174 371
573 948
328 667
43 935
446 682
472 599
50 651
123 875
130 411
117 428
452 857
518 651
282 688
75 643
416 833
784 904
554 803
701 725
524 725
203 725
278 472
290 600
518 984
63 855
150 929
323 601
728 757
793 934
44 465
149 797
9 232
47 288
839 976
207 482
9 718
490 622
371 710
754 864
401 695
87 740
15 634
654 931
599 827
135 966
558 751
591 786
400 800
454 676
271 886
777 945
841 893
141 731
340 738
180 773
447 877
11 911
241 355
724 899
336 800
485 597
134 837
581 762
893 973
455 861
136 585
113 368
358 502
655 688
103 912
262 294
472 593
328 750
323 629
122 684
27 274
48 665
428 736
39 571
201 686
682 819
89 679
595 940
47 307
155 870
501 945
682 870
561 578
200 248
7 980
217 691
149 698
855 977
67 73
448 582
127 195
480 794
626 911
127 586
31 202
449 540
255 779
12 399
586 884
89 830
695 710
514 524
72 309
588 627
341 566
429 624
40 405
191 198
80 149
19 239
388 550
125 741
245 564
700 946
98 495
246 975
401 799
466 845
311 409
242 316
175 460
25 615
47 330
120 247
690 697
268 831
652 895
222 1000
436 954
406 558
107 464
57 879
65 628
350 951
92 444
86 397
285 914
693 934
130 710
711 793
323 933
206 722
625 637
280 413
746 953
120 944
215 306
95 574
589 862
115 829
721 962
387 917
868 974
524 833
24 160
360 669
384 605
173 205
712 822
677 843
76 528
147 478
579 859
200 777
672 748
526 884
563 621
463 476
165 432
340 682
117 344
207 442
49 771
349 591
92 287
403 899
338 965
484 901
262 710
1 408
746 788
325 329
144 811
186 973
666 919
622 960
185 739
7 13
200 580
225 255
171 588
692 833
315 593
104 350
488 988
201 270
714 788
241 274
59 753
933 961
77 311
83 895
765 937
47 609
580 864
145 435
550 694
90 133
466 574
74 197
13 213
137 990
605 682
431 830
247 881
447 680
936 943
200 907
33 249
361 963
255 450
605 896
26 868
402 780
766 782
113 780
764 819
242 272
327 445
156 899
443 471
298 944
47 624
216 401
719 966
656 884
739 819
143 257
741 785
723 733
587 783
630 647
587 862
328 568
263 382
162 629
328 707
587 683
75 194
276 790
678 753
281 708
163 968
357 537
618 971
353 896
735 967
255 269
323 683
730 948
227 521
78 877
114 142
230 769
356 620
270 641
182 586
36 769
377 629
218 301
688 735
34 275
191 707
283 674
197 660
157 845
312 442
635 871
787 829
722 796
504 748
378 659
953 1000
177 796
244 969
422 981
349 452
360 941
611 669
562 766
73 261
621 906
164 650
207 371
563 813
495 574
243 932
345 349
545 726
802 994
73 469
263 467
709 793
487 492
459 460
12 62
241 772
117 884
35 978
626 682
258 581
258 695
340 443
903 974
497 646
181 361
22 1000
605 628
323 491
285 580
341 862
696 715
313 483
266 818
441 575
434 849
246 420
90 558
258 900
137 761
352 731
82 544
543 947
83 792
401 524
15 645
41 823
688 993
385 657
48 834
5 257
582 591
286 818
247 350
358 549
237 871
586 743
183 713
207 726
365 531
276 458
226 894
139 573
572 806
709 806
483 543
475 707
306 889
50 572
535 934
12 544
461 594
902 939
518 825
21 852
291 613
502 597
121 594
397 866
363 828
681 970
73 642
137 159
21 371
144 979
386 620
299 780
93 991
710 875
76 828
323 569
69 834
236 531
172 311
727 991
491 694
522 855
579 944
372 425
81 887
35 209
574 847
353 688
467 484
661 880
56 309
693 756
74 989
69 424
94 707
337 552
531 716
354 588
350 724
322 763
201 207
301 395
583 667
921 927
417 939
519 953
431 884
214 494
351 477
203 970
209 515
402 850
444 683
575 628
436 469
169 355
93 260
10 576
131 244
469 915
105 373
283 612
408 686
141 308
494 507
16 891
62 223
285 968
249 392
718 749
270 873
517 554
237 449
91 930
156 614
251 259
224 304
92 670
662 702
346 904
709 860
553 854
293 774
500 833
517 814
82 897
630 806
299 916
202 335
234 933
7 776
120 364
146 248
394 717
439 622
367 667
516 587
47 56
26 732
97 398
220 258
261 839
505 599
73 666
38 461
3 883
646 806
319 580
100 860
109 723
375 704
170 259
687 705
774 800
25 396
19 613
673 851
771 922
256 322
150 151
83 495
271 933
728 842
605 957
150 541
238 608
662 937
558 978
581 766
135 644
477 855
35 310
674 869
567 906
43 301
37 95
437 848
823 944
353 653
12 79
152 767
488 828
627 767
242 928
178 503
171 926
40 466
299 379
64 235
365 785
423 921
248 982
271 909
847 892
17 95
440 732
300 491
117 950
122 752
444 817
803 986
105 790
465 581
385 838
905 943
556 706
763 798
36 658
768 946
244 257
891 959
596 728
438 761
81 1000
199 287
603 848
481 654
741 995
685 812
99 861
265 650
29 757
699 799
605 709
800 837
119 449
241 933
145 785
61 385
5 529
6 505
513 941
261 464
331 477
731 803
254 749
275 941
522 943
398 946
420 949
754 858
178 242
248 433
499 504
414 961
35 712
32 101
801 841
468 780
142 686
208 637
326 708
371 460
376 885
527 809
181 682
103 465
212 718
154 709
79 84
144 632
181 733
721 885
361 559
336 757
108 207
236 668
322 804
87 377
210 699
136 444
200 971
530 834
551 600
117 588
242 709
73 555
90 496
116 764
62 332
619 924
282 997
418 983
43 277
108 512
279 713
519 523
39 999
374 996
303 630
56 623
491 565
392 960
106 447
19 65
181 883
559 804
208 354
138 733
147 707
565 978
317 686
122 306
739 853
292 817
561 587
241 524
274 844
16 725
644 987
28 506
502 628
423 703
74 241
274 987
197 295
132 492
434 629
179 924
307 451
473 739
243 418
371 872
53 162
190 643
568 662
231 289
13 685
314 870
505 704
235 477
117 538
524 592
228 673
79 139
834 893
196 383
186 791
302 597
102 522
17 457
969 978
729 775
491 809
54 806
297 532
326 868
522 607
361 778
427 639
289 935
359 565
843 899
495 654
362 432
14 523
409 550
436 729
202 248
217 956
86 112
18 587
58 809
573 935
158 321
129 294
28 191
149 581
479 648
948 958
269 296
106 598
217 625
339 570
423 965
366 713
106 904
765 840
863 892
273 319
470 531
137 933
280 924
474 706
176 625
164 271
167 624
112 456
491 704
128 486
836 888
520 631
743 939
285 557
347 497
158 323
23 937
430 508
85 204
276 780
252 780
878 986
25 221
88 144
545 552
286 410
168 493
440 821
60 215
117 495
721 755
637 868
170 470
309 420
436 713
8 944
816 945
184 397
650 879
102 639
415 532
16 748
78 856
140 168
419 498
601 828
638 799
595 864
8 602
68 771
297 735
773 939
844 964
242 867
233 728
657 978
176 489
13 560
412 646
526 794
417 542
572 617
604 864
234 253
122 401
242 843
73 324
726 917
591 616
187 579
71 107
320 445
426 491
150 284
245 846
166 900
88 834
92 304
519 874
14 536
254 519
111 913
126 235
603 762
682 834
890 895
342 579
500 781
88 805
117 290
114 422
423 643
242 861
787 878
318 807
193 459
70 72
211 511
389 484
153 191
219 826
111 320
661 899
237 646
535 759
469 565
215 381
323 365
269 389
664 694
419 745
181 286
544 800
229 319
323 349
216 339
876 943
626 810
305 550
577 610
671 942
96 526
640 832
851 945
15 695
250 899
68 294
95 188
325 421
768 795
150 350
23 648
535 619
500 983
694 925
576 637
353 770
435 894
686 744
196 262
723 865
637 820
36 544
168 370
453 524
588 790
565 643
401 768
114 548
720 908
116 463
268 337
904 910
785 836
91 197
710 750
386 806
649 975
584 836
418 992
407 636
796 841
446 721
114 938
424 525
404 980
507 793
200 808
62 690
334 467
674 875
72 520
161 983
25 575
260 590
47 85
570 994
950 985
271 462
33 452
206 734
711 758
417 624
519 725
160 945
245 533
93 530
432 676
2 276
464 610
113 380
422 675
192 768
145 205
46 819
425 750
469 537
170 737
663 695
30 531
67 508
118 407
725 866
51 833
342 760
745 789
148 785
629 689
