5000 9850
1414 2957
4505 4833
2619 4287
21 4360
105 3310
4635 4850
4291 4402
2046 4554
818 4259
2593 3329
453 4652
2678 3207
1751 4033
1296 3506
3538 4452
3104 4042
951 1435
2659 4833
1188 4105
2211 2224
1680 3924
1025 3652
1426 3879
3640 4302
1530 2224
993 4544
1554 2173
785 3142
1373 4272
474 1023
390 831
139 1530
982 2948
1797 2653
646 1159
1023 2506
234 4339
1584 2122
4105 4302
2593 3924
525 575
436 2149
1159 3598
130 2764
1231 3620
2656 3198
2224 2593
846 4741
1898 3753
1159 4007
617 4744
2211 3336
3788 4899
18 4920
2794 3500
2906 4551
1715 3198
457 1603
575 638
987 3198
840 1806
742 1079
1121 3142
28 4991
1715 2557
573 1676
1988 4025
2079 2363
3146 3879
3178 4647
2313 4868
1812 3939
2867 4778
414 2211
2790 4647
566 1715
2908 3702
437 3057
2076 2449
2557 3749
292 3296
2869 2943
1891 4478
2760 2895
646 3562
3607 3617
3361 4505
1988 2557
675 3336
4007 4055
474 934
3142 3329
2601 4940
1724 1747
3670 3973
2122 3081
139 3865
414 987
1831 2181
2534 3329
934 1680
2644 2771
881 1940
315 365
1037 1915
3879 4360
2224 3115
1308 4716
2954 3594
480 2087
1023 4037
1751 3693
830 3232
504 575
2224 3361
2001 4165
1990 4634
3294 3857
152 1770
566 3361
2421 3701
4322 4635
404 4770
566 2656
2926 3990
1787 4935
582 899
531 4180
4641 4689
836 2764
2756 2795
2 922
2342 2678
1918 1968
211 380
2177 4447
934 2091
21 566
1855 3323
1157 2879
2224 2889
1715 3142
3924 4413
3184 3749
4811 4991
1028 1552
429 4635
1022 2883
1121 4360
451 607
239 1932
792 3639
429 2557
1570 1773
575 1715
1508 3895
432 715
1463 3323
1317 1530
575 3761
429 1847
1643 2597
3561 4293
1892 3727
2285 2893
3081 4025
675 2112
1002 1828
3413 4332
2250 4317
3460 3660
2656 4055
1680 2557
1012 3262
4508 4694
1121 1425
1426 4381
389 4025
938 2660
389 3336
3115 4516
130 4381
2534 3640
474 3879
1690 2988
675 1564
53 3363
1128 2428
1564 4322
3688 4761
1988 4906
525 3562
130 4850
2458 4226
199 4215
2094 4204
525 1482
3081 4360
2156 3211
1425 3761
3879 4409
1988 3761
2864 3980
1530 1792
2072 3160
2019 2650
575 2659
3598 3640
966 2091
684 4409
2492 2772
646 4635
1314 4027
1573 2850
1597 3546
647 1982
62 3819
1564 2224
1725 2471
1117 1318
1012 2488
3776 4200
818 4783
646 2878
3329 4409
1054 1580
785 2114
2774 4464
1584 4505
1792 2593
112 460
1813 4623
3924 4381
184 2897
3749 3761
1687 4681
1715 3336
4149 4916
4007 4302
562 3565
2930 4201
1426 2795
501 1113
3662 3846
2768 3640
38 773
3552 4809
1574 1758
1291 3898
3451 4443
504 1121
96 2453
3035 4664
1871 3550
2764 2889
1950 4950
1530 4302
4304 4413
1945 4271
684 2659
2593 3146
927 3786
2260 2710
1317 2659
1260 4906
3510 3513
2109 2749
872 2224
2764 3865
2756 3142
525 2112
3550 4064
796 2067
2582 4148
836 3115
1852 2819
1715 1867
4086 4278
1715 4025
646 1847
3146 4025
2112 4695
2122 3879
1159 2534
638 3198
1530 3598
525 2224
987 3562
2485 3288
4025 4381
1680 2407
2398 4484
1328 3434
1138 2563
785 2659
2286 3824
2610 4792
21 389
2519 3707
1426 2224
638 3562
569 1440
122 3367
474 684
966 3865
566 2878
2000 2593
4086 4714
1683 4484
1129 2967
1512 4963
307 4888
4025 4302
1188 2659
1758 4332
2768 4381
829 2284
1317 4322
2679 4801
3146 4304
961 3230
838 3235
789 2566
4413 4695
3142 4906
566 4381
1317 4105
872 4304
2986 4843
2022 4308
3419 4539
2224 4037
2763 3336
1530 4409
490 640
2007 3590
675 4413
3660 3928
139 389
644 2585
253 3225
130 2224
1715 4105
1641 2980
966 4906
1023 1425
3640 4322
558 2614
2557 2768
1756 3198
987 1530
2407 4037
139 1188
429 1715
474 3182
649 2010
139 3184
131 4791
1691 4699
3329 4635
2506 3761
1792 4025
814 4287
3753 4603
1464 1482
1188 4906
130 4322
247 2697
2408 3511
835 2581
646 4322
122 844
872 4906
1395 4246
488 1557
3640 4381
942 4593
1569 2900
1530 2659
4025 4695
779 816
2526 4408
2320 4469
3478 4589
3618 4959
675 4055
1792 2000
3329 4850
561 3310
4480 4712
1426 3146
1425 4635
3264 3992
525 684
3465 4867
3314 4741
1159 2506
1564 3184
2734 3999
566 3879
1355 4381
638 1988
566 1023
2241 3991
504 1756
96 385
425 1243
363 2848
1464 3598
575 1867
97 810
1077 2393
430 835
1734 3811
662 2841
1902 2009
239 1305
201 4916
1317 3879
677 2791
872 934
2407 4302
2764 4906
2768 2889
389 4906
1355 4055
2656 2763
824 3774
3586 4241
389 4007
2557 4906
1010 2837
130 675
1685 3351
3338 4389
389 2407
1317 4505
934 2764
1684 4395
358 4364
3318 4717
4025 4906
1058 2560
2413 4383
2763 3142
139 2878
675 1867
1459 2353
2756 4302
1240 2974
906 1448
2407 2557
2407 3142
130 2593
638 2091
1071 3205
1715 4833
1438 1474
262 2945
684 1867
1188 3761
313 4097
827 4800
2926 4223
675 987
800 3651
3637 4458
2924 4732
1425 2091
461 2312
389 3879
2659 2768
3115 4055
1403 1848
2557 4505
21 3198
389 4635
2091 3924
1680 1715
525 3115
1715 4007
525 3142
142 3196
627 2148
2593 3598
1548 3256
21 2091
525 4302
3361 4833
1316 2953
1588 2302
544 1476
3336 4850
776 1290
966 4302
1530 1847
42 2955
148 4446
2366 3138
2102 4392
1718 3328
1715 2407
1159 1867
987 2122
2147 2739
2659 4850
1482 2756
3093 3144
934 1188
2098 4305
675 2768
3749 4413
1121 2407
3094 4367
3087 4402
1426 3924
2027 3085
2995 3881
625 2169
1159 1715
675 2000
749 3402
2659 2763
178 2077
1280 3518
2756 3749
575 2756
3329 3924
1189 2890
1584 3598
139 3361
785 3865
3521 3522
1239 2345
1260 1426
1279 1707
3913 4503
1052 2703
233 2269
1756 3081
531 3906
2136 4918
218 391
797 1657
566 2557
934 3184
2479 4068
2553 2779
785 4105
1564 4413
3198 4007
1814 3790
2593 3361
3598 3924
1885 4267
4123 4415
1260 1867
4025 4413
1464 3879
675 4360
1584 2506
440 1424
584 3126
1993 4755
2211 4413
1564 4037
2206 3202
2938 4186
2119 2443
707 4905
525 1847
2763 3761
1425 2534
32 3191
1460 3320
1829 2847
3924 4516
3081 4037
1005 4416
817 4473
429 474
2506 3749
4322 4906
575 4105
2605 3614
3700 3706
282 2994
1867 2534
987 4304
1756 4850
389 646
1034 1546
1425 4505
1260 3749
389 3924
872 4505
504 1188
1756 3598
2329 3262
4336 4367
2557 3361
1425 3598
2756 2889
934 3865
3336 4302
1942 3251
1715 4409
774 2268
4134 4994
3081 4055
2659 4105
934 2768
239 998
130 1464
646 987
966 987
490 2648
525 2795
1425 4055
1388 3984
141 4280
1260 4304
2540 3391
1260 4850
377 1732
2656 2889
501 701
3339 4303
891 1788
1792 2506
1317 3761
2907 3430
684 2506
1847 2889
1941 1964
1426 4025
614 1853
1792 4302
2091 3336
1767 4681
21 2557
3066 3174
675 3142
504 4302
1680 4302
1862 4605
2802 3566
4096 4763
1355 2557
1159 4413
251 4359
3942 4649
1220 3231
2048 4346
737 1509
2756 4360
1537 1621
3030 3319
2817 3059
1715 4360
1121 2756
1680 3879
3761 3879
1338 4484
1584 1867
504 3198
4019 4398
3000 3785
3202 4640
872 1159
170 567
1856 4758
1598 3544
1564 3640
566 3184
624 2378
1017 1481
987 3749
1715 3115
525 1715
675 2764
1355 3598
1025 4537
1860 3987
389 4360
638 2557
444 2036
1867 2112
854 2830
504 4409
4007 4037
566 3598
2534 4505
566 1584
1032 1093
3613 3910
426 1086
257 4871
1159 1482
2659 4304
1565 2943
2165 3695
525 1680
1792 4850
836 2091
318 3346
566 3761
2557 3081
1715 2764
228 711
1464 3361
2254 4216
724 888
1906 3741
2659 3924
40 110
461 2726
1482 2889
414 3865
3565 3623
2771 3531
441 3186
987 3142
3430 4765
130 2756
441 4099
1718 2584
4105 4833
297 3722
836 934
3142 4304
2401 2616
459 3741
504 3081
1927 4193
2091 3182
646 1188
1680 4850
69 2944
1225 1857
1141 1676
1355 1988
1564 4833
130 3562
4042 4368
2211 2656
1355 4505
1256 2742
934 2211
481 923
1741 2149
414 1159
3182 4516
2143 2156
836 3184
785 2122
21 4635
1756 2224
2091 3198
504 4105
1674 3513
389 2878
3783 4579
139 1482
185 1487
43 359
472 3302
389 1023
3115 4025
1721 4323
3182 3924
1317 3749
1921 2615
139 1584
2114 4906
2764 2795
3184 4381
1260 4007
836 3749
285 1603
1564 3115
2795 4055
1584 1715
2785 4671
2659 4906
369 783
536 3504
378 914
2837 4259
21 3329
1471 2714
170 1122
1582 1920
1988 3865
2506 2756
2557 3865
934 3198
2557 4302
228 4092
1615 1633
2492 3822
1317 2878
1188 3184
414 4381
429 4381
1715 3749
4117 4733
2000 2659
2744 3124
1260 3879
1016 1570
488 3866
2610 4976
806 4203
1818 3968
525 4322
3425 3946
1543 4207
3607 3855
2122 2656
152 2603
4105 4695
872 1425
934 1355
2122 3749
788 1229
1682 2595
580 3934
1260 1680
987 4850
222 3643
3274 4659
968 4467
1036 2038
2947 3776
966 4516
2846 2871
1252 2464
987 4906
1426 1482
1332 2816
504 3761
4350 4742
363 3964
2450 4487
2593 3184
3115 3198
4201 4634
675 2224
1715 4037
2407 3924
308 2801
325 4827
2828 4139
759 1384
785 836
1530 4516
2122 3865
2464 2733
1023 2224
474 1159
140 1215
987 2764
775 3994
2278 4138
2407 4906
965 4712
1207 1312
266 1779
1715 2656
4262 4451
1023 4409
1317 4833
759 2445
1278 3486
1317 4635
675 2114
966 4635
1188 2122
2097 4482
691 1722
566 3198
3081 4833
21 2878
2633 4049
1115 2887
966 4304
414 2557
1110 1994
4360 4635
389 1680
389 1482
375 3717
115 282
653 4849
816 1537
2466 2691
3146 4413
4400 4631
3711 4079
21 2224
686 4652
3373 3708
1023 1317
220 4112
525 3598
2889 3562
836 1564
2795 4516
2756 4105
2114 2764
476 1459
933 2893
386 4878
3594 4038
3523 4345
3213 4251
2129 3584
21 4409
815 1671
2114 2756
11 2753
907 2847
3871 4156
389 675
2569 3660
697 4117
1680 3142
2712 3588
2593 3198
990 3050
2513 4952
369 620
488 2886
1482 4695
478 4134
1435 2019
130 2534
3543 4565
909 1190
1636 4070
1889 3891
2407 4360
1536 2045
2091 4304
646 3749
4304 4516
2962 3675
1425 2656
3710 4117
791 4844
4234 4378
499 4683
2488 3103
1579 3616
2407 2656
504 1680
389 504
1787 2782
525 872
1988 2114
1464 2764
357 3875
2650 3975
21 2889
1263 1945
178 209
31 3791
1121 4381
1655 2027
3042 3912
966 1564
4695 4850
588 4639
2114 2407
1425 2112
2540 3514
2113 4339
63 3688
2114 4635
2935 3597
646 2534
1640 1740
2407 3336
3868 4634
3441 3574
1088 2822
129 1647
1159 2889
1482 1530
1568 3744
926 2752
474 3562
966 1159
1988 4304
2477 2779
2701 3178
575 1584
99 3550
2868 4828
4810 4914
3198 4037
2878 4833
1988 3329
1464 3115
2122 3336
65 4737
2404 2780
504 2122
1121 3198
3091 4507
502 3532
1130 3890
1847 2768
4302 4505
2691 3431
2579 4117
1189 2314
836 1847
139 3146
1756 2091
1988 2593
21 2112
559 2970
429 1988
1570 4579
2309 4733
1355 4302
429 2764
785 934
2593 4304
2224 4304
1023 1564
4818 4849
414 2122
343 2405
389 3115
1487 1601
2733 4050
3879 4516
380 1594
1564 2114
1632 2243
2627 3576
1286 4600
474 2557
992 4982
4409 4850
966 3749
836 1680
987 1159
272 4176
1792 3146
1017 4085
1121 4505
1439 2990
1756 4302
785 4413
514 4573
1879 4155
1540 2533
1317 2756
1180 1626
3121 3163
1260 1792
504 1464
3991 4172
1680 4906
3361 4304
3298 4140
942 4024
3094 4967
724 2509
1765 2984
934 1482
934 3146
119 1245
684 1426
1530 4037
1260 4037
1792 2659
638 684
3329 3749
93 2647
2240 4687
504 684
2795 4413
522 3576
575 4413
1464 2112
1699 3030
1847 3749
4322 4413
785 2000
3142 3924
579 4631
3447 3610
504 3879
2043 3477
1008 2978
199 4307
2405 3573
1425 3336
1649 2380
1584 1792
2764 4055
1343 4148
807 1809
921 3433
1121 1680
4797 4855
1584 2878
3099 4386
2544 2692
3467 4762
1792 3184
1055 3358
525 1564
512 4897
3175 4213
1988 2768
3142 3562
1527 4774
641 878
500 3642
2114 4850
917 2028
2677 3700
566 2768
1276 1495
1229 3633
1756 4505
240 551
148 3053
2263 2873
2122 3198
1867 2889
638 3081
1020 2672
2593 3640
389 2557
1509 2019
2514 4259
575 2000
1988 2000
2211 4037
2128 2832
2989 4300
3137 4740
2659 3761
987 1564
21 4105
3437 4681
130 1023
2534 4304
638 3184
1309 1767
1023 4413
3081 4505
2344 4511
414 934
1371 2360
2112 2659
2634 4790
1704 2004
2506 4381
3336 3562
220 3769
2091 3329
684 3761
626 1305
221 2986
3142 4516
1669 2609
811 1966
3030 3840
785 4007
4304 4409
2850 3327
2667 4817
987 3184
3004 3970
2712 3994
1121 4055
3760 4885
1426 1464
503 1304
1564 2659
941 3948
575 1792
3598 4505
1188 4360
1258 3273
934 4833
566 1188
525 1188
1425 2122
1023 4007
1121 3336
491 1326
1023 3761
2298 3967
2405 2667
1785 2335
1847 2224
500 4883
1685 2029
4152 4424
3385 4628
389 1464
1426 2557
238 2445
124 3444
547 2186
1988 4055
3300 3837
2593 4635
1159 2878
1672 2039
4505 4695
4360 4505
1027 1312
306 2501
2000 3329
4010 4225
2234 4449
2598 3849
21 4516
2690 3243
2554 4177
525 966
1159 4906
675 3865
165 1184
2878 2889
638 934
3326 3866
450 3388
2297 2769
429 2114
1185 4186
139 4505
187 511
2602 2722
429 566
3361 4906
1792 3865
2114 3749
139 3198
1863 3324
1121 1159
966 3640
1299 3225
4505 4635
389 2764
2690 3891
317 4745
2394 4844
2108 3482
670 1028
1482 1867
2735 3775
268 906
2982 4059
1411 4329
3300 4776
212 3228
1867 2224
1007 4634
1564 4695
2250 2523
1355 4409
1426 4302
414 872
1955 4487
130 2506
3329 4322
2112 2211
966 2407
389 3640
2808 3796
470 2893
1482 4833
273 2142
2020 2675
4096 4697
474 4635
1317 2122
431 1599
1756 2768
713 4454
1855 4576
836 4505
2593 4037
2112 2557
2215 2737
1868 2356
1137 1978
2997 4349
3120 4460
1564 3562
3184 3198
1792 2407
987 1584
3562 3865
1384 4455
414 2000
4115 4696
389 2122
74 2509
4141 4426
1317 4906
152 4632
894 3970
853 888
36 4103
243 3534
1425 4833
127 3990
851 1737
566 3924
1584 2593
2114 3115
1564 2211
732 3870
3301 4277
1530 2091
2763 4409
635 879
4306 4596
125 2083
3879 4833
2407 2763
121 1616
3649 4463
1415 3005
31 4327
934 2000
3382 3933
3252 3772
727 2081
1988 2506
1564 4304
674 2216
3198 4302
1867 1988
3142 4381
2534 3336
3749 4695
4045 4722
21 1792
429 575
1520 2242
1756 3115
566 675
588 3553
542 3385
412 3246
2080 2569
684 1425
1924 3067
329 4227
1260 4322
4563 4968
1121 3761
788 3993
449 592
429 1530
1517 4961
3081 3184
2795 4833
3336 4055
1564 2593
1584 3184
4083 4674
1530 2763
1789 3283
1350 2210
504 4505
3814 4740
3329 3865
1924 3603
1469 4937
3146 4695
2000 3865
2253 4548
2862 4195
2943 3265
711 2387
1565 4042
684 1564
1344 1395
1622 4869
360 1130
2531 4877
1149 1471
549 3777
1188 1482
1629 4285
49 2477
139 429
836 2656
3858 4812
987 3146
4119 4394
987 4322
2557 3336
1118 1580
1891 4823
139 4322
1079 2411
204 4016
3077 4045
3309 4953
638 1792
130 2112
3182 4055
1988 4505
438 3178
4322 4505
2674 3278
3198 4516
6 1060
4037 4635
1026 2583
1425 3081
2000 4381
3865 4906
575 3329
1289 3858
1121 2122
966 2114
130 2557
527 4759
21 934
504 1317
2557 4037
429 1482
2475 3378
638 3361
406 1515
2485 3202
4055 4381
3562 4833
2627 3342
1138 3521
2400 2711
1188 3361
3562 4413
1714 4313
1917 3583
1008 2585
843 2705
2534 3598
1121 1426
126 3354
2763 3879
464 3755
295 2790
1172 1403
1317 3146
4072 4307
934 4105
2653 3632
2211 3361
1159 3142
4492 4981
1355 3865
605 3678
566 2114
1982 4926
638 1023
575 2878
472 4015
2521 4631
2915 4157
2112 4322
2532 3258
872 1188
2763 2795
1472 2800
525 4381
2647 3286
3 1593
2000 4105
2529 3986
53 2445
1464 4302
1680 3081
3198 3640
684 2889
2656 4413
646 4105
810 2623
2122 4413
3919 4767
3598 4833
1556 4343
1530 3761
1881 4464
2367 2851
4874 4901
3652 4873
220 2275
966 2763
4060 4945
3640 3879
2365 2667
785 1121
893 4316
4098 4989
2656 3336
1043 3409
2593 3879
872 2889
1121 3361
1426 2534
2106 4728
2002 4839
3331 3382
878 1420
447 2990
90 814
1282 2671
50 1213
566 2000
2024 4330
2237 2551
1428 2960
3182 4037
63 2883
1756 2112
675 1317
3454 3545
1487 3984
1178 3834
2889 4505
1847 1867
1577 4143
1511 4905
429 2768
214 1322
1023 2557
3336 3761
3180 3742
4007 4695
429 2224
350 4949
337 455
1856 3591
638 1425
3052 3470
934 4302
1425 1792
3965 4099
1928 4483
2756 3329
1046 3034
2020 4504
934 4516
21 3081
1564 4055
2122 3562
2846 3418
934 2763
504 2534
1355 1464
646 1355
297 1200
646 2114
926 2426
3487 4835
2659 4302
575 3336
285 357
638 785
3336 3865
1085 1761
586 3515
2889 4105
3361 4850
414 2768
772 2842
2922 4721
1564 4360
215 397
575 2768
1537 2694
1121 2795
817 3764
1488 2660
1584 4635
1525 3856
130 139
1100 4289
2905 4296
2096 4307
828 3613
785 3198
3118 3401
2211 3146
1532 3384
1121 4302
1139 2906
3743 4112
301 3848
1540 2453
2658 3851
3361 3562
414 575
2534 3749
4360 4906
1240 3618
3137 4716
2685 4325
1251 3907
4718 4845
2614 4286
2842 3892
1575 4605
166 2245
1997 2749
1023 2763
4322 4360
734 4955
2763 3640
2067 3685
566 3081
994 2738
1797 1931
245 674
1772 4226
2280 3730
11 687
4574 4764
2091 4409
872 1792
414 3924
3167 4163
2114 4037
4037 4695
969 4721
139 3115
3115 4381
1857 4725
2560 2589
421 2190
2224 3924
646 1023
1988 3198
201 1570
1717 3191
2956 3203
2534 4105
2407 3361
3209 3325
3431 3467
34 3442
254 3154
1023 4505
844 4522
1023 1260
255 984
139 4381
3785 4510
1470 2627
1564 2656
2407 4304
617 4274
1453 2631
2764 3146
4381 4906
3221 4735
919 1603
908 2143
62 1587
3691 3969
2767 4980
139 2211
429 4055
1584 2764
525 1121
886 1297
785 4516
582 4987
1131 2966
888 2189
3859 4101
4163 4382
575 1023
3142 4635
150 1732
1220 2125
1822 4182
2861 3913
2000 4322
2272 3804
3361 3865
334 1858
414 1584
964 4633
987 3865
818 876
2756 4322
1200 2257
2289 2603
130 2122
504 3924
431 4403
1121 2593
3336 3361
2659 4360
836 1023
2031 4009
3598 3865
1301 2961
2352 4408
904 2738
528 834
4299 4370
646 966
743 1043
2258 3311
1417 4686
474 1867
660 3959
2785 2846
646 2112
944 2263
3972 4011
429 4505
1425 3361
638 1715
1317 4055
1867 4302
467 2726
1792 1988
552 1838
3595 3645
2773 4869
1530 1680
1181 2021
155 751
810 3159
765 2900
1867 3142
429 4695
3212 3637
1355 1425
777 1985
1835 4610
1355 2506
966 4850
4178 4481
1187 2196
355 1126
2557 3562
1085 2515
1115 2063
1355 1530
788 1962
525 2764
1317 4302
1426 2889
638 4906
488 3767
130 2889
2224 4505
2534 4055
1301 3745
2091 4635
4220 4511
504 2593
2415 2855
474 4360
1715 4322
98 1451
2127 4974
1121 4516
1426 2091
836 2114
890 3341
429 4413
58 2586
474 1988
2764 3749
3562 4360
2557 3761
1121 3329
675 4007
934 1023
1530 2407
2205 4353
151 4645
389 2659
2774 3219
175 3809
1815 3022
2290 3176
663 3332
3447 4366
1847 3081
2840 3398
431 4923
785 4635
1469 3139
139 2768
2483 3918
1464 4833
445 2485
2795 4304
121 3197
1846 2166
1428 1526
1023 2114
2086 3646
2000 2407
1803 3839
10 4484
3184 4037
987 4833
474 2534
2988 4993
1867 4695
566 1867
1728 4837
1188 2000
1260 3562
2415 2452
566 4302
1847 3562
3081 4304
2313 4202
527 1465
1847 2000
3399 4388
4304 4695
2659 4322
2211 4360
1584 4007
2768 2795
139 525
566 4413
389 684
389 1584
2743 4169
414 785
1530 3081
2151 3380
1159 2656
1321 3132
1317 4413
2211 3329
3142 4409
1192 3669
3598 4302
1042 3692
3198 4105
118 1001
3184 4906
2187 4422
20 1011
934 3115
1023 4302
1399 4600
621 1596
3198 3329
1260 3865
637 4568
905 4793
638 1584
140 756
3081 4850
1409 3274
4555 4736
2224 3865
3640 4505
1845 4832
1680 2506
2756 3361
785 4055
2224 3879
3713 3926
2285 2433
836 1121
868 4175
396 3143
1317 1680
2530 3400
504 3749
3595 4163
1188 3336
1908 4954
414 2889
1317 4304
38 3673
1426 4906
2211 3115
1137 1816
2122 3924
429 4105
2211 4695
2807 4712
762 3479
134 3746
3328 3501
2288 3773
162 2040
2756 3115
2534 2878
675 1355
2224 2795
2052 2316
2178 4614
3535 4637
1752 2164
1023 2211
966 3081
2263 3447
107 3337
504 2763
2211 2557
411 1019
3888 4091
2656 2659
1847 4360
646 4409
2112 2122
1926 2526
2122 2878
684 1715
836 4322
2799 2839
2427 2924
429 4037
3146 3924
3072 4016
1275 3461
706 4611
2764 4007
1355 3361
963 2328
433 753
2000 2122
865 4497
3198 3924
178 3311
314 4047
4037 4322
1756 4025
188 1551
1425 1715
2038 4284
2756 4037
3927 3933
1603 2946
3816 4420
107 3545
684 2795
2756 4409
575 3182
3924 4505
1242 3108
2656 4025
3737 4486
1867 4055
2506 3879
2000 4850
21 4413
525 4025
684 3115
3142 3598
471 4146
21 504
4275 4425
1045 4473
1867 4833
4256 4834
3182 3562
638 4322
987 1756
540 1161
2114 4105
1588 2489
1464 4055
785 1355
93 902
1415 4555
721 2780
2022 3448
2114 2763
2889 4635
3596 3980
1451 1656
3361 3924
4436 4591
638 1355
297 1697
1159 3115
566 966
3430 4660
2178 4328
1217 2464
1918 2190
1847 2557
525 4516
603 1523
3749 4635
1330 1512
3182 3336
1715 4381
2211 2878
535 2830
425 1020
1756 4409
2091 2659
2768 3865
2211 3598
4037 4304
3195 3247
91 2611
3184 4025
4329 4508
2532 4382
414 3761
182 4355
804 1278
1188 1756
1482 4322
474 836
601 3587
1532 2747
645 1499
389 1530
2246 4296
1355 3749
2031 3065
429 4516
1756 3640
2224 2768
301 4979
414 3361
2557 4381
25 361
566 1680
525 2889
2656 3146
2091 4850
2945 3310
1358 2919
2557 3329
3862 4637
934 4025
240 3166
1736 1911
448 911
3198 3562
2611 4481
1756 1792
1641 2751
2722 4183
389 987
1229 2904
2242 4580
142 1653
504 3329
525 4037
2224 4105
675 4302
1152 2913
2224 2878
1680 2593
2065 3338
1317 3184
352 2757
996 4051
836 1482
21 1715
129 1621
392 961
2593 4381
474 1317
566 4906
575 1121
1777 3945
785 3640
785 3336
2407 4635
3146 3749
884 1431
3415 4056
1159 1756
1834 2533
2656 3924
2114 4302
2224 4055
755 2385
1425 4007
1584 2000
377 2893
3315 3385
575 3081
2659 4025
1760 2504
638 4833
1487 1576
1260 1988
1361 1452
987 3361
2534 4850
646 2659
2115 3631
45 2620
3761 4304
1867 4037
389 1792
380 1511
1847 2764
198 812
499 1959
3097 4017
1464 3924
1492 2475
2415 4086
3484 4117
836 1756
62 3701
2122 4906
1584 3924
1946 2158
429 2756
2506 3146
186 520
300 2665
1121 4850
299 4451
1880 3101
85 4137
2399 3095
1464 2795
2506 3081
1764 4624
1680 2764
836 4304
1759 2735
3631 3696
946 1714
1116 1255
2763 2878
1121 3865
3329 4302
921 4612
986 4117
358 2130
297 2828
1023 3146
2610 3157
55 930
255 1249
934 2889
1802 4589
3081 4105
1475 4392
2384 3780
18 2358
2376 4347
1491 3694
1188 3142
611 1220
2091 4906
2091 4381
2004 4995
509 2526
4043 4645
2073 3412
1148 4634
4527 4974
1717 2655
785 4850
1702 1796
934 4505
2637 3030
3184 3361
684 2112
785 3182
739 2472
3167 4247
3857 4366
646 2763
1917 3216
1792 2112
2852 3388
343 3699
428 2574
21 1355
2223 2558
3142 3146
2000 4037
2188 2820
3618 4688
1260 2768
1464 4037
3761 4833
1571 2793
2506 4635
1023 2593
1317 1355
4259 4301
360 4540
566 2211
2114 4695
3184 4302
638 4850
970 3927
566 1482
3924 4906
2506 3142
429 4850
72 2379
1821 2206
2114 4516
1233 3397
525 3329
3761 4007
1184 1353
2224 3198
1969 3120
1425 3562
1268 4449
3182 4505
1875 2819
41 4936
2683 3614
474 3361
2100 4961
974 4709
476 2044
2114 2659
1680 3336
987 4635
21 3598
2885 4965
3940 4673
997 3614
566 3146
1482 2878
2211 2659
2389 2861
913 1243
742 2330
2557 2756
286 1350
646 3865
1047 3514
4409 4906
1680 3198
1564 1867
2189 2899
1757 1886
121 2939
2656 4007
2091 2122
546 4818
3115 3865
785 3081
671 1650
1276 4556
4271 4570
3079 4604
299 2299
504 3184
610 3269
2878 3142
1482 1584
389 1756
3924 4833
1563 4993
4283 4506
871 4005
589 733
987 2091
85 3880
2364 4757
1152 1533
2122 2768
1482 3115
2506 3115
504 4695
893 3214
785 3562
2224 4381
1792 2122
836 2756
675 2756
2869 4760
260 2072
1317 3115
1140 2087
646 3081
675 4505
1188 1464
525 3749
1530 2768
2506 2534
2114 4025
1888 2158
2197 3305
3382 4524
474 4850
2403 3545
1529 4484
2593 4833
1264 2313
627 4117
2426 2765
290 2040
2112 3115
2102 3825
1252 2728
3562 3598
2878 4413
1317 2000
2659 4413
4575 4759
6 2629
2224 3761
2114 4304
1317 3361
468 4362
1972 2698
1159 3146
2181 3382
2530 4267
2407 3081
695 1273
389 1715
1425 2557
1634 3189
3879 4037
785 2878
3597 3861
2000 2656
704 1954
2067 2552
1250 3635
1365 4816
504 4635
2792 3793
976 4659
799 4589
3142 4695
474 1464
459 3168
225 1683
1680 4409
1260 4381
818 4071
422 1362
1677 3250
1159 3361
820 2922
2756 4381
113 1964
1161 1626
2313 4428
3344 4896
871 3952
485 2189
1567 1798
1277 1777
2317 4575
1550 1800
1121 4105
1487 4726
512 1318
1715 1756
487 1614
22 2196
429 3329
872 3198
135 618
1137 1164
1188 4302
429 2407
474 2091
666 3622
3928 4773
3939 4160
1564 4409
1479 4718
2768 4516
1985 3931
139 3336
3336 4409
4124 4588
21 1425
1715 3562
836 872
2656 4360
527 4955
504 2506
130 3329
137 4908
1317 1425
3365 3679
2889 4850
389 1188
1355 2768
2807 3035
1178 4719
2000 2763
1787 2052
966 1188
788 4964
566 2091
566 2224
987 1355
60 959
1355 2659
139 474
1482 2557
785 2656
320 3248
1564 3761
1621 2701
2801 4983
4322 4850
661 2833
1368 2832
525 3336
3142 4007
1498 2811
522 3766
2594 3677
1008 1259
21 4833
3182 4906
648 4204
1108 3906
4055 4322
1715 3865
1847 3879
1988 3924
1358 3536
3182 3598
2831 4932
4055 4505
1530 1564
4302 4360
4025 4304
2806 3357
11 4253
21 1464
3865 4381
3721 3802
1792 4007
1159 1988
966 2122
2224 3562
1121 2656
3303 3448
1260 4833
389 4409
4413 4516
629 2630
4471 4710
139 3329
21 4906
836 4516
1159 2593
40 2180
1482 3182
1023 2764
3565 3768
988 4296
381 4258
1176 3897
646 4381
3455 4583
1564 3598
3879 4322
987 1867
1867 3749
391 4273
2692 2875
1035 3724
1281 2818
2557 2878
1855 4276
1584 3749
2659 4516
1121 3598
575 872
1551 2292
2851 3743
1426 3142
5 3466
2091 4413
2224 4695
3130 4427
2506 4409
300 2515
1744 4789
139 934
3164 4996
139 4516
1477 4220
3749 4850
1633 3863
2506 2557
1503 4415
1217 4109
427 2236
646 1988
1159 2114
1426 1564
1564 3198
3604 3815
1464 4105
1224 3831
1317 3640
1644 4789
646 1260
2034 3311
118 3201
1715 2756
2695 4161
525 1867
1584 3640
675 1530
2211 3142
33 1014
568 758
2795 3329
2112 4025
1648 4172
1349 1495
2878 4850
2593 4360
2916 4301
1464 4025
504 1260
1030 3124
414 3182
1646 3868
181 3672
2656 3081
429 1584
657 1299
1620 3241
1188 3182
956 1042
676 4965
566 4360
1159 2557
332 2571
4311 4435
3336 4105
2610 3357
278 2049
525 2000
2763 3598
1988 2889
1208 1224
279 2781
2214 4261
908 4599
640 3084
389 2211
1425 2795
2737 2979
1530 4413
684 4037
3329 4833
1547 2863
575 4635
950 4448
2000 3924
3940 4351
1124 4125
828 3475
4540 4589
1240 2234
2764 4505
388 4074
2208 3048
998 3261
673 4119
2122 4516
2795 4302
684 2224
2486 3569
1797 4566
474 4516
446 2565
3140 3172
461 1987
758 1095
417 3855
2702 4472
608 1755
1530 2656
133 4002
1360 1764
1767 2179
2672 4885
53 1068
966 2889
3142 3761
2103 2177
566 2763
3168 4035
803 4967
167 1630
2667 2807
262 2831
525 1530
40 1936
525 638
1482 2211
429 3146
1425 2768
525 2768
755 2910
2440 3992
504 987
1440 3754
654 3264
174 3044
767 2134
1585 3626
1015 1618
2021 2053
2112 3146
389 3184
1584 3865
1353 4851
1297 2213
4147 4947
1988 2795
1061 4461
1132 1257
638 2224
1023 1867
3077 3155
2725 4368
139 3879
1003 4928
1201 4240
2233 4399
21 4381
4734 4751
1715 2889
1783 3890
2878 3640
79 1093
234 3671
646 2091
4091 4557
2768 3198
1906 2666
1867 3146
1357 4187
3493 4913
566 4025
3948 4456
414 504
1869 2074
2827 3421
526 2405
1104 3676
3865 4635
4037 4105
4022 4173
2705 3311
161 2600
2101 4644
4371 4626
362 916
2612 4051
2002 4730
1584 2112
362 1232
1666 3722
4423 4938
429 3924
1397 1558
1589 2567
1188 1260
647 1619
1482 1988
2475 4214
835 1309
429 2122
3182 3329
1024 1045
1867 2763
1856 3013
1792 1867
1564 3182
987 3924
2736 4636
2965 4393
2091 4833
104 1375
2541 4930
474 1426
1121 4304
1867 4516
2112 3081
1464 3749
2659 3115
1847 4025
2407 3115
2465 2512
130 3142
1298 4018
3052 4793
3530 4463
640 1157
40 2698
1769 2505
1756 4105
1707 1778
575 3865
4025 4409
2122 4850
987 2593
2224 2506
326 3697
2580 2720
2631 2724
2027 3297
160 4718
1584 3115
545 1183
684 3081
1619 3116
4252 4664
414 836
2211 2506
1644 2607
2089 3358
2000 2506
37 3394
2506 4360
1260 1715
474 4037
785 1482
2150 4601
566 836
191 631
3745 4977
684 2211
1867 4322
1677 4432
3874 3898
463 2639
587 4677
1730 2133
2105 4349
130 2768
1882 3881
234 1126
1330 2905
239 3923
1252 3934
2071 3889
2892 3837
3043 4279
1355 4304
850 2723
2101 3153
1447 2999
675 1023
2543 4062
414 2506
689 1851
1153 3611
2091 2593
130 389
2763 3182
2218 2749
1447 2745
3327 4085
130 575
948 4295
21 4322
1443 2733
3785 3848
130 3146
1739 3295
934 1564
2114 2506
785 966
3212 4663
2768 4037
966 1584
1756 4055
373 3989
893 1132
761 1008
21 4055
1482 1680
785 2407
688 4231
785 1867
673 1197
1260 2795
1081 4998
785 1792
2224 4516
4105 4413
2509 3895
3361 4025
1426 3182
934 1317
130 3761
613 2334
429 1564
1462 2233
597 991
684 1530
1425 2593
3184 4360
139 2889
1988 4007
872 2407
3142 4505
504 4322
3471 3710
2656 3640
2794 3343
776 4813
504 4833
1333 2333
872 4055
4260 4952
2716 3972
429 934
474 504
2047 4214
1172 3658
1061 3238
1740 3211
259 947
3198 4505
329 1805
3115 4037
764 4643
2638 3914
2331 3762
4001 4944
2114 3361
3244 3431
1564 4505
1756 3146
684 4302
1113 4975
1490 3976
4007 4413
1680 1756
578 4095
3011 3878
2198 4700
1355 3329
1482 2506
1126 2777
1427 4791
1364 4351
987 3640
474 785
585 3846
389 1988
2795 4105
2756 4505
3298 3507
1998 2807
872 966
414 966
474 2407
2122 2763
723 2663
238 307
3563 3697
1847 3182
972 1282
3844 4370
3705 4450
2706 3927
3336 4505
259 2596
504 675
2889 3198
1158 2088
2557 3182
474 575
1792 2091
129 4377
846 2240
1988 4635
1186 3529
2656 3562
3998 4580
2122 4037
143 3527
31 4712
130 1680
3146 3361
21 966
429 3336
3 267
2804 4680
1336 4723
872 4833
4695 4906
1733 3754
1912 2742
1695 4596
3761 3865
264 4748
256 669
2796 4958
1159 4505
1648 4275
1426 4037
785 1260
1426 1792
1867 4025
517 1700
1148 4279
3008 3427
3866 4829
1625 4861
3924 4007
1482 3142
3329 3598
1464 1988
3094 4081
3864 4780
504 4007
2982 3723
2795 4635
2524 4365
525 2593
264 4672
575 1260
3562 4105
474 1260
575 1680
3925 3984
1756 2593
968 2161
1260 2224
2701 4474
3112 3742
785 4025
3100 4396
4302 4850
1810 2483
1482 4381
2768 3562
2656 4635
2202 3033
628 3325
3146 3329
389 2112
305 4782
1188 1564
2070 2863
139 4304
2976 3955
2698 3149
998 1052
373 605
2795 3562
2768 3361
1121 3184
357 3033
2022 2052
414 1792
3184 4304
1509 4909
2415 3954
1074 4573
2878 4505
811 3112
566 4409
4053 4544
81 4463
2119 2265
675 934
3261 3914
2114 3598
1387 2330
1114 1607
872 2091
1564 3336
1317 2889
872 4360
1464 3142
2557 4833
2534 3361
1260 2112
134 353
1756 2795
1988 2407
651 4146
3327 3517
429 3761
918 2444
850 1073
2263 3263
836 3598
1718 3572
2468 4941
2112 4413
1903 2929
566 1159
1464 2211
1905 3992
2156 3321
504 2000
646 684
2122 2407
1188 4409
654 2922
2056 2544
2534 4906
2653 4702
836 1464
675 4304
836 1988
646 3336
566 1530
167 2241
2211 3749
414 1121
130 638
3598 3761
1188 4007
1260 2000
987 2795
1425 1564
429 1188
2224 3142
638 4505
836 2407
3504 4012
349 1371
2112 4850
319 1763
1754 4484
21 2407
1913 3770
1253 3049
3296 4462
2768 4007
1398 1415
680 1206
1564 2091
675 836
1747 3473
2111 3987
1756 3879
13 4086
1738 2094
3108 4574
3889 4159
836 2506
1941 2493
567 4507
566 2889
1260 1756
575 2795
3182 4025
2486 2737
2224 3749
2593 4413
675 3562
1464 4635
2291 2377
1082 1672
2762 3372
1730 2151
280 3339
1023 1121
987 1023
21 646
2211 2889
3981 4533
429 3198
1756 2878
1847 4304
1784 4657
1576 3322
684 2091
2569 3433
701 887
724 2660
1023 1792
1855 3029
182 4648
389 1426
836 1530
836 3146
2557 4516
3919 4150
1988 3749
1988 4695
3749 3865
1709 3824
702 2610
1584 2224
1062 1709
2756 3640
675 4105
2534 3182
1563 1860
797 3224
3561 3829
4733 4749
912 1958
945 1643
836 2659
2094 2409
429 638
3146 3761
196 3626
934 1426
139 3598
2569 2762
1048 3422
273 4135
1680 3146
1899 3250
1584 4302
2573 4518
1689 2448
1847 3761
2659 3329
1355 1867
269 2181
250 3163
3761 4381
1322 2847
1656 1959
684 987
2489 3657
525 2506
21 1847
781 4616
3325 3614
2943 3680
3826 3837
3749 4007
1260 3336
1954 3174
2455 4642
2656 4833
596 612
2211 4304
2354 3194
785 1715
2491 4338
1426 1867
1739 3173
3730 4734
1023 4381
1163 2627
1426 4105
2506 4413
2593 3336
1530 4906
1355 3640
3361 4007
2000 4635
966 4413
1482 1564
3640 4360
1254 2185
4075 4164
934 2756
525 2407
2763 4105
1426 2878
1920 2639
794 4897
1317 2091
2407 3198
1188 2795
2795 3336
220 2918
2112 3184
130 4906
566 3182
2112 2889
2032 3110
139 4906
2189 4781
3198 4413
2081 2748
1317 2593
1247 2270
1711 2235
2112 2534
2211 4409
1355 2756
1430 3535
1464 1584
1482 4007
3329 3761
1425 4037
2379 3593
310 4044
414 4635
1951 3667
3305 4826
389 414
1237 2687
474 2211
474 966
3146 4381
2717 3878
2659 3749
177 3763
1202 2117
2659 3865
4374 4602
139 2000
836 3865
2224 4850
2015 4618
872 3562
1246 4744
684 2534
848 4428
2112 3640
872 1023
555 2812
676 4013
1396 4094
3482 3727
1867 3562
4381 4850
21 2211
1288 2505
606 4696
872 3879
566 1260
1175 2030
3640 4037
2038 2778
3879 4906
1847 3924
1584 2756
818 4818
601 873
860 2783
2040 3083
2506 3182
4413 4833
1500 3964
3562 3761
987 1988
475 1703
2764 3115
6 1008
429 4304
2114 3761
1988 3142
2736 3670
429 1023
1121 4413
2656 3865
2593 2889
1038 4696
2243 2857
2544 4407
3168 3273
1912 4715
3336 3879
2224 4833
1159 3879
1126 3720
3928 4119
684 1792
1260 2764
1391 2831
1384 4462
2114 4007
3761 4360
3218 3735
1425 4409
3355 4913
1610 4555
130 1121
42 2324
389 638
3924 4695
1355 2593
1464 4505
1530 3640
1947 3893
504 2878
4055 4409
1530 3182
2656 4037
282 1463
3115 3879
966 2534
684 3142
1464 1792
1425 4360
31 2119
151 3185
1023 1482
21 3115
1651 1909
966 4409
2593 3865
1847 4516
1416 2707
162 2084
525 3198
258 3331
2041 3828
2764 4695
3336 4037
623 3793
638 1426
2506 2659
3173 3846
515 4662
1885 2474
4069 4802
3640 4304
414 684
3142 3640
1150 4016
1756 2122
836 4409
2039 4373
566 3865
1792 2534
2122 2224
638 4695
3024 4096
924 1254
1101 1224
414 4833
2919 3056
646 4360
189 1598
1305 4712
1715 2534
2764 4516
73 3385
2656 3184
2768 4409
1188 3865
2741 4857
1153 4314
566 3142
429 3640
31 1384
3361 4302
111 2737
2821 2879
2224 4409
1768 3723
1690 2365
1426 3081
2170 4382
389 2091
3152 3317
2122 4695
125 4902
3924 4037
1807 3977
785 872
1355 3336
59 2813
3329 4007
1988 4322
16 1154
1847 4037
2889 3924
2534 2889
21 3761
1448 1834
646 785
1023 3865
853 4921
681 3392
1386 4042
139 4025
354 3934
504 2768
2607 4879
1715 4055
981 1853
54 1211
1117 3162
433 4338
429 987
2656 4322
1245 4449
2795 4025
414 3115
2375 4171
2909 4326
3176 4987
31 2720
2889 4322
748 3253
1986 2334
21 675
2534 3865
168 358
2114 2557
2686 4010
785 2557
21 836
3146 3598
21 3142
2122 2534
1355 2224
1638 4222
566 4695
675 3182
3198 3879
912 1381
21 3184
869 3517
2436 3410
1355 2764
474 1425
1023 1355
1680 2656
2503 4006
3562 4635
575 684
872 2112
3364 3988
2656 2795
2763 4833
2525 3747
2878 4302
861 2260
139 1355
1317 2534
1021 3417
2407 2878
2889 4302
3336 4007
575 2656
1584 2211
1680 3598
1893 2950
3924 4302
3178 3889
3146 4360
1464 1847
502 1986
200 4661
1534 1549
3465 4498
2659 2764
1293 4358
1482 4409
703 1607
350 2024
639 4273
1426 3184
1229 2340
285 1298
1775 1875
752 1906
1188 2593
474 1847
3215 4809
638 3924
487 3468
638 3146
2112 3562
1084 3736
2112 3329
2114 2878
117 4828
2426 4261
465 4595
2501 2669
566 2593
1260 1482
1847 4906
1767 2321
1129 3460
1847 3598
2768 4360
987 2407
1730 1957
474 2764
4007 4505
575 1847
1847 3142
3329 3562
1132 2713
1354 4573
3562 3749
1642 2545
1737 4969
756 2958
646 2764
1402 2807
217 1390
675 3761
566 1564
2273 2353
3198 3865
3236 4044
2580 4693
1673 3895
1260 3115
2878 3336
615 1937
60 2966
1756 3749
3349 3599
172 3579
488 2709
4359 4566
1680 3329
3663 3845
1069 1722
1121 2763
1355 4850
2659 2889
926 4133
2656 3182
1330 4187
290 593
1517 2259
2593 3142
101 705
1023 2407
1188 3115
139 785
646 3598
1 2798
1730 3610
575 2764
987 4037
987 2878
987 3182
948 3453
389 4833
3605 4802
2624 2632
1121 3115
855 3080
2908 2963
1823 3305
3328 3792
2060 4898
3611 3616
1756 2000
3146 4635
3329 4906
1426 1680
2478 3435
2987 4331
146 4786
504 4037
414 3146
1023 2122
3202 4555
3848 3878
2407 4007
1988 3115
3218 3446
1443 3581
1719 1878
4494 4882
1426 2659
2114 2656
4007 4381
575 4360
3001 3653
3749 4037
248 4424
166 2580
2250 4680
130 3879
429 1355
3330 4460
2112 4833
3497 4489
1813 3508
3310 4161
389 2656
4197 4481
1425 3329
3986 4908
238 3089
3146 4516
3791 4417
638 2795
2525 4454
1482 4055
1404 2972
1680 3115
414 2763
2763 4695
1159 3924
504 3146
1389 4985
1760 1981
3329 4025
1942 3787
4126 4337
21 2114
1317 1564
387 719
2795 4409
4423 4831
1939 3549
2405 2613
130 4635
525 4409
1564 3879
2838 3145
966 3361
1585 1675
2593 4007
1715 4505
3598 4304
1554 4918
389 4302
715 4367
1825 4957
308 4983
621 3901
566 4635
157 3453
244 1878
785 3115
675 4381
646 1121
2454 3733
1183 1196
1825 4969
4302 4322
872 1756
3207 4788
3115 4850
1555 2450
3255 4356
2158 3955
3103 4239
1146 3670
383 4348
2146 3059
1317 1988
2114 3336
1482 3336
139 1792
2506 3336
2989 3681
4409 4695
2889 3081
780 908
3142 4055
1096 2725
2615 3026
51 1359
2768 3142
2211 4007
518 3432
1426 3336
1760 4772
429 1425
3924 4304
925 2062
1907 3566
1564 4906
1074 1403
3336 4833
1425 4381
4302 4516
3495 4129
452 2329
1425 2224
205 405
3177 4615
2838 4232
3865 4007
1564 3924
3361 4037
1188 4381
2449 2805
3749 4105
2593 4906
139 4007
2758 2879
414 1680
2822 4911
3598 4516
1633 2207
474 4695
1676 3310
999 2803
507 1702
587 2344
2953 3456
2931 4746
566 1355
1282 2848
414 1317
1023 3115
754 936
736 2305
277 2570
3879 4850
1847 2656
575 3115
2482 4059
2626 3862
130 4413
1731 2461
2122 2795
525 4105
2763 2889
578 1910
1584 3562
877 4587
2768 3749
2122 2659
566 3562
1224 3222
638 3329
2756 3562
1509 4613
2656 3598
3178 4082
2534 4007
4053 4766
1584 3879
3184 4635
4381 4695
1355 3081
2902 4030
785 2764
2567 4058
872 2659
987 1715
1159 4381
889 3390
195 2728
1355 3761
3038 3303
2112 2656
130 1792
2756 3865
139 1260
3115 3329
102 4691
1384 3382
1331 4647
608 640
2659 3562
130 4302
2878 3562
2506 2889
2698 4463
4192 4862
1584 2768
1260 2763
1806 3421
1188 4695
638 1756
584 3276
1988 2656
2884 4116
1001 3002
1425 3182
2659 3336
3361 4409
2889 4413
2809 3311
3182 4833
1464 4413
836 1792
1303 1545
2568 4749
3115 3146
2521 3807
3198 4833
1109 4184
1847 2114
517 3808
2756 3598
1319 2720
1558 4563
1862 3801
3205 3549
956 4911
1065 1221
4355 4540
7 2968
1317 1847
1121 2659
3934 4367
2114 4055
1464 3640
1174 2720
934 2795
638 1464
3924 4360
1482 3640
874 4364
388 412
1792 2224
1715 4850
934 1867
1564 3361
1464 4516
1245 3252
3598 4381
2763 3329
1033 1413
1653 4713
1795 3424
1867 4850
1715 4906
675 2593
1700 2260
377 1592
2114 3142
343 1859
3230 3834
735 1051
1260 2659
575 4302
1324 1735
3180 4318
4105 4322
2000 2557
1807 2006
1988 2534
724 2754
2877 3134
244 4529
934 3761
1978 2212
2150 2932
178 2222
684 4695
1086 3706
455 2643
1715 2114
1633 3811
1425 4302
414 2407
1188 1715
398 4944
659 4365
1988 3184
130 4025
920 3902
1317 4037
2796 3602
2112 3198
3398 4931
515 4805
1801 4167
575 1188
233 1191
1121 1847
566 2122
1482 3865
494 2245
749 3979
206 358
912 4639
2704 3796
2635 4914
934 4906
21 987
1867 3198
689 3615
1121 4409
675 3598
2756 2768
3280 4086
2520 3741
1756 2889
3893 3961
1518 2961
1482 3761
1260 3924
130 1756
2720 3516
638 1317
286 1374
3904 4321
520 2133
21 3749
3749 3879
4053 4871
836 4105
1426 3598
414 525
3336 4360
3159 3420
3198 4635
1529 1603
1433 2962
1417 2115
1305 4580
1959 3037
76 2025
1464 2763
725 4856
602 1207
504 1715
1575 1803
358 2897
2047 4588
987 1260
2878 3865
285 818
1469 3682
2091 3146
414 4906
684 4322
1188 3879
3749 4833
1564 4302
824 2007
1530 3329
2428 3853
566 872
2112 4516
3661 4231
966 2656
525 3146
3184 4833
220 4657
2527 4574
108 1270
684 3329
984 1972
321 881
2476 2836
525 4695
2940 4918
414 1988
401 751
1535 3183
2510 4509
2114 3182
1317 4850
624 3375
671 4098
1301 4972
966 2593
2730 3179
2659 2878
1426 4304
1530 3361
389 1564
1701 2549
3598 4850
2407 3865
1482 4025
1482 3198
410 4484
4302 4695
2659 3146
3081 4381
1401 2588
987 4505
1317 3142
2763 3184
1743 4312
1380 2149
1792 4037
424 1303
1785 4665
2331 2835
2534 3184
21 2795
46 1045
55 3818
560 2823
2282 2492
2321 3939
51 1884
139 4302
3562 3640
1988 2764
3429 3615
1352 1621
1011 3971
3071 4426
2993 4389
2088 2728
1642 2055
1616 2866
836 3640
575 3640
63 366
378 3348
389 872
566 4850
2506 2593
870 2979
2688 4189
2085 4264
2392 2657
857 2153
2557 3115
1537 4872
872 1530
2020 3214
414 4322
3198 3361
183 3644
301 1600
62 3423
130 4516
285 2424
2122 2506
2763 3361
1464 1715
1355 2763
2599 4110
684 1121
2609 3520
2949 4117
480 2406
1530 4381
675 1715
2795 4505
2557 4360
684 1584
862 4523
83 3779
2593 4505
2010 2941
3895 4166
130 4695
3067 4927
414 429
525 675
1588 2574
414 646
692 709
2359 4196
1099 4070
1847 2756
933 4211
3060 3709
1188 2878
598 4961
2557 2764
3198 3761
1230 4326
1482 4105
1313 2413
1355 3198
1355 1680
2763 4055
3064 3114
2407 4025
1756 4413
872 3142
1464 1867
1827 2615
2014 2895
1756 3761
1173 1199
4114 4436
4037 4906
474 1482
4504 4973
3876 4042
2000 4413
318 373
2889 3361
2000 3761
3142 4850
2763 3924
1426 4413
2170 2220
2534 2768
2506 4055
474 646
3152 4991
2764 4360
1706 4085
1425 4516
2764 3761
638 4037
934 1159
1847 3640
2238 2952
2756 4025
3184 4505
130 1355
525 3361
2114 2534
1638 4618
1874 4044
1948 3034
284 1165
642 3634
1470 4228
2086 4821
684 4360
1688 2848
2599 4924
3709 4733
2764 3198
38 4120
1680 2000
2000 3115
638 4105
807 2368
234 3256
1715 2000
735 4800
684 4105
2091 4007
3183 4525
130 4409
1902 2402
87 4102
1768 4896
1425 1756
1362 3012
298 4856
2167 2548
100 2355
79 1778
373 3991
2756 4304
525 3865
872 2795
2112 2878
1188 4322
2878 4360
2763 4302
474 1756
533 2403
3761 4105
144 4743
966 2224
239 4080
3240 4309
2000 3198
575 966
474 1715
429 2112
1383 4714
389 1425
4105 4409
998 2302
2358 3641
4491 4841
2122 3146
139 966
4007 4025
139 4850
310 4804
675 1847
1978 2373
3081 3336
612 2240
1344 1896
2645 4156
387 759
389 474
638 4025
569 2187
179 4530
2656 2878
872 2656
1749 2863
2112 3336
1847 4381
1530 2764
2656 2756
1159 3640
429 3749
4396 4968
1159 3198
770 3960
107 3985
139 4695
770 1951
1355 1756
1715 2091
3142 3336
1068 3125
2889 3761
966 1792
684 1023
571 1712
2673 2782
2623 4876
285 4186
2091 2656
3025 3346
1188 2091
2069 2983
3640 4413
1355 1715
3885 4566
474 2112
1530 3562
474 2122
2557 2659
407 3339
1367 1835
2091 4105
2407 4105
2889 4695
646 1317
2795 3142
646 4304
216 323
943 2155
1121 4007
2506 3562
366 1466
419 1896
2407 3761
966 3336
227 2719
2000 4055
1867 2091
670 1203
3081 4413
934 3182
1530 4695
1162 2095
785 3879
2114 2768
566 646
872 2534
327 855
356 4841
3081 3640
1188 2211
402 3267
836 1159
987 1317
872 3184
222 2320
63 926
1680 4025
507 610
1511 2216
2649 3869
1680 3865
424 2823
748 2778
1680 2889
3138 4852
1023 3142
646 1530
474 2506
1317 2768
1482 2407
3895 4998
3028 4103
525 4505
1083 1142
3810 4276
1479 3426
3329 3336
646 3184
1426 4409
366 1978
2272 4135
3694 4074
4819 4930
4304 4381
3419 4944
398 656
1847 2506
650 885
3663 4473
777 1508
684 3182
987 3761
3782 3967
1426 2768
3165 4803
415 4484
3212 4403
1482 1792
130 525
1988 4360
1988 2091
429 966
1584 3146
1121 1792
1680 3184
646 3361
1530 2756
2211 4505
847 1852
414 1355
606 2301
986 4865
1564 2756
3184 4409
2795 3182
4007 4833
107 3332
3924 4055
1080 3000
4254 4367
2506 4007
525 4360
1188 1847
703 3929
1407 3447
1681 3908
3501 4041
2122 4833
1188 2889
2150 3626
1355 4025
474 4025
675 4409
2144 2268
1551 3980
488 3279
4147 4389
638 872
3865 4105
3048 3577
3336 4322
638 3598
1521 3878
1564 4850
684 4906
1426 3329
2557 3198
2000 4409
281 2027
169 1985
2902 3151
1739 1826
606 3886
452 2337
249 1562
2636 2893
1330 1811
291 1853
484 3974
620 3591
740 2046
189 3268
895 4824
882 3588
241 727
1048 4235
1867 2764
1041 2028
566 3329
1009 4519
650 2944
429 1121
3081 3598
149 3660
21 4037
21 1756
429 3562
414 1564
1302 4817
675 2211
1530 4007
2112 4007
2000 3361
3042 3759
1715 2112
465 3122
1774 4121
2085 4549
646 2656
21 2122
1159 1680
239 2539
414 2224
3865 4695
743 1385
668 4798
1464 3865
3476 4677
806 4523
389 2795
3142 3182
66 2402
1663 1901
2716 4122
1121 2768
3598 4635
3074 3277
2542 3287
1729 4001
3633 3715
2448 2505
139 638
1649 4321
420 1725
1863 3442
836 4906
684 836
1815 2380
1355 1482
3184 3879
217 3042
123 164
1564 2000
2506 4516
1023 2878
1464 4304
429 1317
3361 3640
1867 3115
684 1482
675 2763
2122 3182
993 3488
785 2756
3584 4864
684 2768
401 1967
933 3529
796 2498
638 1867
816 2836
2112 2224
414 4302
966 2795
3115 4635
604 2149
925 2933
2018 2698
812 1963
2112 2763
1482 3361
3158 4600
1121 3640
1036 4956
980 1307
1355 2000
139 4413
640 1305
504 872
2318 2591
2659 4695
1219 4125
1584 3081
1464 1756
2000 2768
3051 3300
619 3934
1159 1260
1564 3329
2211 4635
4055 4105
3198 3749
903 1993
2617 2650
1262 3019
638 4304
1617 2149
1425 4413
966 3182
2112 4505
109 2520
785 3329
81 3449
1212 4152
948 1544
429 525
3741 4036
161 613
2211 4055
1950 3966
3495 3574
2112 2506
1862 2467
3361 4055
1074 2749
836 4055
2122 4304
987 2768
836 2534
1867 2506
1317 1792
3640 4906
2889 3336
1188 3329
646 3142
3761 4635
1537 1662
2288 3093
3640 3761
504 646
525 1464
785 2593
130 1988
1233 2088
836 2768
2095 3688
979 4593
4763 4998
232 3481
2110 2379
504 1530
2452 2740
2970 3580
2517 5000
1847 2659
1584 4360
1159 2000
53 4598
3120 3670
1771 4830
646 3146
2656 3115
1023 2000
1991 3654
2764 3598
2593 4850
513 1453
1867 2659
836 3562
3170 4809
934 3640
2768 4304
815 2328
675 3640
238 1040
1817 4354
1792 3598
480 1193
1779 3881
1756 2557
1889 2286
1121 3146
1510 4961
21 1260
532 1529
474 4409
2593 3081
2763 4516
4007 4322
139 1317
3146 4409
1655 3999
2878 3598
987 4302
2446 4591
1715 2506
1191 4411
2733 3637
348 3128
1792 4381
1199 2055
2659 3142
230 4829
50 3667
3865 4025
2795 4322
2044 3292
3198 4304
1353 1432
762 1766
2401 3717
3598 4322
2000 4302
504 2091
933 4311
1464 2534
498 3703
2557 3924
3063 4653
3361 3598
2091 4025
2017 2949
2130 3982
1598 2442
2755 3312
1023 3749
2211 4302
1355 4037
474 1680
25 1753
474 4302
2156 2928
934 3329
280 4212
429 3865
3142 3198
2795 3598
790 1100
358 4991
517 3991
1639 3910
2663 3969
675 1464
3081 3361
4037 4413
1564 4516
2112 3749
1425 3640
694 3992
1541 4289
751 2040
967 4520
4381 4413
1434 4198
2361 3160
836 4381
575 2557
2506 4105
575 3749
2016 4791
429 2506
4025 4516
1804 4972
282 831
2026 4914
2764 2768
2756 4833
711 4335
2121 2628
1584 4381
1404 2650
215 1107
139 1425
1272 3971
3198 4409
2211 2756
3115 4304
26 346
2211 3879
389 4381
1023 3361
4344 4566
72 1549
3034 4363
2114 3184
419 1742
1159 2659
21 1188
745 2794
1781 3217
966 2756
1565 2812
320 323
2612 4590
1121 4833
106 755
293 3953
2889 4906
684 2000
987 2889
389 3361
836 2112
726 948
2541 3284
2149 3981
1326 4534
2978 3627
872 4025
737 2856
1792 4516
30 594
1988 2224
1708 2441
734 3988
3142 4037
2667 3245
3946 4705
4413 4850
1471 2613
2480 4199
2298 3637
2920 3478
1044 4027
1317 1584
139 3924
2184 2938
60 288
872 3336
2917 3194
4488 4544
429 2000
3217 4041
341 412
1121 2091
1870 2298
19 980
3761 4409
1545 3436
2676 4654
4037 4302
1584 4105
2000 4025
2768 3081
2795 2889
1159 3329
3626 3779
2192 4182
4040 4421
1680 3640
1637 4933
1980 4172
429 684
684 1317
1061 1799
550 2124
1895 2039
1907 4478
474 638
1339 2916
2557 2795
1789 2048
1988 3361
2506 2656
3142 3865
1464 1530
919 4701
728 1199
504 2756
1986 4372
1756 3336
393 4445
4670 4680
1867 3865
3686 3946
2091 4322
966 4695
3760 3917
1282 2854
1300 4232
2407 2534
684 3336
896 3491
575 675
4577 4627
1121 1715
504 4304
953 1995
311 534
1023 3924
798 3956
3957 4070
2319 3533
1464 1680
2099 2250
1426 2114
21 4304
63 1306
934 1584
504 3865
65 1727
3636 3936
474 2756
575 987
2599 3778
3761 4037
872 1260
1847 3361
1641 3747
4208 4626
3208 4384
2656 3361
525 2656
2112 3361
21 3336
1482 1756
1547 4834
1756 2659
1288 3895
3357 4431
521 692
575 4906
1564 1756
2836 3113
1665 2863
1971 3811
130 3198
335 1245
566 1317
1564 2557
4409 4413
2718 3564
1756 4304
2327 4858
1756 2763
2000 3182
4729 4838
1276 3482
1121 2112
575 1756
3698 4109
1156 2701
1363 3272
2287 4357
139 2764
1578 3116
2978 3291
2191 3227
3336 4635
474 675
1522 4964
2124 4694
2122 3361
2795 2878
1514 2396
2499 2829
1705 2035
2763 3749
1584 2889
2332 4344
2225 3970
648 4046
559 3000
1425 4906
575 4055
1016 3395
768 2069
4030 4656
1138 2667
675 684
3115 3640
3142 4413
2763 3146
3371 4717
1975 3214
934 4409
2878 4635
836 2889
934 4695
966 1426
3146 4322
1159 2112
2082 2791
760 2180
80 182
4058 4549
4105 4850
836 4413
414 3184
1583 4060
2822 4170
2211 2768
2534 4025
4084 4330
130 1159
72 3356
1530 3146
2091 3184
2768 4025
3598 4007
2534 4302
3361 4360
2506 3924
1464 2768
1657 3366
1530 4833
1425 1988
3312 3362
1231 3789
443 3781
2225 2462
4245 4718
2378 3944
130 4360
2701 2991
2783 3440
484 3263
179 565
3081 3182
3459 4774
2506 2768
1745 2428
3640 4695
3512 4403
130 2407
2211 2407
3694 4387
429 872
669 2859
646 3879
710 1223
1159 2764
1867 3182
1988 3879
2221 2572
130 414
139 4360
1867 3879
1464 4381
1464 3146
1194 2194
2659 3081
333 1283
1674 4838
922 1493
3562 4055
2000 3562
2112 4304
2211 4516
1234 4625
1438 3240
307 3892
152 1254
1341 2291
638 4381
1715 1847
2168 3143
4321 4990
474 3865
1584 2795
3525 3953
2957 2969
504 3640
891 3333
1988 2763
3629 4668
858 3237
1417 4894
1581 1968
4712 4897
2970 3586
4322 4695
599 3168
3041 4283
2764 3640
763 2905
474 2763
1736 2428
1867 3336
2858 4142
813 4434
872 3640
1584 4516
815 3359
2441 3270
1482 3562
1584 2557
1830 4000
325 2435
872 2114
1048 2415
1464 3182
1750 2726
1640 1793
130 2763
25 240
139 872
525 4833
1292 4550
836 2211
1426 2000
675 1426
1792 4105
2128 3554
836 2795
3329 4360
1613 1862
1516 1877
2557 4322
3236 3955
1205 3860
2764 4381
2484 3148
1792 3115
2243 3098
294 2487
272 4518
1984 2094
3749 4516
1564 3081
2323 2914
1075 4550
638 2656
699 4504
385 851
3336 4304
557 4357
675 2656
751 3193
646 1867
335 3132
684 4304
4304 4850
3031 4144
1437 1468
4505 4850
254 3472
3934 4998
732 1177
2639 2923
1549 1868
1845 4839
2844 2862
2696 3710
638 4409
1867 2768
2211 3198
104 4367
2315 2542
3157 4020
3906 4128
3495 4557
1188 1355
1160 3458
2510 3105
1184 1670
3933 4121
4652 4667
681 1589
1121 3182
646 4007
81 4465
1317 1715
1376 1596
575 1425
1023 4105
525 1260
500 4320
1756 1988
474 2889
3182 4635
1023 3598
1072 3629
1727 1864
1159 4360
4635 4833
2083 2699
833 1244
68 971
3708 4831
3562 4381
3182 4304
3198 4695
4 310
1867 2122
3930 4980
2000 4007
566 4055
615 2843
1511 3601
21 4695
3293 4939
2407 2795
1584 3361
1718 4659
3063 4251
1260 3329
2407 4413
4304 4906
934 2878
1260 4635
1635 3677
1507 2619
646 4025
1568 3150
1649 2894
2510 2664
1159 1317
1120 2590
1976 2254
2091 2224
638 2000
525 4413
1792 3361
3856 4034
3146 3198
646 2795
2274 4827
739 4664
2075 3137
429 2211
4678 4817
3142 3184
83 4485
2224 3336
280 2176
3329 3879
1792 4304
1792 3924
4281 4728
429 4322
474 2224
2756 4413
1584 3198
414 1482
1575 4078
966 3562
1106 4690
2342 3428
1429 3516
934 1988
1426 2756
2226 4928
228 4153
3867 3876
2534 2557
2534 3879
785 987
1691 4911
276 964
1188 2112
872 2763
1260 3761
785 1159
2000 4516
3000 3738
2745 4315
2224 4906
2112 3142
907 3606
13 3647
3115 3598
842 3976
90 1311
147 1190
2051 2512
376 3839
646 3640
1159 2224
2783 4572
3115 3142
21 3879
35 334
1339 3607
3115 4695
489 3881
45 2667
2112 2768
1102 2611
903 2418
873 2853
2000 2211
578 4224
88 4251
638 3640
1680 4037
1425 2878
836 4695
3182 3749
1023 4055
4055 4906
525 987
1868 2653
504 3336
139 1715
2393 2870
2122 3329
1091 2111
2459 2833
414 1867
908 2195
1847 2122
2578 3585
338 4829
3049 4945
500 583
1290 1342
4756 4801
1260 2211
21 1680
496 3638
4007 4906
1564 2768
1564 2506
496 1369
684 1988
3339 4415
480 4154
1847 4413
3761 4055
307 1070
62 2769
2656 3879
1071 3691
3539 4698
1066 4972
1212 4144
987 2656
966 3115
1134 1528
3136 4940
1121 1867
525 1756
684 3924
766 3221
2575 3966
1356 2811
1762 3656
504 2211
3291 4345
981 1147
1595 3943
1847 3146
2134 4121
973 2191
1611 4880
963 3407
3920 4148
1405 2013
3308 4440
524 3432
3336 3598
1564 3749
785 3761
934 1792
1584 2407
1847 4850
192 3715
2122 4322
504 1564
100 1587
535 4700
544 4610
1228 4574
1355 1847
872 4516
785 1425
3761 4516
675 1121
836 4007
2764 3879
987 1121
4217 4560
675 2534
414 4007
6 4064
1756 3184
2114 4322
414 2534
3555 3918
2211 2534
4105 4360
1377 3207
638 4007
360 3439
2764 4105
130 1564
684 2593
479 4331
638 4055
3472 3518
675 2889
539 3620
1188 1988
2782 4265
21 1023
110 3477
1045 1693
2534 3146
1683 3683
872 2768
504 525
183 3051
808 1858
1464 2889
1394 3767
2091 3115
2022 4492
3562 4906
1387 4902
2000 2112
1417 3179
2593 4322
3336 4516
638 2756
1847 2534
199 3461
1867 3329
1598 4773
299 1004
1564 2112
1000 3009
1042 2770
2091 4695
1254 4629
4302 4381
4360 4516
3184 4413
429 1260
254 3619
1777 4211
897 3826
2632 4376
1044 1240
4635 4695
2878 4037
2686 4451
130 1317
575 4505
239 586
1847 1988
2201 3296
1355 2114
1425 3924
1023 2659
2889 4304
399 2658
149 3503
2114 4360
743 4718
754 1723
2763 4413
934 4304
530 4169
1877 2708
3146 4906
3073 3977
605 3835
1847 3865
37 3097
684 3865
1530 3336
524 3570
4505 4906
2968 4379
1340 3631
709 3087
2557 4304
2407 2889
2593 2659
156 3295
389 1260
504 2889
1159 2211
1260 1425
130 1426
1715 3184
684 1159
566 4833
3198 3598
949 4252
785 2506
3081 3865
638 3749
3640 4105
411 813
3895 4595
566 1464
1260 1464
1195 4341
708 2742
1715 4304
1952 2142
1756 4007
414 4505
2737 4992
877 3648
800 1044
429 3182
3408 4438
1584 4695
1668 4414
3924 4322
3945 4188
1654 3383
836 3361
1435 4908
1980 2153
4837 4966
1900 3871
1248 2725
1260 3142
1317 3198
2269 2388
3021 3341
1317 3336
675 4833
1715 4695
2534 3562
1655 3884
389 836
989 3056
2481 3380
1121 3081
646 1756
1188 3749
1313 3889
864 1726
934 2659
2224 2656
2112 3598
21 130
1690 4290
3865 4037
1205 4051
1830 4003
1680 2763
139 3142
675 2506
3879 4302
16 3384
1792 2763
321 2326
2122 2211
2122 2593
2407 4505
566 1121
2521 3075
2389 3385
364 3642
1426 2122
1159 3184
1425 2756
104 2092
514 3995
2679 3066
229 2375
3236 4391
1449 2640
504 966
2878 3924
130 1867
2771 4412
3223 3666
836 2763
2210 3836
1426 3640
3761 4505
1867 4413
4304 4505
163 4664
832 1616
1253 1817
1482 3598
466 2165
646 4906
1076 1612
2255 4307
1355 2534
2413 4559
586 1660
1425 4105
3182 4302
1425 4025
1156 2934
1847 3184
3058 4140
1789 2262
2446 4987
1287 4456
1658 4324
1564 4007
2224 4007
1121 1482
139 3749
1317 2656
110 4004
1317 3081
872 987
151 152
679 3453
684 785
987 3115
4251 4494
246 3536
2889 3146
1239 2535
1867 4007
1159 2768
525 3924
638 3115
646 2768
474 3598
2878 3115
1488 1790
1585 2992
2795 4381
1728 2359
2407 4409
856 3641
717 4748
139 3081
1166 4293
1602 3391
2550 3003
1726 3821
785 1317
3749 4302
67 1156
3115 4409
1663 2362
414 474
729 3928
130 836
2756 3146
646 1680
4381 4505
3225 4696
389 2506
1023 2889
1423 1822
351 1157
331 2806
965 3472
675 3924
711 1480
399 1062
2306 2706
2797 4978
525 1792
21 4007
786 1316
3142 3749
1867 2795
1482 3879
179 3211
2506 4037
440 3537
1319 4182
1715 2593
1486 2713
3388 4024
48 2389
1023 3198
859 1628
1355 3182
779 1210
646 836
3082 3974
1715 3146
1195 2643
1792 2756
1482 4906
934 2593
1159 4304
2224 3598
4055 4850
1201 3499
21 414
2372 4714
1756 3329
3798 4119
389 3182
638 987
2721 4173
2403 2522
638 1530
1059 3495
740 1747
139 3761
130 966
1135 3864
3598 3749
4304 4833
3329 4105
1949 2310
1756 4906
1701 2552
429 2878
3411 3430
139 2795
1138 1923
1667 1692
202 4431
1023 2091
574 2580
541 1238
3141 4415
3329 4413
1006 4754
1564 4105
525 2211
386 1966
771 2545
1402 4231
966 2112
3777 4008
2506 4906
658 2848
646 3924
2402 4438
2326 2604
3303 3665
1121 1260
4304 4322
1016 2126
1584 4025
966 1464
414 2656
2229 4106
1680 4695
2091 3562
2206 4775
1984 2761
2656 4505
1317 4360
641 3260
504 934
3182 3361
1524 1931
474 3146
428 3592
830 3719
335 2068
2506 3865
2459 2884
1159 2795
498 2435
566 2659
577 3042
1735 2349
504 3361
1125 1489
3018 3654
167 1200
3081 3198
3398 3909
2112 3761
414 566
1426 1584
414 1530
2198 3590
2188 4096
1627 4928
268 1489
230 1716
1188 2224
1530 4360
1029 4003
836 4635
3809 4352
1502 2394
429 3598
462 2692
224 2138
474 987
988 2012
249 1306
675 1425
2889 4025
638 3142
646 2557
3115 4505
2000 2756
2211 4833
130 2211
987 2112
358 3351
1564 3146
1564 3865
1342 1477
3562 4302
3078 4379
1961 3725
2925 4717
590 3349
646 2889
1402 3883
1756 3865
2159 4185
2114 2795
934 4413
943 2291
287 1107
1051 2909
4105 4381
1000 3031
2889 3115
1326 2505
422 829
1572 2898
2252 3163
3832 3986
2569 3491
2822 3576
826 1903
934 2407
2000 3336
3865 4850
912 4664
414 2756
3404 3653
525 2534
3118 4462
1473 3072
568 4522
4833 4850
21 1867
2200 4487
1466 2261
1044 4723
6 4769
2245 3830
862 1230
1159 3865
1993 4602
818 2684
2137 2543
638 3336
2677 4771
2812 3668
2799 3489
3170 4512
999 2172
1530 4304
3734 4149
826 3385
3198 4322
3545 4897
53 3130
842 2781
2534 3924
3749 4055
575 2091
1602 2360
2000 4505
3009 4780
1260 2557
3142 4833
828 4161
1497 2439
3200 3919
1444 1795
2764 4025
229 1235
1986 2653
3519 4807
2241 4451
462 1179
3488 3751
1039 4023
4702 4862
2889 4409
1998 4190
262 3431
190 2040
3719 4489
2506 2764
1426 4635
836 3329
1470 4461
21 2763
3598 4025
575 3146
2091 2557
1529 3150
2557 2656
130 1425
3937 4962
1826 4859
155 4988
902 3021
2416 4483
2338 3068
836 966
684 3879
1867 4409
1426 1847
130 1530
1792 3142
1464 2656
1317 2506
1021 2097
1317 2224
2052 4213
730 4223
4205 4342
638 2593
1103 2233
2903 4581
736 1582
1703 2884
635 4847
621 2895
15 360
389 934
1458 3455
2430 3718
1484 2722
2114 3198
2596 2906
139 414
746 1614
1023 3336
2469 4395
638 2122
1464 2122
2283 2822
1658 3626
1271 2528
415 3728
4360 4850
987 4409
1680 3361
2162 3551
3562 4516
675 1792
1729 3655
2963 4130
1023 1530
934 966
1482 3924
1159 4055
638 1564
3761 4850
2506 4025
2042 3836
646 1792
4177 4652
173 2601
1188 1584
1638 4121
652 1481
4087 4835
414 675
2122 2557
3357 3375
1789 2471
791 3612
2474 3100
3146 3182
3431 4793
872 2756
3182 4413
4207 4513
847 1262
389 2000
684 2122
2753 2903
646 4505
2234 3939
566 575
684 4833
3323 4101
525 646
3405 3852
3598 4695
2064 2204
326 2229
872 4409
2122 3142
2506 4304
511 3729
2224 2407
1023 1426
966 4007
987 4360
1100 3365
4088 4772
21 2000
130 4833
3178 4848
2277 3016
21 2534
1023 1988
1300 2651
684 3598
1005 4210
458 2776
2112 2593
1559 2508
665 2193
130 4304
1858 4035
646 4413
3957 4031
2211 3182
2161 4093
1109 1155
1749 4172
412 4172
1370 2692
2763 4505
1260 4055
3115 4007
1061 4547
1564 1715
1867 2114
2801 4547
1715 3879
550 2318
737 822
429 2763
934 1121
139 4055
672 3353
696 4455
675 785
642 655
1355 2407
1260 3198
4037 4409
3924 4105
836 2593
1794 2481
934 1756
1867 2878
1653 3682
1691 2186
2611 4597
2847 3504
130 987
1260 3598
1274 2014
3159 4976
637 2748
785 1988
3538 4014
2768 4413
1756 3361
2334 3194
1023 2534
2557 4850
934 4055
1584 4322
575 785
3107 3429
1166 1180
987 2000
575 646
525 1988
3336 4025
1741 2247
696 2497
1426 4007
1453 3202
3745 4032
638 1260
2006 4406
1167 4107
836 1867
827 4985
3685 4998
530 2414
1425 2114
1159 3562
1634 4467
865 4034
403 489
73 2507
2853 3763
645 1372
1226 3767
196 939
2091 2756
990 4317
872 3182
2239 4757
1843 3177
888 4540
1192 2711
1114 1539
445 4587
751 2987
2091 2768
130 4105
462 1980
1943 2374
1564 2407
1788 2102
1811 4167
1847 4635
785 3924
3184 3598
38 751
261 2225
3360 3364
4574 4727
1570 4621
3115 4413
2764 3336
256 530
793 3813
130 1584
3211 4333
3527 4737
4055 4360
139 2534
1780 2848
4006 4010
836 987
2000 4360
2650 3035
1317 4007
4443 4691
675 3879
237 1755
1482 3081
4204 4868
429 2659
646 2122
439 3074
800 2460
2793 3898
279 2626
1909 3015
3396 4371
1809 3367
1015 4319
458 1330
2557 4413
525 2114
3119 3264
872 3761
414 1426
1958 4496
1237 4383
3329 4381
4037 4850
3628 3701
785 1847
130 934
1378 2879
1159 4025
2569 3894
40 678
993 1485
348 4122
3184 3329
3749 4409
2224 3146
1437 2935
525 3184
2940 3077
1464 1564
474 3198
2589 4924
579 1176
2341 3335
3035 3560
154 3334
1867 4381
3115 4906
2459 3236
3271 4692
966 2878
2863 4472
885 1377
3855 4895
666 1269
4306 4630
1260 2889
680 4189
2112 4635
3598 4105
429 2889
160 3492
736 4019
139 4635
3182 3865
722 3307
1344 1604
131 4205
1538 4479
966 4322
962 1126
675 4516
1121 2557
987 2756
475 4739
4302 4409
655 4132
3749 4025
340 1706
414 2659
1478 2911
1867 2656
581 2501
2112 2795
1847 2407
139 566
3361 4695
3761 4906
201 3239
1482 4037
1030 1241
12 1865
1667 2023
3135 4825
675 1159
3198 4850
675 1988
1750 1782
934 4635
2656 3142
987 2557
389 1317
525 4007
2593 4516
1655 3688
3142 3361
389 429
3895 4836
1105 4372
4589 4652
139 2091
3381 3868
1425 1680
1680 2091
566 2506
389 3761
1312 4061
2000 2091
1348 3310
3361 3879
3198 4381
1355 4833
870 1461
1298 2293
2506 2763
159 3311
414 4055
819 1611
2656 3749
1214 2793
1425 1530
1023 2768
2180 4584
1504 2348
934 4381
689 4914
2291 3881
2004 2786
987 1464
21 575
2907 2979
785 4360
1988 4105
937 1101
2789 3397
4322 4409
3837 3893
1304 4647
3408 3567
2038 2304
1345 4723
2534 3142
1715 1988
809 1339
1735 4390
2057 4703
4278 4608
785 1464
1649 4955
4007 4635
536 4886
2637 3415
1916 4817
3545 4955
575 1355
71 1846
1160 3069
3190 4151
1857 2466
3933 4538
3403 3841
1260 1564
389 4850
267 4352
957 4565
1046 3547
4373 4646
2122 2756
3879 4007
1902 2005
2487 3140
781 4840
4128 4818
3142 4302
1517 1767
21 872
987 1792
1434 2181
70 3936
2795 3115
566 1988
389 1355
963 3457
1464 2114
302 3861
515 3188
4516 4635
2112 4055
2763 2764
1188 3562
791 1869
1061 2815
21 1426
461 1056
1792 3336
1582 4987
2091 3081
802 4375
1660 4875
1317 3865
1023 4850
1655 2867
1838 3310
1553 1956
525 2756
76 3311
1680 2534
1121 4025
1121 4322
2506 4302
7 1591
305 1430
836 4360
2036 3415
1023 2795
414 1425
566 2534
2094 3900
2067 4026
4434 4519
2019 3938
1530 3865
511 3455
1426 4516
368 2874
414 3879
2878 3761
1700 3039
1847 2091
52 3983
104 3968
2443 4654
412 3971
2407 3879
575 2407
1529 3076
1464 2557
934 1464
712 730
1341 1735
1317 2795
1426 4322
367 4606
2947 4240
966 3761
837 4285
684 4381
474 2878
540 3366
2047 3210
1792 4635
21 1159
84 1155
130 3115
2878 4304
2211 4025
872 1867
1464 4850
785 1426
823 2410
1847 2211
1005 2248
2878 4516
967 4598
2337 4498
1682 4318
2624 2654
258 3377
675 2557
508 4908
1756 2114
2080 4164
1005 2234
203 4657
1992 2045
785 3146
3184 4516
3012 3609
1464 2407
2091 2112
21 2659
2827 2958
389 1847
1425 2764
1023 1584
1111 1649
302 3664
1159 4322
4327 4900
2114 3329
1660 3169
3254 3854
1988 2112
3198 3336
1159 4635
724 3385
186 4919
504 1584
752 2937
1988 4037
371 3097
1456 2203
1078 4729
1649 4487
2577 3152
3879 3924
504 1425
429 4302
1355 4906
3640 4516
504 2795
836 1317
1384 2890
2298 3414
638 836
1121 2534
1023 2112
1547 2227
675 4906
3161 4259
1035 2610
3257 3876
799 1624
1260 1355
506 2836
3405 4177
3093 3266
1715 2878
836 1260
1811 3980
474 3640
2122 4360
1005 1722
1260 4105
1840 3161
474 3336
4279 4521
2494 3154
2569 3747
139 1121
21 2506
504 1482
3182 3198
322 3016
888 3482
144 361
2211 4105
1680 2756
3231 4742
504 4360
966 1482
1867 2756
1934 2929
3924 4850
538 3565
1464 4007
180 1392
643 4526
1584 2763
764 1826
2054 4971
1751 3671
2656 4850
474 872
2764 3562
638 3182
934 2122
2362 4241
1326 1442
1564 2764
1464 3081
2534 4037
1653 4104
2548 3881
504 3115
2616 2912
3934 4666
966 3598
1434 3383
414 4850
2659 3640
2887 4625
2060 2230
836 3924
4055 4516
1425 4695
239 590
1159 2091
3524 3799
638 3879
2122 4025
2872 3659
1912 2287
2763 4906
1188 4505
566 987
1426 3865
1421 3187
684 4635
646 4833
1223 2160
2154 4255
21 1988
3182 4850
414 4304
2506 4833
78 737
1593 3829
174 1449
3216 4628
1260 3182
1603 3867
1523 3353
130 3361
2196 4218
3081 3879
554 909
3357 3733
236 4018
3081 4409
492 4555
1121 1756
711 2653
296 1473
131 4953
94 2861
3575 4229
153 4918
3183 4905
21 1121
2542 2785
953 1202
227 3614
3081 3115
779 1944
414 4105
2165 3445
575 2122
130 2114
2062 4719
1395 3057
1867 2000
1811 2818
2764 3142
1121 1317
4381 4409
2768 3329
987 4381
21 2764
77 285
646 4695
130 566
187 948
3271 4889
212 1472
3639 3768
2532 3450
242 4368
1792 4322
566 684
3171 4076
695 1154
418 2692
1584 4906
2407 2593
890 974
2224 2764
2633 4430
317 2556
1317 2407
1792 4906
919 2564
1988 4833
2557 2593
2534 2593
265 4943
48 3739
1988 4850
1317 2763
504 638
1464 3562
785 4409
2659 4055
130 1188
2506 2795
2332 3842
2003 3848
1416 2304
1633 1919
575 3924
2557 4635
1695 3787
3129 4403
429 1792
1505 1661
406 4057
23 3036
675 1188
3142 4025
2000 3146
389 3598
1425 4850
474 4381
1800 4893
2756 3336
1715 2122
1750 2971
966 2557
3146 4037
2328 3704
1181 4934
103 4155
966 4381
3115 3361
1680 4833
778 2118
1792 3879
2863 3299
3670 4897
1494 4433
738 3000
1803 3211
3716 4404
1649 3775
1355 4695
11 4117
1426 3198
872 1847
1625 4132
606 4940
4258 4647
2371 4532
2211 3924
1792 2889
41 943
1008 2948
675 2407
987 1188
1530 2506
1767 2598
226 2361
1756 2534
1121 1355
2506 3640
608 1542
2756 3184
1530 1584
4515 4759
1867 2211
934 1715
1664 3913
675 3749
4635 4906
866 2020
2298 2880
114 984
4102 4257
1988 2878
987 3336
1715 2211
675 1482
1023 1680
389 4105
3316 3325
3081 4695
2659 2795
566 638
2819 4614
2449 4170
1237 1841
4406 4607
1251 4630
504 1867
2763 2768
1201 1247
3562 4409
553 4538
602 4243
785 2534
3146 4833
3081 3142
2889 4833
130 3184
2490 3911
3331 4669
3081 4007
14 1675
1377 3345
4479 4512
1355 4413
4457 4897
4055 4302
1198 1487
21 785
3184 3865
2455 3463
4257 4774
327 1400
4037 4833
3235 4158
130 872
2593 4409
1214 3556
3924 4635
1847 4505
1023 1847
2391 4493
575 4025
787 4894
3529 3983
1260 2122
675 1260
994 2699
2889 3329
1774 2931
785 4304
2889 3142
504 4413
1090 1487
1769 4777
835 1337
684 1680
945 2473
429 3142
3434 4250
2486 3980
1260 2091
1256 1933
2659 3598
1564 1988
1847 4695
1048 2132
2768 4833
2496 3652
262 1582
21 3361
2139 3541
389 3142
2955 3042
781 4094
2659 4007
1355 2091
4121 4168
1497 2803
139 504
2174 4403
4028 4289
1023 4695
2927 4636
2462 4356
2407 3184
121 1710
785 1756
2055 4870
2208 3056
2008 4284
2000 3081
631 3204
389 2889
3182 3640
525 4304
1034 2420
130 4037
1622 4024
4147 4517
934 4037
1530 4635
2122 4055
1188 4304
2534 4360
4007 4850
1629 2654
1159 1355
2224 2763
3448 4844
3562 4037
2114 2224
248 2665
1368 3319
698 3508
675 966
332 2903
2535 3605
2764 4850
3419 4248
2224 2557
2593 3761
785 4505
130 1715
872 1355
1260 4302
458 4221
1584 4833
3115 3562
1385 1499
429 4833
1317 2764
1015 2402
1418 4083
1508 4490
3146 4105
1756 4695
2484 3615
1317 3329
2908 3248
651 2183
1417 2692
1046 2228
1482 2763
4066 4230
2001 4011
3896 3928
484 2256
504 836
525 4850
525 1584
3184 4105
197 3428
2763 4381
1471 3979
2407 2659
130 4055
1067 3613
2848 4473
1498 3435
342 556
1687 1819
2756 3924
1317 4409
3329 4055
484 1089
2091 4505
21 3182
474 1121
1584 2659
478 2604
2557 2763
2211 3562
389 3146
2122 4007
429 4007
1611 2490
883 3563
1570 4791
1482 3749
2593 2764
2091 2878
717 4996
1482 4413
1231 4361
2407 4833
646 1584
2259 2810
274 1537
3233 4964
1552 1744
139 575
429 4409
1204 2860
1756 4516
2593 4302
1282 1452
384 4027
1025 4662
1425 3198
1317 2114
3749 4360
2300 3867
872 2506
2104 4829
1159 1425
527 3712
3879 4413
836 3879
675 2795
1121 1530
566 4505
4304 4635
2883 4489
139 987
2098 2266
2224 4413
2889 3598
2534 2756
1319 1788
1535 4473
3749 4505
3184 4850
374 2551
1564 4381
234 3675
1188 1426
1576 4518
1355 2656
2756 4695
1355 2889
455 2740
3963 4847
2000 4906
4197 4917
2206 2278
645 3502
1285 2086
2346 2511
2114 3865
2122 4302
2557 2889
1335 4662
525 2122
1425 3184
2558 4903
2560 2740
261 3290
1293 2633
414 1260
3054 4582
414 3640
2138 3267
2091 3640
3598 4413
2200 2680
1302 4514
1159 3761
312 1740
4067 4440
1988 2122
1238 1822
3991 4567
139 675
575 1426
1970 4993
3773 4073
139 1988
3356 3528
2114 2211
139 4037
1426 2407
1355 2112
665 1087
3361 4413
2576 3086
1482 3329
1564 2534
414 3562
3114 3178
389 575
638 2889
2557 4695
4105 4304
1824 3074
389 4695
2122 4105
21 3640
1023 4833
1846 2291
987 2114
1680 4381
1530 3115
1530 4055
3598 3879
414 2112
2127 2175
288 747
1332 2273
3408 3755
1159 4516
1874 4685
2534 4409
2112 3879
934 1530
3275 3591
2139 2335
1301 4705
139 2656
1963 2595
1623 4237
2700 4957
1125 3851
2112 4409
311 1231
684 4007
3142 4322
2795 3761
2224 4322
3143 3211
1962 3542
2412 2438
1915 2569
3640 3924
3756 3921
1260 1317
139 2557
1260 2756
3010 3281
23 4863
1564 1847
2795 3924
3879 4055
1564 2889
858 4946
3567 3935
1530 2114
1292 1965
171 2410
638 2764
188 4858
525 1425
1847 4322
429 4906
414 2114
2223 4501
4302 4304
684 1756
3061 3293
469 2767
872 2764
1601 3306
1923 3958
1464 4322
1671 1714
1584 2656
39 4136
139 1564
193 532
2538 4202
2443 2499
3965 4578
671 4057
623 2720
1188 2656
3002 4206
1867 2557
525 1317
836 3198
2050 4967
21 429
1690 2757
2348 3039
446 782
1530 2795
232 4468
4505 4516
1260 2656
1355 4635
1263 2912
639 821
2764 4304
349 2622
632 2146
1384 4912
892 4217
987 2224
2034 3978
414 638
2756 3198
1715 3182
1837 2713
172 2109
3396 3917
4444 4720
43 3912
934 3924
298 1250
1445 1870
4516 4906
2052 3511
2116 3416
638 1121
2365 2491
1847 4007
2343 3476
1417 2479
512 3568
2189 4493
2091 2763
1680 1792
143 3224
2506 4695
199 607
4025 4833
2147 2323
1867 4635
785 2091
1355 1426
1651 3214
106 4897
1988 3182
504 1847
21 2656
1679 2561
1183 4308
2587 3151
158 218
684 3361
2091 2889
442 754
238 2896
1446 2011
2995 3327
1183 3564
1570 4401
2380 3199
1506 4717
911 4403
2224 4360
1355 4105
3350 4970
313 2063
575 1482
2122 3598
155 2824
17 3538
2172 2230
2878 3879
2795 4007
1867 3640
638 675
519 4324
2091 3879
343 2045
2078 4586
1564 2795
2234 3447
684 966
435 3575
2 275
2570 4441
3850 4696
1426 4055
2078 4535
2555 4111
3745 4312
412 3040
3640 3865
2795 3081
987 2506
281 2510
2121 3218
1632 3537
714 794
1788 4675
3375 3947
2756 2763
3231 4712
1779 4655
113 4397
954 1566
1739 2392
2224 3329
525 1355
609 2307
1998 2601
3184 3640
2120 3423
2140 2210
2693 4476
1065 2429
987 4413
836 4025
1188 4516
4132 4835
4145 4420
1680 4516
1756 4381
139 4833
1218 1999
1015 4263
2114 2593
576 2874
383 4125
1317 2557
423 4806
586 3092
874 3334
1077 4291
474 2000
1698 1955
3828 4203
872 3924
1168 3288
483 4410
575 4037
2407 3182
872 1564
139 3182
638 2768
684 2114
92 3943
987 1426
646 3761
336 3060
3074 3984
1595 3664
1379 2145
107 2989
1492 4558
1157 3017
872 3329
2407 3749
63 3406
2211 4906
646 3182
1023 4516
1183 1772
1425 2889
130 3640
1680 2659
2889 3879
2224 3640
2000 3142
1482 2764
389 525
1260 3640
56 1551
646 2224
504 2407
1624 3887
139 646
566 2407
841 4482
2211 2764
1564 4635
1377 4091
63 781
1704 3354
2107 4461
389 3198
1482 2795
389 785
2338 2443
2878 3749
1706 3716
2517 3520
1576 3460
201 3690
504 785
1379 2357
1246 4354
2924 4288
429 675
3562 4695
1867 2407
2114 3146
3318 4999
1423 4118
987 4025
2521 4808
2534 3761
2224 2534
508 1063
107 4008
517 4277
712 4469
966 3142
358 2839
2642 2706
3153 4472
1870 4657
2114 3081
474 4304
1159 1464
1767 3784
1756 2506
3288 3788
638 4516
3640 4833
2534 4635
570 3156
2578 4756
3530 4874
1762 1886
600 4297
504 4381
785 1680
2368 4946
684 2764
3365 3838
2407 3640
1143 4614
750 3604
2506 4322
3552 4542
37 4712
2865 3357
1326 4544
4528 4577
473 4868
3800 4775
3282 4212
638 2114
1482 4516
141 1006
4415 4712
2232 2562
2091 3865
2534 4322
839 3684
2756 2878
1322 3302
4614 4891
1735 4711
765 2347
1426 1530
1832 3785
2114 3879
474 3184
3959 4176
1775 2964
243 410
596 4795
586 1739
21 2768
693 3459
83 3178
1530 3198
1564 3142
1584 3329
2091 4055
3142 4360
139 2114
3146 4007
389 1867
931 3060
1425 2000
4724 4736
525 3879
1500 4282
2534 2795
1530 2112
940 1861
1755 2336
785 4695
1329 3382
1903 4904
2768 3115
2931 3096
646 4516
966 3924
575 1317
1736 4204
2112 2114
512 3311
1015 1560
2091 2211
2209 4536
934 4007
566 785
1317 2211
2020 2995
375 2279
244 3310
1586 4169
1844 2848
1460 1487
987 3598
3467 4419
3336 3640
2768 4322
649 3435
4001 4526
1797 3821
1023 4635
355 1201
1867 4906
215 4166
3865 4304
580 1890
2878 3329
1159 1584
839 2901
486 3008
1413 3273
1778 2836
3340 3618
684 2878
2601 3206
3967 4310
2221 3745
836 3142
205 4171
595 3243
1482 2593
3501 4384
934 3081
2285 3389
1804 3936
1425 3142
2593 3749
1922 4589
4020 4658
3865 3879
1847 2112
414 3749
98 4820
1839 2171
1656 2691
61 1799
529 4214
383 952
1482 2091
1989 2240
4007 4360
3329 3361
556 2876
2415 4051
1405 4010
1159 2407
3640 4635
2763 3115
504 566
3689 4784
483 3495
649 4611
793 1517
2084 4682
2878 4055
3361 4516
2424 4842
145 4715
872 1680
2763 3081
10 4662
665 4747
1312 1352
2656 4302
731 3405
2656 4409
1159 2763
4012 4426
995 3273
3906 4065
1145 2611
570 4502
2114 4833
1464 4695
2656 4695
1135 3027
960 3630
73 922
2889 3184
389 2534
1440 4650
1756 1867
2177 4448
2224 3081
2534 2656
1121 3749
675 1584
2763 4635
21 1317
646 3329
4237 4905
966 4360
924 4927
2933 4950
2011 2636
1464 2224
2478 3660
575 1530
861 1449
522 4445
3761 4025
888 2093
1398 3047
2768 3182
2057 4145
4107 4437
2116 4431
1680 2224
675 4025
1097 4386
2878 4409
2613 4532
2067 4054
2114 3924
504 2656
1121 3562
1317 4516
2878 3146
1833 2030
2322 2625
1792 3640
525 1159
3126 4086
716 1094
2086 4361
872 2593
1425 1464
1680 4413
3589 3826
2891 4860
720 4513
785 2763
2892 3133
3447 4389
575 3361
966 1756
1159 1426
3361 4381
2791 2975
1426 3115
117 1710
575 836
3642 4605
21 1482
1680 2122
2112 3924
1988 3562
1260 4025
2889 4381
1756 3142
2175 2322
4302 4413
571 3415
166 3045
1188 1317
1838 3348
372 2381
2059 2698
934 2506
3879 4695
2889 3182
1530 3184
990 3285
193 434
1872 3077
3650 3907
4385 4725
3865 4409
1680 4505
1023 3329
1355 3184
3182 3184
1779 3231
4516 4695
646 2593
684 1847
1110 2145
423 2339
1896 4250
575 4833
1792 3562
744 4553
607 1385
239 4706
4007 4304
1260 4360
130 1260
389 2768
1260 4695
1584 4055
1041 3817
389 3329
2700 3817
966 3146
1722 4107
2807 3672
2382 3102
1978 2592
1792 2114
474 3081
987 2659
836 1715
1425 3879
210 1551
2091 4037
1482 2112
804 4249
675 4695
872 3146
2135 4224
3379 3415
1468 4951
429 2091
250 4764
3329 4505
2088 2249
1715 2763
328 3890
1482 3146
481 2608
2518 4750
1121 3879
2091 3761
1188 4635
836 2557
785 3361
900 4390
2408 2750
966 1355
1117 1514
4322 4516
3336 4695
3081 3924
954 1470
457 634
21 3146
198 2400
389 4413
1867 3361
3426 3806
778 1993
1445 1694
3184 3562
2763 4360
4127 4715
1280 1351
3991 4752
1159 2756
504 3142
21 3865
1844 2900
1121 3924
3749 3924
346 1465
934 4850
2343 3707
2457 4311
2892 4089
1299 4174
2506 3598
839 2479
392 1771
3562 4007
3176 3556
429 646
379 2412
913 4196
867 4973
504 2114
1867 4505
400 4572
2756 4007
1297 4666
3466 4806
1419 4965
2109 2692
2114 4505
1988 3081
2000 4695
2191 2311
86 2164
147 3344
743 4380
781 1155
987 2763
338 3462
2114 2122
1427 3328
2659 4505
1988 4413
3709 4412
285 2945
429 785
2506 3184
1188 2764
1482 2122
4025 4037
139 4105
2768 4906
1133 2486
836 1425
1529 4819
244 4283
2112 2764
576 2645
3865 3924
1002 1913
798 3042
1425 2211
1121 4037
2795 3198
21 139
414 4516
4787 4999
2374 3464
1221 2555
1614 4421
1738 2350
4774 4815
987 1482
3677 4117
1425 1426
1027 3858
2775 3672
704 4994
872 1464
2795 3184
2674 4101
3146 3640
2407 4322
566 934
2800 4111
2506 4850
474 1530
3417 4830
1584 4409
2122 2764
449 4593
504 3598
872 1715
1355 2878
21 4505
784 4716
2495 2956
1865 2782
525 2557
414 1847
1611 2807
3905 4860
2211 4322
4309 4562
2095 3498
2593 3562
1422 2210
1483 3211
223 4662
3700 3926
785 4037
2191 2206
521 2814
1421 2041
2003 2352
1791 4712
4656 4898
1680 3562
1564 4025
863 2432
2764 4413
1026 3258
616 2956
988 4929
1005 2243
1355 3115
2768 2878
2219 4666
2519 2849
2659 3198
2000 3640
2878 4105
369 4039
74 2977
2302 4545
1355 3924
872 2122
872 4695
1704 2419
2557 4409
1772 2182
3092 4768
675 2659
1282 1929
2112 2407
3865 4360
504 2764
1811 2649
290 1559
2130 3035
1482 2224
966 1260
1792 4055
566 3336
4055 4635
1188 4833
1584 2534
181 4471
4055 4833
4409 4833
3749 4381
429 2534
646 1715
2795 4037
791 1912
895 2603
3505 4301
4007 4516
241 1410
638 2407
130 3749
1385 3312
133 3280
1988 3598
870 2813
474 4055
4386 4510
62 3752
609 3032
1127 1351
4025 4322
872 4007
3827 4428
1464 2091
2191 4244
454 2693
429 3879
3899 4557
1159 4695
1792 4833
575 2506
1703 2383
2557 3598
1564 1584
493 888
4105 4906
4360 4695
872 2878
1485 4684
785 1530
1988 3146
2768 3761
2345 4803
1 799
139 3562
1659 2652
244 3843
2768 3146
1019 3065
2772 4943
487 2153
836 4850
2764 4833
130 3924
3467 3805
1400 4239
1584 3142
836 1188
1881 4536
934 3336
685 1312
414 3336
298 3882
525 1426
4359 4890
3598 4360
17 1513
1756 3562
1786 2826
2091 2795
1893 3223
2763 3865
226 3412
474 4007
3127 4270
3184 4007
2689 4266
1339 2590
2131 4160
987 3329
575 2763
2659 4635
684 4055
2000 3879
1998 4255
3598 4409
586 1972
2779 2888
1530 3749
1530 4105
2575 4193
795 4693
1999 4571
872 3598
872 3749
1209 1708
2787 4124
1530 4322
684 872
566 1792
139 1426
4360 4833
555 1334
836 3336
892 4938
3661 4330
1740 3370
2878 3081
3153 3234
414 3198
1578 3187
987 4516
3081 3329
394 2569
1867 4105
924 1637
1715 3081
1631 3464
256 3736
1539 2209
525 3182
1260 3361
1530 2211
2433 4986
1898 2995
324 3023
2903 2957
1218 1828
1612 2967
1464 4906
966 4505
566 2756
2115 3358
4025 4505
1425 2407
872 2000
1013 4844
1530 1988
872 3361
1487 4785
1208 3185
414 1715
474 2114
1715 2659
1681 1994
646 1482
42 4794
2588 4343
2091 3361
4360 4413
582 3820
1260 3184
2788 3781
2889 4007
4651 4883
1188 4413
1188 2114
1121 2764
168 740
139 2506
21 638
2091 2534
1023 1715
528 4244
1633 1854
1426 3361
1721 4871
2516 4071
4516 4833
2194 4905
2455 4495
3598 4055
283 3895
3785 4733
4069 4673
1867 3184
1043 1092
3718 4891
675 4037
1160 4311
3804 4958
2889 4037
2046 4337
966 1715
1530 2878
525 2878
1121 2878
1820 2977
3447 3711
2114 4381
872 4381
2149 3382
935 1812
591 2255
2557 3184
107 4395
638 966
929 2854
566 1426
2509 3980
2407 2756
3213 3687
21 525
1530 4025
2122 4381
846 2207
1431 2846
2122 3761
1956 3288
3812 4158
537 4914
1755 2500
987 4055
3182 4105
2659 2756
4585 4965
582 3780
389 4055
2407 3562
1680 4007
1435 4704
4500 4855
1870 2881
1813 2169
2055 2110
474 3924
872 1121
2715 4484
3184 4322
575 1159
330 1536
582 2670
2768 3924
1640 3937
523 3608
36 1574
194 584
2122 4635
1847 4833
1792 2764
3865 4413
987 4105
2211 3865
1260 1530
675 2878
377 4251
934 1847
1530 1867
934 2557
3640 4025
161 2965
3118 4809
1715 2768
2795 4850
1464 2506
1680 4635
2795 4360
575 4409
21 474
525 2091
2764 3081
139 1680
1182 1233
1680 4322
3749 4322
4037 4505
3865 4322
1584 3182
414 2091
1260 4409
3182 4409
429 1159
89 2137
2451 3774
2122 4409
21 3562
1425 4304
1482 4304
1492 3731
934 3598
1188 3640
139 2659
563 3902
2000 2224
1494 3679
3142 3879
1327 2591
2878 3198
298 2749
3879 4381
1312 2177
1016 1467
2108 4841
389 3081
2197 2732
235 1685
2281 3613
2633 4230
4042 4145
2593 4695
278 1499
2534 4695
256 3660
675 4322
3115 3336
1855 4439
3749 4304
2170 3559
4304 4360
2858 4492
1344 3288
966 1847
1684 4594
1355 2122
2782 4610
1317 3924
57 3548
1355 3879
2111 3063
3270 5000
139 684
632 2295
801 2365
872 3115
1305 3837
638 1188
116 3354
3924 4025
700 2276
1145 2404
1310 3123
271 1511
190 365
1023 4025
1864 2468
2000 3598
2768 4850
966 2659
1023 1159
3198 4025
2114 4409
915 4623
2276 3510
1188 2763
1301 2470
646 3198
2536 3041
646 2506
675 3115
389 4304
1655 2422
442 3226
1627 3157
934 4322
966 1988
2768 4302
575 2534
578 3229
2224 2659
4360 4409
1121 2000
128 402
2000 2795
2522 4405
139 2112
872 1584
2452 2822
1159 4302
646 1426
785 4833
1680 2114
3128 3347
1223 2627
1792 3329
414 2764
1949 1991
1792 1847
1792 4413
1584 4304
2817 3373
2392 4806
191 1072
863 3143
3761 4322
1627 3369
21 4025
1470 4915
3640 4850
2014 3604
2889 4055
777 4369
1317 3182
1260 2593
2534 3198
1524 3921
1797 3042
1317 1867
2506 2878
1426 2112
723 920
3117 4395
139 1464
3146 3562
934 4360
1849 2804
1464 2000
2753 4502
3184 4055
3325 3741
1792 4695
495 798
3823 4726
2509 3526
1482 4505
504 4516
785 3184
1317 1464
684 3562
1715 2224
1988 4516
1260 2534
525 4906
934 3142
1597 2560
952 4877
1482 2656
474 4833
1426 3562
130 474
3562 3879
252 3159
684 2407
649 1267
2756 4055
1680 2795
1847 4105
3165 3219
2506 4505
4167 4552
2105 3980
221 465
130 3598
26 2369
2122 3184
2560 4528
748 1850
1031 2212
2091 2407
872 4635
3502 4796
1260 3081
2795 3879
836 4037
1944 4740
675 4850
1260 2506
1767 2597
4225 4907
3184 4695
782 2258
1715 4302
556 3083
675 1756
1159 4037
2543 2559
2678 4325
409 4531
504 1988
2878 4695
646 934
1344 2487
1441 3689
872 1988
2621 4274
2878 3182
1880 3957
1353 2405
1756 4037
2285 2784
2843 4944
1464 4360
130 2878
1023 2756
754 1874
2403 4622
684 3184
1469 2319
1482 2000
64 3706
429 504
2365 3746
1792 2211
461 2207
2374 4104
2452 2737
934 987
1680 1867
1188 2768
1680 2112
2593 2656
3014 3338
3737 4244
21 1564
836 3182
3847 4828
3879 4105
3198 4055
474 2656
805 4481
2656 4304
1711 4904
882 4948
2593 2795
1752 2203
907 2831
2763 4304
2921 4972
1260 2114
785 2768
836 1355
3352 4061
47 3347
1867 3761
1425 1847
1551 3493
2040 2445
1876 4128
4013 4790
1482 2114
3146 4850
4761 4770
1288 2196
2556 2775
2795 3361
953 2819
1121 4635
3115 3761
566 4516
3865 4302
945 2646
414 4025
1302 2825
1053 4575
451 2483
1996 3331
514 3171
365 3177
1052 1766
2656 4105
1867 2593
554 2788
130 4007
1143 2667
21 2756
1847 3336
564 1026
303 2947
1464 4409
92 4879
1867 4304
383 2979
646 2756
4413 4635
408 863
872 3865
1465 1679
2659 4381
1121 2224
389 1159
526 1106
2878 4381
1530 3924
675 2091
2114 4413
4409 4635
3110 3630
581 4911
1705 3765
3939 4602
3081 3562
175 2622
2308 2804
130 2659
10 2425
2492 4681
1792 3182
130 1847
1425 3865
1397 3189
2768 3184
443 2566
3198 4906
21 3924
966 1425
933 2061
659 2845
2236 4880
2596 4289
4987 4995
2090 3991
546 1151
414 2878
4025 4360
2237 3292
1715 3924
414 1188
2708 4005
2723 3456
3058 3818
497 558
432 3794
1605 2791
2737 3939
1584 4413
1417 4846
1271 4405
966 1121
1867 3598
1808 2653
872 2557
2040 4204
3218 4229
429 1464
2981 3713
2951 3913
3758 4219
2878 4025
2593 3115
4695 4833
1434 3997
2659 3361
344 3035
1867 3081
130 2000
1121 2889
2027 4786
1188 2506
121 1576
429 1867
525 566
1121 4906
3438 3516
284 2383
2211 3184
1235 2814
1521 4131
504 4055
1530 3879
1355 4516
53 3713
21 4850
2749 3088
4007 4409
1632 2641
1487 2872
934 3562
389 2114
3131 4476
510 4308
1425 3115
769 1037
38 4634
525 2659
1411 1939
1260 3146
3562 4850
566 4037
1546 3688
3358 3594
1368 2254
1159 1188
379 1240
785 4906
904 3220
575 2889
1847 3115
2557 3879
1655 1962
409 1384
2294 3893
3865 4833
566 4322
1102 3494
785 2889
1516 3018
705 4570
998 2913
1355 4360
429 3361
816 978
3929 4624
414 3329
1973 2426
3082 4063
389 966
2224 2756
958 1182
4572 4573
1406 1929
130 429
815 2611
1584 2114
1584 2091
1680 2211
722 1052
2112 2756
2630 3124
2091 4516
575 3184
138 2037
1988 3640
1485 3242
1836 4493
2656 4516
1847 4409
1581 4823
1426 1988
638 3865
130 3081
2837 4638
152 2731
1188 4055
1847 2878
414 3142
589 1167
1760 1873
1410 1940
1680 1988
1234 1296
1930 2584
934 1260
3157 3231
2763 3198
1680 3749
2000 3749
525 4635
1382 2443
1928 2739
566 3749
1832 3965
281 4052
2534 4833
2277 3120
2764 3184
2000 3184
429 3184
682 4079
105 4814
2211 2763
621 1603
57 4729
1523 3280
1756 4833
916 2668
3207 3939
3183 4388
934 3749
1050 1973
466 2104
1075 4541
872 4302
3865 4055
1883 3374
3263 4617
2764 4302
3359 4835
3303 4233
130 3182
675 3361
1183 1270
199 745
1988 4409
638 2112
382 1502
347 4395
4353 4472
21 4302
575 4007
2534 2659
4083 4211
789 1144
374 4920
1847 3198
2000 2889
646 4850
2656 3329
1355 1584
607 4605
1064 4395
32 128
2296 4328
3329 4304
785 1584
151 2882
1756 3924
1213 1899
3081 3749
2857 4982
566 4105
684 4516
4025 4850
1121 1564
142 2618
2123 2502
3598 4906
177 1295
2763 3562
1355 1564
414 3598
785 1564
3469 3806
759 977
2659 3879
934 3879
2123 2794
1613 1753
1425 1482
598 622
4409 4516
575 2593
2026 2395
2960 3507
1023 2656
2203 4679
2485 3231
987 1680
1803 2052
30 3908
2061 2251
1169 4249
471 3915
1426 4850
638 1159
474 1188
2407 4055
924 3035
2506 3361
566 2795
2588 3857
1530 2593
989 3880
618 1442
21 684
139 1847
138 2908
2112 4105
1222 4116
1715 3640
836 2122
1874 4150
2557 4105
566 1756
638 2534
2756 3879
4157 4573
785 3749
130 684
4037 4516
3081 3761
3028 4100
2267 2681
1921 4891
3159 3249
1188 4037
836 3761
1426 3761
927 4926
1530 2122
1188 1425
3223 4650
563 4692
2768 4055
1188 3598
2889 3865
997 3062
474 2768
3220 3350
68 1295
231 4907
371 4362
1847 2593
987 2211
1464 3761
1023 3081
3073 4797
3336 3749
3758 4194
3184 3924
3361 3749
414 4695
3336 4413
414 2593
980 3833
2655 3400
934 1425
2000 2878
3618 3732
1209 4867
3146 3336
872 1482
525 836
504 2557
2593 2768
2260 3558
504 2224
3462 4444
3182 4381
1482 3184
477 4861
3942 4473
638 2763
898 1876
3336 4906
1500 4185
3676 3703
2390 2486
3199 4816
578 3967
3410 4960
1393 2098
987 2534
575 2114
474 3749
785 2224
2244 4160
4623 4910
572 3388
1779 3932
474 3761
2756 3761
1756 4322
3146 3184
785 2211
3115 4360
718 1701
474 4105
3376 4260
2816 4751
1530 4850
3195 4373
3361 4105
1030 3956
2211 3640
1680 4304
2863 3034
29 1769
474 4906
410 1720
447 597
785 4302
1023 3640
1800 3975
1756 2756
106 1116
1426 2506
623 3012
575 4850
2889 3640
566 3115
1482 4360
1510 2399
2922 3757
1855 3725
338 3660
2091 2506
966 3329
3474 3799
933 4712
933 1320
1266 4541
304 2233
2741 3910
987 1847
575 4381
1680 3761
2985 3409
3948 4561
1425 2506
3336 4381
575 1564
981 3236
3506 4903
3329 4516
2180 3106
1920 4631
889 1008
955 1649
2346 4104
2656 4381
1188 2407
675 3329
3080 4477
4105 4635
4194 4834
2922 3955
37 1301
1584 1988
1218 1608
2593 4025
1204 2313
1464 3198
686 1098
3115 4105
130 4505
1023 3182
2978 3685
4025 4635
2130 3856
1206 4264
2889 4360
575 4304
2826 2947
148 4414
414 1023
3879 4635
414 4413
4708 4829
872 4105
1023 4322
633 2406
516 793
1960 3001
429 3115
239 1645
1792 2557
575 4322
966 4833
1443 3055
4113 4689
2406 3785
525 1023
1009 1496
1355 4007
2574 3070
474 1564
3218 4712
833 3314
429 1680
684 1260
3795 4742
2606 3228
840 1327
1015 2720
1157 3916
1466 2727
2764 4037
3142 4105
3524 3889
1355 3562
1355 3142
429 3081
1575 1763
504 1023
934 2112
2171 4470
525 3081
24 2959
33 3321
2768 3598
2534 2764
2447 3596
841 3490
3924 4409
3562 4322
3163 4182
1792 3198
414 1756
1211 2688
684 4850
4413 4505
190 4365
1464 3184
684 2656
684 3198
1680 1847
752 3922
2763 4322
429 2656
1584 1680
1426 4695
1530 1715
675 3198
1188 2557
689 4604
429 4360
4160 4965
2889 4516
1188 3924
4037 4055
918 2141
4615 4997
2606 3587
1680 4360
664 1444
1188 1792
2525 3480
1315 2253
429 2593
2461 3303
720 3269
1925 2026
2546 2732
1756 2764
966 1023
44 3126
1039 1857
1756 3182
966 1530
684 2557
1023 3562
102 1776
2889 3749
3539 3545
1597 1713
1730 2225
2211 3761
3361 3761
575 3879
1792 2795
934 2534
4407 4822
3115 3182
744 4364
575 934
2764 4322
872 2211
1965 4208
4055 4304
1517 2023
638 2506
474 2795
421 4179
2593 4105
3640 4055
623 2653
357 3525
413 4088
2407 2768
1756 4635
1792 4505
1584 1756
1876 4292
2656 4906
2759 3017
1159 1530
462 3934
3404 3915
2763 4850
6 732
474 3329
2129 3538
2557 3146
1317 4695
2480 3679
1779 3386
1746 3216
1652 2901
1561 2381
3415 4526
369 1983
1842 4964
3854 4376
849 4432
684 4413
1564 1680
817 1935
2224 4302
2557 4025
2722 4893
2234 2611
3452 3805
609 3748
486 2364
3748 4619
1294 2079
566 2112
575 3562
638 3761
389 1121
2407 3598
2756 4516
501 2635
684 4025
3640 4007
3877 4581
1121 2211
2525 3872
2303 3786
1188 1867
139 2122
1878 4214
2341 3199
316 4540
474 1792
836 2224
2407 3329
4022 4026
1579 2437
785 2795
21 1530
825 1647
1715 4635
1482 1847
1436 2569
213 380
3115 3184
1323 2473
446 3873
24 4709
1145 4143
2764 2878
575 1464
638 1680
785 3598
782 1678
1159 3336
2380 4738
2224 3182
4167 4294
4413 4906
1426 2211
1792 3749
646 2000
1317 3562
575 3198
3357 3621
120 1176
987 1425
964 1478
130 2656
1715 4413
638 1847
4665 4889
1535 1763
130 785
3329 4695
1426 2593
575 2112
102 885
1278 3092
1408 4764
865 2271
1792 4360
2621 3308
4409 4505
1863 4468
1122 2747
1317 4025
1696 4560
3115 4833
984 2689
21 2593
3081 4906
2764 3361
4661 4775
1482 4850
2815 3304
619 4269
2091 2764
4672 4782
1426 1715
1355 2795
58 3731
1260 1847
4360 4381
1355 3146
667 2071
83 4021
2112 4381
785 1188
638 646
367 2479
646 675
1464 2756
1867 3924
836 4302
148 4340
1530 2000
1606 2052
2434 4928
1369 3926
2067 4952
2534 4381
928 1271
474 3115
2310 3650
1188 3146
1847 3329
4062 4770
309 1445
675 872
2204 3084
2013 2264
31 2471
2091 3749
324 2258
1715 3329
3570 4206
3038 3949
159 1478
1426 3749
3182 4007
741 3331
575 2211
504 1159
139 1867
504 4850
1988 3336
176 1900
2398 4370
1355 4322
3115 4322
2407 2506
9 539
2073 4607
1482 2768
1643 4984
2112 4302
2480 4825
1536 2417
2921 3368
2144 2922
1123 1902
3598 4037
511 3509
1023 3879
474 525
511 3545
2407 4695
1915 4569
474 4322
3815 4798
2764 3924
675 3081
684 1464
3115 3749
389 566
4516 4850
2763 4007
2388 3003
1104 2033
1564 2878
2659 4037
2860 4707
1377 3006
3081 3146
575 2224
574 1866
2764 3182
389 2593
716 1139
785 4381
934 3361
1121 1188
600 1580
1988 2211
1756 2211
1037 2862
598 4565
3865 4516
1346 4089
2034 3293
901 2903
2764 4409
2106 3551
1792 2656
2302 3582
775 1364
365 4592
2122 2889
872 1426
1426 1756
966 2768
985 4517
2244 4450
1018 2120
1159 1792
2534 4413
3035 3328
2768 3336
1425 1584
2692 3920
1447 1800
3081 4516
1188 4850
616 1769
646 2211
174 3600
1726 2351
1175 1773
1054 2955
594 2033
2557 3142
1069 4753
3562 4304
309 1590
1584 3336
646 2407
2407 4850
836 4833
4155 4773
966 4055
166 1856
249 2199
2756 4635
889 3903
1934 3090
690 4956
3093 4395
1389 3413
2066 3922
3749 4906
1988 2756
1988 4302
389 2756
3182 3879
1023 1188
836 2000
2321 2908
3081 4302
429 4025
836 3081
1023 3184
2914 3086
474 1355
1048 4136
987 3081
504 1355
505 4124
27 4057
646 4055
1265 4297
987 4695
2114 3640
475 482
932 4854
2756 4906
3173 3387
2537 3435
474 4413
215 1661
3225 3259
966 3184
2659 3184
2411 2436
2079 3125
1526 1669
966 2764
684 2763
1496 2802
1325 2948
689 4953
414 3081
525 785
1170 3991
1188 2756
1023 4360
966 4025
260 4179
1199 2410
1047 2870
1715 4516
3374 3881
543 3530
1373 3448
3879 4025
469 856
2651 4106
934 2224
2768 4505
51 4502
2035 3602
117 3771
1796 4960
1530 4505
3761 4413
4055 4695
389 4322
1144 3251
2593 3182
1792 3761
196 3951
148 3747
1686 1703
4025 4055
879 2959
2779 4327
1814 2667
2756 3182
1490 3669
558 3677
998 1609
2905 3483
1763 3740
933 3020
872 4322
1049 2260
636 4966
1530 1756
414 1464
1121 1584
1530 2889
2000 2114
1494 3147
684 4505
504 2659
1988 2659
684 3749
2639 4854
975 1045
130 2795
763 4442
934 2114
475 3941
854 4100
1260 1584
608 1440
575 4516
966 1680
1633 2650
1847 4302
675 3146
3930 4009
368 4527
141 3694
1512 3625
646 1425
224 3765
1426 4360
4302 4833
1988 4381
3562 4025
1839 3762
1847 2795
82 1704
3182 4322
4023 4866
139 2756
2506 3329
732 1628
640 3714
739 1863
79 208
2768 3879
149 4418
1117 4236
1426 2656
75 2319
1761 3490
3761 4302
398 3231
988 1765
630 1232
2402 4242
139 2763
405 3519
2295 3164
3361 4635
1441 2094
1977 4375
525 4055
1603 2459
1972 2238
525 3640
1058 1531
3184 3761
1142 2650
1159 4833
180 3095
1159 3749
3145 3643
2407 2764
2557 4055
2878 3184
3184 3336
355 3102
176 4668
2000 4833
139 2593
2795 4695
1317 1756
2576 3656
1457 1700
2534 2763
3382 4978
911 3789
389 2224
945 2834
2211 3081
1188 4025
4024 4791
389 4516
290 2766
2835 4582
311 2386
130 3865
2942 3382
3726 4230
2649 3660
13 270
3146 4055
289 356
2136 2463
1121 1988
2877 3585
4007 4105
766 1977
1464 2659
1564 2122
1203 4097
3027 3260
3879 4505
646 1464
3178 4090
4850 4906
525 3761
575 1988
3146 4505
1037 1501
3134 4807
1564 2763
2631 4620
2547 2779
3557 4382
872 1317
638 2659
2054 3472
2659 4409
1425 3146
1756 2407
2152 4600
2763 4037
4037 4381
1715 3761
1399 4502
2058 2191
2633 3300
1974 3958
3329 4037
1159 4105
1201 3529
3093 4238
45 3833
1298 1450
2520 4712
429 836
2878 4007
2998 3600
575 3598
1310 2071
1473 3539
1023 4906
504 4906
1932 4852
989 3962
2112 4906
1435 3674
1362 1828
802 1952
130 2091
1023 1464
2179 2682
337 1861
3922 4334
2114 2889
2557 3640
130 3336
1260 2407
1171 2482
4322 4833
2593 2756
1236 4401
66 4181
2534 3115
1846 3578
836 1426
2211 2795
566 4304
3329 3640
2211 2593
966 1317
429 1756
1454 2718
575 3142
2795 4906
1528 4180
638 4302
638 4360
966 3879
1792 2768
1159 3081
1420 3272
164 3332
966 2211
664 1583
389 3865
3403 3859
3359 4003
1584 4850
1227 4495
3853 4884
4048 4742
95 4991
836 2878
458 3803
2840 3912
1102 4101
1710 4162
4322 4381
130 646
416 916
2661 3362
1317 2112
2274 2625
2112 4360
2795 3146
1159 1847
1425 3749
1121 2114
1756 4360
1260 4505
504 4025
752 1261
132 3108
127 3960
1159 4850
2659 3182
3511 3571
595 4411
3624 4531
1259 2217
2532 3748
2122 3640
255 4429
684 3640
1546 3443
785 2112
2158 4298
1188 3081
1469 4818
3146 3865
845 4283
3562 3924
3865 4505
1748 3790
2039 2090
4327 4750
3182 3761
2114 3562
504 3182
4025 4105
1260 4413
1317 1426
474 3142
2181 4452
1715 3598
4381 4516
3562 4505
1530 2557
1317 3598
4165 4941
2650 4113
2000 4304
1439 3895
646 4302
3361 4322
966 3198
2122 4505
1119 3754
511 3281
759 2996
1177 1572
4047 4386
2878 4322
646 872
2224 4025
3182 4360
836 1584
1252 3496
2407 4516
684 2756
983 3129
1464 2593
523 2278
2756 3081
4105 4505
414 4037
1525 2267
1680 2768
2847 4270
3286 4477
1121 1464
966 4105
4470 4948
3115 3924
684 1355
872 4850
4037 4360
1564 1792
1680 4055
785 4322
389 3562
389 2763
130 1482
1847 4055
1953 3961
875 4765
885 3111
852 4825
525 934
139 836
872 3081
453 4466
638 2211
4158 4664
2364 3374
638 4635
1482 4635
638 1482
3241 4338
3115 4302
136 4925
310 2512
1121 2506
1036 1347
786 4832
849 2587
3761 3924
1426 2764
2302 4475
525 2763
2656 3761
1283 4928
675 1680
1188 3198
1121 4695
560 3091
285 1506
3540 3848
2534 4516
219 4078
190 4799
916 1980
288 3759
4029 4290
2183 2429
3289 3513
139 1756
4459 4865
2456 4026
2234 4892
1659 4953
1482 2659
131 4191
2102 3802
915 2649
2768 4695
2756 2764
1584 1847
697 4860
966 4037
3198 4360
2795 3640
101 4562
2091 3142
1897 3999
1482 4302
777 4881
389 3749
4381 4833
2593 2878
2112 3865
2486 3178
3611 4944
21 1584
2763 4025
880 1322
636 2370
106 548
1260 2878
1803 2106
2795 3749
662 2132
2357 3963
2157 4664
821 1363
2000 2534
139 4409
2211 4381
1317 4381
3336 3924
1914 3642
585 3750
167 3110
2112 4037
1159 3182
1543 4500
316 2250
934 2656
1095 2550
739 2381
474 1584
87 3109
2091 4302
1696 4730
1591 2983
1960 2451
1715 1792
1159 4409
1680 2878
566 4007
2593 2763
684 3146
785 1023
2423 3393
504 2112
566 1847
3102 4564
2905 3948
2756 4850
518 1215
1426 4505
4302 4906
3054 4568
3556 4853
139 1023
3761 4695
1530 3142
1887 4810
1964 2653
2878 4906
3081 4635
370 2692
2091 2114
2771 2936
1867 4360
3775 4151
966 2000
612 3192
1159 1564
1482 2534
1752 2155
1259 3444
2924 3892
966 2506
4227 4735
966 1867
1858 4499
112 4900
769 3796
872 4413
1317 1482
1355 1792
1847 2763
757 1302
1188 1680
345 1405
4302 4635
1269 1588
3278 4609
1981 4779
456 2992
474 4505
2019 4209
2091 4360
814 1998
1412 3455
15 1333
684 934
139 2224
1979 2821
646 3115
872 4037
474 566
1355 2211
389 4505
1188 2534
285 1811
566 1425
562 3140
2253 4166
1811 4175
1792 4409
684 1188
3640 4409
638 2878
1530 2534
1464 3336
2098 2301
575 4695
2768 4105
646 4037
1425 2659
2656 2764
2588 4543
63 3895
2394 4378
389 4037
297 3485
3237 4067
2211 4850
1756 1847
675 3184
2973 4826
1188 1530
2593 4055
3424 3436
1680 4105
648 2769
1542 2729
1704 2397
481 2698
4501 4942
414 4409
23 4166
263 1394
2764 3329
47 4942
2849 4951
1360 3541
1023 4304
918 2105
566 2764
4441 4810
1499 4887
4055 4413
675 2122
1171 4813
3146 4302
768 2279
139 3640
527 3957
3879 4304
2795 3865
504 3562
2112 3182
1052 2455
366 1103
930 3952
971 1266
1482 1715
1805 2439
2557 4007
1366 4175
2248 4838
1938 4955
1584 3761
8 4074
2122 3115
1880 2746
1520 4108
1927 4970
395 2520
3149 4268
1284 4852
414 2795
1023 1756
4093 4934
646 1564
675 4635
3313 4759
987 4007
3081 4322
1216 2059
2280 2416
1715 3361
512 2940
1908 3538
136 281
1769 3365
429 2795
2764 4635
3046 3974
1425 4322
1425 1867
4381 4635
3746 4453
2945 4733
837 917
910 4063
2407 3146
2407 4381
1112 4045
1570 1904
2224 3184
1464 3329
130 504
891 3007
2091 3598
671 1288
3913 4586
3996 4580
480 2562
1425 2763
4731 4819
139 1159
2143 4546
831 3181
1384 1803
566 3640
504 1426
454 3392
429 1426
2878 3361
54 3204
3640 3749
1792 3081
2224 4635
708 4676
1680 3182
2163 3740
2000 2764
1136 2775
139 2407
2506 3198
2362 3393
3131 3254
2619 4922
414 4360
3950 4369
1570 4163
2431 3512
1567 4681
809 1519
462 2791
2053 2370
2720 4102
1464 2878
3078 3201
2562 2662
1057 3258
683 4875
987 3879
1159 2122
3797 4580
504 1792
1088 2376
2768 4635
1350 4681
1455 4763
2846 3256
1760 4415
3182 4695
1426 2763
1756 2656
1715 2795
1260 4516
4105 4516
638 4413
247 3051
2304 3092
2197 2560
339 2154
340 2231
2534 3081
4833 4906
2656 2768
846 2325
3056 4733
207 722
1792 2878
2231 4077
474 2659
1894 4788
1474 1757
883 1073
1273 4878
474 2593
1426 4833
1584 4037
665 4231
158 2303
