  0 ->   0  0  0  0  0  0  0  0  0  0  0  0  0  0  0 = 0
  1 ->   0  0  0  0  0  0  0  0  0  0  0  0  0  0  0 = 0
  2 ->   1  0  0  0  0  0  0  0  0  0  0  0  0  0  0 = 1
  3 ->   1  1  0  0  0  0  0  0  0  0  0  0  0  0  0 = 2
  4 ->   2  1  0  0  0  0  0  0  0  0  0  0  0  0  0 = 3
  5 ->   2  1  1  0  0  0  0  0  0  0  0  0  0  0  0 = 4
  6 ->   2  2  1  0  0  0  0  0  0  0  0  0  0  0  0 = 5
  7 ->   2  2  1  1  0  0  0  0  0  0  0  0  0  0  0 = 6
  8 ->   3  2  1  1  0  0  0  0  0  0  0  0  0  0  0 = 7
  9 ->   3  3  1  1  0  0  0  0  0  0  0  0  0  0  0 = 8
 10 ->   3  3  2  1  0  0  0  0  0  0  0  0  0  0  0 = 9
 11 ->   3  3  2  1  1  0  0  0  0  0  0  0  0  0  0 = 10
 12 ->   3  4  2  1  1  0  0  0  0  0  0  0  0  0  0 = 11
 13 ->   3  4  2  1  1  1  0  0  0  0  0  0  0  0  0 = 12
 14 ->   3  4  2  2  1  1  0  0  0  0  0  0  0  0  0 = 13
 15 ->   3  4  3  2  1  1  0  0  0  0  0  0  0  0  0 = 14
 16 ->   4  4  3  2  1  1  0  0  0  0  0  0  0  0  0 = 15
 17 ->   4  4  3  2  1  1  1  0  0  0  0  0  0  0  0 = 16
 18 ->   4  5  3  2  1  1  1  0  0  0  0  0  0  0  0 = 17
 19 ->   4  5  3  2  1  1  1  1  0  0  0  0  0  0  0 = 18
 20 ->   4  5  4  2  1  1  1  1  0  0  0  0  0  0  0 = 19
 21 ->   4  5  4  3  1  1  1  1  0  0  0  0  0  0  0 = 20
 22 ->   4  5  4  3  2  1  1  1  0  0  0  0  0  0  0 = 21
 23 ->   4  5  4  3  2  1  1  1  1  0  0  0  0  0  0 = 22
 24 ->   4  6  4  3  2  1  1  1  1  0  0  0  0  0  0 = 23
 25 ->   4  6  5  3  2  1  1  1  1  0  0  0  0  0  0 = 24
 26 ->   4  6  5  3  2  2  1  1  1  0  0  0  0  0  0 = 25
 27 ->   4  7  5  3  2  2  1  1  1  0  0  0  0  0  0 = 26
 28 ->   4  7  5  4  2  2  1  1  1  0  0  0  0  0  0 = 27
 29 ->   4  7  5  4  2  2  1  1  1  1  0  0  0  0  0 = 28
 30 ->   4  7  6  4  2  2  1  1  1  1  0  0  0  0  0 = 29
 31 ->   4  7  6  4  2  2  1  1  1  1  1  0  0  0  0 = 30
 32 ->   5  7  6  4  2  2  1  1  1  1  1  0  0  0  0 = 31
 33 ->   5  7  6  4  3  2  1  1  1  1  1  0  0  0  0 = 32
 34 ->   5  7  6  4  3  2  2  1  1  1  1  0  0  0  0 = 33
 35 ->   5  7  6  5  3  2  2  1  1  1  1  0  0  0  0 = 34
 36 ->   5  8  6  5  3  2  2  1  1  1  1  0  0  0  0 = 35
 37 ->   5  8  6  5  3  2  2  1  1  1  1  1  0  0  0 = 36
 38 ->   5  8  6  5  3  2  2  2  1  1  1  1  0  0  0 = 37
 39 ->   5  8  6  5  3  3  2  2  1  1  1  1  0  0  0 = 38
 40 ->   5  8  7  5  3  3  2  2  1  1  1  1  0  0  0 = 39
 41 ->   5  8  7  5  3  3  2  2  1  1  1  1  1  0  0 = 40
 42 ->   5  8  7  6  3  3  2  2  1  1  1  1  1  0  0 = 41
 43 ->   5  8  7  6  3  3  2  2  1  1  1  1  1  1  0 = 42
 44 ->   5  8  7  6  4  3  2  2  1  1  1  1  1  1  0 = 43
 45 ->   5  8  8  6  4  3  2  2  1  1  1  1  1  1  0 = 44
 46 ->   5  8  8  6  4  3  2  2  2  1  1  1  1  1  0 = 45
 47 ->   5  8  8  6  4  3  2  2  2  1  1  1  1  1  1 = 46
 48 ->   5  9  8  6  4  3  2  2  2  1  1  1  1  1  1 = 47
 49 ->   5  9  8  7  4  3  2  2  2  1  1  1  1  1  1 = 48
 50 ->   5  9  9  7  4  3  2  2  2  1  1  1  1  1  1 = 49
 51 ->   5  9  9  7  4  3  3  2  2  1  1  1  1  1  1 = 50
 52 ->   5  9  9  7  4  4  3  2  2  1  1  1  1  1  1 = 51
 53 ->   5  9  9  7  4  4  3  2  2  1  1  1  1  1  1 = 51
 54 ->   5 10  9  7  4  4  3  2  2  1  1  1  1  1  1 = 52
 55 ->   5 10  9  7  5  4  3  2  2  1  1  1  1  1  1 = 53
 56 ->   5 10  9  8  5  4  3  2  2  1  1  1  1  1  1 = 54
 57 ->   5 10  9  8  5  4  3  3  2  1  1  1  1  1  1 = 55
 58 ->   5 10  9  8  5  4  3  3  2  2  1  1  1  1  1 = 56
 59 ->   5 10  9  8  5  4  3  3  2  2  1  1  1  1  1 = 56
 60 ->   5 10 10  8  5  4  3  3  2  2  1  1  1  1  1 = 57
 61 ->   5 10 10  8  5  4  3  3  2  2  1  1  1  1  1 = 57
 62 ->   5 10 10  8  5  4  3  3  2  2  2  1  1  1  1 = 58
 63 ->   5 10 10  9  5  4  3  3  2  2  2  1  1  1  1 = 59
 64 ->   6 10 10  9  5  4  3  3  2  2  2  1  1  1  1 = 60
 65 ->   6 10 10  9  5  5  3  3  2  2  2  1  1  1  1 = 61
 66 ->   6 10 10  9  6  5  3  3  2  2  2  1  1  1  1 = 62
 67 ->   6 10 10  9  6  5  3  3  2  2  2  1  1  1  1 = 62
 68 ->   6 10 10  9  6  5  4  3  2  2  2  1  1  1  1 = 63
 69 ->   6 10 10  9  6  5  4  3  3  2  2  1  1  1  1 = 64
 70 ->   6 10 10 10  6  5  4  3  3  2  2  1  1  1  1 = 65
 71 ->   6 10 10 10  6  5  4  3  3  2  2  1  1  1  1 = 65
 72 ->   6 11 10 10  6  5  4  3  3  2  2  1  1  1  1 = 66
 73 ->   6 11 10 10  6  5  4  3  3  2  2  1  1  1  1 = 66
 74 ->   6 11 10 10  6  5  4  3  3  2  2  2  1  1  1 = 67
 75 ->   6 11 11 10  6  5  4  3  3  2  2  2  1  1  1 = 68
 76 ->   6 11 11 10  6  5  4  4  3  2  2  2  1  1  1 = 69
 77 ->   6 11 11 10  7  5  4  4  3  2  2  2  1  1  1 = 70
 78 ->   6 11 11 10  7  6  4  4  3  2  2  2  1  1  1 = 71
 79 ->   6 11 11 10  7  6  4  4  3  2  2  2  1  1  1 = 71
 80 ->   6 11 12 10  7  6  4  4  3  2  2  2  1  1  1 = 72
 81 ->   6 12 12 10  7  6  4  4  3  2  2  2  1  1  1 = 73
 82 ->   6 12 12 10  7  6  4  4  3  2  2  2  2  1  1 = 74
 83 ->   6 12 12 10  7  6  4  4  3  2  2  2  2  1  1 = 74
 84 ->   6 12 12 11  7  6  4  4  3  2  2  2  2  1  1 = 75
 85 ->   6 12 12 11  7  6  5  4  3  2  2  2  2  1  1 = 76
 86 ->   6 12 12 11  7  6  5  4  3  2  2  2  2  2  1 = 77
 87 ->   6 12 12 11  7  6  5  4  3  3  2  2  2  2  1 = 78
 88 ->   6 12 12 11  8  6  5  4  3  3  2  2  2  2  1 = 79
 89 ->   6 12 12 11  8  6  5  4  3  3  2  2  2  2  1 = 79
 90 ->   6 12 13 11  8  6  5  4  3  3  2  2  2  2  1 = 80
 91 ->   6 12 13 11  8  7  5  4  3  3  2  2  2  2  1 = 81
 92 ->   6 12 13 11  8  7  5  4  4  3  2  2  2  2  1 = 82
 93 ->   6 12 13 11  8  7  5  4  4  3  3  2  2  2  1 = 83
 94 ->   6 12 13 11  8  7  5  4  4  3  3  2  2  2  2 = 84
 95 ->   6 12 13 11  8  7  5  5  4  3  3  2  2  2  2 = 85
 96 ->   6 13 13 11  8  7  5  5  4  3  3  2  2  2  2 = 86
 97 ->   6 13 13 11  8  7  5  5  4  3  3  2  2  2  2 = 86
 98 ->   6 13 13 12  8  7  5  5  4  3  3  2  2  2  2 = 87
 99 ->   6 13 13 12  9  7  5  5  4  3  3  2  2  2  2 = 88
100 ->   6 13 14 12  9  7  5  5  4  3  3  2  2  2  2 = 89
101 ->   6 13 14 12  9  7  5  5  4  3  3  2  2  2  2 = 89
102 ->   6 13 14 12  9  7  6  5  4  3  3  2  2  2  2 = 90
103 ->   6 13 14 12  9  7  6  5  4  3  3  2  2  2  2 = 90
104 ->   6 13 14 12  9  8  6  5  4  3  3  2  2  2  2 = 91
105 ->   6 13 14 13  9  8  6  5  4  3  3  2  2  2  2 = 92
106 ->   6 13 14 13  9  8  6  5  4  3  3  2  2  2  2 = 92
107 ->   6 13 14 13  9  8  6  5  4  3  3  2  2  2  2 = 92
108 ->   6 14 14 13  9  8  6  5  4  3  3  2  2  2  2 = 93
109 ->   6 14 14 13  9  8  6  5  4  3  3  2  2  2  2 = 93
110 ->   6 14 14 13 10  8  6  5  4  3  3  2  2  2  2 = 94
111 ->   6 14 14 13 10  8  6  5  4  3  3  3  2  2  2 = 95
112 ->   6 14 14 14 10  8  6  5  4  3  3  3  2  2  2 = 96
113 ->   6 14 14 14 10  8  6  5  4  3  3  3  2  2  2 = 96
114 ->   6 14 14 14 10  8  6  6  4  3  3  3  2  2  2 = 97
115 ->   6 14 14 14 10  8  6  6  5  3  3  3  2  2  2 = 98
116 ->   6 14 14 14 10  8  6  6  5  4  3  3  2  2  2 = 99
117 ->   6 14 14 14 10  9  6  6  5  4  3  3  2  2  2 = 100
118 ->   6 14 14 14 10  9  6  6  5  4  3  3  2  2  2 = 100
119 ->   6 14 14 14 10  9  7  6  5  4  3  3  2  2  2 = 101
120 ->   6 14 15 14 10  9  7  6  5  4  3  3  2  2  2 = 102
121 ->   6 14 15 14 11  9  7  6  5  4  3  3  2  2  2 = 103
122 ->   6 14 15 14 11  9  7  6  5  4  3  3  2  2  2 = 103
123 ->   6 14 15 14 11  9  7  6  5  4  3  3  3  2  2 = 104
124 ->   6 14 15 14 11  9  7  6  5  4  4  3  3  2  2 = 105
125 ->   6 14 16 14 11  9  7  6  5  4  4  3  3  2  2 = 106
126 ->   6 14 16 15 11  9  7  6  5  4  4  3  3  2  2 = 107
127 ->   6 14 16 15 11  9  7  6  5  4  4  3  3  2  2 = 107
128 ->   7 14 16 15 11  9  7  6  5  4  4  3  3  2  2 = 108
129 ->   7 14 16 15 11  9  7  6  5  4  4  3  3  3  2 = 109
130 ->   7 14 16 15 11 10  7  6  5  4  4  3  3  3  2 = 110
131 ->   7 14 16 15 11 10  7  6  5  4  4  3  3  3  2 = 110
132 ->   7 14 16 15 12 10  7  6  5  4  4  3  3  3  2 = 111
133 ->   7 14 16 15 12 10  7  7  5  4  4  3  3  3  2 = 112
134 ->   7 14 16 15 12 10  7  7  5  4  4  3  3  3  2 = 112
135 ->   7 14 17 15 12 10  7  7  5  4  4  3  3  3  2 = 113
136 ->   7 14 17 15 12 10  8  7  5  4  4  3  3  3  2 = 114
137 ->   7 14 17 15 12 10  8  7  5  4  4  3  3  3  2 = 114
138 ->   7 14 17 15 12 10  8  7  6  4  4  3  3  3  2 = 115
139 ->   7 14 17 15 12 10  8  7  6  4  4  3  3  3  2 = 115
140 ->   7 14 17 16 12 10  8  7  6  4  4  3  3  3  2 = 116
141 ->   7 14 17 16 12 10  8  7  6  4  4  3  3  3  3 = 117
142 ->   7 14 17 16 12 10  8  7  6  4  4  3  3  3  3 = 117
143 ->   7 14 17 16 12 11  8  7  6  4  4  3  3  3  3 = 118
144 ->   7 15 17 16 12 11  8  7  6  4  4  3  3  3  3 = 119
145 ->   7 15 17 16 12 11  8  7  6  5  4  3  3  3  3 = 120
146 ->   7 15 17 16 12 11  8  7  6  5  4  3  3  3  3 = 120
147 ->   7 15 17 17 12 11  8  7  6  5  4  3  3  3  3 = 121
148 ->   7 15 17 17 12 11  8  7  6  5  4  4  3  3  3 = 122
149 ->   7 15 17 17 12 11  8  7  6  5  4  4  3  3  3 = 122
150 ->   7 15 18 17 12 11  8  7  6  5  4  4  3  3  3 = 123
151 ->   7 15 18 17 12 11  8  7  6  5  4  4  3  3  3 = 123
152 ->   7 15 18 17 12 11  8  8  6  5  4  4  3  3  3 = 124
153 ->   7 15 18 17 12 11  9  8  6  5  4  4  3  3  3 = 125
154 ->   7 15 18 17 13 11  9  8  6  5  4  4  3  3  3 = 126
155 ->   7 15 18 17 13 11  9  8  6  5  5  4  3  3  3 = 127
156 ->   7 15 18 17 13 12  9  8  6  5  5  4  3  3  3 = 128
157 ->   7 15 18 17 13 12  9  8  6  5  5  4  3  3  3 = 128
158 ->   7 15 18 17 13 12  9  8  6  5  5  4  3  3  3 = 128
159 ->   7 15 18 17 13 12  9  8  6  5  5  4  3  3  3 = 128
160 ->   7 15 19 17 13 12  9  8  6  5  5  4  3  3  3 = 129
161 ->   7 15 19 17 13 12  9  8  7  5  5  4  3  3  3 = 130
162 ->   7 16 19 17 13 12  9  8  7  5  5  4  3  3  3 = 131
163 ->   7 16 19 17 13 12  9  8  7  5  5  4  3  3  3 = 131
164 ->   7 16 19 17 13 12  9  8  7  5  5  4  4  3  3 = 132
165 ->   7 16 19 17 14 12  9  8  7  5  5  4  4  3  3 = 133
166 ->   7 16 19 17 14 12  9  8  7  5  5  4  4  3  3 = 133
167 ->   7 16 19 17 14 12  9  8  7  5  5  4  4  3  3 = 133
168 ->   7 16 19 18 14 12  9  8  7  5  5  4  4  3  3 = 134
169 ->   7 16 19 18 14 13  9  8  7  5  5  4  4  3  3 = 135
170 ->   7 16 19 18 14 13 10  8  7  5  5  4  4  3  3 = 136
171 ->   7 16 19 18 14 13 10  9  7  5  5  4  4  3  3 = 137
172 ->   7 16 19 18 14 13 10  9  7  5  5  4  4  4  3 = 138
173 ->   7 16 19 18 14 13 10  9  7  5  5  4  4  4  3 = 138
174 ->   7 16 19 18 14 13 10  9  7  6  5  4  4  4  3 = 139
175 ->   7 16 19 19 14 13 10  9  7  6  5  4  4  4  3 = 140
176 ->   7 16 19 19 15 13 10  9  7  6  5  4  4  4  3 = 141
177 ->   7 16 19 19 15 13 10  9  7  6  5  4  4  4  3 = 141
178 ->   7 16 19 19 15 13 10  9  7  6  5  4  4  4  3 = 141
179 ->   7 16 19 19 15 13 10  9  7  6  5  4  4  4  3 = 141
180 ->   7 16 20 19 15 13 10  9  7  6  5  4  4  4  3 = 142
181 ->   7 16 20 19 15 13 10  9  7  6  5  4  4  4  3 = 142
182 ->   7 16 20 19 15 14 10  9  7  6  5  4  4  4  3 = 143
183 ->   7 16 20 19 15 14 10  9  7  6  5  4  4  4  3 = 143
184 ->   7 16 20 19 15 14 10  9  8  6  5  4  4  4  3 = 144
185 ->   7 16 20 19 15 14 10  9  8  6  5  5  4  4  3 = 145
186 ->   7 16 20 19 15 14 10  9  8  6  6  5  4  4  3 = 146
187 ->   7 16 20 19 15 14 11  9  8  6  6  5  4  4  3 = 147
188 ->   7 16 20 19 15 14 11  9  8  6  6  5  4  4  4 = 148
189 ->   7 16 20 20 15 14 11  9  8  6  6  5  4  4  4 = 149
190 ->   7 16 20 20 15 14 11 10  8  6  6  5  4  4  4 = 150
191 ->   7 16 20 20 15 14 11 10  8  6  6  5  4  4  4 = 150
192 ->   7 17 20 20 15 14 11 10  8  6  6  5  4  4  4 = 151
193 ->   7 17 20 20 15 14 11 10  8  6  6  5  4  4  4 = 151
194 ->   7 17 20 20 15 14 11 10  8  6  6  5  4  4  4 = 151
195 ->   7 17 20 20 15 15 11 10  8  6  6  5  4  4  4 = 152
196 ->   7 17 20 21 15 15 11 10  8  6  6  5  4  4  4 = 153
197 ->   7 17 20 21 15 15 11 10  8  6  6  5  4  4  4 = 153
198 ->   7 17 20 21 16 15 11 10  8  6  6  5  4  4  4 = 154
199 ->   7 17 20 21 16 15 11 10  8  6  6  5  4  4  4 = 154
200 ->   7 17 21 21 16 15 11 10  8  6  6  5  4  4  4 = 155
201 ->   7 17 21 21 16 15 11 10  8  6  6  5  4  4  4 = 155
202 ->   7 17 21 21 16 15 11 10  8  6  6  5  4  4  4 = 155
203 ->   7 17 21 21 16 15 11 10  8  7  6  5  4  4  4 = 156
204 ->   7 17 21 21 16 15 12 10  8  7  6  5  4  4  4 = 157
205 ->   7 17 21 21 16 15 12 10  8  7  6  5  5  4  4 = 158
206 ->   7 17 21 21 16 15 12 10  8  7  6  5  5  4  4 = 158
207 ->   7 17 21 21 16 15 12 10  9  7  6  5  5  4  4 = 159
208 ->   7 17 21 21 16 16 12 10  9  7  6  5  5  4  4 = 160
209 ->   7 17 21 21 16 16 12 11  9  7  6  5  5  4  4 = 161
210 ->   7 17 21 22 16 16 12 11  9  7  6  5  5  4  4 = 162
211 ->   7 17 21 22 16 16 12 11  9  7  6  5  5  4  4 = 162
212 ->   7 17 21 22 16 16 12 11  9  7  6  5  5  4  4 = 162
213 ->   7 17 21 22 16 16 12 11  9  7  6  5  5  4  4 = 162
214 ->   7 17 21 22 16 16 12 11  9  7  6  5  5  4  4 = 162
215 ->   7 17 21 22 16 16 12 11  9  7  6  5  5  5  4 = 163
216 ->   7 18 21 22 16 16 12 11  9  7  6  5  5  5  4 = 164
217 ->   7 18 21 22 16 16 12 11  9  7  7  5  5  5  4 = 165
218 ->   7 18 21 22 16 16 12 11  9  7  7  5  5  5  4 = 165
219 ->   7 18 21 22 16 16 12 11  9  7  7  5  5  5  4 = 165
220 ->   7 18 21 22 17 16 12 11  9  7  7  5  5  5  4 = 166
221 ->   7 18 21 22 17 16 13 11  9  7  7  5  5  5  4 = 167
222 ->   7 18 21 22 17 16 13 11  9  7  7  6  5  5  4 = 168
223 ->   7 18 21 22 17 16 13 11  9  7  7  6  5  5  4 = 168
224 ->   7 18 21 23 17 16 13 11  9  7  7  6  5  5  4 = 169
225 ->   7 18 22 23 17 16 13 11  9  7  7  6  5  5  4 = 170
226 ->   7 18 22 23 17 16 13 11  9  7  7  6  5  5  4 = 170
227 ->   7 18 22 23 17 16 13 11  9  7  7  6  5  5  4 = 170
228 ->   7 18 22 23 17 16 13 12  9  7  7  6  5  5  4 = 171
229 ->   7 18 22 23 17 16 13 12  9  7  7  6  5  5  4 = 171
230 ->   7 18 22 23 17 16 13 12 10  7  7  6  5  5  4 = 172
231 ->   7 18 22 23 18 16 13 12 10  7  7  6  5  5  4 = 173
232 ->   7 18 22 23 18 16 13 12 10  8  7  6  5  5  4 = 174
233 ->   7 18 22 23 18 16 13 12 10  8  7  6  5  5  4 = 174
234 ->   7 18 22 23 18 17 13 12 10  8  7  6  5  5  4 = 175
235 ->   7 18 22 23 18 17 13 12 10  8  7  6  5  5  5 = 176
236 ->   7 18 22 23 18 17 13 12 10  8  7  6  5  5  5 = 176
237 ->   7 18 22 23 18 17 13 12 10  8  7  6  5  5  5 = 176
238 ->   7 18 22 23 18 17 14 12 10  8  7  6  5  5  5 = 177
239 ->   7 18 22 23 18 17 14 12 10  8  7  6  5  5  5 = 177
240 ->   7 18 23 23 18 17 14 12 10  8  7  6  5  5  5 = 178
241 ->   7 18 23 23 18 17 14 12 10  8  7  6  5  5  5 = 178
242 ->   7 18 23 23 19 17 14 12 10  8  7  6  5  5  5 = 179
243 ->   7 19 23 23 19 17 14 12 10  8  7  6  5  5  5 = 180
244 ->   7 19 23 23 19 17 14 12 10  8  7  6  5  5  5 = 180
245 ->   7 19 23 24 19 17 14 12 10  8  7  6  5  5  5 = 181
246 ->   7 19 23 24 19 17 14 12 10  8  7  6  6  5  5 = 182
247 ->   7 19 23 24 19 17 14 13 10  8  7  6  6  5  5 = 183
248 ->   7 19 23 24 19 17 14 13 10  8  8  6  6  5  5 = 184
249 ->   7 19 23 24 19 17 14 13 10  8  8  6  6  5  5 = 184
250 ->   7 19 24 24 19 17 14 13 10  8  8  6  6  5  5 = 185
251 ->   7 19 24 24 19 17 14 13 10  8  8  6  6  5  5 = 185
252 ->   7 19 24 25 19 17 14 13 10  8  8  6  6  5  5 = 186
253 ->   7 19 24 25 19 17 14 13 11  8  8  6  6  5  5 = 187
254 ->   7 19 24 25 19 17 14 13 11  8  8  6  6  5  5 = 187
255 ->   7 19 24 25 19 17 15 13 11  8  8  6  6  5  5 = 188
256 ->   8 19 24 25 19 17 15 13 11  8  8  6  6  5  5 = 189
257 ->   8 19 24 25 19 17 15 13 11  8  8  6  6  5  5 = 189
258 ->   8 19 24 25 19 17 15 13 11  8  8  6  6  6  5 = 190
259 ->   8 19 24 25 19 17 15 13 11  8  8  7  6  6  5 = 191
260 ->   8 19 24 25 19 18 15 13 11  8  8  7  6  6  5 = 192
261 ->   8 19 24 25 19 18 15 13 11  9  8  7  6  6  5 = 193
262 ->   8 19 24 25 19 18 15 13 11  9  8  7  6  6  5 = 193
263 ->   8 19 24 25 19 18 15 13 11  9  8  7  6  6  5 = 193
264 ->   8 19 24 25 20 18 15 13 11  9  8  7  6  6  5 = 194
265 ->   8 19 24 25 20 18 15 13 11  9  8  7  6  6  5 = 194
266 ->   8 19 24 25 20 18 15 14 11  9  8  7  6  6  5 = 195
267 ->   8 19 24 25 20 18 15 14 11  9  8  7  6  6  5 = 195
268 ->   8 19 24 25 20 18 15 14 11  9  8  7  6  6  5 = 195
269 ->   8 19 24 25 20 18 15 14 11  9  8  7  6  6  5 = 195
270 ->   8 19 25 25 20 18 15 14 11  9  8  7  6  6  5 = 196
271 ->   8 19 25 25 20 18 15 14 11  9  8  7  6  6  5 = 196
272 ->   8 19 25 25 20 18 16 14 11  9  8  7  6  6  5 = 197
273 ->   8 19 25 25 20 19 16 14 11  9  8  7  6  6  5 = 198
274 ->   8 19 25 25 20 19 16 14 11  9  8  7  6  6  5 = 198
275 ->   8 19 25 25 21 19 16 14 11  9  8  7  6  6  5 = 199
276 ->   8 19 25 25 21 19 16 14 12  9  8  7  6  6  5 = 200
277 ->   8 19 25 25 21 19 16 14 12  9  8  7  6  6  5 = 200
278 ->   8 19 25 25 21 19 16 14 12  9  8  7  6  6  5 = 200
279 ->   8 19 25 25 21 19 16 14 12  9  9  7  6  6  5 = 201
280 ->   8 19 25 26 21 19 16 14 12  9  9  7  6  6  5 = 202
281 ->   8 19 25 26 21 19 16 14 12  9  9  7  6  6  5 = 202
282 ->   8 19 25 26 21 19 16 14 12  9  9  7  6  6  6 = 203
283 ->   8 19 25 26 21 19 16 14 12  9  9  7  6  6  6 = 203
284 ->   8 19 25 26 21 19 16 14 12  9  9  7  6  6  6 = 203
285 ->   8 19 25 26 21 19 16 15 12  9  9  7  6  6  6 = 204
286 ->   8 19 25 26 21 20 16 15 12  9  9  7  6  6  6 = 205
287 ->   8 19 25 26 21 20 16 15 12  9  9  7  7  6  6 = 206
288 ->   8 20 25 26 21 20 16 15 12  9  9  7  7  6  6 = 207
289 ->   8 20 25 26 21 20 17 15 12  9  9  7  7  6  6 = 208
290 ->   8 20 25 26 21 20 17 15 12 10  9  7  7  6  6 = 209
291 ->   8 20 25 26 21 20 17 15 12 10  9  7  7  6  6 = 209
292 ->   8 20 25 26 21 20 17 15 12 10  9  7  7  6  6 = 209
293 ->   8 20 25 26 21 20 17 15 12 10  9  7  7  6  6 = 209
294 ->   8 20 25 27 21 20 17 15 12 10  9  7  7  6  6 = 210
295 ->   8 20 25 27 21 20 17 15 12 10  9  7  7  6  6 = 210
296 ->   8 20 25 27 21 20 17 15 12 10  9  8  7  6  6 = 211
297 ->   8 20 25 27 22 20 17 15 12 10  9  8  7  6  6 = 212
298 ->   8 20 25 27 22 20 17 15 12 10  9  8  7  6  6 = 212
299 ->   8 20 25 27 22 20 17 15 13 10  9  8  7  6  6 = 213
300 ->   8 20 26 27 22 20 17 15 13 10  9  8  7  6  6 = 214
