100 500 3
1 9 574
1 11 907
1 18 924
1 14 652
1 21 900
1 14 456
1 12 997
2 10 174
2 15 872
2 22 658
2 13 621
2 10 72
2 13 198
2 15 153
2 21 922
2 7 749
2 21 469
2 18 154
2 12 13
3 12 667
3 9 560
3 4 949
3 22 829
3 14 758
4 23 952
4 21 126
4 18 498
4 22 299
4 20 552
5 17 431
5 14 978
5 24 749
5 24 135
5 8 485
5 13 87
5 17 51
6 13 201
6 23 223
6 12 791
6 9 424
6 26 998
6 24 186
6 14 658
7 8 786
7 18 410
7 16 615
8 9 952
8 21 44
8 17 404
9 12 555
9 10 433
9 17 476
9 13 39
9 28 54
10 18 803
10 25 909
10 29 108
10 28 157
10 25 615
10 29 526
11 22 942
11 25 688
11 16 372
11 21 73
11 18 172
12 14 813
12 18 18
12 28 717
12 14 890
12 31 707
12 29 769
12 24 53
12 24 977
13 24 312
13 29 96
13 23 150
14 31 146
14 17 195
14 28 750
14 28 381
14 16 167
14 33 426
15 22 564
15 32 495
15 27 938
15 20 6
15 29 273
15 18 407
15 28 364
15 24 786
16 17 277
16 28 931
16 35 320
16 17 471
17 20 510
17 18 687
17 35 949
17 34 427
17 27 238
18 20 633
18 25 432
18 31 494
19 29 651
19 21 859
19 20 399
19 39 436
19 34 550
20 33 13
20 24 127
21 31 341
21 22 828
21 23 120
21 34 911
22 23 264
22 33 888
22 35 132
23 38 914
23 42 43
23 33 151
23 36 474
23 24 273
23 29 373
23 34 755
24 32 483
24 30 599
24 34 421
25 35 329
25 28 680
25 37 579
25 42 480
26 43 882
26 45 399
26 27 833
26 45 15
26 38 773
26 38 724
27 43 242
27 33 270
27 37 252
27 29 69
28 33 295
28 36 350
28 44 619
28 42 542
28 34 242
28 33 876
28 31 500
28 46 715
28 43 934
29 41 559
29 32 430
29 34 721
29 39 466
30 37 822
30 39 777
30 36 373
30 47 145
30 33 256
30 36 219
31 50 986
31 50 557
31 38 275
31 40 6
31 42 536
31 49 791
31 36 86
31 43 552
32 49 447
32 34 865
32 39 982
32 37 818
33 47 168
33 48 140
33 45 365
33 51 402
33 45 5
33 49 314
34 35 758
34 44 113
34 42 421
34 35 350
34 47 330
35 54 253
36 47 601
36 37 727
36 40 958
36 51 847
36 44 105
36 38 641
36 46 850
37 42 886
37 38 695
37 41 299
37 55 196
37 51 747
37 49 874
38 52 849
38 57 443
38 50 91
38 55 213
38 44 708
38 49 285
38 55 17
39 46 6
39 50 70
39 58 450
39 53 609
40 41 791
40 47 199
40 57 718
40 42 821
40 59 40
41 56 666
41 53 978
41 60 380
41 56 491
42 51 992
42 62 452
42 44 694
42 60 567
42 60 452
42 43 922
43 53 721
43 51 974
43 45 765
43 62 779
43 54 392
44 49 935
44 63 704
45 53 903
45 55 343
45 50 285
46 56 899
46 60 810
46 65 464
46 61 661
46 66 107
47 50 285
47 59 288
47 59 28
47 66 351
47 55 20
47 67 802
48 52 750
48 62 235
48 53 281
48 55 187
48 62 848
48 52 278
48 68 896
48 52 357
49 67 800
49 66 491
49 51 577
49 65 661
50 55 912
50 63 372
50 54 177
50 57 77
50 57 318
50 66 363
50 56 665
51 56 106
51 66 847
51 69 879
52 53 573
52 61 391
52 67 135
52 58 125
52 69 630
52 53 104
53 60 226
53 70 844
53 58 473
53 57 687
53 72 111
53 57 791
54 72 630
54 70 203
54 63 47
55 60 751
55 75 194
55 56 28
55 70 459
55 69 127
55 61 302
55 60 97
55 66 443
55 61 847
56 61 925
56 62 90
57 77 776
57 65 289
57 74 545
58 64 334
58 59 163
58 77 775
58 66 671
58 66 182
59 70 971
59 64 915
59 73 702
59 60 336
59 68 747
59 66 829
60 75 804
60 64 421
60 75 65
60 67 224
60 75 802
60 62 803
61 78 545
61 66 429
61 70 171
62 79 748
62 78 280
62 67 39
62 68 968
62 79 733
63 82 657
63 70 70
63 78 175
64 79 568
64 66 675
64 77 29
64 74 280
64 81 362
65 73 417
65 74 795
65 71 886
65 75 70
65 66 633
66 77 117
66 77 28
66 71 648
66 72 102
66 84 914
66 84 358
66 70 98
66 67 406
66 86 734
67 70 651
67 82 747
67 79 180
67 69 248
67 81 34
67 71 707
67 83 687
67 79 828
68 69 66
68 77 425
69 72 721
69 83 305
69 71 464
69 71 565
69 72 1
70 75 740
70 87 148
70 82 374
70 85 642
70 89 300
70 86 84
70 75 437
70 83 738
71 84 220
71 80 520
71 82 856
71 90 955
71 82 788
71 88 861
71 83 432
71 80 309
71 75 207
72 75 723
72 92 412
72 87 714
72 77 222
72 92 303
73 76 483
73 93 721
73 74 940
73 90 929
74 86 181
74 78 956
74 91 433
74 88 942
74 87 451
74 75 354
74 85 968
74 79 887
74 88 475
74 83 485
74 89 728
75 80 745
75 78 517
75 95 212
75 76 166
75 78 243
75 79 857
75 84 283
76 95 985
76 81 891
76 83 518
76 79 335
76 90 381
76 89 409
76 88 92
76 87 218
77 90 289
78 81 954
78 93 732
78 94 733
78 94 209
79 90 47
79 92 322
79 90 832
79 94 949
79 98 147
79 92 282
79 99 20
80 96 176
80 99 312
80 84 80
80 94 514
80 93 209
80 89 267
81 94 694
81 93 673
81 97 445
81 85 108
82 83 698
82 100 213
82 84 963
82 91 175
82 94 69
82 89 890
82 86 375
82 92 949
83 100 397
83 100 685
83 99 696
83 96 276
83 97 260
83 99 299
83 85 850
83 96 522
83 96 855
84 85 903
84 85 733
84 87 230
84 92 192
84 97 833
84 95 372
85 100 392
85 91 525
85 89 378
85 86 718
86 94 132
86 88 966
87 91 49
87 90 464
87 88 411
87 92 811
87 91 25
88 94 794
88 97 57
88 89 412
88 95 72
88 95 389
88 89 504
89 100 86
89 94 953
89 91 612
90 92 476
90 93 29
90 99 771
90 95 928
90 93 381
91 99 868
91 98 872
91 95 281
91 96 960
92 98 703
92 98 776
92 95 252
92 95 942
93 95 994
93 99 107
94 97 80
94 96 971
94 99 183
95 97 186
95 97 480
96 97 64
96 98 476
96 100 847
96 100 164
97 100 266
98 100 258
98 100 520
