18 18 9 9
0 1 2 3 4 5 6 7 8 9 10 11 12 13 14 15 16 17
1010 1003 1023 1017 1014 1002 1014 1017 1009 10 11 12 13 14 15 16 17 18
1006 1008 1022 1004 1018 1012 1020 1007 1020 11 12 13 14 15 16 17 18 19
1020 1009 1023 1002 1002 1010 1020 1010 1017 12 13 14 15 16 17 18 19 20
1010 1008 1003 1007 1017 1005 1007 1011 1019 13 14 15 16 17 18 19 20 21
1008 1001 1012 1017 1007 1020 1015 1010 1014 14 15 16 17 18 19 20 21 22
1003 1006 1021 1023 1003 1007 1023 1005 1008 15 16 17 18 19 20 21 22 23
1009 1001 1018 1003 1010 1002 1005 1017 1019 16 17 18 19 20 21 22 23 24
1010 1023 1007 1005 1008 1007 1017 1001 1013 17 18 19 20 21 22 23 24 25
1014 1015 1023 1004 1018 1006 1001 1017 1009 18 19 20 21 22 23 24 25 26
10 11 12 13 14 15 16 17 18 19 20 21 22 23 24 25 26 27
11 12 13 14 15 16 17 18 19 20 21 22 23 24 25 26 27 28
12 13 14 15 16 17 18 19 20 21 22 23 24 25 26 27 28 29
13 14 15 16 17 18 19 20 21 22 23 24 25 26 27 28 29 30
14 15 16 17 18 19 20 21 22 23 24 25 26 27 28 29 30 31
15 16 17 18 19 20 21 22 23 24 25 26 27 28 29 30 31 32
16 17 18 19 20 21 22 23 24 25 26 27 28 29 30 31 32 33
17 18 19 20 21 22 23 24 25 26 27 28 29 30 31 32 33 34
