18 18 9 9
13029 39870 19504 20815 16165 5876 3821 138 0 815 101 3980 16405 1798 20873 10660 6577 35154
64958 13535 622 23280 1006 6202 4077 650 0 612 2182 3581 11686 18727 4413 8975 31533 2811
40968 17595 6584 21610 1376 1873 870 22 0 797 959 3446 2280 4147 23728 7832 396 35380
30563 36987 10191 22754 8811 7457 876 192 0 341 1501 8832 6170 3060 9054 20467 35526 12150
19417 2888 8996 26420 14609 5397 1402 1055 0 1009 505 6963 10285 24385 17804 23149 19915 4347
10649 16251 5856 1044 4294 6671 4186 654 0 209 534 6854 8747 14564 14033 14505 14048 11219
3755 1257 6010 845 545 7148 3470 703 0 490 2161 3494 5982 1052 2834 9276 1640 5250
2732 559 593 1831 1396 1127 521 895 0 1007 2853 3925 2478 167 128 794 542 370
992 1003 796 584 405 247 972 1070 0 198 1011 546 782 605 686 930 1063 1035
0 0 0 0 0 0 0 0 0 0 0 0 0 0 0 0 0 0
198 124 945 562 323 868 20 16 0 707 947 359 654 1070 465 407 208 488
3500 1310 172 1180 1914 3540 3759 722 0 409 2691 3132 1141 3484 3632 567 1378 571
9091 3286 1436 2757 9650 161 2665 637 0 42 4180 1875 4780 7480 4823 5169 334 9130
5928 15630 10362 14598 4765 2083 2426 583 0 425 2900 3224 9092 10340 11576 11646 15243 11309
18645 13250 6379 18640 9159 1902 3816 14 0 400 2356 9716 5222 23990 24189 24350 19576 4411
4195 10820 27348 3252 11617 3562 1953 205 0 122 3733 8152 13276 14752 12486 39059 8883 33095
10158 5476 33623 4019 8202 3906 605 839 0 30 2896 9790 3303 21014 10776 47342 47564 50247
17471 18137 5106 5652 7889 9676 171 233 0 389 919 7406 3521 10928 33651 3190 38268 22939
