18 18 11 11
29158 47419 27284 33500 24523 3702 7497 2834 594 0 389 1923 6335 13050 10717 20467 2236 61525
12053 30193 52053 32148 1820 7200 6406 761 310 0 124 1898 2869 9279 3160 31522 20656 899
649 5961 26171 22045 14408 441 38 765 843 0 759 3555 2747 16092 10402 10029 29153 17601
18215 10816 16980 25978 20262 12857 3821 161 294 0 915 2864 5125 14943 22044 5186 11434 9227
3761 7385 8966 17253 14313 3699 7904 443 147 0 389 3831 6248 465 4823 4552 17091 367
9793 3635 569 2643 8594 8813 9089 1741 824 0 642 770 745 7901 5887 5788 7805 4138
3497 2626 2282 4089 3447 3840 3564 1868 989 0 751 3873 506 3003 1133 759 4178 597
80 965 584 904 679 138 7 762 1016 0 316 794 32 101 362 603 34 135
0 0 0 0 0 0 0 0 0 0 0 0 0 0 0 0 0 0
321 160 111 249 822 427 1044 855 529 0 369 563 452 844 400 1055 130 341
925 1539 1635 633 3690 2663 164 2083 1002 0 703 265 954 4101 906 1400 741 4195
6999 1264 7337 1960 4121 865 7036 3642 940 0 876 4284 3918 174 3303 7597 1600 1806
6734 3504 11544 5356 309 5379 3609 1032 272 0 608 1831 5288 4750 9573 5022 8235 16899
10252 5187 21947 6545 7531 10653 2196 2946 685 0 491 3452 7306 14603 27052 11110 3962 310
28102 20145 9736 37910 2455 14058 3797 2743 86 0 999 2404 8887 5134 20217 27952 20978 755
17311 40511 37124 37386 8722 2566 7313 287 1073 0 516 570 7362 3324 17555 39187 8422 39222
56203 38006 19468 34729 13128 4930 4292 1694 629 0 111 491 1958 7430 23738 35110 20282 13403
3782 8801 13779 1109 23580 12758 1561 2689 1005 0 671 352 5284 7376 17049 35440 16500 7558
