18 18 7 7
95394 78048 61603 51120 42457 36151 32349 30201 29234 29174 29720 32133 36363 42480 51019 62643 77434 95348
77272 61115 48489 37848 30432 25567 22246 19571 18551 18589 21057 21646 25155 30346 37995 48064 61327 76357
63232 47279 36374 27595 22788 18636 14154 12812 12800 12889 12957 15056 18617 22853 29088 36809 48108 63972
52385 38805 28802 20755 15700 12469 9733 8948 7711 8892 8432 9961 11742 15907 20685 27634 37551 50609
43232 29539 22224 15359 11270 9398 7182 5976 5197 4334 5815 6738 8762 12190 16002 22299 30761 43150
36532 25719 16837 12176 8738 6345 4449 3746 3430 3950 3792 4402 5880 8522 12310 17935 26262 37126
31597 20707 14174 10642 6613 4339 3865 2834 2721 2893 3908 3610 4868 6771 9864 15534 22759 31514
29883 19591 13261 7848 6317 3922 3116 2974 3180 2898 3295 2565 3098 5952 8453 13402 19876 29695
27681 18770 12045 8480 5767 2480 2343 2514 2466 2455 2386 2666 3715 5333 8453 11871 20278 28784
27840 19768 12867 7187 4987 4276 3132 2704 2225 2731 2794 3296 3371 5531 7869 12036 18527 28308
29178 20082 12433 9377 5719 3812 2739 2332 2373 1264 3458 3128 3754 6058 8089 14014 19487 29758
32893 22601 15294 9913 7495 5429 3066 2623 2484 3276 3219 4698 4616 6141 10239 14606 22704 31819
36811 24495 18179 12346 9607 6118 5628 4420 3424 3607 3932 4583 5458 8839 12248 17145 25839 37024
42796 30676 22723 16014 11893 8025 7607 5727 5392 4190 6353 6947 7674 10794 15977 21416 31136 42204
51124 38936 27657 21206 15258 12685 10558 8698 7875 7519 8774 10477 13192 15771 21459 28610 39222 50866
62267 47822 37644 28647 21795 17937 14873 13043 12074 13137 12282 14449 16792 21731 27089 37191 49014 62009
78370 60390 47063 37671 31001 25982 23185 20300 18425 18022 19722 21705 26331 30922 38228 47553 60759 78054
95821 77257 62911 52903 43165 36516 32112 29453 28427 28709 29211 32142 36422 43425 51114 61861 77220 96784
