18 18 10 10
19 50 48 17 35 24 29 32 50 71 24 1078 417 5691 21778 7115 75610 427307
16 17 19 0 18 18 13 14 41 69 272 447 203 305 7728 57373 57672 2082
21 17 4 2 2 4 2 10 20 47 254 916 844 7639 15177 14483 156618 275638
8 13 2 1 0 0 2 3 2 101 59 431 2057 4471 6279 17944 145992 291062
52 4 1 0 0 1 1 16 40 128 27 775 1458 1899 7906 48810 26121 212356
44 9 4 1 0 1 1 17 19 79 68 290 572 1135 10823 21748 78300 15473
8 13 6 6 3 6 4 0 8 144 334 357 1366 5235 18088 7657 81699 971
51 15 17 6 5 0 11 9 9 10 338 729 312 58 7142 57901 149574 375647
48 29 46 3 27 37 21 52 18 31 41 921 634 393 13044 5175 58857 388393
19 139 52 46 1 29 145 17 30 45 33 135 461 7943 14582 1099 7149 79396
286 174 62 20 259 104 359 345 124 194 380 733 1076 603 13433 42931 63524 274346
1001 407 805 129 742 896 264 912 874 990 932 922 247 4557 6063 14293 99693 406765
1484 1500 2313 2402 2940 2145 1418 1037 2367 255 193 550 2103 7934 12261 26414 15868 103784
2096 2748 546 459 1968 7444 7281 2642 3899 1409 4577 759 756 511 13156 52078 141477 258461
12989 7601 20534 8461 9489 21967 12529 3010 21508 2765 12727 1630 7932 18427 9100 25605 145396 290278
20741 47418 58812 49552 57832 32759 55164 3548 36536 31054 55626 28708 6159 31061 49372 2104 146954 113014
5290 76786 63821 1465 97222 157870 13510 155839 131279 80759 62687 113922 24792 119068 80065 21907 91011 202558
301615 212594 228777 129169 442060 197396 341300 45162 426913 263702 60711 383965 376717 75092 150281 107791 79077 414561
