15 17 7 8
0 240442 202459 517933 496718 506687 1937291 0 71704 599823 673721 697174 1521445 354051 0 9993 84483
153573 71922 412560 823694 612030 357770 337964 15816 106495 443876 308879 509658 630790 1772153 147638 33267 126511
640566 314894 329186 929496 112605 1181490 1658464 505450 154517 494733 935201 362557 1286802 123855 488425 658566 453845
556333 446873 895430 725315 659098 358196 782263 803203 597161 769605 689281 53437 1449013 1758097 928 341750 372829
1240565 568272 108966 1012877 245840 522501 1003518 159443 780558 365122 242014 424076 436155 1724557 1165854 944756 1010279
999512 338153 1621045 1651398 10161 949649 1520892 1158963 1016446 1049758 957380 1017993 1619342 1894516 902036 663017 48307
601760 1164382 684970 1605279 1403548 1855808 152965 1766569 491924 676351 1491128 240708 93488 1006550 1440123 499272 951807
0 85244 30463 471349 1268149 1092604 202410 0 88786 48541 472800 1076775 784370 1003569 0 17604 562846
303700 251529 514783 987585 850499 30230 651524 127813 46164 248337 886715 1144738 1036905 725240 189818 292625 272209
27204 552659 42585 142012 472708 550397 429647 551554 91880 456964 329117 328378 1230434 346776 104925 328566 630375
144974 130725 963701 470736 685553 170325 1686486 400880 960749 465387 763500 706942 572107 343633 571014 172254 235695
950702 702381 754577 1237134 472158 1172923 1226595 910981 1266717 468745 1142166 143235 1407348 1604378 336534 1300178 1021189
1205228 815499 1446811 943968 1483634 1381395 63538 1089470 598409 625056 1375831 1550099 912147 122390 1071812 123460 1045214
1141877 856389 661767 368475 222864 561845 1071593 1936113 776699 760413 1540494 1281500 710683 1072280 727777 1689282 808456
0 244941 155377 962039 518008 986853 674148 0 174057 589575 275201 220348 1597398 1804660 0 128878 155476
