17 15 8 7
0 166022 342758 456235 621500 1504146 1672884 0 181079 127856 772513 1209503 60711 353485 0
257083 136603 532959 159757 2563 227524 747528 174698 6959 432644 689356 1305757 918829 851115 121984
523008 230664 576014 298652 1069642 550246 402281 425783 377680 496253 830460 452047 1085848 1733774 343852
488909 638138 925587 288349 1063861 1545849 849728 171661 451605 445743 820627 187951 708437 743852 566521
1054689 208586 1216690 873386 606789 1191252 1970374 874977 471237 735612 534152 245185 1484574 104249 67702
677539 901722 1148191 553520 1382305 811353 519245 423748 1097454 1185381 1166654 798502 1420320 250112 1418379
837429 1832146 14937 662468 1142227 925121 91973 1112603 237590 798828 216024 1038818 1166606 1997514 1143068
0 135094 75045 322996 983192 1569920 1619616 0 65400 312188 708247 1194926 1578972 1120880 0
266137 326385 624883 805880 413854 847399 536884 118792 21580 258158 755791 230339 1511078 678191 57170
318787 648783 384530 590750 394897 523650 1065408 70654 207472 485937 574264 25942 1041836 1043298 386598
646353 320061 559053 583679 167924 1449073 184239 394385 225822 156862 781623 1308818 549361 1376541 320710
668172 221938 391850 103901 1009606 983434 784232 386546 928057 937766 25089 360411 1204636 1287837 1055943
504466 483788 186701 1436222 1456587 396607 1462357 1610120 1053916 1595001 204892 689956 1564359 905104 170409
518654 1907363 537399 1106430 63217 51810 286554 847450 631629 1678640 254102 669263 219260 1699665 1957100
0 50837 179216 13610 18997 237963 503148 0 36283 589282 702428 309048 496498 1282091 0
133381 300124 425347 668844 604785 1116050 1389499 198955 31118 7043 436187 293876 575328 1091636 23413
215832 298271 148503 592572 614689 395005 1470701 475061 654953 562801 596516 913146 126649 1788832 217270
