18 18 5 5
19813 66565 6884 20632 6547 14477 2236 2161 779 0 1035 1674 7313 551 9492 26686 17604 32094
37137 19892 9235 11864 9720 4183 1502 2046 642 0 655 776 5095 14403 3628 25438 18833 26050
25602 31008 46427 7666 4456 14302 5685 3963 928 0 643 794 3814 2151 12736 22044 22737 44016
31457 22714 11555 15396 21901 15625 5595 1412 787 0 1059 332 764 7893 17900 37167 25426 32194
20933 6224 19904 16917 4284 5605 7878 2380 484 0 118 3795 945 15878 12270 10652 8277 6947
5019 15245 10097 200 10091 9630 861 2862 6 0 659 2850 5553 6518 15384 5187 17346 702
6071 7834 5752 633 695 6819 9173 729 661 0 608 3968 6290 8299 7704 2169 8412 3579
3371 4121 97 3396 3012 2733 1891 1124 1 0 605 4344 1557 764 3469 4113 1045 3779
697 191 38 269 612 646 172 222 479 0 463 325 337 217 266 361 1067 1020
0 0 0 0 0 0 0 0 0 0 0 0 0 0 0 0 0 0
274 86 119 754 25 583 1079 362 801 0 724 779 188 680 141 400 639 937
518 2376 4137 198 1311 4280 923 4025 714 0 633 2511 2003 3632 2855 2482 2292 2957
1038 5072 121 8251 7389 6643 5467 4038 330 0 321 3877 5379 4061 4270 4887 4507 7221
8388 11707 11514 2394 3947 4232 6997 2990 83 0 279 2626 475 6314 2099 1060 3560 15236
20112 20749 21823 1141 12249 1688 9134 4350 556 0 541 4230 1024 17056 17508 20837 3167 23675
324 32551 21803 3332 5439 14159 6742 1081 190 0 336 1652 6693 835 3852 18995 3523 23186
31024 1165 31496 3633 10605 1529 626 2152 72 0 282 797 5651 4664 363 5204 18821 11373
65889 2835 24625 4720 23118 13428 4898 2317 891 0 18 3957 2280 10420 25328 32261 36858 22294
