17 16 11 10
324 199 216 271 23 148 303 129 242 284 278 134 396 42 980 5486
82 49 93 43 132 62 61 118 109 79 32 136 215 169 1624 2747
262 12 0 38 24 41 1 2 25 38 20 67 306 783 401 7828
19 113 14 18 3 13 14 18 4 19 45 111 49 432 269 6266
192 15 26 18 6 3 6 2 1 7 43 147 33 1028 2862 1063
284 32 4 17 6 1 1 0 5 13 46 134 28 1050 2041 4458
25 24 25 18 4 0 0 1 5 1 49 134 8 952 125 5893
37 17 33 19 6 0 0 1 0 19 34 29 377 355 2238 8102
198 34 50 3 4 1 0 3 2 19 23 47 347 518 148 7741
238 99 51 10 2 1 5 5 0 17 24 143 89 229 2895 5784
177 134 47 7 6 52 35 22 52 4 40 122 224 872 2337 1201
189 108 100 88 116 138 126 121 123 46 117 8 210 840 2291 7801
271 263 38 321 252 301 89 238 335 390 169 156 308 223 1600 1909
1025 235 914 794 164 756 601 1077 3 376 42 576 121 885 1457 6358
1376 1740 1735 260 987 2395 2022 485 2300 293 1643 1598 902 263 2300 1936
2458 4913 7810 3678 2401 4152 3544 2429 6939 3857 6693 7836 2297 2553 6091 6040
19803 7359 18348 5078 3041 11268 8666 20047 13440 20815 9836 20110 739 4815 3348 7422
