17 17 8 8
0 1 2 3 4 5 6 7 8 9 10 11 12 13 14 15 16
1 2 3 4 5 6 7 8 9 10 11 12 13 14 15 16 17
2 3 4 5 6 7 8 9 10 11 12 13 14 15 16 17 18
3 4 5 6 7 8 9 10 11 12 13 14 15 16 17 18 19
4 5 6 7 8 9 10 11 12 13 14 15 16 17 18 19 20
5 6 7 8 9 10 11 12 13 14 15 16 17 18 19 20 21
6 7 8 9 10 11 12 13 14 15 16 17 18 19 20 21 22
7 8 9 10 11 12 13 14 15 16 17 18 19 20 21 22 23
8 9 10 11 12 13 14 15 1009 1002 1008 1002 1007 1003 1005 1005 1008
9 10 11 12 13 14 15 16 1003 1005 1010 1006 1003 1008 1005 1006 1006
10 11 12 13 14 15 16 17 1007 1007 1001 1001 1006 1007 1001 1001 1007
11 12 13 14 15 16 17 18 1001 1003 1008 1005 1001 1009 1002 1002 1005
12 13 14 15 16 17 18 19 1005 1007 1010 1002 1009 1005 1002 1005 1007
13 14 15 16 17 18 19 20 1009 1009 1002 1005 1006 1009 1005 1007 1005
14 15 16 17 18 19 20 21 1002 1007 1005 1008 1008 1008 1006 1002 1008
15 16 17 18 19 20 21 22 1005 1004 1010 1010 1008 1007 1009 1010 1005
16 17 18 19 20 21 22 23 1004 1001 1010 1010 1009 1008 1002 1003 1004
