10 18 6 8
15 204 560 1088 287 893 916 121 435 64 1031 882 524 790 909 860 3932 9692
702 111 70 203 56 393 28 183 120 347 402 186 362 5 712 1226 54 20100
248 339 3 92 133 142 63 56 101 38 98 25 103 124 489 2605 6594 12929
932 356 6 8 40 2 33 34 2 14 3 3 26 115 990 593 7377 17735
179 137 27 45 12 17 0 6 3 9 3 52 7 10 944 282 1420 13419
149 317 37 10 1 2 1 1 4 1 8 27 142 238 934 437 3563 9978
0 184 111 8 18 6 0 1 1 0 1 6 90 84 1006 2585 3242 21373
200 262 29 42 16 4 0 0 0 1 18 35 88 369 127 1056 655 906
310 89 2 12 4 0 0 1 0 1 14 37 37 356 388 1354 5418 3603
88 388 138 16 2 5 6 4 5 0 1 45 16 141 78 393 4763 6493
