18 17 11 11
56 82 110 68 121 85 80 129 73 58 96 11 376 1037 2069 13653 43872
39 47 26 50 24 5 53 25 17 35 133 344 700 802 1940 4400 1110
104 0 11 4 17 1 12 10 2 53 132 153 664 1862 5255 10642 7242
86 50 4 3 2 3 1 2 7 46 86 256 68 1786 2765 1770 11831
87 52 5 1 1 0 0 2 16 44 4 181 339 457 310 5428 22825
90 35 18 5 1 0 1 3 19 40 21 120 918 1029 7206 17834 38352
18 17 1 2 1 1 0 5 6 25 135 141 794 893 7784 8376 13398
117 18 10 3 6 3 1 0 16 4 57 278 979 86 6594 4816 5420
23 51 19 6 14 5 16 12 12 28 138 233 996 472 3025 5658 42116
127 8 11 5 10 0 10 31 37 4 90 206 332 2097 5425 5604 39374
147 143 136 118 89 80 48 79 18 35 103 201 542 1198 2921 14259 36427
188 339 248 265 172 127 299 16 333 18 299 200 329 1196 3995 5979 19577
320 961 955 680 457 1093 941 127 545 388 568 940 1 378 2635 18597 44514
2931 808 175 2165 928 2644 2303 165 1149 219 1362 2618 1028 2337 1386 4893 39308
6417 5183 5304 5274 6127 1230 40 2227 78 51 3257 2714 6893 1178 2582 2689 12239
998 9554 2024 18021 10780 10517 19640 20853 7845 5213 16102 11614 10107 8536 7031 2172 2524
58090 51179 11618 58387 7762 12198 58768 31831 32254 49830 40540 51333 57140 52779 54047 23237 58282
117324 142825 73390 99700 134159 131365 138227 90386 54430 50160 153464 106389 66211 160325 101540 42577 29153
