16 16 12 12
16978 123 1364 3110 9308 551 747 0 547 3770 7996 14731 12110 22086 39090 3331
25171 24834 15694 4567 4119 170 428 0 751 3957 864 15643 7947 25983 23887 32555
26106 19515 21469 10726 6120 2068 701 0 370 2005 9536 13682 647 27660 32658 19425
9229 11148 20627 13231 4397 657 579 0 64 2701 355 6120 7703 13175 26172 25832
17106 13066 9836 10562 2203 910 798 0 729 3078 3435 12079 7181 3197 3288 13089
5812 9275 5004 408 953 185 196 0 721 943 4977 9269 6865 4598 8768 6686
954 1999 1256 1933 2910 96 10 0 793 1566 134 613 2366 956 3886 593
180 438 193 286 484 390 457 0 625 1010 58 299 432 1032 1042 671
0 0 0 0 0 0 0 0 0 0 0 0 0 0 0 0
470 311 101 955 701 558 1073 0 479 42 538 912 1075 491 494 430
3037 2239 2051 4204 2541 3852 1047 0 357 431 4289 4321 560 406 3578 2443
3721 8963 4298 237 4188 1847 265 0 504 3213 6917 4425 1854 1565 8300 8688
11741 5540 14839 4484 1982 3542 293 0 993 1109 5122 716 6064 5998 10490 12680
7044 1105 20472 11955 4555 4335 603 0 798 1132 3723 16069 11429 6175 22019 2551
21358 25892 9558 13017 4643 2705 302 0 953 3486 4187 3900 3936 1149 37307 15813
3731 27583 2437 9317 6850 2804 504 0 984 3672 3472 5638 1903 6393 22268 32801
