16 16 12 12
52508 40716 1909 11493 16415 7319 3890 786 0 669 1116 6590 7209 17953 1093 21871
21964 31510 971 12077 12273 4956 3316 781 0 781 2514 2099 14799 23129 23341 32672
16677 17535 6957 15102 6810 1456 1207 980 0 581 2493 1740 3364 16342 15993 20509
7039 10667 3431 1888 2054 9392 3598 580 0 439 3254 5146 4409 5967 6246 15083
9669 6018 4120 3699 7474 6837 1208 573 0 925 3066 4158 4411 2856 1741 8370
3936 1631 4192 94 1450 3435 2415 9 0 328 2325 1939 2806 3886 1354 2747
551 796 9 292 467 311 866 718 0 544 91 637 861 285 478 756
0 0 0 0 0 0 0 0 0 0 0 0 0 0 0 0
947 931 195 325 154 1062 1044 301 0 47 939 289 333 329 1046 1026
3068 2949 3974 3899 4129 3879 1211 566 0 115 3212 3516 1069 2547 3128 504
4319 8802 4065 5706 8561 3666 3742 379 0 786 2677 7092 235 5638 6529 7139
4399 10080 10867 3494 8175 8840 3141 949 0 499 2959 2487 757 6930 6439 8436
8055 21354 1807 4613 2761 9072 2256 627 0 144 1306 6581 12334 26301 10889 26146
21350 929 6308 376 16129 8645 3859 1017 0 615 818 3764 16782 15176 34040 10157
18239 49876 16801 13620 14990 9277 333 552 0 409 780 7713 5967 15770 29302 47335
42025 48470 35319 14392 13772 7712 2015 142 0 708 2244 3092 3624 10440 22526 29340
