18 18 8 8
0 307363 289427 356730 623133 1278994 0 106109 351875 132817 782624 1168871 0 176301 790236 251933 230950 154619
297868 337325 576842 249387 440521 1249692 20360 251844 758763 144975 1268316 731535 294209 246492 107341 116769 1461609 1047271
589444 477546 631127 211979 1132183 556099 608868 678097 575042 898657 92105 1726293 660952 641790 565168 656693 16097 1963573
206509 73155 733676 144655 290840 808188 583576 1100758 24390 744589 23370 1867662 172952 901693 636917 1119643 1484897 476757
337736 1102634 137601 1487821 700845 287134 1268856 422751 1513287 799194 1298342 1911730 770052 1573689 26924 148287 166562 397206
993548 1180830 231803 1034199 421812 261016 901861 710066 1763839 1963390 576138 1619961 440148 998309 998255 612149 858086 1874311
0 88831 161100 474535 1154519 25679 0 81143 797116 441767 472859 200994 0 316924 552729 819173 495058 1803637
325261 304136 205481 834086 1187260 1089841 202021 384844 35260 5016 429098 946237 376534 287131 556157 171254 181240 833542
124441 371669 495703 182336 1332363 1830332 201955 319576 565982 1132028 131383 33779 676140 716213 621785 122432 944543 1038539
776337 114471 577657 829228 159317 1499136 196971 49091 560876 1031207 293795 1161343 331332 407008 54310 1074887 785793 1755972
1297448 1189705 443929 829414 1099075 719141 856437 851356 407741 500009 1014599 1690355 1330840 449716 1504912 501051 1555354 80287
125450 272478 162107 1060244 1991156 529351 221587 543378 1207698 312105 334856 189941 68078 1956668 1677072 622990 993435 1050917
0 12796 46045 1111085 551195 1383362 0 70509 778203 853983 783087 1889700 0 220862 64871 999420 131643 153336
39010 77228 278685 841650 558598 1031571 318538 153265 395295 761858 1111453 1981675 64136 146289 18263 261476 466606 734652
727662 50168 434879 1058799 1238982 66057 661746 420928 468147 1089927 574418 1334922 787952 365230 688426 399957 252660 419313
1018899 1145111 711384 411843 942626 574957 400848 899379 783843 428243 1547808 1889663 869034 1052350 9051 321353 1214866 1563814
481317 938358 492908 1417611 791594 1334159 885550 767499 197787 662402 1300776 563060 997853 1059309 377263 346365 8433 1649861
1007914 678622 1148827 314320 1392361 1083587 203984 840752 837505 219070 1376341 356087 1782884 1977987 1529036 399020 1750002 518530
