17 18 8 9
0 1 2 3 4 5 6 7 8 9 10 11 12 13 14 15 16 17
1 2 3 4 5 6 7 8 9 10 11 12 13 14 15 16 17 18
2 3 4 5 6 7 8 9 10 11 12 13 14 15 16 17 18 19
3 4 5 6 7 8 9 10 11 12 13 14 15 16 17 18 19 20
4 5 6 7 8 9 10 11 12 13 14 15 16 17 18 19 20 21
5 6 7 8 9 10 11 12 13 14 15 16 17 18 19 20 21 22
6 7 8 9 10 11 1007 1001 1010 1005 1001 1006 1005 1005 1009 21 22 23
7 8 9 10 11 12 1001 1005 1010 1007 1009 1006 1010 1001 1008 22 23 24
8 9 10 11 12 13 1008 1002 1005 1010 1001 1004 1005 1010 1004 23 24 25
9 10 11 12 13 14 1010 1009 1008 1008 1005 1008 1007 1009 1009 24 25 26
10 11 12 13 14 15 1003 1003 1004 1001 1004 1009 1001 1001 1007 25 26 27
11 12 13 14 15 16 1006 1010 1008 1003 1008 1010 1008 1008 1010 26 27 28
12 13 14 15 16 17 1001 1002 1010 1005 1001 1008 1002 1009 1002 27 28 29
13 14 15 16 17 18 1010 1006 1010 1008 1008 1003 1002 1009 1006 28 29 30
14 15 16 17 18 19 1010 1009 1006 1007 1005 1006 1004 1007 1003 29 30 31
15 16 17 18 19 20 21 22 23 24 25 26 27 28 29 30 31 32
16 17 18 19 20 21 22 23 24 25 26 27 28 29 30 31 32 33
