18 18 12 12
254779 314876 441680 169573 31502 390647 81819 339740 85935 347314 209240 420636 317882 382498 182835 392048 345980 329434
90118 149824 91468 27724 41089 151158 98538 33682 108203 111216 15431 28236 9511 109158 144072 9241 8787 155661
415768 38887 43369 8024 1435 11813 5077 44456 3704 29821 37640 50527 14531 49836 45771 48180 161 1013
324490 98977 13404 8772 6420 7019 12593 7707 21792 10065 8958 955 9105 7631 6218 3034 10583 6746
148232 92003 2920 8742 513 5489 1951 2479 4130 42 897 4152 179 6840 977 1994 1964 3339
249866 132525 45626 12206 2197 502 1780 2040 1535 2621 2450 2967 554 469 1671 700 1652 1860
403647 129428 55707 9298 6486 122 1024 901 970 60 75 140 512 694 1032 251 205 233
176159 127815 53771 20118 5390 2147 996 343 353 189 34 174 38 402 91 10 169 11
29230 57857 50945 20956 3328 2740 86 353 81 3 15 109 34 74 77 19 62 28
377579 53434 2573 16110 6469 385 179 359 18 21 49 29 22 53 48 14 50 17
84130 2387 11569 16376 292 896 531 109 119 0 8 4 4 5 11 4 19 19
165872 24850 14701 11076 4408 486 56 388 21 51 4 0 1 2 0 3 3 7
338464 106175 24215 12592 5375 2409 874 349 9 18 2 0 1 0 0 6 19 40
50126 6699 42825 5738 8079 2829 376 108 55 23 14 3 1 0 0 6 1 46
348021 141030 43305 18778 1768 2488 994 371 47 6 17 2 1 1 0 4 4 18
234927 95961 36967 19926 242 1041 488 243 125 34 11 6 3 2 5 1 4 0
24499 20905 55283 8304 1971 2372 754 44 115 2 13 0 7 4 12 0 2 34
157975 93266 15073 4491 1725 2484 131 286 29 48 50 22 48 53 29 44 19 42
