17 18 13 14
51425 64705 48 5104 10486 2690 2692 1822 599 586 0 322 3686 9184 16670 17942 3290 2227
20767 52608 17594 21562 4880 13676 7998 9355 4190 203 0 788 195 1175 11365 1242 8451 49080
5664 14510 4145 11056 35620 1392 10069 7399 4304 582 0 78 2510 7872 1012 24669 8127 7157
11120 18140 3734 10087 23229 14136 1645 8803 2784 813 0 930 2903 866 3918 21024 10083 3634
14346 16522 15480 14141 8415 5271 15399 582 460 1025 0 340 542 3665 17064 4559 12972 14507
7653 8222 7163 4117 5740 6612 2693 2471 3323 544 0 145 2758 8309 801 5113 6462 5534
3590 2366 2718 4050 2113 2568 1058 2655 4197 242 0 771 239 2841 2383 3423 315 578
501 378 419 243 922 445 388 522 280 477 0 998 3 899 500 683 823 1029
0 0 0 0 0 0 0 0 0 0 0 0 0 0 0 0 0 0
396 113 898 676 591 900 585 595 711 1086 0 445 1026 426 444 541 623 686
4023 2012 3949 9 3913 4221 666 2037 2144 708 0 260 4337 3423 1494 3576 1772 3858
6351 9260 4237 2952 9238 5945 6964 8678 4348 129 0 621 3262 3007 321 6426 3029 9126
10886 8049 6948 2038 1967 14301 6203 1065 2642 761 0 14 2548 5662 16701 302 15315 15700
16987 16050 21414 16939 19291 4619 3364 4485 2075 246 0 855 684 7234 4315 15133 23281 9816
14767 8278 18397 38552 35684 10862 17372 4853 4254 1040 0 931 3731 1337 7758 17511 29744 6031
43377 50789 32630 15446 6967 19734 1309 3281 2016 351 0 346 2976 2620 9222 4155 9828 23452
38445 17267 65144 28192 7971 12175 6691 588 2542 903 0 372 4282 5058 5126 16189 31582 25182
