17 17 7 7
0 283165 13472 903484 937275 0 409910 313941 1142092 1331230 0 343835 472098 247340 366348 0 485896
493032 10019 663986 17065 1225271 190887 342493 808550 793764 971109 94901 157812 936774 655334 1810588 251552 225180
507617 971743 12746 491157 571370 774141 993053 607796 692717 930304 772689 644985 236063 1116725 1262101 256101 408470
963641 1303105 1185369 491123 1354574 479133 1219455 1300634 952570 1499489 455969 810512 379276 1131511 95918 336892 1150630
750795 1020560 1082456 736903 236152 6080 1667207 1781532 1296051 139333 1270499 558153 651536 87440 1843008 389010 1667932
0 435896 153388 92835 1477764 0 405817 42861 493166 128971 0 188368 289080 846434 1504269 0 52758
60293 458718 108557 1431285 1616406 378291 11928 443453 53490 699250 243586 478582 544130 481709 412169 207961 237264
267974 154805 262964 119414 395334 591742 144095 994870 1452718 866352 559159 720614 232536 997016 1682400 149973 773235
1193086 1437265 794729 1228871 803260 848220 253309 1333205 783967 1426007 314915 1093094 193390 1026708 1993408 425598 1421154
152628 962798 1078357 440819 952538 1015316 1307171 70858 456544 1772245 1400214 138945 72192 946685 1729726 1988547 6324
0 197951 568642 1279476 569415 0 282994 494651 1230025 1389829 0 408360 978647 189839 1786071 0 332869
56722 468158 173396 1150547 1943490 200834 326576 671852 706712 1378500 72597 168002 683523 222536 40231 39713 358500
873100 364135 808287 658632 1717572 628304 134003 37909 667539 225301 164469 338062 572697 1245311 903015 509013 3604
327809 721137 607910 1307540 305222 1314622 841415 446709 318629 488935 669245 348803 485843 244745 211271 1032046 1457177
1089448 1093634 1199512 1357455 1169453 89565 1582756 1498392 765689 728150 1158807 1668705 1746177 1166017 105784 707694 1976564
0 253229 864697 728293 1608529 0 364998 250428 464478 107784 0 207644 741923 577566 1920025 0 492400
319370 436733 29582 645178 1245327 206213 397097 202067 370170 1334565 392538 149836 21130 1160037 448515 263794 319027
