17 18 13 14
22267 46996 31626 21302 3546 6834 438 965 0 685 172 2110 1208 16093 18156 217 8325 58788
31452 26866 28480 951 5798 4211 1643 344 0 731 3966 7364 2500 6263 24782 50703 874 73714
45131 6036 28326 16667 12945 7468 3605 884 0 316 3556 4632 16678 7289 38267 36481 21096 21528
6048 36288 24494 1610 6126 5247 3530 539 0 482 1939 7624 4850 2527 34934 49 37622 33836
29912 20881 17503 3162 14346 2577 2564 850 0 615 2022 8167 15224 15725 20128 19546 24963 33913
924 12178 9804 21763 15508 7894 2515 183 0 510 737 5913 1787 25383 3701 14948 1320 26118
14148 11104 12892 5970 3523 2001 766 82 0 750 2502 4102 9661 10603 15086 15936 7107 13170
7057 9657 9059 6060 4447 918 965 605 0 389 459 730 3106 8991 6976 557 2549 8958
1137 1899 4312 186 547 2459 2009 740 0 356 2590 2531 362 1371 2467 32 4065 87
110 168 627 138 558 742 219 903 0 994 965 936 901 160 321 890 207 458
0 0 0 0 0 0 0 0 0 0 0 0 0 0 0 0 0 0
1069 544 480 632 450 356 479 262 0 801 64 725 171 480 346 282 1085 323
4160 581 1565 4208 3643 1869 3966 609 0 10 3744 3913 2706 3664 1735 273 1840 3537
3827 8460 522 8486 5876 1101 2316 824 0 925 71 5396 1437 9521 6705 4960 9190 5103
16296 14779 1401 9331 14947 9212 1890 521 0 906 2360 1997 11230 16246 1167 12159 13910 11615
22059 8989 11541 9910 3134 4315 3984 355 0 652 3627 3425 2082 20908 5384 5444 8262 1514
5486 28912 20969 25080 9930 752 544 233 0 209 3974 7914 14961 19673 5398 11080 3396 12450
