18 18 7 7
0 233789 536053 455387 93841 1520131 0 38042 125170 431935 844791 794733 0 386412 358392 829033 1511708 645217
262159 73650 679910 333462 762148 444468 10206 180753 266366 440540 1004328 100700 7677 132692 507859 827113 1137952 1386949
359461 671689 630864 726947 319292 633152 2525 620848 226085 541376 747074 454849 619004 97856 329239 748372 640329 1775784
1015053 510866 407732 214603 1268542 1934964 275024 974439 359055 1036813 802070 20865 668982 1140745 1020053 415280 890257 99205
1060228 895308 1321060 1512400 17143 585169 276279 1255152 663847 934758 652982 1630220 755386 406387 385331 1299029 692526 67342
1558750 1324031 1691408 157176 1052053 693996 178041 167024 595238 1878131 859158 1708060 1977336 184444 827196 1628662 74944 848625
0 84058 167026 626184 1270994 1233795 0 106595 696711 693316 125409 607437 0 343102 772587 548566 1498151 983521
321654 10146 460218 122107 1543090 9705 382314 381239 77660 443262 1227890 269095 317479 349738 275755 2977 633868 278131
495503 586479 324443 588322 497380 967869 635190 737838 273353 911666 607098 556072 201186 146859 242721 992107 456528 535667
997930 289340 265120 1114420 976804 1976729 75877 485040 1035254 489511 650691 517760 656390 31273 1190375 1143055 826128 605685
698369 496508 360224 1245075 112063 1209154 89933 514436 1261041 575377 237246 146962 1003910 1567820 503357 1357404 1453715 1850202
1673485 1943606 658603 1398909 759458 1471968 1916670 1853443 1524090 1900629 1758534 556751 506314 631496 1177387 956595 187841 1317467
0 60051 784205 1045230 815584 257071 0 54873 86738 310926 1576899 33991 0 328922 791039 616209 834816 737056
99796 192038 236199 13845 688656 349034 115965 273427 392212 1054328 258985 1168372 214936 97896 587452 621116 185225 488111
516906 48218 304992 905467 511005 733605 617241 402867 151286 912420 27348 1421736 103103 213267 152770 508954 444995 1242748
718375 681642 365930 106694 714628 933615 807718 1180779 853857 488897 802528 1654628 781764 177255 1065104 39252 1443630 413930
639221 1078112 1136879 941794 694674 1455285 479184 900880 1590763 784725 1579487 544699 178924 937321 1344616 666831 1079580 574055
1767154 695672 542021 1190251 1510501 1545181 844879 813441 1840607 620054 878863 1645145 1033985 1677890 992786 455084 855134 1861128
