18 18 11 11
98031 106141 355269 384313 52130 89814 404685 201269 165228 285717 276057 338651 369610 266511 179563 122869 398363 27180
148335 20685 2500 151059 5227 59654 162041 82673 147813 81158 143344 62333 155308 16654 101381 123250 158034 120558
424844 144155 11716 19983 31825 49076 5941 21972 25270 30242 38601 19309 33920 58676 26918 34840 54374 28841
419597 147090 59255 18868 8863 19171 5278 7856 21425 18998 2509 20787 13287 1635 18270 17597 8986 7951
273683 82553 43588 895 99 3020 2942 4690 2858 6585 1302 2113 2386 884 1333 2302 7826 4594
68384 33437 55305 2804 550 112 211 2000 333 2683 1401 1549 779 264 80 2948 385 117
160280 80185 37020 15748 2475 2321 1069 657 973 153 968 936 775 42 65 691 181 139
295909 38578 47824 17196 1114 801 329 160 144 132 156 196 147 302 394 397 187 115
338255 71913 53010 14378 4718 2292 555 116 119 83 136 144 102 87 31 72 54 51
336943 109250 44774 2630 8095 406 664 147 131 31 18 19 47 6 42 40 41 20
233132 44920 39968 7379 6825 1753 338 216 26 28 0 10 17 15 4 12 18 11
333222 84084 35059 14112 837 2793 1089 393 7 42 14 5 1 1 0 5 11 50
187357 147147 28581 13257 3438 1508 165 118 43 20 18 1 1 1 1 1 6 44
50172 48500 48029 3678 710 1594 1084 102 117 4 1 2 0 0 0 3 2 38
5820 43354 702 6826 5166 2746 566 91 86 12 8 6 0 1 0 6 13 14
178747 109768 31673 4387 6181 1844 645 319 19 47 5 1 4 2 3 4 12 8
236938 22620 22762 2644 3070 2337 9 179 44 10 6 19 9 14 13 19 18 22
272734 82525 12972 16497 3166 1537 1092 400 122 27 32 24 35 7 31 2 14 52
