18 18 12 11
249 81 124 39 140 219 35 281 134 234 280 109 61 164 262 126 89 79
281 239 208 623 657 703 174 382 4 656 417 218 630 277 439 152 383 3
275 479 2081 804 810 1929 1612 1260 927 1328 2190 1585 1910 2047 20 260 1523 664
295 735 626 5939 4252 4787 1529 2883 809 4778 4009 3641 4806 3501 1152 4437 2092 454
182 547 277 150 4431 1856 12122 2168 601 12271 4093 11856 9229 3769 10244 5098 478 270
192 383 1794 4670 4298 21147 16885 2673 2493 25402 35461 44512 5674 17948 10990 1523 948 768
110 137 163 2427 15025 14416 15343 58182 67040 91039 39562 93153 10087 43080 3917 5380 1646 409
110 99 1245 2554 11340 15942 51271 269712 250421 31125 23903 62246 4370 19538 5852 662 1866 224
130 790 1674 5951 11805 3659 91665 264539 44515 891213 623328 260680 60289 2889 14974 360 1083 494
125 744 945 1078 115 22218 44562 14191 838729 1763652 136949 256490 11 26132 12254 4552 1273 382
252 270 605 5347 5382 43189 82269 271982 31225 531158 792761 172293 24266 13547 7143 3777 1071 361
37 694 1078 384 9450 28469 102077 189852 74468 194622 109385 263517 7320 7573 2178 2009 127 376
91 601 639 2039 5424 7782 104342 64349 57981 36097 19190 116472 89731 12665 13330 1372 772 318
261 156 2145 563 12829 13373 39825 37566 20947 1223 7890 23506 21775 21403 4343 4684 1816 486
286 555 283 2598 16044 4695 6446 11809 9354 3397 15538 15059 9798 13362 1818 3411 2015 729
260 655 1636 2030 5008 5515 5211 1929 2385 783 588 1296 4377 300 5401 5149 1066 714
42 713 1323 1579 181 1209 1400 1508 800 1646 546 599 1412 250 164 831 997 738
87 256 184 559 362 263 735 139 304 650 21 697 549 136 594 220 717 661
