18 18 7 7
0 80803 76484 444139 1176212 777286 0 396834 569862 990985 1037812 1638189 0 31755 148978 857506 159916 1633645
35932 221742 288341 220206 1572576 1005334 336356 104640 776729 584456 318772 1175768 153430 13121 631915 575017 644673 1050053
694259 305021 413691 696183 331356 331494 319397 331968 196108 702564 207279 690166 321834 175505 719550 915264 644618 1764597
318465 292533 172680 283559 1169320 686265 989020 137280 451125 736893 949731 1557717 166925 553688 192162 787462 66495 734466
1315144 705291 1251510 107361 42044 1823487 659494 685713 209800 498596 306066 1068023 310274 730686 1244464 540515 1108765 1017230
1361909 1034324 1246031 113785 262479 433196 1671502 540688 1356009 1991773 1853125 1439128 726240 1497056 320742 290628 1631258 373298
0 91125 492176 225819 863097 1613023 0 293342 210552 599982 113887 1912337 0 300853 378664 757939 1294443 1209141
339285 257911 699932 631462 1025064 1602955 98313 1514 440004 487385 238559 731270 237121 82463 474758 249628 630945 265768
11628 93228 692993 333271 986433 1874841 187115 500097 551644 848671 410780 997164 249437 83961 114688 224054 1009874 1568053
1185827 1052345 945374 645835 452975 1873824 1084597 1051096 171683 596735 134300 1074821 756196 118167 784736 595686 601918 540936
694121 976150 1432943 197409 507712 304654 995141 1006587 411647 1224519 1305326 1776902 878961 1286430 1224649 539461 547544 97031
548150 492092 1848858 834290 1486651 16733 1909112 746978 213679 1217005 1739788 966078 1757941 607440 186266 1549120 854202 820907
0 19626 31656 221001 1303023 1710800 0 145496 527535 1005629 1121446 3268 0 389991 198144 973163 627399 1982012
327734 138672 291596 1111411 1528293 468779 163686 333661 430487 602818 973943 1930422 365121 214241 11420 1142848 1151632 1657331
646218 633911 153925 560631 1008662 1786621 375061 413563 694631 859808 524679 520828 566010 117808 485676 86410 117499 1124557
367677 579182 475719 1013409 1576002 10295 971662 1077364 648900 988794 1360283 521041 783192 789540 63492 1014080 200229 1366648
1181404 950351 320446 970668 496763 1056407 1387331 28784 1080743 758683 143997 1497804 58328 634234 370487 692621 385447 433111
876072 101246 228719 1957573 1749236 1929073 478614 1054558 1244974 584435 744692 1495261 1951083 221448 683200 351642 1434783 1304154
