


rock 0 :
          70 40
            75 40 ( mi 70 40 ; ma 75 40)
            80 40 ( mi 70 40 ; ma 80 40)
            80 50 ( mi 70 40 ; ma 80 50)
            70 60 ( mi 70 40 ; ma 70 60)
 check sp wall 1 2
          [0 100] : 50 (cp 400)
          [0 50] : 25 (cp 150)
          [0 25] : 12 (cp 20)
          [0 12] : 6 (cp -40)
          [7 12] : 9 (cp -10)
          [10 12] : 11 (cp 10)
  start pnt = 100 10
 check sp wall 1 2
          [0 100] : 50 (cp -400)
          [51 100] : 75 (cp -150)
          [76 100] : 88 (cp -20)
          [89 100] : 94 (cp 40)
          [89 94] : 91 (cp 10)
          [89 91] : 90 (cp 0)
   ent pnt = 100 91



rock 1 :
          10 10
            50 10 ( mi 10 10 ; ma 50 10)
            50 50 ( mi 50 50 ; ma 50 10)
            10 50 ( mi 50 50 ; ma 50 10)
 check sp wall 3 4
          [0 100] : 50 (cp 0)
          [0 50] : 75 (cp -250)
          [26 50] : 62 (cp -120)
          [39 50] : 56 (cp -60)
          [45 50] : 53 (cp -30)
          [48 50] : 51 (cp -10)
  start pnt = 0 50
 check sp wall 0 1
          [0 100] : 50 (cp 100)
          [0 50] : 25 (cp -900)
          [26 50] : 38 (cp -380)
          [39 50] : 44 (cp -140)
          [45 50] : 47 (cp -20)
          [48 50] : 49 (cp 60)
   ent pnt = 48 0
0 : 0 0
1 : 1 0
2 : 2 0
3 : 3 0
4 : 4 0
5 : 5 0
6 : 6 0
7 : 7 0
8 : 8 0
9 : 9 0
10 : 10 0
11 : 11 0
12 : 12 0
13 : 13 0
14 : 14 0
15 : 15 0
16 : 16 0
17 : 17 0
18 : 18 0
19 : 19 0
20 : 20 0
21 : 21 0
22 : 22 0
23 : 23 0
24 : 24 0
25 : 25 0
26 : 26 0
27 : 27 0
28 : 28 0
29 : 29 0
30 : 30 0
31 : 31 0
32 : 32 0
33 : 33 0
34 : 34 0
35 : 35 0
36 : 36 0
37 : 37 0
38 : 38 0
39 : 39 0
40 : 40 0
41 : 41 0
42 : 42 0
43 : 43 0
44 : 44 0
45 : 45 0
46 : 46 0
47 : 47 0
48 : 48 0
49 : 49 0
50 : 50 0
51 : 51 0
52 : 52 0
53 : 53 0
54 : 54 0
55 : 55 0
56 : 56 0
57 : 57 0
58 : 58 0
59 : 59 0
60 : 60 0
61 : 61 0
62 : 62 0
63 : 63 0
64 : 64 0
65 : 65 0
66 : 66 0
67 : 67 0
68 : 68 0
69 : 69 0
70 : 70 0
71 : 71 0
72 : 72 0
73 : 73 0
74 : 74 0
75 : 75 0
76 : 76 0
77 : 77 0
78 : 78 0
79 : 79 0
80 : 80 0
81 : 81 0
82 : 82 0
83 : 83 0
84 : 84 0
85 : 85 0
86 : 86 0
87 : 87 0
88 : 88 0
89 : 89 0
90 : 90 0
91 : 91 0
92 : 92 0
93 : 93 0
94 : 94 0
95 : 95 0
96 : 96 0
97 : 97 0
98 : 98 0
99 : 99 0
100 : 100 0
101 : 100 1
102 : 100 2
103 : 100 3
104 : 100 4
105 : 100 5
106 : 100 6
107 : 100 7
108 : 100 8
109 : 100 9
110 : 100 10
111 : 100 11
112 : 100 12
113 : 100 13
114 : 100 14
115 : 100 15
116 : 100 16
117 : 100 17
118 : 100 18
119 : 100 19
120 : 100 20
121 : 100 21
122 : 100 22
123 : 100 23
124 : 100 24
125 : 100 25
126 : 100 26
127 : 100 27
128 : 100 28
129 : 100 29
130 : 100 30
131 : 100 31
132 : 100 32
133 : 100 33
134 : 100 34
135 : 100 35
136 : 100 36
137 : 100 37
138 : 100 38
139 : 100 39
140 : 100 40
141 : 100 41
142 : 100 42
143 : 100 43
144 : 100 44
145 : 100 45
146 : 100 46
147 : 100 47
148 : 100 48
149 : 100 49
150 : 100 50
151 : 100 51
152 : 100 52
153 : 100 53
154 : 100 54
155 : 100 55
156 : 100 56
157 : 100 57
158 : 100 58
159 : 100 59
160 : 100 60
161 : 100 61
162 : 100 62
163 : 100 63
164 : 100 64
165 : 100 65
166 : 100 66
167 : 100 67
168 : 100 68
169 : 100 69
170 : 100 70
171 : 100 71
172 : 100 72
173 : 100 73
174 : 100 74
175 : 100 75
176 : 100 76
177 : 100 77
178 : 100 78
179 : 100 79
180 : 100 80
181 : 100 81
182 : 100 82
183 : 100 83
184 : 100 84
185 : 100 85
186 : 100 86
187 : 100 87
188 : 100 88
189 : 100 89
190 : 100 90
191 : 100 91
192 : 100 92
193 : 100 93
194 : 100 94
195 : 100 95
196 : 100 96
197 : 100 97
198 : 100 98
199 : 100 99
200 : 100 100
201 : 99 100
202 : 98 100
203 : 97 100
204 : 96 100
205 : 95 100
206 : 94 100
207 : 93 100
208 : 92 100
209 : 91 100
210 : 90 100
211 : 89 100
212 : 88 100
213 : 87 100
214 : 86 100
215 : 85 100
216 : 84 100
217 : 83 100
218 : 82 100
219 : 81 100
220 : 80 100
221 : 79 100
222 : 78 100
223 : 77 100
224 : 76 100
225 : 75 100
226 : 74 100
227 : 73 100
228 : 72 100
229 : 71 100
230 : 70 100
231 : 69 100
232 : 68 100
233 : 67 100
234 : 66 100
235 : 65 100
236 : 64 100
237 : 63 100
238 : 62 100
239 : 61 100
240 : 60 100
241 : 59 100
242 : 58 100
243 : 57 100
244 : 56 100
245 : 55 100
246 : 54 100
247 : 53 100
248 : 52 100
249 : 51 100
250 : 50 100
251 : 49 100
252 : 48 100
253 : 47 100
254 : 46 100
255 : 45 100
256 : 44 100
257 : 43 100
258 : 42 100
259 : 41 100
260 : 40 100
261 : 39 100
262 : 38 100
263 : 37 100
264 : 36 100
265 : 35 100
266 : 34 100
267 : 33 100
268 : 32 100
269 : 31 100
270 : 30 100
271 : 29 100
272 : 28 100
273 : 27 100
274 : 26 100
275 : 25 100
276 : 24 100
277 : 23 100
278 : 22 100
279 : 21 100
280 : 20 100
281 : 19 100
282 : 18 100
283 : 17 100
284 : 16 100
285 : 15 100
286 : 14 100
287 : 13 100
288 : 12 100
289 : 11 100
290 : 10 100
291 : 9 100
292 : 8 100
293 : 7 100
294 : 6 100
295 : 5 100
296 : 4 100
297 : 3 100
298 : 2 100
299 : 1 100
300 : 0 100
301 : 0 99
302 : 0 98
303 : 0 97
304 : 0 96
305 : 0 95
306 : 0 94
307 : 0 93
308 : 0 92
309 : 0 91
310 : 0 90
311 : 0 89
312 : 0 88
313 : 0 87
314 : 0 86
315 : 0 85
316 : 0 84
317 : 0 83
318 : 0 82
319 : 0 81
320 : 0 80
321 : 0 79
322 : 0 78
323 : 0 77
324 : 0 76
325 : 0 75
326 : 0 74
327 : 0 73
328 : 0 72
329 : 0 71
330 : 0 70
331 : 0 69
332 : 0 68
333 : 0 67
334 : 0 66
335 : 0 65
336 : 0 64
337 : 0 63
338 : 0 62
339 : 0 61
340 : 0 60
341 : 0 59
342 : 0 58
343 : 0 57
344 : 0 56
345 : 0 55
346 : 0 54
347 : 0 53
348 : 0 52
349 : 0 51
350 : 0 50
351 : 0 49
352 : 0 48
353 : 0 47
354 : 0 46
355 : 0 45
356 : 0 44
357 : 0 43
358 : 0 42
359 : 0 41
360 : 0 40
361 : 0 39
362 : 0 38
363 : 0 37
364 : 0 36
365 : 0 35
366 : 0 34
367 : 0 33
368 : 0 32
369 : 0 31
370 : 0 30
371 : 0 29
372 : 0 28
373 : 0 27
374 : 0 26
375 : 0 25
376 : 0 24
377 : 0 23
378 : 0 22
379 : 0 21
380 : 0 20
381 : 0 19
382 : 0 18
383 : 0 17
384 : 0 16
385 : 0 15
386 : 0 14
387 : 0 13
388 : 0 12
389 : 0 11
390 : 0 10
391 : 0 9
392 : 0 8
393 : 0 7
394 : 0 6
395 : 0 5
396 : 0 4
397 : 0 3
398 : 0 2
399 : 0 1
0 : 0 0
1 : 1 0
2 : 2 0
3 : 3 0
