669 14
129
650
434
315
869
637
118
159
768
694
709
174
707
521
536
534
277
203
288
925
190
13
527
382
212
749
769
890
622
437
71
751
440
857
418
661
495
536
820
615
582
529
789
289
403
677
823
680
232
463
957
423
828
837
157
393
586
279
283
560
716
707
311
508
916
82
169
411
618
342
379
201
871
168
490
274
198
666
306
430
481
264
205
310
101
715
703
687
994
338
248
62
45
911
571
314
993
92
725
964
434
456
517
658
625
359
284
175
25
591
605
859
855
163
169
308
878
224
347
872
914
947
934
960
859
857
274
204
950
351
520
736
808
37
394
785
397
679
312
774
270
269
633
477
432
154
137
310
730
484
534
645
432
821
957
643
30
583
847
980
286
720
717
446
757
463
583
506
142
895
633
764
165
618
593
597
773
730
260
855
567
146
500
999
967
809
642
998
392
841
330
679
913
399
125
23
863
709
529
357
956
514
474
121
133
419
71
258
150
331
113
69
829
966
68
797
775
62
147
168
255
829
199
169
229
324
192
444
385
73
153
342
588
627
815
73
47
886
331
549
569
796
970
399
762
38
548
538
452
47
706
59
876
905
228
105
581
772
901
319
846
55
13
786
34
828
859
433
67
542
334
636
338
304
387
101
342
287
639
146
334
697
206
211
602
786
668
535
559
922
854
757
977
219
895
11
48
754
445
115
648
779
103
338
84
843
439
778
130
430
277
817
127
483
380
81
269
48
617
180
970
823
937
299
43
832
311
443
938
108
910
938
239
365
277
675
208
716
806
691
499
83
508
626
918
888
60
539
288
29
720
259
852
9
910
247
194
573
42
484
33
952
423
273
318
700
948
526
768
106
217
267
189
77
246
459
965
306
999
254
335
71
865
539
80
775
139
626
349
181
111
382
134
534
7
452
586
308
330
706
414
900
974
956
977
572
415
943
230
766
549
565
837
414
456
270
541
595
896
242
129
7
977
263
893
984
67
831
644
749
538
59
1
512
367
979
436
782
274
666
549
823
583
738
589
391
8
482
987
257
725
468
616
702
731
510
38
150
341
683
251
879
742
253
743
461
232
531
243
858
197
144
33
132
235
974
524
243
456
863
500
181
331
117
883
62
979
274
564
672
957
815
904
51
420
999
512
4
531
107
862
80
252
247
213
487
221
737
82
678
600
935
211
931
404
447
345
383
721
261
407
678
76
311
729
497
311
241
501
842
348
716
274
952
963
487
791
537
224
226
215
176
161
778
107
565
225
804
300
946
65
707
624
494
371
353
991
682
946
844
876
647
912
150
599
228
990
743
765
566
969
332
743
130
110
202
47
336
7
699
282
72
758
259
566
129
612
909
163
911
106
391
558
370
894
509
598
884
252
715
450
221
399
193
703
862
396
102
198
755
801
832
179
560
91
98
41
56
359
205
967
465
948
877
188
842
386
138
726
639
206
177
860
605
722
916
467
470
18
17
225
820
850
405
732
293
503
125
349
214
682
668
32
631
897
220
473
284
358
200
923
916
729
135
522
451
51
341
922
0 0
