406 46
446
98 9
83 39
141 15
77 10
400 42
394 5
322 14
211 42
302 35
249 5
39 34
295 33
163 9
296 13
100 24
108 3
298 39
60 22
152 23
253 6
171 10
339 28
124 42
133 1
75 38
387 4
114 18
11 6
19 7
8 21
310 32
297 21
289 5
78 8
164 44
72 21
41 7
284 29
40 33
117 23
387 3
157 44
79 19
322 40
252 12
149 20
333 23
388 30
379 39
335 23
134 21
176 42
91 11
381 20
356 45
99 34
184 16
372 28
46 11
357 38
194 23
65 18
5 19
223 30
180 43
231 31
333 7
208 18
115 42
56 15
232 15
148 22
234 26
41 34
274 41
99 36
332 6
293 13
265 25
228 6
396 24
134 28
26 42
19 26
74 5
61 37
72 41
264 8
177 1
405 11
36 10
335 41
321 6
46 15
379 27
362 2
254 27
36 39
107 30
227 18
34 41
392 41
203 16
227 1
241 36
176 17
230 2
169 25
227 24
52 10
245 11
131 11
55 1
45 11
336 44
63 27
64 18
173 20
207 30
250 24
73 18
327 12
37 35
197 16
258 4
201 3
160 4
7 10
60 28
79 25
405 16
181 9
379 10
57 33
287 45
254 5
142 43
124 17
67 1
318 37
228 12
291 13
231 37
173 13
138 41
370 1
223 21
133 9
393 27
206 20
51 31
275 4
123 14
364 30
337 23
143 17
372 7
35 36
377 18
113 35
171 45
255 11
318 5
393 20
348 22
286 29
132 10
59 31
105 40
135 17
267 6
202 16
124 23
271 39
326 38
237 38
52 31
194 10
220 12
337 34
89 21
282 37
162 9
273 2
192 39
57 13
305 41
333 44
148 34
128 9
21 17
257 26
95 20
155 18
78 3
263 36
285 35
89 40
397 20
81 10
94 44
255 22
301 4
81 18
309 42
266 40
26 16
1 44
217 15
18 26
255 34
178 8
405 14
323 7
88 39
380 6
344 29
363 23
323 45
320 31
80 34
44 20
309 15
220 42
353 7
383 45
116 36
204 18
333 28
297 14
326 27
153 29
275 45
329 14
248 7
15 34
164 29
350 36
244 42
159 12
41 13
143 13
51 36
171 39
372 40
46 21
388 39
122 24
39 35
14 9
167 10
266 22
59 27
363 10
231 2
391 31
50 38
126 23
259 22
24 40
25 1
324 7
174 5
309 20
208 16
404 42
266 29
85 14
390 21
73 29
389 36
349 24
261 6
345 35
224 30
28 22
180 14
203 41
41 42
152 37
372 30
217 28
128 41
173 7
244 30
194 39
145 6
111 34
391 43
129 32
313 23
191 12
399 43
379 24
61 39
322 44
394 3
264 6
54 16
20 1
170 5
142 24
267 13
50 25
42 45
21 40
38 33
93 7
68 26
140 39
167 37
250 31
67 45
313 39
404 26
276 5
45 26
364 36
360 28
345 24
326 6
122 41
43 24
397 17
202 39
132 26
143 42
133 30
286 32
22 17
391 7
394 15
247 11
258 24
309 22
341 34
393 17
351 13
9 13
339 6
70 23
357 45
241 19
41 10
163 27
400 37
52 23
160 43
375 25
245 45
171 38
255 21
206 18
139 39
372 36
196 42
393 8
82 13
117 40
70 37
343 9
366 43
76 26
136 45
70 7
129 4
34 23
18 14
170 32
26 45
106 24
383 36
210 39
79 2
370 13
210 27
18 36
9 15
153 20
185 21
202 17
29 4
197 21
79 38
296 17
60 21
22 7
214 29
194 9
193 31
157 26
19 13
144 44
189 17
288 10
32 9
381 31
367 42
194 25
203 8
198 20
335 24
334 13
221 22
289 15
210 15
127 30
374 15
279 11
305 33
132 1
50 13
319 45
61 7
230 36
333 25
311 22
262 26
283 21
177 33
388 4
44 27
47 32
316 6
239 40
26 4
329 24
351 40
101 25
223 29
169 40
331 26
180 28
42 21
124 36
369 23
124 33
345 1
359 19
308 28
167 7
308 7
390 18
235 44
303 11
397 45
