821 557
461
786 17
784 84
616 478
87 52
675 342
117 321
521 342
188 166
491 539
233 524
495 106
741 457
804 130
672 428
180 133
388 435
258 371
677 180
41 32
794 465
73 65
536 196
172 208
258 408
431 59
568 260
23 418
530 283
262 306
206 74
691 337
628 153
404 53
474 162
751 480
582 374
306 46
809 337
394 134
371 512
575 78
106 185
742 81
597 278
706 220
308 455
811 110
806 258
190 177
267 345
310 218
365 208
554 100
370 140
89 482
270 474
112 84
697 308
228 175
127 428
304 6
114 386
684 554
164 29
664 272
380 434
405 229
60 67
435 126
519 63
645 312
339 520
303 208
316 32
183 475
586 388
121 443
632 298
482 355
225 81
24 512
545 81
292 194
221 273
820 111
332 510
195 159
781 545
387 109
453 373
693 11
801 41
17 169
641 13
400 231
696 144
187 46
726 2
70 158
407 267
556 129
751 166
177 370
801 113
39 93
368 73
232 402
239 49
285 136
790 415
659 154
279 172
225 334
297 300
684 532
816 268
566 340
491 445
417 541
245 125
187 549
368 45
577 292
648 189
18 270
319 110
687 460
781 347
465 140
503 473
647 422
644 167
570 436
138 481
763 80
418 43
556 288
176 38
252 363
317 465
382 29
339 433
758 183
548 520
30 544
360 523
134 414
552 79
721 195
507 473
273 427
807 108
487 430
561 304
268 547
634 550
519 67
550 442
348 389
206 212
119 483
755 396
168 343
198 346
789 38
184 7
486 51
718 233
578 515
65 489
19 29
350 343
7 16
64 255
603 286
204 282
725 98
344 548
158 412
702 425
161 473
447 289
511 9
101 554
219 168
741 185
566 27
495 524
499 149
684 495
232 556
809 147
639 171
474 265
356 75
546 552
297 428
344 247
300 55
362 324
58 216
772 45
536 457
280 332
805 270
343 63
430 26
470 4
726 456
265 452
222 264
491 80
634 28
792 423
650 309
271 133
359 458
210 113
221 487
376 343
168 271
484 33
780 108
737 280
647 243
703 295
61 52
299 254
225 43
481 199
746 143
58 239
181 225
161 382
758 205
457 248
730 130
321 315
66 358
518 511
499 18
550 36
203 544
371 321
198 214
789 13
616 406
593 15
657 46
318 235
31 65
14 519
146 468
120 210
381 138
185 463
814 354
435 424
185 430
112 311
476 373
48 254
317 88
107 174
78 539
607 116
48 331
1 187
607 324
376 80
564 290
749 125
100 242
398 488
388 433
386 478
599 438
98 144
749 212
751 540
451 183
363 418
385 517
373 174
642 494
174 235
298 351
582 269
580 430
711 314
400 529
236 191
542 412
551 523
378 497
397 51
115 325
795 368
642 504
84 520
32 191
472 375
111 222
336 225
814 84
236 494
654 503
168 158
715 387
428 511
156 473
18 98
309 173
58 254
444 538
370 376
636 383
817 150
559 171
484 105
617 125
526 457
788 505
508 199
325 540
622 285
240 32
408 69
245 136
640 311
262 115
647 231
648 459
168 269
582 274
501 246
239 447
82 133
467 493
582 360
653 25
616 530
814 545
540 139
391 154
341 167
595 212
150 245
338 448
171 276
786 415
499 100
366 478
100 514
200 235
356 358
138 305
125 208
447 411
30 149
11 251
468 509
324 501
399 247
411 468
248 221
162 287
415 457
480 288
364 315
524 419
440 135
111 150
733 453
193 62
772 167
444 541
102 303
818 462
270 293
368 166
48 99
188 507
3 107
498 31
67 423
358 430
439 415
702 86
156 124
311 295
382 489
187 111
194 134
192 496
102 107
146 390
270 412
727 384
480 291
773 508
278 6
291 19
605 481
15 170
438 252
269 49
397 521
628 361
283 532
683 259
54 197
116 404
207 495
27 151
423 253
454 380
650 401
114 413
185 397
691 545
576 147
376 292
533 453
315 550
142 308
458 326
107 184
267 119
200 189
462 406
689 17
765 64
252 115
466 422
711 451
64 328
618 178
150 138
330 146
691 29
593 444
168 524
59 470
201 85
1 395
332 442
317 390
85 64
21 384
369 337
252 49
6 393
21 109
774 174
784 241
351 455
228 203
489 492
353 16
779 384
