9 94
119
5 66
2 45
1 5
2 9
2 24
6 71
4 70
7 61
6 46
7 73
8 57
3 23
7 16
2 57
3 74
2 50
8 49
1 93
3 37
5 25
2 11
8 79
3 50
7 59
6 11
5 43
4 7
5 27
5 42
1 27
6 86
5 87
8 34
2 41
5 6
7 58
7 69
1 8
6 51
1 1
7 5
5 40
5 61
8 39
4 22
1 54
4 35
1 12
5 60
3 79
2 67
3 49
1 92
8 16
7 8
7 93
2 68
7 77
7 88
3 46
2 38
8 76
1 35
6 66
3 77
8 4
4 16
6 41
7 24
6 48
4 23
2 85
3 62
3 42
3 41
2 59
3 88
4 89
4 11
3 63
5 91
3 43
7 26
8 55
2 64
1 72
7 38
1 49
1 11
1 23
2 76
6 12
4 14
3 64
2 5
8 10
4 28
4 1
6 76
1 13
2 33
7 34
8 36
1 66
6 4
5 76
2 70
2 30
5 86
6 60
6 40
7 19
5 54
2 23
1 63
3 87
2 83
8 13
5 63
