506 304
195
134 292
320 295
383 65
163 146
40 255
381 33
286 261
444 96
2 142
13 103
145 185
370 235
428 14
287 42
244 121
421 6
319 50
233 47
370 29
488 19
368 12
396 146
168 166
432 108
66 118
395 166
63 84
204 4
416 280
82 201
221 236
23 194
158 145
260 52
86 141
110 245
127 224
427 61
495 65
494 43
102 193
129 32
314 170
368 7
265 98
367 139
192 152
38 288
199 246
20 219
331 282
403 146
467 62
415 158
335 211
492 257
223 174
360 167
127 85
97 45
439 139
330 28
430 35
462 60
117 297
158 52
281 158
485 301
153 181
314 103
161 73
52 243
179 142
224 23
137 199
409 266
27 135
189 242
91 173
46 240
240 214
327 164
9 199
244 125
114 302
95 66
335 154
77 148
364 149
393 158
363 99
65 260
282 94
173 140
240 69
332 89
22 186
192 153
490 54
343 294
411 113
250 111
98 168
224 166
306 220
34 121
210 97
115 272
72 298
25 190
317 256
101 128
74 71
447 120
62 97
201 13
236 186
275 200
98 256
420 236
181 48
354 261
484 26
363 289
429 92
8 148
153 179
424 16
136 3
286 61
487 222
5 53
440 155
190 188
365 78
352 39
306 205
49 222
369 142
375 43
1 4
400 275
484 14
112 64
91 87
431 171
389 141
214 17
498 231
28 132
315 20
482 215
129 26
357 145
452 221
490 225
103 232
485 119
416 59
268 28
469 95
110 239
299 297
40 164
29 293
343 286
263 290
27 239
252 25
6 69
199 159
307 54
171 35
68 34
462 126
240 11
428 76
77 250
133 42
477 193
309 194
192 195
413 8
489 238
408 87
263 233
483 281
196 11
291 159
486 269
13 156
151 165
275 48
94 89
204 65
