86 123
117
28 27
43 102
57 9
55 74
44 57
45 16
28 35
30 43
31 76
61 30
1 55
78 57
32 99
69 84
68 40
21 51
60 20
58 115
57 31
9 24
81 107
68 28
33 60
12 119
6 101
72 3
37 21
1 37
36 107
28 4
14 112
55 7
82 92
42 115
85 4
54 104
41 74
18 81
67 42
60 27
8 15
7 40
28 81
37 41
61 43
52 100
76 111
80 47
64 6
50 115
4 96
68 68
79 92
39 30
37 15
6 85
12 50
80 57
70 106
33 62
48 82
64 69
11 80
23 54
67 94
31 54
62 3
41 26
8 9
2 25
64 32
46 109
78 28
64 16
53 107
32 81
29 112
53 27
49 81
7 24
68 37
2 45
43 53
67 77
74 122
14 24
60 45
59 28
14 97
49 55
80 117
15 71
34 104
74 14
40 75
9 61
47 83
46 4
31 104
13 64
12 74
80 30
67 23
33 1
57 118
24 116
45 64
72 111
14 106
79 122
48 40
28 16
70 72
57 18
70 33
23 62
70 74
