108 47
370
55 14
67 33
44 32
7 27
23 33
14 26
80 28
71 37
69 28
40 31
19 8
84 44
100 16
46 8
59 22
66 30
51 3
21 11
94 46
55 8
102 38
12 3
44 13
29 17
60 33
104 26
95 46
50 7
28 6
93 33
96 46
5 27
20 6
30 23
37 25
94 32
24 7
26 16
8 27
62 36
71 16
77 23
61 16
38 21
105 32
1 30
91 36
7 10
82 29
36 22
43 20
32 35
83 13
60 31
37 3
73 35
9 20
103 31
64 42
25 21
40 1
28 39
30 21
98 35
41 13
66 26
19 44
23 42
44 24
92 31
38 20
103 44
107 25
90 32
91 26
19 32
80 32
89 31
63 37
11 14
22 21
35 25
36 28
99 35
80 15
82 26
8 42
65 41
27 26
81 15
58 24
46 46
74 39
77 36
47 39
50 11
73 32
5 38
70 9
19 29
64 5
83 21
103 4
14 16
97 31
29 18
102 12
84 38
67 23
12 21
107 14
42 15
92 27
4 26
49 44
5 17
60 39
12 13
91 39
91 22
29 40
94 3
36 5
23 34
17 9
82 3
16 23
30 4
4 10
61 29
31 1
47 40
61 36
3 17
26 21
4 20
65 17
63 40
95 10
14 1
68 40
23 3
57 6
45 24
37 2
44 7
106 22
33 32
37 27
35 10
97 3
4 3
101 37
102 21
10 28
107 23
16 40
54 45
7 38
18 15
78 41
95 14
74 15
66 2
41 14
34 20
99 37
20 42
12 9
6 27
75 8
33 35
65 46
24 24
103 6
96 37
89 23
84 19
40 38
105 19
92 39
68 28
96 5
75 46
53 13
82 36
63 46
71 17
52 27
76 23
106 45
34 1
67 12
103 25
66 24
19 36
36 18
72 19
60 22
10 3
46 28
64 8
40 2
83 28
102 10
8 11
97 22
18 13
18 19
43 16
88 32
100 45
69 22
49 30
55 40
86 46
27 19
18 31
86 26
11 29
10 27
91 19
98 20
71 30
90 6
58 38
28 23
67 1
80 18
104 21
30 38
91 13
94 44
79 46
14 37
7 13
90 5
104 33
7 17
79 13
15 34
22 8
2 27
71 19
55 46
20 4
85 22
73 12
107 46
81 39
35 8
94 17
42 12
96 4
24 10
65 25
86 23
46 43
39 43
78 6
46 11
103 8
83 22
17 35
40 11
96 34
49 25
39 39
70 20
56 1
55 22
11 24
35 33
53 2
38 16
53 20
72 5
17 25
76 15
4 13
50 30
25 37
17 28
105 24
15 29
25 41
27 29
25 31
6 22
38 37
74 5
38 13
21 39
16 12
6 31
72 24
44 34
82 12
53 43
77 29
3 8
64 21
104 35
29 29
14 44
15 32
90 13
51 32
9 43
16 26
97 8
82 11
83 41
105 30
73 7
27 1
100 43
72 37
67 5
77 9
1 7
19 35
107 41
97 5
79 42
99 36
11 41
81 4
28 20
66 43
72 27
101 22
43 11
1 14
62 1
13 40
7 4
86 30
106 42
77 28
9 17
90 10
67 11
55 37
98 22
90 12
1 16
40 5
65 34
105 36
16 2
78 5
64 9
23 36
62 42
61 18
76 32
105 12
51 20
39 5
76 2
97 24
98 46
61 19
2 6
5 21
58 46
25 20
99 28
67 32
