32 123
243
25 38
27 30
27 92
8 58
20 40
15 51
20 81
18 92
25 110
6 53
11 18
19 73
21 66
10 108
7 100
12 12
3 1
12 25
18 8
19 80
23 7
26 119
28 86
18 75
21 113
5 114
26 24
11 65
3 42
31 64
20 67
20 15
6 33
6 17
14 97
15 88
31 18
12 114
27 12
7 61
17 108
11 41
13 66
15 24
2 45
19 8
19 54
16 66
6 84
7 112
17 51
5 33
19 113
17 10
3 115
21 99
14 70
12 9
28 75
27 63
4 78
27 44
27 6
6 70
1 34
27 70
7 42
31 70
17 14
8 42
12 28
5 74
6 27
14 91
8 95
11 10
22 74
29 52
9 99
27 14
12 54
3 34
4 107
12 66
19 106
30 100
25 107
29 72
11 52
9 15
23 36
24 19
29 11
18 53
4 13
26 84
23 122
12 45
5 29
21 91
9 88
20 93
23 85
7 14
9 26
4 14
29 40
3 75
23 44
1 88
27 23
12 59
11 22
24 42
16 64
10 51
30 76
27 69
25 49
13 26
5 1
23 96
20 116
8 4
26 7
2 93
10 30
26 44
8 75
25 102
22 95
24 55
22 115
20 99
30 77
24 67
27 79
15 45
1 17
6 76
24 29
1 23
16 41
17 99
9 41
16 81
14 114
16 47
14 52
18 24
12 110
23 56
5 45
15 94
28 32
24 47
24 100
26 57
28 121
1 96
18 95
25 100
2 50
25 32
24 75
17 82
21 114
16 100
5 115
20 80
15 56
29 44
21 72
28 64
10 89
26 99
2 37
3 22
30 48
9 1
28 10
8 33
1 75
6 7
13 21
17 57
30 50
3 54
20 75
18 37
9 61
29 83
22 62
29 81
26 102
2 80
4 97
17 118
8 99
8 65
10 94
11 101
13 117
26 39
4 20
4 62
7 50
8 6
22 100
7 102
8 112
7 73
6 11
24 110
27 56
16 14
27 93
21 29
1 72
19 10
4 80
30 91
21 33
15 119
23 102
2 19
28 55
15 76
10 58
15 18
12 24
20 9
17 36
8 14
29 56
19 27
27 67
6 62
4 116
5 35
30 120
13 113
15 113
