708 362
521
534 336
670 238
524 290
435 172
210 271
583 262
612 229
562 2
458 262
14 80
125 95
302 349
69 320
429 109
697 234
138 337
402 302
5 86
123 115
16 38
544 233
569 32
295 212
323 287
353 139
496 8
390 139
131 205
43 102
418 87
32 263
472 350
566 174
533 196
428 296
638 327
554 169
133 183
646 267
218 232
411 29
37 106
335 291
524 149
135 61
171 34
424 193
444 245
57 314
66 61
364 82
160 359
248 184
141 198
416 64
11 182
26 49
258 121
484 191
147 22
367 238
479 228
459 263
269 352
49 234
502 40
643 223
173 139
365 255
597 69
147 52
372 91
31 191
506 305
325 256
691 355
73 190
560 13
514 47
366 246
325 46
52 280
232 82
350 361
251 238
645 293
51 13
48 239
573 324
682 335
427 238
512 203
25 69
189 319
633 259
641 190
689 97
305 351
597 161
559 243
688 224
687 72
5 148
109 149
407 192
531 37
321 305
286 27
308 267
396 61
530 223
495 52
260 252
575 330
41 296
161 49
359 181
263 197
264 352
407 34
430 140
350 102
620 323
180 257
324 327
646 105
293 46
233 27
302 249
22 83
73 19
130 12
90 312
174 163
46 216
286 72
149 23
281 289
194 212
562 206
203 31
247 16
388 247
360 277
685 65
479 341
457 361
226 330
22 338
357 333
354 110
704 47
506 297
314 139
406 311
582 235
98 119
474 233
239 323
165 207
594 272
90 178
624 247
405 84
320 214
598 133
451 98
696 69
344 211
280 62
169 292
297 311
182 125
326 255
357 186
551 273
652 238
377 260
380 98
118 127
461 134
524 220
678 301
204 215
650 332
567 257
186 245
671 6
653 179
62 89
210 165
496 171
89 288
588 315
616 33
427 193
653 166
318 314
340 176
73 167
312 23
698 343
119 318
37 301
315 288
494 251
353 286
596 291
278 263
525 217
477 226
472 346
420 255
5 281
532 316
644 294
360 325
42 90
7 352
463 341
116 335
156 320
299 270
226 262
492 240
539 350
188 187
299 253
12 223
165 135
602 291
333 212
433 350
643 133
267 245
680 318
320 80
258 21
645 255
378 44
29 173
122 160
354 204
153 271
412 127
516 35
275 87
582 222
191 171
147 172
273 313
327 28
503 239
439 310
243 74
120 282
327 253
24 324
537 259
479 360
500 261
621 289
357 105
208 232
25 96
287 56
486 207
652 320
266 324
186 123
442 340
133 145
21 183
133 219
678 31
503 87
594 75
593 267
617 85
343 116
347 311
520 138
324 355
277 200
645 81
242 348
137 276
591 213
593 268
184 94
384 338
362 67
329 336
394 207
492 181
201 75
176 152
151 197
293 159
143 87
578 218
491 213
13 246
452 308
14 325
348 248
388 160
67 245
538 134
502 243
605 275
676 280
448 159
563 160
683 4
437 233
662 177
425 310
286 218
520 48
395 59
222 332
406 192
191 323
673 220
129 179
458 128
204 146
406 98
268 235
407 301
618 223
328 125
689 221
155 61
124 91
664 296
33 133
441 315
402 243
299 59
642 313
277 94
675 159
278 232
330 315
145 212
126 163
322 86
494 153
323 280
399 259
384 80
185 332
8 287
420 277
169 118
154 303
68 239
490 245
162 204
635 28
221 19
105 261
617 237
616 333
541 201
111 235
638 31
44 225
236 195
697 213
179 285
687 225
39 233
194 205
2 167
27 142
447 333
312 243
321 180
83 324
55 200
169 301
233 193
58 246
331 88
292 74
68 234
396 212
593 75
353 76
295 58
558 35
130 285
523 71
511 24
419 106
430 258
90 251
646 36
342 163
407 346
405 121
127 149
641 92
213 88
141 135
674 321
411 226
189 56
536 304
695 25
697 77
602 322
120 117
376 258
683 163
66 231
141 130
495 359
329 109
411 203
171 170
621 104
264 209
328 154
173 295
226 224
365 330
413 305
529 170
592 260
534 128
526 53
38 113
446 256
155 206
66 317
368 209
167 145
467 252
448 333
691 356
422 87
662 292
609 86
192 192
188 313
431 355
376 89
658 321
516 102
486 17
378 292
680 153
604 246
331 323
651 310
541 312
328 311
372 168
18 234
128 206
26 111
579 117
522 221
462 155
377 306
647 318
627 316
370 143
240 355
246 83
530 131
318 228
246 294
71 222
490 198
674 108
105 216
145 188
657 299
56 340
256 338
342 137
289 187
137 193
59 206
275 333
585 170
637 43
324 303
1 50
542 117
64 32
268 257
85 312
673 135
67 32
223 178
354 361
454 24
702 196
181 42
149 125
99 42
17 294
556 29
76 27
303 97
91 349
207 7
315 293
661 233
438 65
195 314
430 130
291 277
689 279
571 250
