60 381
124
18 71
48 305
23 10
29 11
44 218
55 361
59 51
16 110
8 353
20 181
11 124
53 167
31 231
54 127
39 270
42 341
28 345
17 269
28 342
44 378
15 120
57 108
41 16
45 214
2 146
22 63
16 199
31 61
17 84
13 145
55 102
8 341
21 234
55 22
16 259
30 348
59 297
10 70
1 72
1 178
12 278
28 5
13 170
8 240
6 100
4 37
50 48
25 250
54 227
50 357
16 137
23 353
8 231
18 101
57 303
38 210
46 268
47 352
23 111
8 217
44 122
45 163
50 77
29 306
23 15
11 34
41 126
30 122
6 127
10 307
22 185
46 197
6 361
30 179
52 250
22 319
17 338
33 372
8 313
41 45
17 14
9 342
33 153
32 204
36 155
34 284
49 109
6 86
50 5
48 332
37 208
17 177
4 139
49 5
39 275
58 204
25 225
55 162
40 296
38 68
39 68
21 254
41 241
47 262
56 133
56 4
20 142
49 237
45 23
54 170
13 16
49 57
52 233
46 140
38 28
33 1
31 346
24 312
9 140
35 31
38 123
9 157
27 364
29 249
