10 33
178
3 11
3 31
6 21
2 5
3 10
3 5
1 20
2 24
4 31
6 6
9 18
4 5
1 3
8 12
9 19
7 18
6 28
7 30
8 10
7 17
8 7
5 10
2 12
6 23
6 12
6 16
6 25
3 15
7 16
4 32
8 15
7 23
4 26
5 22
2 3
7 27
2 8
7 5
2 25
2 22
4 11
7 6
2 20
5 1
1 6
5 32
7 19
5 11
1 23
9 17
3 7
8 6
4 29
3 29
4 12
8 26
4 18
5 14
6 3
2 1
5 15
5 31
5 5
2 2
9 26
5 2
9 31
3 26
3 16
8 16
7 24
2 14
4 27
2 13
4 15
8 5
1 30
5 21
1 4
7 20
8 27
8 18
5 19
8 31
8 19
7 12
1 8
1 17
7 29
6 7
5 18
3 1
7 26
3 12
9 15
2 9
7 13
6 19
3 9
3 28
8 32
7 11
1 10
4 30
1 5
2 10
1 29
4 16
7 3
1 2
4 22
6 5
8 25
1 19
6 14
1 9
2 4
7 8
4 23
1 18
1 22
1 1
8 24
7 32
4 24
3 8
8 17
2 18
6 27
6 2
8 4
5 17
2 19
2 11
3 13
8 29
6 8
9 23
8 2
9 1
7 14
5 8
8 20
7 28
2 17
1 21
2 7
7 9
6 10
4 13
1 7
2 31
7 2
5 29
9 5
6 30
3 32
4 9
3 23
9 22
8 22
6 29
8 30
8 23
7 10
2 32
2 16
3 19
9 27
1 31
3 18
8 8
5 30
3 25
9 29
9 30
9 32
3 14
