201 305
702
104 154
92 59
63 207
140 233
42 84
187 63
157 165
18 124
116 18
73 111
24 62
148 208
156 81
184 4
176 140
82 268
168 143
136 288
136 264
28 25
163 304
182 84
74 196
15 258
196 45
86 276
63 59
81 163
43 7
28 209
165 76
91 69
93 2
131 41
140 204
176 87
71 256
11 248
177 253
197 163
183 107
157 102
56 198
33 25
90 237
134 294
128 74
101 226
98 227
5 270
124 63
91 28
187 259
192 20
195 155
134 49
50 269
144 224
159 7
189 226
169 200
47 163
195 208
60 97
108 145
146 76
148 78
35 190
37 71
101 51
59 227
152 252
74 34
162 32
131 127
88 105
61 286
173 303
105 140
71 80
155 44
197 49
73 76
26 126
54 104
171 52
112 80
135 12
40 170
182 103
139 182
27 36
51 21
170 257
199 39
197 86
176 259
55 147
169 85
40 120
178 212
88 10
97 134
120 215
40 275
31 76
156 297
60 213
132 192
156 150
27 270
53 150
15 260
77 295
114 27
6 275
54 294
198 185
170 95
103 46
69 299
191 165
160 191
195 43
3 115
102 77
145 184
13 126
23 173
74 88
188 25
13 212
34 299
100 203
87 174
35 28
31 239
3 256
138 88
197 269
69 66
37 105
115 244
7 296
55 171
113 5
80 96
104 280
175 220
52 269
14 171
24 202
136 141
63 205
81 103
189 242
39 65
47 272
105 199
119 153
74 171
119 189
85 154
78 43
42 102
166 256
122 89
134 123
100 97
23 142
186 250
47 40
133 176
71 286
89 300
193 227
150 137
71 151
103 7
93 99
106 34
12 7
189 127
184 77
144 247
190 169
57 134
8 171
73 210
108 126
47 90
26 259
58 81
7 282
43 271
59 255
142 155
16 248
199 78
151 171
197 171
130 58
105 166
59 51
89 25
11 51
168 219
173 111
78 62
19 35
17 243
45 142
35 40
59 160
141 237
167 25
94 103
64 158
147 46
150 130
118 134
91 288
43 19
143 76
198 188
56 48
144 25
77 120
172 227
80 108
11 188
122 299
174 24
68 181
5 282
181 70
1 184
113 126
72 237
6 264
113 4
123 22
152 225
135 64
51 83
71 126
13 17
60 252
86 261
76 117
108 58
12 265
88 176
100 41
61 300
183 302
22 16
82 234
172 128
157 277
72 242
85 220
155 10
183 180
182 281
77 230
92 282
60 15
32 158
130 175
22 136
53 244
32 170
50 21
143 132
35 276
143 165
28 61
51 45
48 199
122 206
118 147
198 235
94 266
196 223
139 34
172 180
154 267
156 154
1 215
8 227
20 1
78 276
124 199
169 244
71 203
100 76
74 6
44 262
46 212
117 9
136 152
176 65
112 9
166 94
120 297
118 127
199 132
8 273
200 140
16 71
103 185
182 195
174 187
193 281
156 8
112 158
145 277
167 61
126 127
32 129
36 123
91 236
131 252
141 151
114 41
16 165
194 110
179 46
158 51
182 119
6 155
27 205
36 66
133 196
128 34
140 150
118 291
58 31
8 288
192 7
105 274
151 224
30 291
160 54
93 284
7 304
182 25
23 151
51 143
34 229
157 217
89 265
136 70
92 253
69 245
150 283
19 193
159 69
1 174
54 10
51 254
21 267
177 254
116 272
41 116
187 43
157 300
136 249
67 142
26 247
59 176
58 177
110 265
137 252
4 165
44 282
112 136
134 177
188 6
178 207
60 93
65 253
177 255
191 152
92 174
46 87
30 179
18 75
35 244
135 235
43 109
169 298
161 303
11 16
121 13
137 176
170 81
97 76
175 104
23 301
200 31
97 276
141 99
186 29
61 83
160 209
27 203
125 65
90 113
72 199
187 141
179 64
41 286
69 70
12 219
54 80
186 82
77 225
54 130
175 64
57 241
178 185
172 84
65 171
196 34
98 45
103 2
145 35
145 199
124 4
58 110
166 63
51 288
43 76
141 210
55 175
102 157
107 297
200 44
196 261
183 128
20 213
93 164
133 221
164 123
159 74
187 244
95 186
1 202
7 93
79 20
150 25
79 80
23 197
139 119
183 260
163 46
130 272
86 30
95 120
184 252
28 297
182 224
33 52
51 182
138 58
49 203
44 162
78 153
161 265
124 88
147 59
50 248
75 214
119 264
42 111
99 69
144 204
129 5
30 150
19 181
159 179
143 230
173 192
196 111
108 94
195 80
66 133
168 177
57 159
134 59
39 244
71 57
191 26
132 45
154 179
154 229
33 299
135 193
9 11
99 275
171 14
47 83
35 44
180 175
11 234
17 134
134 243
164 242
77 110
22 125
157 211
185 74
173 35
4 229
167 158
90 290
154 117
21 112
125 234
11 202
134 70
37 41
12 57
158 237
106 197
128 57
164 245
44 289
200 135
117 249
37 195
128 93
160 224
31 2
198 2
88 85
44 21
186 174
141 131
118 24
152 51
94 288
124 71
44 235
178 91
197 177
35 210
78 6
191 84
27 298
83 263
180 117
32 21
190 101
113 7
63 98
145 19
170 246
142 211
7 230
26 280
169 139
130 110
111 92
106 28
161 224
163 234
159 32
46 277
178 198
75 261
117 91
72 111
15 167
82 94
59 31
119 137
169 155
48 228
107 160
18 55
195 116
179 166
5 221
89 61
87 129
133 73
113 291
175 8
91 183
161 186
33 50
90 285
137 139
73 110
50 63
99 135
94 206
28 128
4 206
21 131
61 63
147 266
188 120
153 274
69 17
154 162
69 142
25 101
17 208
42 34
30 9
177 207
32 12
161 11
149 170
159 5
49 61
133 267
186 265
162 227
24 200
193 127
10 206
70 151
164 68
152 96
45 251
133 186
187 165
190 133
138 36
74 82
6 81
66 236
57 243
14 70
38 246
164 3
11 190
25 62
135 232
153 213
198 180
108 259
145 280
78 23
176 80
195 124
95 283
75 149
57 228
175 280
200 174
112 143
127 89
147 36
96 199
153 119
99 143
98 282
97 170
147 245
175 16
83 111
44 109
149 137
169 91
5 199
35 107
124 250
148 252
18 274
15 283
62 235
155 81
42 150
76 272
151 215
53 232
146 122
17 36
2 238
178 228
153 132
90 189
73 154
198 249
78 49
161 79
111 290
187 65
183 132
98 2
28 182
127 289
62 160
192 278
191 238
37 171
