101 142
115
16 115
2 87
77 65
24 37
53 76
67 21
72 33
7 3
4 4
14 113
4 105
45 53
95 121
92 118
11 14
89 56
46 107
96 102
27 100
71 121
73 80
18 77
41 4
60 3
18 108
2 23
81 132
29 7
70 98
24 121
95 105
32 3
20 48
69 102
58 110
95 83
11 108
40 86
83 95
25 36
13 25
57 100
48 27
23 39
2 86
89 111
32 109
14 26
57 33
84 140
70 88
88 133
66 40
21 52
16 65
57 104
47 89
66 127
18 126
19 50
80 132
51 34
4 61
39 32
51 71
55 10
90 11
41 9
14 95
1 4
87 83
10 23
52 127
71 48
31 50
11 39
68 62
29 1
22 123
17 24
77 91
49 89
71 126
53 106
11 127
74 132
69 23
47 120
41 27
67 113
58 107
98 92
13 40
91 140
25 20
59 95
84 76
89 75
98 104
22 64
90 44
87 85
65 27
28 116
6 11
1 28
95 34
81 110
36 5
62 43
79 31
79 11
4 67
49 107
82 24
