110 197
120
46 164
65 26
1 193
14 160
8 25
42 131
26 124
41 148
45 175
9 73
104 190
67 97
106 149
53 132
102 8
83 138
68 192
99 39
61 83
24 78
97 127
68 51
11 149
88 53
26 107
38 190
19 176
93 119
64 119
96 193
23 135
43 167
99 1
94 176
24 72
52 154
105 168
76 40
53 115
71 70
15 115
56 186
61 16
52 14
49 169
36 187
29 183
33 20
69 42
33 139
95 93
3 182
42 44
15 164
43 160
9 132
78 76
63 49
2 1
52 7
45 110
3 172
67 156
6 161
73 11
39 5
48 11
80 33
88 72
84 79
98 156
5 61
14 95
86 142
54 158
68 10
98 176
47 184
93 189
107 157
48 28
48 29
95 19
30 51
44 10
76 11
8 106
31 145
6 110
78 22
103 58
52 15
91 44
32 50
60 151
23 42
98 46
26 55
17 41
95 40
33 166
3 142
33 167
78 91
20 16
41 181
39 94
76 9
68 162
39 42
72 130
55 51
78 105
32 135
41 14
48 181
29 146
100 129
43 185
91 38
