25
0 3 4 5 2 4 8 6 5 7 5 9 1 8 5 9 8 9 3 5 4 0 9 9 3 
3 0 1 2 1 2 1 1 1 2 1 3 1 3 2 3 3 3 2 1 1 0 1 3 1 
6 3 0 5 2 4 5 4 5 5 3 6 1 5 4 6 5 9 3 4 4 0 7 8 3 
9 3 4 0 2 4 9 7 9 9 6 9 1 9 5 9 9 9 3 6 4 0 9 9 3 
4 3 1 3 0 3 2 2 2 3 2 4 1 3 2 3 3 4 2 2 1 0 2 4 2 
5 3 3 3 2 0 3 3 3 4 2 4 1 4 3 5 3 6 2 2 3 0 4 6 3 
9 3 4 5 2 4 0 7 9 9 6 9 1 9 5 9 9 9 3 6 4 0 9 9 3 
9 3 4 5 2 4 9 0 6 7 6 9 1 9 5 9 9 9 3 6 4 0 9 9 3 
9 3 4 5 2 4 9 7 0 9 6 9 1 9 5 9 9 9 3 6 4 0 9 9 3 
9 3 4 5 2 4 9 7 9 0 6 9 1 9 5 9 9 9 3 6 4 0 9 9 3 
9 3 4 5 2 4 9 7 6 7 0 9 1 9 5 9 9 9 3 5 4 0 9 9 3 
9 3 4 5 2 4 9 7 8 8 6 0 1 9 5 9 9 9 3 6 4 0 9 9 3 
1 1 0 0 1 1 0 0 0 0 0 1 0 1 0 1 1 1 0 0 1 0 1 1 0 
9 3 4 5 2 4 9 7 9 9 6 9 1 0 5 9 9 9 3 6 4 0 9 9 3 
8 3 4 5 2 4 7 5 5 6 5 8 1 7 0 8 7 9 3 5 4 0 8 9 3 
9 3 4 5 2 4 9 7 7 8 6 9 1 9 5 0 9 9 3 6 4 0 9 9 3 
9 3 4 5 2 4 9 7 9 8 6 9 1 9 5 9 0 9 3 6 4 0 9 9 3 
9 3 4 6 2 4 9 7 9 9 6 9 1 9 5 9 9 0 3 6 4 0 9 9 3 
6 3 4 5 2 4 4 4 4 4 3 6 1 5 3 6 4 8 0 3 4 0 6 7 3 
9 3 4 5 2 4 9 7 6 7 6 9 1 9 5 9 9 9 3 0 4 0 9 9 3 
6 3 3 4 2 4 3 4 4 4 2 5 1 4 3 6 3 7 3 3 0 0 5 6 3 
2 2 1 1 1 2 1 1 0 1 1 2 1 2 1 2 2 2 1 1 1 0 1 2 0 
9 3 4 5 2 4 9 7 9 9 6 9 1 9 5 9 9 9 3 6 4 0 0 9 3 
7 3 4 5 2 4 6 4 5 6 4 7 1 6 5 7 6 9 3 4 4 0 8 0 3 
5 3 2 3 2 3 3 2 3 4 2 4 1 4 2 4 3 5 2 2 2 0 3 5 0 
