100
0 12 15 10 8 10 10 10 10 10 10 11 10 11 13 13 9 9 10 8 11 10 14 11 6 8 10 10 10 10 10 10 7 10 11 10 9 10 10 14 10 10 11 9 11 10 10 12 10 12 10 11 11 13 10 11 10 8 9 11 14 10 11 11 5 11 15 10 10 9 11 10 13 10 10 10 10 10 10 11 11 10 11 11 7 9 8 10 10 7 11 12 10 10 9 12 10 10 10 10 
8 0 11 5 4 10 8 8 10 8 10 9 9 5 8 6 5 4 7 5 11 8 8 11 4 5 4 6 6 10 7 10 5 10 6 10 5 5 8 7 10 7 7 5 9 6 9 5 6 11 10 9 11 8 7 9 10 7 6 9 8 4 9 11 5 11 15 7 9 6 11 6 10 10 10 6 9 7 9 11 11 4 5 8 5 1 5 10 8 2 11 12 10 9 6 10 10 5 8 8 
12 12 0 9 8 10 10 10 10 10 10 11 10 9 13 12 9 9 10 8 11 10 14 11 6 8 9 10 10 10 10 10 7 10 11 10 9 10 10 14 10 10 11 8 11 10 10 12 10 12 10 11 11 13 10 11 10 8 8 11 14 10 11 11 5 11 15 10 10 9 11 10 13 10 10 10 10 10 10 11 11 9 11 11 7 8 8 10 10 7 11 12 10 10 9 12 10 10 10 10 
12 12 15 0 10 10 10 11 10 10 10 11 10 11 13 15 11 10 10 10 11 10 14 11 10 10 10 10 10 10 10 10 10 10 11 10 10 10 10 14 10 10 11 11 11 10 10 13 10 12 10 11 11 14 10 11 10 11 11 11 14 11 11 11 6 11 15 10 10 11 11 10 13 10 10 10 10 10 10 11 11 11 12 11 11 12 12 10 14 10 11 12 10 10 10 12 10 12 10 10 
12 12 15 11 0 10 10 11 10 10 10 11 10 11 13 15 11 10 10 10 11 10 14 11 9 10 10 10 10 10 10 10 9 10 11 10 10 10 10 14 10 10 11 11 11 10 10 13 10 12 10 11 11 14 10 11 10 11 10 11 14 11 11 11 5 11 15 10 10 11 11 10 13 10 10 10 10 10 10 11 11 11 12 11 11 12 11 10 14 10 11 12 10 10 10 12 10 12 10 10 
8 12 11 5 4 0 8 8 10 8 10 9 9 5 8 6 5 4 7 5 11 8 8 11 4 5 4 6 6 10 7 10 5 10 6 10 5 5 8 7 10 7 7 5 9 6 9 5 6 11 10 9 11 8 7 9 10 7 6 9 8 4 9 11 5 11 15 7 10 6 11 6 11 10 10 6 9 8 9 11 11 4 5 8 5 1 5 10 8 2 11 12 10 9 6 10 10 5 8 8 
9 12 11 7 7 10 0 8 10 8 10 10 10 5 8 7 5 5 7 5 11 9 10 11 4 5 7 7 8 10 10 10 6 10 7 10 5 7 8 8 10 9 8 5 9 7 9 9 7 11 10 10 11 10 8 9 10 8 6 10 11 6 10 11 5 11 15 8 10 6 11 7 13 10 10 8 10 8 9 11 11 6 6 8 6 2 6 10 8 2 11 12 10 9 7 12 10 7 8 9 
12 12 15 11 9 10 10 0 10 10 10 11 10 11 13 15 11 10 10 10 11 10 14 11 8 10 10 10 10 10 10 10 8 10 11 10 10 10 10 14 10 10 11 11 11 10 10 13 10 12 10 11 11 14 10 11 10 11 10 11 14 11 11 11 5 11 15 10 10 11 11 10 13 10 10 10 10 10 10 11 11 11 12 11 10 12 11 10 14 10 11 12 10 10 10 12 10 12 10 10 
9 12 11 7 6 10 10 8 0 8 10 10 10 5 8 7 5 5 7 5 11 8 10 11 4 5 7 7 8 10 8 10 6 10 7 10 5 7 8 7 10 9 8 5 9 6 9 8 7 11 10 9 11 9 7 9 10 8 6 9 11 5 10 11 5 11 15 8 10 6 11 7 13 10 10 8 10 8 9 11 11 6 6 8 6 2 5 10 8 2 11 12 10 9 7 12 10 7 8 9 
12 12 15 10 8 10 10 10 10 0 10 11 10 11 13 13 10 9 10 8 11 10 14 11 6 9 10 10 10 10 10 10 7 10 11 10 9 10 10 14 10 10 11 10 11 10 10 13 10 12 10 11 11 14 10 11 10 8 10 11 14 10 11 11 5 11 15 10 10 9 11 10 13 10 10 10 10 10 10 11 11 11 11 11 8 10 8 10 11 7 11 12 10 10 10 12 10 10 10 10 
7 10 9 5 4 9 7 7 10 5 0 9 9 5 8 5 5 2 6 4 11 7 7 11 2 5 4 4 6 10 6 10 3 10 6 10 5 4 8 7 7 6 6 4 8 5 9 5 5 9 9 7 10 7 7 8 10 6 4 8 8 4 8 11 5 8 14 5 7 5 11 5 8 8 8 5 6 3 8 11 8 4 5 7 5 1 3 9 7 1 11 12 10 8 6 9 10 5 6 7 
10 12 14 8 7 10 10 8 10 10 10 0 10 7 13 11 6 7 9 6 11 10 14 11 4 8 9 9 10 10 10 10 7 10 11 10 8 10 10 10 10 10 11 5 9 10 9 9 9 12 10 10 11 13 10 9 10 8 7 10 13 8 11 11 5 11 15 10 10 8 11 9 13 10 10 10 10 9 10 11 11 6 9 8 7 4 6 10 8 4 11 12 10 10 9 12 10 9 10 10 
9 12 11 7 6 10 10 8 10 8 10 10 0 5 8 7 5 5 7 5 11 8 10 11 4 5 7 7 8 10 8 10 6 10 7 10 5 7 8 7 10 9 8 5 9 6 9 8 7 11 10 9 11 9 7 9 10 8 6 9 11 5 10 11 5 11 15 8 10 6 11 7 13 10 10 8 10 8 9 11 11 6 6 8 6 2 5 10 8 2 11 12 10 9 7 12 10 7 8 9 
12 12 15 10 8 10 10 10 10 10 10 11 10 0 13 13 9 9 10 8 11 10 14 11 6 8 10 10 10 10 10 10 7 10 11 10 9 10 10 14 10 10 11 9 11 10 10 12 10 12 10 11 11 13 10 11 10 8 9 11 14 10 11 11 5 11 15 10 10 9 11 10 13 10 10 10 10 10 10 11 11 10 11 11 7 9 8 10 10 7 11 12 10 10 9 12 10 10 10 10 
11 12 15 8 8 10 10 9 10 10 10 11 10 7 0 12 8 8 10 7 11 10 14 11 5 8 9 10 10 10 10 10 7 10 11 10 8 10 10 12 10 10 11 6 9 10 10 12 10 12 10 11 11 13 10 11 10 8 7 10 14 9 11 11 5 11 15 10 10 9 11 10 13 10 10 10 10 10 10 11 11 8 9 11 7 8 7 10 9 4 11 12 10 10 9 12 10 9 10 10 
12 12 15 11 10 10 10 11 10 10 10 11 10 11 13 0 11 10 10 10 11 10 14 11 8 10 10 10 10 10 10 10 8 10 11 10 10 10 10 14 10 10 11 11 11 10 10 13 10 12 10 11 11 14 10 11 10 11 10 11 14 11 11 11 5 11 15 10 10 11 11 10 13 10 10 10 10 10 10 11 11 11 12 11 11 12 11 10 14 10 11 12 10 10 10 12 10 12 10 10 
12 12 15 10 8 10 10 10 10 10 10 11 10 11 13 13 0 9 10 8 11 10 14 11 8 10 10 10 10 10 10 10 8 10 11 10 10 10 10 14 10 10 11 11 11 10 10 13 10 12 10 11 11 14 10 11 10 9 10 11 14 10 11 11 5 11 15 10 10 11 11 10 13 10 10 10 10 10 10 11 11 11 12 11 10 12 10 10 14 9 11 12 10 10 10 12 10 11 10 10 
12 12 15 10 8 10 10 10 10 10 10 11 10 11 13 15 11 0 10 9 11 10 14 11 8 10 10 10 10 10 10 10 8 10 11 10 10 10 10 14 10 10 11 11 11 10 10 13 10 12 10 11 11 14 10 11 10 10 10 11 14 11 11 11 5 11 15 10 10 11 11 10 13 10 10 10 10 10 10 11 11 11 12 11 10 12 10 10 14 9 11 12 10 10 10 12 10 12 10 10 
10 12 14 8 7 10 10 8 10 10 10 11 10 7 13 11 6 7 0 6 11 10 14 11 4 8 9 9 10 10 10 10 7 10 11 10 8 10 10 10 10 10 11 5 9 10 10 9 9 12 10 10 11 13 10 9 10 8 7 10 13 8 11 11 5 11 15 10 10 8 11 10 13 10 10 10 10 9 10 11 11 6 9 9 7 4 6 10 8 4 11 12 10 10 9 12 10 9 10 10 
12 12 15 12 10 10 10 11 10 10 10 11 10 11 13 15 11 10 10 0 11 10 14 11 10 10 10 10 10 10 10 10 10 10 11 10 10 10 10 14 10 10 11 11 11 10 10 13 10 12 10 11 11 14 10 11 10 11 11 11 14 11 11 11 6 11 15 10 10 11 11 10 13 10 10 10 10 10 10 11 11 11 12 11 11 12 12 10 14 10 11 12 10 10 10 12 10 12 10 10 
6 6 6 4 2 8 5 4 8 4 5 5 6 4 5 5 5 2 5 3 0 4 5 8 1 4 4 3 2 7 3 9 1 9 4 8 1 3 4 7 4 4 4 4 5 3 7 3 4 6 7 5 6 6 4 4 6 3 2 4 7 4 7 8 1 7 11 5 6 5 9 3 7 5 5 4 3 2 7 9 6 3 4 6 4 0 3 8 4 1 9 6 10 5 5 6 6 1 5 7 
9 12 14 8 7 10 10 8 10 9 10 10 10 6 10 10 6 7 9 5 11 0 13 11 4 7 9 9 10 10 10 10 6 10 10 10 7 9 10 8 10 9 8 5 9 9 9 9 9 11 10 10 11 13 8 9 10 8 7 10 13 7 11 11 5 11 15 9 10 8 11 8 13 10 10 10 10 8 10 11 11 6 8 8 7 2 6 10 8 3 11 12 10 10 9 12 10 7 9 10 
12 12 15 9 8 10 10 10 10 10 10 11 10 9 13 12 9 9 10 8 11 10 0 11 6 8 9 10 10 10 10 10 7 10 11 10 9 10 10 14 10 10 11 8 11 10 10 12 10 12 10 11 11 13 10 11 10 8 8 11 14 10 11 11 5 11 15 10 10 9 11 10 13 10 10 10 10 10 10 11 11 9 10 11 7 8 8 10 10 7 11 12 10 10 9 12 10 10 10 10 
7 10 10 5 4 10 7 8 10 6 10 9 9 5 8 5 5 2 7 4 11 7 8 0 3 5 4 4 6 10 6 10 5 10 6 10 5 4 8 7 7 6 6 4 8 5 9 5 6 9 9 7 10 7 7 8 10 6 5 8 8 4 8 11 5 9 15 5 7 5 11 5 8 8 9 6 6 3 8 11 8 4 5 8 5 1 3 10 8 1 11 12 10 8 6 9 10 5 6 7 
12 12 15 11 10 10 10 11 10 10 10 11 10 11 13 15 11 10 10 10 11 10 14 11 0 10 10 10 10 10 10 10 9 10 11 10 10 10 10 14 10 10 11 11 11 10 10 13 10 12 10 11 11 14 10 11 10 11 10 11 14 11 11 11 5 11 15 10 10 11 11 10 13 10 10 10 10 10 10 11 11 11 12 11 11 12 12 10 14 10 11 12 10 10 10 12 10 12 10 10 
12 12 15 10 8 10 10 10 10 10 10 11 10 11 13 13 10 9 10 8 11 10 14 11 8 0 10 10 10 10 10 10 8 10 11 10 10 10 10 14 10 10 11 11 11 10 10 13 10 12 10 11 11 14 10 11 10 9 10 11 14 10 11 11 5 11 15 10 10 11 11 10 13 10 10 10 10 10 10 11 11 11 12 11 9 12 9 10 13 9 11 12 10 10 10 12 10 11 10 10 
12 12 15 10 8 10 10 10 10 10 10 11 10 11 13 13 9 9 10 8 11 10 14 11 6 8 0 10 10 10 10 10 7 10 11 10 9 10 10 14 10 10 11 9 11 10 10 13 10 12 10 11 11 14 10 11 10 8 9 11 14 10 11 11 5 11 15 10 10 9 11 10 13 10 10 10 10 10 10 11 11 10 11 11 7 9 8 10 11 7 11 12 10 10 9 12 10 10 10 10 
10 12 15 8 8 10 10 8 10 10 10 11 10 7 13 12 7 7 10 6 11 10 14 11 5 8 9 0 10 10 10 10 7 10 11 10 8 10 10 10 10 10 11 5 9 10 10 9 10 12 10 10 11 13 10 11 10 8 7 10 14 8 11 11 5 11 15 10 10 9 11 10 13 10 10 10 10 10 10 11 11 7 9 9 7 5 7 10 9 4 11 12 10 10 9 12 10 9 10 10 
10 12 14 8 7 10 10 8 10 9 10 10 10 7 10 10 6 7 9 6 11 10 13 11 4 7 9 9 0 10 10 10 6 10 11 10 8 9 10 8 10 9 8 5 9 9 9 9 9 11 10 10 11 13 8 9 10 8 7 10 13 7 11 11 5 11 15 9 10 8 11 8 13 10 10 10 10 9 10 11 11 6 8 8 7 3 6 10 8 3 11 12 10 10 9 12 10 7 9 10 
8 11 11 5 4 10 7 8 10 6 10 9 9 5 8 5 5 2 7 4 11 7 8 11 4 5 4 5 6 0 7 10 5 10 6 10 5 4 8 7 10 6 6 4 8 5 9 5 6 11 10 7 10 8 7 8 10 6 5 9 8 4 8 11 5 10 15 5 8 5 11 5 10 8 10 6 7 4 8 11 9 4 5 8 5 1 3 10 8 1 11 12 10 8 6 10 10 5 6 7 
9 12 11 7 7 10 10 8 10 8 10 10 10 5 9 7 5 5 7 5 11 9 10 11 4 6 8 7 8 10 0 10 6 10 7 10 5 7 9 8 10 9 8 5 9 8 9 9 8 11 10 10 11 11 8 9 10 8 6 10 11 6 10 11 5 11 15 8 10 6 11 8 13 10 10 8 10 8 10 11 11 6 6 8 6 2 6 10 8 2 11 12 10 9 7 12 10 7 8 9 
6 6 6 4 3 8 7 4 9 5 8 8 7 5 5 5 5 2 5 3 11 4 6 9 2 4 4 4 4 8 5 0 1 9 5 10 3 3 5 7 6 4 6 4 6 4 8 5 5 8 7 6 9 6 6 6 8 4 3 7 7 4 8 8 4 8 11 5 6 5 10 3 7 5 7 4 4 3 7 10 8 3 4 6 4 1 3 8 6 1 10 7 10 6 5 6 7 3 5 7 
12 12 15 12 10 10 10 11 10 10 10 11 10 11 13 15 11 10 10 11 11 10 14 11 10 10 10 10 10 10 10 10 0 10 11 10 10 10 10 14 10 10 11 11 11 10 10 13 10 12 10 11 11 14 10 11 10 11 11 11 14 11 11 11 6 11 15 10 10 11 11 10 13 10 10 10 10 10 10 11 11 11 12 11 11 12 12 10 14 10 11 12 10 10 10 12 10 12 10 10 
8 12 11 5 5 10 9 8 10 8 10 9 9 5 8 6 5 5 7 5 11 8 8 11 4 5 5 6 6 10 7 10 6 0 6 10 5 6 8 7 10 7 7 5 9 6 9 5 7 11 10 9 11 9 7 9 10 7 6 9 8 5 9 11 5 11 15 8 10 6 11 6 12 10 10 8 9 8 9 11 11 4 5 8 5 2 5 10 8 2 11 12 10 9 6 10 10 5 8 8 
10 12 15 8 8 10 10 8 10 10 10 11 10 7 13 12 8 8 10 6 11 10 14 11 5 8 9 10 10 10 10 10 7 10 0 10 8 10 10 12 10 10 11 5 9 10 10 9 10 12 10 11 11 13 10 11 10 8 7 10 14 9 11 11 5 11 15 10 10 9 11 10 13 10 10 10 10 10 10 11 11 7 9 9 7 6 7 10 9 4 11 12 10 10 9 12 10 9 10 10 
8 11 11 5 4 10 7 8 10 6 10 9 9 5 8 5 5 2 7 4 11 7 8 11 3 5 4 5 6 10 7 10 5 10 6 0 5 4 8 7 10 6 6 4 8 5 9 5 6 11 10 7 10 7 7 8 10 6 5 9 8 4 8 11 5 9 15 5 8 5 11 5 10 8 10 6 7 4 8 11 8 4 5 8 5 1 3 10 8 1 11 12 10 8 6 9 10 5 6 7 
12 12 15 10 8 10 10 10 10 10 10 11 10 11 13 13 10 9 10 8 11 10 14 11 6 9 10 10 10 10 10 10 7 10 11 10 0 10 10 14 10 10 11 10 11 10 10 13 10 12 10 11 11 14 10 11 10 8 10 11 14 10 11 11 5 11 15 10 10 9 11 10 13 10 10 10 10 10 10 11 11 11 11 11 9 10 9 10 13 7 11 12 10 10 10 12 10 10 10 10 
12 12 15 8 8 10 10 10 10 10 10 11 10 8 13 12 9 8 10 7 11 10 14 11 6 8 9 10 10 10 10 10 7 10 11 10 9 0 10 13 10 10 11 7 11 10 10 12 10 12 10 11 11 13 10 11 10 8 8 11 14 10 11 11 5 11 15 10 10 9 11 10 13 10 10 10 10 10 10 11 11 9 9 11 7 8 8 10 9 6 11 12 10 10 9 12 10 10 10 10 
9 12 11 8 7 10 10 8 10 8 10 10 10 5 9 8 6 7 9 5 11 9 12 11 4 7 8 9 10 10 10 10 6 10 8 10 6 9 0 8 10 9 8 5 9 9 9 9 9 11 10 10 11 13 8 9 10 8 7 10 11 7 10 11 5 11 15 8 10 8 11 8 13 10 10 9 10 8 10 11 11 6 6 8 6 2 6 10 8 3 11 12 10 10 9 12 10 7 9 10 
12 12 15 10 8 10 10 10 10 10 10 11 10 11 13 13 9 9 10 8 11 10 14 11 6 8 10 10 10 10 10 10 7 10 11 10 9 10 10 0 10 10 11 9 11 10 10 12 10 12 10 11 11 13 10 11 10 8 9 11 14 10 11 11 5 11 15 10 10 9 11 10 13 10 10 10 10 10 10 11 11 10 11 11 7 9 8 10 10 7 11 12 10 10 9 12 10 10 10 10 
8 12 11 6 5 10 9 8 10 8 10 10 9 5 8 7 5 5 7 5 11 8 9 11 4 5 5 6 8 10 8 10 6 10 6 10 5 6 8 7 0 8 7 5 9 6 9 5 7 11 10 9 11 9 7 9 10 7 6 9 9 5 10 11 5 11 15 8 10 6 11 7 13 10 10 8 10 8 9 11 11 5 5 8 5 2 5 10 8 2 11 12 10 9 6 10 10 5 8 8 
11 12 15 8 8 10 10 10 10 10 10 11 10 8 13 12 8 8 10 7 11 10 14 11 5 8 9 10 10 10 10 10 7 10 11 10 9 10 10 13 10 0 11 7 11 10 10 12 10 12 10 11 11 13 10 11 10 8 8 11 14 10 11 11 5 11 15 10 10 9 11 10 13 10 10 10 10 10 10 11 11 9 9 11 7 8 7 10 9 5 11 12 10 10 9 12 10 9 10 10 
10 12 14 8 7 10 10 8 10 10 10 11 10 7 13 11 7 7 10 6 11 10 14 11 4 8 9 9 10 10 10 10 7 10 11 10 8 10 10 10 10 10 0 5 9 10 10 9 9 12 10 10 11 13 10 9 10 8 7 10 13 8 11 11 5 11 15 10 10 8 11 10 13 10 10 10 10 9 10 11 11 6 9 9 7 4 6 10 9 4 11 12 10 10 9 12 10 9 10 10 
12 12 15 10 8 10 10 10 10 10 10 11 10 11 13 13 10 9 10 8 11 10 14 11 7 10 10 10 10 10 10 10 8 10 11 10 10 10 10 14 10 10 11 0 11 10 10 13 10 12 10 11 11 14 10 11 10 9 10 11 14 10 11 11 5 11 15 10 10 11 11 10 13 10 10 10 10 10 10 11 11 11 12 11 9 12 9 10 13 8 11 12 10 10 10 12 10 11 10 10 
11 12 15 8 8 10 10 10 10 10 10 11 10 8 13 12 8 8 10 7 11 10 14 11 5 8 9 10 10 10 10 10 7 10 11 10 9 10 10 13 10 10 11 7 0 10 10 12 10 12 10 11 11 13 10 11 10 8 8 11 14 10 11 11 5 11 15 10 10 9 11 10 13 10 10 10 10 10 10 11 11 9 9 11 7 8 7 10 9 5 11 12 10 10 9 12 10 9 10 10 
10 12 14 8 7 10 10 8 10 9 10 10 10 7 12 10 6 7 9 6 11 10 14 11 4 8 9 9 10 10 10 10 6 10 11 10 8 10 10 10 10 9 11 5 9 0 9 9 9 12 10 10 11 13 8 9 10 8 7 10 13 7 11 11 5 11 15 10 10 8 11 8 13 10 10 10 10 9 10 11 11 6 8 8 7 4 6 10 8 4 11 12 10 10 9 12 10 9 9 10 
12 12 15 11 8 10 10 10 10 10 10 11 10 11 13 15 11 10 10 9 11 10 14 11 8 10 10 10 10 10 10 10 8 10 11 10 10 10 10 14 10 10 11 11 11 10 0 13 10 12 10 11 11 14 10 11 10 10 10 11 14 11 11 11 5 11 15 10 10 11 11 10 13 10 10 10 10 10 10 11 11 11 12 11 10 12 10 10 14 9 11 12 10 10 10 12 10 12 10 10 
12 12 15 10 8 10 10 10 10 10 10 11 10 11 13 13 10 9 10 8 11 10 14 11 6 9 10 10 10 10 10 10 7 10 11 10 9 10 10 14 10 10 11 10 11 10 10 0 10 12 10 11 11 14 10 11 10 8 10 11 14 10 11 11 5 11 15 10 10 9 11 10 13 10 10 10 10 10 10 11 11 11 11 11 8 10 8 10 12 7 11 12 10 10 10 12 10 10 10 10 
12 12 15 10 8 10 10 10 10 10 10 11 10 11 13 13 10 9 10 8 11 10 14 11 6 9 10 10 10 10 10 10 7 10 11 10 9 10 10 14 10 10 11 10 11 10 10 13 0 12 10 11 11 14 10 11 10 8 10 11 14 10 11 11 5 11 15 10 10 9 11 10 13 10 10 10 10 10 10 11 11 11 11 11 9 10 8 10 12 7 11 12 10 10 10 12 10 10 10 10 
10 12 14 8 7 10 10 8 10 10 10 11 10 7 13 11 6 7 9 6 11 10 14 11 4 8 9 9 10 10 10 10 7 10 11 10 8 10 10 10 10 10 11 5 9 10 9 9 9 0 10 10 11 13 10 9 10 8 7 10 13 8 11 11 5 11 15 10 10 8 11 9 13 10 10 10 10 9 10 11 11 6 9 9 7 4 6 10 8 4 11 12 10 10 9 12 10 9 10 10 
8 12 11 6 5 10 9 8 10 8 10 9 9 5 8 6 5 5 7 5 11 8 8 11 4 5 5 6 7 10 8 10 6 10 6 10 5 6 8 7 10 7 7 5 9 6 9 5 7 11 0 9 11 9 7 9 10 7 6 9 8 5 10 11 5 11 15 8 10 6 11 7 12 10 10 8 9 8 9 11 11 4 5 8 5 2 5 10 8 2 11 12 10 9 6 10 10 5 8 8 
11 12 15 8 8 10 10 10 10 10 10 11 10 8 13 12 8 8 10 7 11 10 14 11 5 8 9 10 10 10 10 10 7 10 11 10 9 10 10 13 10 10 11 7 11 10 10 12 10 12 10 0 11 13 10 11 10 8 8 11 14 10 11 11 5 11 15 10 10 9 11 10 13 10 10 10 10 10 10 11 11 8 9 11 7 8 7 10 9 5 11 12 10 10 9 12 10 9 10 10 
8 12 11 5 5 10 9 8 10 8 10 9 9 5 8 6 5 5 7 5 11 8 8 11 4 5 5 6 6 10 7 10 6 10 6 10 5 5 8 7 10 7 7 5 9 6 9 5 7 11 10 9 0 8 7 9 10 7 6 9 8 5 9 11 5 11 15 8 10 6 11 6 11 10 10 8 9 8 9 11 11 4 5 8 5 2 5 10 8 2 11 12 10 9 6 10 10 5 8 8 
12 12 15 10 8 10 10 10 10 10 10 11 10 11 13 13 9 9 10 8 11 10 14 11 6 8 10 10 10 10 10 10 7 10 11 10 9 10 10 14 10 10 11 9 11 10 10 13 10 12 10 11 11 0 10 11 10 8 9 11 14 10 11 11 5 11 15 10 10 9 11 10 13 10 10 10 10 10 10 11 11 10 11 11 7 9 8 10 11 7 11 12 10 10 9 12 10 10 10 10 
10 12 14 8 7 10 10 8 10 9 10 11 10 7 13 10 6 7 9 6 11 10 14 11 4 8 9 9 10 10 10 10 7 10 11 10 8 10 10 10 10 10 11 5 9 10 9 9 9 12 10 10 11 13 0 9 10 8 7 10 13 8 11 11 5 11 15 10 10 8 11 9 13 10 10 10 10 9 10 11 11 6 9 8 7 4 6 10 8 4 11 12 10 10 9 12 10 9 10 10 
10 12 15 8 8 10 10 8 10 10 10 11 10 7 13 12 7 8 10 6 11 10 14 11 5 8 9 10 10 10 10 10 7 10 11 10 8 10 10 11 10 10 11 5 9 10 10 9 10 12 10 11 11 13 10 0 10 8 7 10 14 8 11 11 5 11 15 10 10 9 11 10 13 10 10 10 10 10 10 11 11 7 9 9 7 5 7 10 9 4 11 12 10 10 9 12 10 9 10 10 
7 10 9 5 4 9 7 6 10 5 10 9 9 5 8 5 5 2 6 4 11 7 7 11 2 5 4 4 6 10 5 10 3 9 6 10 5 4 8 7 7 5 6 4 8 5 9 5 5 9 9 7 10 7 7 7 0 6 3 8 8 4 8 11 5 8 14 5 7 5 11 5 8 8 8 5 6 3 8 11 8 4 5 7 5 1 3 9 7 1 11 12 10 8 5 8 10 5 6 7 
12 12 15 11 10 10 10 11 10 10 10 11 10 11 13 15 11 10 10 10 11 10 14 11 9 10 10 10 10 10 10 10 9 10 11 10 10 10 10 14 10 10 11 11 11 10 10 13 10 12 10 11 11 14 10 11 10 0 10 11 14 11 11 11 5 11 15 10 10 11 11 10 13 10 10 10 10 10 10 11 11 11 12 11 11 12 11 10 14 10 11 12 10 10 10 12 10 12 10 10 
12 12 15 12 10 10 10 11 10 10 10 11 10 11 13 15 11 10 10 11 11 10 14 11 10 10 10 10 10 10 10 10 10 10 11 10 10 10 10 14 10 10 11 11 11 10 10 13 10 12 10 11 11 14 10 11 10 11 0 11 14 11 11 11 8 11 15 10 10 11 11 10 13 10 10 10 10 10 10 11 11 11 12 11 11 12 12 10 14 10 11 12 10 10 10 12 10 12 10 10 
11 12 15 8 8 10 10 10 10 10 10 11 10 8 13 12 8 8 10 7 11 10 14 11 5 8 9 10 10 10 10 10 7 10 11 10 9 10 10 13 10 10 11 7 11 10 10 12 10 12 10 11 11 13 10 11 10 8 8 0 14 10 11 11 5 11 15 10 10 9 11 10 13 10 10 10 10 10 10 11 11 8 9 11 7 8 7 10 9 5 11 12 10 10 9 12 10 9 10 10 
12 12 15 10 8 10 10 10 10 10 10 11 10 11 13 13 9 9 10 8 11 10 14 11 6 8 10 10 10 10 10 10 7 10 11 10 9 10 10 14 10 10 11 9 11 10 10 12 10 12 10 11 11 14 10 11 10 8 9 11 0 10 11 11 5 11 15 10 10 9 11 10 13 10 10 10 10 10 10 11 11 10 11 11 7 9 8 10 10 7 11 12 10 10 9 12 10 10 10 10 
12 12 15 10 8 10 10 10 10 10 10 11 10 11 13 14 11 10 10 9 11 10 14 11 8 10 10 10 10 10 10 10 8 10 11 10 10 10 10 14 10 10 11 11 11 10 10 13 10 12 10 11 11 14 10 11 10 9 10 11 14 0 11 11 5 11 15 10 10 11 11 10 13 10 10 10 10 10 10 11 11 11 12 11 10 12 10 10 14 9 11 12 10 10 10 12 10 12 10 10 
10 12 14 8 7 10 10 8 10 9 10 10 10 7 12 10 6 7 9 6 11 10 13 11 4 8 9 9 10 10 10 10 6 10 11 10 8 9 10 10 10 9 10 5 9 10 9 9 9 11 10 10 11 13 8 9 10 8 7 10 13 7 0 11 5 11 15 10 10 8 11 8 13 10 10 10 10 9 10 11 11 6 8 8 7 4 6 10 8 4 11 12 10 10 9 12 10 8 9 10 
7 10 9 5 4 9 7 6 10 5 9 8 9 5 7 5 5 2 6 4 11 7 6 11 2 5 4 4 6 8 5 10 2 9 6 10 5 4 8 7 7 5 6 4 8 5 9 5 5 9 9 6 10 6 7 7 10 6 3 8 8 4 8 0 5 8 14 5 6 5 11 5 8 8 8 5 6 3 8 11 8 4 5 7 5 1 3 9 7 1 11 12 10 7 5 8 10 5 6 7 
12 12 15 12 10 10 10 11 10 10 10 11 10 11 13 15 11 10 10 11 11 10 14 11 10 10 10 10 10 10 10 10 10 10 11 10 10 10 10 14 10 10 11 11 11 10 10 13 10 12 10 11 11 14 10 11 10 11 13 11 14 11 11 11 0 11 15 10 10 11 11 10 13 10 10 10 10 10 10 11 11 11 12 11 11 12 12 10 14 10 11 12 10 10 10 12 10 12 10 10 
8 12 11 5 4 10 8 8 10 8 10 9 9 5 8 6 5 3 7 5 11 8 8 11 4 5 4 6 6 10 7 10 5 10 6 10 5 5 8 7 10 7 6 5 9 6 9 5 6 11 10 9 11 8 7 8 10 7 6 9 8 4 9 11 5 0 15 7 9 6 11 6 10 9 10 6 9 7 8 11 10 4 5 8 5 1 4 10 8 2 11 12 10 9 6 10 10 5 7 8 
8 12 11 6 6 10 10 8 10 8 10 10 9 5 8 7 5 5 7 5 11 8 9 11 4 5 5 6 8 10 8 10 6 10 7 10 5 6 8 7 10 8 7 5 9 6 9 6 7 11 10 9 11 9 7 9 10 7 6 9 11 5 10 11 5 11 0 8 10 6 11 7 13 10 10 8 10 8 9 11 11 5 5 8 6 2 5 10 8 2 11 12 10 9 6 10 10 6 8 8 
10 12 14 8 7 10 10 8 10 9 10 11 10 7 13 11 6 7 9 6 11 10 14 11 4 8 9 9 10 10 10 10 7 10 11 10 8 10 10 10 10 10 11 5 9 10 9 9 9 12 10 10 11 13 10 9 10 8 7 10 13 8 11 11 5 11 15 0 10 8 11 9 13 10 10 10 10 9 10 11 11 6 9 8 7 4 6 10 8 4 11 12 10 10 9 12 10 9 10 10 
8 12 11 5 4 10 8 8 10 8 10 9 9 5 8 6 5 4 7 5 11 8 8 11 4 5 4 6 6 10 7 10 5 10 6 10 5 5 8 7 10 7 7 5 9 6 9 5 6 11 10 9 11 8 7 9 10 7 6 9 8 4 9 11 5 11 15 7 0 6 11 6 11 10 10 6 9 8 9 11 11 4 5 8 5 1 5 10 8 2 11 12 10 9 6 10 10 5 8 8 
12 12 15 12 10 10 10 11 10 10 10 11 10 11 13 15 11 10 10 10 11 10 14 11 10 10 10 10 10 10 10 10 10 10 11 10 10 10 10 14 10 10 11 11 11 10 10 13 10 12 10 11 11 14 10 11 10 11 11 11 14 11 11 11 6 11 15 10 10 0 11 10 13 10 10 10 10 10 10 11 11 11 12 11 11 12 12 10 14 10 11 12 10 10 10 12 10 12 10 10 
6 9 7 4 3 9 7 5 9 5 9 8 9 5 6 5 5 2 6 3 11 7 6 10 2 4 4 4 5 8 5 10 2 9 6 10 5 4 6 7 6 4 6 4 6 5 9 5 5 9 9 6 10 6 7 6 9 5 3 8 8 4 8 9 5 8 14 5 6 5 0 5 8 7 8 5 6 3 8 11 8 4 5 7 5 1 3 8 6 1 10 10 10 7 5 7 8 5 5 7 
10 12 15 8 8 10 10 8 10 10 10 11 10 7 13 12 7 7 10 6 11 10 14 11 5 8 9 10 10 10 10 10 7 10 11 10 8 10 10 10 10 10 11 5 9 10 10 9 10 12 10 10 11 13 10 11 10 8 7 10 14 8 11 11 5 11 15 10 10 9 11 0 13 10 10 10 10 10 10 11 11 7 9 9 7 5 6 10 9 4 11 12 10 10 9 12 10 9 10 10 
9 12 11 7 7 10 10 8 10 8 10 10 10 5 9 7 5 5 7 5 11 9 11 11 4 6 8 7 8 10 10 10 6 10 7 10 5 8 10 8 10 9 8 5 9 8 9 9 8 11 10 10 11 12 8 9 10 8 6 10 11 6 10 11 5 11 15 8 10 7 11 8 0 10 10 8 10 8 10 11 11 6 6 8 6 2 6 10 8 2 11 12 10 9 8 12 10 7 9 9 
9 12 11 8 7 10 10 8 10 8 10 10 10 5 9 8 5 5 7 5 11 9 11 11 4 7 8 8 9 10 10 10 6 10 7 10 5 8 10 8 10 9 8 5 9 8 9 9 8 11 10 10 11 13 8 9 10 8 6 10 11 7 10 11 5 11 15 8 10 8 11 8 13 0 10 9 10 8 10 11 11 6 6 8 6 2 6 10 8 2 11 12 10 10 8 12 10 7 9 9 
8 12 11 5 4 10 8 8 10 7 10 9 9 5 8 5 5 3 7 4 11 7 8 11 4 5 4 5 6 10 7 10 5 10 6 10 5 5 8 7 10 7 6 5 9 5 9 5 6 11 10 9 11 8 7 8 10 7 6 9 8 4 8 11 5 11 15 6 8 6 11 6 10 8 0 6 8 7 8 11 10 4 5 8 5 1 4 10 8 2 11 12 10 9 6 10 10 5 7 8 
12 12 15 9 8 10 10 10 10 10 10 11 10 9 13 12 9 9 10 8 11 10 14 11 6 8 9 10 10 10 10 10 7 10 11 10 9 10 10 14 10 10 11 8 11 10 10 12 10 12 10 11 11 13 10 11 10 8 8 11 14 10 11 11 5 11 15 10 10 9 11 10 13 10 10 0 10 10 10 11 11 9 11 11 7 8 8 10 10 7 11 12 10 10 9 12 10 10 10 10 
10 12 14 8 7 10 10 8 10 9 10 10 10 7 12 10 6 7 9 6 11 10 14 11 4 8 9 9 10 10 10 10 6 10 11 10 8 10 10 10 10 9 11 5 9 10 9 9 9 12 10 10 11 13 9 9 10 8 7 10 13 7 11 11 5 11 15 10 10 8 11 8 13 10 10 10 0 9 10 11 11 6 8 8 7 4 6 10 8 4 11 12 10 10 9 12 10 9 10 10 
10 12 15 8 8 10 10 8 10 10 10 11 10 7 13 12 7 7 10 6 11 10 14 11 5 8 9 10 10 10 10 10 7 10 11 10 8 10 10 10 10 10 11 5 9 10 10 9 10 12 10 10 11 13 10 11 10 8 7 10 14 8 11 11 5 11 15 10 10 9 11 10 13 10 10 10 10 0 10 11 11 7 9 9 7 5 6 10 9 4 11 12 10 10 9 12 10 9 10 10 
9 12 11 8 7 10 10 8 10 8 10 10 10 5 9 8 5 5 7 5 11 9 11 11 4 7 8 9 9 10 10 10 6 10 7 10 5 8 10 8 10 9 8 5 9 8 9 9 8 11 10 10 11 13 8 9 10 8 7 10 11 7 10 11 5 11 15 8 10 8 11 8 13 10 10 9 10 8 0 11 11 6 6 8 6 2 6 10 8 2 11 12 10 10 8 12 10 7 9 9 
7 10 9 5 4 9 7 6 10 5 10 9 9 5 8 5 5 2 6 4 11 7 7 11 2 5 4 4 6 8 5 10 3 9 6 10 5 4 8 7 7 5 6 4 8 5 9 5 5 9 9 7 10 6 7 7 10 6 3 8 8 4 8 11 5 8 14 5 6 5 11 5 8 8 8 5 6 3 8 0 8 4 5 7 5 1 3 9 7 1 11 12 10 8 5 8 10 5 6 7 
9 12 11 7 6 10 10 8 10 8 10 10 10 5 8 7 5 5 7 5 11 8 10 11 4 5 7 7 8 10 8 10 6 10 7 10 5 7 8 7 10 9 8 5 9 6 9 9 7 11 10 9 11 9 7 9 10 8 6 9 11 5 10 11 5 11 15 8 10 6 11 7 13 10 10 8 10 8 9 11 0 6 6 8 6 2 5 10 8 2 11 12 10 9 7 12 10 7 8 9 
12 12 15 10 8 10 10 10 10 10 10 11 10 11 13 13 9 9 10 8 11 10 14 11 6 9 10 10 10 10 10 10 7 10 11 10 9 10 10 14 10 10 11 10 11 10 10 13 10 12 10 11 11 14 10 11 10 8 9 11 14 10 11 11 5 11 15 10 10 9 11 10 13 10 10 10 10 10 10 11 11 0 11 11 8 9 8 10 11 7 11 12 10 10 10 12 10 10 10 10 
12 12 15 10 8 10 10 10 10 10 10 11 10 11 13 13 10 9 10 8 11 10 14 11 8 10 10 10 10 10 10 10 8 10 11 10 10 10 10 14 10 10 11 11 11 10 10 13 10 12 10 11 11 14 10 11 10 9 10 11 14 10 11 11 5 11 15 10 10 11 11 10 13 10 10 10 10 10 10 11 11 11 0 11 9 12 9 10 14 9 11 12 10 10 10 12 10 11 10 10 
12 12 15 8 8 10 10 10 10 10 10 11 10 8 13 12 9 9 10 8 11 10 14 11 6 8 9 10 10 10 10 10 7 10 11 10 9 10 10 13 10 10 11 7 11 10 10 12 10 12 10 11 11 13 10 11 10 8 8 11 14 10 11 11 5 11 15 10 10 9 11 10 13 10 10 10 10 10 10 11 11 9 9 0 7 8 8 10 9 7 11 12 10 10 9 12 10 10 10 10 
12 12 15 11 10 10 10 11 10 10 10 11 10 11 13 15 11 10 10 10 11 10 14 11 10 10 10 10 10 10 10 10 9 10 11 10 10 10 10 14 10 10 11 11 11 10 10 13 10 12 10 11 11 14 10 11 10 11 10 11 14 11 11 11 5 11 15 10 10 11 11 10 13 10 10 10 10 10 10 11 11 11 12 11 0 12 12 10 14 10 11 12 10 10 10 12 10 12 10 10 
12 12 15 10 8 10 10 10 10 10 10 11 10 11 13 13 10 9 10 8 11 10 14 11 7 10 10 10 10 10 10 10 8 10 11 10 10 10 10 14 10 10 11 11 11 10 10 13 10 12 10 11 11 14 10 11 10 9 10 11 14 10 11 11 5 11 15 10 10 11 11 10 13 10 10 10 10 10 10 11 11 11 12 11 9 0 9 10 13 9 11 12 10 10 10 12 10 11 10 10 
12 12 15 12 10 10 10 11 10 10 10 11 10 11 13 15 11 10 10 10 11 10 14 11 10 10 10 10 10 10 10 10 10 10 11 10 10 10 10 14 10 10 11 11 11 10 10 13 10 12 10 11 11 14 10 11 10 11 11 11 14 11 11 11 5 11 15 10 10 11 11 10 13 10 10 10 10 10 10 11 11 11 12 11 11 12 0 10 14 10 11 12 10 10 10 12 10 12 10 10 
7 10 11 5 4 10 7 8 10 6 10 9 9 5 8 5 5 2 7 4 11 7 8 11 3 5 4 4 6 10 7 10 5 10 6 10 5 4 8 7 8 6 6 4 8 5 9 5 6 9 10 7 10 7 7 8 10 6 5 8 8 4 8 11 5 9 15 5 7 5 11 5 8 8 9 6 7 3 8 11 8 4 5 8 5 1 3 0 8 1 11 12 10 8 6 9 10 5 6 7 
12 12 15 10 8 10 10 10 10 10 10 11 10 11 13 15 11 10 10 9 11 10 14 11 8 10 10 10 10 10 10 10 8 10 11 10 10 10 10 14 10 10 11 11 11 10 10 13 10 12 10 11 11 14 10 11 10 10 10 11 14 11 11 11 5 11 15 10 10 11 11 10 13 10 10 10 10 10 10 11 11 11 12 11 10 12 10 10 0 9 11 12 10 10 10 12 10 12 10 10 
12 12 15 11 10 10 10 11 10 10 10 11 10 11 13 15 11 10 10 10 11 10 14 11 9 10 10 10 10 10 10 10 9 10 11 10 10 10 10 14 10 10 11 11 11 10 10 13 10 12 10 11 11 14 10 11 10 11 10 11 14 11 11 11 5 11 15 10 10 11 11 10 13 10 10 10 10 10 10 11 11 11 12 11 11 12 12 10 14 0 11 12 10 10 10 12 10 12 10 10 
7 10 9 5 4 9 7 7 10 5 10 9 9 5 8 5 5 2 6 4 11 7 7 11 3 5 4 4 6 10 6 10 3 10 6 10 5 4 8 7 7 6 6 4 8 5 9 5 5 9 9 7 10 7 7 8 10 6 4 8 8 4 8 11 5 8 14 5 7 5 11 5 8 8 8 5 6 3 8 11 8 4 5 7 5 1 3 9 7 1 0 12 10 8 6 9 10 5 6 7 
7 9 9 4 3 9 7 6 10 5 9 8 9 5 6 5 5 2 6 4 11 7 6 11 2 5 4 4 6 8 5 10 2 9 6 10 5 4 7 7 7 5 6 4 7 5 9 5 5 9 9 6 10 6 7 6 9 5 3 8 8 4 8 10 5 8 14 5 6 5 11 5 8 8 8 5 6 3 8 11 8 4 5 7 5 1 3 8 6 1 10 0 10 7 5 7 9 5 5 7 
5 4 5 3 2 8 5 4 7 4 4 4 6 4 5 5 4 2 5 3 10 4 4 8 1 4 4 2 2 6 3 7 1 5 4 7 1 2 4 6 4 3 3 2 5 3 6 3 2 6 7 5 2 6 4 4 5 2 1 2 6 4 7 8 1 7 10 4 5 5 8 2 7 5 5 4 3 2 4 9 5 3 2 5 4 0 2 6 4 0 7 6 0 5 4 5 5 1 4 4 
10 12 14 8 7 10 10 8 10 9 10 10 10 7 10 10 6 7 9 5 11 10 13 11 4 7 9 9 10 10 10 10 6 10 11 10 8 9 10 8 10 9 8 5 9 9 9 9 9 11 10 10 11 13 8 9 10 8 7 10 13 7 11 11 5 11 15 9 10 8 11 8 13 10 10 10 10 9 10 11 11 6 8 8 7 3 6 10 8 3 11 12 10 0 9 12 10 7 9 10 
12 12 15 10 8 10 10 10 10 10 10 11 10 11 13 13 10 9 10 8 11 10 14 11 6 9 10 10 10 10 10 10 7 10 11 10 10 10 10 14 10 10 11 11 11 10 10 13 10 12 10 11 11 14 10 11 10 9 10 11 14 10 11 11 5 11 15 10 10 10 11 10 13 10 10 10 10 10 10 11 11 11 11 11 9 10 9 10 13 7 11 12 10 10 0 12 10 10 10 10 
9 12 11 8 7 10 10 8 10 8 10 10 10 5 9 8 5 5 7 5 11 9 11 11 4 7 8 8 8 10 10 10 6 10 7 10 5 8 10 8 10 9 8 5 9 8 9 9 8 11 10 10 11 13 8 9 10 8 6 10 11 7 10 11 5 11 15 8 10 8 11 8 13 10 10 8 10 8 10 11 11 6 6 8 6 2 6 10 8 2 11 12 10 10 8 0 10 7 9 9 
7 10 9 5 4 9 7 6 10 5 9 8 9 5 8 5 5 2 6 4 11 7 6 11 2 5 4 4 6 8 5 10 2 9 6 10 5 4 8 7 7 5 6 4 8 5 9 5 5 9 9 7 10 6 7 7 10 6 3 8 8 4 8 11 5 8 14 5 6 5 11 5 8 8 8 5 6 3 8 11 8 4 5 7 5 1 3 9 7 1 11 12 10 7 5 8 0 5 6 7 
12 12 15 11 10 10 10 11 10 10 10 11 10 11 13 15 11 10 10 10 11 10 14 11 8 10 10 10 10 10 10 10 8 10 11 10 10 10 10 14 10 10 11 11 11 10 10 13 10 12 10 11 11 14 10 11 10 11 10 11 14 11 11 11 5 11 15 10 10 11 11 10 13 10 10 10 10 10 10 11 11 11 12 11 11 12 11 10 14 10 11 12 10 10 10 12 10 0 10 10 
11 12 15 8 8 10 10 10 10 10 10 11 10 8 13 12 8 8 10 7 11 10 14 11 5 8 9 10 10 10 10 10 7 10 11 10 9 10 10 13 10 10 11 7 11 10 10 12 10 12 10 11 11 13 10 11 10 8 8 11 14 10 11 11 5 11 15 10 10 9 11 10 13 10 10 10 10 10 10 11 11 8 9 11 7 8 7 10 9 5 11 12 10 10 9 12 10 9 0 10 
9 12 11 8 7 10 10 8 10 8 10 10 10 5 9 8 6 7 8 5 11 9 12 11 4 7 8 9 10 10 10 10 6 10 7 10 6 9 10 8 10 9 8 5 9 8 9 9 9 11 10 10 11 13 8 9 10 8 7 10 11 7 10 11 5 11 15 8 10 8 11 8 13 10 10 9 10 8 10 11 11 6 6 8 6 2 6 10 8 3 11 12 10 10 9 12 10 7 9 0 
