60
2
10
11
3
001
100
010
4
1110
1100
1100
1000
1
1
7
0000000
1000000
0100000
0100000
1000000
0000000
1000000
8
00000000
00000000
01000000
00000000
00000000
10000000
10111110
10011100
2
01
10
8
10000000
00000000
00010000
10000000
00100000
10010000
11000100
00110100
4
0000
0000
0000
0000
1
1
2
10
01
4
1000
0100
1010
1001
7
1000000
0100000
0010000
0101000
0101100
0000010
1111101
8
10000000
01000000
00100000
01110000
01001000
11010100
10111110
00010001
6
010100
100000
010000
011010
101000
000001
8
01110000
11110111
00000100
00100000
01000000
01001010
10111000
10000000
6
101000
000001
010000
100100
010010
100000
5
10000
11001
01110
00100
01000
7
0001000
0110000
1110010
0001001
0100000
1000000
0000100
7
0010000
1000000
1000100
0011000
0100000
1110111
0001010
4
0110
0001
0100
1000
5
10000
00100
11010
01000
00001
7
0010000
0100000
0000100
0001000
1000000
1011110
0001111
8
01000000
00001000
10010110
10000000
11010000
10100000
00010100
00111001
8
00010011
10111000
01010100
01000000
10000000
10010000
10100000
01000110
8
00101101
10000000
10011000
10010000
00100000
00000010
01000000
11011100
8
01100000
11101000
01110100
00010000
01000000
10000000
00001010
00110101
2
01
10
4
0001
0110
0100
1000
7
1111011
1000010
0010100
0001000
1010000
0100000
1000000
8
01000001
11110110
10111100
11101000
11010000
01100000
01000000
10000000
8
10000000
10001000
00100000
01000000
10111000
10010000
00101011
00100000
8
01100100
10111000
10000000
00100000
01000000
00000001
01100000
00100000
8
00001010
01001000
00100000
10111100
01111111
00000000
00000000
10000000
8
10000000
10000000
10000000
10000000
00010000
11110100
01010010
01000000
8
01000100
01000000
11101101
00000010
01000000
10110000
10000000
01111000
8
10101110
01000000
01010100
10000000
00001000
10100000
10111111
00010000
8
10000000
11010000
00100000
10000000
01000000
00001000
11111101
00001000
8
00010000
10111000
01000000
10000000
00100000
11000001
01000000
00000100
8
10100000
01000000
01011110
10011100
10000000
11101000
01000000
00000000
8
01111000
00000001
11010000
00000010
10000000
00000100
10000000
00000000
8
11011000
01111100
00000000
01100000
00100010
10000000
01010000
00001001
8
00100000
10111111
01000000
10010000
10000000
01100100
00001000
10000010
8
01101011
10000000
10100000
00001000
11001000
11101100
10000000
11010000
8
11000010
00001000
10100000
10000000
10000000
01010011
10000000
10010000
8
10100000
10111110
10000000
01000000
10000000
00100000
01000000
00000001
8
01100000
01000000
00100000
00000000
00000000
01010100
10010000
11001100
8
00000000
00000010
01111111
00001000
10000000
10110000
11101100
01100000
8
01001000
01011011
01000000
10000000
00000100
01010000
01000000
01100000
8
01111100
01000000
10000000
01100000
10000000
00001001
01000000
10001000
8
01111100
01000000
10110000
10000000
01000000
01000010
11100111
00100000
8
00100100
10000000
10000000
00110110
00101000
01100000
10110000
01000000
8
10111100
00100000
01011000
01010000
11011110
01000000
00111111
10000000
8
10100000
11110101
01000000
00010000
00000000
10000000
00000000
11011100
8
10010100
10100000
00110010
10011000
01000000
00000000
01100000
01000000
8
00000000
01111001
10100000
11011000
11010000
10000000
10111110
01011100
8
00000010
01110000
01000100
10000000
01000000
01100000
00001000
10111011
8
10100000
10000000
00010000
01110000
10101000
01001010
10000000
01000000
8
10000000
10110000
01011110
11001000
00000100
00100000
10000000
00110010
8
00000010
10000000
01111000
01010000
10111100
00000001
00000000
00100000
