60
2
10
11
3
001
100
010
4
1110
1100
1100
1000
1
1
7
1000000
0000000
1000000
1010000
1101100
0100000
1000000
8
00000000
00000000
10000000
00010000
10011000
00000000
00010000
10000000
2
01
10
8
01000000
10000000
10100000
00000000
10100000
10011000
10000010
01000000
4
0000
0000
0000
0000
1
1
2
10
01
4
1000
0100
0010
1011
7
1000000
0100000
0010000
1001000
1100100
0010010
0001001
8
10000000
01000000
01100000
10010000
10101000
01010100
01000010
00000001
4
1000
0011
0100
0010
6
001000
000100
001001
100000
000110
010000
5
10000
00001
00100
01000
11010
7
0100000
0111100
0010000
1000000
1100110
1001000
1010111
7
1000000
1001000
0000001
0101010
0010000
0000100
0100000
8
00001000
01010100
10000000
11101110
11010000
00000001
01100000
01000000
7
1110100
0100000
1010000
1000000
0001000
0000010
0001001
5
10000
01010
01000
10001
00100
8
01110100
00001000
11010110
10100000
01000000
00000011
10000000
00010000
7
0001010
0100000
1011000
1110101
1000000
0110000
0100100
8
00110010
01000000
11100100
01100000
10000000
11101000
01110000
00000011
8
11001110
10101000
00010000
10000000
10010100
01000000
10100011
00100000
8
00010000
01000000
00000100
10001000
10000000
00000010
00100000
01001101
2
01
10
4
0001
1010
0100
1000
7
0100111
1100010
1011100
0101000
0010000
0100000
1000000
8
00001011
00000010
01000100
11001000
01110000
01100000
01000000
10000000
8
00100000
01000100
10000000
01000000
11001010
10000001
10010000
01111000
8
00100011
00000100
00010000
00000000
10000000
00111000
10100000
01110000
8
01000000
11101100
11101111
10000000
10100000
01101000
11110010
01010000
8
11111101
01000010
00111000
11101100
10000000
01000000
01110000
01100000
8
10000000
00000000
10101100
01000000
01010000
00000100
00000000
01000000
8
11011110
01110000
01001000
00100000
10000000
01000000
00000100
10110111
8
01110000
01000010
00100000
00000100
01011000
01000000
00110000
10000000
8
11110111
10000000
00110000
10000000
00000100
00001000
01100000
01000000
8
10010000
00000001
00000000
01000000
01000100
01000000
00100000
10000000
8
11100100
01101000
00010001
10011110
00100000
10010000
10000000
01000000
8
00100000
00001010
00000001
10000000
01000000
10010000
00000100
00001000
8
10011100
00001011
10001000
10000000
10010000
00100000
01000000
11011010
8
10000000
01000000
01000001
01100010
00100000
01011100
00110000
01001000
8
10000000
10111100
01111110
01000000
10001000
10110000
01100000
01001001
8
00110000
01000000
01000000
10000000
00000000
00100000
00111000
00000011
8
01111101
10000000
01101000
10111100
11110010
01000000
01110000
01100000
8
10110000
00001000
00000010
10000000
10000000
01000000
01111100
00010001
8
01000000
00000010
00010000
11101100
10001011
00001000
01000000
10000000
8
00100001
10000010
01000000
11011100
00100000
11010000
00101000
10000000
8
10000000
00010100
01001001
01110110
01000000
00001000
10000000
01110000
8
00100000
00000000
00000100
10100000
10000000
00001000
00001010
01000000
8
00000001
01100000
10101000
10100000
01000000
01000000
10000000
10000000
8
00000100
10111011
00010000
00000000
00100000
01000000
01100000
10011110
8
00000001
00100000
00010000
10000000
01000000
01111000
10101010
11000100
8
00100000
11011111
10000000
01000000
10000000
00000100
10101110
00101000
8
01100000
10000000
11110110
01000000
00111101
10000000
01010000
00001000
8
00100000
00000010
10000000
10100000
01000100
10010100
01000000
00010000
8
00101110
01010101
00100000
01001000
11010000
01000000
10000000
00000000
8
10100001
10110000
00101000
00100000
00000010
01000000
00000100
10000000
