60
2
10
11
3
001
100
010
4
1110
1100
1100
1000
1
1
7
1000000
0000000
0010000
0100000
1000000
0001110
0000000
8
00000000
00000000
10100000
00010000
01000000
10000000
10110000
00000000
2
01
00
8
01000000
00000000
01100000
01000000
00000000
01000100
10100000
10000000
4
0000
0000
0000
0000
1
1
2
10
01
4
1000
0100
0010
0111
7
1000000
0100000
0010000
0111000
0000100
1100110
0001111
8
10000000
01000000
10100000
00010000
10011000
00000100
00010110
00000001
7
0000001
1011000
0010100
1000000
0111110
0010000
0100000
6
001000
101100
000001
100000
000110
010000
7
0100000
1000000
0111101
1011000
0010100
0101110
1010000
4
0101
0100
1000
1010
4
0110
0001
0100
1000
5
10000
00001
00100
11010
01000
5
01000
01111
10000
10110
01100
6
001100
011010
100000
010000
001111
101000
7
1110010
1000000
0010100
0001000
0100000
0011111
0110000
8
00001011
00001000
01001100
00000010
00100000
01000000
01110000
10000000
8
00000100
01110000
00001000
00100000
10000000
01010010
01000000
11011111
8
01110000
10000000
00001000
00100000
11101110
01010111
10000100
01000000
8
01010111
10000100
01000000
10000000
00010000
11110110
11101000
00100000
2
01
10
4
0001
0010
0100
1000
7
1011111
0101010
0100100
0001000
0010000
0100000
1000000
8
10000011
11110110
11110100
10011000
10110000
01100000
01000000
10000000
8
01000000
10000000
11101100
10000000
01000000
00111101
10011110
10000000
8
00000000
00000001
10000000
01000000
00010000
10010000
00000000
00001000
8
01000000
00010100
00100110
00000001
01110000
10000000
00100000
11011000
8
11010000
10101100
01000001
00010110
10000000
11010000
00100000
10000000
8
10110000
11110111
01101110
10000000
01000000
10001000
01000100
01100000
8
01110000
01000000
00011000
11000100
01011000
00100000
10000000
00000001
8
10000000
10111101
11010000
00100000
00001000
01000000
10001100
00100010
8
11011010
00000100
00001110
10000000
11010000
00001000
01000000
00100000
8
10111000
01000000
00000010
01101100
10100000
11010000
00101000
10000000
8
00100000
01100000
01000000
10000000
00000000
00010000
11011100
01111000
8
01000000
10111010
10100000
00000100
00000001
00001000
00110000
10000000
8
11101110
10000000
11110111
01000000
01100000
10111100
00101000
10010000
8
00011100
10000000
10010000
11111011
01000000
10010010
10011000
00100000
8
00010000
10000000
10111000
10100000
11001000
10000000
01100100
01000000
8
00001100
01010000
10000000
01000000
00011000
10100000
10000000
01001000
8
00100011
00000010
00100000
00010000
00100000
00101100
00000000
10000000
8
11101110
00001101
01000000
10000000
01010000
01100000
01111000
01000100
8
01101100
00000000
10000000
01000000
01100000
00011000
10010000
10101111
8
00001000
11011100
10000000
00100000
10010000
01000000
01000010
10101001
8
01010100
10100000
10000000
11110111
01000000
00000000
01111000
00010000
8
01111000
01000000
00000100
00100000
00000010
10101011
00010000
00000000
8
01100000
00000000
11010010
01101101
01000000
01011000
00000000
00000000
8
01100000
01000000
10000000
00000100
00010000
00110010
11010110
00000000
8
01000000
10000000
01001000
00000001
10000000
11010110
01001000
01100000
8
01000000
11010100
10110000
00101000
00110000
00001001
01100000
10000000
8
00010000
00100000
01000000
10110010
00000001
10000100
00011000
10000000
8
01110000
01100000
00001000
10000000
00000001
10100100
10000000
01100000
8
00111000
10000000
01010000
11011111
01000100
10000000
01100000
10001010
8
10000000
00000100
01101000
01000000
00000000
10110000
00000000
01110111
