Case #1:
0.86005835
0.76234271
0.85145777
0.83451376
0.96059601
0.77004315
0.81790694
0.73230337
0.91351725
0.82616862
0.98010000
0.74717209
0.98010000
0.80972787
0.80163059
0.96059601
0.71773053
0.86874581
0.80163059
0.72498034
0.80972787
0.73970037
0.92274469
0.95099005
0.93206535
0.87752102
0.83451376
0.77782136
0.74717209
0.93206535
0.86005835
0.99000000
0.97029900
0.89533825
0.90438208
0.82616862
0.84294319
0.89533825
0.78567814
0.87752102
0.77004315
0.90438208
0.73970037
0.81790694
0.77004315
0.87752102
0.99000000
0.79361428
0.98010000
0.77782136
0.89533825
0.80972787
0.97029900
0.72498034
0.84294319
0.94148015
0.94148015
0.94148015
0.91351725
0.88638487
0.74717209
0.82616862
0.79361428
0.79361428
0.78567814
0.80163059
0.97029900
0.73230337
0.85145777
0.71773053
0.92274469
0.96059601
0.76234271
0.91351725
0.75471929
0.99000000
0.73230337
0.86874581
0.77782136
0.88638487
0.99000000
0.72498034
0.92274469
0.76234271
0.95099005
0.93206535
0.90438208
0.75471929
0.78567814
0.75471929
0.73970037
0.86874581
0.88638487
0.85145777
0.84294319
0.81790694
0.83451376
0.95099005
0.86005835
0.71773053
Case #2:
0.00005972
0.00513964
0.00524094
0.02079809
0.00275233
0.00101610
0.00439666
0.02079809
0.00114447
0.00439666
0.03076762
0.00275233
0.03076762
0.03446639
0.00439666
0.00103768
0.02079809
0.00439666
0.00513964
0.00524094
0.00014327
0.00101610
0.00005972
0.00513964
0.00005972
0.03446639
0.00215170
0.00275233
0.00513964
0.00064303
0.00101610
0.00439666
0.01568047
0.00014327
0.00009844
0.03446639
0.01568047
0.00439666
0.00439666
0.00546730
0.00014327
0.00064303
0.03446639
0.00064303
0.00439666
0.02079809
0.03446639
0.03446639
0.00064303
0.03446639
0.00513964
0.00275233
0.00275233
0.00513964
0.03446639
0.00439666
0.00101610
0.03446639
0.03446639
0.00009844
0.00513964
0.00101610
0.00101610
0.00439666
0.00546730
0.00513964
Case #3:
0.09308616
0.09308616
0.00001734
0.03193255
0.03193255
0.00000001
0.00001734
0.00003724
0.03193255
0.00003420
0.09308616
0.00024512
0.00003420
0.03193255
0.03193255
0.00001734
0.00001734
0.03193255
0.00037831
0.03193255
0.00001734
0.03193255
0.03193255
0.00001734
0.00001734
0.09308616
0.00001734
0.00001734
0.03193255
0.03193255
0.00000000
0.03193255
0.00024512
0.09308616
0.00000330
0.00000002
0.03193255
0.09308616
0.00000002
0.09308616
0.00003724
0.03193255
0.00232339
0.00003420
0.00008107
0.09308616
0.09308616
0.00003420
0.00232339
0.00018310
0.00232339
0.00018310
Case #4:
0.00445894
0.00018567
0.00025990
0.00004159
0.00006599
0.00025990
0.00010716
0.00000002
0.00004159
0.00004159
0.00002265
0.00445894
0.00000874
0.00018567
0.00000396
0.00010716
0.00007055
0.00018567
0.00873655
0.00445894
0.00006599
0.00445894
0.00445894
0.00004159
0.00010716
0.00007055
0.00023919
0.00445894
0.00873655
0.00018567
0.00873655
0.00873655
0.00018567
0.00004159
0.00873655
0.00004159
Case #5:
0.40117045
0.00105200
0.01252647
0.23222809
0.03657543
0.00749433
0.23222809
0.23222809
0.03657543
0.23222809
0.23222809
0.00061474
0.23222809
0.07493231
0.40117045
0.00105200
0.23222809
0.23222809
0.03657543
0.23222809
0.00205309
0.23222809
0.23222809
0.23222809
0.03657543
0.00749433
0.00061474
0.23222809
0.00749433
0.01252647
0.23222809
0.03978222
0.03657543
0.03657543
0.00321481
0.00061474
0.00749433
0.07493231
0.23222809
0.03657543
0.23222809
0.03657543
0.40117045
0.03978222
0.23222809
0.00749433
0.25043342
0.00321481
0.00749433
0.00061474
0.00105200
0.23222809
0.00061474
0.23222809
0.00749433
0.00105200
0.00749433
0.03978222
0.03657543
0.00061474
0.01252647
0.00061474
0.00396424
0.23222809
0.00105200
0.00061474
0.00625144
0.00321481
0.01252647
0.23222809
0.00061474
0.03657543
0.00061474
0.01458838
0.40117045
0.00061474
0.40117045
0.23222809
0.00524508
0.01252647
0.23222809
0.23222809
0.23222809
0.23222809
Case #6:
0.02930874
0.00007248
0.00007248
0.00000959
0.00007248
0.02340478
0.00000182
0.02930874
0.00000182
0.02930874
0.02930874
0.00007248
0.00329933
0.00524904
0.00007248
0.01748561
0.02930874
0.00840549
0.02930874
0.01602592
0.02930874
0.00329933
0.01602592
0.00000103
0.02930874
0.00007248
0.01602592
0.02340478
0.01602592
0.02930874
0.00524904
0.02930874
0.00000959
0.02930874
0.00000182
0.02930874
0.00069909
0.02930874
0.02930874
0.00000006
0.02930874
0.02930874
0.02340478
0.02930874
0.00007248
0.00329933
0.01602592
0.02930874
0.02340478
0.00007248
0.00000175
0.01748561
0.00000006
0.02930874
0.00000103
0.00007248
0.02930874
0.00000959
0.01602592
0.00329933
0.00000959
0.02930874
0.00000959
0.01748561
0.01602592
0.02340478
0.01748561
0.02930874
0.00000034
0.00000103
0.02930874
0.02930874
0.00000959
0.01748561
0.02930874
0.00007248
0.00007248
Case #7:
0.00006000
0.00200000
0.03240000
Case #8:
0.99000000
0.98010000
0.99000000
0.96059601
0.94148015
0.96059601
0.89533825
0.89533825
0.97029900
0.99000000
0.91351725
Case #9:
0.01601166
0.06378014
0.01601166
0.00012627
0.00012627
0.06370021
0.06370021
0.07298593
0.00581632
0.00389167
0.00389167
0.08085779
0.06378014
0.00012627
0.06370021
0.06370021
0.08993536
0.06378014
0.00106173
0.00012627
0.08993536
0.01601166
0.01601166
0.00012627
0.06378014
0.07298593
0.08085779
0.00012627
0.00106173
0.00012627
0.06370021
0.00389167
0.06378014
0.07298593
0.00389167
0.07298593
0.00389167
0.08085779
0.00803902
0.00012627
0.01601166
0.00581632
0.00000675
0.00389167
0.00581632
0.06378014
0.00581632
0.06378014
0.07298593
0.08993536
0.08993536
0.08993536
0.08085779
0.00012627
0.06378014
0.00012627
0.06378014
0.00012627
0.00000675
0.00389167
0.00803902
0.08085779
0.00803902
0.01601166
0.08993536
0.01601166
0.00000675
0.06378014
0.00012627
0.00112189
0.07298593
0.01601166
0.06378014
0.06378014
0.00106173
0.01601166
0.06370021
0.00803902
0.01601166
0.08085779
0.06370021
0.00012627
0.00581632
0.08085779
0.06378014
0.00012627
0.01601166
0.08993536
0.00000675
0.00012627
0.06378014
Case #10:
0.00124932
0.08725735
0.00014957
0.08725735
0.01427109
0.01427109
0.01199582
0.08725735
0.01427109
0.08725735
0.01132569
0.00296814
0.08725735
0.00019942
0.08725735
0.08725735
0.08725735
0.00089869
0.08725735
0.08725735
0.08725735
0.01199582
0.08725735
0.08725735
0.00209010
0.00479879
0.00296814
0.08725735
0.08725735
0.08725735
0.00214742
0.00684894
0.08725735
0.00209010
0.08725735
0.08725735
0.08725735
0.08725735
0.01132569
0.08725735
0.00002756
0.01199582
0.00124932
0.08725735
0.00296814
0.08725735
0.00296814
0.00296814
0.08725735
0.08725735
0.08725735
0.08725735
0.00089869
0.00124932
0.00684894
0.08725735
0.00296814
0.00296814
0.00108251
0.08725735
0.08725735
0.08725735
0.00319487
0.00002756
0.00684894
0.08725735
0.00296814
0.08725735
0.01132569
0.08725735
0.08725735
0.00684894
0.08725735
0.08725735
0.08725735
0.08725735
0.08725735
0.00214742
Case #11:
0.00600000
0.02100000
0.02100000
0.02000000
0.02100000
0.02000000
0.02000000
0.02000000
0.00720000
0.00720000
Case #12:
0.00362672
0.00362672
0.19762900
0.19762900
0.00136293
0.00624472
0.00624472
0.00624472
0.00492077
0.19762900
0.00362672
0.00624472
0.00552091
0.19762900
0.19762900
0.19762900
0.01821686
0.00624472
0.00362672
0.19762900
0.19762900
0.00270777
0.00624472
0.00201749
0.03715623
0.00624472
0.00624472
0.19762900
0.03715623
0.00739512
0.00074820
0.03715623
0.00624472
0.19762900
0.00624472
0.00022140
0.00136293
0.03715623
0.19762900
0.02340555
0.00739512
0.00739512
0.00572917
0.00186989
0.03715623
0.00552091
0.00685436
0.19762900
0.00552091
0.19762900
0.00022140
0.01821686
0.00552091
0.00362672
0.00624472
0.00022140
0.00186989
0.19762900
0.00552091
0.00022140
0.00454459
0.00025638
0.00624472
0.00624472
0.00362672
0.19762900
0.03715623
0.00739512
0.03715623
0.19762900
0.19762900
0.00186989
0.00552091
0.00362672
0.00136293
0.01821686
0.00022140
0.00624472
0.19762900
0.00025638
0.03546965
0.00136293
0.00739512
0.00624472
0.19762900
0.00022140
0.00624472
0.00022140
0.00018893
0.19762900
0.19762900
0.00624472
0.00624472
0.00362672
0.01821686
0.01821686
0.19762900
0.00109537
0.00362672
0.00186989
Case #13:
0.03633559
0.00005086
0.00005086
0.01861453
0.03633559
0.01099724
0.00000482
0.00440101
0.01099724
0.01099724
0.00484915
0.08328544
0.00754588
0.03633559
0.01861453
0.06473159
0.01099724
0.00781691
0.00000482
0.00781691
0.00913846
0.00440101
0.03633559
0.03633559
0.00005086
0.00000482
0.03633559
0.03633559
0.00005086
0.01099724
0.06473159
0.00005086
0.03633559
0.08328544
0.03633559
0.03633559
0.00450152
0.03633559
0.08328544
0.00440101
0.01610902
0.01099724
0.03633559
0.06473159
0.00781691
0.00440101
0.01099724
0.01610902
0.00440101
0.08328544
0.00005417
0.01610902
0.00005086
0.00005585
0.03633559
0.08328544
0.03633559
0.06473159
0.08328544
0.00440101
0.08328544
0.00005585
0.00913846
0.08328544
0.03633559
0.02998179
0.08328544
0.08328544
0.03633559
0.01610902
0.00005086
0.00005086
0.01610902
0.00005086
0.00440101
0.03633559
0.00450152
0.03633559
0.03633559
0.03633559
0.03633559
0.00005086
0.02910087
0.03633559
0.00005417
0.01099724
0.03633559
0.02998179
0.03633559
0.01610902
0.06473159
0.00440101
0.03633559
0.00440101
0.08328544
0.03633559
0.03633559
0.02998179
0.06473159
0.03633559
Case #14:
0.70000000
0.70000000
Case #15:
0.00244648
0.01999050
0.10120194
0.00244648
0.00244648
0.00104570
0.08183889
0.00244648
0.00043788
0.00244648
0.01785320
0.00244648
0.00244648
0.00244648
0.00917878
0.08183889
0.00244648
0.03442780
0.00244648
0.00087038
0.01785320
0.00244648
0.00087038
0.00043788
0.01785320
0.29920972
0.29920972
0.08183889
0.00244648
0.00244648
0.01999050
0.03442780
0.00244648
0.00244648
0.00244648
0.04521032
0.00100865
0.10120194
0.00244648
0.00104570
0.00244648
0.00068881
0.00244648
0.03151837
0.00104570
0.00104570
0.06912530
0.29920972
0.00087038
0.34652742
0.01852914
0.10130822
0.00244648
0.34652742
0.34652742
0.34652742
0.10120194
0.00244648
0.10120194
0.02685772
0.10130822
0.01852914
0.34652742
0.34652742
0.10120194
0.29920972
0.34652742
0.00043499
0.34652742
0.06912530
0.34652742
0.00244648
0.06912530
0.34652742
0.34652742
0.00244648
0.10120194
0.10130822
0.03442780
0.10130822
0.00244648
0.29920972
0.00068881
0.00244648
0.01999050
0.00120521
0.06912530
0.00079305
Case #16:
0.00418127
0.01026049
0.00000696
0.01603155
0.00000045
0.00418127
0.01603155
0.01603155
0.00737522
0.00060657
0.01603155
0.01603155
0.01603155
0.00737522
0.01603155
0.01603155
0.00000681
0.01026049
0.00000681
0.00165099
0.01603155
0.01026049
0.01603155
0.00000681
0.00737522
0.00737522
0.01603155
0.00000681
0.00737522
0.00737522
0.00737522
0.01603155
0.00001211
0.00000681
0.00418127
0.01026049
0.00016976
0.00000681
0.00148656
0.01603155
0.01026049
0.00418127
0.00737522
0.00737522
0.00000681
0.00016976
0.01603155
0.00000681
0.00737522
0.00737522
0.01603155
0.00737522
0.01026049
0.01026049
0.00737522
Case #17:
0.02782334
0.00205182
0.01957001
0.36817239
0.00011742
0.04855353
0.02782334
0.36817239
0.00149849
0.04855353
0.04855353
0.04855353
0.01957001
0.01957001
0.04891156
0.00011742
0.36817239
0.36817239
0.00093129
0.00074821
0.00149849
0.36817239
0.01957001
0.36817239
0.02782334
0.02782334
0.36817239
0.36817239
0.00149849
0.36817239
0.21187361
0.21187361
0.01957001
0.00149849
0.21187361
0.36817239
0.01957001
0.01957001
0.00093129
0.01957001
0.02782334
0.04855353
0.01957001
0.21187361
0.21187361
Case #18:
0.02734074
0.00116195
0.21852440
0.00010826
0.21852440
0.01047479
0.21852440
0.21852440
0.00017247
0.02734074
0.00027417
0.00027417
0.21852440
0.02734074
0.07213225
0.00010826
0.02734074
0.00010826
0.00039869
0.00010826
0.00010826
0.04330090
0.00117086
0.00908062
0.07213225
0.00028758
0.21852440
0.00017247
0.00010826
0.00028758
0.21852440
0.00028758
0.00120131
0.00014872
0.21852440
0.00010826
0.21852440
0.00636121
0.00120131
0.02734074
0.00010826
0.00027417
0.00010826
0.02734074
0.00997677
0.21852440
0.00010826
0.00062942
0.00039869
0.21852440
0.21852440
0.00116195
0.00120131
0.21852440
0.21852440
0.00120131
0.21852440
0.21852440
0.00010826
0.00027417
0.00010826
0.04330090
0.00010826
0.00116195
0.02734074
0.00116195
0.00117086
0.00017247
0.00120131
0.01136387
0.21852440
0.00117086
0.00002856
0.00039869
0.00117086
0.00028758
0.00039869
0.01136387
0.02734074
0.21852440
0.00117086
0.02734074
0.21852440
0.02734074
0.21852440
0.00117086
0.00120131
0.21852440
0.21852440
Case #19:
0.07411604
0.20505178
0.36188960
0.07411604
0.36188960
0.20505178
0.07411604
0.20505178
0.20505178
0.59229487
0.07411604
0.59229487
0.07411604
0.02149388
0.20505178
0.59229487
0.59229487
0.06869243
0.59229487
0.07411604
0.00011708
0.59229487
0.07411604
0.20505178
0.20505178
0.07411604
0.12828852
0.36188960
0.59229487
0.00757247
0.00382957
0.20505178
0.01134973
0.59229487
0.20505178
0.07411604
0.20505178
0.07411604
0.20505178
0.36188960
0.20505178
0.07411604
0.07411604
0.07411604
0.07411604
0.59229487
0.07411604
0.07411604
0.20505178
0.59229487
0.36188960
0.36188960
0.59229487
0.07411604
0.12828852
0.36188960
0.07411604
0.59229487
0.59229487
0.07411604
0.20505178
0.59229487
0.20505178
0.07411604
0.06869243
0.59229487
0.07411604
0.59229487
0.00011708
0.59229487
0.00004994
0.00382957
0.07411604
0.06869243
0.36188960
0.00011708
0.00382957
0.36188960
0.20505178
0.59229487
0.36188960
0.07411604
0.07411604
0.59229487
0.00000164
0.59229487
0.59229487
0.07411604
Case #20:
0.01177799
0.00396998
0.00396998
0.00396998
0.04219502
0.14598080
0.00396998
0.01324232
0.00396998
0.00396998
0.00396998
0.04219502
0.14598080
0.00718896
0.00396998
0.04219502
0.01324232
0.00396998
0.01324232
0.00396998
0.04219502
0.00396998
0.01177799
0.00396998
0.01324232
0.01324232
0.01324232
0.01324232
0.01324232
0.01324232
0.00322378
0.00396998
0.04219502
0.14598080
0.00396998
0.00396998
0.02375392
0.14598080
0.01324232
0.01324232
0.00396998
0.01324232
0.00322378
0.01324232
0.00487271
0.01638207
0.01324232
0.01324232
0.00322378
0.00396998
0.00182608
0.14598080
0.00396998
0.01324232
0.01324232
0.00263908
0.04219502
0.00396998
0.01324232
0.00487271
0.00487271
0.00322378
0.01638207
0.00247895
0.00718896
0.00182608
Case #21:
0.02000000
0.02000000
0.02000000
0.00600000
0.02100000
0.02000000
Case #22:
0.14539668
0.00303237
0.14539668
0.00303429
0.24299635
0.14539668
0.24299635
0.24299635
0.01053978
0.14539668
0.24299635
0.00303429
0.24299635
0.00039948
0.14539668
0.10217099
0.06420099
0.00634920
0.00634920
0.03882476
0.00634920
0.00634920
0.06893814
0.14539668
0.10217099
0.10217099
0.00634920
0.14539668
0.06351393
0.14539668
0.03882476
0.01226549
0.00634920
0.14539668
0.14539668
0.14539668
0.04137180
0.00039948
0.00634920
0.00634920
Case #23:
0.50000000
0.25000000
Case #24:
0.00923365
0.00821887
0.00296728
0.00296728
0.00923365
0.00406653
0.00079913
0.00923365
0.00821887
0.00923365
0.00821887
0.00295378
0.00295378
0.00295378
0.00821887
0.00295378
0.00821887
0.00821887
0.00078936
0.00295378
0.00078936
0.00821887
0.00078936
0.00003582
0.00052710
0.00079913
0.00079913
0.00078936
0.00296728
0.00821887
0.00295378
0.00295378
Case #25:
0.02000000
0.03000000
0.08000000
0.05000000
0.06000000
0.07000000
0.01000000
0.04000000
Case #26:
0.03804016
0.08606685
0.00283622
0.17115052
0.15773816
0.08606685
0.00002354
0.15773816
0.00283622
0.00009131
0.00002354
0.08606685
0.08606685
0.00086433
0.00002354
0.03804016
0.00000487
0.08606685
0.15773816
0.00283622
0.00002887
0.03804016
0.00283622
0.00259237
0.08606685
0.03804016
0.15773816
0.00086433
0.08606685
0.08606685
0.00283622
0.00366878
0.00002354
0.00009131
0.15773816
0.17115052
0.15773816
0.00009131
0.08606685
0.00002354
0.15773816
0.00002354
0.03804016
0.08606685
0.00008418
0.00000487
0.08606685
0.00009131
0.00007599
0.00000337
0.00008418
0.15773816
0.00002354
0.00001619
0.00002354
0.00283622
0.08606685
0.00009131
0.00086433
0.00086433
0.00002354
0.00259237
0.08606685
0.15773816
0.00002354
0.03804016
0.00283622
0.00002354
0.00086433
0.08606685
0.17115052
0.00002354
Case #27:
0.01469610
0.04761364
0.04761364
0.00072831
0.04761364
0.00738256
0.00881910
0.00738256
0.00738256
0.00072831
0.00738256
0.00072831
0.00507327
0.04761364
0.00507327
0.00072831
0.01469610
0.00738256
0.00507327
0.10600801
0.00507327
0.00507327
0.00881910
0.00738256
0.01469610
0.00072831
0.00072831
0.00072831
0.00277565
0.00072831
0.00507327
0.00738256
0.01125082
0.00881910
0.00507327
0.00072831
0.00507327
0.00881910
0.00072831
0.00072831
0.00277565
0.04761364
0.00738256
0.00072831
0.04761364
0.00072831
0.00738256
0.04761364
0.00738256
0.00277565
0.00072831
0.01125082
0.04761364
0.01125082
0.00507327
0.00507327
0.00072831
0.00277565
0.00072831
0.00072831
0.00738256
0.04761364
0.00738256
0.00072831
0.00393794
0.01469610
0.00277565
0.01469610
0.00072831
0.01469610
0.04761364
0.00738256
0.01469610
0.00738256
0.00072831
0.00072831
0.04761364
0.04761364
0.00072831
0.00126506
0.00507327
Case #28:
0.31403652
0.31403652
0.31403652
0.00365661
0.31403652
0.00010382
0.31403652
0.31403652
0.31403652
0.00365661
0.31403652
0.04486382
0.31403652
0.04486382
0.00010382
0.00007818
0.31403652
0.31403652
0.04486382
0.00697231
0.31403652
0.04486382
0.31403652
0.04486382
0.31403652
0.31403652
0.03482133
0.31403652
0.31403652
0.31403652
0.31403652
0.31403652
0.04486382
0.31403652
0.31403652
0.03482133
0.31403652
0.03229913
0.04486382
0.31403652
0.31403652
0.31403652
0.31403652
0.31403652
0.00010382
0.31403652
0.00104697
0.04486382
0.00010382
0.00010382
0.31403652
0.31403652
0.04486382
0.31403652
0.00010382
0.31403652
0.31403652
0.03482133
0.31403652
0.00010382
0.03482133
0.00104697
0.31403652
0.31403652
0.31403652
0.31403652
0.00365661
0.04486382
0.04486382
0.00010382
0.31403652
0.31403652
0.00010382
Case #29:
0.03242403
0.01715455
0.07559465
0.00464704
0.00111107
0.03242403
0.00975590
0.06634826
0.06634826
0.03242403
0.00975590
0.00001759
0.00464704
0.01187643
0.01187643
0.06634826
0.00464704
0.00975590
0.06634826
0.15751189
0.00000674
0.15751189
0.07559465
0.00128962
0.00128962
0.00975590
0.00975590
0.00464704
0.00464704
0.00975590
0.01715455
0.00001759
0.00001759
0.01187643
0.00464704
0.06634826
0.00464704
0.00128962
0.06634826
0.00464704
0.00975590
0.00464704
0.00975590
0.01187643
0.00014788
0.00007452
0.01715455
0.03242403
0.00464704
0.03242403
0.00464704
0.03242403
0.00111107
0.03242403
0.06634826
0.00464704
0.15751189
0.00049623
0.00101328
0.00007452
0.00975590
0.00464704
0.03242403
0.00975590
0.01715455
0.03242403
0.00464704
0.00464704
0.00833651
0.00000837
0.00464704
0.01187643
0.06634826
0.15751189
0.00464704
0.00000674
0.15751189
0.00833651
0.06634826
0.15751189
0.03242403
0.00975590
0.00464704
0.00975590
0.03242403
0.00049623
0.00464704
0.00007452
0.00975590
0.01715455
0.07559465
Case #30:
0.01298247
0.01671150
0.01671150
0.01496309
0.00201319
0.02098056
0.00204124
0.01671150
0.01671150
0.00544985
0.01671150
0.02098056
0.00302892
0.01298247
0.01248182
0.00544985
0.01496309
0.01248182
0.01248182
0.00302892
0.00201319
0.00544985
0.01496309
Case #31:
0.05832315
0.00033125
0.00016467
0.00003626
0.05832315
0.00041086
0.16697158
0.16697158
0.00041086
0.16697158
0.16697158
0.00301392
0.16697158
0.16697158
0.16697158
0.00055793
0.05832315
0.14849394
0.05832315
0.16697158
0.16697158
0.36335489
0.00016467
0.16697158
0.16697158
0.36335489
0.00301392
0.00041086
0.05832315
0.00009806
0.00104925
0.14849394
0.16697158
0.36335489
0.16697158
0.16697158
0.05832315
0.36335489
0.16697158
0.00041086
0.16697158
0.00033125
0.16697158
0.14849394
0.14849394
0.36335489
0.00016467
0.05832315
0.05832315
0.00041086
0.16697158
0.00055793
0.16697158
0.05832315
0.00041086
0.16697158
0.36335489
0.01412581
0.00104925
0.05832315
0.16697158
0.05832315
0.00104925
Case #32:
0.00010831
0.00369880
0.03460854
0.09458434
0.03293938
0.03460854
0.03293938
0.03293938
0.09458434
0.03460854
0.06175140
0.09458434
0.06175140
0.00585912
0.00585912
0.09458434
0.03460854
0.03293938
0.11847946
0.06175140
0.03460854
0.00792892
0.00035331
0.09458434
0.05657405
0.03460854
0.11847946
0.03460854
0.03293938
0.09458434
0.00585912
0.03293938
0.03293938
0.00907765
0.09458434
0.03460854
0.09458434
0.00293838
0.03293938
0.05657405
0.06175140
0.03460854
0.03293938
0.06175140
0.06175140
0.11847946
0.03293938
0.09458434
0.09458434
0.11847946
0.09458434
0.03293938
0.03460854
0.03293938
0.09458434
0.03460854
0.00376021
0.00369880
0.00907765
0.00585912
0.00585912
0.03293938
0.00792892
0.03460854
0.03460854
0.09458434
0.03460854
0.09458434
0.03460854
0.03460854
0.09458434
0.03293938
0.00035331
0.03293938
0.03460854
0.05657405
0.11847946
0.03293938
0.03460854
0.03293938
0.09458434
0.11847946
0.03293938
0.03460854
0.03293938
0.03460854
0.09458434
0.09458434
0.03460854
0.05657405
0.09458434
0.09458434
0.03293938
0.06175140
0.03293938
0.03460854
Case #33:
0.01000000
0.03000000
0.02000000
0.06000000
0.07000000
0.08000000
0.05000000
0.04000000
Case #34:
0.04644582
0.01381025
0.01803540
0.00154634
0.00154634
0.04644582
0.00154634
0.04644582
0.00886693
0.01381025
0.00219273
0.01381025
0.02209672
0.01381025
0.00886693
0.01381025
0.01381025
0.02779164
0.04644582
0.01381025
0.00886693
0.04644582
0.01381025
0.04644582
0.04644582
0.00154634
0.01381025
0.00886693
0.00092242
0.04644582
0.01278013
0.00154634
0.01278013
0.01381025
0.04644582
0.01381025
0.04644582
0.01381025
0.01381025
0.01500792
0.01381025
0.04644582
0.00886693
0.04644582
0.00219273
0.01381025
0.01381025
0.01381025
0.02779164
0.00886693
0.00154634
0.00154634
0.04644582
0.01381025
0.04644582
0.04644582
0.01381025
0.01381025
0.01381025
0.00154634
0.01381025
0.04644582
0.04644582
0.00886693
0.01278013
0.01381025
0.00886693
0.04644582
0.01381025
0.00886693
0.00886693
0.01381025
0.01500792
0.04644582
0.04644582
0.00886693
0.04644582
0.04644582
0.01381025
0.04644582
0.01381025
0.00886693
0.01381025
0.00886693
0.01381025
0.01381025
0.03655359
0.04644582
0.00092242
0.00886693
0.00886693
0.03655359
Case #35:
0.07461517
0.00345779
0.07461517
0.13792269
0.04286288
0.13792269
0.02464710
0.06225560
0.13792269
0.38354432
0.38354432
0.13792269
0.13792269
0.04286288
0.38354432
0.13792269
0.07461517
0.13792269
0.13792269
0.13792269
0.38354432
0.00090915
0.00345779
0.13792269
0.38354432
0.07461517
0.13792269
0.13792269
0.00075546
0.13792269
0.03203355
0.13792269
0.13792269
0.04286288
0.00345779
0.13792269
0.06225560
0.13792269
0.04378443
0.00345779
