1 3 2 7 2 3 3 2 7 2 5 2 7 2 3 3 2 7 8 7 2 3 3 2 7 2 5 2 7 2 3 3 2 7 2 3 2 7 2 3 3 2 7 2 5 2 7 2 3 3 2 7 8 7 2 3 3 2 7 2 5 2 7 2 3 3 2 20 2 3 3 2 7 2 5 2 7 2 3 3 2 7 8 7 2 3 3 2 7 2 5 2 7 2 3 3 2 7 2 3 2 7 2 3 3 2 7 2 5 2 7 2 3 3 2 7 8 7 2 3 3 2 7 2 5 2 7 2 3 3 2 7 5 7 2 3 3 2 7 2 5 2 7 2 3 3 2 7 8 7 2 3 3 2 7 2 5 2 7 2 3 3 2 7 2 3 2 7 2 3 3 2 7 2 5 2 7 2 3 3 2 7 8 7 2 3 3 2 7 2 5 2 7 2 3 3 2 20 2 3 3 2 7 2 5 2 7 2 3 3 2 7 8 7 2 3 3 2 7 2 5 2 7 2 3 3 2 7 2 3 2 7 2 3 3 2 7 2 5 2 7 2 3 3 2 7 8 7 2 3 3 2 7 2 5 2 7 2 3 3 2 9 
9 
2 3 3 2 7 2 5 2 7 2 3 3 2 7 8 7 2 3 3 2 7 2 5 2 7 2 3 3 2 7 2 3 2 7 2 3 3 2 7 2 5 2 7 2 3 3 2 7 8 7 2 3 3 2 7 2 5 2 7 2 3 3 2 20 2 3 3 2 7 2 5 2 7 2 3 3 2 7 8 7 2 3 3 2 7 2 5 2 7 2 3 3 2 7 2 3 2 7 2 3 3 2 7 2 5 2 7 2 3 3 2 7 8 7 2 3 3 2 7 2 5 2 7 2 3 3 2 7 5 7 2 3 3 2 7 2 5 2 7 2 3 3 2 7 8 7 2 3 3 2 7 2 5 2 7 2 3 3 2 7 2 3 2 7 2 3 3 2 7 2 5 2 7 2 3 3 2 7 8 7 2 3 3 2 7 2 5 2 7 2 3 3 2 20 2 3 3 2 7 2 5 2 7 2 3 3 2 7 8 7 2 3 3 2 7 2 5 2 7 2 3 3 2 7 2 3 2 7 2 3 3 2 7 2 5 2 7 2 3 3 2 7 8 7 2 3 3 2 7 2 5 2 7 2 3 3 2 17 2 3 3 2 7 2 5 2 7 2 3 3 2 7 8 7 2 3 3 2 7 2 5 2 7 2 3 3 2 7 2 3 2 7 2 3 3 2 7 2 5 2 7 2 3 3 2 7 8 7 2 3 3 2 7 2 5 2 7 2 3 3 2 20 2 3 3 2 7 2 5 2 7 2 3 3 2 7 8 7 2 3 3 2 7 2 5 2 7 2 3 3 2 7 2 3 2 7 2 3 3 2 7 2 5 2 7 2 3 3 2 7 8 7 2 3 3 2 7 2 5 2 7 2 3 3 2 7 5 7 2 3 3 2 7 2 5 2 7 2 3 3 2 7 8 7 2 3 3 2 7 2 5 2 7 2 3 3 2 7 2 3 2 7 2 3 3 2 7 2 5 2 7 2 3 3 2 7 8 7 2 3 3 2 7 2 5 2 7 2 3 3 2 20 2 3 3 2 7 2 5 2 7 2 3 3 2 7 8 7 2 3 3 2 7 2 5 2 7 2 3 3 2 7 2 3 2 7 2 3 3 2 7 2 5 2 7 2 3 3 2 7 8 7 2 3 3 2 7 2 5 2 7 2 3 3 2 9 
9 
2 3 3 2 7 2 5 2 7 2 3 3 2 7 8 7 2 3 3 2 7 2 5 2 7 2 3 3 2 7 2 3 2 7 2 3 3 2 7 2 5 2 7 2 3 3 2 7 8 7 2 3 3 2 7 2 5 2 7 2 3 3 2 20 2 3 3 2 7 2 5 2 7 2 3 3 2 7 8 7 2 3 3 2 7 2 5 2 7 2 3 3 2 7 2 3 2 7 2 3 3 2 7 2 5 2 7 2 3 3 2 7 8 7 2 3 3 2 7 2 5 2 7 2 3 3 2 7 5 7 2 3 3 2 7 2 5 2 7 2 3 3 2 7 8 7 2 3 3 2 7 2 5 2 7 2 3 3 2 7 2 3 2 7 2 3 3 2 7 2 5 2 7 2 3 3 2 7 8 7 2 3 3 2 7 2 5 2 7 2 3 3 2 20 2 3 3 2 7 2 5 2 7 2 3 3 2 7 8 7 2 3 3 2 7 2 5 2 7 2 3 3 2 7 2 3 2 7 2 3 3 2 7 2 5 2 7 2 3 3 2 7 8 7 2 3 3 2 7 2 5 2 7 2 3 3 2 7 2 7 2 3 3 2 7 2 5 2 7 2 3 3 2 7 8 7 2 3 3 2 7 2 5 2 7 2 3 3 2 7 2 3 2 7 2 3 3 2 7 2 5 2 7 2 3 3 2 7 8 7 2 3 3 2 7 2 5 2 7 2 3 3 2 20 2 3 3 2 7 2 5 2 7 2 3 3 2 7 8 7 2 3 3 2 7 2 5 2 7 2 3 3 2 7 2 3 2 7 2 3 3 2 7 2 5 2 7 2 3 3 2 7 8 7 2 3 3 2 7 2 5 2 7 2 3 3 2 7 5 7 2 3 3 2 7 2 5 2 7 2 3 3 2 7 8 7 2 3 3 2 7 2 5 2 7 2 3 3 2 7 2 3 2 7 2 3 3 2 7 2 5 2 7 2 3 3 2 7 8 7 2 3 3 2 7 2 5 2 7 2 3 3 2 20 2 3 3 2 7 2 5 2 7 2 3 3 2 7 8 7 2 3 3 2 7 2 5 2 7 2 3 3 2 7 2 3 2 7 2 3 3 2 7 2 5 2 7 2 3 3 2 7 8 7 2 3 3 2 7 2 5 2 7 2 3 3 2 9 
9 
2 3 3 2 7 2 5 2 7 2 3 3 2 7 8 7 2 3 3 2 7 2 5 2 7 2 3 3 2 7 2 3 2 7 2 3 3 2 7 2 5 2 7 2 3 3 2 7 8 7 2 3 3 2 7 2 5 2 7 2 3 3 2 20 2 3 3 2 7 2 5 2 7 2 3 3 2 7 8 7 2 3 3 2 7 2 5 2 7 2 3 3 2 7 2 3 2 7 2 3 3 2 7 2 5 2 7 2 3 3 2 7 8 7 2 3 3 2 7 2 5 2 7 2 3 3 2 7 5 7 2 3 3 2 7 2 5 2 7 2 3 3 2 7 8 7 2 3 3 2 7 2 5 2 7 2 3 3 2 7 2 3 2 7 2 3 3 2 7 2 5 2 7 2 3 3 2 7 8 7 2 3 3 2 7 2 5 2 7 2 3 3 2 20 2 3 3 2 7 2 5 2 7 2 3 3 2 7 8 7 2 3 3 2 7 2 5 2 7 2 3 3 2 7 2 3 2 7 2 3 3 2 7 2 5 2 7 2 3 3 2 7 8 7 2 3 3 2 7 2 5 2 7 2 3 3 2 17 2 3 3 2 7 2 5 2 7 2 3 3 2 7 8 7 2 3 3 2 7 2 5 2 7 2 3 3 2 7 2 3 2 7 2 3 3 2 7 2 5 2 7 2 3 3 2 7 8 7 2 3 3 2 7 2 5 2 7 2 3 3 2 20 2 3 3 2 7 2 5 2 7 2 3 3 2 7 8 7 2 3 3 2 7 2 5 2 7 2 3 3 2 7 2 3 2 7 2 3 3 2 7 2 5 2 7 2 3 3 2 7 8 7 2 3 3 2 7 2 5 2 7 2 3 3 2 7 5 7 2 3 3 2 7 2 5 2 7 2 3 3 2 7 8 7 2 3 3 2 7 2 5 2 7 2 3 3 2 7 2 3 2 7 2 3 3 2 7 2 5 2 7 2 3 3 2 7 8 7 2 3 3 2 7 2 5 2 7 2 3 3 2 20 2 3 3 2 7 2 5 2 7 2 3 3 2 7 8 7 2 3 3 2 7 2 5 2 7 2 3 3 2 7 2 3 2 7 2 3 3 2 7 2 5 2 7 2 3 3 2 7 8 7 2 3 3 2 7 2 5 2 7 2 3 3 2 9 
9 
2 3 3 2 7 2 5 2 7 2 3 3 2 7 8 7 2 3 3 2 7 2 5 2 7 2 3 3 2 7 2 3 2 7 2 3 3 2 7 2 5 2 7 2 3 3 2 7 8 7 2 3 3 2 7 2 5 2 7 2 3 3 2 20 2 3 3 2 7 2 5 2 7 2 3 3 2 7 8 7 2 3 3 2 7 2 5 2 7 2 3 3 2 7 2 3 2 7 2 3 3 2 7 2 5 2 7 2 3 3 2 7 8 7 2 3 3 2 7 2 5 2 7 2 3 3 2 7 5 7 2 3 3 2 7 2 5 2 7 2 3 3 2 7 8 7 2 3 3 2 7 2 5 2 7 2 3 3 2 7 2 3 2 7 2 3 3 2 7 2 5 2 7 2 3 3 2 7 8 7 2 3 3 2 7 2 5 2 7 2 3 3 2 20 2 3 3 2 7 2 5 2 7 2 3 3 2 7 8 7 2 3 3 2 7 2 5 2 7 2 3 3 2 7 2 3 2 7 2 3 3 2 7 2 5 2 7 2 3 3 2 7 8 7 2 3 3 2 7 2 5 2 7 2 3 3 2 15 2 3 3 2 7 2 5 2 7 2 3 3 2 7 8 7 2 3 3 2 7 2 5 2 7 2 3 3 2 7 2 3 2 7 2 3 3 2 7 2 5 2 7 2 3 3 2 7 8 7 2 3 3 2 7 2 5 2 7 2 3 3 2 20 2 3 3 2 7 2 5 2 7 2 3 3 2 7 8 7 2 3 3 2 7 2 5 2 7 2 3 3 2 7 2 3 2 7 2 3 3 2 7 2 5 2 7 2 3 3 2 7 8 7 2 3 3 2 7 2 5 2 7 2 3 3 2 7 5 7 2 3 3 2 7 2 5 2 7 2 3 3 2 7 8 7 2 3 3 2 7 2 5 2 7 2 3 3 2 7 2 3 2 7 2 3 3 2 7 2 5 2 7 2 3 3 2 7 8 7 2 3 3 2 7 2 5 2 7 2 3 3 2 20 2 3 3 2 7 2 5 2 7 2 3 3 2 7 8 7 2 3 3 2 7 2 5 2 7 2 3 3 2 7 2 3 2 7 2 3 3 2 7 2 5 2 7 2 3 3 2 7 8 7 2 3 3 2 7 2 5 2 7 2 3 3 2 9 
9 
2 3 3 2 7 2 5 2 7 2 3 3 2 7 8 7 2 3 3 2 7 2 5 2 7 2 3 3 2 7 2 3 2 7 2 3 3 2 7 2 5 2 7 2 3 3 2 7 8 7 2 3 3 2 7 2 5 2 7 2 3 3 2 20 2 3 3 2 7 2 5 2 7 2 3 3 2 7 8 7 2 3 3 2 7 2 5 2 7 2 3 3 2 7 2 3 2 7 2 3 3 2 7 2 5 2 7 2 3 3 2 7 8 7 2 3 3 2 7 2 5 2 7 2 3 3 2 7 5 7 2 3 3 2 7 2 5 2 7 2 3 3 2 7 8 7 2 3 3 2 7 2 5 2 7 2 3 3 2 7 2 3 2 7 2 3 3 2 7 2 5 2 7 2 3 3 2 7 8 7 2 3 3 2 7 2 5 2 7 2 3 3 2 20 2 3 3 2 7 2 5 2 7 2 3 3 2 7 8 7 2 3 3 2 7 2 5 2 7 2 3 3 2 7 2 3 2 7 2 3 3 2 7 2 5 2 7 2 3 3 2 7 8 7 2 3 3 2 7 2 5 2 7 2 3 3 2 17 2 3 3 2 7 2 5 2 7 2 3 3 2 7 8 7 2 3 3 2 7 2 5 2 7 2 3 3 2 7 2 3 2 7 2 3 3 2 7 2 5 2 7 2 3 3 2 7 8 7 2 3 3 2 7 2 5 2 7 2 3 3 2 20 2 3 3 2 7 2 5 2 7 2 3 3 2 7 8 7 2 3 3 2 7 2 5 2 7 2 3 3 2 7 2 3 2 7 2 3 3 2 7 2 5 2 7 2 3 3 2 7 8 7 2 3 3 2 7 2 5 2 7 2 3 3 2 7 5 7 2 3 3 2 7 2 5 2 7 2 3 3 2 7 8 7 2 3 3 2 7 2 5 2 7 2 3 3 2 7 2 3 2 7 2 3 3 2 7 2 5 2 7 2 3 3 2 7 8 7 2 3 3 2 7 2 5 2 7 2 3 3 2 20 2 3 3 2 7 2 5 2 7 2 3 3 2 7 8 7 2 3 3 2 7 2 5 2 7 2 3 3 2 7 2 3 2 7 2 3 3 2 7 2 5 2 7 2 3 3 2 7 8 7 2 3 3 2 7 2 5 2 7 2 3 3 2 9 
9 
2 3 3 2 7 2 5 2 7 2 3 3 2 7 8 7 2 3 3 2 7 2 5 2 7 2 3 3 2 7 2 3 2 7 2 3 3 2 7 2 5 2 7 2 3 3 2 7 8 7 2 3 3 2 7 2 5 2 7 2 3 3 2 20 2 3 3 2 7 2 5 2 7 2 3 3 2 7 8 7 2 3 3 2 7 2 5 2 7 2 3 3 2 7 2 3 2 7 2 3 3 2 7 2 5 2 7 2 3 3 2 7 8 7 2 3 3 2 7 2 5 2 7 2 3 3 2 7 5 7 2 3 3 2 7 2 5 2 7 2 3 3 2 7 8 7 2 3 3 2 7 2 5 2 7 2 3 3 2 7 2 3 2 7 2 3 3 2 7 2 5 2 7 2 3 3 2 7 8 7 2 3 3 2 7 2 5 2 7 2 3 3 2 20 2 3 3 2 7 2 5 2 7 2 3 3 2 7 8 7 2 3 3 2 7 2 5 2 7 2 3 3 2 7 2 3 2 7 2 3 3 2 7 2 5 2 7 2 3 3 2 7 8 7 2 3 3 2 7 2 5 2 7 2 3 3 2 7 2 7 2 3 3 2 7 2 5 2 7 2 3 3 2 7 8 7 2 3 3 2 7 2 5 2 7 2 3 3 2 7 2 3 2 7 2 3 3 2 7 2 5 2 7 2 3 3 2 7 8 7 2 3 3 2 7 2 5 2 7 2 3 3 2 20 2 3 3 2 7 2 5 2 7 2 3 3 2 7 8 7 2 3 3 2 7 2 5 2 7 2 3 3 2 7 2 3 2 7 2 3 3 2 7 2 5 2 7 2 3 3 2 7 8 7 2 3 3 2 7 2 5 2 7 2 3 3 2 7 5 7 2 3 3 2 7 2 5 2 7 2 3 3 2 7 8 7 2 3 3 2 7 2 5 2 7 2 3 3 2 7 2 3 2 7 2 3 3 2 7 2 5 2 7 2 3 3 2 7 8 7 2 3 3 2 7 2 5 2 7 2 3 3 2 20 2 3 3 2 7 2 5 2 7 2 3 3 2 7 8 7 2 3 3 2 7 2 5 2 7 2 3 3 2 7 2 3 2 7 2 3 3 2 7 2 5 2 7 2 3 3 2 7 8 7 2 3 3 2 7 2 5 2 7 2 3 3 2 9 
9 
2 3 3 2 7 2 5 2 7 2 3 3 2 7 8 7 2 3 3 2 7 2 5 2 7 2 3 3 2 7 2 3 2 7 2 3 3 2 7 2 5 2 7 2 3 3 2 7 8 7 2 3 3 2 7 2 5 2 7 2 3 3 2 20 2 3 3 2 7 2 5 2 7 2 3 3 2 7 8 7 2 3 3 2 7 2 5 2 7 2 3 3 2 7 2 3 2 7 2 3 3 2 7 2 5 2 7 2 3 3 2 7 8 7 2 3 3 2 7 2 5 2 7 2 3 3 2 7 5 7 2 3 3 2 7 2 5 2 7 2 3 3 2 7 8 7 2 3 3 2 7 2 5 2 7 2 3 3 2 7 2 3 2 7 2 3 3 2 7 2 5 2 7 2 3 3 2 7 8 7 2 3 3 2 7 2 5 2 7 2 3 3 2 20 2 3 3 2 7 2 5 2 7 2 3 3 2 7 8 7 2 3 3 2 7 2 5 2 7 2 3 3 2 7 2 3 2 7 2 3 3 2 7 2 5 2 7 2 3 3 2 7 8 7 2 3 3 2 7 2 5 2 7 2 3 3 2 17 2 3 3 2 7 2 5 2 7 2 3 3 2 7 8 7 2 3 3 2 7 2 5 2 7 2 3 3 2 7 2 3 2 7 2 3 3 2 7 2 5 2 7 2 3 3 2 7 8 7 2 3 3 2 7 2 5 2 7 2 3 3 2 20 2 3 3 2 7 2 5 2 7 2 3 3 2 7 8 7 2 3 3 2 7 2 5 2 7 2 3 3 2 7 2 3 2 7 2 3 3 2 7 2 5 2 7 2 3 3 2 7 8 7 2 3 3 2 7 2 5 2 7 2 3 3 2 7 5 7 2 3 3 2 7 2 5 2 7 2 3 3 2 7 8 7 2 3 3 2 7 2 5 2 7 2 3 3 2 7 2 3 2 7 2 3 3 2 7 2 5 2 7 2 3 3 2 7 8 7 2 3 3 2 7 2 5 2 7 2 3 3 2 20 2 3 3 2 7 2 5 2 7 2 3 3 2 7 8 7 2 3 3 2 7 2 5 2 7 2 3 3 2 7 2 3 2 7 2 3 3 2 7 2 5 2 7 2 3 3 2 7 8 7 2 3 3 2 7 2 5 2 7 2 3 3 2 9 
9 
2 3 3 2 7 2 5 2 7 2 3 3 2 7 8 7 2 3 3 2 7 2 5 2 7 2 3 3 2 7 2 3 2 7 2 3 3 2 7 2 5 2 7 2 3 3 2 7 8 7 2 3 3 2 7 2 5 2 7 2 3 3 2 20 2 3 3 2 7 2 5 2 7 2 3 3 2 7 8 7 2 3 3 2 7 2 5 2 7 2 3 3 2 7 2 3 2 7 2 3 3 2 7 2 5 2 7 2 3 3 2 7 8 7 2 3 3 2 7 2 5 2 7 2 3 3 2 7 5 7 2 3 3 2 7 2 5 2 7 2 3 3 2 7 8 7 2 3 3 2 7 2 5 2 7 2 3 3 2 7 2 3 2 7 2 3 3 2 7 2 5 2 7 2 3 3 2 7 8 7 2 3 3 2 7 2 5 2 7 2 3 3 2 20 2 3 3 2 7 2 5 2 7 2 3 3 2 7 8 7 2 3 3 2 7 2 5 2 7 2 3 3 2 7 2 3 2 7 2 3 3 2 7 2 5 2 7 2 3 3 2 7 8 7 2 3 3 2 7 2 5 2 7 2 3 3 2 7 7 2 3 3 2 7 2 5 2 7 2 3 3 2 7 8 7 2 3 3 2 7 2 5 2 7 2 3 3 2 7 2 3 2 7 2 3 3 2 7 2 5 2 7 2 3 3 2 7 8 7 2 3 3 2 7 2 5 2 7 2 3 3 2 20 2 3 3 2 7 2 5 2 7 2 3 3 2 7 8 7 2 3 3 2 7 2 5 2 7 2 3 3 2 7 2 3 2 7 2 3 3 2 7 2 5 2 7 2 3 3 2 7 8 7 2 3 3 2 7 2 5 2 7 2 3 3 2 7 5 7 2 3 3 2 7 2 5 2 7 2 3 3 2 7 8 7 2 3 3 2 7 2 5 2 7 2 3 3 2 7 2 3 2 7 2 3 3 2 7 2 5 2 7 2 3 3 2 7 8 7 2 3 3 2 7 2 5 2 7 2 3 3 2 20 2 3 3 2 7 2 5 2 7 2 3 3 2 7 8 7 2 3 3 2 7 2 5 2 7 2 3 3 2 7 2 3 2 7 2 3 3 2 7 2 5 2 7 2 3 3 2 7 8 7 2 3 3 2 7 2 5 2 7 2 3 3 2 9 
9 
2 3 3 2 7 2 5 2 7 2 3 3 2 7 8 7 2 3 3 2 7 2 5 2 7 2 3 3 2 7 2 3 2 7 2 3 3 2 7 2 5 2 7 2 3 3 2 7 8 7 2 3 3 2 7 2 5 2 7 2 3 3 2 20 2 3 3 2 7 2 5 2 7 2 3 3 2 7 8 7 2 3 3 2 7 2 5 2 7 2 3 3 2 7 2 3 2 7 2 3 3 2 7 2 5 2 7 2 3 3 2 7 8 7 2 3 3 2 7 2 5 2 7 2 3 3 2 7 5 7 2 3 3 2 7 2 5 2 7 2 3 3 2 7 8 7 2 3 3 2 7 2 5 2 7 2 3 3 2 7 2 3 2 7 2 3 3 2 7 2 5 2 7 2 3 3 2 7 8 7 2 3 3 2 7 2 5 2 7 2 3 3 2 20 2 3 3 2 7 2 5 2 7 2 3 3 2 7 8 7 2 3 3 2 7 2 5 2 7 2 3 3 2 7 2 3 2 7 2 3 3 2 7 2 5 2 7 2 3 3 2 7 8 7 2 3 3 2 7 2 5 2 7 2 3 3 2 17 2 3 3 2 7 2 5 2 7 2 3 3 2 7 8 7 2 3 3 2 7 2 5 2 7 2 3 3 2 7 2 3 2 7 2 3 3 2 7 2 5 2 7 2 3 3 2 7 8 7 2 3 3 2 7 2 5 2 7 2 3 3 2 20 2 3 3 2 7 2 5 2 7 2 3 3 2 7 8 7 2 3 3 2 7 2 5 2 7 2 3 3 2 7 2 3 2 7 2 3 3 2 7 2 5 2 7 2 3 3 2 7 8 7 2 3 3 2 7 2 5 2 7 2 3 3 2 7 5 7 2 3 3 2 7 2 5 2 7 2 3 3 2 7 8 7 2 3 3 2 7 2 5 2 7 2 3 3 2 7 2 3 2 7 2 3 3 2 7 2 5 2 7 2 3 3 2 7 8 7 2 3 3 2 7 2 5 2 7 2 3 3 2 20 2 3 3 2 7 2 5 2 7 2 3 3 2 7 8 7 2 3 3 2 7 2 5 2 7 2 3 3 2 7 2 3 2 7 2 3 3 2 7 2 5 2 7 2 3 3 2 7 8 7 2 3 3 2 7 2 5 2 7 2 3 3 2 9 
9 
2 3 3 2 7 2 5 2 7 2 3 3 2 7 8 7 2 3 3 2 7 2 5 2 7 2 3 3 2 7 2 3 2 7 2 3 3 2 7 2 5 2 7 2 3 3 2 7 8 7 2 3 3 2 7 2 5 2 7 2 3 3 2 20 2 3 3 2 7 2 5 2 7 2 3 3 2 7 8 7 2 3 3 2 7 2 5 2 7 2 3 3 2 7 2 3 2 7 2 3 3 2 7 2 5 2 7 2 3 3 2 7 8 7 2 3 3 2 7 2 5 2 7 2 3 3 2 7 5 7 2 3 3 2 7 2 5 2 7 2 3 3 2 7 8 7 2 3 3 2 7 2 5 2 7 2 3 3 2 7 2 3 2 7 2 3 3 2 7 2 5 2 7 2 3 3 2 7 8 7 2 3 3 2 7 2 5 2 7 2 3 3 2 20 2 3 3 2 7 2 5 2 7 2 3 3 2 7 8 7 2 3 3 2 7 2 5 2 7 2 3 3 2 7 2 3 2 7 2 3 3 2 7 2 5 2 7 2 3 3 2 7 8 7 2 3 3 2 7 2 5 2 7 2 3 3 2 7 2 7 2 3 3 2 7 2 5 2 7 2 3 3 2 7 8 7 2 3 3 2 7 2 5 2 7 2 3 3 2 7 2 3 2 7 2 3 3 2 7 2 5 2 7 2 3 3 2 7 8 7 2 3 3 2 7 2 5 2 7 2 3 3 2 20 2 3 3 2 7 2 5 2 7 2 3 3 2 7 8 7 2 3 3 2 7 2 5 2 7 2 3 3 2 7 2 3 2 7 2 3 3 2 7 2 5 2 7 2 3 3 2 7 8 7 2 3 3 2 7 2 5 2 7 2 3 3 2 7 5 7 2 3 3 2 7 2 5 2 7 2 3 3 2 7 8 7 2 3 3 2 7 2 5 2 7 2 3 3 2 7 2 3 2 7 2 3 3 2 7 2 5 2 7 2 3 3 2 7 8 7 2 3 3 2 7 2 5 2 7 2 3 3 2 20 2 3 3 2 7 2 5 2 7 2 3 3 2 7 8 7 2 3 3 2 7 2 5 2 7 2 3 3 2 7 2 3 2 7 2 3 3 2 7 2 5 2 7 2 3 3 2 7 8 7 2 3 3 2 7 2 5 2 7 2 3 3 2 9 
9 
2 3 3 2 7 2 5 2 7 2 3 3 2 7 8 7 2 3 3 2 7 2 5 2 7 2 3 3 2 7 2 3 2 7 2 3 3 2 7 2 5 2 7 2 3 3 2 7 8 7 2 3 3 2 7 2 5 2 7 2 3 3 2 20 2 3 3 2 7 2 5 2 7 2 3 3 2 7 8 7 2 3 3 2 7 2 5 2 7 2 3 3 2 7 2 3 2 7 2 3 3 2 7 2 5 2 7 2 3 3 2 7 8 7 2 3 3 2 7 2 5 2 7 2 3 3 2 7 5 7 2 3 3 2 7 2 5 2 7 2 3 3 2 7 8 7 2 3 3 2 7 2 5 2 7 2 3 3 2 7 2 3 2 7 2 3 3 2 7 2 5 2 7 2 3 3 2 7 8 7 2 3 3 2 7 2 5 2 7 2 3 3 2 20 2 3 3 2 7 2 5 2 7 2 3 3 2 7 8 7 2 3 3 2 7 2 5 2 7 2 3 3 2 7 2 3 2 7 2 3 3 2 7 2 5 2 7 2 3 3 2 7 8 7 2 3 3 2 7 2 5 2 7 2 3 3 2 17 2 3 3 2 7 2 5 2 7 2 3 3 2 7 8 7 2 3 3 2 7 2 5 2 7 2 3 3 2 7 2 3 2 7 2 3 3 2 7 2 5 2 7 2 3 3 2 7 8 7 2 3 3 2 7 2 5 2 7 2 3 3 2 20 2 3 3 2 7 2 5 2 7 2 3 3 2 7 8 7 2 3 3 2 7 2 5 2 7 2 3 3 2 7 2 3 2 7 2 3 3 2 7 2 5 2 7 2 3 3 2 7 8 7 2 3 3 2 7 2 5 2 7 2 3 3 2 7 5 7 2 3 3 2 7 2 5 2 7 2 3 3 2 7 8 7 2 3 3 2 7 2 5 2 7 2 3 3 2 7 2 3 2 7 2 3 3 2 7 2 5 2 7 2 3 3 2 7 8 7 2 3 3 2 7 2 5 2 7 2 3 3 2 20 2 3 3 2 7 2 5 2 7 2 3 3 2 7 8 7 2 3 3 2 7 2 5 2 7 2 3 3 2 7 2 3 2 7 2 3 3 2 7 2 5 2 7 2 3 3 2 7 8 7 2 3 3 2 7 2 5 2 7 2 3 3 2 9 
9 
2 3 3 2 7 2 5 2 7 2 3 3 2 7 8 7 2 3 3 2 7 2 5 2 7 2 3 3 2 7 2 3 2 7 2 3 3 2 7 2 5 2 7 2 3 3 2 7 8 7 2 3 3 2 7 2 5 2 7 2 3 3 2 20 2 3 3 2 7 2 5 2 7 2 3 3 2 7 8 7 2 3 3 2 7 2 5 2 7 2 3 3 2 7 2 3 2 7 2 3 3 2 7 2 5 2 7 2 3 3 2 7 8 7 2 3 3 2 7 2 5 2 7 2 3 3 2 7 5 7 2 3 3 2 7 2 5 2 7 2 3 3 2 7 8 7 2 3 3 2 7 2 5 2 7 2 3 3 2 7 2 3 2 7 2 3 3 2 7 2 5 2 7 2 3 3 2 7 8 7 2 3 3 2 7 2 5 2 7 2 3 3 2 20 2 3 3 2 7 2 5 2 7 2 3 3 2 7 8 7 2 3 3 2 7 2 5 2 7 2 3 3 2 7 2 3 2 7 2 3 3 2 7 2 5 2 7 2 3 3 2 7 8 7 2 3 3 2 7 2 5 2 7 2 3 3 2 15 2 3 3 2 7 2 5 2 7 2 3 3 2 7 8 7 2 3 3 2 7 2 5 2 7 2 3 3 2 7 2 3 2 7 2 3 3 2 7 2 5 2 7 2 3 3 2 7 8 7 2 3 3 2 7 2 5 2 7 2 3 3 2 20 2 3 3 2 7 2 5 2 7 2 3 3 2 7 8 7 2 3 3 2 7 2 5 2 7 2 3 3 2 7 2 3 2 7 2 3 3 2 7 2 5 2 7 2 3 3 2 7 8 7 2 3 3 2 7 2 5 2 7 2 3 3 2 7 5 7 2 3 3 2 7 2 5 2 7 2 3 3 2 7 8 7 2 3 3 2 7 2 5 2 7 2 3 3 2 7 2 3 2 7 2 3 3 2 7 2 5 2 7 2 3 3 2 7 8 7 2 3 3 2 7 2 5 2 7 2 3 3 2 20 2 3 3 2 7 2 5 2 7 2 3 3 2 7 8 7 2 3 3 2 7 2 5 2 7 2 3 3 2 7 2 3 2 7 2 3 3 2 7 2 5 2 7 2 3 3 2 7 8 7 2 3 3 2 7 2 5 2 7 2 3 3 2 9 
9 
2 3 3 2 7 2 5 2 7 2 3 3 2 7 8 7 2 3 3 2 7 2 5 2 7 2 3 3 2 7 2 3 2 7 2 3 3 2 7 2 5 2 7 2 3 3 2 7 8 7 2 3 3 2 7 2 5 2 7 2 3 3 2 20 2 3 3 2 7 2 5 2 7 2 3 3 2 7 8 7 2 3 3 2 7 2 5 2 7 2 3 3 2 7 2 3 2 7 2 3 3 2 7 2 5 2 7 2 3 3 2 7 8 7 2 3 3 2 7 2 5 2 7 2 3 3 2 7 5 7 2 3 3 2 7 2 5 2 7 2 3 3 2 7 8 7 2 3 3 2 7 2 5 2 7 2 3 3 2 7 2 3 2 7 2 3 3 2 7 2 5 2 7 2 3 3 2 7 8 7 2 3 3 2 7 2 5 2 7 2 3 3 2 20 2 3 3 2 7 2 5 2 7 2 3 3 2 7 8 7 2 3 3 2 7 2 5 2 7 2 3 3 2 7 2 3 2 7 2 3 3 2 7 2 5 2 7 2 3 3 2 7 8 7 2 3 3 2 7 2 5 2 7 2 3 3 2 17 2 3 3 2 7 2 5 2 7 2 3 3 2 7 8 7 2 3 3 2 7 2 5 2 7 2 3 3 2 7 2 3 2 7 2 3 3 2 7 2 5 2 7 2 3 3 2 7 8 7 2 3 3 2 7 2 5 2 7 2 3 3 2 20 2 3 3 2 7 2 5 2 7 2 3 3 2 7 8 7 2 3 3 2 7 2 5 2 7 2 3 3 2 7 2 3 2 7 2 3 3 2 7 2 5 2 7 2 3 3 2 7 8 7 2 3 3 2 7 2 5 2 7 2 3 3 2 7 5 7 2 3 3 2 7 2 5 2 7 2 3 3 2 7 8 7 2 3 3 2 7 2 5 2 7 2 3 3 2 7 2 3 2 7 2 3 3 2 7 2 5 2 7 2 3 3 2 7 8 7 2 3 3 2 7 2 5 2 7 2 3 3 2 20 2 3 3 2 7 2 5 2 7 2 3 3 2 7 8 7 2 3 3 2 7 2 5 2 7 2 3 3 2 7 2 3 2 7 2 3 3 2 7 2 5 2 7 2 3 3 2 7 8 7 2 3 3 2 7 2 5 2 7 2 3 3 2 9 
9 
2 3 3 2 7 2 5 2 7 2 3 3 2 7 8 7 2 3 3 2 7 2 5 2 7 2 3 3 2 7 2 3 2 7 2 3 3 2 7 2 5 2 7 2 3 3 2 7 8 7 2 3 3 2 7 2 5 2 7 2 3 3 2 20 2 3 3 2 7 2 5 2 7 2 3 3 2 7 8 7 2 3 3 2 7 2 5 2 7 2 3 3 2 7 2 3 2 7 2 3 3 2 7 2 5 2 7 2 3 3 2 7 8 7 2 3 3 2 7 2 5 2 7 2 3 3 2 7 5 7 2 3 3 2 7 2 5 2 7 2 3 3 2 7 8 7 2 3 3 2 7 2 5 2 7 2 3 3 2 7 2 3 2 7 2 3 3 2 7 2 5 2 7 2 3 3 2 7 8 7 2 3 3 2 7 2 5 2 7 2 3 3 2 20 2 3 3 2 7 2 5 2 7 2 3 3 2 7 8 7 2 3 3 2 7 2 5 2 7 2 3 3 2 7 2 3 2 7 2 3 3 2 7 2 5 2 7 2 3 3 2 7 8 7 2 3 3 2 7 2 5 2 7 2 3 3 2 7 2 7 2 3 3 2 7 2 5 2 7 2 3 3 2 7 8 7 2 3 3 2 7 2 5 2 7 2 3 3 2 7 2 3 2 7 2 3 3 2 7 2 5 2 7 2 3 3 2 7 8 7 2 3 3 2 7 2 5 2 7 2 3 3 2 20 2 3 3 2 7 2 5 2 7 2 3 3 2 7 8 7 2 3 3 2 7 2 5 2 7 2 3 3 2 7 2 3 2 7 2 3 3 2 7 2 5 2 7 2 3 3 2 7 8 7 2 3 3 2 7 2 5 2 7 2 3 3 2 7 5 7 2 3 3 2 7 2 5 2 7 2 3 3 2 7 8 7 2 3 3 2 7 2 5 2 7 2 3 3 2 7 2 3 2 7 2 3 3 2 7 2 5 2 7 2 3 3 2 7 8 7 2 3 3 2 7 2 5 2 7 2 3 3 2 20 2 3 3 2 7 2 5 2 7 2 3 3 2 7 8 7 2 3 3 2 7 2 5 2 7 2 3 3 2 7 2 3 2 7 2 3 3 2 7 2 5 2 7 2 3 3 2 7 8 7 2 3 3 2 7 2 5 2 7 2 3 3 2 9 
9 
2 3 3 2 7 2 5 2 7 2 3 3 2 7 8 7 2 3 3 2 7 2 5 2 7 2 3 3 2 7 2 3 2 7 2 3 3 2 7 2 5 2 7 2 3 3 2 7 8 7 2 3 3 2 7 2 5 2 7 2 3 3 2 20 2 3 3 2 7 2 5 2 7 2 3 3 2 7 8 7 2 3 3 2 7 2 5 2 7 2 3 3 2 7 2 3 2 7 2 3 3 2 7 2 5 2 7 2 3 3 2 7 8 7 2 3 3 2 7 2 5 2 7 2 3 3 2 7 5 7 2 3 3 2 7 2 5 2 7 2 3 3 2 7 8 7 2 3 3 2 7 2 5 2 7 2 3 3 2 7 2 3 2 7 2 3 3 2 7 2 5 2 7 2 3 3 2 7 8 7 2 3 3 2 7 2 5 2 7 2 3 3 2 20 2 3 3 2 7 2 5 2 7 2 3 3 2 7 8 7 2 3 3 2 7 2 5 2 7 2 3 3 2 7 2 3 2 7 2 3 3 2 7 2 5 2 7 2 3 3 2 7 8 7 2 3 3 2 7 2 5 2 7 2 3 3 2 17 2 3 3 2 7 2 5 2 7 2 3 3 2 7 8 7 2 3 3 2 7 2 5 2 7 2 3 3 2 7 2 3 2 7 2 3 3 2 7 2 5 2 7 2 3 3 2 7 8 7 2 3 3 2 7 2 5 2 7 2 3 3 2 20 2 3 3 2 7 2 5 2 7 2 3 3 2 7 8 7 2 3 3 2 7 2 5 2 7 2 3 3 2 7 2 3 2 7 2 3 3 2 7 2 5 2 7 2 3 3 2 7 8 7 2 3 3 2 7 2 5 2 7 2 3 3 2 7 5 7 2 3 3 2 7 2 5 2 7 2 3 3 2 7 8 7 2 3 3 2 7 2 5 2 7 2 3 3 2 7 2 3 2 7 2 3 3 2 7 2 5 2 7 2 3 3 2 7 8 7 2 3 3 2 7 2 5 2 7 2 3 3 2 20 2 3 3 2 7 2 5 2 7 2 3 3 2 7 8 7 2 3 3 2 7 2 5 2 7 2 3 3 2 7 2 3 2 7 2 3 3 2 7 2 5 2 7 2 3 3 2 7 8 7 2 3 3 2 7 2 5 2 7 2 3 3 2 9 
9 
2 3 3 2 7 2 5 2 7 2 3 3 2 7 8 7 2 3 3 2 7 2 5 2 7 2 3 3 2 7 2 3 2 7 2 3 3 2 7 2 5 2 7 2 3 3 2 7 8 7 2 3 3 2 7 2 5 2 7 2 3 3 2 20 2 3 3 2 7 2 5 2 7 2 3 3 2 7 8 7 2 3 3 2 7 2 5 2 7 2 3 3 2 7 2 3 2 7 2 3 3 2 7 2 5 2 7 2 3 3 2 7 8 7 2 3 3 2 7 2 5 2 7 2 3 3 2 7 5 7 2 3 3 2 7 2 5 2 7 2 3 3 2 7 8 7 2 3 3 2 7 2 5 2 7 2 3 3 2 7 2 3 2 7 2 3 3 2 7 2 5 2 7 2 3 3 2 7 8 7 2 3 3 2 7 2 5 2 7 2 3 3 2 20 2 3 3 2 7 2 5 2 7 2 3 3 2 7 8 7 2 3 3 2 7 2 5 2 7 2 3 3 2 7 2 3 2 7 2 3 3 2 7 2 5 2 7 2 3 3 2 7 8 7 2 3 3 2 7 2 5 2 7 2 3 3 17 3 3 2 7 2 5 2 7 2 3 3 2 7 8 7 2 3 3 2 7 2 5 2 7 2 3 3 2 7 2 3 2 7 2 3 3 2 7 2 5 2 7 2 3 3 2 7 8 7 2 3 3 2 7 2 5 2 7 2 3 3 2 20 2 3 3 2 7 2 5 2 7 2 3 3 2 7 8 7 2 3 3 2 7 2 5 2 7 2 3 3 2 7 2 3 2 7 2 3 3 2 7 2 5 2 7 2 3 3 2 7 8 7 2 3 3 2 7 2 5 2 7 2 3 3 2 7 5 7 2 3 3 2 7 2 5 2 7 2 3 3 2 7 8 7 2 3 3 2 7 2 5 2 7 2 3 3 2 7 2 3 2 7 2 3 3 2 7 2 5 2 7 2 3 3 2 7 8 7 2 3 3 2 7 2 5 2 7 2 3 3 2 20 2 3 3 2 7 2 5 2 7 2 3 3 2 7 8 7 2 3 3 2 7 2 5 2 7 2 3 3 2 7 2 3 2 7 2 3 3 2 7 2 5 2 7 2 3 3 2 7 8 7 2 3 3 2 7 2 5 2 7 2 3 3 2 9 
9 
2 3 3 2 7 2 5 2 7 2 3 3 2 7 8 7 2 3 3 2 7 2 5 2 7 2 3 3 2 7 2 3 2 7 2 3 3 2 7 2 5 2 7 2 3 3 2 7 8 7 2 3 3 2 7 2 5 2 7 2 3 3 2 20 2 3 3 2 7 2 5 2 7 2 3 3 2 7 8 7 2 3 3 2 7 2 5 2 7 2 3 3 2 7 2 3 2 7 2 3 3 2 7 2 5 2 7 2 3 3 2 7 8 7 2 3 3 2 7 2 5 2 7 2 3 3 2 7 5 7 2 3 3 2 7 2 5 2 7 2 3 3 2 7 8 7 2 3 3 2 7 2 5 2 7 2 3 3 2 7 2 3 2 7 2 3 3 2 7 2 5 2 7 2 3 3 2 7 8 7 2 3 3 2 7 2 5 2 7 2 3 3 2 20 2 3 3 2 7 2 5 2 7 2 3 3 2 7 8 7 2 3 3 2 7 2 5 2 7 2 3 3 2 7 2 3 2 7 2 3 3 2 7 2 5 2 7 2 3 3 2 7 8 7 2 3 3 2 7 2 5 2 7 2 3 3 2 17 2 3 3 2 7 2 5 2 7 2 3 3 2 7 8 7 2 3 3 2 7 2 5 2 7 2 3 3 2 7 2 3 2 7 2 3 3 2 7 2 5 2 7 2 3 3 2 7 8 7 2 3 3 2 7 2 5 2 7 2 3 3 2 20 2 3 3 2 7 2 5 2 7 2 3 3 2 7 8 7 2 3 3 2 7 2 5 2 7 2 3 3 2 7 2 3 2 7 2 3 3 2 7 2 5 2 7 2 3 3 2 7 8 7 2 3 3 2 7 2 5 2 7 2 3 3 2 7 5 7 2 3 3 2 7 2 5 2 7 2 3 3 2 7 8 7 2 3 3 2 7 2 5 2 7 2 3 3 2 7 2 3 2 7 2 3 3 2 7 2 5 2 7 2 3 3 2 7 8 7 2 3 3 2 7 2 5 2 7 2 3 3 2 20 2 3 3 2 7 2 5 2 7 2 3 3 2 7 8 7 2 3 3 2 7 2 5 2 7 2 3 3 2 7 2 3 2 7 2 3 3 2 7 2 5 2 7 2 3 3 2 7 8 7 2 3 3 2 7 2 5 2 7 2 3 3 2 9 
9 
2 3 3 2 7 2 5 2 7 2 3 3 2 7 8 7 2 3 3 2 7 2 5 2 7 2 3 3 2 7 2 3 2 7 2 3 3 2 7 2 5 2 7 2 3 3 2 7 8 7 2 3 3 2 7 2 5 2 7 2 3 3 2 20 2 3 3 2 7 2 5 2 7 2 3 3 2 7 8 7 2 3 3 2 7 2 5 2 7 2 3 3 2 7 2 3 2 7 2 3 3 2 7 2 5 2 7 2 3 3 2 7 8 7 2 3 3 2 7 2 5 2 7 2 3 3 2 7 5 7 2 3 3 2 7 2 5 2 7 2 3 3 2 7 8 7 2 3 3 2 7 2 5 2 7 2 3 3 2 7 2 3 2 7 2 3 3 2 7 2 5 2 7 2 3 3 2 7 8 7 2 3 3 2 7 2 5 2 7 2 3 3 2 20 2 3 3 2 7 2 5 2 7 2 3 3 2 7 8 7 2 3 3 2 7 2 5 2 7 2 3 3 2 7 2 3 2 7 2 3 3 2 7 2 5 2 7 2 3 3 2 7 8 7 2 3 3 2 7 2 5 2 7 2 3 3 2 7 2 7 2 3 3 2 7 2 5 2 7 2 3 3 2 7 8 7 2 3 3 2 7 2 5 2 7 2 3 3 2 7 2 3 2 7 2 3 3 2 7 2 5 2 7 2 3 3 2 7 8 7 2 3 3 2 7 2 5 2 7 2 3 3 2 20 2 3 3 2 7 2 5 2 7 2 3 3 2 7 8 7 2 3 3 2 7 2 5 2 7 2 3 3 2 7 2 3 2 7 2 3 3 2 7 2 5 2 7 2 3 3 2 7 8 7 2 3 3 2 7 2 5 2 7 2 3 3 2 7 5 7 2 3 3 2 7 2 5 2 7 2 3 3 2 7 8 7 2 3 3 2 7 2 5 2 7 2 3 3 2 7 2 3 2 7 2 3 3 2 7 2 5 2 7 2 3 3 2 7 8 7 2 3 3 2 7 2 5 2 7 2 3 3 2 20 2 3 3 2 7 2 5 2 7 2 3 3 2 7 8 7 2 3 3 2 7 2 5 2 7 2 3 3 2 7 2 3 2 7 2 3 3 2 7 2 5 2 7 2 3 3 2 7 8 7 2 3 3 2 7 2 5 2 7 2 3 3 2 9 
9 
2 3 3 2 7 2 5 2 7 2 3 3 2 7 8 7 2 3 3 2 7 2 5 2 7 2 3 3 2 7 2 3 2 7 2 3 3 2 7 2 5 2 7 2 3 3 2 7 8 7 2 3 3 2 7 2 5 2 7 2 3 3 2 20 2 3 3 2 7 2 5 2 7 2 3 3 2 7 8 7 2 3 3 2 7 2 5 2 7 2 3 3 2 7 2 3 2 7 2 3 3 2 7 2 5 2 7 2 3 3 2 7 8 7 2 3 3 2 7 2 5 2 7 2 3 3 2 7 5 7 2 3 3 2 7 2 5 2 7 2 3 3 2 7 8 7 2 3 3 2 7 2 5 2 7 2 3 3 2 7 2 3 2 7 2 3 3 2 7 2 5 2 7 2 3 3 2 7 8 7 2 3 3 2 7 2 5 2 7 2 3 3 2 20 2 3 3 2 7 2 5 2 7 2 3 3 2 7 8 7 2 3 3 2 7 2 5 2 7 2 3 3 2 7 2 3 2 7 2 3 3 2 7 2 5 2 7 2 3 3 2 7 8 7 2 3 3 2 7 2 5 2 7 2 3 3 2 17 2 3 3 2 7 2 5 2 7 2 3 3 2 7 8 7 2 3 3 2 7 2 5 2 7 2 3 3 2 7 2 3 2 7 2 3 3 2 7 2 5 2 7 2 3 3 2 7 8 7 2 3 3 2 7 2 5 2 7 2 3 3 2 20 2 3 3 2 7 2 5 2 7 2 3 3 2 7 8 7 2 3 3 2 7 2 5 2 7 2 3 3 2 7 2 3 2 7 2 3 3 2 7 2 5 2 7 2 3 3 2 7 8 7 2 3 3 2 7 2 5 2 7 2 3 3 2 7 5 7 2 3 3 2 7 2 5 2 7 2 3 3 2 7 8 7 2 3 3 2 7 2 5 2 7 2 3 3 2 7 2 3 2 7 2 3 3 2 7 2 5 2 7 2 3 3 2 7 8 7 2 3 3 2 7 2 5 2 7 2 3 3 2 20 2 3 3 2 7 2 5 2 7 2 3 3 2 7 8 7 2 3 3 2 7 2 5 2 7 2 3 3 2 7 2 3 2 7 2 3 3 2 7 2 5 2 7 2 3 3 2 7 8 7 2 3 3 2 7 2 5 2 7 2 3 3 2 9 
9 
2 3 3 2 7 2 5 2 7 2 3 3 2 7 8 7 2 3 3 2 7 2 5 2 7 2 3 3 2 7 2 3 2 7 2 3 3 2 7 2 5 2 7 2 3 3 2 7 8 7 2 3 3 2 7 2 5 2 7 2 3 3 2 20 2 3 3 2 7 2 5 2 7 2 3 3 2 7 8 7 2 3 3 2 7 2 5 2 7 2 3 3 2 7 2 3 2 7 2 3 3 2 7 2 5 2 7 2 3 3 2 7 8 7 2 3 3 2 7 2 5 2 7 2 3 3 2 7 5 7 2 3 3 2 7 2 5 2 7 2 3 3 2 7 8 7 2 3 3 2 7 2 5 2 7 2 3 3 2 7 2 3 2 7 2 3 3 2 7 2 5 2 7 2 3 3 2 7 8 7 2 3 3 2 7 2 5 2 7 2 3 3 2 20 2 3 3 2 7 2 5 2 7 2 3 3 2 7 8 7 2 3 3 2 7 2 5 2 7 2 3 3 2 7 2 3 2 7 2 3 3 2 7 2 5 2 7 2 3 3 2 7 8 7 2 3 3 2 7 2 5 2 7 2 3 3 2 15 2 3 3 2 7 2 5 2 7 2 3 3 2 7 8 7 2 3 3 2 7 2 5 2 7 2 3 3 2 7 2 3 2 7 2 3 3 2 7 2 5 2 7 2 3 3 2 7 8 7 2 3 3 2 7 2 5 2 7 2 3 3 2 20 2 3 3 2 7 2 5 2 7 2 3 3 2 7 8 7 2 3 3 2 7 2 5 2 7 2 3 3 2 7 2 3 2 7 2 3 3 2 7 2 5 2 7 2 3 3 2 7 8 7 2 3 3 2 7 2 5 2 7 2 3 3 2 7 5 7 2 3 3 2 7 2 5 2 7 2 3 3 2 7 8 7 2 3 3 2 7 2 5 2 7 2 3 3 2 7 2 3 2 7 2 3 3 2 7 2 5 2 7 2 3 3 2 7 8 7 2 3 3 2 7 2 5 2 7 2 3 3 2 20 2 3 3 2 7 2 5 2 7 2 3 3 2 7 8 7 2 3 3 2 7 2 5 2 7 2 3 3 2 7 2 3 2 7 2 3 3 2 7 2 5 2 7 2 3 3 2 7 8 7 2 3 3 2 7 2 5 2 7 2 3 3 2 9 
9 
2 3 3 2 7 2 5 2 7 2 3 3 2 7 8 7 2 3 3 2 7 2 5 2 7 2 3 3 2 7 2 3 2 7 2 3 3 2 7 2 5 2 7 2 3 3 2 7 8 7 2 3 3 2 7 2 5 2 7 2 3 3 2 20 2 3 3 2 7 2 5 2 7 2 3 3 2 7 8 7 2 3 3 2 7 2 5 2 7 2 3 3 2 7 2 3 2 7 2 3 3 2 7 2 5 2 7 2 3 3 2 7 8 7 2 3 3 2 7 2 5 2 7 2 3 3 2 7 5 7 2 3 3 2 7 2 5 2 7 2 3 3 2 7 8 7 2 3 3 2 7 2 5 2 7 2 3 3 2 7 2 3 2 7 2 3 3 2 7 2 5 2 7 2 3 3 2 7 8 7 2 3 3 2 7 2 5 2 7 2 3 3 2 20 2 3 3 2 7 2 5 2 7 2 3 3 2 7 8 7 2 3 3 2 7 2 5 2 7 2 3 3 2 7 2 3 2 7 2 3 3 2 7 2 5 2 7 2 3 3 2 7 8 7 2 3 3 2 7 2 5 2 7 2 3 3 2 17 2 3 3 2 7 2 5 2 7 2 3 3 2 7 8 7 2 3 3 2 7 2 5 2 7 2 3 3 2 7 2 3 2 7 2 3 3 2 7 2 5 2 7 2 3 3 2 7 8 7 2 3 3 2 7 2 5 2 7 2 3 3 2 20 2 3 3 2 7 2 5 2 7 2 3 3 2 7 8 7 2 3 3 2 7 2 5 2 7 2 3 3 2 7 2 3 2 7 2 3 3 2 7 2 5 2 7 2 3 3 2 7 8 7 2 3 3 2 7 2 5 2 7 2 3 3 2 7 5 7 2 3 3 2 7 2 5 2 7 2 3 3 2 7 8 7 2 3 3 2 7 2 5 2 7 2 3 3 2 7 2 3 2 7 2 3 3 2 7 2 5 2 7 2 3 3 2 7 8 7 2 3 3 2 7 2 5 2 7 2 3 3 2 20 2 3 3 2 7 2 5 2 7 2 3 3 2 7 8 7 2 3 3 2 7 2 5 2 7 2 3 3 2 7 2 3 2 7 2 3 3 2 7 2 5 2 7 2 3 3 2 7 8 7 2 3 3 2 7 2 5 2 7 2 3 3 2 9 
9 
2 3 3 2 7 2 5 2 7 2 3 3 2 7 8 7 2 3 3 2 7 2 5 2 7 2 3 3 2 7 2 3 2 7 2 3 3 2 7 2 5 2 7 2 3 3 2 7 8 7 2 3 3 2 7 2 5 2 7 2 3 3 2 20 2 3 3 2 7 2 5 2 7 2 3 3 2 7 8 7 2 3 3 2 7 2 5 2 7 2 3 3 2 7 2 3 2 7 2 3 3 2 7 2 5 2 7 2 3 3 2 7 8 7 2 3 3 2 7 2 5 2 7 2 3 3 2 7 5 7 2 3 3 2 7 2 5 2 7 2 3 3 2 7 8 7 2 3 3 2 7 2 5 2 7 2 3 3 2 7 2 3 2 7 2 3 3 2 7 2 5 2 7 2 3 3 2 7 8 7 2 3 3 2 7 2 5 2 7 2 3 3 2 20 2 3 3 2 7 2 5 2 7 2 3 3 2 7 8 7 2 3 3 2 7 2 5 2 7 2 3 3 2 7 2 3 2 7 2 3 3 2 7 2 5 2 7 2 3 3 2 7 8 7 2 3 3 2 7 2 5 2 7 2 3 3 2 7 2 7 2 3 3 2 7 2 5 2 7 2 3 3 2 7 8 7 2 3 3 2 7 2 5 2 7 2 3 3 2 7 2 3 2 7 2 3 3 2 7 2 5 2 7 2 3 3 2 7 8 7 2 3 3 2 7 2 5 2 7 2 3 3 2 20 2 3 3 2 7 2 5 2 7 2 3 3 2 7 8 7 2 3 3 2 7 2 5 2 7 2 3 3 2 7 2 3 2 7 2 3 3 2 7 2 5 2 7 2 3 3 2 7 8 7 2 3 3 2 7 2 5 2 7 2 3 3 2 7 5 7 2 3 3 2 7 2 5 2 7 2 3 3 2 7 8 7 2 3 3 2 7 2 5 2 7 2 3 3 2 7 2 3 2 7 2 3 3 2 7 2 5 2 7 2 3 3 2 7 8 7 2 3 3 2 7 2 5 2 7 2 3 3 2 20 2 3 3 2 7 2 5 2 7 2 3 3 2 7 8 7 2 3 3 2 7 2 5 2 7 2 3 3 2 7 2 3 2 7 2 3 3 2 7 2 5 2 7 2 3 3 2 7 8 7 2 3 3 2 7 2 5 2 7 2 3 3 2 9 
9 
2 3 3 2 7 2 5 2 7 2 3 3 2 7 8 7 2 3 3 2 7 2 5 2 7 2 3 3 2 7 2 3 2 7 2 3 3 2 7 2 5 2 7 2 3 3 2 7 8 7 2 3 3 2 7 2 5 2 7 2 3 3 2 20 2 3 3 2 7 2 5 2 7 2 3 3 2 7 8 7 2 3 3 2 7 2 5 2 7 2 3 3 2 7 2 3 2 7 2 3 3 2 7 2 5 2 7 2 3 3 2 7 8 7 2 3 3 2 7 2 5 2 7 2 3 3 2 7 5 7 2 3 3 2 7 2 5 2 7 2 3 3 2 7 8 7 2 3 3 2 7 2 5 2 7 2 3 3 2 7 2 3 2 7 2 3 3 2 7 2 5 2 7 2 3 3 2 7 8 7 2 3 3 2 7 2 5 2 7 2 3 3 2 20 2 3 3 2 7 2 5 2 7 2 3 3 2 7 8 7 2 3 3 2 7 2 5 2 7 2 3 3 2 7 2 3 2 7 2 3 3 2 7 2 5 2 7 2 3 3 2 7 8 7 2 3 3 2 7 2 5 2 7 2 3 3 2 17 2 3 3 2 7 2 5 2 7 2 3 3 2 7 8 7 2 3 3 2 7 2 5 2 7 2 3 3 2 7 2 3 2 7 2 3 3 2 7 2 5 2 7 2 3 3 2 7 8 7 2 3 3 2 7 2 5 2 7 2 3 3 2 20 2 3 3 2 7 2 5 2 7 2 3 3 2 7 8 7 2 3 3 2 7 2 5 2 7 2 3 3 2 7 2 3 2 7 2 3 3 2 7 2 5 2 7 2 3 3 2 7 8 7 2 3 3 2 7 2 5 2 7 2 3 3 2 7 5 7 2 3 3 2 7 2 5 2 7 2 3 3 2 7 8 7 2 3 3 2 7 2 5 2 7 2 3 3 2 7 2 3 2 7 2 3 3 2 7 2 5 2 7 2 3 3 2 7 8 7 2 3 3 2 7 2 5 2 7 2 3 3 2 20 2 3 3 2 7 2 5 2 7 2 3 3 2 7 8 7 2 3 3 2 7 2 5 2 7 2 3 3 2 7 2 3 2 7 2 3 3 2 7 2 5 2 7 2 3 3 2 7 8 7 2 3 3 2 7 2 5 2 7 2 3 3 2 9 
9 
2 3 3 2 7 2 5 2 7 2 3 3 2 7 8 7 2 3 3 2 7 2 5 2 7 2 3 3 2 7 2 3 2 7 2 3 3 2 7 2 5 2 7 2 3 3 2 7 8 7 2 3 3 2 7 2 5 2 7 2 3 3 2 20 2 3 3 2 7 2 5 2 7 2 3 3 2 7 8 7 2 3 3 2 7 2 5 2 7 2 3 3 2 7 2 3 2 7 2 3 3 2 7 2 5 2 7 2 3 3 2 7 8 7 2 3 3 2 7 2 5 2 7 2 3 3 2 7 5 7 2 3 3 2 7 2 5 2 7 2 3 3 2 7 8 7 2 3 3 2 7 2 5 2 7 2 3 3 2 7 2 3 2 7 2 3 3 2 7 2 5 2 7 2 3 3 2 7 8 7 2 3 3 2 7 2 5 2 7 2 3 3 2 20 2 3 3 2 7 2 5 2 7 2 3 3 2 7 8 7 2 3 3 2 7 2 5 2 7 2 3 3 2 7 2 3 2 7 2 3 3 2 7 2 5 2 7 2 3 3 2 7 8 7 2 3 3 2 7 2 5 2 7 2 3 3 2 7 7 2 3 3 2 7 2 5 2 7 2 3 3 2 7 8 7 2 3 3 2 7 2 5 2 7 2 3 3 2 7 2 3 2 7 2 3 3 2 7 2 5 2 7 2 3 3 2 7 8 7 2 3 3 2 7 2 5 2 7 2 3 3 2 20 2 3 3 2 7 2 5 2 7 2 3 3 2 7 8 7 2 3 3 2 7 2 5 2 7 2 3 3 2 7 2 3 2 7 2 3 3 2 7 2 5 2 7 2 3 3 2 7 8 7 2 3 3 2 7 2 5 2 7 2 3 3 2 7 5 7 2 3 3 2 7 2 5 2 7 2 3 3 2 7 8 7 2 3 3 2 7 2 5 2 7 2 3 3 2 7 2 3 2 7 2 3 3 2 7 2 5 2 7 2 3 3 2 7 8 7 2 3 3 2 7 2 5 2 7 2 3 3 2 20 2 3 3 2 7 2 5 2 7 2 3 3 2 7 8 7 2 3 3 2 7 2 5 2 7 2 3 3 2 7 2 3 2 7 2 3 3 2 7 2 5 2 7 2 3 3 2 7 8 7 2 3 3 2 7 2 5 2 7 2 3 3 2 9 
9 
2 3 3 2 7 2 5 2 7 2 3 3 2 7 8 7 2 3 3 2 7 2 5 2 7 2 3 3 2 7 2 3 2 7 2 3 3 2 7 2 5 2 7 2 3 3 2 7 8 7 2 3 3 2 7 2 5 2 7 2 3 3 2 20 2 3 3 2 7 2 5 2 7 2 3 3 2 7 8 7 2 3 3 2 7 2 5 2 7 2 3 3 2 7 2 3 2 7 2 3 3 2 7 2 5 2 7 2 3 3 2 7 8 7 2 3 3 2 7 2 5 2 7 2 3 3 2 7 5 7 2 3 3 2 7 2 5 2 7 2 3 3 2 7 8 7 2 3 3 2 7 2 5 2 7 2 3 3 2 7 2 3 2 7 2 3 3 2 7 2 5 2 7 2 3 3 2 7 8 7 2 3 3 2 7 2 5 2 7 2 3 3 2 20 2 3 3 2 7 2 5 2 7 2 3 3 2 7 8 7 2 3 3 2 7 2 5 2 7 2 3 3 2 7 2 3 2 7 2 3 3 2 7 2 5 2 7 2 3 3 2 7 8 7 2 3 3 2 7 2 5 2 7 2 3 3 2 17 2 3 3 2 7 2 5 2 7 2 3 3 2 7 8 7 2 3 3 2 7 2 5 2 7 2 3 3 2 7 2 3 2 7 2 3 3 2 7 2 5 2 7 2 3 3 2 7 8 7 2 3 3 2 7 2 5 2 7 2 3 3 2 20 2 3 3 2 7 2 5 2 7 2 3 3 2 7 8 7 2 3 3 2 7 2 5 2 7 2 3 3 2 7 2 3 2 7 2 3 3 2 7 2 5 2 7 2 3 3 2 7 8 7 2 3 3 2 7 2 5 2 7 2 3 3 2 7 5 7 2 3 3 2 7 2 5 2 7 2 3 3 2 7 8 7 2 3 3 2 7 2 5 2 7 2 3 3 2 7 2 3 2 7 2 3 3 2 7 2 5 2 7 2 3 3 2 7 8 7 2 3 3 2 7 2 5 2 7 2 3 3 2 20 2 3 3 2 7 2 5 2 7 2 3 3 2 7 8 7 2 3 3 2 7 2 5 2 7 2 3 3 2 7 2 3 2 7 2 3 3 2 7 2 5 2 7 2 3 3 2 7 8 7 2 3 3 2 7 2 5 2 7 2 3 3 2 9 
9 
2 3 3 2 7 2 5 2 7 2 3 3 2 7 8 7 2 3 3 2 7 2 5 2 7 2 3 3 2 7 2 3 2 7 2 3 3 2 7 2 5 2 7 2 3 3 2 7 8 7 2 3 3 2 7 2 5 2 7 2 3 3 2 20 2 3 3 2 7 2 5 2 7 2 3 3 2 7 8 7 2 3 3 2 7 2 5 2 7 2 3 3 2 7 2 3 2 7 2 3 3 2 7 2 5 2 7 2 3 3 2 7 8 7 2 3 3 2 7 2 5 2 7 2 3 3 2 7 5 7 2 3 3 2 7 2 5 2 7 2 3 3 2 7 8 7 2 3 3 2 7 2 5 2 7 2 3 3 2 7 2 3 2 7 2 3 3 2 7 2 5 2 7 2 3 3 2 7 8 7 2 3 3 2 7 2 5 2 7 2 3 3 2 20 2 3 3 2 7 2 5 2 7 2 3 3 2 7 8 7 2 3 3 2 7 2 5 2 7 2 3 3 2 7 2 3 2 7 2 3 3 2 7 2 5 2 7 2 3 3 2 7 8 7 2 3 3 2 7 2 5 2 7 2 3 3 2 7 2 7 2 3 3 2 7 2 5 2 7 2 3 3 2 7 8 7 2 3 3 2 7 2 5 2 7 2 3 3 2 7 2 3 2 7 2 3 3 2 7 2 5 2 7 2 3 3 2 7 8 7 2 3 3 2 7 2 5 2 7 2 3 3 2 20 2 3 3 2 7 2 5 2 7 2 3 3 2 7 8 7 2 3 3 2 7 2 5 2 7 2 3 3 2 7 2 3 2 7 2 3 3 2 7 2 5 2 7 2 3 3 2 7 8 7 2 3 3 2 7 2 5 2 7 2 3 3 2 7 5 7 2 3 3 2 7 2 5 2 7 2 3 3 2 7 8 7 2 3 3 2 7 2 5 2 7 2 3 3 2 7 2 3 2 7 2 3 3 2 7 2 5 2 7 2 3 3 2 7 8 7 2 3 3 2 7 2 5 2 7 2 3 3 2 20 2 3 3 2 7 2 5 2 7 2 3 3 2 7 8 7 2 3 3 2 7 2 5 2 7 2 3 3 2 7 2 3 2 7 2 3 3 2 7 2 5 2 7 2 3 3 2 7 8 7 2 3 3 2 7 2 5 2 7 2 3 3 2 9 
9 
2 3 3 2 7 2 5 2 7 2 3 3 2 7 8 7 2 3 3 2 7 2 5 2 7 2 3 3 2 7 2 3 2 7 2 3 3 2 7 2 5 2 7 2 3 3 2 7 8 7 2 3 3 2 7 2 5 2 7 2 3 3 2 20 2 3 3 2 7 2 5 2 7 2 3 3 2 7 8 7 2 3 3 2 7 2 5 2 7 2 3 3 2 7 2 3 2 7 2 3 3 2 7 2 5 2 7 2 3 3 2 7 8 7 2 3 3 2 7 2 5 2 7 2 3 3 2 7 5 7 2 3 3 2 7 2 5 2 7 2 3 3 2 7 8 7 2 3 3 2 7 2 5 2 7 2 3 3 2 7 2 3 2 7 2 3 3 2 7 2 5 2 7 2 3 3 2 7 8 7 2 3 3 2 7 2 5 2 7 2 3 3 2 20 2 3 3 2 7 2 5 2 7 2 3 3 2 7 8 7 2 3 3 2 7 2 5 2 7 2 3 3 2 7 2 3 2 7 2 3 3 2 7 2 5 2 7 2 3 3 2 7 8 7 2 3 3 2 7 2 5 2 7 2 3 3 2 17 2 3 3 2 7 2 5 2 7 2 3 3 2 7 8 7 2 3 3 2 7 2 5 2 7 2 3 3 2 7 2 3 2 7 2 3 3 2 7 2 5 2 7 2 3 3 2 7 8 7 2 3 3 2 7 2 5 2 7 2 3 3 2 20 2 3 3 2 7 2 5 2 7 2 3 3 2 7 8 7 2 3 3 2 7 2 5 2 7 2 3 3 2 7 2 3 2 7 2 3 3 2 7 2 5 2 7 2 3 3 2 7 8 7 2 3 3 2 7 2 5 2 7 2 3 3 2 7 5 7 2 3 3 2 7 2 5 2 7 2 3 3 2 7 8 7 2 3 3 2 7 2 5 2 7 2 3 3 2 7 2 3 2 7 2 3 3 2 7 2 5 2 7 2 3 3 2 7 8 7 2 3 3 2 7 2 5 2 7 2 3 3 2 20 2 3 3 2 7 2 5 2 7 2 3 3 2 7 8 7 2 3 3 2 7 2 5 2 7 2 3 3 2 7 2 3 2 7 2 3 3 2 7 2 5 2 7 2 3 3 2 7 8 7 2 3 3 2 7 2 5 2 7 2 3 3 2 9 
9 
2 3 3 2 7 2 5 2 7 2 3 3 2 7 8 7 2 3 3 2 7 2 5 2 7 2 3 3 2 7 2 3 2 7 2 3 3 2 7 2 5 2 7 2 3 3 2 7 8 7 2 3 3 2 7 2 5 2 7 2 3 3 2 20 2 3 3 2 7 2 5 2 7 2 3 3 2 7 8 7 2 3 3 2 7 2 5 2 7 2 3 3 2 7 2 3 2 7 2 3 3 2 7 2 5 2 7 2 3 3 2 7 8 7 2 3 3 2 7 2 5 2 7 2 3 3 2 7 5 7 2 3 3 2 7 2 5 2 7 2 3 3 2 7 8 7 2 3 3 2 7 2 5 2 7 2 3 3 2 7 2 3 2 7 2 3 3 2 7 2 5 2 7 2 3 3 2 7 8 7 2 3 3 2 7 2 5 2 7 2 3 3 2 20 2 3 3 2 7 2 5 2 7 2 3 3 2 7 8 7 2 3 3 2 7 2 5 2 7 2 3 3 2 7 2 3 2 7 2 3 3 2 7 2 5 2 7 2 3 3 2 7 8 7 2 3 3 2 7 2 5 2 7 2 3 3 2 15 2 3 3 2 7 2 5 2 7 2 3 3 2 7 8 7 2 3 3 2 7 2 5 2 7 2 3 3 2 7 2 3 2 7 2 3 3 2 7 2 5 2 7 2 3 3 2 7 8 7 2 3 3 2 7 2 5 2 7 2 3 3 2 20 2 3 3 2 7 2 5 2 7 2 3 3 2 7 8 7 2 3 3 2 7 2 5 2 7 2 3 3 2 7 2 3 2 7 2 3 3 2 7 2 5 2 7 2 3 3 2 7 8 7 2 3 3 2 7 2 5 2 7 2 3 3 2 7 5 7 2 3 3 2 7 2 5 2 7 2 3 3 2 7 8 7 2 3 3 2 7 2 5 2 7 2 3 3 2 7 2 3 2 7 2 3 3 2 7 2 5 2 7 2 3 3 2 7 8 7 2 3 3 2 7 2 5 2 7 2 3 3 2 20 2 3 3 2 7 2 5 2 7 2 3 3 2 7 8 7 2 3 3 2 7 2 5 2 7 2 3 3 2 7 2 3 2 7 2 3 3 2 7 2 5 2 7 2 3 3 2 7 8 7 2 3 3 2 7 2 5 2 7 2 3 3 2 9 
9 
2 3 3 2 7 2 5 2 7 2 3 3 2 7 8 7 2 3 3 2 7 2 5 2 7 2 3 3 2 7 2 3 2 7 2 3 3 2 7 2 5 2 7 2 3 3 2 7 8 7 2 3 3 2 7 2 5 2 7 2 3 3 2 20 2 3 3 2 7 2 5 2 7 2 3 3 2 7 8 7 2 3 3 2 7 2 5 2 7 2 3 3 2 7 2 3 2 7 2 3 3 2 7 2 5 2 7 2 3 3 2 7 8 7 2 3 3 2 7 2 5 2 7 2 3 3 2 7 5 7 2 3 3 2 7 2 5 2 7 2 3 3 2 7 8 7 2 3 3 2 7 2 5 2 7 2 3 3 2 7 2 3 2 7 2 3 3 2 7 2 5 2 7 2 3 3 2 7 8 7 2 3 3 2 7 2 5 2 7 2 3 3 2 20 2 3 3 2 7 2 5 2 7 2 3 3 2 7 8 7 2 3 3 2 7 2 5 2 7 2 3 3 2 7 2 3 2 7 2 3 3 2 7 2 5 2 7 2 3 3 2 7 8 7 2 3 3 2 7 2 5 2 7 2 3 3 2 17 2 3 3 2 7 2 5 2 7 2 3 3 2 7 8 7 2 3 3 2 7 2 5 2 7 2 3 3 2 7 2 3 2 7 2 3 3 2 7 2 5 2 7 2 3 3 2 7 8 7 2 3 3 2 7 2 5 2 7 2 3 3 2 20 2 3 3 2 7 2 5 2 7 2 3 3 2 7 8 7 2 3 3 2 7 2 5 2 7 2 3 3 2 7 2 3 2 7 2 3 3 2 7 2 5 2 7 2 3 3 2 7 8 7 2 3 3 2 7 2 5 2 7 2 3 3 2 7 5 7 2 3 3 2 7 2 5 2 7 2 3 3 2 7 8 7 2 3 3 2 7 2 5 2 7 2 3 3 2 7 2 3 2 7 2 3 3 2 7 2 5 2 7 2 3 3 2 7 8 7 2 3 3 2 7 2 5 2 7 2 3 3 2 20 2 3 3 2 7 2 5 2 7 2 3 3 2 7 8 7 2 3 3 2 7 2 5 2 7 2 3 3 2 7 2 3 2 7 2 3 3 2 7 2 5 2 7 2 3 3 2 7 8 7 2 3 3 2 7 2 5 2 7 2 3 3 2 9 
9 
2 3 3 2 7 2 5 2 7 2 3 3 2 7 8 7 2 3 3 2 7 2 5 2 7 2 3 3 2 7 2 3 2 7 2 3 3 2 7 2 5 2 7 2 3 3 2 7 8 7 2 3 3 2 7 2 5 2 7 2 3 3 2 20 2 3 3 2 7 2 5 2 7 2 3 3 2 7 8 7 2 3 3 2 7 2 5 2 7 2 3 3 2 7 2 3 2 7 2 3 3 2 7 2 5 2 7 2 3 3 2 7 8 7 2 3 3 2 7 2 5 2 7 2 3 3 2 7 5 7 2 3 3 2 7 2 5 2 7 2 3 3 2 7 8 7 2 3 3 2 7 2 5 2 7 2 3 3 2 7 2 3 2 7 2 3 3 2 7 2 5 2 7 2 3 3 2 7 8 7 2 3 3 2 7 2 5 2 7 2 3 3 2 20 2 3 3 2 7 2 5 2 7 2 3 3 2 7 8 7 2 3 3 2 7 2 5 2 7 2 3 3 2 7 2 3 2 7 2 3 3 2 7 2 5 2 7 2 3 3 2 7 8 7 2 3 3 2 7 2 5 2 7 2 3 3 2 7 2 7 2 3 3 2 7 2 5 2 7 2 3 3 2 7 8 7 2 3 3 2 7 2 5 2 7 2 3 3 2 7 2 3 2 7 2 3 3 2 7 2 5 2 7 2 3 3 2 7 8 7 2 3 3 2 7 2 5 2 7 2 3 3 2 20 2 3 3 2 7 2 5 2 7 2 3 3 2 7 8 7 2 3 3 2 7 2 5 2 7 2 3 3 2 7 2 3 2 7 2 3 3 2 7 2 5 2 7 2 3 3 2 7 8 7 2 3 3 2 7 2 5 2 7 2 3 3 2 7 5 7 2 3 3 2 7 2 5 2 7 2 3 3 2 7 8 7 2 3 3 2 7 2 5 2 7 2 3 3 2 7 2 3 2 7 2 3 3 2 7 2 5 2 7 2 3 3 2 7 8 7 2 3 3 2 7 2 5 2 7 2 3 3 2 20 2 3 3 2 7 2 5 2 7 2 3 3 2 7 8 7 2 3 3 2 7 2 5 2 7 2 3 3 2 7 2 3 2 7 2 3 3 2 7 2 5 2 7 2 3 3 2 7 8 7 2 3 3 2 7 2 5 2 7 2 3 3 2 9 
9 
2 3 3 2 7 2 5 2 7 2 3 3 2 7 8 7 2 3 3 2 7 2 5 2 7 2 3 3 2 7 2 3 2 7 2 3 3 2 7 2 5 2 7 2 3 3 2 7 8 7 2 3 3 2 7 2 5 2 7 2 3 3 2 20 2 3 3 2 7 2 5 2 7 2 3 3 2 7 8 7 2 3 3 2 7 2 5 2 7 2 3 3 2 7 2 3 2 7 2 3 3 2 7 2 5 2 7 2 3 3 2 7 8 7 2 3 3 2 7 2 5 2 7 2 3 3 2 7 5 7 2 3 3 2 7 2 5 2 7 2 3 3 2 7 8 7 2 3 3 2 7 2 5 2 7 2 3 3 2 7 2 3 2 7 2 3 3 2 7 2 5 2 7 2 3 3 2 7 8 7 2 3 3 2 7 2 5 2 7 2 3 3 2 20 2 3 3 2 7 2 5 2 7 2 3 3 2 7 8 7 2 3 3 2 7 2 5 2 7 2 3 3 2 7 2 3 2 7 2 3 3 2 7 2 5 2 7 2 3 3 2 7 8 7 2 3 3 2 7 2 5 2 7 2 3 3 2 17 2 3 3 2 7 2 5 2 7 2 3 3 2 7 8 7 2 3 3 2 7 2 5 2 7 2 3 3 2 7 2 3 2 7 2 3 3 2 7 2 5 2 7 2 3 3 2 7 8 7 2 3 3 2 7 2 5 2 7 2 3 3 2 20 2 3 3 2 7 2 5 2 7 2 3 3 2 7 8 7 2 3 3 2 7 2 5 2 7 2 3 3 2 7 2 3 2 7 2 3 3 2 7 2 5 2 7 2 3 3 2 7 8 7 2 3 3 2 7 2 5 2 7 2 3 3 2 7 5 7 2 3 3 2 7 2 5 2 7 2 3 3 2 7 8 7 2 3 3 2 7 2 5 2 7 2 3 3 2 7 2 3 2 7 2 3 3 2 7 2 5 2 7 2 3 3 2 7 8 7 2 3 3 2 7 2 5 2 7 2 3 3 2 20 2 3 3 2 7 2 5 2 7 2 3 3 2 7 8 7 2 3 3 2 7 2 5 2 7 2 3 3 2 7 2 3 2 7 2 3 3 2 7 2 5 2 7 2 3 3 2 7 8 7 2 3 3 2 7 2 5 2 7 2 3 3 2 9 
9 
2 3 3 2 7 2 5 2 7 2 3 3 2 7 8 7 2 3 3 2 7 2 5 2 7 2 3 3 2 7 2 3 2 7 2 3 3 2 7 2 5 2 7 2 3 3 2 7 8 7 2 3 3 2 7 2 5 2 7 2 3 3 2 20 2 3 3 2 7 2 5 2 7 2 3 3 2 7 8 7 2 3 3 2 7 2 5 2 7 2 3 3 2 7 2 3 2 7 2 3 3 2 7 2 5 2 7 2 3 3 2 7 8 7 2 3 3 2 7 2 5 2 7 2 3 3 2 7 5 7 2 3 3 2 7 2 5 2 7 2 3 3 2 7 8 7 2 3 3 2 7 2 5 2 7 2 3 3 2 7 2 3 2 7 2 3 3 2 7 2 5 2 7 2 3 3 2 7 8 7 2 3 3 2 7 2 5 2 7 2 3 3 2 20 2 3 3 2 7 2 5 2 7 2 3 3 2 7 8 7 2 3 3 2 7 2 5 2 7 2 3 3 2 7 2 3 2 7 2 3 3 2 7 2 5 2 7 2 3 3 2 7 8 7 2 3 3 2 7 2 5 2 7 2 3 3 2 12 2 3 3 2 7 2 5 2 7 2 3 3 2 7 8 7 2 3 3 2 7 2 5 2 7 2 3 3 2 7 2 3 2 7 2 3 3 2 7 2 5 2 7 2 3 3 2 7 8 7 2 3 3 2 7 2 5 2 7 2 3 3 2 20 2 3 3 2 7 2 5 2 7 2 3 3 2 7 8 7 2 3 3 2 7 2 5 2 7 2 3 3 2 7 2 3 2 7 2 3 3 2 7 2 5 2 7 2 3 3 2 7 8 7 2 3 3 2 7 2 5 2 7 2 3 3 2 7 5 7 2 3 3 2 7 2 5 2 7 2 3 3 2 7 8 7 2 3 3 2 7 2 5 2 7 2 3 3 2 7 2 3 2 7 2 3 3 2 7 2 5 2 7 2 3 3 2 7 8 7 2 3 3 2 7 2 5 2 7 2 3 3 2 20 2 3 3 2 7 2 5 2 7 2 3 3 2 7 8 7 2 3 3 2 7 2 5 2 7 2 3 3 2 7 2 3 2 7 2 3 3 2 7 2 5 2 7 2 3 3 2 7 8 7 2 3 3 2 7 2 5 2 7 2 3 3 2 9 
9 
2 3 3 2 7 2 5 2 7 2 3 3 2 7 8 7 2 3 3 2 7 2 5 2 7 2 3 3 2 7 2 3 2 7 2 3 3 2 7 2 5 2 7 2 3 3 2 7 8 7 2 3 3 2 7 2 5 2 7 2 3 3 2 20 2 3 3 2 7 2 5 2 7 2 3 3 2 7 8 7 2 3 3 2 7 2 5 2 7 2 3 3 2 7 2 3 2 7 2 3 3 2 7 2 5 2 7 2 3 3 2 7 8 7 2 3 3 2 7 2 5 2 7 2 3 3 2 7 5 7 2 3 3 2 7 2 5 2 7 2 3 3 2 7 8 7 2 3 3 2 7 2 5 2 7 2 3 3 2 7 2 3 2 7 2 3 3 2 7 2 5 2 7 2 3 3 2 7 8 7 2 3 3 2 7 2 5 2 7 2 3 3 2 20 2 3 3 2 7 2 5 2 7 2 3 3 2 7 8 7 2 3 3 2 7 2 5 2 7 2 3 3 2 7 2 3 2 7 2 3 3 2 7 2 5 2 7 2 3 3 2 7 8 7 2 3 3 2 7 2 5 2 7 2 3 3 2 17 2 3 3 2 7 2 5 2 7 2 3 3 2 7 8 7 2 3 3 2 7 2 5 2 7 2 3 3 2 7 2 3 2 7 2 3 3 2 7 2 5 2 7 2 3 3 2 7 8 7 2 3 3 2 7 2 5 2 7 2 3 3 2 20 2 3 3 2 7 2 5 2 7 2 3 3 2 7 8 7 2 3 3 2 7 2 5 2 7 2 3 3 2 7 2 3 2 7 2 3 3 2 7 2 5 2 7 2 3 3 2 7 8 7 2 3 3 2 7 2 5 2 7 2 3 3 2 7 5 7 2 3 3 2 7 2 5 2 7 2 3 3 2 7 8 7 2 3 3 2 7 2 5 2 7 2 3 3 2 7 2 3 2 7 2 3 3 2 7 2 5 2 7 2 3 3 2 7 8 7 2 3 3 2 7 2 5 2 7 2 3 3 2 20 2 3 3 2 7 2 5 2 7 2 3 3 2 7 8 7 2 3 3 2 7 2 5 2 7 2 3 3 2 7 2 3 2 7 2 3 3 2 7 2 5 2 7 2 3 3 2 7 8 7 2 3 3 2 7 2 5 2 7 2 3 3 2 9 
9 
2 3 3 2 7 2 5 2 7 2 3 3 2 7 8 7 2 3 3 2 7 2 5 2 7 2 3 3 2 7 2 3 2 7 2 3 3 2 7 2 5 2 7 2 3 3 2 7 8 7 2 3 3 2 7 2 5 2 7 2 3 3 2 20 2 3 3 2 7 2 5 2 7 2 3 3 2 7 8 7 2 3 3 2 7 2 5 2 7 2 3 3 2 7 2 3 2 7 2 3 3 2 7 2 5 2 7 2 3 3 2 7 8 7 2 3 3 2 7 2 5 2 7 2 3 3 2 7 5 7 2 3 3 2 7 2 5 2 7 2 3 3 2 7 8 7 2 3 3 2 7 2 5 2 7 2 3 3 2 7 2 3 2 7 2 3 3 2 7 2 5 2 7 2 3 3 2 7 8 7 2 3 3 2 7 2 5 2 7 2 3 3 2 20 2 3 3 2 7 2 5 2 7 2 3 3 2 7 8 7 2 3 3 2 7 2 5 2 7 2 3 3 2 7 2 3 2 7 2 3 3 2 7 2 5 2 7 2 3 3 2 7 8 7 2 3 3 2 7 2 5 2 7 2 3 3 2 7 2 7 2 3 3 2 7 2 5 2 7 2 3 3 2 7 8 7 2 3 3 2 7 2 5 2 7 2 3 3 2 7 2 3 2 7 2 3 3 2 7 2 5 2 7 2 3 3 2 7 8 7 2 3 3 2 7 2 5 2 7 2 3 3 2 20 2 3 3 2 7 2 5 2 7 2 3 3 2 7 8 7 2 3 3 2 7 2 5 2 7 2 3 3 2 7 2 3 2 7 2 3 3 2 7 2 5 2 7 2 3 3 2 7 8 7 2 3 3 2 7 2 5 2 7 2 3 3 2 7 5 7 2 3 3 2 7 2 5 2 7 2 3 3 2 7 8 7 2 3 3 2 7 2 5 2 7 2 3 3 2 7 2 3 2 7 2 3 3 2 7 2 5 2 7 2 3 3 2 7 8 7 2 3 3 2 7 2 5 2 7 2 3 3 2 20 2 3 3 2 7 2 5 2 7 2 3 3 2 7 8 7 2 3 3 2 7 2 5 2 7 2 3 3 2 7 2 3 2 7 2 3 3 2 7 2 5 2 7 2 3 3 2 7 8 7 2 3 3 2 7 2 5 2 7 2 3 3 2 9 
9 
2 3 3 2 7 2 5 2 7 2 3 3 2 7 8 7 2 3 3 2 7 2 5 2 7 2 3 3 2 7 2 3 2 7 2 3 3 2 7 2 5 2 7 2 3 3 2 7 8 7 2 3 3 2 7 2 5 2 7 2 3 3 2 20 2 3 3 2 7 2 5 2 7 2 3 3 2 7 8 7 2 3 3 2 7 2 5 2 7 2 3 3 2 7 2 3 2 7 2 3 3 2 7 2 5 2 7 2 3 3 2 7 8 7 2 3 3 2 7 2 5 2 7 2 3 3 2 7 5 7 2 3 3 2 7 2 5 2 7 2 3 3 2 7 8 7 2 3 3 2 7 2 5 2 7 2 3 3 2 7 2 3 2 7 2 3 3 2 7 2 5 2 7 2 3 3 2 7 8 7 2 3 3 2 7 2 5 2 7 2 3 3 2 20 2 3 3 2 7 2 5 2 7 2 3 3 2 7 8 7 2 3 3 2 7 2 5 2 7 2 3 3 2 7 2 3 2 7 2 3 3 2 7 2 5 2 7 2 3 3 2 7 8 7 2 3 3 2 7 2 5 2 7 2 3 3 2 17 2 3 3 2 7 2 5 2 7 2 3 3 2 7 8 7 2 3 3 2 7 2 5 2 7 2 3 3 2 7 2 3 2 7 2 3 3 2 7 2 5 2 7 2 3 3 2 7 8 7 2 3 3 2 7 2 5 2 7 2 3 3 2 20 2 3 3 2 7 2 5 2 7 2 3 3 2 7 8 7 2 3 3 2 7 2 5 2 7 2 3 3 2 7 2 3 2 7 2 3 3 2 7 2 5 2 7 2 3 3 2 7 8 7 2 3 3 2 7 2 5 2 7 2 3 3 2 7 5 7 2 3 3 2 7 2 5 2 7 2 3 3 2 7 8 7 2 3 3 2 7 2 5 2 7 2 3 3 2 7 2 3 2 7 2 3 3 2 7 2 5 2 7 2 3 3 2 7 8 7 2 3 3 2 7 2 5 2 7 2 3 3 2 20 2 3 3 2 7 2 5 2 7 2 3 3 2 7 8 7 2 3 3 2 7 2 5 2 7 2 3 3 2 7 2 3 2 7 2 3 3 2 7 2 5 2 7 2 3 3 2 7 8 7 2 3 3 2 7 2 5 2 7 2 3 3 2 9 
9 
2 3 3 2 7 2 5 2 7 2 3 3 2 7 8 7 2 3 3 2 7 2 5 2 7 2 3 3 2 7 2 3 2 7 2 3 3 2 7 2 5 2 7 2 3 3 2 7 8 7 2 3 3 2 7 2 5 2 7 2 3 3 2 20 2 3 3 2 7 2 5 2 7 2 3 3 2 7 8 7 2 3 3 2 7 2 5 2 7 2 3 3 2 7 2 3 2 7 2 3 3 2 7 2 5 2 7 2 3 3 2 7 8 7 2 3 3 2 7 2 5 2 7 2 3 3 2 7 5 7 2 3 3 2 7 2 5 2 7 2 3 3 2 7 8 7 2 3 3 2 7 2 5 2 7 2 3 3 2 7 2 3 2 7 2 3 3 2 7 2 5 2 7 2 3 3 2 7 8 7 2 3 3 2 7 2 5 2 7 2 3 3 2 20 2 3 3 2 7 2 5 2 7 2 3 3 2 7 8 7 2 3 3 2 7 2 5 2 7 2 3 3 2 7 2 3 2 7 2 3 3 2 7 2 5 2 7 2 3 3 2 7 8 7 2 3 3 2 7 2 5 2 7 2 3 3 2 15 2 3 3 2 7 2 5 2 7 2 3 3 2 7 8 7 2 3 3 2 7 2 5 2 7 2 3 3 2 7 2 3 2 7 2 3 3 2 7 2 5 2 7 2 3 3 2 7 8 7 2 3 3 2 7 2 5 2 7 2 3 3 2 20 2 3 3 2 7 2 5 2 7 2 3 3 2 7 8 7 2 3 3 2 7 2 5 2 7 2 3 3 2 7 2 3 2 7 2 3 3 2 7 2 5 2 7 2 3 3 2 7 8 7 2 3 3 2 7 2 5 2 7 2 3 3 2 7 5 7 2 3 3 2 7 2 5 2 7 2 3 3 2 7 8 7 2 3 3 2 7 2 5 2 7 2 3 3 2 7 2 3 2 7 2 3 3 2 7 2 5 2 7 2 3 3 2 7 8 7 2 3 3 2 7 2 5 2 7 2 3 3 2 20 2 3 3 2 7 2 5 2 7 2 3 3 2 7 8 7 2 3 3 2 7 2 5 2 7 2 3 3 2 7 2 3 2 7 2 3 3 2 7 2 5 2 7 2 3 3 2 7 8 7 2 3 3 2 7 2 5 2 7 2 3 3 2 9 
9 
2 3 3 2 7 2 5 2 7 2 3 3 2 7 8 7 2 3 3 2 7 2 5 2 7 2 3 3 2 7 2 3 2 7 2 3 3 2 7 2 5 2 7 2 3 3 2 7 8 7 2 3 3 2 7 2 5 2 7 2 3 3 2 20 2 3 3 2 7 2 5 2 7 2 3 3 2 7 8 7 2 3 3 2 7 2 5 2 7 2 3 3 2 7 2 3 2 7 2 3 3 2 7 2 5 2 7 2 3 3 2 7 8 7 2 3 3 2 7 2 5 2 7 2 3 3 2 7 5 7 2 3 3 2 7 2 5 2 7 2 3 3 2 7 8 7 2 3 3 2 7 2 5 2 7 2 3 3 2 7 2 3 2 7 2 3 3 2 7 2 5 2 7 2 3 3 2 7 8 7 2 3 3 2 7 2 5 2 7 2 3 3 2 20 2 3 3 2 7 2 5 2 7 2 3 3 2 7 8 7 2 3 3 2 7 2 5 2 7 2 3 3 2 7 2 3 2 7 2 3 3 2 7 2 5 2 7 2 3 3 2 7 8 7 2 3 3 2 7 2 5 2 7 2 3 3 2 17 2 3 3 2 7 2 5 2 7 2 3 3 2 7 8 7 2 3 3 2 7 2 5 2 7 2 3 3 2 7 2 3 2 7 2 3 3 2 7 2 5 2 7 2 3 3 2 7 8 7 2 3 3 2 7 2 5 2 7 2 3 3 2 20 2 3 3 2 7 2 5 2 7 2 3 3 2 7 8 7 2 3 3 2 7 2 5 2 7 2 3 3 2 7 2 3 2 7 2 3 3 2 7 2 5 2 7 2 3 3 2 7 8 7 2 3 3 2 7 2 5 2 7 2 3 3 2 7 5 7 2 3 3 2 7 2 5 2 7 2 3 3 2 7 8 7 2 3 3 2 7 2 5 2 7 2 3 3 2 7 2 3 2 7 2 3 3 2 7 2 5 2 7 2 3 3 2 7 8 7 2 3 3 2 7 2 5 2 7 2 3 3 2 20 2 3 3 2 7 2 5 2 7 2 3 3 2 7 8 7 2 3 3 2 7 2 5 2 7 2 3 3 2 7 2 3 2 7 2 3 3 2 7 2 5 2 7 2 3 3 2 7 8 7 2 3 3 2 7 2 5 2 7 2 3 3 2 9 
9 
2 3 3 2 7 2 5 2 7 2 3 3 2 7 8 7 2 3 3 2 7 2 5 2 7 2 3 3 2 7 2 3 2 7 2 3 3 2 7 2 5 2 7 2 3 3 2 7 8 7 2 3 3 2 7 2 5 2 7 2 3 3 2 20 2 3 3 2 7 2 5 2 7 2 3 3 2 7 8 7 2 3 3 2 7 2 5 2 7 2 3 3 2 7 2 3 2 7 2 3 3 2 7 2 5 2 7 2 3 3 2 7 8 7 2 3 3 2 7 2 5 2 7 2 3 3 2 7 5 7 2 3 3 2 7 2 5 2 7 2 3 3 2 7 8 7 2 3 3 2 7 2 5 2 7 2 3 3 2 7 2 3 2 7 2 3 3 2 7 2 5 2 7 2 3 3 2 7 8 7 2 3 3 2 7 2 5 2 7 2 3 3 2 20 2 3 3 2 7 2 5 2 7 2 3 3 2 7 8 7 2 3 3 2 7 2 5 2 7 2 3 3 2 7 2 3 2 7 2 3 3 2 7 2 5 2 7 2 3 3 2 7 8 7 2 3 3 2 7 2 5 2 7 2 3 3 2 7 2 7 2 3 3 2 7 2 5 2 7 2 3 3 2 7 8 7 2 3 3 2 7 2 5 2 7 2 3 3 2 7 2 3 2 7 2 3 3 2 7 2 5 2 7 2 3 3 2 7 8 7 2 3 3 2 7 2 5 2 7 2 3 3 2 20 2 3 3 2 7 2 5 2 7 2 3 3 2 7 8 7 2 3 3 2 7 2 5 2 7 2 3 3 2 7 2 3 2 7 2 3 3 2 7 2 5 2 7 2 3 3 2 7 8 7 2 3 3 2 7 2 5 2 7 2 3 3 2 7 5 7 2 3 3 2 7 2 5 2 7 2 3 3 2 7 8 7 2 3 3 2 7 2 5 2 7 2 3 3 2 7 2 3 2 7 2 3 3 2 7 2 5 2 7 2 3 3 2 7 8 7 2 3 3 2 7 2 5 2 7 2 3 3 2 20 2 3 3 2 7 2 5 2 7 2 3 3 2 7 8 7 2 3 3 2 7 2 5 2 7 2 3 3 2 7 2 3 2 7 2 3 3 2 7 2 5 2 7 2 3 3 2 7 8 7 2 3 3 2 7 2 5 2 7 2 3 3 2 9 
9 
2 3 3 2 7 2 5 2 7 2 3 3 2 7 8 7 2 3 3 2 7 2 5 2 7 2 3 3 2 7 2 3 2 7 2 3 3 2 7 2 5 2 7 2 3 3 2 7 8 7 2 3 3 2 7 2 5 2 7 2 3 3 2 20 2 3 3 2 7 2 5 2 7 2 3 3 2 7 8 7 2 3 3 2 7 2 5 2 7 2 3 3 2 7 2 3 2 7 2 3 3 2 7 2 5 2 7 2 3 3 2 7 8 7 2 3 3 2 7 2 5 2 7 2 3 3 2 7 5 7 2 3 3 2 7 2 5 2 7 2 3 3 2 7 8 7 2 3 3 2 7 2 5 2 7 2 3 3 2 7 2 3 2 7 2 3 3 2 7 2 5 2 7 2 3 3 2 7 8 7 2 3 3 2 7 2 5 2 7 2 3 3 2 20 2 3 3 2 7 2 5 2 7 2 3 3 2 7 8 7 2 3 3 2 7 2 5 2 7 2 3 3 2 7 2 3 2 7 2 3 3 2 7 2 5 2 7 2 3 3 2 7 8 7 2 3 3 2 7 2 5 2 7 2 3 3 2 17 2 3 3 2 7 2 5 2 7 2 3 3 2 7 8 7 2 3 3 2 7 2 5 2 7 2 3 3 2 7 2 3 2 7 2 3 3 2 7 2 5 2 7 2 3 3 2 7 8 7 2 3 3 2 7 2 5 2 7 2 3 3 2 20 2 3 3 2 7 2 5 2 7 2 3 3 2 7 8 7 2 3 3 2 7 2 5 2 7 2 3 3 2 7 2 3 2 7 2 3 3 2 7 2 5 2 7 2 3 3 2 7 8 7 2 3 3 2 7 2 5 2 7 2 3 3 2 7 5 7 2 3 3 2 7 2 5 2 7 2 3 3 2 7 8 7 2 3 3 2 7 2 5 2 7 2 3 3 2 7 2 3 2 7 2 3 3 2 7 2 5 2 7 2 3 3 2 7 8 7 2 3 3 2 7 2 5 2 7 2 3 3 2 20 2 3 3 2 7 2 5 2 7 2 3 3 2 7 8 7 2 3 3 2 7 2 5 2 7 2 3 3 2 7 2 3 2 7 2 3 3 2 7 2 5 2 7 2 3 3 2 7 8 7 2 3 3 2 7 2 5 2 7 2 3 3 2 9 
9 
2 3 3 2 7 2 5 2 7 2 3 3 2 7 8 7 2 3 3 2 7 2 5 2 7 2 3 3 2 7 2 3 2 7 2 3 3 2 7 2 5 2 7 2 3 3 2 7 8 7 2 3 3 2 7 2 5 2 7 2 3 3 2 20 2 3 3 2 7 2 5 2 7 2 3 3 2 7 8 7 2 3 3 2 7 2 5 2 7 2 3 3 2 7 2 3 2 7 2 3 3 2 7 2 5 2 7 2 3 3 2 7 8 7 2 3 3 2 7 2 5 2 7 2 3 3 2 7 5 7 2 3 3 2 7 2 5 2 7 2 3 3 2 7 8 7 2 3 3 2 7 2 5 2 7 2 3 3 2 7 2 3 2 7 2 3 3 2 7 2 5 2 7 2 3 3 2 7 8 7 2 3 3 2 7 2 5 2 7 2 3 3 2 20 2 3 3 2 7 2 5 2 7 2 3 3 2 7 8 7 2 3 3 2 7 2 5 2 7 2 3 3 2 7 2 3 2 7 2 3 3 2 7 2 5 2 7 2 3 3 2 7 8 7 2 3 3 2 7 2 5 2 7 2 3 3 2 7 7 2 3 3 2 7 2 5 2 7 2 3 3 2 7 8 7 2 3 3 2 7 2 5 2 7 2 3 3 2 7 2 3 2 7 2 3 3 2 7 2 5 2 7 2 3 3 2 7 8 7 2 3 3 2 7 2 5 2 7 2 3 3 2 20 2 3 3 2 7 2 5 2 7 2 3 3 2 7 8 7 2 3 3 2 7 2 5 2 7 2 3 3 2 7 2 3 2 7 2 3 3 2 7 2 5 2 7 2 3 3 2 7 8 7 2 3 3 2 7 2 5 2 7 2 3 3 2 7 5 7 2 3 3 2 7 2 5 2 7 2 3 3 2 7 8 7 2 3 3 2 7 2 5 2 7 2 3 3 2 7 2 3 2 7 2 3 3 2 7 2 5 2 7 2 3 3 2 7 8 7 2 3 3 2 7 2 5 2 7 2 3 3 2 20 2 3 3 2 7 2 5 2 7 2 3 3 2 7 8 7 2 3 3 2 7 2 5 2 7 2 3 3 2 7 2 3 2 7 2 3 3 2 7 2 5 2 7 2 3 3 2 7 8 7 2 3 3 2 7 2 5 2 7 2 3 3 2 9 
9 
2 3 3 2 7 2 5 2 7 2 3 3 2 7 8 7 2 3 3 2 7 2 5 2 7 2 3 3 2 7 2 3 2 7 2 3 3 2 7 2 5 2 7 2 3 3 2 7 8 7 2 3 3 2 7 2 5 2 7 2 3 3 2 20 2 3 3 2 7 2 5 2 7 2 3 3 2 7 8 7 2 3 3 2 7 2 5 2 7 2 3 3 2 7 2 3 2 7 2 3 3 2 7 2 5 2 7 2 3 3 2 7 8 7 2 3 3 2 7 2 5 2 7 2 3 3 2 7 5 7 2 3 3 2 7 2 5 2 7 2 3 3 2 7 8 7 2 3 3 2 7 2 5 2 7 2 3 3 2 7 2 3 2 7 2 3 3 2 7 2 5 2 7 2 3 3 2 7 8 7 2 3 3 2 7 2 5 2 7 2 3 3 2 20 2 3 3 2 7 2 5 2 7 2 3 3 2 7 8 7 2 3 3 2 7 2 5 2 7 2 3 3 2 7 2 3 2 7 2 3 3 2 7 2 5 2 7 2 3 3 2 7 8 7 2 3 3 2 7 2 5 2 7 2 3 3 2 17 2 3 3 2 7 2 5 2 7 2 3 3 2 7 8 7 2 3 3 2 7 2 5 2 7 2 3 3 2 7 2 3 2 7 2 3 3 2 7 2 5 2 7 2 3 3 2 7 8 7 2 3 3 2 7 2 5 2 7 2 3 3 2 20 2 3 3 2 7 2 5 2 7 2 3 3 2 7 8 7 2 3 3 2 7 2 5 2 7 2 3 3 2 7 2 3 2 7 2 3 3 2 7 2 5 2 7 2 3 3 2 7 8 7 2 3 3 2 7 2 5 2 7 2 3 3 2 7 5 7 2 3 3 2 7 2 5 2 7 2 3 3 2 7 8 7 2 3 3 2 7 2 5 2 7 2 3 3 2 7 2 3 2 7 2 3 3 2 7 2 5 2 7 2 3 3 2 7 8 7 2 3 3 2 7 2 5 2 7 2 3 3 2 20 2 3 3 2 7 2 5 2 7 2 3 3 2 7 8 7 2 3 3 2 7 2 5 2 7 2 3 3 2 7 2 3 2 7 2 3 3 2 7 2 5 2 7 2 3 3 2 7 8 7 2 3 3 2 7 2 5 2 7 2 3 3 2 9 
9 
2 3 3 2 7 2 5 2 7 2 3 3 2 7 8 7 2 3 3 2 7 2 5 2 7 2 3 3 2 7 2 3 2 7 2 3 3 2 7 2 5 2 7 2 3 3 2 7 8 7 2 3 3 2 7 2 5 2 7 2 3 3 2 20 2 3 3 2 7 2 5 2 7 2 3 3 2 7 8 7 2 3 3 2 7 2 5 2 7 2 3 3 2 7 2 3 2 7 2 3 3 2 7 2 5 2 7 2 3 3 2 7 8 7 2 3 3 2 7 2 5 2 7 2 3 3 2 7 5 7 2 3 3 2 7 2 5 2 7 2 3 3 2 7 8 7 2 3 3 2 7 2 5 2 7 2 3 3 2 7 2 3 2 7 2 3 3 2 7 2 5 2 7 2 3 3 2 7 8 7 2 3 3 2 7 2 5 2 7 2 3 3 2 20 2 3 3 2 7 2 5 2 7 2 3 3 2 7 8 7 2 3 3 2 7 2 5 2 7 2 3 3 2 7 2 3 2 7 2 3 3 2 7 2 5 2 7 2 3 3 2 7 8 7 2 3 3 2 7 2 5 2 7 2 3 3 2 7 2 7 2 3 3 2 7 2 5 2 7 2 3 3 2 7 8 7 2 3 3 2 7 2 5 2 7 2 3 3 2 7 2 3 2 7 2 3 3 2 7 2 5 2 7 2 3 3 2 7 8 7 2 3 3 2 7 2 5 2 7 2 3 3 2 20 2 3 3 2 7 2 5 2 7 2 3 3 2 7 8 7 2 3 3 2 7 2 5 2 7 2 3 3 2 7 2 3 2 7 2 3 3 2 7 2 5 2 7 2 3 3 2 7 8 7 2 3 3 2 7 2 5 2 7 2 3 3 2 7 5 7 2 3 3 2 7 2 5 2 7 2 3 3 2 7 8 7 2 3 3 2 7 2 5 2 7 2 3 3 2 7 2 3 2 7 2 3 3 2 7 2 5 2 7 2 3 3 2 7 8 7 2 3 3 2 7 2 5 2 7 2 3 3 2 20 2 3 3 2 7 2 5 2 7 2 3 3 2 7 8 7 2 3 3 2 7 2 5 2 7 2 3 3 2 7 2 3 2 7 2 3 3 2 7 2 5 2 7 2 3 3 2 7 8 7 2 3 3 2 7 2 5 2 7 2 3 3 2 9 
9 
2 3 3 2 7 2 5 2 7 2 3 3 2 7 8 7 2 3 3 2 7 2 5 2 7 2 3 3 2 7 2 3 2 7 2 3 3 2 7 2 5 2 7 2 3 3 2 7 8 7 2 3 3 2 7 2 5 2 7 2 3 3 2 20 2 3 3 2 7 2 5 2 7 2 3 3 2 7 8 7 2 3 3 2 7 2 5 2 7 2 3 3 2 7 2 3 2 7 2 3 3 2 7 2 5 2 7 2 3 3 2 7 8 7 2 3 3 2 7 2 5 2 7 2 3 3 2 7 5 7 2 3 3 2 7 2 5 2 7 2 3 3 2 7 8 7 2 3 3 2 7 2 5 2 7 2 3 3 2 7 2 3 2 7 2 3 3 2 7 2 5 2 7 2 3 3 2 7 8 7 2 3 3 2 7 2 5 2 7 2 3 3 2 20 2 3 3 2 7 2 5 2 7 2 3 3 2 7 8 7 2 3 3 2 7 2 5 2 7 2 3 3 2 7 2 3 2 7 2 3 3 2 7 2 5 2 7 2 3 3 2 7 8 7 2 3 3 2 7 2 5 2 7 2 3 3 2 17 2 3 3 2 7 2 5 2 7 2 3 3 2 7 8 7 2 3 3 2 7 2 5 2 7 2 3 3 2 7 2 3 2 7 2 3 3 2 7 2 5 2 7 2 3 3 2 7 8 7 2 3 3 2 7 2 5 2 7 2 3 3 2 20 2 3 3 2 7 2 5 2 7 2 3 3 2 7 8 7 2 3 3 2 7 2 5 2 7 2 3 3 2 7 2 3 2 7 2 3 3 2 7 2 5 2 7 2 3 3 2 7 8 7 2 3 3 2 7 2 5 2 7 2 3 3 2 7 5 7 2 3 3 2 7 2 5 2 7 2 3 3 2 7 8 7 2 3 3 2 7 2 5 2 7 2 3 3 2 7 2 3 2 7 2 3 3 2 7 2 5 2 7 2 3 3 2 7 8 7 2 3 3 2 7 2 5 2 7 2 3 3 2 20 2 3 3 2 7 2 5 2 7 2 3 3 2 7 8 7 2 3 3 2 7 2 5 2 7 2 3 3 2 7 2 3 2 7 2 3 3 2 7 2 5 2 7 2 3 3 2 7 8 7 2 3 3 2 7 2 5 2 7 2 3 3 2 9 
9 
2 3 3 2 7 2 5 2 7 2 3 3 2 7 8 7 2 3 3 2 7 2 5 2 7 2 3 3 2 7 2 3 2 7 2 3 3 2 7 2 5 2 7 2 3 3 2 7 8 7 2 3 3 2 7 2 5 2 7 2 3 3 2 20 2 3 3 2 7 2 5 2 7 2 3 3 2 7 8 7 2 3 3 2 7 2 5 2 7 2 3 3 2 7 2 3 2 7 2 3 3 2 7 2 5 2 7 2 3 3 2 7 8 7 2 3 3 2 7 2 5 2 7 2 3 3 2 7 5 7 2 3 3 2 7 2 5 2 7 2 3 3 2 7 8 7 2 3 3 2 7 2 5 2 7 2 3 3 2 7 2 3 2 7 2 3 3 2 7 2 5 2 7 2 3 3 2 7 8 7 2 3 3 2 7 2 5 2 7 2 3 3 2 20 2 3 3 2 7 2 5 2 7 2 3 3 2 7 8 7 2 3 3 2 7 2 5 2 7 2 3 3 2 7 2 3 2 7 2 3 3 2 7 2 5 2 7 2 3 3 2 7 8 7 2 3 3 2 7 2 5 2 7 2 3 3 2 15 2 3 3 2 7 2 5 2 7 2 3 3 2 7 8 7 2 3 3 2 7 2 5 2 7 2 3 3 2 7 2 3 2 7 2 3 3 2 7 2 5 2 7 2 3 3 2 7 8 7 2 3 3 2 7 2 5 2 7 2 3 3 2 20 2 3 3 2 7 2 5 2 7 2 3 3 2 7 8 7 2 3 3 2 7 2 5 2 7 2 3 3 2 7 2 3 2 7 2 3 3 2 7 2 5 2 7 2 3 3 2 7 8 7 2 3 3 2 7 2 5 2 7 2 3 3 2 7 5 7 2 3 3 2 7 2 5 2 7 2 3 3 2 7 8 7 2 3 3 2 7 2 5 2 7 2 3 3 2 7 2 3 2 7 2 3 3 2 7 2 5 2 7 2 3 3 2 7 8 7 2 3 3 2 7 2 5 2 7 2 3 3 2 20 2 3 3 2 7 2 5 2 7 2 3 3 2 7 8 7 2 3 3 2 7 2 5 2 7 2 3 3 2 7 2 3 2 7 2 3 3 2 7 2 5 2 7 2 3 3 2 7 8 7 2 3 3 2 7 2 5 2 7 2 3 3 2 9 
9 
2 3 3 2 7 2 5 2 7 2 3 3 2 7 8 7 2 3 3 2 7 2 5 2 7 2 3 3 2 7 2 3 2 7 2 3 3 2 7 2 5 2 7 2 3 3 2 7 8 7 2 3 3 2 7 2 5 2 7 2 3 3 2 20 2 3 3 2 7 2 5 2 7 2 3 3 2 7 8 7 2 3 3 2 7 2 5 2 7 2 3 3 2 7 2 3 2 7 2 3 3 2 7 2 5 2 7 2 3 3 2 7 8 7 2 3 3 2 7 2 5 2 7 2 3 3 2 7 5 7 2 3 3 2 7 2 5 2 7 2 3 3 2 7 8 7 2 3 3 2 7 2 5 2 7 2 3 3 2 7 2 3 2 7 2 3 3 2 7 2 5 2 7 2 3 3 2 7 8 7 2 3 3 2 7 2 5 2 7 2 3 3 2 20 2 3 3 2 7 2 5 2 7 2 3 3 2 7 8 7 2 3 3 2 7 2 5 2 7 2 3 3 2 7 2 3 2 7 2 3 3 2 7 2 5 2 7 2 3 3 2 7 8 7 2 3 3 2 7 2 5 2 7 2 3 3 2 17 2 3 3 2 7 2 5 2 7 2 3 3 2 7 8 7 2 3 3 2 7 2 5 2 7 2 3 3 2 7 2 3 2 7 2 3 3 2 7 2 5 2 7 2 3 3 2 7 8 7 2 3 3 2 7 2 5 2 7 2 3 3 2 20 2 3 3 2 7 2 5 2 7 2 3 3 2 7 8 7 2 3 3 2 7 2 5 2 7 2 3 3 2 7 2 3 2 7 2 3 3 2 7 2 5 2 7 2 3 3 2 7 8 7 2 3 3 2 7 2 5 2 7 2 3 3 2 7 5 7 2 3 3 2 7 2 5 2 7 2 3 3 2 7 8 7 2 3 3 2 7 2 5 2 7 2 3 3 2 7 2 3 2 7 2 3 3 2 7 2 5 2 7 2 3 3 2 7 8 7 2 3 3 2 7 2 5 2 7 2 3 3 2 20 2 3 3 2 7 2 5 2 7 2 3 3 2 7 8 7 2 3 3 2 7 2 5 2 7 2 3 3 2 7 2 3 2 7 2 3 3 2 7 2 5 2 7 2 3 3 2 7 8 7 2 3 3 2 7 2 5 2 7 2 3 3 2 9 
9 
2 3 3 2 7 2 5 2 7 2 3 3 2 7 8 7 2 3 3 2 7 2 5 2 7 2 3 3 2 7 2 3 2 7 2 3 3 2 7 2 5 2 7 2 3 3 2 7 8 7 2 3 3 2 7 2 5 2 7 2 3 3 2 20 2 3 3 2 7 2 5 2 7 2 3 3 2 7 8 7 2 3 3 2 7 2 5 2 7 2 3 3 2 7 2 3 2 7 2 3 3 2 7 2 5 2 7 2 3 3 2 7 8 7 2 3 3 2 7 2 5 2 7 2 3 3 2 7 5 7 2 3 3 2 7 2 5 2 7 2 3 3 2 7 8 7 2 3 3 2 7 2 5 2 7 2 3 3 2 7 2 3 2 7 2 3 3 2 7 2 5 2 7 2 3 3 2 7 8 7 2 3 3 2 7 2 5 2 7 2 3 3 2 20 2 3 3 2 7 2 5 2 7 2 3 3 2 7 8 7 2 3 3 2 7 2 5 2 7 2 3 3 2 7 2 3 2 7 2 3 3 2 7 2 5 2 7 2 3 3 2 7 8 7 2 3 3 2 7 2 5 2 7 2 3 3 2 7 2 7 2 3 3 2 7 2 5 2 7 2 3 3 2 7 8 7 2 3 3 2 7 2 5 2 7 2 3 3 2 7 2 3 2 7 2 3 3 2 7 2 5 2 7 2 3 3 2 7 8 7 2 3 3 2 7 2 5 2 7 2 3 3 2 20 2 3 3 2 7 2 5 2 7 2 3 3 2 7 8 7 2 3 3 2 7 2 5 2 7 2 3 3 2 7 2 3 2 7 2 3 3 2 7 2 5 2 7 2 3 3 2 7 8 7 2 3 3 2 7 2 5 2 7 2 3 3 2 7 5 7 2 3 3 2 7 2 5 2 7 2 3 3 2 7 8 7 2 3 3 2 7 2 5 2 7 2 3 3 2 7 2 3 2 7 2 3 3 2 7 2 5 2 7 2 3 3 2 7 8 7 2 3 3 2 7 2 5 2 7 2 3 3 2 20 2 3 3 2 7 2 5 2 7 2 3 3 2 7 8 7 2 3 3 2 7 2 5 2 7 2 3 3 2 7 2 3 2 7 2 3 3 2 7 2 5 2 7 2 3 3 2 7 8 7 2 3 3 2 7 2 5 2 7 2 3 3 2 9 
9 
2 3 3 2 7 2 5 2 7 2 3 3 2 7 8 7 2 3 3 2 7 2 5 2 7 2 3 3 2 7 2 3 2 7 2 3 3 2 7 2 5 2 7 2 3 3 2 7 8 7 2 3 3 2 7 2 5 2 7 2 3 3 2 20 2 3 3 2 7 2 5 2 7 2 3 3 2 7 8 7 2 3 3 2 7 2 5 2 7 2 3 3 2 7 2 3 2 7 2 3 3 2 7 2 5 2 7 2 3 3 2 7 8 7 2 3 3 2 7 2 5 2 7 2 3 3 2 7 5 7 2 3 3 2 7 2 5 2 7 2 3 3 2 7 8 7 2 3 3 2 7 2 5 2 7 2 3 3 2 7 2 3 2 7 2 3 3 2 7 2 5 2 7 2 3 3 2 7 8 7 2 3 3 2 7 2 5 2 7 2 3 3 2 20 2 3 3 2 7 2 5 2 7 2 3 3 2 7 8 7 2 3 3 2 7 2 5 2 7 2 3 3 2 7 2 3 2 7 2 3 3 2 7 2 5 2 7 2 3 3 2 7 8 7 2 3 3 2 7 2 5 2 7 2 3 3 2 17 2 3 3 2 7 2 5 2 7 2 3 3 2 7 8 7 2 3 3 2 7 2 5 2 7 2 3 3 2 7 2 3 2 7 2 3 3 2 7 2 5 2 7 2 3 3 2 7 8 7 2 3 3 2 7 2 5 2 7 2 3 3 2 20 2 3 3 2 7 2 5 2 7 2 3 3 2 7 8 7 2 3 3 2 7 2 5 2 7 2 3 3 2 7 2 3 2 7 2 3 3 2 7 2 5 2 7 2 3 3 2 7 8 7 2 3 3 2 7 2 5 2 7 2 3 3 2 7 5 7 2 3 3 2 7 2 5 2 7 2 3 3 2 7 8 7 2 3 3 2 7 2 5 2 7 2 3 3 2 7 2 3 2 7 2 3 3 2 7 2 5 2 7 2 3 3 2 7 8 7 2 3 3 2 7 2 5 2 7 2 3 3 2 20 2 3 3 2 7 2 5 2 7 2 3 3 2 7 8 7 2 3 3 2 7 2 5 2 7 2 3 3 2 7 2 3 2 7 2 3 3 2 7 2 5 2 7 2 3 3 2 7 8 7 2 3 3 2 7 2 5 2 7 2 3 3 2 9 
9 
2 3 3 2 7 2 5 2 7 2 3 3 2 7 8 7 2 3 3 2 7 2 5 2 7 2 3 3 2 7 2 3 2 7 2 3 3 2 7 2 5 2 7 2 3 3 2 7 8 7 2 3 3 2 7 2 5 2 7 2 3 3 2 20 2 3 3 2 7 2 5 2 7 2 3 3 2 7 8 7 2 3 3 2 7 2 5 2 7 2 3 3 2 7 2 3 2 7 2 3 3 2 7 2 5 2 7 2 3 3 2 7 8 7 2 3 3 2 7 2 5 2 7 2 3 3 2 7 5 7 2 3 3 2 7 2 5 2 7 2 3 3 2 7 8 7 2 3 3 2 7 2 5 2 7 2 3 3 2 7 2 3 2 7 2 3 3 2 7 2 5 2 7 2 3 3 2 7 8 7 2 3 3 2 7 2 5 2 7 2 3 3 2 20 2 3 3 2 7 2 5 2 7 2 3 3 2 7 8 7 2 3 3 2 7 2 5 2 7 2 3 3 2 7 2 3 2 7 2 3 3 2 7 2 5 2 7 2 3 3 2 7 8 7 2 3 3 2 7 2 5 2 7 2 3 3 17 3 3 2 7 2 5 2 7 2 3 3 2 7 8 7 2 3 3 2 7 2 5 2 7 2 3 3 2 7 2 3 2 7 2 3 3 2 7 2 5 2 7 2 3 3 2 7 8 7 2 3 3 2 7 2 5 2 7 2 3 3 2 20 2 3 3 2 7 2 5 2 7 2 3 3 2 7 8 7 2 3 3 2 7 2 5 2 7 2 3 3 2 7 2 3 2 7 2 3 3 2 7 2 5 2 7 2 3 3 2 7 8 7 2 3 3 2 7 2 5 2 7 2 3 3 2 7 5 7 2 3 3 2 7 2 5 2 7 2 3 3 2 7 8 7 2 3 3 2 7 2 5 2 7 2 3 3 2 7 2 3 2 7 2 3 3 2 7 2 5 2 7 2 3 3 2 7 8 7 2 3 3 2 7 2 5 2 7 2 3 3 2 20 2 3 3 2 7 2 5 2 7 2 3 3 2 7 8 7 2 3 3 2 7 2 5 2 7 2 3 3 2 7 2 3 2 7 2 3 3 2 7 2 5 2 7 2 3 3 2 7 8 7 2 3 3 2 7 2 5 2 7 2 3 3 2 9 
9 
2 3 3 2 7 2 5 2 7 2 3 3 2 7 8 7 2 3 3 2 7 2 5 2 7 2 3 3 2 7 2 3 2 7 2 3 3 2 7 2 5 2 7 2 3 3 2 7 8 7 2 3 3 2 7 2 5 2 7 2 3 3 2 20 2 3 3 2 7 2 5 2 7 2 3 3 2 7 8 7 2 3 3 2 7 2 5 2 7 2 3 3 2 7 2 3 2 7 2 3 3 2 7 2 5 2 7 2 3 3 2 7 8 7 2 3 3 2 7 2 5 2 7 2 3 3 2 7 5 7 2 3 3 2 7 2 5 2 7 2 3 3 2 7 8 7 2 3 3 2 7 2 5 2 7 2 3 3 2 7 2 3 2 7 2 3 3 2 