16 100 
        1001110111011011
        0010001111000110 
        1001100001101001 
        0100100001110011 
        1101110001010001 
        0101110011111111 
        1001010001001010 
        0101100011101100 
        0001111100101001 
        0111110011001101 
        0101100010111010 
        1101011110101011 
        0100000111110010 
        0001111011111011 
        1010100111100011 
        1110000101000110 
        0000000001111100 
        0110001011000010 
        0000100001010100 
        0010011111111000 
        0010001100011011 
        1110100111101000 
        1100110111100111 
        0100001110001101 
        0000111101110110 
        0010010101011010 
        1111100100101110 
        0111001001100011 
        1100001000110011 
        1101011110011111 
        0100010101100111 
        0010001111000110 
        1001100001101001 
        0100100001110011 
        1101110001010001 
        0101110011111111 
        1001010001001010 
        0101100011101100 
        0001111100101001 
        0111110011001101 
        0101100010111010 
        1101011110101011 
        0100000111110010 
        0001111011111011 
        1010100111100011 
        1110000101000110 
        0000000001111100 
        0110001011000010 
        0000100001010100 
        0010011111111000 
        0010001100011011 
        1110100111101000 
        1100110111100111 
        0100001110001101 
        0000111101110110 
        0010010101011010 
        1111100100101110 
        0111001001100011 
        1100001000110011 
        1101011110011111 
        0100010101100111 
        0010001111000110 
        1001100001101001 
        0100100001110011 
        1101110001010001 
        0101110011111111 
        1001010001001010 
        0101100011101100 
        0001111100101001 
        0111110011001101 
        0101100010111010 
        1101011110101011 
        0100000111110010 
        0001111011111011 
        1010100111100011 
        1110000101000110 
        0000000001111100 
        0110001011000010 
        0000100001010100 
        0010011111111000 
        0010001100011011 
        1110100111101000 
        1100110111100111 
        0100001110001101 
        0000111101110110 
        0010010101011010 
        1111100100101110 
        0111001001100011 
        1100001000110011 
        1101011110011111 
        0100010101100111 
        0010001111000110 
        1001100001101001 
        0100100001110011 
        1101110001010001 
        0101110011111111 
        1001010001001010 
        0101100011101100 
        0001111100101001 
        0111110011001101 
        0101100010111010 
        1101011110101011 
        0100000111110010 
        0001111011111011 
        1010100111100011 
        1110000101000110 
        0000000001111100 
        0110001011000010 
        0000100001010100 
        0010011111111000 
        0010001100011011 
        1110100111101000 
        1100110111100111 
        0100001110001101 
        0000111101110110 
        0010010101011010 
        1111100100101110 
        0111001001100011 
        1100001000110011 
        1101011110011111 


16 4
1001110111011011
1001010111110111
1000100010010001
0000000000001100
1010101010101011


5 3
11100
10000
01000
00100


4 3
1111
1111
1100
0011
