14 91
1 2 9
2 3 60
3 4 47
4 5 32
5 6 8
6 7 48
7 8 33
8 9 58
9 10 40
10 11 24
11 12 15
12 13 2
13 14 23
2 6 23
7 12 4
1 4 29
1 10 17
1 1 9
7 11 43
3 12 53
1 5 10
3 6 16
2 4 27
4 9 28
5 9 11
2 5 3
1 3 38
1 6 3
7 9 51
4 7 19
4 12 55
6 8 10
6 12 7
11 14 35
3 5 29
4 8 16
10 12 13
2 12 4
1 7 5
9 13 29
2 14 37
3 7 18
1 8 33
8 14 56
2 7 59
11 13 48
4 11 10
3 10 49
3 14 6
2 13 51
5 11 58
7 10 54
3 11 3
1 12 26
6 9 43
3 8 6
6 14 5
2 11 42
10 14 2
10 13 18
12 14 53
8 13 56
2 8 43
3 13 8
2 10 60
5 8 48
1 13 43
9 12 45
1 11 30
2 9 56
4 13 35
4 10 26
5 13 17
9 11 17
4 6 35
6 11 26
6 10 31
1 9 53
7 14 23
8 12 51
8 10 9
4 14 30
1 14 20
5 7 36
5 12 1
6 13 32
3 9 44
5 10 49
8 11 27
7 13 58
5 14 47
