52 1326
1 2 90
2 3 276
3 4 51
4 5 286
5 6 286
6 7 296
7 8 70
8 9 172
9 10 224
10 11 7
11 12 52
12 13 266
13 14 282
14 15 78
15 16 35
16 17 78
17 18 153
18 19 70
19 20 244
20 21 99
21 22 68
22 23 26
23 24 124
24 25 277
25 26 43
26 27 210
27 28 221
28 29 107
29 30 77
30 31 254
31 32 299
32 33 125
33 34 158
34 35 261
35 36 126
36 37 274
37 38 294
38 39 15
39 40 234
40 41 34
41 42 41
42 43 59
43 44 73
44 45 275
45 46 133
46 47 181
47 48 175
48 49 29
49 50 288
50 51 284
51 52 45
1 26 58
14 33 1
3 17 241
20 34 139
14 39 38
2 6 196
1 3 189
6 19 185
7 23 242
4 32 158
10 12 109
13 38 252
9 46 159
25 50 228
3 43 150
12 29 1
7 9 271
19 30 27
41 44 276
2 11 117
36 42 88
20 42 95
6 13 25
6 11 213
15 25 231
2 4 150
5 23 67
13 30 192
3 35 87
24 44 208
6 41 252
11 21 238
2 5 236
10 27 82
26 29 5
30 45 221
25 52 254
9 39 8
8 14 248
39 41 147
11 23 109
4 7 108
2 21 199
5 18 296
2 19 201
6 10 272
3 25 172
18 46 159
18 47 251
12 28 195
11 51 118
5 9 101
5 40 116
3 30 104
23 46 104
21 27 243
10 20 85
3 10 163
12 18 236
20 49 62
16 36 104
2 8 15
18 20 218
31 48 70
6 39 193
1 49 227
15 52 231
5 8 121
18 23 147
20 36 137
4 6 74
10 17 148
12 16 28
41 48 297
10 16 12
3 9 269
3 6 112
45 49 53
7 17 210
9 19 61
7 29 252
40 46 93
1 1 239
8 21 28
15 41 38
39 52 151
12 20 134
24 30 3
14 18 165
13 35 80
14 24 107
4 20 55
34 52 139
6 16 14
4 13 16
7 45 115
1 12 132
21 24 150
2 15 68
13 15 186
14 40 93
1 17 132
6 29 230
4 26 50
41 47 18
14 36 16
5 16 123
4 9 8
12 52 269
22 43 263
6 34 160
18 48 161
5 12 238
10 51 121
42 46 81
6 15 231
31 43 119
18 33 98
4 24 98
9 28 258
1 7 245
17 50 162
28 33 188
37 41 152
28 31 268
28 40 290
15 42 9
11 52 205
6 8 240
21 51 296
40 50 129
40 51 223
21 25 187
9 22 286
3 24 27
3 41 117
8 10 88
15 34 265
23 31 187
3 48 139
7 27 70
18 52 264
19 41 24
21 28 174
12 34 143
16 35 245
14 30 82
5 17 23
7 18 264
20 30 11
8 17 170
6 26 164
6 52 176
7 46 38
20 47 125
21 23 270
17 20 76
1 10 173
11 36 254
21 33 247
23 47 236
8 15 282
22 25 274
22 29 142
26 36 42
8 20 72
21 44 96
11 31 166
25 34 108
8 44 215
4 48 31
14 44 12
29 35 93
13 24 238
1 15 270
1 52 226
16 19 21
26 39 94
6 27 256
4 47 82
13 23 239
47 52 184
6 22 144
30 44 245
12 24 138
1 29 177
14 25 214
26 47 26
2 41 5
3 49 288
12 19 280
1 9 180
15 47 105
10 46 59
25 39 111
35 44 160
5 15 161
9 18 71
42 51 183
14 19 123
29 32 6
10 15 82
28 39 137
38 46 93
17 47 111
16 22 106
17 38 142
20 22 274
11 17 293
3 5 234
4 8 200
24 46 92
33 38 6
33 42 206
2 10 49
25 31 127
13 22 234
18 24 44
20 50 107
1 27 251
5 22 35
19 32 256
2 35 252
1 5 178
20 23 142
21 43 201
8 29 269
7 15 227
10 32 109
18 37 101
13 29 271
5 31 197
3 44 271
6 48 84
3 34 40
21 31 207
22 34 16
4 12 167
8 47 217
25 49 96
18 36 257
44 48 236
35 37 94
6 25 177
31 50 101
2 13 78
1 16 225
2 38 28
4 27 142
21 50 274
13 32 231
13 31 130
43 51 71
23 33 234
9 35 215
6 9 121
34 40 147
2 18 171
8 13 83
24 40 55
1 11 68
30 42 193
18 31 34
11 16 175
17 35 240
4 16 185
23 28 110
13 19 268
3 39 272
14 26 275
33 37 74
12 36 181
20 26 14
12 48 207
17 19 232
12 17 110
7 14 63
10 43 101
7 24 36
10 50 245
2 33 293
29 31 138
30 33 263
16 37 189
9 13 170
34 50 159
28 43 224
6 49 62
7 11 57
1 23 36
16 28 202
36 49 40
23 29 132
40 49 120
13 25 158
2 7 107
11 42 283
1 18 273
33 41 269
7 43 162
24 38 289
11 27 295
8 33 248
35 41 108
1 4 234
22 33 271
11 19 87
8 49 181
12 39 58
11 22 23
13 18 57
10 13 159
2 30 48
5 13 281
29 50 1
27 32 155
11 41 201
18 43 275
15 49 186
41 45 167
3 47 226
18 34 54
23 27 162
3 19 148
7 10 80
28 36 120
3 52 296
36 45 215
18 22 36
1 41 26
2 27 186
35 49 96
16 45 84
5 35 114
12 27 45
26 35 38
25 28 66
3 33 124
5 28 250
30 47 173
14 22 262
27 37 204
13 21 212
8 23 206
33 35 191
9 12 36
8 12 264
24 36 5
17 37 147
33 47 65
31 51 247
3 16 34
4 15 127
1 28 101
3 37 9
3 40 72
16 24 185
32 41 187
20 45 16
1 20 234
5 7 217
19 49 186
2 32 199
19 24 34
10 25 163
8 36 275
1 8 84
2 12 58
24 29 163
8 51 257
4 31 99
10 22 300
1 43 132
44 51 22
38 47 63
9 29 173
25 43 103
40 48 14
14 43 238
8 27 53
13 16 87
22 46 152
32 43 178
26 31 128
29 34 221
4 51 63
24 51 286
28 30 195
6 32 93
34 36 244
4 36 234
15 43 37
27 46 213
19 29 173
17 22 93
22 24 171
20 24 41
6 51 95
42 44 222
11 14 129
7 20 10
5 10 241
36 40 289
2 24 282
11 35 40
20 28 202
8 11 224
38 51 265
43 48 36
27 30 208
4 17 263
20 41 241
13 51 283
7 21 146
15 32 151
49 52 118
7 31 257
27 31 131
24 42 295
31 45 299
28 46 134
20 46 179
5 11 52
25 45 221
3 13 59
19 34 57
33 36 255
13 27 158
1 6 235
8 39 39
11 15 81
14 17 96
11 18 181
17 49 239
15 17 142
19 37 36
34 51 207
4 37 65
2 45 261
16 20 245
20 39 150
1 32 32
2 17 279
25 35 61
25 46 59
12 38 209
4 25 217
27 41 222
10 31 300
10 18 144
30 37 249
17 42 139
18 49 62
3 21 151
8 48 41
32 46 241
10 28 43
17 40 122
3 7 115
8 34 270
9 16 90
4 22 28
39 51 242
36 43 158
3 15 171
46 52 293
3 8 38
5 20 187
18 51 219
7 16 263
7 33 12
5 41 165
16 48 187
4 42 37
10 14 114
25 30 148
18 39 240
9 27 239
14 35 126
2 25 36
3 12 36
1 25 123
2 39 17
15 18 225
26 30 21
16 44 31
16 23 225
17 46 25
1 50 209
12 35 27
7 38 120
26 41 30
34 43 155
31 37 253
19 48 125
1 13 121
12 45 286
32 45 20
29 33 268
16 21 211
12 32 192
10 47 175
5 30 133
6 12 249
5 19 98
10 30 65
27 35 114
37 48 112
31 36 15
41 50 182
29 43 55
1 45 103
3 22 106
9 49 14
28 49 292
13 40 283
47 49 188
12 23 258
13 20 158
4 28 173
14 21 7
18 26 112
17 23 7
29 52 155
7 35 123
15 21 148
2 20 28
14 52 53
36 46 17
16 40 6
1 30 93
1 47 194
2 9 271
6 21 242
15 45 29
32 38 92
8 19 57
11 43 183
1 14 177
8 37 93
3 36 266
36 50 169
8 22 119
10 35 192
12 50 204
3 31 292
20 27 267
8 16 70
23 45 21
23 32 161
27 38 235
20 40 135
14 31 68
3 20 261
29 45 86
9 20 280
3 27 196
8 32 57
49 51 41
13 28 281
13 43 63
19 28 25
28 42 60
19 44 109
3 23 241
24 27 61
3 14 56
12 30 137
12 40 19
9 25 127
16 43 99
30 40 205
12 14 36
12 37 162
6 38 157
45 47 53
30 46 300
34 47 26
18 32 48
24 28 102
7 19 82
22 37 133
7 39 34
1 19 281
21 40 59
35 46 112
4 11 20
2 43 46
24 52 112
10 45 90
38 48 26
12 22 37
4 52 55
16 26 244
32 34 175
13 17 38
17 32 173
16 30 74
15 29 250
26 45 215
16 41 82
41 51 297
34 46 54
22 45 246
7 48 77
2 40 82
12 46 217
37 50 150
17 27 136
3 42 43
23 30 127
8 28 80
10 34 220
28 32 37
19 26 39
17 34 84
20 37 60
18 21 24
16 29 276
19 39 208
31 34 281
12 44 244
15 19 230
5 25 23
8 40 37
23 44 114
22 42 211
6 20 125
14 41 215
5 14 53
9 51 105
17 48 236
9 15 13
42 49 114
11 25 241
41 46 107
2 26 282
31 49 22
21 30 175
27 33 269
4 18 250
7 52 18
16 39 165
1 44 18
18 30 170
42 47 253
14 29 247
23 50 173
9 24 41
19 21 61
5 29 113
22 30 58
29 36 101
5 26 249
29 41 91
21 45 168
10 21 279
9 26 296
22 44 266
33 45 300
7 13 30
3 28 78
4 21 198
15 33 172
14 28 21
26 42 25
2 52 220
6 14 36
36 44 244
17 21 149
1 31 80
5 45 187
36 47 133
19 27 207
4 39 181
1 22 234
17 30 272
10 23 149
35 47 263
12 25 182
26 46 222
11 39 83
4 41 199
2 42 232
6 40 232
26 43 62
8 31 300
1 21 238
7 12 280
33 46 208
16 33 267
34 38 14
32 39 18
9 48 10
28 44 139
4 29 171
22 48 251
9 50 243
9 31 59
19 23 235
34 39 188
37 42 72
32 47 161
1 34 151
17 36 207
6 33 51
2 31 299
4 19 15
36 52 15
10 40 137
39 50 195
25 42 23
13 37 65
7 22 70
23 42 246
9 17 165
14 16 282
16 52 102
13 33 74
9 14 13
19 52 228
15 38 68
10 29 232
12 42 231
40 42 219
15 24 220
15 31 158
6 30 226
18 25 288
15 27 21
24 45 278
16 50 49
7 25 297
15 30 157
5 34 231
16 47 221
8 50 175
2 36 133
30 50 197
11 32 85
41 43 248
22 35 244
37 40 296
32 44 188
25 36 172
4 46 262
35 39 198
12 33 265
29 42 44
40 45 188
28 37 76
12 26 116
3 46 293
3 51 187
2 16 99
13 45 272
37 43 255
2 14 152
23 26 42
48 51 202
18 27 213
32 42 296
18 44 198
11 48 168
21 47 229
18 28 6
17 43 169
12 41 191
20 51 49
23 41 241
36 51 180
25 27 274
13 52 293
24 37 58
7 47 88
13 46 210
32 35 162
31 44 174
8 18 3
48 50 25
19 42 18
34 48 62
9 47 116
4 50 104
11 44 238
21 41 227
2 23 145
11 24 36
17 26 138
9 33 183
7 37 257
8 35 139
9 36 89
5 36 151
19 38 264
16 27 299
44 46 262
35 43 255
8 43 134
24 50 289
4 43 59
14 42 27
27 49 158
17 31 227
2 28 171
9 37 165
6 24 101
34 42 266
14 20 76
21 46 163
33 39 151
6 50 101
22 31 190
33 44 261
11 46 282
22 26 39
5 50 36
29 51 244
24 33 40
18 45 115
31 47 89
18 40 142
32 37 244
22 39 247
25 44 115
37 47 189
23 35 68
30 35 169
17 24 257
19 22 252
4 40 2
31 40 1
15 36 142
4 23 172
22 40 155
7 42 211
23 48 265
19 33 149
9 11 276
19 25 134
14 45 95
16 25 237
26 50 26
22 27 176
23 39 249
20 29 119
38 52 137
17 33 194
31 38 14
21 32 21
34 44 228
13 39 76
6 36 65
5 52 38
38 50 125
23 38 112
3 11 114
6 43 6
30 32 268
39 47 56
10 36 81
6 17 126
35 45 248
14 32 49
24 34 61
26 44 146
7 50 246
11 28 119
30 51 221
5 33 97
33 51 217
28 34 253
2 22 230
35 42 243
21 29 126
18 38 149
5 38 158
15 50 63
12 49 252
4 30 170
15 46 53
3 18 141
35 50 231
11 33 224
23 36 152
4 34 58
3 50 163
43 52 17
17 44 52
4 33 149
10 19 100
37 49 215
6 23 65
6 44 141
20 25 223
27 51 229
33 52 190
9 38 10
13 26 284
4 10 279
44 49 98
11 30 116
16 46 21
7 32 19
38 44 196
11 50 90
9 42 294
6 28 277
31 33 28
10 26 62
7 34 135
23 37 90
35 38 174
5 44 284
22 52 64
9 40 249
1 35 257
34 41 249
2 49 139
29 39 271
29 46 245
15 35 196
13 36 178
27 43 217
9 21 208
38 45 154
19 43 184
40 47 252
16 34 21
7 36 246
11 26 55
14 50 203
11 20 48
1 24 16
40 52 50
11 40 208
26 33 145
20 32 54
47 50 206
6 37 280
5 48 82
26 38 126
39 42 213
6 46 216
41 49 56
12 47 144
25 32 52
37 39 284
28 51 19
31 35 127
10 52 13
10 33 107
11 45 179
48 52 86
27 40 156
20 43 210
44 50 147
22 49 244
24 41 6
36 39 169
13 44 1
2 47 233
37 44 261
9 45 292
22 36 171
20 44 173
7 41 275
15 39 91
1 51 46
5 32 211
28 41 70
10 38 197
16 51 214
33 48 102
44 52 31
17 29 210
6 42 99
27 29 270
45 51 94
43 46 114
13 42 118
9 32 67
15 23 153
32 52 173
25 29 93
23 25 230
13 41 232
35 40 45
42 50 44
13 47 288
15 22 59
17 25 85
14 27 231
36 48 251
12 31 28
3 45 139
37 52 128
32 51 292
18 41 226
15 28 245
30 48 239
4 35 153
6 31 284
21 35 78
10 49 1
8 46 34
17 45 105
20 38 115
37 46 63
46 48 100
38 40 50
2 46 89
30 38 268
16 18 197
38 41 73
11 37 207
24 49 135
29 40 186
40 44 230
5 42 214
8 30 97
13 48 299
30 41 265
20 33 191
2 50 138
14 51 60
41 52 231
35 51 178
25 37 193
2 48 249
17 39 296
9 34 115
17 52 188
10 44 204
32 50 132
31 41 44
5 27 47
29 47 229
14 23 26
15 37 159
13 50 92
17 28 225
36 38 244
13 34 283
38 42 69
3 32 73
10 37 4
21 49 151
28 45 40
11 13 164
18 29 74
20 48 181
19 36 16
19 51 160
4 49 209
19 50 111
39 44 231
20 52 41
8 26 167
23 34 176
11 29 131
27 42 143
19 35 289
21 26 151
7 40 37
1 38 21
26 48 42
32 49 146
5 47 204
28 47 154
14 47 39
25 33 103
17 41 201
28 52 132
27 52 153
25 47 4
5 21 119
5 46 103
37 51 210
20 35 22
11 38 99
22 32 293
22 38 228
30 43 299
29 38 192
14 34 147
6 18 234
27 36 286
45 48 30
28 38 21
15 20 60
19 45 76
2 37 82
7 44 48
32 40 86
35 52 130
50 52 171
4 14 213
19 46 115
27 44 149
40 43 159
16 42 236
29 44 34
12 21 201
2 34 9
8 41 251
14 38 29
1 48 237
39 49 148
21 34 57
9 30 3
14 48 86
5 24 160
18 50 163
14 37 178
11 47 133
35 48 179
31 39 169
4 45 26
26 32 127
3 38 69
30 36 205
4 38 249
8 24 179
44 47 241
23 43 193
26 40 169
23 49 78
29 48 190
16 32 46
28 35 218
39 48 166
8 25 137
27 48 149
33 50 181
39 46 92
30 52 178
27 45 25
8 38 124
10 41 70
19 31 42
13 49 153
27 34 19
42 45 219
31 46 32
25 40 204
6 35 288
11 49 237
1 33 103
34 49 171
28 50 67
24 35 98
33 40 263
22 41 118
5 39 248
26 51 146
24 31 127
27 47 118
15 48 215
27 50 37
7 26 196
21 37 87
26 37 166
26 52 218
39 45 148
16 38 230
6 47 225
5 49 25
7 51 209
34 45 29
9 52 185
45 50 122
1 36 268
10 48 45
3 26 224
45 52 110
6 45 77
32 48 117
7 30 118
10 42 63
22 28 227
21 48 12
38 49 29
10 24 271
9 23 260
26 49 291
33 43 175
1 46 292
1 42 160
31 42 270
46 51 287
1 39 96
43 47 100
27 39 3
1 40 67
39 43 128
2 44 81
16 31 48
22 50 193
14 46 43
21 42 147
24 32 267
18 42 261
24 43 101
38 43 167
25 48 295
26 34 229
30 49 289
19 40 233
47 51 148
29 37 183
36 41 158
18 35 24
21 36 197
30 34 171
10 39 160
26 28 158
12 51 235
34 37 291
12 15 127
7 28 201
4 44 287
30 39 114
15 40 253
20 31 161
22 51 281
43 49 104
24 26 12
8 45 215
24 47 68
25 41 194
12 43 54
2 51 113
25 51 210
1 37 202
21 38 116
31 52 115
11 34 83
8 42 155
2 29 210
3 29 13
5 51 32
5 43 153
5 37 142
8 52 42
16 49 174
46 50 181
46 49 259
25 38 231
42 52 151
15 26 235
43 45 111
28 48 282
23 52 159
21 52 132
15 44 123
9 41 130
24 39 116
21 39 291
23 51 95
17 51 95
15 51 126
22 47 260
7 49 290
24 48 224
19 47 160
23 40 50
37 45 282
29 49 59
42 48 204
9 43 211
32 36 121
9 44 3
33 49 114
14 49 112
