96 100
1 2 265
2 3 387
3 4 375
4 5 56
5 6 87
6 7 386
7 8 103
8 9 295
9 10 207
10 11 345
11 12 96
12 13 49
13 14 369
14 15 93
15 16 399
16 17 255
17 18 224
18 19 399
19 20 362
20 21 330
21 22 374
22 23 369
23 24 336
24 25 7
25 26 196
26 27 139
27 28 121
28 29 9
29 30 231
30 31 375
31 32 45
32 33 367
33 34 330
34 35 334
35 36 372
36 37 259
37 38 138
38 39 24
39 40 110
40 41 172
41 42 308
42 43 191
43 44 127
44 45 246
45 46 234
46 47 75
47 48 49
48 49 34
49 50 283
50 51 279
51 52 224
52 53 305
53 54 324
54 55 273
55 56 257
56 57 145
57 58 132
58 59 292
59 60 185
60 61 374
61 62 257
62 63 343
63 64 189
64 65 133
65 66 152
66 67 71
67 68 129
68 69 71
69 70 139
70 71 228
71 72 392
72 73 165
73 74 7
74 75 264
75 76 132
76 77 25
77 78 18
78 79 389
79 80 398
80 81 102
81 82 330
82 83 249
83 84 238
84 85 55
85 86 199
86 87 139
87 88 55
88 89 303
89 90 168
90 91 100
91 92 321
92 93 201
93 94 220
94 95 39
95 96 315
14 20 202
24 47 78
55 82 213
22 72 373
14 54 280
