36 630
1 2 132
2 3 36
3 4 179
4 5 179
5 6 58
6 7 59
7 8 68
8 9 96
9 10 85
10 11 111
11 12 105
12 13 109
13 14 195
14 15 17
15 16 118
16 17 187
17 18 118
18 19 176
19 20 52
20 21 143
21 22 78
22 23 114
23 24 183
24 25 58
25 26 79
26 27 165
27 28 5
28 29 158
29 30 129
30 31 144
31 32 48
32 33 44
33 34 109
34 35 175
35 36 155
6 22 151
7 14 159
19 34 41
16 21 76
1 8 20
8 11 135
14 22 90
7 17 6
3 23 129
9 16 60
1 1 57
3 12 119
8 31 106
28 35 101
4 10 59
19 25 142
4 6 193
16 19 119
6 18 153
11 27 48
13 29 99
1 16 108
21 30 104
26 32 80
6 20 49
11 24 95
8 13 67
16 34 29
13 34 149
13 21 45
23 35 183
3 14 157
1 4 14
16 31 97
34 36 105
11 14 26
19 26 31
5 14 120
25 31 143
15 19 175
2 22 123
10 27 25
4 21 138
16 32 137
17 23 8
4 9 199
23 26 161
31 35 96
10 17 72
5 10 18
9 22 18
3 6 42
3 33 197
15 32 174
3 16 134
2 4 28
4 16 131
6 8 75
4 11 45
10 25 112
2 16 68
11 16 111
1 15 179
19 24 135
12 34 36
14 25 55
16 27 102
5 7 66
16 20 53
9 24 35
3 7 145
5 12 172
10 21 71
3 5 133
28 30 149
3 28 143
2 7 59
4 18 44
9 23 84
13 18 78
16 36 105
18 36 135
15 26 49
13 36 49
12 23 148
26 34 161
17 29 24
2 19 150
18 22 179
9 14 179
7 15 45
14 32 146
13 23 83
1 11 150
3 17 90
12 28 139
6 35 93
2 6 43
2 9 56
4 15 62
14 36 34
18 33 8
14 27 88
24 26 29
25 36 90
14 29 188
7 26 91
11 19 147
2 13 109
17 21 119
4 13 98
14 17 114
6 25 161
20 28 180
3 27 70
2 5 104
14 26 71
8 26 158
18 28 124
4 29 36
7 9 24
29 35 72
8 25 49
9 11 173
21 23 196
2 8 137
14 18 4
13 15 161
27 33 15
25 32 39
7 13 23
22 33 76
1 3 6
1 27 184
1 10 157
6 11 23
30 33 150
20 26 138
12 20 50
7 10 150
17 33 175
3 25 149
12 14 82
20 32 152
22 29 148
23 30 177
5 11 10
6 9 72
4 14 161
17 32 194
12 22 96
25 27 199
11 13 182
22 26 52
32 36 129
5 20 26
7 18 102
10 15 38
21 35 55
5 13 51
7 36 156
1 6 78
19 28 92
22 32 155
15 18 60
7 29 132
21 26 161
9 34 139
2 11 101
12 35 95
9 28 37
28 34 177
5 21 127
20 24 167
1 21 100
6 13 191
10 20 143
24 31 84
8 15 178
3 31 15
19 23 110
15 17 191
9 20 119
1 20 151
4 19 41
1 9 172
12 26 128
5 15 11
7 23 89
7 12 159
1 12 164
2 12 146
7 35 135
8 14 150
2 26 95
22 35 14
2 15 100
16 26 84
20 23 33
18 23 24
3 13 85
1 17 150
17 30 150
18 35 58
4 7 84
20 31 76
1 5 124
15 20 195
12 25 91
5 28 162
2 18 91
4 20 14
3 34 143
4 17 45
12 17 80
27 35 35
14 34 126
13 20 189
9 18 61
10 18 135
17 20 79
9 26 98
2 14 100
16 22 157
2 36 37
3 10 187
10 32 184
5 27 197
26 31 58
6 28 131
11 20 177
9 17 197
6 14 190
24 27 81
10 28 65
7 21 161
3 15 31
6 17 134
9 32 187
24 30 194
10 35 90
4 8 80
13 28 152
4 27 124
8 17 177
4 24 84
14 21 61
11 28 115
9 36 156
11 34 27
8 32 31
33 35 53
27 32 172
3 8 20
6 16 147
18 26 133
1 14 116
28 36 150
3 30 84
26 28 91
4 35 2
23 25 73
3 35 103
14 31 109
11 21 126
32 34 19
3 11 19
21 32 83
9 21 104
2 25 56
18 32 108
5 19 46
14 23 124
11 15 77
22 24 197
7 16 160
14 16 152
15 21 74
11 31 101
6 26 162
13 19 77
6 36 15
16 25 152
8 21 127
11 29 174
11 26 130
13 16 92
18 30 68
25 33 153
8 10 177
11 22 55
10 19 16
1 7 110
15 35 127
6 33 39
13 32 136
4 23 36
23 31 19
17 19 37
10 12 100
8 18 7
2 27 95
10 36 39
23 27 144
12 30 129
3 18 161
10 23 97
31 34 3
9 29 119
30 32 29
3 36 107
27 34 12
9 25 138
6 12 117
18 27 90
19 32 139
10 30 164
7 22 60
2 20 172
9 12 87
13 33 121
26 35 87
17 26 2
5 32 49
9 19 55
17 27 14
29 33 2
1 28 61
17 28 163
1 22 15
8 27 27
11 18 41
14 19 194
2 10 187
4 22 87
4 12 22
4 30 1
8 20 40
13 24 172
8 29 50
25 29 195
17 35 116
11 35 200
21 24 120
1 33 48
15 22 69
16 18 28
6 23 72
10 33 89
13 25 105
23 32 17
17 34 89
27 30 78
20 22 167
8 36 95
28 33 199
30 35 190
18 24 29
18 20 157
16 23 140
14 28 141
19 31 65
25 30 172
1 26 124
24 28 77
18 31 26
20 34 6
5 33 100
2 24 194
4 34 143
16 29 25
5 18 113
20 27 58
8 28 122
1 19 84
13 27 180
6 27 90
12 16 19
13 17 19
10 14 79
11 36 120
22 31 84
4 25 116
5 23 88
24 33 7
20 33 156
10 24 17
15 36 178
5 8 30
19 27 135
13 22 158
24 35 15
7 31 131
2 23 152
21 36 24
11 25 94
11 33 57
25 28 133
11 17 124
6 10 40
8 24 95
21 28 24
26 33 16
3 24 83
24 34 117
23 29 198
4 36 181
26 29 183
1 18 125
8 12 125
4 32 113
23 36 87
3 32 194
22 25 198
22 27 30
8 33 199
20 35 114
24 36 5
7 20 160
12 18 36
20 25 166
5 35 154
5 9 77
5 17 106
27 29 200
15 30 30
27 36 6
19 22 198
31 36 197
7 27 15
2 32 46
22 36 106
2 21 147
21 33 6
9 27 199
9 15 1
12 19 98
7 30 126
9 13 170
2 31 97
13 30 60
5 30 178
6 19 6
11 30 96
7 19 126
2 34 11
8 22 1
15 33 77
3 26 125
3 20 164
5 16 121
21 25 92
21 31 44
17 25 186
3 21 76
10 31 184
10 13 42
5 25 72
19 21 175
3 19 61
4 28 5
6 30 8
26 30 36
17 22 22
24 29 14
22 30 153
5 26 156
10 16 43
27 31 29
14 35 85
11 23 92
28 32 37
4 26 66
12 36 187
21 29 68
33 36 12
30 34 66
4 33 84
19 30 169
17 24 192
5 29 80
13 35 115
24 32 196
12 27 46
18 25 179
6 31 79
19 33 117
7 25 49
29 32 143
32 35 85
1 31 125
12 24 10
19 36 23
21 34 183
2 33 169
3 22 103
7 24 12
3 9 84
7 34 80
23 33 98
12 21 170
2 30 48
31 33 16
9 30 197
30 36 59
17 36 107
12 15 176
1 30 141
1 36 1
3 29 126
15 29 171
23 28 46
1 23 19
2 35 118
17 31 107
20 29 81
26 36 141
6 34 35
29 36 85
1 13 120
14 33 122
22 28 119
18 21 96
10 26 114
14 30 41
1 24 36
15 27 19
21 27 171
9 33 197
13 26 154
14 20 23
15 23 72
2 29 133
6 15 182
10 29 54
18 29 113
1 25 55
10 34 148
15 24 77
12 32 57
8 34 105
5 31 154
12 33 74
25 34 57
8 35 30
6 32 2
10 22 8
8 16 15
5 36 166
7 28 35
13 31 93
20 36 73
19 35 73
7 11 5
16 30 190
2 17 179
6 29 185
25 35 119
28 31 157
16 28 196
16 35 30
19 29 88
8 23 110
7 32 85
14 24 142
15 34 178
4 31 31
18 34 110
20 30 107
29 31 189
1 32 20
6 21 112
9 31 56
12 29 121
29 34 20
15 31 126
11 32 190
15 28 87
15 25 74
8 19 192
5 22 78
1 35 96
16 24 184
16 33 58
23 34 79
12 31 101
9 35 35
7 33 198
1 29 135
8 30 58
5 34 107
22 34 44
5 24 172
2 28 17
6 24 31
