28 378
1 2 98
2 3 15
3 4 57
4 5 82
5 6 20
6 7 68
7 8 145
8 9 144
9 10 108
10 11 96
11 12 41
12 13 158
13 14 89
14 15 153
15 16 91
16 17 117
17 18 139
18 19 89
19 20 70
20 21 126
21 22 159
22 23 131
23 24 77
24 25 33
25 26 148
26 27 149
27 28 28
13 17 90
4 8 7
25 28 60
13 24 5
1 1 26
3 8 83
7 10 116
13 25 98
2 16 126
4 14 61
23 27 128
15 21 26
18 20 3
14 18 80
12 25 23
22 25 123
8 15 78
3 5 22
5 10 135
1 14 118
3 17 27
11 21 54
7 15 143
3 6 58
9 26 96
8 19 29
3 14 131
9 22 136
9 12 47
17 26 14
12 19 139
4 27 1
5 11 12
3 24 73
8 22 110
11 15 103
3 11 156
5 7 120
4 23 128
3 23 137
1 8 94
1 4 99
12 23 141
5 14 28
10 14 97
19 23 152
5 8 78
10 22 97
13 16 73
2 20 48
5 15 132
20 25 58
9 20 14
2 6 79
4 9 14
12 26 37
6 27 91
4 16 90
7 18 2
1 6 11
12 16 1
15 26 50
15 17 110
14 28 13
14 21 22
1 19 89
8 11 158
1 20 124
1 15 44
20 24 80
9 23 73
11 25 103
21 23 43
9 17 79
8 10 7
2 14 148
4 22 72
6 28 56
1 21 42
2 26 77
16 18 118
12 28 136
3 7 56
6 21 97
1 7 59
2 11 140
24 27 57
11 14 65
15 27 114
1 3 156
1 25 148
9 15 125
1 12 103
11 13 102
5 12 9
12 24 100
5 23 45
17 21 56
23 25 122
9 11 27
20 22 141
13 20 64
13 19 126
16 22 115
2 8 49
1 23 24
2 28 119
1 10 131
9 25 115
9 13 83
3 12 91
3 19 64
14 25 120
19 21 125
6 11 40
10 16 127
15 18 144
2 5 146
2 7 52
6 8 121
11 16 123
4 7 143
8 12 115
1 9 34
12 27 145
10 17 23
24 28 83
7 20 34
3 16 28
16 21 4
6 17 28
5 9 21
12 18 54
1 16 36
15 25 31
7 17 99
6 26 139
8 23 101
15 28 6
12 17 73
6 25 95
4 20 119
2 21 24
16 24 56
2 9 34
15 19 153
15 23 70
5 16 117
20 26 21
3 9 38
6 22 132
7 11 65
5 18 58
14 20 141
1 18 34
9 14 147
1 5 146
8 13 64
12 21 68
8 17 15
21 24 82
2 17 9
8 16 28
14 17 17
8 20 82
2 22 114
7 24 51
2 13 149
17 28 11
2 19 13
10 12 157
18 26 112
16 25 131
16 26 41
7 13 30
14 23 73
5 28 126
11 19 59
3 25 66
15 22 117
9 28 52
12 15 74
9 18 58
8 14 116
21 28 72
14 26 49
5 19 3
18 22 104
4 11 88
13 27 37
7 25 143
20 27 55
4 18 112
3 10 57
2 10 117
10 26 72
4 21 139
9 24 17
25 27 68
17 19 47
2 15 35
6 19 50
8 18 129
8 26 144
1 24 106
3 18 93
3 26 110
8 25 129
5 24 104
14 19 16
16 20 12
4 26 135
13 18 17
14 27 73
4 12 69
12 20 64
2 4 103
6 12 132
17 20 14
2 23 59
11 26 96
5 21 134
2 24 4
2 27 99
7 9 57
18 24 55
23 26 98
11 20 53
22 28 7
1 11 153
4 6 148
10 28 102
6 13 77
3 22 121
10 21 49
21 25 95
1 13 71
23 28 68
3 13 90
2 18 48
3 28 73
4 17 35
19 24 36
6 24 6
7 26 25
11 24 104
7 16 20
7 27 65
16 27 30
13 21 100
10 25 14
17 24 85
18 23 52
17 22 111
5 26 136
18 21 131
13 26 91
3 21 46
19 26 148
6 16 106
5 17 9
6 9 49
19 25 56
4 10 87
11 18 7
10 20 101
6 14 15
1 17 35
5 27 69
8 27 60
9 27 118
10 13 95
2 25 121
7 14 50
1 26 90
16 28 58
10 15 130
19 27 76
8 24 109
5 20 54
7 19 150
16 23 42
7 12 131
2 12 153
13 15 29
10 18 57
6 20 14
20 23 18
12 14 86
4 15 29
18 27 106
5 25 102
14 16 64
7 28 75
9 21 149
13 28 77
9 19 55
19 22 30
6 15 137
16 19 147
6 10 8
17 25 36
14 24 133
15 24 160
6 23 98
14 22 55
20 28 71
18 28 96
7 23 54
24 26 133
7 22 68
18 25 88
5 22 147
10 27 79
11 17 58
10 23 49
21 26 12
26 28 65
9 16 15
8 21 160
13 22 102
12 22 155
6 18 145
8 28 49
21 27 57
19 28 135
3 20 26
4 24 72
4 28 73
3 15 70
4 19 109
1 22 19
11 23 148
11 22 139
15 20 123
13 23 113
10 24 54
11 28 43
5 13 116
17 27 131
4 13 76
11 27 154
7 21 46
22 26 96
22 27 60
1 27 28
17 23 135
10 19 56
1 28 17
22 24 108
4 25 108
