92 1744
1 2 46
2 3 281
3 4 282
4 5 300
5 6 54
6 7 336
7 8 114
8 9 53
9 10 81
10 11 229
11 12 323
12 13 86
13 14 31
14 15 281
15 16 118
16 17 153
17 18 194
18 19 149
19 20 109
20 21 351
21 22 305
22 23 122
23 24 263
24 25 195
25 26 104
26 27 185
27 28 142
28 29 174
29 30 304
30 31 218
31 32 54
32 33 261
33 34 173
34 35 185
35 36 156
36 37 63
37 38 11
38 39 85
39 40 81
40 41 129
41 42 30
42 43 325
43 44 93
44 45 116
45 46 326
46 47 118
47 48 230
48 49 151
49 50 302
50 51 334
51 52 225
52 53 26
53 54 48
54 55 122
55 56 279
56 57 26
57 58 254
58 59 210
59 60 63
60 61 209
61 62 282
62 63 49
63 64 357
64 65 123
65 66 324
66 67 258
67 68 8
68 69 97
69 70 75
70 71 59
71 72 189
72 73 345
73 74 213
74 75 89
75 76 349
76 77 82
77 78 193
78 79 262
79 80 5
80 81 108
81 82 78
82 83 193
83 84 124
84 85 252
85 86 288
86 87 151
87 88 237
88 89 167
89 90 143
90 91 310
91 92 170
46 69 240
43 92 182
75 92 138
15 26 307
2 6 190
69 90 202
35 71 49
60 69 158
7 25 86
31 62 83
9 20 183
11 54 298
44 48 213
13 20 133
2 24 29
3 10 13
25 28 58
22 24 200
10 54 252
4 21 198
40 42 5
33 80 288
3 11 99
23 44 256
2 32 110
2 62 271
15 18 59
5 9 174
19 35 49
51 55 63
9 14 91
50 90 205
53 70 302
27 29 288
13 59 66
19 58 41
4 38 308
3 16 271
22 64 288
1 5 22
10 62 202
7 10 171
30 47 232
14 22 61
17 28 146
1 11 119
29 57 308
2 33 77
12 32 19
86 91 280
10 39 15
4 8 193
3 35 150
31 57 322
8 42 312
1 30 41
27 67 16
5 43 270
44 64 144
4 49 241
52 76 296
15 21 205
11 79 138
6 21 316
16 20 234
51 85 113
5 17 212
53 91 190
65 81 11
15 25 86
29 56 247
3 6 351
46 80 327
43 57 275
38 57 298
52 69 123
5 26 335
7 27 286
14 39 81
19 88 191
10 55 112
35 40 228
28 46 147
5 54 321
28 40 271
13 62 106
20 62 281
9 63 86
19 55 319
14 60 54
55 86 251
72 88 306
23 65 336
19 26 266
47 75 28
5 15 153
9 21 345
39 47 213
9 26 293
46 85 209
49 56 213
12 38 22
3 42 279
1 26 360
31 90 306
9 31 131
7 9 254
31 63 34
54 74 220
1 1 214
7 18 209
46 88 41
16 21 266
13 38 267
20 66 8
23 67 138
34 56 259
16 28 332
6 38 310
20 73 324
12 18 33
20 22 140
33 38 57
56 62 237
8 47 230
19 57 318
11 46 311
22 82 70
39 83 192
36 57 165
24 82 77
56 82 171
45 82 277
43 51 306
11 21 77
1 4 303
18 88 55
2 9 264
3 9 110
11 36 102
21 24 250
62 67 232
40 58 47
17 36 256
19 22 249
2 27 210
2 50 351
69 74 284
2 8 220
11 75 309
6 15 241
3 75 10
74 76 35
23 28 118
72 83 100
8 74 250
1 16 120
4 52 219
42 89 45
59 69 288
30 37 317
16 51 131
85 87 176
10 19 280
60 92 203
12 82 199
11 23 274
1 18 15
7 38 132
11 70 29
64 86 139
56 84 27
18 53 341
8 65 264
81 88 106
14 75 68
5 60 263
34 68 291
13 18 24
33 58 100
14 40 182
26 64 242
13 78 330
10 56 338
34 83 274
8 13 352
71 85 214
17 87 3
10 59 271
17 47 186
1 20 322
1 7 199
19 67 52
37 49 162
10 50 202
90 92 176
58 91 274
54 71 111
18 83 351
15 80 237
77 87 28
7 80 170
4 43 53
52 85 185
32 77 95
32 55 73
25 60 276
41 90 223
43 61 255
26 31 201
27 48 48
2 63 232
13 29 161
5 13 353
27 44 75
64 73 334
36 42 293
10 25 147
19 31 264
48 52 349
1 32 183
18 78 109
16 30 125
13 16 215
5 28 187
55 92 299
35 89 145
32 36 27
30 54 254
85 88 130
5 34 187
20 30 185
12 41 122
72 79 329
31 37 144
26 34 195
25 31 290
19 69 353
78 89 61
21 52 343
1 46 17
10 61 163
27 45 181
17 30 148
11 30 86
23 71 73
4 36 100
28 76 292
17 82 312
20 53 27
37 83 136
28 64 344
8 19 137
11 41 359
36 53 11
26 36 157
2 58 194
34 73 94
16 42 50
67 90 38
5 12 9
36 60 264
38 84 282
8 38 244
8 59 260
31 86 101
38 49 307
6 29 17
22 52 303
12 69 211
45 48 131
2 10 66
33 42 33
49 55 248
56 86 156
10 16 349
45 55 201
57 76 189
51 77 235
25 55 299
76 91 23
27 53 240
13 19 151
10 14 288
43 59 242
18 62 6
21 34 57
33 75 155
33 69 87
1 65 225
15 42 211
24 29 318
29 83 204
40 55 104
7 44 139
32 79 92
13 87 9
1 62 48
3 30 228
61 76 128
5 36 208
6 18 358
10 23 311
41 44 272
54 88 152
11 50 288
16 32 352
9 11 103
48 59 227
3 62 68
22 28 235
44 83 271
10 41 274
14 45 109
43 64 302
25 41 306
5 11 282
42 46 221
16 87 105
8 52 33
28 49 348
1 86 281
12 14 27
7 11 316
19 62 289
36 82 22
14 92 73
28 62 187
33 52 127
6 36 100
9 58 152
30 48 167
17 72 208
1 17 295
3 7 283
1 3 241
3 47 12
1 38 112
7 79 78
8 89 349
6 45 220
3 18 19
6 13 138
23 31 55
13 83 8
3 59 357
50 53 174
9 68 286
15 33 254
4 9 79
19 87 148
23 76 86
61 63 24
33 90 148
29 60 180
13 65 74
14 77 226
8 60 150
29 38 52
16 18 240
19 39 336
88 90 198
14 37 296
12 54 282
13 17 216
5 33 220
28 92 258
5 47 18
17 26 316
67 77 134
1 15 169
27 56 238
38 52 108
66 81 229
16 49 196
1 10 189
60 74 187
41 46 17
7 13 300
30 81 54
61 65 176
26 30 47
5 92 114
4 34 308
39 81 9
55 70 196
4 28 351
23 53 24
3 36 182
2 46 274
73 76 122
32 40 239
12 92 239
3 15 170
2 28 70
30 46 229
27 68 1
5 75 170
12 49 207
19 89 224
8 17 12
15 81 39
11 53 90
17 60 190
1 31 87
22 83 342
4 58 317
34 53 131
4 35 266
19 48 119
26 62 206
53 71 200
2 11 158
43 63 262
53 78 229
1 54 72
11 77 259
40 65 40
45 75 47
46 59 124
2 42 107
1 22 213
3 57 280
33 88 74
4 7 63
58 61 127
86 88 200
7 63 339
34 59 279
15 65 189
61 74 236
69 89 76
26 52 154
2 35 244
6 11 49
17 51 208
4 15 63
3 43 341
19 61 287
65 76 353
4 22 41
5 16 173
18 47 116
63 65 241
35 76 150
1 14 229
1 6 91
25 36 71
46 79 234
9 12 268
22 48 205
7 28 112
9 32 178
14 33 339
6 74 22
15 19 185
63 87 168
47 60 20
20 34 204
1 12 135
37 45 122
37 85 150
5 20 156
30 90 21
11 49 26
23 49 212
66 79 240
71 80 306
29 43 295
45 60 31
8 23 172
40 86 15
1 70 10
12 51 167
3 41 21
30 58 112
68 78 313
5 27 169
47 88 181
57 87 85
16 71 137
10 18 322
6 22 322
19 21 218
7 21 21
43 53 158
28 34 31
11 63 358
12 21 3
14 59 190
25 43 28
8 14 191
31 75 188
59 91 328
3 8 212
29 42 98
63 83 226
36 46 137
6 56 321
10 70 224
22 87 266
23 55 228
49 78 122
59 65 320
16 90 241
33 91 205
27 40 189
58 71 99
7 83 171
28 41 220
34 52 105
37 56 187
21 46 32
1 9 204
70 86 220
41 60 294
18 20 55
39 60 96
16 34 100
39 58 160
15 39 252
28 42 153
11 69 120
36 87 238
23 72 281
18 21 260
11 44 360
9 15 150
7 34 64
21 78 128
4 29 167
52 68 252
28 88 349
8 20 333
13 81 175
40 56 342
20 32 284
11 71 154
3 5 99
52 70 28
66 83 6
9 87 109
45 74 277
19 59 174
11 27 331
9 49 104
39 54 237
12 31 120
5 7 1
21 85 76
16 29 305
24 41 327
20 57 293
14 21 244
16 31 92
33 73 295
40 68 57
16 33 283
38 73 23
5 10 55
16 55 79
24 79 163
24 37 240
10 15 106
8 44 64
32 70 74
10 80 234
47 66 199
52 74 208
3 48 343
3 88 352
33 43 48
7 68 206
2 52 159
1 51 294
24 47 138
20 29 203
23 57 324
2 56 258
3 20 279
6 20 52
21 77 330
9 35 349
4 56 264
16 74 311
11 88 258
20 86 214
41 69 360
35 44 236
69 81 286
37 76 236
49 69 203
20 89 236
26 28 282
52 77 222
30 79 287
40 47 201
51 53 70
7 15 336
11 17 27
3 58 19
8 12 297
18 30 100
30 71 231
39 53 251
11 13 170
37 40 130
49 82 168
32 56 24
48 63 360
39 68 233
52 80 58
7 29 221
20 51 167
37 48 282
9 40 215
2 79 186
34 71 159
19 24 80
3 90 306
16 85 172
14 36 342
12 16 47
39 76 359
12 26 77
24 67 111
32 76 3
39 63 68
1 75 182
47 82 199
25 45 266
13 46 126
21 33 94
54 73 3
39 51 174
9 75 190
18 23 6
17 29 290
6 28 181
19 50 40
2 5 327
26 39 332
21 62 43
2 4 298
26 65 157
81 90 353
7 77 339
5 22 5
37 42 60
18 26 107
2 80 12
10 92 136
8 15 259
45 51 37
18 76 283
23 91 72
16 92 137
32 57 147
77 82 137
30 32 23
60 88 200
50 70 272
39 70 62
20 75 337
1 63 273
58 90 124
1 37 218
54 70 155
32 65 75
18 25 40
2 16 156
16 24 43
12 78 258
4 46 289
25 29 336
15 34 33
43 46 185
39 77 210
28 35 318
21 51 74
3 46 233
8 91 238
35 84 160
7 14 115
20 79 160
23 92 301
15 78 173
68 81 356
15 22 108
25 42 202
10 51 350
54 68 182
4 13 82
34 42 117
59 92 261
23 35 157
53 86 51
24 31 326
22 55 234
5 8 248
41 64 274
34 49 239
58 62 322
53 87 118
38 66 186
17 77 67
12 66 136
49 54 297
22 69 59
41 59 145
81 91 19
2 41 132
21 89 185
10 22 246
46 65 157
4 12 10
30 55 97
1 8 97
66 86 180
27 31 94
14 16 70
19 54 228
8 36 136
46 87 151
6 64 249
31 38 82
11 29 305
19 63 211
73 88 339
31 66 276
18 41 358
21 71 58
6 32 232
22 65 207
45 66 89
5 21 214
9 18 56
33 62 334
14 46 183
28 52 233
32 90 291
40 60 309
33 81 193
23 54 219
28 68 179
7 53 193
32 39 312
40 50 23
20 25 201
26 42 282
27 39 81
52 56 111
13 15 264
23 69 354
18 42 340
10 17 69
5 64 20
63 89 92
25 59 160
32 91 214
6 54 103
23 61 94
14 80 306
4 39 59
24 72 72
7 17 208
22 86 199
30 51 10
68 87 329
64 67 127
19 32 88
35 39 199
27 63 153
72 81 98
67 70 173
10 24 304
49 59 270
57 59 268
13 23 265
41 57 180
28 43 300
14 79 249
46 52 290
5 51 267
44 49 187
18 86 323
11 35 38
40 63 14
9 66 174
46 71 122
65 78 140
58 85 127
15 27 231
41 52 360
58 73 122
44 67 126
6 66 264
46 83 309
46 49 192
14 65 51
16 83 8
44 82 288
50 62 285
8 80 11
4 20 22
22 34 331
7 19 125
50 81 36
32 59 339
4 19 170
32 34 47
24 28 166
23 32 10
42 65 88
21 29 325
22 50 344
42 64 350
16 59 62
48 91 236
59 75 212
31 46 167
9 50 65
49 75 36
70 72 277
53 90 191
21 45 333
10 28 56
53 83 309
5 59 345
27 37 125
5 24 123
24 63 229
36 51 256
28 33 51
1 13 139
28 78 256
13 21 352
69 91 67
24 33 342
54 59 259
1 39 351
24 48 149
14 78 245
26 51 58
48 80 75
77 86 312
42 59 258
20 28 127
84 92 274
13 91 198
15 17 312
52 58 176
11 62 328
8 30 177
40 46 356
6 12 287
9 43 237
15 36 161
26 57 355
7 36 131
49 79 301
15 74 353
57 90 244
26 33 24
35 56 332
11 34 67
22 72 10
14 83 142
57 80 116
13 70 94
58 67 80
4 10 20
26 81 277
16 67 187
12 35 79
1 23 187
38 70 221
36 39 246
2 7 262
34 50 2
54 80 120
59 71 145
4 92 357
43 56 220
5 39 106
3 55 54
2 39 253
9 16 359
42 56 126
19 46 160
17 33 45
48 89 256
8 11 295
20 23 104
37 64 206
23 29 100
24 45 76
12 28 89
76 87 288
23 27 210
41 70 244
34 54 333
56 71 164
37 86 155
33 72 148
2 44 275
55 75 3
62 66 215
45 92 155
10 57 230
29 80 19
2 18 348
9 60 258
35 74 99
76 78 344
68 90 288
2 21 171
2 17 331
20 24 287
41 67 224
48 54 314
37 53 144
11 22 94
11 42 301
31 43 81
37 46 204
11 52 194
17 21 92
6 50 358
27 34 27
27 60 262
4 32 266
58 75 154
22 56 159
7 22 301
68 85 230
4 41 88
15 24 350
84 90 236
50 89 9
41 78 253
12 58 177
6 77 209
33 35 360
5 44 207
41 68 210
38 83 44
20 80 100
20 54 205
4 26 64
24 30 193
78 81 59
7 37 201
9 62 177
49 68 105
71 83 61
24 35 181
14 19 174
51 80 71
56 67 218
19 83 181
21 23 179
3 79 28
16 84 91
10 29 176
18 22 343
13 89 145
42 48 42
24 51 159
60 72 110
39 44 229
21 47 35
6 92 117
20 61 127
38 78 341
43 47 270
37 69 282
42 63 215
20 43 116
25 70 222
3 31 218
32 78 201
32 67 32
2 36 35
10 49 110
16 50 8
49 73 267
63 86 320
38 43 224
13 52 16
1 52 339
11 51 225
29 52 267
12 17 284
12 40 298
61 91 136
22 57 284
28 87 136
53 82 244
66 91 320
62 68 209
62 80 207
17 46 279
33 64 104
32 87 49
20 33 320
2 70 355
33 50 77
41 74 344
25 30 57
64 87 253
8 45 5
66 71 245
26 87 296
2 68 359
31 67 164
28 44 155
8 10 69
21 60 225
3 68 286
49 66 143
22 26 336
22 31 266
57 70 7
46 90 308
11 68 288
24 27 299
4 69 196
19 66 177
48 75 8
6 90 351
71 74 11
38 69 229
39 92 302
6 47 292
13 58 290
42 80 352
27 32 7
39 73 203
1 66 123
20 31 249
6 79 93
55 58 170
23 30 197
30 74 27
33 70 249
4 44 50
48 77 211
42 55 238
34 40 167
3 50 343
29 45 302
65 71 157
5 23 104
5 42 29
43 68 281
6 14 243
48 61 74
46 56 196
47 69 144
47 51 73
6 8 249
61 67 213
26 40 159
8 37 310
11 14 312
9 51 228
63 73 33
37 58 207
75 77 290
29 33 293
47 90 317
58 63 296
31 78 83
8 16 211
2 38 131
3 13 198
55 68 291
56 81 9
56 76 8
21 84 152
23 33 324
29 51 225
5 87 179
4 25 207
38 47 298
9 57 115
44 68 334
15 31 165
3 19 211
60 73 205
21 27 354
24 49 278
59 84 29
7 41 95
13 85 330
43 69 280
16 37 312
37 65 281
35 61 308
22 51 347
6 35 28
7 50 161
73 80 52
57 65 162
2 14 215
44 69 94
62 91 203
26 44 235
6 62 331
27 36 231
6 49 24
12 23 160
48 62 197
52 72 124
69 73 194
63 71 38
11 26 84
19 27 249
25 71 173
39 50 295
62 75 40
13 28 131
2 25 177
1 35 108
6 37 208
27 73 173
32 69 157
13 35 334
25 88 159
12 48 244
17 19 53
41 45 289
3 37 305
54 90 184
14 18 198
14 20 180
36 71 44
61 81 343
45 62 56
45 83 13
50 54 320
23 62 244
62 85 124
6 25 295
5 79 124
4 72 74
14 17 333
11 43 101
31 79 307
31 49 40
23 47 203
47 49 134
19 29 192
24 78 292
17 68 72
36 64 270
36 56 146
53 77 190
13 80 42
42 74 196
5 84 354
3 27 163
5 32 276
6 16 177
35 48 254
9 86 306
33 92 175
3 60 307
2 59 154
6 59 244
28 70 162
3 22 158
23 84 146
41 86 96
6 31 17
45 89 232
7 12 176
21 67 224
29 75 198
18 73 71
44 55 352
8 28 215
28 36 291
4 37 100
21 28 350
13 76 275
35 79 180
49 53 123
25 90 345
36 73 232
32 92 110
7 71 3
28 66 300
4 6 103
57 88 75
14 44 190
4 80 61
19 56 124
11 32 277
63 79 1
18 54 291
7 35 23
1 61 38
50 57 206
4 88 219
61 80 56
2 77 187
63 75 18
3 12 115
68 74 44
3 14 349
14 90 139
46 60 3
32 81 143
44 54 26
4 74 321
23 63 37
1 79 232
48 66 138
5 66 235
43 90 108
18 43 271
5 14 26
89 92 68
34 64 58
18 35 114
25 44 74
75 81 42
30 60 89
51 71 359
24 38 269
56 58 17
76 88 122
56 70 86
14 31 271
41 71 238
14 88 43
7 49 224
18 32 93
31 40 199
9 56 25
37 82 133
4 23 21
8 76 31
12 29 357
4 71 191
44 72 135
20 39 35
22 43 133
18 82 160
24 57 236
15 71 221
53 57 272
29 59 308
14 24 185
76 82 347
21 41 177
1 48 174
36 88 50
30 42 213
39 71 127
32 66 344
2 40 150
40 87 350
30 61 79
8 78 66
20 77 144
15 20 159
8 56 33
65 80 356
60 62 194
6 41 293
32 58 251
25 33 128
40 51 253
58 80 217
5 19 228
43 67 327
18 60 64
29 84 283
42 52 326
5 80 176
26 56 5
10 58 254
24 60 112
3 25 27
36 63 143
17 56 66
65 77 312
11 15 56
49 51 14
1 89 273
5 55 346
18 64 55
12 30 121
29 63 264
6 27 280
10 20 88
52 73 13
30 41 305
24 91 322
24 43 21
21 38 225
61 73 123
4 53 243
22 70 333
16 48 285
70 75 96
21 37 111
43 50 333
26 85 26
24 83 69
47 79 194
68 71 25
32 83 342
24 53 3
18 51 193
12 20 158
31 51 297
33 47 223
26 32 23
7 46 276
18 40 239
51 64 77
8 70 286
2 84 5
10 90 172
10 21 332
32 42 215
17 61 13
26 50 356
4 47 319
4 54 86
15 41 250
42 81 303
39 41 246
1 85 64
60 76 207
11 90 253
7 87 144
34 70 227
64 76 180
30 77 41
48 64 109
21 57 344
56 90 213
2 78 156
7 57 279
42 53 33
22 25 229
76 86 181
7 24 202
69 83 356
53 64 83
21 48 284
80 90 119
32 54 167
6 87 209
50 71 162
20 78 309
19 47 46
10 37 317
3 17 31
22 29 113
6 9 48
15 69 318
64 85 308
64 72 93
8 34 252
9 22 198
12 15 247
34 89 88
25 66 342
16 22 238
25 79 36
57 69 119
2 23 215
83 92 198
53 74 91
12 25 16
36 43 287
8 49 9
41 75 268
36 40 130
25 78 326
28 53 243
3 28 344
21 53 311
22 73 202
25 75 144
13 60 240
4 62 138
77 85 74
17 52 168
20 27 315
56 75 179
15 48 193
30 59 270
26 47 28
17 55 321
12 84 192
22 35 250
44 71 260
55 62 347
16 57 203
24 73 139
19 49 300
6 10 240
21 44 259
16 38 183
21 58 285
29 65 206
44 73 144
34 79 209
22 46 206
41 49 72
37 62 284
85 91 166
24 84 288
49 71 185
11 31 115
28 71 169
55 74 20
67 86 181
32 52 110
8 18 188
56 59 335
41 50 28
52 60 264
17 75 36
13 36 82
36 49 303
48 90 163
22 84 217
28 51 44
6 23 219
24 44 177
51 92 112
29 85 64
66 90 103
28 54 325
10 27 316
2 12 75
7 67 154
8 39 290
16 66 163
2 90 100
50 58 335
80 86 93
7 56 114
4 48 35
8 27 300
45 47 198
44 47 126
41 88 233
61 88 206
75 82 74
13 49 301
50 73 86
10 64 328
38 60 57
9 25 21
27 59 290
58 79 335
12 90 27
35 43 104
20 55 305
58 72 183
4 11 8
23 43 291
62 77 278
23 48 35
61 83 274
26 74 194
14 87 296
7 40 170
48 88 357
29 58 83
7 31 15
51 60 336
20 37 116
3 23 125
84 88 94
62 71 162
16 26 285
26 29 8
22 60 191
14 85 12
37 72 179
30 83 259
56 91 263
13 66 113
31 55 238
79 85 244
19 36 190
26 79 339
8 77 185
3 32 224
13 72 264
50 66 290
19 79 273
20 48 322
9 17 205
8 73 91
35 52 330
47 76 47
3 38 179
15 61 121
10 82 17
38 64 183
31 83 214
10 33 291
22 67 279
39 88 7
25 38 189
8 40 74
41 76 201
17 79 142
45 84 268
44 50 200
30 92 306
63 76 179
10 53 185
64 81 296
32 75 158
37 41 275
9 80 322
4 91 89
6 19 334
42 51 292
27 54 197
5 74 327
2 20 277
3 24 127
13 67 334
53 56 34
74 83 11
35 47 27
20 26 290
18 36 162
14 91 92
5 29 293
51 68 251
74 85 327
55 80 74
11 56 343
49 85 94
52 67 229
1 43 248
6 75 258
22 36 240
29 34 156
79 89 88
27 64 35
29 68 3
37 87 206
72 89 290
23 90 255
52 88 8
33 53 63
1 80 339
21 65 304
12 73 169
26 43 249
14 52 138
45 87 75
69 76 143
1 28 24
33 39 217
9 39 282
9 92 226
15 29 172
7 72 197
76 90 355
55 84 142
9 84 338
27 85 301
1 68 323
53 62 333
19 45 348
9 54 192
11 92 332
33 54 145
34 41 348
5 73 1
39 89 346
18 34 221
4 16 152
29 72 146
17 20 41
23 39 210
28 47 351
60 85 255
22 62 31
8 48 141
25 67 156
4 65 285
14 74 262
48 55 360
5 35 159
38 81 119
56 66 133
9 13 133
5 82 306
31 58 283
35 81 5
59 62 198
9 45 145
31 84 42
2 43 16
17 53 76
47 53 125
67 71 254
12 44 234
13 26 30
2 30 350
59 80 246
34 57 226
7 54 103
22 33 248
8 83 290
16 45 334
6 24 263
32 72 20
24 61 15
26 35 174
24 80 40
53 58 160
50 72 109
65 83 2
14 48 164
54 87 146
8 41 189
36 61 98
11 66 343
41 73 72
33 40 163
55 83 225
45 77 3
6 42 306
9 52 272
36 47 240
8 26 98
42 77 233
20 38 23
23 42 235
51 57 118
36 54 89
8 25 332
7 58 73
31 68 203
10 69 75
