26 325
1 2 45
2 3 6
3 4 101
4 5 7
5 6 49
6 7 71
7 8 12
8 9 35
9 10 64
10 11 112
11 12 68
12 13 9
13 14 122
14 15 40
15 16 85
16 17 107
17 18 11
18 19 78
19 20 42
20 21 117
21 22 135
22 23 1
23 24 62
24 25 24
25 26 43
1 1 27
12 16 86
3 9 112
9 11 119
2 12 122
19 23 12
2 10 100
8 17 99
1 4 58
15 23 90
7 25 22
13 19 48
7 15 109
5 7 70
8 19 35
6 8 136
24 26 94
19 26 12
8 26 109
14 21 54
1 9 42
20 22 104
2 8 4
2 5 57
14 16 14
6 14 125
15 26 93
9 12 45
11 26 50
12 19 77
5 8 19
3 21 25
19 24 136
7 23 91
7 11 129
1 10 96
2 20 91
7 12 138
7 14 90
15 22 80
8 21 2
6 18 90
3 6 7
1 16 86
4 10 14
11 15 129
13 22 132
3 20 8
1 14 40
6 11 61
8 23 44
6 17 53
3 5 82
11 22 99
4 19 116
7 10 81
9 16 81
4 22 102
10 12 104
2 19 95
1 3 34
4 9 19
8 24 91
1 18 129
9 15 75
4 17 14
4 11 40
8 10 130
10 14 88
6 25 13
16 24 123
12 24 137
8 12 113
13 15 78
6 12 52
9 14 127
10 15 36
6 13 72
2 4 6
11 23 95
7 9 33
8 11 23
9 22 41
2 16 76
16 25 29
7 24 43
3 7 108
1 7 10
20 25 137
16 20 63
11 17 70
15 17 38
5 26 50
16 22 107
7 20 117
22 25 34
14 17 100
3 11 88
8 13 132
1 5 36
3 13 140
12 20 31
5 11 123
15 24 132
6 24 26
9 19 34
19 25 70
6 19 110
9 20 39
6 10 66
13 17 82
4 12 24
1 8 126
1 11 3
20 23 16
4 20 136
21 25 101
1 6 28
2 15 64
1 24 66
8 14 63
11 18 121
9 18 97
17 25 84
2 13 31
13 26 5
19 21 137
4 7 20
1 13 12
3 19 81
7 16 126
11 24 128
1 17 57
5 16 93
6 22 61
18 21 109
4 6 90
6 9 98
1 20 82
23 25 1
1 21 131
5 9 109
21 24 91
15 19 70
2 6 137
12 14 16
3 16 68
5 14 102
1 15 68
10 16 43
4 24 3
2 25 14
3 24 92
16 26 56
4 21 131
13 18 13
17 23 30
12 25 24
15 21 101
14 23 123
3 22 29
4 18 18
5 19 52
3 15 75
17 19 132
19 22 100
11 19 15
8 22 22
17 26 49
22 24 129
2 18 81
10 21 123
2 7 123
16 23 101
10 20 64
14 22 38
17 24 63
9 21 140
11 13 5
5 15 135
6 20 58
4 13 122
4 8 103
11 25 60
2 17 70
5 13 80
1 12 5
7 18 43
20 26 109
18 20 111
1 25 115
3 26 53
5 25 59
14 25 105
10 13 11
9 17 7
12 26 87
1 26 6
4 16 114
5 17 6
5 20 67
7 21 135
10 18 85
12 21 121
20 24 5
17 21 9
10 26 49
22 26 18
16 21 76
3 10 90
7 17 20
2 26 14
16 18 59
2 21 107
8 15 56
11 21 123
12 17 23
9 26 4
14 18 15
5 18 8
8 16 35
14 20 112
17 20 22
7 22 137
11 16 138
8 25 7
15 18 57
13 20 41
14 26 29
2 9 65
3 8 58
7 19 135
13 25 126
12 23 74
2 22 3
3 17 98
6 16 103
2 24 7
10 19 66
3 12 125
4 14 39
23 26 88
8 18 18
13 21 62
11 14 95
14 24 50
9 23 126
3 18 35
16 19 89
2 11 112
9 13 67
12 18 9
7 13 55
10 22 66
12 15 53
6 23 123
5 21 61
1 22 107
5 22 101
6 21 87
14 19 115
5 10 137
6 15 108
9 24 38
10 17 124
2 14 59
21 23 123
1 23 10
15 25 43
3 14 89
21 26 75
5 12 25
11 20 30
6 26 40
10 23 131
15 20 93
4 23 39
5 24 29
1 19 85
3 23 25
3 25 114
10 24 68
13 23 130
4 25 28
8 20 125
18 25 138
12 22 107
13 16 128
7 26 123
9 25 79
18 22 4
10 25 44
4 15 55
2 23 106
5 23 8
18 24 66
17 22 67
18 23 130
4 26 22
13 24 4
