44 946
1 2 222
2 3 126
3 4 98
4 5 123
5 6 82
6 7 238
7 8 101
8 9 175
9 10 206
10 11 25
11 12 30
12 13 150
13 14 135
14 15 125
15 16 35
16 17 43
17 18 184
18 19 25
19 20 150
20 21 63
21 22 239
22 23 184
23 24 172
24 25 235
25 26 119
26 27 14
27 28 122
28 29 75
29 30 50
30 31 56
31 32 109
32 33 6
33 34 116
34 35 236
35 36 237
36 37 66
37 38 103
38 39 135
39 40 73
40 41 229
41 42 43
42 43 135
43 44 235
1 8 235
19 22 135
11 40 35
1 3 71
31 37 218
23 40 33
7 27 98
9 17 210
1 31 93
29 44 208
12 38 83
6 10 110
27 29 177
2 4 77
1 4 28
3 11 186
10 27 6
3 18 221
6 17 149
14 17 91
17 24 67
4 17 153
25 32 158
10 32 221
2 5 223
25 44 207
23 42 17
11 42 210
13 15 207
16 30 231
7 19 192
8 31 188
25 41 28
1 13 58
8 42 48
9 15 164
9 23 168
18 35 180
23 38 126
12 15 162
41 43 240
6 42 77
9 16 5
2 23 149
5 24 147
2 6 119
1 1 74
25 31 160
38 44 58
7 21 107
19 32 145
11 41 113
8 25 23
10 13 7
11 13 151
16 37 119
2 13 79
11 23 185
9 36 228
2 11 153
11 17 63
4 6 118
15 35 48
21 26 16
8 13 133
11 24 228
21 27 199
2 22 155
20 34 140
4 10 219
28 37 125
33 41 38
24 31 138
12 43 178
8 28 57
18 31 208
5 10 23
4 21 171
25 33 111
1 21 218
29 37 172
2 21 100
18 33 76
1 5 13
1 6 64
6 11 23
11 15 86
15 23 8
1 9 57
7 13 175
16 28 80
21 31 185
10 12 152
39 44 57
4 7 167
9 39 234
32 38 170
11 20 125
1 39 12
16 29 156
7 36 59
16 24 204
14 36 148
4 8 189
3 42 58
4 12 83
12 14 106
6 30 230
11 26 98
42 44 213
4 11 119
2 9 122
8 27 108
10 25 206
14 30 163
3 27 63
13 39 55
2 43 93
20 29 124
1 23 200
2 16 188
34 39 110
10 21 139
12 30 74
15 32 35
28 33 61
5 28 118
28 42 39
1 15 41
15 19 127
3 7 195
12 25 49
3 23 217
17 25 141
21 39 28
22 33 33
18 25 84
14 26 34
8 44 189
2 19 61
13 27 189
34 40 140
11 22 160
22 24 99
27 38 203
16 18 204
3 30 101
17 43 77
17 35 23
21 34 70
25 42 56
9 26 127
10 29 237
11 14 137
10 19 47
3 19 60
12 18 138
16 40 228
6 18 183
6 9 4
13 28 156
7 9 121
1 18 103
27 44 115
12 40 175
2 42 192
4 26 146
10 37 26
8 10 232
6 8 240
9 38 221
11 35 4
1 7 182
3 8 49
1 11 108
17 28 122
6 31 76
23 29 86
14 21 114
4 29 110
17 30 219
3 5 110
17 36 224
25 28 215
7 29 52
10 43 79
14 27 212
40 43 44
5 16 212
9 14 179
15 34 172
7 16 9
22 44 226
11 28 135
32 41 69
29 33 3
26 34 79
27 34 39
10 38 118
21 30 22
30 39 218
3 24 192
6 27 149
1 22 187
12 37 23
26 41 166
7 23 96
32 34 210
13 41 228
3 36 146
10 16 91
24 38 150
6 22 41
10 20 235
17 21 10
3 26 97
4 9 234
6 19 92
2 14 2
7 42 103
8 11 88
25 39 91
15 42 156
9 42 51
18 36 84
32 39 25
10 22 66
7 12 206
19 33 50
6 14 78
30 44 214
7 10 53
32 43 198
12 19 183
11 18 87
12 23 72
10 41 162
18 23 176
6 34 143
1 17 113
20 31 6
27 30 45
4 19 144
8 23 180
9 31 182
35 40 21
12 16 104
5 18 55
25 35 99
23 30 173
6 12 100
16 19 217
20 32 187
1 26 97
26 30 120
17 31 234
7 31 106
13 31 61
4 43 63
8 16 25
16 38 57
6 25 119
19 37 94
4 23 27
23 25 196
10 23 125
23 33 140
9 11 5
11 39 61
22 36 84
21 23 45
8 40 16
35 41 19
18 34 188
1 14 101
3 29 163
15 17 185
2 15 93
28 34 24
31 35 22
27 31 190
30 34 17
13 40 152
23 41 153
22 37 151
3 34 14
33 35 14
4 31 186
18 22 69
16 31 234
1 42 20
18 42 107
7 37 193
30 41 185
25 38 1
22 27 175
29 36 239
15 22 117
5 42 61
5 29 19
9 40 237
10 40 196
26 36 19
9 33 59
28 36 25
9 13 212
14 19 176
10 15 95
10 35 6
3 20 191
8 22 151
5 21 58
14 34 225
8 14 99
26 38 145
11 30 143
7 17 22
6 38 72
7 15 202
15 40 102
20 28 96
29 35 191
3 13 129
18 38 170
7 34 54
3 22 88
3 6 27
18 21 173
21 35 118
11 32 64
5 22 34
28 32 115
17 19 173
4 15 45
12 42 163
14 37 189
9 18 95
13 30 212
27 41 186
13 32 130
17 44 84
33 44 40
24 28 88
8 21 128
8 12 102
14 22 164
26 28 91
10 31 11
22 42 86
1 10 35
25 27 21
20 41 205
31 40 40
15 33 109
30 42 90
11 33 175
9 30 76
7 18 229
17 20 218
2 32 16
5 17 196
28 44 213
19 24 37
23 34 149
2 18 44
25 34 186
4 16 166
6 21 197
30 36 174
7 26 72
8 33 197
14 25 59
6 26 75
5 11 50
10 14 62
5 23 154
5 26 43
15 18 231
6 15 134
1 38 8
3 17 7
2 40 118
14 16 145
16 22 165
5 13 45
26 37 46
8 34 66
21 42 128
20 36 237
1 24 150
1 28 199
13 37 111
28 39 8
16 21 56
19 36 215
3 43 10
4 30 108
4 18 101
3 44 31
17 40 144
20 33 124
8 15 130
11 44 184
29 38 95
7 25 173
19 28 86
17 27 97
3 37 88
5 8 34
24 33 60
18 27 77
5 9 117
7 22 158
23 26 229
1 35 60
4 42 34
2 10 17
6 20 44
35 38 46
1 41 41
12 39 49
19 38 56
4 34 203
9 35 217
4 22 98
34 37 14
8 24 163
16 25 48
19 39 51
2 31 115
8 29 65
12 17 93
12 44 11
14 18 174
3 9 85
27 32 165
20 22 24
13 29 73
9 20 30
13 34 222
15 27 15
7 24 207
20 25 186
15 36 2
7 30 174
19 26 105
29 39 50
13 44 53
5 27 108
26 32 31
3 33 215
2 26 83
5 30 156
4 41 228
19 30 110
7 14 32
4 28 193
22 26 63
33 37 45
15 28 71
10 33 223
4 14 211
5 41 173
5 7 217
11 31 153
2 8 75
2 29 42
19 43 22
1 20 45
19 31 61
18 37 48
16 41 26
6 23 111
31 38 31
4 20 82
1 29 224
1 30 158
17 22 114
4 33 115
35 44 218
5 37 231
35 42 76
3 10 33
9 41 136
1 37 196
20 38 44
33 39 212
15 44 147
38 40 20
13 22 40
27 43 88
11 34 210
2 17 212
21 37 166
13 26 183
7 41 207
39 43 230
3 14 17
12 34 150
8 18 235
18 26 176
21 24 223
39 42 31
10 18 91
18 20 59
7 11 195
2 7 6
19 44 196
23 39 57
15 37 67
24 35 36
20 43 89
23 31 16
29 40 21
2 37 38
20 26 232
31 41 216
17 33 114
4 36 123
17 23 183
10 26 121
2 28 33
41 44 196
15 39 107
22 25 153
4 44 32
24 37 189
34 41 7
16 23 203
23 37 135
17 42 152
9 19 9
25 37 79
18 30 117
22 32 160
14 23 41
6 16 173
31 33 98
2 41 178
5 38 59
35 37 112
1 25 74
7 33 148
9 25 162
32 36 13
19 42 39
27 35 25
4 24 188
24 29 224
12 22 69
3 15 18
8 20 2
13 19 225
2 36 118
5 32 139
13 25 145
7 35 58
4 38 216
14 20 61
20 44 150
14 35 28
9 12 217
2 20 147
37 43 69
40 44 15
14 32 21
19 23 12
27 33 27
8 17 202
33 42 109
17 29 101
28 31 2
21 40 161
22 28 179
6 36 101
9 37 104
2 12 134
22 34 148
17 37 66
11 19 1
3 39 53
25 40 37
25 29 196
15 26 31
5 44 222
27 42 197
25 36 147
22 30 57
21 28 195
33 43 158
12 36 200
21 32 218
6 37 174
9 28 22
13 38 37
24 27 141
31 44 224
12 32 163
12 29 17
8 19 26
29 34 239
19 21 174
13 20 18
12 26 191
17 34 140
15 30 69
15 25 174
26 29 1
19 41 11
23 32 95
4 25 201
18 32 133
5 33 184
9 21 163
16 36 176
9 24 199
32 44 10
24 39 75
33 40 76
5 12 1
15 20 132
2 44 66
16 27 225
12 27 190
3 12 205
1 36 117
2 39 136
34 36 119
25 30 234
9 27 166
3 16 134
29 41 180
32 42 157
5 15 205
17 32 171
7 32 128
8 37 15
30 35 196
13 17 71
9 32 155
14 41 26
18 41 147
27 39 178
35 39 15
17 39 172
12 35 189
3 25 197
25 43 138
19 27 66
13 23 21
7 20 222
23 44 47
10 44 161
14 40 48
5 34 166
16 34 152
20 30 57
28 30 239
23 27 239
14 24 137
31 43 26
12 28 100
9 44 145
6 40 136
20 39 28
1 27 121
20 23 188
1 19 131
14 31 117
32 35 124
36 38 93
1 33 221
21 44 39
38 41 184
26 43 101
38 42 156
3 32 182
18 29 123
4 27 58
18 44 108
6 13 112
1 16 218
13 43 178
11 37 170
4 39 214
9 29 6
36 44 216
23 28 95
8 32 229
14 29 142
8 35 168
22 41 120
5 39 38
11 16 179
15 29 69
6 29 179
28 41 15
28 40 101
2 25 215
14 42 29
15 21 238
7 43 216
3 21 237
21 25 53
6 35 146
36 39 220
2 35 196
13 16 233
26 42 26
33 38 210
24 43 208
29 43 107
16 26 37
22 31 216
11 29 172
22 43 189
34 38 1
11 27 137
21 41 115
19 35 130
13 35 73
15 24 223
12 20 155
1 43 85
5 40 164
9 22 113
30 43 26
30 37 10
24 42 66
4 35 156
37 39 134
29 42 66
27 40 13
10 34 189
2 38 44
10 36 161
24 32 231
30 32 42
8 41 152
16 44 201
19 40 232
5 19 44
3 35 132
4 13 27
19 29 132
22 38 225
10 24 184
1 12 219
16 42 216
11 36 25
37 44 113
10 28 204
29 31 207
8 26 169
6 44 121
12 24 107
22 35 179
11 25 156
6 24 142
36 40 108
6 41 218
5 43 227
28 43 61
5 14 51
8 36 202
24 26 149
20 24 107
11 21 76
11 38 35
1 40 134
13 18 161
18 28 195
37 40 25
7 39 188
16 32 117
9 43 106
1 44 92
8 43 218
15 41 60
27 37 121
33 36 172
6 28 77
21 43 127
19 25 120
16 35 33
13 42 21
3 38 207
14 44 21
12 21 59
23 35 4
30 40 181
2 27 229
34 44 182
20 42 92
10 30 199
18 40 202
26 44 239
38 43 231
17 26 145
36 42 201
1 32 230
13 21 31
22 29 62
20 27 84
34 42 45
31 36 218
5 36 147
14 43 144
28 35 182
26 35 214
15 43 175
30 33 50
4 40 54
7 38 187
13 33 172
1 34 151
24 30 2
20 37 15
6 43 190
10 42 233
19 34 189
24 34 209
5 20 94
23 43 151
4 37 237
28 38 224
12 33 137
31 42 182
14 33 66
35 43 216
20 35 155
22 39 71
26 40 180
40 42 132
8 39 127
15 31 106
17 41 1
16 43 170
24 41 20
11 43 8
16 33 158
6 39 142
16 20 188
15 38 79
4 32 62
23 36 98
27 36 146
26 31 85
6 32 29
21 36 219
13 24 170
8 38 193
18 39 15
12 31 31
7 44 175
31 34 200
12 41 195
30 38 22
18 24 226
32 37 54
22 40 173
16 39 20
5 31 232
39 41 27
29 32 29
21 38 216
2 34 155
2 33 127
24 44 214
10 17 64
8 30 1
24 36 211
14 38 152
14 28 19
9 34 81
3 28 141
2 24 65
13 36 17
37 41 232
17 38 14
5 25 136
21 33 114
36 41 14
7 40 55
37 42 112
7 28 73
36 43 190
3 31 42
26 39 180
26 33 178
24 40 231
2 30 131
21 29 216
14 39 4
32 40 188
34 43 221
31 39 121
5 35 65
6 33 108
18 43 11
10 39 45
20 40 58
3 40 176
