44 946
1 2 192
2 3 16
3 4 209
4 5 213
5 6 247
6 7 26
7 8 56
8 9 3
9 10 65
10 11 91
11 12 205
12 13 18
13 14 249
14 15 238
15 16 78
16 17 81
17 18 168
18 19 110
19 20 34
20 21 170
21 22 233
22 23 218
23 24 149
24 25 193
25 26 142
26 27 13
27 28 60
28 29 40
29 30 203
30 31 111
31 32 28
32 33 40
33 34 228
34 35 32
35 36 129
36 37 250
37 38 255
38 39 77
39 40 58
40 41 251
41 42 192
42 43 255
43 44 97
6 41 211
2 4 100
8 17 152
3 9 94
6 19 15
1 36 156
1 5 186
1 24 66
10 19 227
19 30 228
2 5 237
14 33 128
2 19 80
15 18 175
17 36 152
13 21 256
6 10 51
8 25 153
35 39 33
5 8 1
17 32 222
13 44 200
23 40 176
3 7 72
3 6 22
5 27 79
2 29 165
1 1 74
9 30 240
41 44 76
12 32 89
15 33 18
15 26 89
30 34 219
16 23 204
1 28 111
1 3 27
10 38 57
24 32 210
12 22 158
17 26 47
4 26 44
9 11 129
7 13 6
12 17 35
15 43 93
14 29 181
1 9 166
33 43 27
32 38 65
19 37 123
13 29 224
23 27 29
12 15 172
5 14 222
2 32 250
1 31 64
24 31 98
2 9 87
27 40 5
18 34 109
18 23 145
4 24 190
6 9 175
3 19 223
8 19 230
23 30 84
8 18 245
14 16 45
18 20 241
2 14 106
3 42 56
31 34 107
16 19 175
28 42 228
10 39 73
2 16 226
14 19 144
3 5 155
2 24 162
10 13 183
23 37 200
26 36 129
25 42 208
3 8 106
1 17 211
24 36 196
4 18 173
15 32 42
7 36 197
4 38 191
4 7 70
29 42 193
4 33 54
6 24 68
3 11 98
22 35 72
3 39 235
20 41 63
13 26 163
9 21 251
37 39 3
1 39 210
24 40 214
1 4 42
11 36 99
16 20 201
7 10 187
3 10 11
6 17 85
2 12 92
18 21 146
5 10 56
16 43 33
5 32 106
12 21 214
4 6 19
36 39 181
31 39 8
14 27 67
12 16 222
24 27 3
6 27 27
7 17 191
9 15 226
2 6 137
3 14 32
3 15 45
11 25 197
21 26 166
32 36 217
2 15 253
11 15 257
2 13 246
26 30 20
7 41 243
15 41 131
7 28 3
6 14 66
22 36 216
10 12 199
5 15 77
27 43 160
24 28 110
24 39 229
26 34 61
20 38 87
3 35 196
5 18 209
14 36 85
8 13 168
22 26 92
3 30 213
7 14 190
19 31 94
1 34 114
42 44 98
1 22 171
27 30 109
25 29 136
11 22 179
25 41 121
10 32 89
6 22 44
10 31 12
24 33 199
13 17 84
8 26 62
1 14 242
26 35 235
2 35 160
14 42 163
18 44 161
5 22 178
14 17 156
18 22 31
7 39 82
1 10 162
3 27 8
17 24 142
17 39 151
13 16 18
2 28 75
18 31 247
9 22 246
1 16 161
19 34 8
5 7 180
15 30 254
10 15 64
17 33 250
30 33 252
14 23 153
25 37 59
13 19 70
23 31 112
21 35 242
19 22 254
5 20 16
7 40 97
1 7 108
36 42 44
30 38 85
8 23 64
10 34 20
13 18 21
15 40 195
7 9 219
12 18 165
15 19 226
7 15 30
32 42 162
29 32 67
1 41 227
8 41 175
3 28 208
6 13 174
18 29 119
28 39 176
1 21 90
34 37 198
38 42 114
17 34 145
17 23 230
2 36 51
22 40 31
2 8 158
3 21 105
8 24 82
32 37 225
5 16 3
30 32 105
10 42 248
27 41 146
28 40 33
1 6 99
2 40 10
29 31 158
19 33 21
15 37 6
11 17 260
4 28 134
4 36 234
4 9 259
9 34 143
5 28 238
10 36 215
11 32 4
1 8 102
5 26 122
13 15 134
19 41 225
21 37 65
1 13 219
4 41 143
21 29 56
19 32 231
9 44 130
29 43 59
12 23 255
17 41 146
2 23 256
22 29 136
14 22 62
14 20 216
5 9 222
18 42 61
7 16 140
17 35 159
10 28 145
20 42 82
10 17 56
11 29 126
19 36 235
16 25 194
16 27 6
3 22 200
5 29 28
4 16 61
28 37 189
12 27 214
16 30 208
8 35 214
8 16 19
22 31 19
11 24 186
1 20 153
7 35 62
14 24 258
5 17 17
4 34 182
13 24 61
17 21 43
2 39 240
31 37 46
5 11 121
23 29 216
11 33 84
7 26 6
21 39 8
17 19 100
16 42 114
12 34 181
9 17 107
7 23 155
16 38 105
9 12 200
4 17 246
15 29 105
1 29 116
2 26 179
26 41 241
21 24 191
12 25 52
10 16 238
7 12 160
15 20 224
1 32 116
11 16 253
5 12 116
16 28 113
26 29 119
16 22 259
6 18 59
6 31 6
4 44 258
8 29 75
13 38 51
26 31 178
2 17 14
24 29 5
18 26 34
18 33 114
2 27 5
21 44 33
22 27 136
12 41 133
13 32 2
29 37 69
3 13 150
5 31 51
11 20 215
23 28 11
32 34 213
12 39 137
16 33 22
4 42 54
18 36 151
27 34 120
7 30 194
27 37 206
12 28 260
2 20 43
30 37 18
8 36 227
4 37 158
5 35 178
7 19 84
13 36 29
13 20 221
15 21 256
10 14 114
9 14 227
13 27 188
11 23 187
10 21 98
12 38 15
4 21 95
2 31 177
33 41 257
5 43 137
4 19 69
25 44 171
22 25 112
22 37 72
23 36 11
20 40 144
1 18 100
1 11 203
29 36 173
4 11 179
4 12 203
7 20 227
1 15 46
18 30 7
7 11 25
9 27 201
6 44 79
6 16 179
5 42 5
4 14 198
37 40 142
38 40 216
13 42 215
2 10 204
6 21 57
8 15 234
21 30 229
21 25 99
6 20 88
20 33 1
5 34 204
20 26 115
7 34 124
16 21 62
23 44 5
7 42 17
18 35 118
17 29 110
11 18 6
13 39 176
27 38 168
6 33 55
9 39 13
18 38 228
8 21 220
21 27 28
9 37 26
16 36 135
9 29 147
7 38 228
3 25 57
28 41 52
24 34 157
34 40 25
15 25 37
13 33 126
6 37 14
7 25 34
1 40 251
2 11 165
13 37 243
9 20 4
25 40 215
1 27 243
20 25 9
2 33 54
17 28 60
4 22 57
3 20 24
20 28 152
19 38 137
6 11 196
25 32 120
11 41 156
24 35 19
11 28 95
17 25 33
25 36 45
15 24 61
23 33 135
16 32 16
16 44 208
17 40 213
3 16 136
24 30 19
27 36 185
7 32 77
21 38 132
15 36 82
6 25 77
15 17 93
5 23 165
2 44 49
7 21 74
24 42 104
19 23 78
8 22 37
7 33 196
9 36 223
16 34 234
15 42 149
2 18 90
23 38 253
18 40 86
17 20 86
25 30 243
4 8 20
17 30 68
8 10 195
5 19 190
14 25 172
3 38 211
19 39 213
19 25 242
9 24 26
20 30 93
8 12 134
2 37 37
25 33 212
19 43 139
20 23 244
30 36 244
28 43 85
15 38 232
4 13 35
2 7 167
6 23 136
11 27 90
25 28 153
12 14 153
7 18 69
10 20 115
12 29 29
11 31 111
12 43 53
5 37 241
7 24 207
23 39 21
15 22 69
20 24 61
6 28 38
38 43 240
16 29 257
9 25 85
19 42 165
17 44 33
9 26 90
35 38 98
16 41 154
1 26 127
20 39 248
30 43 138
7 37 78
8 37 143
14 34 159
14 18 166
22 44 206
22 33 61
18 37 144
23 25 119
3 31 168
20 34 195
12 35 219
8 34 182
12 19 88
10 18 227
21 40 5
10 27 10
25 34 8
39 43 250
9 33 102
14 26 104
17 37 27
27 44 225
4 31 69
22 38 201
9 28 8
2 21 227
9 35 227
6 8 36
18 25 13
13 40 63
27 32 184
8 44 157
8 40 145
12 37 78
37 43 20
30 41 96
30 44 85
31 35 51
20 37 66
10 43 125
9 13 139
23 43 12
25 39 124
8 30 111
21 28 227
6 32 27
6 15 89
14 21 144
4 10 204
22 30 240
4 27 109
11 14 117
2 22 178
12 20 227
15 39 204
26 28 141
29 41 43
5 33 22
8 11 209
22 28 168
11 42 84
13 23 82
36 44 257
13 22 222
21 42 66
30 40 132
9 18 186
10 22 92
26 39 100
32 35 12
1 38 133
13 28 150
29 35 210
34 44 229
9 42 202
1 23 47
11 44 47
22 39 58
25 35 242
9 16 141
20 43 121
10 33 124
31 38 75
20 29 146
3 40 169
13 25 181
11 19 226
6 36 254
27 29 47
4 35 144
34 43 242
28 35 77
19 29 70
1 44 159
17 42 103
15 23 52
31 42 119
25 43 4
23 42 17
24 38 45
13 35 168
19 27 84
8 33 77
4 25 148
18 27 51
1 30 247
26 33 62
8 39 201
15 27 230
1 42 117
4 20 177
14 31 60
8 14 128
1 25 95
8 28 208
21 23 252
12 36 60
10 41 131
8 20 27
27 33 135
2 42 223
3 29 59
3 17 145
7 43 61
34 36 122
31 36 47
8 32 151
11 35 198
19 40 206
2 30 14
18 28 115
14 32 54
31 40 89
19 28 181
7 44 115
13 34 153
34 38 81
1 37 170
3 12 141
10 26 108
6 34 115
20 27 166
4 30 76
18 43 98
17 27 16
2 38 260
37 44 244
14 43 223
26 32 83
1 12 228
19 26 79
3 26 234
16 39 73
34 41 178
6 35 183
34 39 237
25 38 255
6 26 73
18 32 202
10 35 164
3 44 96
3 24 258
15 44 206
35 43 183
6 29 150
40 43 235
23 35 189
6 39 73
4 15 131
11 37 95
40 42 90
20 22 20
11 34 128
3 32 86
24 43 25
27 42 141
11 30 59
8 27 68
12 30 186
29 38 187
17 38 157
16 31 110
12 33 251
14 44 232
12 24 14
15 35 65
24 26 95
7 29 94
11 21 171
11 38 245
15 31 183
6 30 112
16 18 119
12 26 162
36 40 257
10 25 89
14 39 207
37 42 84
5 25 165
33 39 34
6 40 256
35 44 132
21 34 27
16 24 255
28 31 49
7 22 235
33 36 125
8 42 166
25 31 28
11 39 143
23 41 76
9 41 187
31 43 239
28 38 166
11 40 218
36 38 193
35 41 247
11 26 54
27 31 63
14 41 34
10 37 230
1 35 162
5 38 197
31 44 33
9 23 148
24 37 188
9 43 255
28 32 71
21 33 107
22 43 153
16 35 27
6 12 103
41 43 52
4 29 97
9 31 90
16 40 130
21 32 141
17 31 196
30 39 134
2 41 75
2 25 57
19 21 221
27 39 230
8 38 177
13 31 214
3 23 171
5 21 151
38 44 94
31 33 182
11 13 65
33 42 110
26 40 115
4 23 133
24 41 79
30 42 12
14 35 246
12 40 47
35 42 173
37 41 130
29 40 90
21 43 147
10 23 45
5 13 9
29 39 176
1 19 193
12 31 80
19 44 85
14 38 75
5 39 84
14 28 114
33 37 160
36 43 194
10 40 47
1 43 86
5 24 67
12 42 33
19 24 13
14 40 147
33 38 41
21 31 76
29 34 126
32 44 126
25 27 110
22 32 144
4 40 177
9 40 36
35 37 8
14 37 225
38 41 130
16 26 188
13 43 192
9 19 66
12 44 260
3 37 119
6 38 187
26 43 154
4 32 190
11 43 10
33 35 152
32 43 250
10 29 96
14 30 133
26 38 16
20 31 80
28 34 204
5 44 33
35 40 51
20 35 245
20 36 245
22 41 91
15 28 185
16 37 211
32 40 8
5 41 196
15 34 73
21 41 192
3 33 198
40 44 197
28 30 150
20 32 25
5 30 70
39 44 30
29 44 6
29 33 220
7 27 8
39 42 65
30 35 208
23 34 50
2 43 163
8 31 118
3 41 126
6 43 212
28 33 135
6 42 47
20 44 162
23 26 178
32 41 242
18 24 126
9 38 165
22 24 198
34 42 208
23 32 166
17 22 85
19 35 233
10 24 10
13 30 220
22 42 257
17 43 173
3 18 244
26 42 206
3 34 48
4 43 137
10 30 247
9 32 213
24 44 134
4 39 169
8 43 83
33 40 48
13 41 69
3 36 5
39 41 26
5 36 191
26 44 137
33 44 108
5 40 106
26 37 23
32 39 2
27 35 156
21 36 8
36 41 99
2 34 88
18 39 184
31 41 85
22 34 252
28 36 31
18 41 184
1 33 13
10 44 138
7 31 113
3 43 31
