22 231
1 2 7
2 3 11
3 4 120
4 5 31
5 6 45
6 7 85
7 8 10
8 9 20
9 10 117
10 11 105
11 12 35
12 13 77
13 14 54
14 15 51
15 16 58
16 17 78
17 18 3
18 19 3
19 20 117
20 21 96
21 22 52
3 11 2
14 22 31
8 14 68
7 11 27
2 5 89
7 13 33
3 19 43
1 13 11
1 9 106
4 7 33
13 20 31
11 16 95
12 18 6
5 7 53
4 6 59
14 21 20
13 18 102
4 13 78
7 14 49
1 4 9
1 1 54
2 16 42
3 9 96
3 12 26
10 22 65
4 19 108
7 18 85
7 9 113
4 22 36
13 19 97
1 15 66
2 15 40
1 3 79
1 5 117
2 12 20
1 11 38
10 21 46
6 8 16
10 12 4
11 15 48
4 8 51
17 21 15
2 4 51
1 10 114
2 14 32
12 15 77
9 12 96
10 18 57
4 9 25
8 10 65
1 14 8
6 18 24
2 20 85
2 6 37
3 5 63
4 12 53
5 11 26
10 14 94
2 13 30
3 17 88
8 13 113
9 13 67
10 17 20
7 17 54
4 20 117
1 22 103
6 21 66
13 17 118
6 14 76
8 15 75
9 18 94
5 21 67
15 18 58
3 18 70
6 19 94
4 16 11
16 21 52
7 12 111
7 21 16
7 22 48
2 18 116
13 22 40
7 10 88
15 20 79
2 8 99
15 19 108
5 18 63
3 13 61
4 10 104
5 16 116
8 22 24
6 11 13
9 11 18
11 22 87
8 12 14
16 19 92
13 21 61
4 21 89
4 11 76
3 10 28
1 7 53
8 11 25
2 9 15
13 15 33
14 16 84
11 19 75
6 15 52
5 8 86
19 21 5
16 22 85
6 13 63
5 9 68
5 17 56
13 16 50
5 13 110
5 22 107
3 15 113
3 14 49
9 15 99
16 20 107
11 13 82
9 19 30
1 19 33
1 18 84
3 6 16
8 16 102
18 21 72
7 20 118
20 22 52
5 19 75
15 21 78
1 16 55
4 14 48
6 12 2
10 13 79
9 17 87
5 15 33
5 10 50
8 21 89
11 14 12
9 16 37
12 17 70
3 8 21
14 17 108
9 20 6
17 20 82
6 9 36
10 19 44
11 21 73
6 17 13
1 6 68
2 22 62
3 22 46
12 14 11
2 7 66
14 18 46
1 8 54
5 14 99
5 12 20
4 17 98
19 22 109
11 18 96
9 14 84
12 16 74
17 19 110
2 11 98
11 20 10
3 20 18
3 7 54
4 18 84
3 21 37
12 19 94
6 20 86
2 19 72
1 21 57
18 22 47
4 15 76
17 22 32
1 12 17
8 20 44
3 16 92
11 17 42
12 22 61
8 18 65
6 10 110
5 20 10
2 10 103
14 19 90
7 15 1
7 16 70
15 17 78
10 15 96
8 17 85
12 21 37
10 16 59
7 19 112
9 22 68
1 17 49
2 21 25
2 17 83
10 20 48
12 20 72
18 20 87
15 22 41
16 18 25
1 20 112
14 20 113
6 16 3
8 19 117
9 21 36
