20 190
1 2 62
2 3 23
3 4 75
4 5 84
5 6 7
6 7 29
7 8 5
8 9 93
9 10 14
10 11 72
11 12 58
12 13 55
13 14 89
14 15 67
15 16 8
16 17 85
17 18 66
18 19 8
19 20 74
12 14 40
4 8 92
1 8 38
15 18 65
1 3 100
1 1 6
5 9 3
3 9 56
3 8 30
13 15 48
5 20 86
7 11 31
3 7 86
3 17 85
1 4 98
4 6 86
14 20 86
10 14 90
2 16 63
3 6 69
3 10 95
10 18 58
1 19 99
7 14 17
2 20 79
1 18 68
8 15 58
3 13 60
7 10 13
1 5 43
3 18 57
4 16 83
6 18 89
11 18 85
10 20 13
3 12 95
6 9 13
11 17 90
3 15 45
5 11 2
4 10 79
2 9 13
1 13 37
13 20 50
2 4 12
6 12 68
9 11 97
9 18 6
3 19 28
12 17 64
9 20 62
1 6 45
4 12 20
6 11 91
10 17 58
4 11 69
2 6 69
2 11 82
10 16 79
9 13 90
8 11 65
12 19 87
1 15 42
2 15 54
1 10 79
4 7 14
9 14 15
8 17 27
4 15 12
9 12 58
4 9 29
6 16 32
4 14 100
11 13 95
6 19 68
3 5 1
1 17 13
4 17 81
15 20 85
7 9 79
1 16 45
2 13 77
2 8 88
14 17 90
15 17 25
8 13 39
6 10 35
12 16 75
5 19 9
15 19 31
5 18 1
5 10 43
7 16 41
8 16 25
2 7 38
7 12 33
2 5 40
5 8 36
11 19 12
10 19 37
12 15 16
8 12 92
11 20 31
10 13 97
1 11 8
5 12 85
7 15 71
5 15 39
8 14 89
11 14 14
8 10 31
8 20 16
7 20 23
2 12 90
7 19 91
11 15 78
6 14 6
3 11 21
14 18 61
3 14 45
5 7 6
16 19 49
17 19 74
1 9 9
5 13 26
14 16 65
8 19 36
6 8 40
1 7 66
4 13 8
4 18 25
2 14 31
6 15 9
2 10 44
9 16 93
13 16 13
10 15 50
12 20 38
9 17 6
12 18 65
1 12 24
16 18 38
6 20 72
13 17 29
7 13 6
13 19 65
7 17 85
9 15 13
6 13 69
1 20 8
8 18 58
3 16 63
5 14 28
4 19 23
16 20 100
10 12 9
5 17 96
11 16 27
9 19 42
4 20 53
7 18 22
14 19 50
1 14 83
6 17 87
18 20 5
5 16 87
2 18 82
3 20 92
13 18 15
2 19 14
2 17 9
