92 4186
1 2 371
2 3 379
3 4 122
4 5 206
5 6 340
6 7 363
7 8 173
8 9 192
9 10 298
10 11 96
11 12 261
12 13 180
13 14 300
14 15 84
15 16 160
16 17 185
17 18 325
18 19 248
19 20 20
20 21 358
21 22 314
22 23 352
23 24 73
24 25 171
25 26 230
26 27 109
27 28 51
28 29 4
29 30 123
30 31 245
31 32 270
32 33 15
33 34 370
34 35 286
35 36 125
36 37 140
37 38 195
38 39 23
39 40 139
40 41 313
41 42 327
42 43 56
43 44 249
44 45 172
45 46 300
46 47 8
47 48 104
48 49 380
49 50 68
50 51 64
51 52 138
52 53 279
53 54 218
54 55 262
55 56 68
56 57 81
57 58 208
58 59 130
59 60 51
60 61 31
61 62 310
62 63 325
63 64 373
64 65 190
65 66 224
66 67 143
67 68 354
68 69 108
69 70 43
70 71 128
71 72 335
72 73 142
73 74 334
74 75 247
75 76 176
76 77 263
77 78 175
78 79 202
79 80 66
80 81 8
81 82 183
82 83 309
83 84 101
84 85 368
85 86 233
86 87 33
87 88 242
88 89 235
89 90 59
90 91 197
91 92 162
9 91 260
41 52 57
22 25 309
71 74 150
11 17 159
46 52 97
3 53 54
19 73 236
14 28 120
42 72 167
1 22 24
24 51 266
32 83 138
15 20 212
2 4 243
4 50 198
46 92 280
34 51 169
43 63 230
37 46 307
6 42 367
26 47 126
24 54 46
16 85 118
5 17 207
2 60 61
24 46 253
68 71 226
68 76 120
11 48 122
6 69 247
4 7 59
1 33 149
41 78 106
37 43 108
4 66 199
27 79 274
20 39 287
12 70 359
22 31 107
19 43 257
38 45 124
1 27 249
7 53 268
21 23 301
19 27 159
12 81 221
12 27 6
71 76 316
13 20 55
41 59 238
34 59 211
12 75 181
83 88 289
7 41 17
29 62 63
31 39 75
5 10 292
59 63 305
4 17 72
7 12 158
52 55 213
2 31 161
4 15 34
8 39 7
1 1 270
68 90 237
48 81 259
3 66 287
11 37 123
47 60 210
19 28 290
49 59 51
3 18 295
3 20 115
68 81 220
34 89 226
52 82 379
64 87 330
34 61 252
5 65 201
51 83 318
7 9 132
8 58 119
20 22 96
1 49 239
27 29 243
7 17 149
34 44 151
6 9 265
31 51 258
9 85 95
43 80 110
69 88 326
31 37 87
32 52 379
7 46 17
20 87 348
14 53 294
12 43 288
22 66 316
63 83 216
29 52 170
55 78 17
71 75 218
24 36 108
4 6 209
2 10 129
22 76 145
16 70 121
27 64 131
1 4 119
1 5 2
8 13 186
33 79 266
10 55 152
82 91 351
16 27 310
16 34 226
17 80 206
4 13 234
55 57 123
6 12 15
31 63 275
32 34 307
9 66 218
11 56 341
35 82 234
18 47 211
11 13 196
8 36 141
17 90 266
2 26 239
64 66 4
68 87 366
2 66 257
60 67 124
34 53 102
65 85 122
15 28 245
27 44 322
3 17 140
59 88 95
36 59 194
3 89 170
23 79 339
15 83 255
45 81 112
2 35 344
20 79 66
18 31 118
16 21 261
47 79 45
2 16 234
8 69 170
4 32 348
35 53 363
35 66 184
35 69 25
16 91 119
17 35 59
82 90 266
87 89 154
1 8 349
2 36 225
56 67 256
54 90 334
6 63 274
13 33 302
5 41 174
10 38 349
40 75 109
1 58 260
19 26 81
9 42 52
56 79 165
19 36 210
3 6 371
77 80 84
16 31 285
7 60 24
12 21 371
9 15 32
57 63 158
35 77 71
1 7 186
37 63 134
16 22 206
19 23 363
45 67 324
41 73 115
10 57 110
4 18 256
17 34 16
4 54 289
6 62 296
9 24 3
22 84 339
32 38 243
36 78 60
5 25 328
1 3 168
6 11 302
7 59 331
15 69 114
41 53 227
10 39 243
34 56 4
1 9 259
8 26 272
12 23 308
35 55 330
14 37 215
7 63 5
9 34 182
9 36 129
50 59 137
16 79 58
24 80 298
14 72 116
34 45 362
17 73 72
2 25 187
1 35 20
16 40 314
11 21 310
24 83 162
46 87 53
11 50 211
34 40 246
21 37 22
22 80 25
23 55 11
35 61 380
14 31 15
25 45 22
42 46 373
4 23 209
9 11 224
39 42 181
12 26 4
20 26 198
12 22 353
2 17 342
52 88 98
60 87 186
24 34 368
23 30 245
23 57 270
8 16 253
47 51 101
38 67 249
23 87 86
14 82 159
27 43 338
14 18 202
13 87 200
1 44 224
10 25 50
9 39 342
41 68 243
5 48 246
39 57 332
18 51 138
5 40 104
40 78 126
2 8 303
32 58 182
24 44 243
25 78 60
3 26 320
27 31 13
41 46 142
16 74 206
7 81 61
24 27 162
11 54 54
20 30 20
13 23 360
61 64 101
21 61 99
2 5 361
40 56 9
22 33 87
6 18 151
51 87 196
13 22 225
15 45 148
28 30 344
18 87 319
3 34 47
29 50 346
44 83 85
10 22 98
1 18 126
6 15 102
18 25 222
7 13 55
8 30 71
12 51 199
2 6 124
2 18 50
35 39 225
6 50 137
24 53 32
8 79 6
16 90 199
3 85 99
11 86 103
27 49 327
28 48 175
6 29 244
20 77 277
35 41 378
29 91 289
38 40 113
23 27 204
3 11 216
37 75 69
51 85 198
9 29 98
27 30 313
56 64 124
31 45 257
9 72 375
12 84 99
44 75 375
19 75 163
4 11 271
23 33 96
21 65 14
18 60 294
13 39 30
28 52 266
7 68 249
13 29 380
46 58 261
6 89 93
42 44 339
28 54 219
48 65 23
12 47 72
29 33 263
12 17 326
39 45 342
43 67 253
14 49 119
20 25 158
32 37 339
15 52 37
69 76 87
35 72 263
18 23 245
31 38 268
49 60 98
19 21 101
2 78 149
2 11 254
1 12 98
52 68 376
74 84 60
30 64 310
42 59 27
8 10 377
6 26 228
13 72 363
10 28 259
12 14 359
13 28 37
45 55 175
39 64 336
46 67 9
49 90 174
6 10 135
30 42 280
69 75 21
55 61 207
29 76 192
23 54 273
19 88 364
22 40 321
49 57 63
35 68 301
70 84 345
30 72 349
14 26 164
56 69 150
55 86 278
25 36 291
43 48 132
8 19 188
45 68 181
35 38 41
18 57 265
20 32 257
8 12 243
33 37 198
69 72 5
43 66 86
9 53 171
3 68 42
56 70 119
37 39 266
9 26 146
1 31 185
27 82 138
35 80 164
7 32 150
19 60 52
57 86 139
29 79 225
13 16 23
48 68 128
5 14 241
19 55 168
28 37 140
36 44 1
7 34 226
22 26 250
9 75 37
12 20 343
10 43 296
33 47 321
10 27 260
45 56 188
7 21 40
8 67 28
29 58 350
17 23 202
21 27 13
10 23 324
4 56 155
22 79 224
66 75 174
17 86 280
72 76 213
17 19 218
67 77 276
15 60 194
24 42 178
61 82 235
32 66 95
7 22 59
81 91 72
22 57 14
68 88 101
22 59 281
15 56 228
23 67 305
3 39 258
10 15 18
57 73 320
9 73 227
38 57 248
23 59 66
44 74 245
1 11 134
21 58 234
25 40 125
11 74 335
14 61 70
14 24 329
7 62 242
15 67 142
6 78 360
78 86 218
1 15 68
20 34 133
3 14 320
5 60 187
3 8 58
11 51 327
2 24 309
13 50 223
66 86 149
20 82 266
62 82 91
80 87 294
6 8 251
22 39 367
43 73 187
11 22 368
53 56 74
65 80 175
26 65 368
55 59 360
7 19 165
74 80 197
7 15 152
47 61 59
37 54 80
43 52 14
67 73 121
13 68 320
31 86 150
7 11 196
27 90 110
1 14 208
13 43 196
2 67 72
20 74 372
23 83 34
13 31 91
54 61 164
8 33 148
7 42 121
50 55 355
3 51 22
79 81 59
15 31 300
18 26 163
79 83 102
21 62 31
39 62 103
80 86 323
66 74 162
16 20 230
52 65 28
10 12 93
31 70 323
23 62 219
26 45 144
7 55 334
26 39 185
10 20 249
41 62 4
26 40 53
38 86 359
18 30 32
12 64 140
26 37 248
2 52 189
17 50 156
1 53 341
4 33 273
73 78 377
48 55 168
68 82 345
18 33 295
25 51 253
4 19 3
14 29 306
22 34 57
40 69 365
36 52 321
12 37 301
58 70 369
38 52 18
17 67 125
60 64 211
21 44 358
48 53 144
5 15 177
63 72 56
57 84 274
3 48 345
58 86 220
14 41 333
71 88 266
36 48 156
8 24 21
50 80 90
73 92 120
18 38 81
57 68 236
22 30 272
43 83 11
35 52 110
56 73 124
28 49 294
51 73 126
18 90 133
15 90 34
15 34 68
9 14 197
58 65 93
28 36 369
9 35 114
9 23 45
16 88 187
14 16 283
36 39 234
47 75 280
8 31 20
41 82 177
64 91 60
12 29 369
43 74 278
58 60 337
43 55 60
35 62 162
55 83 154
65 70 317
80 83 127
9 12 211
17 31 336
10 42 273
36 42 29
18 40 35
11 47 307
30 34 22
34 37 17
10 53 199
4 31 54
31 52 336
55 67 95
5 32 48
69 89 166
47 50 155
45 70 165
32 72 362
39 52 241
38 49 38
7 91 25
8 35 120
5 53 14
2 23 304
44 90 332
2 70 94
21 45 218
55 84 164
39 92 83
30 35 164
49 54 188
15 36 374
15 37 34
32 53 60
8 11 267
12 19 5
36 46 300
63 84 88
32 88 20
14 92 202
9 71 322
8 66 80
61 72 236
46 51 344
3 33 114
54 80 2
21 29 366
3 5 86
45 61 66
60 65 310
32 71 80
2 9 329
5 30 159
36 55 178
53 60 122
6 13 167
27 80 345
4 35 224
59 79 364
16 62 108
33 69 166
3 23 153
15 18 77
40 86 337
19 22 61
36 41 214
6 24 158
15 53 250
67 85 341
27 66 246
34 47 206
32 54 200
20 61 260
30 41 378
24 79 331
49 74 5
6 31 324
11 31 64
79 86 275
11 44 44
3 44 231
52 78 356
3 9 244
67 74 316
74 87 257
27 39 279
10 16 304
12 34 46
69 92 18
29 90 233
9 16 279
49 91 8
72 77 17
48 56 166
16 41 353
12 16 211
31 61 93
5 23 55
29 48 66
5 28 161
33 92 68
20 49 110
37 86 296
14 21 291
50 56 141
51 80 194
2 12 99
40 76 42
3 30 64
41 91 238
78 82 369
7 14 24
12 24 82
25 57 155
3 45 361
11 70 124
20 29 218
7 87 116
1 77 310
25 79 328
9 68 94
4 57 270
37 89 120
56 59 330
19 33 312
20 52 237
23 28 73
30 49 175
14 86 78
10 40 121
17 76 236
9 40 261
54 83 92
1 46 372
42 75 100
19 77 338
31 65 69
67 69 271
27 81 132
30 39 211
67 79 289
19 53 10
10 79 152
29 32 309
21 53 165
43 58 294
19 81 360
33 52 98
67 75 47
55 88 81
26 87 41
75 87 281
48 72 86
49 73 199
47 56 93
31 75 212
3 10 307
9 19 337
2 46 26
6 36 119
86 88 20
9 20 146
31 60 143
6 28 71
7 29 217
46 63 220
7 64 165
4 26 294
1 6 167
3 37 139
21 85 376
36 82 10
31 56 256
37 69 199
57 69 133
36 58 149
9 21 86
49 69 131
59 87 375
41 92 62
20 78 162
3 16 37
15 42 87
10 82 326
4 29 59
20 36 170
19 37 235
7 10 73
5 26 256
53 66 206
14 62 191
2 21 174
31 62 169
5 62 263
11 42 10
41 49 264
78 90 298
38 77 101
21 25 336
62 80 27
8 80 31
23 32 126
60 73 77
66 70 320
29 43 15
6 39 340
23 91 143
32 51 331
64 81 360
3 28 268
42 48 251
54 63 32
39 60 68
24 76 119
25 53 167
43 86 214
19 65 88
72 84 79
39 50 132
47 54 71
8 21 239
16 52 206
43 72 246
30 58 106
3 13 200
4 27 96
19 38 335
19 70 15
15 23 246
30 45 154
15 82 38
7 67 271
16 35 16
38 85 292
4 9 4
27 46 298
38 61 82
24 40 233
30 38 379
72 74 161
21 33 327
18 24 369
31 67 212
17 22 316
65 86 257
15 80 314
23 25 337
71 81 372
23 35 24
8 14 276
65 74 142
22 62 358
58 61 323
58 82 208
12 44 231
5 39 227
41 58 103
17 85 277
2 19 346
4 37 370
10 75 37
28 82 43
68 85 63
42 88 349
10 45 62
3 87 178
74 91 124
35 86 82
24 26 353
26 92 252
34 41 215
29 77 136
6 51 43
16 26 335
5 11 10
2 62 258
30 82 33
54 72 322
70 72 89
34 68 212
20 63 120
32 45 141
2 22 180
3 58 366
11 53 247
15 70 313
59 76 166
5 12 77
7 89 27
44 69 219
61 92 349
25 88 152
17 41 94
14 43 302
52 71 110
17 32 274
7 45 51
5 8 242
23 69 371
44 50 164
26 41 37
9 45 247
25 43 118
29 68 213
54 88 357
4 28 61
2 74 136
67 82 324
11 19 12
29 66 254
70 89 144
3 32 160
53 92 355
7 26 42
15 50 101
6 49 181
30 73 235
52 89 176
30 57 254
32 42 307
29 86 289
19 64 170
20 42 274
15 21 65
50 53 150
24 57 180
1 87 8
14 44 274
19 45 115
59 86 333
11 61 373
17 38 365
57 77 314
18 39 83
17 24 279
27 36 208
1 32 132
30 83 36
15 19 263
25 38 267
46 77 192
46 76 124
25 52 252
53 84 309
18 20 338
2 28 230
26 79 245
49 51 247
43 77 374
22 32 293
54 56 94
42 84 58
32 73 371
21 83 353
27 33 301
5 58 186
3 74 322
8 44 355
17 78 104
70 85 117
53 59 255
18 28 360
84 89 301
67 90 323
51 67 327
57 82 125
23 29 196
6 19 70
54 60 5
16 36 170
19 61 191
47 80 79
18 22 185
22 41 319
9 31 106
8 29 261
5 16 325
28 75 138
19 79 148
15 17 57
23 78 21
7 16 73
9 46 136
36 80 213
28 65 27
6 40 223
2 32 362
20 46 136
20 83 238
43 50 297
53 73 71
2 29 144
8 56 200
8 37 307
25 28 171
42 71 335
6 23 161
1 72 250
21 80 151
8 92 260
55 79 199
24 65 344
14 33 207
26 70 56
14 27 111
5 9 373
4 48 246
33 50 334
4 22 209
38 66 178
15 43 116
5 20 350
44 78 58
53 57 331
1 26 278
62 83 92
1 21 76
12 33 129
56 63 14
67 76 52
59 81 277
20 27 46
13 40 33
11 27 39
12 25 217
10 69 278
11 69 161
16 19 33
23 84 131
20 44 117
45 69 4
28 45 299
13 56 346
21 24 257
44 55 142
3 91 4
35 42 242
5 77 335
24 32 100
9 88 31
20 65 228
26 67 81
25 48 185
18 71 3
4 34 6
31 57 232
38 83 35
13 21 354
46 82 178
15 54 11
13 15 17
57 60 349
17 58 347
5 7 354
11 43 281
2 85 231
1 36 356
13 86 22
8 18 91
21 52 355
4 49 98
67 72 309
10 90 163
3 25 71
77 88 31
10 21 300
4 21 91
6 77 89
8 49 225
20 50 85
10 14 335
16 28 128
25 63 145
10 19 360
63 69 215
13 25 262
15 40 311
52 58 49
13 76 264
6 71 183
17 69 155
40 61 299
77 82 55
64 68 184
37 42 324
13 18 336
42 92 203
10 17 256
31 54 337
15 57 331
2 39 284
42 45 186
8 78 259
49 78 182
9 33 141
6 45 301
62 85 277
31 44 323
6 27 81
7 84 380
11 26 252
36 54 298
53 70 329
4 38 132
12 28 272
7 38 298
5 75 248
62 73 349
11 41 176
13 49 152
46 68 213
31 90 308
17 47 237
32 67 377
16 18 218
42 70 121
18 48 21
28 51 273
44 79 213
24 58 302
23 39 379
17 39 51
6 81 61
55 85 170
40 79 251
37 79 79
5 68 70
1 20 127
2 33 93
61 69 209
17 40 82
40 63 247
37 84 196
11 35 274
44 66 99
33 63 268
34 52 267
47 77 172
7 23 334
41 56 155
30 80 304
38 76 80
2 80 35
55 76 253
70 75 326
12 72 306
42 83 339
11 75 187
6 17 309
54 82 372
1 16 74
23 44 333
11 34 323
8 50 190
12 62 217
11 81 30
52 73 343
18 35 287
39 46 324
54 58 321
32 48 243
27 60 342
28 33 150
11 16 121
19 30 91
58 73 124
20 43 250
10 72 147
27 54 164
24 45 189
1 39 79
12 57 136
25 32 165
64 86 147
27 51 171
23 80 320
27 53 143
1 47 241
7 56 89
25 75 57
14 50 168
21 39 317
72 80 85
39 48 86
17 46 282
4 12 339
65 78 76
41 70 105
11 23 303
10 13 223
50 62 326
76 86 2
24 30 193
16 71 125
3 19 29
6 41 282
21 78 348
18 32 153
7 85 86
57 88 59
3 50 164
19 57 131
19 63 103
69 73 298
14 47 283
39 76 97
4 46 210
34 83 202
64 76 86
1 13 102
7 47 352
27 69 95
24 90 319
37 47 256
23 45 174
36 77 7
63 92 93
2 7 117
21 49 122
3 15 255
41 83 134
71 79 81
20 38 228
44 68 118
24 31 181
1 75 338
10 35 349
49 84 4
2 88 66
6 59 1
9 27 89
48 80 226
65 68 319
15 88 184
2 44 112
37 40 27
40 43 124
8 32 259
30 40 196
34 60 355
24 33 156
52 63 22
6 74 235
39 68 265
38 65 246
31 85 94
5 13 95
47 64 311
25 47 17
66 91 282
2 42 262
8 23 140
34 75 288
50 82 62
72 85 105
31 41 327
17 21 267
34 64 151
70 91 28
60 86 343
2 53 247
31 40 224
18 89 367
39 41 340
26 28 100
32 40 302
51 65 8
15 85 64
1 37 364
9 13 255
28 53 144
15 35 95
6 47 36
24 52 66
11 20 110
61 70 373
8 81 190
15 46 360
53 75 344
12 15 43
48 58 315
4 14 300
30 53 221
56 78 190
15 84 102
37 44 236
2 14 184
4 65 130
39 77 258
35 37 22
83 89 161
47 87 345
10 32 44
26 90 325
55 72 32
36 63 32
34 71 78
52 76 120
11 85 307
11 18 308
28 66 123
42 77 46
16 68 36
33 64 217
47 76 1
33 53 377
23 88 173
10 66 163
23 51 62
9 70 230
44 56 2
14 45 182
4 30 36
17 37 178
41 64 296
35 81 356
50 92 115
31 33 348
13 42 257
40 88 74
54 62 337
4 79 125
37 92 161
24 75 278
60 91 147
60 69 124
9 56 107
17 33 175
7 25 232
34 58 281
13 77 58
3 49 146
6 43 366
36 66 261
25 58 286
61 74 153
54 78 201
6 80 319
68 78 116
2 58 178
22 24 86
31 81 87
4 20 2
2 27 179
5 42 12
16 43 167
44 76 316
64 74 327
44 46 313
35 40 297
41 44 192
72 79 92
1 40 96
10 87 108
31 91 165
15 22 164
16 54 369
72 82 63
25 61 303
14 20 74
47 91 115
5 38 97
15 38 65
46 85 277
39 56 185
55 68 161
3 22 133
48 71 163
20 75 295
6 66 269
23 43 225
3 70 248
16 56 129
32 41 85
11 55 290
21 34 255
33 88 271
39 59 38
9 32 11
3 7 279
19 29 245
26 33 375
62 79 96
66 68 70
33 82 207
12 36 96
75 81 272
2 56 25
40 72 105
59 89 216
43 84 62
4 42 149
28 68 311
36 86 102
1 50 3
49 68 331
17 74 257
54 79 54
39 47 34
45 82 155
3 42 64
2 13 16
45 77 125
63 91 305
58 62 213
47 84 117
71 92 277
12 35 311
9 65 71
44 58 300
46 61 35
1 80 353
62 78 187
47 57 3
4 70 95
40 67 182
43 70 248
10 67 60
41 51 235
44 62 118
3 54 136
33 59 24
20 64 160
55 62 325
14 22 20
6 33 183
68 77 287
39 44 254
61 88 26
30 46 224
6 70 162
17 29 24
8 25 226
15 25 7
20 70 184
24 89 243
36 57 37
25 70 334
32 91 23
45 65 129
9 28 99
4 25 151
18 50 68
55 69 95
55 66 182
60 71 79
50 63 193
24 38 331
34 70 322
51 86 185
15 29 103
35 89 135
28 55 63
78 89 241
22 43 242
7 69 374
23 31 3
13 32 246
38 41 131
2 72 15
4 16 150
32 47 122
38 43 152
23 63 30
18 49 346
73 81 244
11 38 148
57 61 166
54 68 100
40 47 263
19 48 260
14 74 163
3 90 17
9 67 116
15 41 178
12 32 138
28 34 255
22 91 49
51 60 376
46 75 200
4 61 122
49 75 50
45 73 240
16 60 223
16 57 69
29 38 75
48 77 130
4 87 8
78 81 344
11 15 162
17 28 212
45 66 91
64 72 336
2 87 145
9 61 314
1 19 14
9 38 281
25 35 187
71 78 57
34 54 147
51 66 145
2 92 317
17 43 234
10 47 365
17 20 77
50 89 332
3 62 233
67 86 22
28 50 246
1 82 172
47 55 175
61 76 144
29 45 310
18 44 28
47 63 166
79 90 12
29 75 163
48 76 37
22 53 66
27 48 11
23 34 118
46 59 204
66 81 101
80 82 232
36 87 154
71 91 81
9 41 377
12 55 28
5 47 134
3 56 15
19 35 261
30 33 360
42 52 228
59 74 93
30 60 341
25 42 337
76 83 178
48 50 194
14 40 357
1 55 152
34 79 303
8 57 370
36 50 52
29 31 358
21 86 354
25 41 77
20 62 35
14 75 101
47 59 223
4 8 151
26 58 298
48 90 139
11 46 76
44 67 142
65 69 37
4 44 19
2 20 350
29 36 142
4 10 116
17 84 342
19 32 21
46 91 337
45 54 192
26 35 9
21 57 266
9 52 253
21 28 202
22 38 13
14 60 320
2 71 56
7 39 206
56 84 358
40 64 226
36 69 282
14 48 299
60 82 15
59 66 3
39 71 185
19 89 50
6 75 96
7 72 255
4 40 320
45 83 168
74 85 53
27 78 342
45 49 204
15 59 130
62 91 311
66 77 87
55 73 237
57 76 186
33 83 358
81 86 172
58 87 60
61 65 101
5 80 94
44 52 103
29 37 290
19 25 21
2 37 35
47 58 265
29 46 51
77 89 293
5 31 82
41 90 10
38 46 201
36 45 268
40 49 244
30 36 213
34 42 112
27 42 187
10 60 256
59 92 107
69 85 249
3 61 32
18 61 360
5 61 242
27 35 202
37 53 178
21 41 79
11 52 317
37 60 168
11 29 139
1 63 258
74 92 81
9 37 96
34 84 59
39 69 340
13 37 11
64 82 236
37 57 67
28 77 88
44 49 234
54 81 297
34 78 140
20 23 192
38 75 189
2 90 188
33 61 332
33 38 228
44 47 59
8 82 241
82 86 183
33 78 139
34 92 184
3 40 274
4 52 150
22 49 203
2 49 145
7 40 287
30 78 259
25 30 220
48 75 271
67 83 28
25 29 17
68 89 345
20 35 356
24 48 319
35 46 345
62 81 252
5 72 109
1 29 43
12 66 341
56 88 228
8 22 213
11 63 305
10 63 14
11 33 130
16 53 102
50 57 120
18 84 277
22 56 50
12 65 196
41 48 23
59 70 373
46 78 58
18 58 47
22 92 278
60 88 6
31 88 41
27 38 131
30 76 351
29 61 81
32 69 122
21 50 48
1 48 85
21 67 29
52 72 258
26 53 342
6 35 95
85 88 134
12 78 375
32 60 117
21 79 13
2 45 235
71 87 206
8 46 250
11 76 78
10 65 333
32 39 239
43 91 340
6 73 312
9 17 230
73 90 337
5 19 6
88 92 240
5 90 89
15 26 316
13 59 79
26 49 366
61 83 48
44 87 235
50 65 84
43 71 31
13 27 97
37 85 159
46 86 295
19 85 275
8 28 202
75 83 258
7 36 209
21 51 192
19 58 221
59 72 210
41 47 256
17 49 168
39 70 199
30 89 309
42 47 123
44 72 241
20 55 200
16 46 265
13 30 295
20 92 174
14 25 337
22 70 151
38 84 15
34 50 138
3 24 241
60 62 257
23 75 33
31 73 75
40 77 158
45 92 247
46 84 208
8 72 93
16 49 367
25 46 112
12 45 12
5 81 23
57 62 229
7 75 262
39 53 288
11 71 231
15 55 239
53 87 61
8 74 16
23 64 102
25 82 380
28 86 317
24 85 295
6 55 359
9 89 354
19 76 79
3 47 363
8 83 148
34 67 132
10 50 145
28 41 109
4 80 322
43 49 240
15 27 6
8 62 110
3 12 4
18 21 371
14 57 5
19 68 135
45 52 333
36 81 210
44 91 310
8 48 335
40 51 48
35 88 165
39 86 336
2 54 15
66 71 263
27 62 272
6 30 189
6 90 96
60 72 277
25 33 215
66 89 246
33 41 240
39 78 292
30 48 58
58 63 370
7 58 252
33 87 171
23 73 76
17 87 73
14 19 280
35 48 239
24 35 212
40 52 338
8 77 303
26 31 348
71 85 321
39 74 35
59 61 274
55 71 267
26 57 191
8 64 47
6 21 166
46 57 172
1 24 278
41 61 311
5 33 137
47 66 176
8 73 109
4 36 101
76 88 123
37 66 34
19 56 23
7 20 28
14 38 322
40 45 248
18 63 191
19 91 39
1 30 86
41 71 324
27 67 364
9 90 324
53 61 281
1 23 148
11 14 323
37 70 92
16 58 136
21 73 20
7 92 327
60 85 213
50 75 40
26 81 335
3 63 78
23 60 352
58 90 24
7 27 6
34 46 257
10 41 378
30 87 138
41 66 70
16 25 94
50 90 83
13 55 102
5 18 378
21 40 312
37 67 41
36 40 304
24 82 332
10 48 159
19 49 94
21 31 262
18 27 356
4 83 220
6 53 170
43 45 214
61 81 355
6 25 103
23 40 33
42 55 330
50 71 288
32 79 136
55 64 331
6 57 61
15 44 105
6 54 364
68 91 21
16 69 210
21 43 113
53 78 71
13 64 19
35 64 8
67 70 268
49 66 23
51 58 188
2 57 36
14 56 358
15 91 334
42 51 376
8 38 164
20 40 40
12 38 113
63 90 94
33 71 128
12 73 264
76 82 329
6 88 377
19 62 47
13 78 269
17 36 288
15 49 186
2 77 201
71 77 2
13 70 335
9 54 301
38 56 142
59 82 315
27 41 165
74 88 227
12 56 359
27 56 286
49 89 357
13 19 378
82 85 158
9 22 214
14 51 230
36 76 286
33 68 369
1 28 241
48 61 5
21 66 135
56 85 192
34 66 56
31 36 304
33 80 362
25 31 19
1 54 289
46 72 211
22 50 142
14 46 8
36 53 177
29 65 282
4 64 79
49 62 275
8 17 195
15 64 92
12 50 376
41 45 193
5 76 149
22 51 197
4 43 350
21 84 210
15 30 327
33 62 231
59 83 63
3 27 125
33 89 175
30 50 177
14 32 140
3 36 145
58 84 119
54 69 378
28 61 159
9 64 13
42 62 80
17 27 36
16 61 321
59 73 308
20 71 71
49 85 92
10 85 154
64 90 65
52 66 211
43 92 280
25 37 346
8 75 155
10 49 245
61 77 173
38 47 53
22 63 113
64 89 335
56 62 122
11 36 310
35 91 203
29 59 374
33 56 137
25 67 143
31 78 142
36 62 65
7 77 185
75 82 374
1 60 308
27 52 271
35 76 25
24 71 291
16 78 371
41 89 193
47 69 136
33 75 360
19 67 129
10 31 165
4 89 103
30 88 350
37 62 357
20 89 212
6 56 375
36 65 54
14 81 51
50 68 55
13 71 338
33 40 133
84 86 200
45 51 220
1 17 64
20 24 320
26 80 131
45 88 281
2 38 373
28 80 270
38 78 131
24 50 42
26 73 260
14 68 106
3 67 30
41 74 79
64 70 114
10 24 4
55 60 153
72 75 319
32 57 75
2 79 184
7 70 304
1 86 228
70 77 206
54 84 159
12 61 15
15 63 301
13 26 33
7 71 273
54 76 309
6 14 269
18 73 311
55 77 361
39 85 77
10 86 304
29 85 160
43 89 140
26 89 106
58 77 341
20 76 114
30 75 154
19 31 199
18 36 118
66 80 369
40 74 41
3 41 110
30 59 110
13 83 41
32 89 337
35 70 67
30 69 198
30 55 363
76 91 36
2 34 313
73 80 343
45 76 13
5 54 361
18 80 127
21 46 144
29 53 273
86 90 288
38 58 63
55 91 241
80 84 253
34 74 63
17 52 327
21 71 9
7 35 113
48 84 69
3 46 58
36 60 57
66 78 248
1 42 321
15 66 180
4 76 181
52 64 320
21 26 212
20 33 92
45 85 184
38 54 272
71 86 379
77 79 6
62 76 103
4 59 21
20 91 45
11 84 239
47 90 302
51 53 226
74 90 284
6 16 158
13 17 76
24 73 121
35 60 100
44 51 275
13 34 374
42 74 300
31 68 379
44 63 253
18 88 230
14 23 325
5 45 262
19 90 39
22 54 304
40 68 19
20 37 137
29 41 47
10 36 232
16 86 189
28 76 371
28 56 31
22 28 214
53 76 35
7 83 380
9 77 314
74 81 61
28 31 122
3 38 229
38 74 365
29 72 296
49 82 266
30 85 28
1 56 342
11 30 270
60 63 216
32 81 68
59 91 8
8 53 63
46 55 103
26 76 80
52 92 117
33 72 344
38 69 359
45 84 248
41 76 211
63 74 87
5 87 169
15 78 267
13 54 38
50 77 297
41 86 1
37 52 237
61 90 376
9 62 59
67 71 58
35 71 27
22 61 176
12 53 56
46 60 80
42 57 210
83 91 227
35 79 232
28 43 278
17 75 320
13 38 365
4 77 172
65 75 158
21 30 69
33 44 288
52 56 165
67 78 158
75 77 18
44 89 334
30 84 145
50 60 206
10 78 67
57 78 321
26 54 223
8 54 90
85 92 81
12 74 134
23 70 330
22 77 255
20 86 361
6 32 98
26 50 218
61 71 74
16 48 96
21 68 150
71 89 297
19 39 119
24 56 264
24 29 119
31 46 307
59 85 333
15 76 318
5 69 339
39 54 297
40 89 287
61 66 133
71 84 260
33 51 140
11 91 47
21 59 351
6 22 247
27 70 183
20 48 376
17 44 146
48 88 269
35 44 246
76 90 118
20 68 253
15 33 366
12 49 218
49 71 139
53 68 267
51 68 244
69 84 182
57 66 194
17 88 96
35 49 119
37 76 39
49 77 280
42 80 229
5 35 220
47 49 1
13 58 252
7 30 303
30 51 166
48 85 267
40 55 211
68 73 358
19 44 109
37 48 187
39 61 321
63 85 51
32 68 36
53 58 74
3 65 294
62 84 48
63 73 315
11 60 281
13 61 187
4 24 268
25 44 127
83 92 95
25 34 119
34 57 269
13 24 203
38 51 147
9 18 140
25 55 114
8 85 181
7 88 373
70 76 87
62 74 125
32 87 373
26 46 28
22 67 353
2 82 132
35 50 235
1 84 186
22 27 118
8 20 258
39 72 349
8 41 228
81 90 139
70 87 3
2 91 37
8 40 224
12 40 98
18 79 358
3 35 318
52 85 65
84 87 229
8 47 245
27 73 337
45 72 183
53 67 43
39 89 16
5 44 155
21 35 299
48 63 335
18 68 257
42 76 60
49 53 120
72 90 254
19 87 330
52 86 360
16 89 369
9 58 252
11 57 371
1 92 334
16 23 61
68 74 371
13 75 73
77 83 69
29 70 161
16 42 285
49 81 273
16 32 133
15 39 229
10 18 161
16 75 180
56 77 353
34 81 146
11 40 258
52 87 241
14 84 104
6 37 7
73 85 168
19 24 241
11 62 333
28 74 379
17 89 218
76 89 110
43 56 27
17 51 346
50 52 303
32 36 379
23 90 95
30 66 82
41 87 158
38 87 376
5 24 191
29 81 250
36 64 351
25 66 318
64 75 261
41 63 15
2 55 251
35 45 329
9 48 227
11 83 305
7 33 371
37 41 18
29 78 287
54 64 144
4 51 339
7 37 115
24 55 268
41 80 12
3 82 283
42 81 226
25 59 159
36 72 254
53 81 234
20 53 92
65 82 105
23 52 16
47 82 78
16 37 306
31 34 189
28 47 276
27 55 210
1 76 215
51 71 193
20 41 129
14 85 300
16 24 274
2 61 112
41 65 314
24 64 102
27 75 201
51 55 57
29 54 54
73 76 221
31 69 218
42 78 260
18 41 263
79 88 329
8 88 6
73 83 237
6 60 280
12 30 276
13 88 272
18 69 76
42 89 183
70 78 274
6 83 31
60 80 112
22 55 291
19 50 185
83 90 156
15 92 210
53 86 40
4 53 48
50 58 292
13 74 135
1 10 72
52 62 233
31 89 293
50 61 193
4 75 240
38 82 380
49 92 183
82 89 114
38 48 285
27 74 79
23 26 168
65 67 126
25 62 65
44 85 335
56 74 301
26 62 314
32 92 82
7 65 252
12 31 12
3 57 280
45 60 282
31 72 109
19 80 213
38 88 329
31 59 238
9 55 146
46 88 326
64 83 18
28 40 188
17 68 251
39 43 159
43 68 281
22 87 195
20 80 69
7 18 164
12 39 222
33 70 194
7 24 98
56 61 167
69 71 207
8 63 137
60 76 99
74 89 292
54 57 144
5 50 167
60 77 169
10 29 143
41 43 65
26 48 346
38 71 45
29 49 270
42 86 360
6 64 49
31 76 97
11 25 214
72 87 187
33 58 265
26 78 94
40 92 349
13 57 122
43 87 141
50 78 263
13 53 54
48 52 170
73 79 139
56 75 324
58 83 170
9 49 94
70 80 188
64 77 83
5 52 315
14 88 174
11 39 275
33 43 258
2 75 33
79 89 58
36 49 229
10 30 322
13 35 157
38 72 97
28 67 313
50 86 355
17 55 153
58 92 149
75 89 194
24 43 331
44 81 3
31 43 44
7 43 10
58 69 323
53 55 126
11 88 250
12 85 264
3 52 351
21 92 355
14 34 131
42 54 260
5 84 297
32 59 22
24 39 168
5 57 256
5 29 346
52 59 127
25 65 352
13 67 1
47 92 229
48 78 308
23 38 143
26 52 375
6 91 298
2 51 279
49 64 217
48 64 72
52 61 15
13 44 301
15 32 7
45 64 60
12 48 289
20 69 130
18 85 319
9 44 302
5 91 186
63 81 365
69 79 70
27 89 70
21 36 314
11 24 153
69 78 343
21 60 60
2 76 64
26 88 141
66 85 211
69 74 167
6 92 352
18 72 239
58 68 24
49 86 125
73 87 48
44 73 299
1 85 85
2 73 196
63 68 114
19 59 184
49 70 335
36 68 158
28 39 32
53 62 256
7 74 103
29 39 109
18 37 14
62 89 86
37 68 214
58 64 136
27 32 353
4 68 139
16 87 94
66 79 33
65 91 207
17 25 232
23 41 188
30 44 333
13 91 83
62 68 186
20 54 313
22 36 327
41 84 291
30 92 370
40 70 85
19 54 157
45 47 230
39 83 249
10 56 1
32 76 125
16 30 198
20 51 222
63 88 248
51 82 200
12 59 243
8 89 42
34 38 209
26 59 378
28 35 268
58 76 80
41 60 64
18 64 166
5 79 41
8 27 154
4 67 204
1 73 330
1 57 86
40 82 323
57 90 176
1 62 107
69 80 131
60 74 196
62 77 336
55 92 217
21 87 150
68 84 329
6 34 34
26 36 71
39 67 49
4 55 187
52 70 55
30 65 110
6 48 343
40 50 133
81 88 321
54 59 5
47 73 94
71 82 18
1 74 288
13 79 207
31 49 235
38 44 20
22 88 216
31 71 14
23 37 304
29 35 44
20 67 147
56 60 147
13 45 159
41 88 244
2 43 140
5 36 168
40 59 4
38 55 274
29 63 228
17 65 151
28 63 300
11 80 64
42 90 362
2 40 145
29 34 361
5 34 149
34 72 350
61 85 158
21 38 356
6 38 367
12 58 10
46 62 196
57 85 292
16 82 141
1 25 90
3 21 106
61 86 62
12 52 38
51 84 146
32 55 41
3 31 77
53 64 111
45 48 163
9 43 150
61 89 87
16 67 167
14 35 356
22 89 295
63 65 73
23 74 61
27 40 209
75 80 240
39 81 336
24 92 264
34 62 158
24 63 114
33 54 189
16 51 4
84 92 347
29 40 227
26 63 136
27 87 283
16 33 302
2 30 231
40 42 363
24 66 367
85 87 47
57 92 89
32 82 55
19 34 292
17 83 159
30 52 154
35 54 339
34 65 315
32 44 300
28 69 344
37 81 324
44 71 259
7 28 141
22 74 177
39 88 329
18 43 164
28 83 372
67 91 26
16 84 61
63 89 145
22 58 116
40 48 318
15 72 257
27 45 235
34 91 216
34 48 197
8 55 152
1 45 100
33 39 65
89 91 109
14 70 251
41 77 34
32 35 69
17 42 36
22 48 79
28 78 225
11 66 226
48 82 253
13 46 105
54 89 77
5 70 319
30 56 290
38 60 244
15 77 247
46 74 2
31 35 89
41 67 103
12 63 230
40 54 120
38 91 114
75 79 191
60 89 1
2 48 376
32 64 171
3 80 347
45 74 121
21 77 115
50 88 176
29 88 355
28 87 289
37 80 105
21 63 191
35 47 264
18 53 3
24 68 350
3 29 84
23 36 207
64 88 66
21 74 67
51 69 142
52 91 74
38 92 22
8 70 363
25 74 295
1 59 324
6 20 330
36 51 92
1 34 273
19 92 225
53 83 64
12 89 62
13 60 75
39 58 7
18 59 148
11 45 378
33 36 301
16 29 14
15 87 16
34 55 195
13 62 18
25 27 7
67 92 121
76 80 305
5 78 113
83 86 321
31 47 154
36 83 166
40 73 275
22 60 370
30 67 348
65 89 336
45 90 342
28 42 84
36 67 70
20 73 113
34 82 179
42 63 321
35 63 204
70 74 219
35 43 31
47 78 128
12 42 279
10 77 313
59 80 300
55 74 366
88 91 286
8 87 86
27 37 147
9 30 243
8 34 285
48 83 192
37 88 322
8 45 67
3 55 193
56 76 88
10 61 38
61 68 248
56 91 346
29 57 76
67 88 170
23 68 308
10 54 97
50 85 28
32 86 11
5 27 340
2 15 247
10 89 30
12 68 282
66 76 339
34 77 93
43 53 82
2 65 151
49 52 373
10 68 312
19 84 368
18 81 223
33 57 296
26 51 235
14 59 214
25 69 266
33 35 63
35 83 289
27 72 23
33 60 198
17 72 194
70 73 127
21 56 246
6 68 304
36 85 268
58 80 264
19 41 73
18 45 244
37 73 91
63 82 291
2 59 219
20 31 164
30 86 212
63 66 376
17 66 219
61 84 80
28 57 369
55 63 365
22 37 332
57 83 318
62 64 244
10 74 351
10 70 121
9 92 169
37 50 220
22 47 326
8 68 51
81 85 243
12 18 336
50 54 220
4 60 157
40 53 256
23 42 270
52 67 268
9 59 214
25 60 206
18 62 261
67 87 146
29 82 239
13 66 48
49 80 137
4 41 301
27 83 241
24 69 124
36 74 82
41 72 37
20 28 269
32 78 156
13 80 109
22 46 181
42 60 5
6 82 228
29 51 92
22 71 134
24 61 256
48 60 349
23 50 63
39 80 121
65 83 42
50 66 49
41 55 283
9 74 132
44 92 371
38 53 281
62 71 339
87 90 284
18 52 144
24 78 115
26 74 115
66 72 43
17 77 159
14 42 278
22 29 4
65 84 23
7 90 21
12 86 202
3 71 177
9 80 311
65 88 274
44 77 59
29 47 99
56 86 52
80 91 227
34 43 371
22 68 314
12 71 95
28 81 278
62 66 47
14 64 130
21 32 228
15 65 336
44 60 286
34 88 275
28 85 170
70 92 128
18 76 59
3 78 121
8 90 208
25 86 171
9 25 359
36 43 320
26 32 345
8 51 197
51 75 160
25 76 338
46 66 106
50 83 296
38 90 234
54 66 129
47 71 272
18 75 43
69 77 253
25 87 359
1 61 311
45 87 63
47 52 245
45 89 103
1 67 2
34 69 234
5 43 94
15 81 176
11 79 162
26 34 319
43 85 108
5 73 144
1 43 34
55 58 99
10 88 368
34 36 293
15 61 21
73 89 85
1 66 263
7 49 159
23 76 224
28 44 308
37 61 254
30 70 321
18 55 175
69 82 81
52 57 60
46 56 332
28 91 75
6 76 96
42 66 170
57 70 82
23 72 218
42 65 293
3 84 218
59 78 57
51 92 299
18 54 363
10 64 188
61 73 236
8 43 116
13 90 374
69 83 257
33 74 228
16 50 247
53 65 269
11 59 372
13 51 40
77 85 184
25 49 60
8 61 373
30 32 45
32 77 370
28 90 360
8 15 203
67 81 103
24 74 303
22 90 136
17 57 171
49 65 23
10 73 191
31 50 6
43 51 228
33 85 224
54 77 11
22 35 144
30 68 357
30 43 264
41 54 345
69 91 374
75 85 54
60 66 8
23 92 237
40 85 379
5 21 66
29 60 165
23 66 362
64 67 306
15 48 308
63 76 140
42 53 41
46 81 32
68 72 59
11 58 260
13 82 378
33 91 346
43 61 61
28 71 220
16 38 348
51 64 272
4 92 246
37 59 116
35 59 352
15 24 206
62 86 328
4 47 194
60 75 62
46 53 240
72 91 135
34 39 318
36 56 297
51 81 8
7 82 212
38 68 65
19 40 360
19 52 340
29 42 228
38 59 99
4 45 94
5 63 283
45 58 256
1 68 205
47 74 250
23 71 13
7 44 131
16 47 356
10 52 364
13 41 5
26 43 186
25 50 131
39 63 46
31 92 363
35 67 181
54 75 303
42 91 315
25 39 103
40 57 42
75 78 165
42 56 86
36 89 131
35 85 345
32 63 29
6 61 309
66 69 257
56 92 286
89 92 284
62 72 6
24 47 294
53 71 248
65 77 214
28 32 181
57 64 21
1 71 189
9 50 102
38 70 97
28 59 284
29 74 359
20 45 1
28 58 268
7 51 236
9 63 124
32 50 143
23 48 336
58 67 88
38 79 378
10 26 311
35 74 342
41 50 315
33 67 25
31 55 213
65 92 380
10 58 320
7 31 80
40 58 290
69 86 277
53 89 98
20 85 289
11 77 280
37 74 92
3 83 131
14 78 333
39 65 171
59 68 27
16 45 373
6 79 348
27 59 208
28 38 296
25 92 305
53 72 95
5 64 364
21 75 370
54 71 63
17 30 98
30 37 43
40 84 360
6 85 236
18 29 182
6 44 7
31 87 120
24 67 341
81 92 256
20 60 180
1 64 70
54 74 106
43 79 55
10 33 367
17 63 57
36 88 66
21 91 299
40 87 209
22 83 375
41 85 77
57 65 200
5 59 328
25 64 122
69 90 280
62 65 1
16 64 78
1 38 23
26 66 220
50 79 102
3 43 36
41 81 229
5 49 250
3 75 330
37 51 72
60 84 30
48 74 142
53 69 121
71 80 37
31 80 35
53 63 242
82 84 149
42 50 228
59 65 280
39 87 207
10 80 45
27 63 378
45 63 113
39 55 301
43 54 212
26 72 45
11 49 248
50 81 298
39 84 65
2 41 64
53 80 98
66 73 204
10 44 26
68 83 168
42 87 160
66 84 140
10 91 45
58 79 72
47 83 221
53 74 339
37 77 9
48 86 145
33 46 338
10 37 221
30 81 253
38 42 345
33 49 8
13 47 40
51 79 10
18 91 155
24 59 250
40 62 174
43 65 322
49 88 204
34 73 315
7 66 131
39 51 81
19 47 353
5 66 220
9 60 283
7 80 71
35 87 23
11 28 241
46 54 85
40 46 171
7 61 31
17 26 22
49 83 276
44 54 52
81 84 273
58 75 6
73 75 111
49 63 209
36 73 333
64 80 164
13 52 259
5 22 335
18 66 157
14 91 324
14 39 65
56 72 337
50 73 31
47 62 120
77 91 125
47 72 69
35 57 258
22 44 207
2 50 196
71 73 13
79 91 60
26 29 373
40 83 226
41 57 272
17 64 237
63 87 80
33 42 105
3 72 266
31 77 336
17 54 254
75 84 74
50 64 100
25 77 275
32 84 177
8 71 251
10 59 248
39 49 130
18 65 62
48 66 312
40 66 317
63 70 280
4 84 194
45 50 80
17 79 238
59 71 266
2 81 179
28 73 8
42 79 85
23 53 201
62 70 72
26 44 18
21 89 72
65 71 54
19 42 292
37 83 207
7 50 280
43 60 158
34 49 94
62 75 30
44 84 22
14 30 292
24 86 83
50 74 91
59 62 175
49 61 77
32 43 280
72 92 113
13 92 81
68 79 354
11 65 149
9 47 349
27 76 90
28 84 146
66 88 35
65 72 250
9 78 349
64 69 236
48 59 320
40 80 328
29 44 150
58 66 82
6 46 311
21 47 270
3 88 126
16 73 25
12 79 232
43 47 183
19 46 332
9 79 163
12 76 187
51 62 27
74 77 271
24 28 219
5 51 73
25 68 260
32 70 130
31 53 36
58 81 315
1 52 99
51 90 129
46 69 84
82 88 349
29 64 349
20 59 311
2 47 112
23 46 323
38 73 105
54 70 354
78 85 247
52 60 11
33 45 95
14 87 354
45 53 18
24 91 365
32 49 289
4 78 325
6 67 59
21 64 51
76 84 330
56 87 85
9 83 92
76 85 306
50 76 331
17 53 20
81 83 254
10 92 224
9 84 204
83 85 126
16 39 197
46 73 317
16 66 21
3 64 154
5 71 351
28 46 94
19 72 291
47 67 317
44 70 169
30 77 116
59 67 249
51 61 264
72 83 176
65 81 226
39 75 195
85 91 62
52 80 317
49 56 154
13 65 363
39 90 121
78 91 237
1 90 63
22 52 80
35 90 315
6 52 118
48 91 296
19 82 69
58 89 333
82 87 318
17 92 325
43 76 114
37 71 170
18 56 359
24 49 42
12 54 6
58 71 371
27 50 262
61 78 41
7 86 58
86 92 300
16 59 220
50 70 170
26 56 324
29 67 99
11 32 41
12 41 166
29 84 195
80 90 129
33 48 81
21 81 60
53 85 336
17 91 374
78 87 266
8 91 120
55 89 104
12 77 359
30 61 265
56 83 20
57 81 34
71 90 216
9 87 260
12 87 253
36 47 133
75 88 93
20 47 97
8 42 65
83 87 337
24 60 24
36 38 287
43 88 194
39 79 351
52 77 193
23 85 204
22 85 211
38 63 354
38 62 307
46 48 88
24 70 27
40 60 119
35 51 149
31 82 238
28 88 205
26 30 30
28 92 357
2 68 10
72 78 99
43 69 324
17 59 40
21 76 25
20 57 312
77 84 52
37 82 92
63 77 225
44 53 152
23 47 260
84 88 255
56 68 11
44 57 238
40 81 277
24 87 267
7 76 367
27 68 217
14 17 201
61 63 320
34 87 110
22 45 299
19 71 281
64 85 177
41 69 340
65 79 63
60 78 148
7 52 306
27 47 328
77 81 368
74 82 273
36 70 1
6 86 114
76 87 289
32 56 83
22 65 184
63 80 95
12 88 15
6 72 248
52 75 221
87 91 370
55 87 321
17 48 27
27 65 315
44 80 214
5 46 50
42 82 176
47 86 121
17 70 117
81 89 239
6 65 71
29 80 193
35 73 113
26 61 133
14 69 79
49 76 195
13 36 7
25 81 356
45 80 158
51 63 97
18 78 74
26 38 317
51 54 70
19 74 197
57 72 292
31 83 77
46 50 367
15 68 94
26 55 246
7 79 89
37 55 322
37 65 15
21 82 349
1 41 82
27 92 280
5 55 87
34 63 67
24 37 104
31 58 173
24 81 14
21 55 86
36 61 353
26 42 168
4 91 187
53 79 167
79 85 273
4 85 329
45 86 312
42 61 21
87 92 112
28 89 310
27 34 160
48 70 252
55 81 203
37 45 218
17 61 209
1 79 238
68 70 240
33 76 251
11 68 53
79 87 380
32 75 107
55 70 138
2 64 123
45 78 45
80 85 115
82 92 362
16 63 72
18 77 242
29 55 123
15 79 175
1 69 327
10 62 296
60 83 274
18 92 113
29 89 203
61 87 62
24 41 145
14 52 346
4 88 337
84 91 150
25 71 165
48 89 217
1 91 280
48 79 54
4 58 368
68 86 69
20 88 230
21 54 250
59 75 202
70 90 113
65 73 230
38 80 71
48 92 162
32 65 104
28 60 376
54 65 16
57 71 250
34 90 108
29 69 222
58 72 3
8 59 163
4 63 211
52 74 242
14 80 210
14 77 123
35 58 296
8 65 90
12 92 222
50 72 327
11 90 148
30 63 113
22 73 273
38 50 51
1 51 12
47 70 357
45 79 25
47 53 364
16 92 363
5 92 231
77 87 158
14 55 252
63 86 49
1 70 248
53 82 361
26 91 180
17 60 72
73 77 205
49 87 25
56 66 67
4 90 333
42 85 87
85 89 255
78 83 45
10 51 76
46 79 80
8 60 111
25 56 367
58 85 247
32 85 300
26 85 154
25 73 93
22 81 370
58 91 320
2 63 34
45 57 379
4 81 7
57 89 330
40 91 315
10 71 37
36 92 245
74 83 124
35 56 241
48 67 102
19 86 102
54 73 282
19 66 352
75 92 148
11 73 343
27 58 167
18 42 178
62 92 53
62 67 271
55 82 66
55 90 159
23 49 49
76 78 3
5 85 44
51 76 281
26 60 369
63 78 55
28 70 43
29 83 28
17 56 359
20 72 13
22 75 182
3 59 354
43 46 313
45 59 340
10 76 165
70 83 274
28 72 361
2 84 309
51 77 239
12 60 206
88 90 366
80 88 86
21 88 358
30 71 144
57 75 304
20 58 98
4 74 293
54 86 377
18 86 235
35 84 185
16 83 209
22 64 331
51 57 127
37 58 357
16 55 209
2 89 66
15 75 264
53 77 2
51 74 370
32 90 298
35 75 183
14 89 235
34 85 117
8 84 52
20 56 210
44 61 163
73 91 212
29 92 157
24 77 321
40 71 355
70 82 288
70 86 255
37 64 242
42 69 207
48 62 141
40 44 166
8 52 67
5 82 52
31 79 142
46 83 290
79 82 194
25 72 139
28 79 53
51 88 299
38 64 348
3 92 84
66 92 315
27 86 98
18 67 19
23 82 30
18 34 102
63 71 321
4 73 137
56 81 105
26 84 90
4 39 89
54 87 180
19 51 297
16 44 361
31 84 173
17 82 123
60 68 71
77 92 261
51 78 334
37 87 193
68 75 119
37 49 70
34 80 113
44 59 183
65 87 45
62 88 23
52 83 243
37 72 130
21 90 150
33 77 285
59 64 159
60 92 61
21 69 31
21 48 230
28 62 330
44 88 4
31 66 5
84 90 191
70 79 143
1 81 313
18 70 354
26 68 174
46 89 249
26 83 346
13 81 203
75 90 223
30 54 105
3 86 353
3 60 338
22 82 212
74 86 112
78 80 30
48 69 235
59 90 287
17 71 137
54 85 88
25 84 366
55 75 168
43 59 276
20 66 338
49 58 32
58 88 162
18 46 353
31 64 297
24 62 153
42 73 47
56 80 220
64 73 196
33 66 307
3 77 325
45 62 107
33 73 282
57 91 374
42 49 2
79 84 328
22 72 228
73 88 249
90 92 63
36 84 367
39 66 71
14 65 355
28 64 185
11 87 84
69 87 183
7 73 343
33 84 63
75 91 42
48 87 354
50 91 105
59 84 355
57 74 175
61 80 272
6 84 163
16 76 304
12 90 198
1 83 136
16 77 45
5 74 297
70 81 144
9 57 180
34 86 320
37 56 92
43 64 109
25 54 338
46 65 206
10 46 20
26 69 174
60 70 98
14 36 302
74 76 11
72 81 16
54 91 368
51 56 35
17 45 354
11 67 111
5 37 335
5 67 41
56 65 197
39 82 64
27 77 97
26 71 119
76 81 1
26 82 52
75 86 332
74 79 57
44 86 375
10 34 77
63 79 210
2 69 366
12 46 281
50 67 106
13 85 70
7 48 273
15 86 95
27 91 170
16 65 318
1 88 274
57 67 251
26 77 288
23 77 277
46 49 314
52 84 26
53 88 165
47 89 305
14 90 317
30 79 121
19 83 60
27 71 40
22 69 335
56 90 143
15 47 317
15 73 70
7 78 151
14 54 72
30 90 299
29 71 223
52 79 161
21 42 102
2 83 263
16 80 6
85 90 179
23 89 153
17 81 171
30 91 361
73 84 156
9 76 43
41 79 373
23 81 356
43 81 155
38 89 30
12 82 271
27 57 121
41 75 339
64 79 271
46 64 373
37 78 370
31 48 61
37 90 315
46 70 197
40 65 241
59 77 166
62 69 69
78 88 132
13 63 370
2 86 218
52 69 181
30 62 273
61 75 83
86 89 14
69 81 338
72 88 245
9 51 197
3 81 89
33 86 368
63 75 67
43 57 23
35 78 227
54 67 128
62 87 139
22 86 380
5 88 301
27 61 49
9 86 7
24 88 319
73 86 125
16 81 266
32 74 72
71 83 171
29 73 134
65 76 214
6 87 249
10 84 12
45 91 300
48 51 247
57 79 135
23 58 149
12 80 265
11 72 284
45 75 181
23 56 328
44 65 141
16 72 249
80 89 182
55 65 82
68 80 14
24 84 320
12 83 225
4 71 120
6 58 146
48 54 47
15 51 45
18 82 182
70 88 240
5 56 151
64 92 45
66 90 233
11 78 232
11 82 94
13 84 105
20 81 289
66 82 278
49 79 36
37 91 300
1 65 159
3 69 36
44 48 214
31 42 321
13 69 340
59 69 165
23 65 258
23 61 99
4 82 378
39 91 260
72 89 258
54 92 114
47 65 150
39 73 155
48 57 215
56 58 351
12 69 37
32 62 149
25 85 151
46 71 38
52 54 172
74 78 333
25 89 180
5 86 129
61 79 298
33 81 361
51 91 254
52 81 331
36 91 47
42 67 118
14 66 22
9 81 130
49 67 103
15 89 249
32 80 16
49 72 347
12 67 86
53 91 165
17 62 209
43 82 298
60 81 242
14 76 296
51 70 338
68 92 308
55 80 108
47 68 327
27 85 112
50 69 168
36 71 135
29 56 359
77 90 44
67 89 175
46 90 221
7 57 30
4 62 154
13 48 283
78 92 303
8 76 331
11 89 209
48 73 51
64 78 207
64 71 321
7 54 234
57 59 134
26 64 255
53 90 293
44 64 30
76 79 207
56 82 172
26 86 106
31 74 357
42 68 299
50 87 89
25 91 140
20 84 161
13 89 344
21 70 329
57 80 241
64 84 319
33 55 162
15 62 200
36 90 302
63 67 334
4 72 264
3 73 351
36 75 145
5 83 191
67 84 358
25 80 296
51 59 345
11 92 110
58 78 247
77 86 369
56 71 283
36 79 302
15 58 22
61 91 145
10 83 35
3 76 207
30 47 268
67 80 261
14 79 365
34 76 143
66 87 52
78 84 215
15 74 74
1 89 331
8 86 57
14 67 74
33 90 203
60 79 163
81 87 325
14 58 251
47 88 141
51 89 163
61 67 68
5 89 120
43 78 280
18 83 191
32 46 333
46 80 273
57 87 60
30 74 91
25 83 212
60 90 313
42 64 29
10 81 67
35 92 371
14 73 377
49 55 344
11 64 359
51 72 36
80 92 228
19 78 84
52 90 284
14 71 245
62 90 152
42 58 103
40 90 97
65 90 194
4 69 153
73 82 153
50 84 380
44 82 231
13 73 187
29 87 156
22 42 128
47 85 97
47 81 118
19 69 159
38 81 152
43 75 199
26 75 86
3 79 356
20 90 79
27 84 363
23 86 144
12 91 372
9 69 65
1 78 138
22 78 169
56 89 183
9 82 20
18 74 46
15 71 357
24 72 216
33 65 118
4 86 4
72 86 275
25 90 158
14 83 60
43 62 124
66 83 310
21 72 337
32 61 195
45 71 90
43 90 118
14 63 171
79 92 203
27 88 14
58 74 240
86 91 126
76 92 24
