54 1431
1 2 75
2 3 145
3 4 93
4 5 259
5 6 36
6 7 222
7 8 94
8 9 15
9 10 312
10 11 83
11 12 46
12 13 5
13 14 94
14 15 312
15 16 239
16 17 89
17 18 246
18 19 99
19 20 83
20 21 258
21 22 288
22 23 120
23 24 202
24 25 308
25 26 79
26 27 300
27 28 265
28 29 99
29 30 277
30 31 56
31 32 109
32 33 105
33 34 273
34 35 192
35 36 91
36 37 197
37 38 171
38 39 310
39 40 241
40 41 227
41 42 61
42 43 166
43 44 222
44 45 27
45 46 269
46 47 120
47 48 306
48 49 136
49 50 11
50 51 156
51 52 258
52 53 256
53 54 38
29 50 251
41 52 219
5 9 304
10 41 172
5 29 273
24 39 97
19 21 45
6 33 3
5 32 222
32 34 135
1 3 7
3 28 170
41 45 203
2 5 307
28 34 235
3 7 67
10 16 181
13 25 9
15 26 238
10 21 313
7 24 85
1 1 31
10 51 88
13 19 285
3 29 11
25 38 86
18 29 35
8 16 261
5 23 121
17 54 211
18 42 175
24 27 69
23 51 257
35 53 280
17 34 318
5 43 63
24 42 39
28 33 202
12 17 90
3 18 241
45 48 102
4 20 144
2 12 45
32 50 61
27 44 191
15 54 117
9 14 11
4 6 221
29 36 269
1 32 277
10 32 279
11 21 256
1 13 146
37 42 100
18 34 302
34 41 169
9 39 151
20 45 189
3 14 30
25 53 56
23 30 20
21 31 257
9 23 209
4 11 90
14 16 211
18 32 254
7 27 137
12 39 21
27 42 203
7 26 265
11 46 52
4 47 48
18 31 97
2 4 136
13 36 222
1 43 186
15 34 20
6 38 157
9 35 46
32 35 20
4 8 19
46 51 217
29 40 57
10 19 136
2 6 5
6 40 84
34 51 176
12 18 290
32 52 2
12 37 145
15 49 113
13 22 251
24 49 276
1 6 30
37 48 117
16 23 81
12 51 95
1 4 91
3 12 179
2 38 218
30 41 99
9 38 193
20 47 203
9 33 260
2 11 230
19 29 46
3 9 277
44 50 267
10 12 97
1 12 284
25 36 241
20 23 72
7 23 106
36 51 61
27 33 186
14 30 48
1 30 316
26 46 125
3 39 86
14 28 75
31 40 22
23 28 24
25 32 19
9 22 314
1 5 122
27 30 233
43 45 169
5 26 164
1 33 189
7 14 214
2 7 217
4 29 169
1 52 97
23 44 51
13 15 144
1 50 99
20 48 298
5 20 267
5 11 288
43 54 203
17 36 204
30 52 64
1 49 209
4 35 187
3 6 107
24 41 183
16 27 222
12 21 230
17 28 18
3 41 214
7 19 215
4 31 108
1 11 109
1 9 235
16 31 208
20 39 49
11 24 110
2 25 244
28 49 190
39 49 285
39 42 145
4 21 112
12 24 116
10 47 182
8 52 99
5 27 92
12 19 128
6 26 87
15 27 161
16 40 183
18 35 253
26 42 188
22 32 108
6 16 61
3 16 86
26 53 136
8 15 201
19 32 3
2 45 103
3 47 20
30 37 82
11 38 140
8 48 225
31 39 304
15 37 28
19 42 257
9 29 179
11 29 294
12 46 168
1 37 277
8 13 87
15 33 250
9 11 247
50 52 310
51 53 150
8 51 52
6 18 306
25 34 307
16 19 189
5 13 76
6 8 37
49 52 232
7 50 2
4 9 102
24 40 49
25 28 81
9 17 91
47 50 65
8 33 198
16 18 22
8 43 240
7 41 202
9 30 305
6 19 301
8 14 5
21 33 160
12 25 271
38 45 170
18 22 236
24 34 121
2 39 53
24 45 280
3 5 213
1 20 12
34 42 69
27 29 81
1 26 266
2 10 248
29 42 285
32 48 195
21 44 276
8 10 23
11 25 253
10 25 163
20 22 83
23 48 2
11 36 151
6 35 54
11 42 251
3 10 163
27 38 175
33 53 138
9 15 291
10 53 262
4 15 290
1 10 108
20 43 262
5 31 156
11 37 233
5 24 91
16 29 315
7 9 194
7 48 250
1 25 317
18 44 146
4 14 208
15 46 61
10 17 40
14 46 208
13 41 146
26 35 69
22 29 67
19 37 124
31 33 177
16 34 284
15 25 213
27 43 252
37 41 122
1 8 69
34 38 174
19 33 39
7 15 155
16 26 255
7 11 216
37 45 220
9 50 93
16 24 275
20 37 85
3 42 98
3 40 124
3 17 155
2 20 196
7 36 247
29 48 182
4 7 244
7 39 138
18 27 27
37 52 9
1 45 267
36 45 252
5 10 230
6 37 21
48 52 122
38 49 124
10 24 153
17 31 179
7 20 184
2 8 79
9 53 41
5 7 65
1 46 38
12 52 293
16 48 233
25 41 56
18 46 127
28 41 169
2 33 35
5 15 254
40 42 187
23 33 170
11 45 68
3 48 160
26 32 11
1 7 299
18 20 245
1 48 288
6 54 68
7 49 90
33 39 113
19 28 134
1 22 312
1 29 248
14 41 62
13 28 248
4 19 279
41 44 259
36 47 175
22 26 154
7 34 155
10 49 12
8 34 27
2 44 310
35 38 206
13 48 226
13 37 73
16 21 135
22 30 79
38 44 17
15 17 8
10 33 170
30 38 14
24 32 86
31 34 306
3 24 101
3 33 312
37 51 231
23 36 135
15 18 119
5 12 22
17 19 242
41 48 297
19 39 126
42 45 273
29 41 132
34 47 171
12 33 164
6 11 204
2 37 254
19 51 46
32 42 259
37 53 23
16 22 316
17 26 27
1 14 312
4 26 169
8 12 82
14 18 201
28 48 146
34 40 41
20 35 41
13 27 298
19 49 128
9 21 162
13 21 89
3 25 198
8 17 287
34 43 151
33 42 250
26 40 3
1 35 182
16 43 224
4 45 238
20 31 67
11 27 195
9 12 270
18 23 213
18 24 179
34 36 125
17 30 30
35 50 16
13 16 111
11 47 84
7 28 312
4 40 266
29 31 105
28 35 306
36 43 81
21 28 193
3 13 157
17 29 311
4 18 267
4 10 161
14 22 232
24 50 307
17 21 299
11 13 278
23 41 215
8 21 278
45 51 33
22 33 89
22 37 229
24 48 252
6 42 134
26 31 121
37 47 64
19 22 141
13 23 286
33 37 48
12 14 268
6 27 68
1 15 184
18 49 17
15 41 292
7 13 10
30 51 174
8 22 133
11 16 142
23 47 52
3 8 135
16 30 286
8 37 211
4 43 133
16 52 72
5 25 78
11 54 154
8 29 132
33 46 305
9 16 204
16 41 32
31 48 84
6 32 86
11 35 249
17 20 241
15 21 44
37 40 313
6 12 296
19 31 242
36 41 45
30 40 261
11 30 273
14 21 22
6 9 141
40 51 271
12 36 269
20 24 220
33 40 49
17 24 100
4 13 220
18 43 121
35 47 98
9 28 284
2 34 241
5 53 80
34 49 111
7 17 43
29 44 126
5 8 19
2 9 42
26 44 210
31 38 121
9 52 267
18 47 74
43 53 154
6 13 82
5 21 310
3 21 57
3 11 106
44 54 167
15 22 198
4 16 49
3 45 25
2 15 316
12 49 5
35 37 30
5 17 191
6 20 173
11 19 189
11 33 301
25 46 222
25 52 16
6 17 112
9 26 196
15 51 312
6 30 199
19 35 80
10 38 220
20 41 127
4 48 316
6 43 24
6 28 269
14 40 317
9 36 223
8 35 68
8 25 88
10 34 85
2 53 99
31 50 224
11 23 213
23 39 145
10 20 250
13 50 84
3 20 301
27 39 133
1 19 188
28 51 266
39 51 176
26 48 259
30 32 89
26 29 117
49 54 185
13 18 257
31 44 208
12 48 42
7 43 98
12 15 177
29 35 284
33 41 45
31 42 241
17 33 288
11 15 80
15 43 95
20 25 167
31 43 75
50 53 171
22 35 46
4 41 107
1 23 275
10 13 63
13 24 111
7 32 305
36 48 98
29 32 153
7 30 4
6 50 45
21 50 73
12 38 24
2 48 92
32 40 9
10 54 160
26 37 286
7 12 204
42 46 193
13 31 67
24 43 3
43 47 212
10 37 253
29 39 287
21 30 216
11 14 69
29 52 228
12 16 37
5 46 45
3 19 62
25 48 192
8 41 28
36 39 204
21 26 39
34 48 146
19 38 256
8 24 180
10 30 89
2 16 293
18 50 211
15 19 146
35 48 138
14 20 137
12 20 228
10 50 210
5 22 166
13 20 213
25 30 115
1 18 313
32 51 225
24 37 231
22 38 258
21 24 266
7 10 313
28 42 133
18 25 61
25 43 227
13 29 237
27 37 291
14 49 184
15 38 216
11 22 176
36 38 291
33 44 177
4 17 143
23 34 104
3 31 76
7 44 143
33 49 22
22 25 225
17 39 74
10 39 36
7 46 243
17 46 157
20 51 109
11 31 53
44 46 259
4 37 309
25 50 77
52 54 189
4 54 44
7 18 216
27 35 314
44 51 225
5 33 273
26 34 212
38 51 288
6 21 256
23 54 149
24 38 283
4 12 4
10 26 78
31 41 228
9 37 63
26 36 67
14 17 241
3 15 130
6 10 139
18 41 18
27 31 38
18 26 18
18 39 286
47 54 151
4 44 220
19 54 124
5 30 293
8 39 181
2 32 14
43 51 149
2 14 315
8 20 260
16 51 2
19 46 65
2 19 90
21 29 109
12 40 246
3 36 270
40 46 192
29 49 66
36 46 208
19 27 86
11 48 316
14 39 109
1 42 141
7 37 166
30 35 184
40 47 27
22 24 227
1 24 25
12 30 70
19 45 178
40 44 105
6 39 266
31 47 222
16 39 44
16 37 162
38 46 192
23 31 176
44 47 115
5 36 16
8 45 241
31 54 260
23 40 177
22 45 78
32 44 144
13 51 171
1 39 196
43 50 98
8 32 207
7 25 166
17 27 140
31 46 307
5 19 245
33 52 143
12 45 190
44 48 77
9 18 89
39 41 109
15 29 196
13 54 241
38 47 22
16 28 292
16 46 277
9 41 285
38 40 184
2 27 181
32 49 254
32 45 216
10 14 315
15 48 31
1 54 229
11 34 131
13 46 171
19 24 176
15 28 169
11 39 95
15 53 65
9 43 151
5 37 218
5 54 237
10 15 39
28 52 156
11 28 273
39 44 269
20 27 61
27 40 226
26 54 94
8 19 255
41 43 61
8 36 238
12 27 104
36 42 230
9 13 132
6 51 86
22 52 241
26 47 206
13 33 137
15 31 140
22 42 21
3 43 167
21 48 148
8 28 274
2 23 133
25 49 72
12 32 10
2 29 214
3 53 235
7 40 238
25 44 130
6 24 90
14 50 199
18 40 9
9 19 142
7 21 140
9 20 244
21 32 174
24 54 87
47 51 315
33 36 14
21 53 50
13 49 101
11 20 96
17 45 168
27 48 173
2 13 207
10 48 68
48 50 312
23 45 191
19 25 158
10 28 143
2 26 52
16 35 57
37 49 165
49 53 131
24 31 70
17 25 184
2 35 50
21 37 100
40 49 126
14 43 176
43 49 67
20 29 151
1 51 277
25 29 214
30 54 69
30 48 131
8 38 78
18 33 65
3 22 168
2 17 317
11 53 44
10 23 51
39 45 311
19 43 56
21 34 262
36 50 284
6 23 117
1 53 297
11 51 298
6 22 223
8 23 34
2 18 59
7 52 43
15 50 13
6 15 78
46 53 269
50 54 113
20 34 241
34 45 280
30 39 126
28 37 286
45 47 238
9 24 170
1 38 252
11 52 63
22 47 147
43 48 1
11 40 288
7 31 209
8 27 3
37 39 39
36 49 206
34 39 269
23 37 34
38 43 172
10 29 288
46 48 305
40 43 82
17 37 45
2 30 102
34 50 224
14 23 219
17 50 135
2 31 65
8 53 181
14 25 1
35 51 246
27 34 13
14 42 245
20 53 296
18 28 197
12 28 14
29 33 183
27 46 202
10 27 160
36 44 316
41 50 95
29 37 222
4 49 207
3 37 176
40 54 142
45 54 24
31 36 28
32 47 255
9 47 218
14 19 184
3 38 126
31 52 304
27 47 290
33 45 196
18 48 285
22 31 179
5 18 247
16 20 314
18 30 234
13 44 178
41 47 19
5 39 286
9 48 150
4 30 317
22 48 99
28 31 91
3 30 120
26 33 175
10 36 148
4 27 23
7 16 233
31 49 312
35 43 134
4 36 133
26 52 97
19 47 306
20 28 120
18 53 37
3 35 309
17 23 290
21 52 190
2 46 134
20 33 187
22 41 317
14 52 57
28 43 216
4 52 265
21 27 153
24 44 100
14 36 218
9 27 142
6 34 12
21 40 144
34 44 12
10 46 209
1 34 46
36 54 183
29 45 157
47 52 161
24 35 79
29 34 219
21 23 290
10 22 170
19 53 116
26 28 123
23 35 195
13 45 309
17 32 27
14 31 272
21 35 208
15 42 13
20 36 261
24 28 152
20 54 126
5 14 6
12 22 74
27 53 112
9 42 243
17 47 74
14 24 241
39 43 291
16 53 230
12 23 35
32 36 104
12 34 129
9 34 236
30 46 240
23 27 7
33 50 288
9 32 169
28 36 135
1 44 148
35 46 309
10 18 130
8 31 249
35 39 13
24 53 223
13 30 290
28 46 117
11 32 89
22 49 75
29 38 79
3 34 299
10 42 145
23 25 294
12 44 103
35 54 177
5 34 263
27 52 301
5 51 261
21 43 198
19 41 87
30 33 293
30 34 118
7 33 38
19 50 65
12 26 275
27 36 168
22 34 244
47 53 197
5 47 270
6 29 43
27 49 47
42 52 167
2 41 189
21 54 9
9 31 175
10 52 166
6 47 200
19 34 220
33 43 142
28 40 3
21 25 232
39 52 318
24 29 269
2 22 284
1 21 52
6 14 91
35 42 179
22 54 205
9 44 288
13 40 83
1 40 23
4 23 116
33 38 309
41 49 20
3 46 64
15 32 156
28 30 108
23 38 94
12 31 213
21 42 242
24 51 37
22 50 235
22 46 37
38 52 18
4 46 277
23 29 142
14 34 148
18 52 291
20 40 289
22 36 89
19 30 43
14 54 241
3 51 251
41 51 102
22 51 307
7 38 218
9 25 167
25 31 4
24 30 183
5 16 199
33 35 87
32 38 254
24 26 116
11 18 22
12 50 208
17 43 168
45 50 150
13 42 25
40 48 262
2 50 157
6 44 227
40 45 23
28 32 182
43 46 229
6 31 247
13 52 58
8 30 181
20 26 172
10 40 316
13 35 100
23 26 14
21 39 161
29 43 264
14 33 199
5 44 214
25 35 119
30 47 50
17 38 45
46 52 157
29 54 292
14 27 60
46 49 4
10 31 119
13 26 110
17 49 39
7 35 180
17 40 110
1 47 233
22 27 4
3 32 28
8 47 208
10 44 80
11 17 79
3 27 70
42 48 127
45 53 252
3 26 14
4 32 88
1 17 18
5 50 10
13 47 22
2 47 37
19 44 139
10 35 42
32 46 156
20 46 237
9 51 302
6 36 287
19 26 85
27 32 179
20 30 293
35 49 120
1 31 268
3 54 118
31 35 136
38 50 213
21 38 136
20 50 122
17 48 135
2 49 23
8 11 45
30 44 80
17 22 229
27 51 2
5 35 108
17 35 279
23 32 320
35 45 294
15 40 46
23 42 245
4 39 132
33 47 28
38 48 289
2 54 178
15 24 308
17 44 193
4 22 108
34 53 244
14 26 135
12 53 48
35 41 14
39 54 187
28 39 256
5 38 280
22 39 40
32 41 217
23 46 162
16 32 152
11 26 223
23 50 315
28 50 75
40 50 135
40 52 303
8 26 156
28 38 97
9 49 276
6 41 62
12 29 286
6 49 117
22 43 15
10 45 213
11 41 132
15 23 267
6 45 18
18 37 136
41 46 79
11 44 75
37 54 77
4 38 6
25 37 30
30 42 195
14 38 37
7 42 279
2 43 90
5 28 58
39 50 4
37 46 59
2 21 51
17 52 2
3 23 289
9 46 173
28 44 159
27 45 274
26 51 209
21 45 67
30 50 156
39 46 242
21 46 297
2 40 148
14 51 105
21 36 168
2 24 105
23 52 11
15 45 294
14 29 231
1 41 264
12 41 142
5 45 240
24 33 19
12 47 96
16 47 48
8 54 32
18 36 194
24 47 254
30 45 16
16 38 71
17 42 125
6 52 106
48 53 190
19 52 102
46 54 123
4 50 18
19 36 15
2 28 159
20 49 266
6 46 139
14 32 150
1 16 259
43 52 303
2 42 269
16 45 102
5 52 85
6 53 158
16 36 304
26 45 200
20 32 158
8 49 81
15 44 124
39 47 138
14 47 28
25 54 3
26 39 166
25 51 21
32 37 221
27 50 134
21 41 91
51 54 147
11 43 210
42 51 218
49 51 207
19 23 290
6 25 79
36 40 62
20 38 179
20 42 302
45 52 191
33 54 42
34 52 188
24 36 105
1 28 320
16 25 283
16 44 61
15 36 42
15 35 307
21 47 264
1 27 282
15 52 181
25 27 198
19 48 29
42 50 81
5 42 38
39 48 19
46 50 281
18 38 16
31 51 132
48 51 156
15 20 192
9 45 226
30 53 65
5 40 12
12 42 45
2 51 90
8 42 304
24 46 269
20 52 263
9 40 105
44 52 17
4 53 298
19 40 38
2 36 68
26 38 135
41 54 76
14 45 192
4 51 87
22 53 64
32 54 284
15 47 38
13 38 36
34 54 15
12 43 210
7 53 221
3 49 156
3 50 268
40 53 185
8 44 112
14 48 287
30 49 81
26 49 161
47 49 200
3 44 307
16 49 11
26 41 36
33 51 286
27 41 25
31 37 135
25 33 36
16 50 177
22 40 96
18 21 148
12 35 83
25 40 146
36 52 12
6 48 269
17 41 164
5 48 235
38 41 89
11 49 154
35 52 256
14 37 20
2 52 247
7 47 195
7 54 303
1 36 173
42 44 195
26 43 12
4 33 290
42 53 28
13 17 12
14 35 23
7 51 39
36 53 46
14 44 182
29 51 122
4 34 206
38 42 185
4 28 82
37 50 317
11 50 148
35 40 64
7 22 156
8 46 53
20 44 17
42 49 14
8 18 100
5 49 141
26 50 13
18 54 231
15 30 124
18 45 33
25 45 313
45 49 166
42 47 207
35 44 200
27 54 39
44 49 161
37 43 202
17 53 186
32 43 214
25 42 189
16 33 153
4 24 74
12 54 97
41 53 109
38 54 247
28 54 94
22 28 182
34 46 226
16 54 301
34 37 299
17 51 210
25 39 119
28 45 260
21 51 170
5 41 59
21 49 172
13 39 277
23 43 42
23 49 247
8 40 231
33 48 134
38 53 257
44 53 146
28 53 275
31 53 133
48 54 201
4 25 130
28 47 61
14 53 147
31 45 4
32 53 123
26 30 60
7 45 28
32 39 316
10 43 314
8 50 172
39 53 78
37 44 91
13 43 251
13 53 278
13 34 71
29 53 275
29 46 4
13 32 231
23 53 303
4 42 138
15 39 205
25 47 300
16 42 104
29 47 211
30 36 313
30 43 166
42 54 301
24 52 255
22 44 232
9 54 191
7 29 230
3 52 119
