62 1891
1 2 112
2 3 265
3 4 306
4 5 312
5 6 184
6 7 136
7 8 212
8 9 80
9 10 263
10 11 215
11 12 79
12 13 154
13 14 199
14 15 257
15 16 36
16 17 127
17 18 239
18 19 53
19 20 83
20 21 40
21 22 7
22 23 180
23 24 162
24 25 20
25 26 87
26 27 242
27 28 6
28 29 77
29 30 249
30 31 169
31 32 62
32 33 325
33 34 168
34 35 174
35 36 217
36 37 321
37 38 92
38 39 180
39 40 338
40 41 158
41 42 141
42 43 85
43 44 41
44 45 323
45 46 143
46 47 4
47 48 337
48 49 228
49 50 28
50 51 116
51 52 151
52 53 240
53 54 309
54 55 311
55 56 225
56 57 325
57 58 304
58 59 268
59 60 248
60 61 127
61 62 75
4 29 67
42 61 179
11 20 163
21 35 230
5 22 100
14 55 177
3 14 15
7 39 54
8 11 324
10 28 191
17 26 286
14 43 246
9 12 10
26 28 196
49 52 142
10 39 287
10 42 289
4 43 164
13 53 238
4 14 146
12 20 328
6 8 328
23 48 240
3 52 294
25 28 275
6 24 3
9 52 180
5 24 251
17 42 108
5 13 230
30 33 88
19 27 98
14 40 104
42 47 180
32 51 130
38 52 322
11 25 5
3 9 231
4 15 231
12 17 237
9 14 76
28 33 84
29 53 268
15 25 42
2 53 214
12 33 185
33 49 248
2 19 167
50 58 29
18 38 26
17 25 28
6 46 54
12 27 254
4 13 123
6 22 208
33 41 201
20 35 301
7 50 108
7 27 8
8 27 118
15 52 85
7 45 136
1 28 326
29 33 68
25 47 209
15 19 62
1 5 42
12 38 103
3 11 216
11 47 239
3 24 247
44 55 63
21 44 282
26 52 74
1 34 273
37 41 31
2 30 270
18 44 274
2 7 125
10 24 246
22 42 163
1 22 60
2 17 204
11 28 140
19 32 116
7 10 295
16 22 80
41 49 209
12 50 255
21 38 233
12 51 340
16 43 123
12 34 129
40 62 259
13 27 238
4 7 69
8 29 80
5 48 333
43 51 301
4 8 264
3 15 64
25 61 197
5 20 180
1 51 75
30 42 127
8 31 180
26 40 207
15 18 131
34 39 66
4 25 127
2 10 19
4 19 319
28 34 131
2 61 261
1 35 107
4 9 176
16 24 312
28 55 15
39 58 276
6 32 322
33 54 141
11 16 184
22 41 88
39 42 269
44 61 164
2 41 201
21 32 4
6 44 96
2 4 320
17 53 152
22 60 221
41 48 79
37 53 70
47 60 67
24 31 48
1 27 239
45 47 5
27 34 227
1 38 75
16 36 121
19 22 334
33 50 206
36 59 27
6 15 278
16 61 201
8 12 6
7 32 309
18 20 319
3 59 29
11 30 302
19 39 203
16 18 314
4 16 67
33 61 329
1 12 196
25 58 310
16 30 24
35 60 144
13 15 16
1 1 40
17 52 12
25 36 285
4 42 309
37 56 63
6 19 233
24 28 281
11 17 124
20 23 151
43 50 196
39 44 188
22 26 302
2 20 87
4 60 82
1 3 153
10 25 29
6 9 158
1 7 179
2 15 201
19 21 286
38 58 196
20 42 54
20 22 33
15 48 76
27 48 56
6 42 261
12 23 112
3 33 136
3 6 1
9 36 194
1 26 113
40 56 162
17 23 214
10 56 149
6 21 99
16 48 144
29 51 187
10 19 189
2 21 234
8 14 72
31 46 111
19 38 113
12 32 249
33 47 319
12 49 191
14 20 128
1 15 174
24 40 230
23 26 276
17 41 34
28 56 179
25 54 208
1 36 188
13 20 114
33 42 320
7 9 235
35 39 141
2 11 153
18 36 28
2 9 222
19 24 89
19 52 174
9 24 143
3 5 222
29 62 75
23 47 276
21 24 225
13 35 4
22 25 72
30 51 23
11 18 314
20 24 105
35 59 133
4 11 273
3 26 174
2 5 249
4 52 41
30 62 129
36 44 33
32 39 315
25 43 203
6 10 122
11 23 209
26 33 49
30 39 234
7 26 155
54 59 230
8 16 192
18 52 117
29 37 49
11 44 102
38 62 326
3 30 234
24 45 283
20 32 82
43 49 107
3 13 71
4 6 276
24 34 233
25 31 330
11 35 48
38 42 43
6 14 145
38 55 304
5 10 156
22 38 205
22 24 202
30 54 49
9 56 223
3 44 69
5 7 129
25 46 122
53 55 75
16 46 110
2 23 141
51 58 10
41 47 270
7 22 191
21 30 53
2 47 299
18 46 151
11 45 304
2 34 240
9 23 259
7 24 100
22 28 124
14 22 256
42 60 204
5 46 268
8 10 43
2 31 13
4 20 174
16 55 110
30 58 261
21 49 128
13 18 285
7 16 219
5 26 272
26 62 103
13 46 97
41 46 179
17 37 210
5 28 208
7 28 15
7 14 148
42 50 270
16 19 21
1 4 253
26 58 94
11 58 269
1 8 287
28 59 23
2 8 37
27 31 167
10 20 322
45 58 326
4 22 317
15 49 215
3 35 164
11 24 300
1 59 17
10 45 308
5 12 11
4 12 145
37 55 93
60 62 245
18 56 335
39 47 213
10 30 269
27 36 225
15 26 338
9 19 241
33 52 281
31 34 303
21 33 13
1 61 319
10 17 203
5 37 243
3 8 272
37 60 79
2 25 195
14 19 88
44 49 314
20 56 290
10 54 114
8 13 199
20 53 281
20 41 240
8 26 48
14 36 149
1 57 250
11 13 168
14 62 310
5 25 55
1 13 77
7 11 306
18 24 299
20 48 180
16 41 66
27 61 46
36 60 26
11 21 120
29 59 160
1 11 238
10 43 182
23 57 101
40 46 120
29 50 80
1 44 57
20 31 100
15 59 155
12 44 280
5 30 286
15 43 81
27 43 81
11 43 294
3 54 174
13 33 265
16 47 235
8 44 222
25 34 145
32 48 5
14 27 273
23 44 155
16 23 1
6 20 165
23 59 222
50 55 181
16 33 54
7 40 128
23 53 148
2 16 228
39 55 210
52 62 229
6 50 83
8 20 90
12 16 12
3 55 299
23 55 170
41 62 52
31 39 224
8 58 159
26 29 25
32 37 302
3 43 112
10 27 94
34 40 206
19 34 313
53 62 307
7 51 122
10 23 33
5 23 62
12 28 58
24 56 12
48 58 20
46 61 183
42 58 190
8 15 64
17 21 101
24 50 104
18 22 178
10 15 183
27 40 6
26 45 205
22 51 301
5 35 129
9 34 122
31 54 175
33 60 12
24 38 324
3 12 103
19 51 253
15 38 259
16 59 40
37 47 196
10 34 1
1 14 98
4 45 13
16 40 303
9 54 284
51 54 69
9 11 256
39 52 126
23 25 316
40 57 21
1 41 17
45 59 290
2 42 87
5 19 210
32 62 107
38 48 154
4 10 299
11 48 308
25 42 38
16 39 158
7 12 332
3 18 253
2 6 14
45 53 203
7 49 298
8 30 288
6 26 141
28 44 237
2 45 15
20 50 199
1 18 117
1 19 64
56 61 40
1 23 264
21 37 272
1 17 79
5 9 182
11 42 241
6 17 67
6 11 319
46 52 76
17 49 223
15 44 159
9 45 104
54 58 171
3 28 98
6 28 324
4 17 232
9 15 338
11 59 171
3 27 46
26 32 209
6 30 48
33 59 34
14 33 54
13 23 188
1 9 92
8 37 65
7 30 39
46 58 281
3 25 113
27 32 311
12 26 3
40 45 184
4 46 48
11 15 276
4 31 60
14 60 74
20 25 106
25 37 272
14 23 280
10 14 306
5 21 251
28 62 205
9 41 307
25 33 211
31 40 46
32 34 26
12 43 16
34 46 165
20 55 145
7 52 237
1 55 47
54 61 291
4 55 281
22 56 323
39 51 229
22 53 37
7 15 188
32 43 174
32 44 22
18 50 247
19 42 36
22 49 201
10 21 195
29 41 93
18 29 187
9 31 74
20 39 75
13 45 112
7 58 168
22 62 233
2 28 312
40 48 314
40 54 148
15 29 271
9 38 338
18 42 334
5 55 24
3 20 120
22 46 217
53 59 196
14 39 212
11 19 126
26 48 104
19 54 116
1 53 216
4 37 333
4 56 199
33 51 187
40 42 103
35 52 187
5 11 24
24 55 156
26 34 174
3 7 235
21 23 50
15 62 224
31 38 156
17 24 59
21 52 6
51 53 176
26 55 154
30 47 166
8 24 231
5 16 42
20 27 39
22 61 86
24 60 298
33 40 221
16 27 223
10 26 103
36 50 237
25 53 230
30 56 111
45 60 296
27 59 59
39 43 172
29 46 70
24 35 175
32 45 111
15 35 54
49 55 214
50 59 334
2 43 194
7 25 165
1 16 232
26 51 171
2 22 26
26 37 98
11 39 325
25 48 280
47 56 105
36 45 46
1 32 175
13 62 11
40 60 87
5 32 60
34 58 79
10 22 123
49 59 96
49 61 39
21 51 327
22 31 202
18 23 114
25 52 286
48 51 335
18 30 41
15 53 42
35 51 224
24 37 24
4 28 45
7 13 147
8 53 79
11 33 220
9 17 124
8 23 21
1 43 243
10 16 216
10 52 258
12 21 64
12 24 148
6 13 34
11 32 1
38 47 137
15 24 144
38 43 90
47 51 132
34 36 2
11 56 272
12 15 75
4 62 62
29 58 302
15 34 287
17 51 208
3 45 288
34 59 125
3 36 120
21 54 69
17 43 249
27 46 144
8 25 262
10 46 84
6 33 309
10 44 334
15 17 233
21 42 260
5 17 331
27 45 194
45 49 217
27 39 261
7 23 142
14 24 41
24 26 164
16 31 83
3 29 23
45 61 307
15 30 48
9 39 270
36 39 41
42 44 172
20 28 230
29 44 321
21 62 249
5 43 65
5 15 195
11 50 195
24 46 280
15 31 47
22 37 301
40 61 233
2 27 208
35 41 261
33 37 181
6 23 120
57 61 320
37 42 288
7 35 210
9 13 67
13 16 307
2 26 253
14 38 106
5 27 225
9 62 118
14 50 8
22 30 101
1 40 82
58 62 7
5 42 261
23 34 275
18 21 185
36 43 246
8 21 93
27 54 100
41 44 197
26 43 216
1 54 65
2 24 309
9 59 116
27 38 114
3 37 298
22 52 209
5 41 59
5 38 211
27 37 271
30 57 274
6 38 165
17 28 142
22 43 237
5 29 25
1 31 318
8 36 304
25 35 250
33 62 198
1 21 248
14 28 32
13 60 288
28 40 225
5 31 142
8 34 73
16 25 66
49 51 217
10 13 5
8 50 82
11 37 195
31 33 142
19 41 246
21 55 277
46 53 30
28 31 67
23 30 218
4 44 177
6 53 305
47 50 184
55 57 22
40 44 191
1 60 212
32 49 23
13 21 87
18 58 11
19 58 151
1 6 19
41 51 57
39 45 153
10 18 263
33 46 260
10 48 154
16 45 227
18 41 161
3 10 65
24 43 73
5 8 39
52 61 186
21 47 193
31 57 103
10 12 81
23 35 139
5 57 271
27 29 155
26 50 130
35 42 224
18 28 324
1 25 323
9 25 313
13 42 76
13 56 131
12 22 83
1 10 12
19 33 228
28 41 184
15 21 109
4 33 178
5 14 46
23 39 243
14 26 259
17 34 137
18 34 4
6 58 264
21 27 111
23 29 289
2 37 45
12 19 215
39 54 26
6 41 8
44 47 118
7 19 220
8 46 287
8 39 3
7 18 133
8 47 213
13 30 56
21 41 274
39 59 99
36 56 187
35 40 306
30 53 81
2 29 164
17 39 146
7 42 49
32 41 209
14 46 194
58 61 274
28 32 271
43 46 58
32 52 119
7 21 48
17 20 34
9 21 70
3 16 84
33 43 302
38 40 162
46 50 325
5 58 172
9 35 287
38 54 335
9 60 167
2 13 179
17 44 313
9 43 267
36 48 14
47 57 19
2 14 47
10 60 245
20 38 150
20 61 224
45 48 166
34 42 130
18 43 319
33 48 44
30 49 321
18 49 233
21 26 322
30 38 133
12 29 290
10 47 235
17 36 90
18 61 231
28 54 91
34 47 331
23 56 56
18 60 121
16 50 256
13 40 282
28 39 72
37 49 64
33 36 163
13 24 239
45 55 69
19 23 182
28 36 272
25 45 43
3 41 44
30 45 55
26 47 284
41 54 71
10 31 118
4 30 224
15 20 171
52 59 42
9 22 191
37 39 330
34 56 33
14 18 72
22 36 121
8 33 189
30 48 113
15 36 315
24 54 43
28 48 3
16 58 265
14 32 20
11 36 322
18 26 314
42 45 45
6 39 115
5 53 179
56 59 336
8 61 293
11 27 61
12 14 323
23 50 57
41 56 106
19 26 187
2 54 70
3 49 2
34 48 41
26 61 298
9 51 233
26 31 222
1 45 208
13 58 153
7 47 14
15 40 53
23 60 137
14 57 203
50 52 308
38 57 294
13 31 159
21 25 213
33 53 6
26 60 83
49 60 311
14 42 202
3 60 88
23 54 337
16 29 34
15 27 82
43 57 9
50 56 162
10 40 72
15 42 26
15 23 119
9 18 17
9 26 300
45 57 256
46 48 179
23 46 271
49 56 319
39 60 235
22 27 146
21 48 100
45 56 150
24 42 337
23 32 15
46 60 154
34 38 112
15 22 202
1 52 232
13 41 117
17 29 340
39 48 216
21 34 95
12 40 204
13 39 209
18 37 327
31 42 131
8 35 270
32 38 178
29 39 183
13 26 85
18 33 326
34 52 59
19 47 6
7 62 252
8 22 15
20 52 237
19 48 296
5 49 109
1 33 33
13 37 69
9 47 160
12 54 131
32 55 50
4 57 44
1 49 229
3 17 149
5 40 331
46 54 135
3 34 211
24 62 109
38 44 71
14 17 53
25 44 203
27 42 99
9 20 176
7 37 301
20 45 328
19 44 18
22 39 128
35 62 85
2 33 156
21 43 327
22 44 44
44 57 292
7 31 169
31 35 156
29 31 333
31 37 108
14 29 310
15 37 304
47 58 194
54 56 206
27 33 241
13 44 164
15 61 96
14 21 269
28 51 131
18 25 107
7 53 134
2 35 179
14 34 7
19 25 316
27 51 130
23 49 269
8 19 51
3 53 42
17 59 208
16 62 187
16 38 45
4 36 252
8 59 160
55 62 279
24 32 165
2 60 83
8 42 30
35 61 322
19 40 325
25 39 294
11 51 69
2 48 232
48 53 309
39 46 36
36 57 271
18 51 125
7 59 262
6 12 285
6 45 16
13 19 89
5 18 7
30 52 194
14 25 264
32 58 237
15 45 312
23 45 226
28 58 278
23 27 129
5 56 98
6 34 107
41 55 209
50 53 41
39 41 34
7 17 32
10 35 37
19 29 277
13 29 91
17 50 143
40 43 221
9 57 288
46 55 158
31 48 271
33 55 199
8 51 247
12 31 315
47 62 139
9 16 320
13 17 317
19 28 304
5 54 250
42 56 93
9 37 15
4 32 131
10 55 103
21 50 222
51 55 77
5 33 280
35 37 242
23 40 17
30 44 16
35 55 68
3 46 49
33 35 129
3 31 55
6 31 154
37 40 280
20 47 340
42 59 135
30 37 48
52 57 185
14 53 28
19 49 223
11 46 188
17 30 139
37 54 8
16 26 45
15 50 255
29 32 77
13 55 109
32 50 209
19 37 137
18 45 106
25 50 138
3 21 36
9 58 100
6 16 77
31 51 27
4 53 47
45 54 143
14 31 12
24 27 145
15 51 207
11 61 41
24 47 78
16 32 262
21 53 303
42 54 247
17 35 301
43 58 111
11 40 258
23 41 192
13 48 307
9 46 182
11 34 93
8 48 166
10 59 112
6 29 145
8 17 220
38 46 280
18 57 151
2 49 248
25 57 316
8 38 133
18 32 69
35 46 193
2 12 96
2 32 186
9 42 288
15 33 58
20 29 26
41 57 274
8 49 153
31 43 189
42 57 9
20 46 277
51 59 76
46 56 214
44 51 102
22 33 166
9 55 23
10 29 332
10 51 254
30 43 114
31 53 212
38 45 15
53 57 290
4 39 131
10 32 126
2 38 131
6 27 280
45 62 101
23 31 152
12 35 263
31 52 278
10 37 103
36 40 83
5 45 116
23 36 157
14 54 116
23 38 176
37 52 121
9 27 245
43 56 212
26 53 288
24 51 39
26 56 299
33 44 11
14 35 57
18 47 314
25 60 246
13 47 214
22 58 289
3 38 173
31 59 322
36 38 277
23 42 242
13 36 11
6 48 63
12 59 264
9 29 207
4 58 259
3 32 43
22 29 63
17 38 129
11 14 265
20 37 83
11 49 256
16 37 300
24 30 48
15 28 75
21 31 9
18 48 288
4 18 60
33 39 70
23 33 296
24 29 55
11 22 280
55 58 135
37 62 244
55 61 5
20 49 76
49 58 322
6 40 304
51 62 89
37 51 180
31 62 23
26 35 275
2 62 253
9 32 247
9 30 107
6 61 99
17 19 14
4 38 154
35 50 124
32 54 297
1 62 219
3 19 196
41 59 84
35 45 98
7 38 39
18 27 270
21 40 229
47 52 118
18 35 46
55 60 193
26 30 10
8 40 241
27 30 187
8 43 150
4 26 30
20 40 219
52 60 45
3 62 81
38 51 223
13 32 157
19 43 311
22 57 261
36 58 284
26 46 38
3 58 257
16 35 164
17 22 274
15 39 119
4 51 333
7 48 268
25 30 2
17 56 101
17 27 216
11 53 211
2 18 241
5 62 108
11 55 331
4 24 207
8 18 161
13 51 232
9 50 315
25 27 250
29 36 210
36 51 185
15 55 166
18 39 235
4 50 126
12 52 330
7 33 7
3 39 177
14 51 293
7 46 221
7 61 226
21 29 5
48 55 202
8 57 252
20 36 297
7 20 340
29 34 106
29 55 264
27 35 132
6 25 207
24 53 8
17 46 162
14 16 236
22 47 151
32 36 243
45 51 248
11 26 63
16 42 238
45 52 291
24 44 271
3 57 121
30 50 79
8 62 144
42 53 136
26 59 259
27 41 338
30 40 283
49 62 196
34 50 247
2 55 225
1 37 255
13 28 123
39 50 31
12 30 305
24 39 253
20 26 229
30 36 197
12 42 23
40 47 221
6 37 1
44 58 6
28 49 322
27 53 102
20 58 35
5 36 136
42 62 125
8 56 53
12 18 192
9 28 69
57 60 322
3 56 329
52 55 225
20 44 142
3 47 118
45 50 299
21 57 241
17 61 131
5 61 197
20 60 105
57 59 190
28 30 180
39 57 53
42 51 50
16 44 263
38 50 8
48 60 93
2 59 106
18 53 324
15 57 193
43 53 97
16 21 282
13 49 88
15 46 142
26 41 226
12 45 32
1 46 56
19 35 203
37 61 57
3 22 265
34 43 143
17 31 227
24 52 92
7 29 68
29 48 135
33 58 132
16 20 333
34 41 14
34 57 172
23 52 151
38 49 73
14 30 283
33 38 85
4 23 68
24 36 153
51 57 158
20 62 4
11 41 22
16 51 308
24 57 270
44 62 45
40 52 177
35 49 167
30 34 273
36 47 17
23 28 24
20 30 110
22 35 76
3 51 192
16 57 277
27 55 301
46 57 215
17 62 211
13 25 264
25 29 30
9 53 89
7 44 117
49 57 146
37 45 289
9 40 263
5 60 330
12 46 209
42 52 63
11 38 131
7 55 91
4 49 274
28 50 235
28 35 71
16 34 327
42 49 42
19 56 216
23 37 327
29 57 220
26 49 294
46 62 74
32 40 202
28 43 212
18 55 50
4 47 188
28 38 299
5 59 19
37 50 259
16 28 28
6 36 160
7 56 327
6 59 156
11 31 112
12 57 124
36 54 219
2 40 80
14 49 133
22 40 329
1 20 318
28 42 244
6 18 74
41 60 242
44 56 17
52 56 218
40 59 6
37 46 62
20 34 180
52 54 163
48 52 53
36 46 81
4 35 120
22 55 69
12 41 54
30 41 331
16 52 233
2 46 26
8 28 29
19 61 328
1 48 290
48 62 125
17 57 306
9 61 55
47 53 218
23 62 195
32 59 37
27 56 182
12 36 270
3 61 14
36 53 76
47 55 254
36 41 220
16 49 213
16 54 326
36 62 208
19 59 182
26 54 92
7 57 82
51 60 295
12 58 21
21 45 88
12 56 107
9 33 86
16 56 283
44 48 301
26 36 112
46 49 256
32 57 140
14 47 6
21 60 38
41 58 142
27 58 170
1 30 257
21 28 17
32 42 18
9 49 169
10 58 142
41 53 227
34 37 159
15 41 37
28 52 300
36 61 113
2 36 234
19 53 223
20 33 274
43 48 198
35 43 44
30 60 89
39 61 46
24 33 292
44 54 283
28 46 199
13 54 251
18 62 296
7 43 305
15 54 96
34 45 235
33 56 40
19 57 326
8 54 85
30 32 30
59 62 113
31 60 121
22 34 21
28 47 147
31 61 105
38 53 97
38 56 55
14 45 294
12 48 153
4 27 36
25 56 221
14 37 238
43 60 35
3 42 60
24 41 7
41 45 78
30 61 256
44 52 154
14 44 293
41 61 250
12 55 244
6 35 301
32 53 266
43 59 291
7 34 218
13 38 72
10 53 27
39 49 30
29 42 19
58 60 211
22 59 131
28 45 277
11 60 237
4 59 337
23 61 124
26 44 340
30 59 301
6 56 134
13 34 330
12 62 35
16 60 130
25 49 13
17 33 10
21 58 228
15 56 214
20 51 81
14 52 248
27 52 76
14 41 85
13 57 320
40 49 241
7 60 12
13 61 209
31 56 225
6 51 143
48 57 247
31 49 153
29 47 245
41 43 262
8 41 229
31 45 108
3 50 338
25 40 149
43 61 75
36 49 33
32 61 284
29 38 97
17 40 260
32 35 335
31 36 326
7 41 79
43 45 226
43 62 293
36 55 98
46 51 313
48 50 268
10 50 268
33 57 127
48 59 174
1 50 289
56 62 314
34 60 197
20 57 26
11 29 55
13 43 314
13 52 241
7 36 33
1 24 318
50 62 255
4 48 306
23 43 135
56 60 127
42 46 213
22 48 143
17 54 213
32 60 192
21 36 169
17 60 213
51 56 240
15 60 299
43 47 32
5 52 47
39 56 340
41 52 262
10 33 100
21 39 284
29 60 319
25 32 107
32 47 177
4 54 27
24 59 222
1 56 114
53 60 29
35 56 6
6 55 19
22 54 46
5 34 33
36 52 265
31 55 28
7 54 77
14 58 219
1 58 258
21 46 221
25 38 84
29 40 314
8 60 166
29 49 206
30 35 262
9 44 113
26 39 314
17 45 284
49 53 72
10 36 292
42 48 93
35 54 138
5 39 6
25 62 62
35 48 258
2 57 215
13 50 303
51 61 2
39 53 280
47 54 27
12 39 73
9 48 68
6 47 106
10 41 164
48 61 204
35 47 336
29 43 11
30 46 120
12 47 178
14 61 265
34 62 235
53 58 337
13 59 120
11 62 59
54 62 203
18 31 259
27 47 306
28 57 217
4 61 62
27 49 116
44 60 222
53 61 252
4 21 146
44 46 109
2 44 268
26 38 29
19 30 161
19 60 290
31 44 314
1 29 127
24 61 98
25 55 29
19 46 20
55 59 23
11 57 258
31 47 216
4 34 130
19 50 55
23 51 188
54 60 220
24 58 215
29 52 293
17 48 101
2 39 306
42 55 333
46 59 31
38 59 31
47 49 98
6 57 54
8 32 105
50 57 160
47 59 7
37 43 310
13 22 159
5 51 25
5 50 334
14 59 131
37 44 149
38 61 166
10 57 80
21 61 229
36 42 3
50 54 185
21 56 223
22 32 197
44 50 74
8 45 26
6 62 131
6 52 107
18 40 231
20 59 5
50 61 48
43 54 118
16 53 102
19 45 290
35 38 142
40 55 262
18 59 109
4 41 184
10 49 282
44 53 54
29 56 315
37 58 306
11 52 106
22 45 151
56 58 141
53 56 204
3 23 270
27 57 83
15 47 107
57 62 103
1 39 60
21 59 56
17 47 271
38 60 74
28 53 203
4 40 257
27 60 207
6 60 318
35 44 17
27 44 273
5 47 288
59 61 188
19 55 30
33 45 133
37 57 60
31 58 125
8 55 85
2 51 168
3 40 215
40 53 311
11 54 252
41 50 144
15 32 327
32 56 87
1 42 143
2 52 199
2 50 281
49 54 215
10 62 233
25 41 57
24 49 196
30 55 49
29 45 159
31 41 118
17 58 315
10 61 101
40 58 145
39 62 322
19 62 148
47 61 260
5 44 141
43 52 317
6 49 255
37 48 134
28 37 84
35 53 281
20 54 116
48 56 336
26 42 182
37 59 34
8 52 136
10 38 73
12 53 173
43 55 48
23 58 99
12 25 100
25 51 65
29 35 64
40 51 15
40 50 261
17 32 255
29 61 92
34 51 160
25 59 333
2 56 89
3 48 263
38 41 207
12 37 161
34 54 227
19 31 290
6 43 62
12 60 318
50 60 130
19 36 234
2 58 207
34 53 200
15 58 329
52 58 315
22 50 340
35 58 293
26 57 311
44 59 277
24 48 228
35 57 139
32 46 80
17 55 134
28 60 21
6 54 150
34 44 11
31 50 275
20 43 50
14 48 215
34 55 116
18 54 97
14 56 335
1 47 332
27 50 274
48 54 299
12 61 246
54 57 59
27 62 200
28 61 95
29 54 174
34 49 104
