38 703
1 2 143
2 3 192
3 4 138
4 5 95
5 6 108
6 7 158
7 8 5
8 9 166
9 10 196
10 11 77
11 12 102
12 13 163
13 14 25
14 15 20
15 16 57
16 17 112
17 18 155
18 19 68
19 20 3
20 21 36
21 22 40
22 23 96
23 24 115
24 25 4
25 26 190
26 27 83
27 28 181
28 29 24
29 30 88
30 31 62
31 32 16
32 33 28
33 34 209
34 35 204
35 36 101
36 37 79
37 38 91
21 23 154
23 30 201
14 22 104
18 24 178
8 15 21
13 17 29
29 31 69
8 28 212
6 17 48
24 34 163
27 37 166
20 22 51
8 12 192
2 27 213
2 21 192
23 25 178
18 38 17
11 16 148
8 14 112
14 38 13
21 24 134
8 35 196
3 14 104
5 30 181
16 37 104
20 36 8
8 16 172
25 37 212
4 20 91
6 8 27
13 33 84
1 4 80
4 24 33
4 14 202
1 24 84
4 10 170
15 27 55
11 23 8
3 11 55
17 23 122
1 21 49
12 24 115
2 4 9
9 13 19
1 32 95
11 25 58
9 33 10
10 12 216
17 26 173
26 34 167
1 20 102
11 31 170
3 5 196
10 13 137
2 10 218
12 26 26
6 12 92
21 27 142
14 18 53
2 20 82
13 21 38
10 28 191
6 9 120
4 12 45
8 38 195
5 10 115
6 22 58
21 32 95
24 32 35
16 22 170
10 15 62
4 13 157
3 24 139
14 30 130
2 25 152
13 18 7
3 7 51
34 36 19
3 8 62
12 25 22
13 31 179
23 37 99
6 33 120
8 11 107
5 34 192
8 19 167
1 5 162
22 27 94
19 29 186
20 30 21
1 1 80
12 32 144
14 16 89
12 38 114
18 30 97
4 8 62
6 11 176
15 19 168
3 9 99
4 30 29
1 22 109
18 23 85
23 34 93
1 23 129
1 3 97
19 21 69
1 19 182
9 28 217
23 36 39
19 31 137
29 32 21
6 15 118
9 18 190
7 12 9
19 25 155
23 32 18
31 35 34
2 8 181
3 15 3
30 38 154
17 30 60
10 20 176
1 25 127
14 23 27
7 10 169
5 7 113
9 30 31
9 35 38
12 20 200
10 35 22
6 30 181
9 15 133
12 27 215
17 32 14
22 31 45
2 9 55
1 10 135
12 14 18
11 13 203
2 16 64
16 20 147
6 10 26
4 18 41
4 6 183
18 28 94
3 23 159
19 32 53
23 28 120
15 21 40
9 11 133
11 21 162
27 29 121
11 38 61
12 16 209
2 31 138
1 38 116
13 35 199
15 22 74
4 9 60
17 33 200
2 30 77
1 8 65
14 24 6
20 34 138
16 26 33
16 21 32
26 30 160
22 29 159
3 10 44
13 29 136
14 17 169
13 34 104
22 32 206
10 26 155
3 12 149
2 6 24
3 13 128
2 23 113
26 29 207
20 28 144
26 33 135
10 24 207
4 7 43
14 32 188
14 26 45
5 13 70
10 22 161
19 24 125
27 30 192
1 9 105
8 22 33
8 17 156
9 19 106
22 26 174
3 6 167
6 28 152
4 16 11
1 6 50
20 27 168
17 25 34
2 26 204
25 38 45
19 22 40
9 23 164
24 26 121
7 32 57
1 28 208
6 34 129
6 36 110
5 19 92
1 33 131
7 28 4
6 13 54
4 38 189
24 35 7
22 33 81
21 30 191
2 14 158
11 15 66
5 12 47
21 37 52
16 31 102
17 19 202
3 26 210
14 27 104
11 29 177
3 33 76
1 13 144
4 11 198
17 28 191
1 17 156
18 22 165
8 13 67
3 21 220
8 10 192
4 17 68
6 19 122
2 5 25
16 35 165
3 18 72
16 24 175
7 9 17
6 21 201
2 7 188
21 29 117
13 19 205
6 27 164
21 36 205
24 36 81
7 24 12
2 28 212
13 16 19
32 37 97
6 23 219
13 32 127
14 31 149
5 33 139
6 25 208
24 29 174
28 32 98
22 37 95
11 14 202
9 24 95
5 11 14
16 28 1
3 17 28
3 37 31
9 36 180
25 34 167
5 23 212
6 32 94
18 21 121
10 30 58
25 28 186
24 30 76
4 33 101
12 28 96
5 17 64
3 30 191
16 18 20
15 28 125
13 37 63
17 36 90
11 17 202
2 17 14
9 12 122
12 34 86
7 18 140
30 34 38
13 28 156
15 31 134
12 29 112
14 36 208
4 15 159
2 11 71
10 19 53
6 16 178
4 22 191
7 17 134
15 36 62
8 23 29
14 25 218
13 24 202
8 30 151
22 25 25
5 29 189
31 37 188
2 35 113
1 12 84
19 23 145
24 28 57
20 25 201
9 20 193
10 34 217
10 33 160
25 32 201
21 25 10
3 22 25
12 31 72
30 37 168
1 27 15
19 34 41
7 30 213
30 35 16
17 35 95
3 36 64
12 23 75
3 29 198
6 29 92
8 25 152
15 35 99
5 16 32
8 37 184
17 22 24
17 29 201
1 31 35
2 13 157
13 20 91
20 26 163
4 36 76
16 25 79
9 16 92
28 38 115
12 36 175
3 34 169
10 16 116
25 31 92
31 33 152
16 38 47
13 23 99
5 8 49
20 33 23
15 37 177
2 12 147
18 34 109
26 35 159
1 7 26
4 19 91
18 27 165
20 24 167
1 30 51
8 27 110
18 26 7
7 35 104
18 29 34
19 26 56
3 19 171
29 34 74
15 25 179
3 31 194
10 23 146
21 31 102
18 25 103
10 14 68
9 25 174
15 17 176
5 25 69
30 33 82
10 29 65
12 17 128
9 31 197
6 20 32
18 33 19
9 38 118
2 37 219
11 28 200
13 15 153
10 37 66
25 29 88
21 28 123
23 29 2
9 21 205
29 35 135
1 37 132
14 19 33
4 23 151
12 18 33
20 35 114
9 17 48
8 18 217
9 26 158
20 31 213
14 28 2
25 33 79
1 16 187
10 17 173
12 35 198
13 38 121
18 32 146
15 30 134
5 15 17
14 33 194
17 20 117
17 38 156
8 36 69
10 25 150
15 38 175
11 19 13
17 21 197
7 34 133
7 33 126
16 27 45
10 18 216
2 15 140
11 20 148
23 27 38
15 18 36
23 35 158
5 24 161
18 31 140
4 21 137
13 25 204
24 31 32
15 24 168
20 23 78
4 28 36
10 36 22
35 38 3
28 33 80
12 30 150
4 35 116
5 14 108
1 29 75
11 18 183
16 29 46
21 38 151
11 22 122
26 38 176
19 37 31
5 32 196
21 26 188
28 34 3
9 34 147
10 27 22
1 35 86
28 31 157
26 31 178
8 20 65
7 13 89
15 26 114
13 30 53
2 18 115
17 24 36
27 33 81
15 32 53
17 34 96
5 37 185
3 28 175
27 35 118
19 36 136
20 29 26
11 26 84
9 14 72
19 33 59
24 37 122
1 11 164
7 36 26
7 37 28
7 11 146
7 16 208
14 20 166
14 21 39
28 35 218
6 37 92
27 36 190
1 34 120
11 34 156
2 36 177
23 31 142
1 15 97
4 27 144
5 36 147
13 27 113
19 38 100
8 21 80
14 34 86
22 34 125
15 34 171
4 29 145
19 28 197
23 33 25
9 32 7
5 20 148
32 38 195
14 37 111
5 9 162
20 38 107
3 27 189
6 38 205
6 14 127
5 18 4
11 37 86
4 26 41
29 37 42
5 31 24
11 24 37
24 38 151
7 38 165
11 32 55
27 31 205
24 33 126
4 32 54
31 36 155
22 35 93
2 34 219
22 28 24
19 30 169
2 24 61
7 19 187
16 19 194
7 25 82
34 37 45
2 19 144
10 31 153
9 29 183
2 32 75
18 20 175
9 37 19
2 22 128
34 38 84
21 35 93
25 27 109
15 29 91
18 37 113
24 27 91
12 22 30
33 35 82
12 19 155
7 23 195
10 21 68
32 35 37
15 33 9
29 36 91
26 28 93
17 27 209
7 15 2
3 32 155
7 31 177
35 37 8
28 30 44
1 14 125
7 21 70
1 26 131
16 33 148
18 35 69
6 24 167
8 34 134
32 36 135
12 15 219
5 22 48
9 22 1
7 14 96
28 36 193
19 27 57
2 29 156
21 34 102
25 35 117
7 26 81
26 32 21
30 32 114
2 33 215
4 31 181
22 36 115
25 30 95
15 20 41
2 38 204
23 38 177
32 34 166
8 32 183
19 35 74
3 25 153
9 27 85
4 37 178
33 36 187
31 34 194
12 33 214
8 24 61
16 23 101
11 36 173
4 25 36
16 34 145
27 32 144
10 32 93
21 33 90
7 29 94
11 35 29
16 36 123
6 35 72
11 27 208
5 27 42
16 32 216
36 38 75
20 37 44
15 23 15
3 20 135
5 21 173
7 22 64
7 20 145
8 29 140
1 18 38
12 21 105
7 27 90
8 26 33
22 24 27
29 33 143
33 38 158
5 26 96
8 33 192
16 30 104
26 37 146
6 26 210
3 35 49
14 29 42
5 28 113
12 37 50
11 30 6
3 16 108
8 31 24
23 26 156
17 31 18
6 18 165
27 34 116
31 38 33
13 26 52
20 32 219
33 37 136
25 36 90
26 36 109
22 30 41
3 38 157
11 33 78
30 36 61
5 35 115
5 38 31
28 37 95
27 38 163
13 22 212
29 38 176
14 35 156
18 36 67
22 38 101
6 31 206
4 34 80
1 36 121
17 37 11
13 36 79
