32 496
1 2 34
2 3 14
3 4 39
4 5 22
5 6 85
6 7 49
7 8 148
8 9 107
9 10 126
10 11 161
11 12 7
12 13 97
13 14 127
14 15 46
15 16 94
16 17 81
17 18 52
18 19 48
19 20 90
20 21 52
21 22 26
22 23 169
23 24 135
24 25 46
25 26 17
26 27 169
27 28 159
28 29 87
29 30 28
30 31 15
31 32 92
9 25 16
20 22 120
2 15 171
11 15 138
1 9 46
17 26 145
2 10 8
26 32 94
2 12 39
3 13 7
18 28 57
6 24 150
3 10 80
10 12 61
2 5 75
4 7 143
15 19 153
2 9 112
8 19 160
22 29 76
8 10 34
5 8 12
2 25 28
8 21 103
2 4 51
1 1 62
20 26 41
12 28 146
7 18 176
29 31 26
5 22 130
6 9 61
28 31 128
16 31 123
1 16 58
13 25 13
16 28 152
4 13 117
25 27 7
4 9 31
2 22 76
27 31 92
1 6 72
3 17 16
5 29 94
3 6 163
2 6 61
17 25 177
7 20 19
22 31 41
3 7 179
1 20 40
6 17 16
7 29 33
19 31 22
4 23 145
22 26 68
3 8 25
6 19 54
3 5 38
5 31 133
10 23 74
3 9 91
9 22 62
1 3 18
24 30 104
8 31 45
25 32 11
11 27 108
4 26 119
19 25 26
7 12 27
2 8 169
9 14 11
3 22 176
9 13 117
21 29 71
6 21 116
4 19 21
9 31 3
10 22 82
25 30 152
15 31 149
16 21 117
13 19 59
8 11 28
18 24 23
20 23 176
8 24 116
17 30 67
5 9 125
2 11 107
1 5 94
10 17 35
2 32 124
8 32 6
11 21 156
7 15 49
5 32 4
1 17 72
13 17 158
13 15 165
4 14 134
22 30 34
8 15 28
2 7 171
2 29 31
10 20 80
12 16 132
14 17 150
7 14 72
24 26 88
18 22 119
6 26 144
14 20 154
1 30 28
1 10 82
4 6 155
5 11 88
11 13 132
18 29 17
13 28 32
1 19 3
4 12 146
3 26 151
20 29 162
4 30 91
5 12 29
2 20 22
19 29 4
4 11 175
12 24 55
14 28 158
12 15 137
2 21 50
6 18 75
6 13 133
6 22 7
14 31 46
5 26 54
11 18 171
24 29 93
5 13 96
7 11 21
8 30 74
5 23 129
9 23 49
4 22 42
6 27 52
5 7 148
6 30 155
2 27 178
1 12 67
8 17 34
13 18 28
17 27 21
17 21 49
1 4 73
8 13 70
21 24 122
3 16 56
2 19 2
12 17 6
13 21 145
22 27 121
18 23 4
11 28 52
19 30 128
22 24 90
9 21 133
9 18 66
29 32 15
8 20 72
21 31 175
4 28 174
12 21 136
2 30 43
18 26 135
12 14 65
10 29 127
1 13 115
13 20 99
14 24 42
15 30 67
22 32 56
11 20 93
2 14 82
18 25 145
28 32 39
17 28 32
1 15 12
21 26 89
5 28 20
21 28 19
3 20 102
3 21 19
15 26 160
2 17 111
4 8 9
6 10 15
1 28 12
19 28 100
28 30 108
11 16 57
2 18 46
15 27 73
24 28 92
7 9 109
9 24 97
20 31 155
17 23 73
13 24 149
23 30 119
7 10 37
1 8 88
14 21 82
9 19 114
15 17 44
20 25 152
14 18 33
13 23 11
6 12 68
4 18 115
1 7 133
8 23 58
1 23 84
10 28 94
25 31 177
22 28 112
11 24 58
27 30 98
16 20 86
17 32 159
17 24 114
14 26 41
8 16 88
14 22 40
15 21 81
26 28 30
5 15 132
2 24 128
7 25 139
13 32 110
4 32 69
23 29 153
6 16 62
23 32 17
14 16 104
3 27 159
17 20 135
11 32 38
7 13 54
16 23 165
2 13 41
1 21 23
9 12 139
7 27 11
9 32 79
4 25 50
4 29 64
1 14 17
6 14 54
19 23 65
4 16 18
10 14 10
5 27 38
3 11 171
23 31 32
16 18 163
5 16 96
14 19 97
10 21 7
5 24 149
11 25 42
3 14 63
3 18 127
8 12 103
3 12 40
8 14 81
1 22 57
6 28 85
9 15 56
15 18 18
6 29 92
6 8 141
7 30 53
5 17 152
14 23 1
19 21 123
8 25 54
25 29 50
8 27 60
11 17 179
3 23 41
1 11 8
2 28 139
24 27 116
19 26 130
30 32 75
4 17 95
22 25 1
7 17 24
1 32 96
15 20 162
5 20 139
1 29 168
3 19 103
2 23 6
16 24 43
10 13 164
12 20 136
1 18 99
10 18 146
20 28 130
17 29 160
12 19 116
9 11 90
10 32 25
11 14 25
6 32 107
11 23 33
21 32 149
9 29 63
15 29 44
11 30 61
1 31 111
5 21 116
8 18 4
15 23 18
4 27 5
24 32 96
7 22 42
9 26 106
6 11 25
4 20 9
23 25 120
6 15 27
12 18 56
11 29 49
5 30 33
14 25 137
3 31 161
16 29 84
4 31 161
1 26 110
5 14 102
5 19 37
18 21 53
18 32 36
23 28 88
3 29 51
27 32 78
10 25 70
5 10 46
15 22 124
7 19 6
8 22 18
4 10 107
16 30 46
27 29 48
1 27 127
11 31 111
8 26 138
6 25 83
13 22 49
16 19 7
15 28 100
18 20 46
10 15 142
3 28 168
19 24 121
6 23 162
3 15 44
6 20 99
10 19 20
10 27 47
13 16 35
21 30 61
10 30 157
18 31 42
7 28 100
3 24 30
1 25 115
21 25 115
26 31 172
20 24 106
18 30 85
3 32 8
24 31 146
20 32 105
13 30 14
14 30 111
12 30 122
9 20 17
8 29 68
7 26 19
17 19 15
13 27 110
17 31 70
7 23 22
10 26 56
9 17 71
7 24 70
11 22 14
17 22 176
21 27 98
12 25 117
4 15 58
2 16 161
7 16 155
13 26 33
1 24 136
15 24 170
4 21 32
4 24 179
15 25 76
20 27 7
2 31 118
16 26 175
9 28 91
11 26 38
19 32 81
12 22 11
13 31 65
2 26 74
19 22 123
16 25 86
15 32 50
12 29 7
23 26 36
11 19 4
12 23 170
10 16 130
19 27 167
26 29 6
3 30 144
16 22 54
25 28 31
7 21 110
14 32 75
9 27 130
26 30 110
8 28 82
14 29 88
6 31 50
23 27 47
14 27 114
12 32 20
5 18 33
20 30 149
13 29 49
12 31 177
7 31 160
3 25 120
16 32 79
9 16 145
12 26 150
10 31 22
12 27 29
10 24 141
7 32 106
18 27 44
16 27 161
21 23 149
9 30 23
