46 1035
1 2 164
2 3 62
3 4 173
4 5 72
5 6 257
6 7 35
7 8 122
8 9 107
9 10 79
10 11 228
11 12 102
12 13 237
13 14 124
14 15 170
15 16 76
16 17 105
17 18 174
18 19 275
19 20 24
20 21 216
21 22 105
22 23 39
23 24 208
24 25 125
25 26 23
26 27 76
27 28 147
28 29 74
29 30 229
30 31 82
31 32 269
32 33 172
33 34 10
34 35 81
35 36 236
36 37 66
37 38 234
38 39 89
39 40 134
40 41 201
41 42 50
42 43 241
43 44 202
44 45 54
45 46 263
27 29 38
20 25 195
32 38 47
11 35 185
1 3 144
1 21 180
1 1 31
6 10 194
9 24 171
15 22 157
5 11 36
7 42 211
10 12 103
3 34 153
4 44 115
2 16 21
15 34 23
7 12 185
2 17 199
21 38 173
5 27 135
29 45 195
2 5 141
8 32 135
11 27 150
23 33 32
19 30 265
18 21 158
10 29 29
6 40 113
35 39 84
39 44 2
8 13 96
3 31 147
12 45 7
5 7 266
13 44 229
13 35 184
16 25 167
1 5 264
24 41 245
2 20 200
32 44 181
12 26 32
13 23 257
7 18 143
1 12 14
14 29 59
29 32 71
31 36 171
11 21 255
12 15 145
6 41 205
4 7 165
25 31 234
1 33 245
15 19 64
15 29 49
23 34 2
19 40 253
9 17 113
20 40 249
4 6 29
1 24 9
4 8 83
27 35 236
9 11 87
18 33 171
32 35 154
12 19 254
30 34 209
7 23 84
2 4 69
26 28 255
20 22 86
14 16 36
6 45 206
1 4 27
42 46 194
8 12 213
5 37 270
5 16 236
9 14 131
8 11 111
18 35 112
6 9 194
14 18 120
28 37 56
18 39 187
21 44 219
3 6 220
2 27 38
28 34 277
10 41 110
7 20 222
9 38 170
11 20 206
6 15 66
32 34 150
2 26 270
3 10 183
10 17 118
22 27 149
6 8 190
13 33 231
23 38 268
24 32 42
18 22 32
20 31 83
1 6 28
33 35 249
31 41 14
3 5 194
2 21 177
3 18 276
6 29 68
22 42 247
2 23 105
13 22 226
17 30 101
13 36 205
17 20 30
27 43 169
7 31 14
4 10 65
4 40 176
4 20 239
26 43 172
1 19 104
2 28 29
4 13 35
6 34 215
5 21 221
8 20 44
22 31 102
1 20 11
9 40 266
4 18 142
17 27 162
10 30 84
15 45 148
13 40 223
23 31 169
14 41 85
11 28 165
2 32 142
30 38 137
7 15 80
3 23 189
16 34 146
11 24 99
11 37 6
3 9 56
23 46 126
14 22 23
4 24 255
5 15 156
22 32 269
19 24 177
23 40 247
15 25 253
5 23 63
9 13 16
19 36 222
21 46 201
15 27 140
3 7 125
18 29 279
6 17 50
29 35 118
4 25 249
16 36 134
3 45 257
2 39 89
30 45 258
1 17 104
3 22 98
31 42 22
8 17 216
15 46 148
7 32 48
8 18 270
2 25 246
3 12 269
21 39 158
2 15 256
16 19 145
4 14 214
15 28 260
22 28 117
3 35 263
16 18 274
26 44 89
18 20 175
25 37 85
28 35 157
16 29 246
13 28 221
33 36 4
3 28 157
1 9 212
16 35 154
3 11 258
6 19 177
9 12 90
2 11 125
15 39 68
19 27 96
9 15 277
15 21 199
8 16 34
10 44 238
18 41 225
7 22 37
5 33 158
2 19 46
6 18 27
14 39 16
11 26 97
7 33 129
36 39 220
4 12 205
6 24 58
13 31 84
4 42 154
7 10 95
17 35 51
12 29 151
13 19 224
10 37 261
8 22 91
11 23 131
4 43 109
19 31 165
5 39 230
5 29 49
28 44 58
14 31 84
25 42 34
10 45 103
3 25 204
4 11 82
2 45 194
1 36 269
10 20 139
12 34 181
13 18 178
14 35 65
44 46 74
2 33 52
10 13 81
24 45 280
2 13 57
2 42 159
24 43 128
1 8 4
6 37 62
15 20 274
15 35 32
16 23 255
12 44 274
31 35 26
18 34 236
15 33 217
25 30 217
1 7 46
15 30 271
28 39 71
18 26 272
16 44 46
14 24 46
3 19 81
20 23 64
9 33 169
1 26 37
26 38 16
7 34 168
24 37 13
24 44 228
4 36 88
24 36 49
6 14 262
14 19 69
26 36 264
5 9 237
20 36 74
10 31 178
27 41 158
19 26 271
16 45 25
29 39 247
14 23 194
11 19 55
18 32 153
18 37 200
6 33 125
3 17 265
5 32 109
31 38 71
27 42 208
7 9 280
12 17 15
3 14 122
11 13 165
23 28 81
13 30 14
22 39 31
6 28 94
23 37 175
7 17 18
14 30 230
36 43 241
16 20 143
17 22 275
4 21 261
21 27 193
24 39 213
8 31 79
8 34 130
10 16 256
15 43 64
39 45 44
26 31 251
5 36 152
27 30 117
5 14 2
19 22 276
19 28 141
3 26 225
11 22 239
6 46 4
2 14 277
6 16 206
1 37 89
2 6 165
22 33 124
4 45 236
18 31 225
3 43 126
17 19 120
11 17 118
17 24 197
2 38 260
3 40 215
2 12 88
7 25 221
16 32 188
9 37 184
24 26 191
4 17 122
12 16 169
17 23 160
4 23 22
41 44 80
13 16 14
30 41 118
29 34 230
7 39 258
1 27 99
9 19 67
6 38 196
36 41 275
26 37 22
10 14 75
20 33 96
18 40 34
21 45 39
9 39 127
14 46 199
2 7 65
13 17 63
10 35 16
5 17 117
14 25 64
10 19 44
13 45 133
35 46 80
21 26 96
2 10 221
1 28 236
3 42 78
39 42 20
22 38 221
5 18 271
10 36 74
6 12 74
2 9 158
16 33 125
12 35 264
18 25 78
13 20 21
38 45 203
21 35 133
17 41 90
27 33 123
17 37 212
13 15 62
4 46 32
10 28 222
26 29 110
5 19 165
21 23 53
14 44 114
3 13 15
16 46 88
8 39 114
16 37 230
14 40 273
7 14 24
21 24 61
1 18 266
4 34 176
7 37 145
1 23 265
12 20 81
8 15 3
34 37 83
20 45 220
17 33 257
23 27 177
21 37 263
7 27 158
27 34 201
3 24 187
22 25 252
14 42 263
19 45 76
14 20 185
36 40 44
25 39 29
4 31 143
32 39 146
12 46 194
12 27 257
19 37 143
8 10 183
33 42 57
1 43 143
8 40 84
20 35 253
29 46 51
32 40 233
14 33 261
15 41 267
7 11 114
11 18 115
7 30 254
34 42 252
43 45 254
1 22 98
15 18 204
7 16 147
23 32 68
25 36 228
1 16 110
6 27 75
4 9 94
12 14 140
21 30 93
8 14 227
16 22 40
9 27 137
16 39 254
6 25 202
4 32 31
5 45 252
15 31 65
19 43 188
9 30 161
6 36 7
3 8 222
23 39 105
17 42 34
27 32 2
19 41 58
9 36 102
2 24 176
14 21 59
11 15 170
9 16 32
19 33 111
22 43 119
1 41 46
16 41 244
3 20 128
16 21 239
23 25 253
1 46 266
2 36 70
9 29 171
11 14 25
19 21 144
18 28 170
20 24 156
11 29 182
32 43 145
21 29 194
8 21 64
23 29 11
38 40 71
29 36 63
2 8 61
24 28 246
2 18 232
4 29 215
15 40 274
18 36 147
8 42 198
4 19 197
37 43 53
23 45 202
20 32 166
3 46 153
36 45 151
5 43 174
25 46 118
19 44 204
27 40 13
8 29 254
18 23 280
14 26 266
13 25 52
6 21 222
4 35 167
3 33 208
18 46 216
26 32 132
9 26 46
20 27 141
8 33 223
1 11 262
6 20 141
17 32 192
7 13 15
11 30 99
9 44 49
30 32 20
20 30 184
11 34 6
19 46 274
6 11 232
3 16 124
1 32 235
30 33 90
11 46 14
28 32 183
7 29 64
5 12 244
34 44 267
22 26 123
12 33 143
3 36 10
39 43 100
15 37 174
20 26 148
30 43 100
7 36 162
15 38 46
8 25 127
23 44 97
27 46 235
5 46 183
11 36 199
5 30 217
13 32 268
17 21 183
31 37 31
15 26 47
14 32 173
12 31 106
12 24 176
17 25 278
36 46 213
29 38 194
22 29 145
39 46 210
29 33 173
33 44 173
37 45 115
25 29 33
5 28 160
43 46 61
4 15 8
6 35 273
5 10 265
5 8 261
34 36 27
26 46 151
7 40 153
25 27 175
10 39 111
12 38 6
23 36 155
8 23 30
1 13 101
25 44 3
8 30 247
21 33 124
14 28 58
3 30 90
17 36 154
1 42 165
16 30 254
29 31 16
2 31 81
3 15 249
16 40 228
14 17 166
8 26 235
1 34 2
15 23 101
26 35 63
6 13 87
6 43 202
12 21 92
38 41 170
26 42 108
13 46 222
1 10 49
11 38 277
6 26 35
12 28 124
22 36 150
7 28 212
40 43 9
4 37 22
17 38 97
4 27 15
9 35 55
13 27 117
27 38 227
20 39 77
30 37 35
5 41 139
33 37 149
16 42 132
8 35 122
24 35 246
33 38 142
8 19 54
12 18 181
15 17 122
15 24 246
7 21 168
24 38 22
10 42 159
25 34 188
4 38 265
1 44 204
5 44 47
19 35 179
11 45 196
4 33 117
41 43 58
10 15 142
29 37 97
1 31 210
37 39 236
11 31 69
19 29 119
12 32 246
4 22 251
13 34 98
22 24 225
34 43 95
1 15 90
8 41 132
40 42 4
22 30 279
30 40 41
10 23 134
13 39 232
8 38 209
14 27 69
8 24 69
19 23 164
9 43 255
10 32 133
26 40 80
17 28 279
16 24 173
41 45 252
9 45 205
40 44 65
36 44 41
12 41 177
2 22 96
21 31 262
5 13 183
7 45 149
31 43 218
23 43 210
37 41 205
9 32 56
22 46 224
21 28 278
24 34 270
28 38 30
33 41 226
12 23 112
9 20 102
38 43 153
25 32 120
14 37 266
28 43 106
11 42 9
28 46 189
18 24 121
17 26 17
18 42 111
4 28 57
9 18 88
15 36 192
26 45 79
30 42 96
10 21 254
5 34 267
18 27 191
6 44 69
5 20 187
3 29 14
20 29 218
3 41 33
6 31 213
10 27 215
24 42 37
20 42 278
35 42 8
10 22 71
34 40 193
20 44 28
20 41 93
18 38 129
24 46 199
2 34 111
6 23 95
22 45 265
4 16 174
17 43 118
6 22 99
18 30 254
19 42 122
13 29 253
14 45 40
35 43 120
21 32 57
25 33 25
26 34 58
11 41 264
25 45 8
12 42 28
25 38 42
25 40 170
3 32 161
5 42 169
3 44 23
13 21 40
27 39 230
34 45 209
5 24 68
3 39 185
26 30 31
16 27 130
5 35 60
24 27 59
23 26 197
5 25 117
23 35 191
29 43 168
6 30 93
14 36 254
35 40 69
22 41 84
26 33 23
25 41 16
19 34 268
24 30 173
2 29 219
27 36 72
10 26 30
17 44 171
29 40 7
16 43 41
17 34 4
9 31 254
33 45 63
24 40 280
30 44 158
20 37 232
3 21 268
8 36 106
9 25 50
1 29 166
17 40 255
11 25 34
10 24 104
12 36 97
12 43 100
26 41 217
9 41 205
27 31 19
32 36 180
7 38 104
7 19 142
14 34 203
13 26 155
11 32 250
1 39 34
28 30 50
31 46 233
22 37 256
30 46 5
21 36 128
32 42 181
6 32 128
18 44 130
36 38 77
8 27 146
7 43 66
12 25 144
2 30 20
22 40 248
9 21 188
32 41 205
20 28 77
2 43 265
17 29 171
10 43 143
13 24 101
33 40 214
25 28 29
19 38 104
27 44 180
31 40 142
1 25 198
21 25 57
39 41 235
1 14 214
13 38 159
3 27 182
17 45 169
30 36 161
5 40 126
12 30 76
22 34 189
5 22 9
8 45 113
11 33 213
2 35 54
7 41 145
10 18 197
16 28 185
27 37 272
4 26 169
33 43 22
36 42 248
28 41 115
27 45 230
12 22 99
31 33 103
11 16 129
9 34 182
37 44 18
8 46 78
14 43 121
30 35 125
11 39 252
8 37 74
22 44 84
15 32 114
9 28 9
20 34 159
34 39 197
3 38 63
32 37 258
10 34 123
35 45 261
8 44 170
16 26 176
25 43 277
22 35 110
29 44 169
35 44 90
24 31 158
38 46 23
32 46 176
21 34 168
1 30 116
9 23 110
30 39 124
35 41 42
9 22 34
19 32 135
23 42 177
32 45 238
7 35 102
16 38 88
17 31 175
7 26 110
7 24 106
31 39 257
10 46 222
29 42 128
21 43 155
10 33 221
37 42 221
1 35 221
28 36 183
12 37 121
31 45 126
1 40 170
13 37 257
26 39 173
4 39 10
13 43 2
16 31 43
12 40 271
28 33 200
2 40 31
23 30 156
24 29 131
14 38 77
35 38 216
31 34 224
24 33 47
20 43 129
7 44 270
34 38 81
6 42 109
9 46 235
20 46 167
19 25 189
1 45 87
18 43 211
28 45 46
28 40 123
40 46 50
15 42 215
11 44 130
37 40 171
3 37 257
20 38 58
31 44 222
25 35 92
1 38 155
35 37 230
17 46 11
2 46 163
8 28 259
10 25 268
21 40 197
38 44 84
41 46 59
17 39 171
13 42 178
42 44 126
10 38 61
13 41 71
11 43 167
8 43 211
11 40 194
5 26 123
2 37 225
34 46 41
5 31 245
33 39 164
2 44 3
23 41 59
15 44 183
7 46 252
10 40 111
33 46 279
4 41 105
42 45 98
19 39 80
21 41 48
18 45 17
4 30 120
28 31 57
38 42 74
9 42 108
12 39 176
2 41 7
5 38 28
29 41 74
34 41 1
37 46 197
40 45 18
6 39 27
28 42 143
