18 153
1 2 11
2 3 12
3 4 34
4 5 1
5 6 55
6 7 55
7 8 40
8 9 20
9 10 19
10 11 60
11 12 74
12 13 31
13 14 47
14 15 63
15 16 25
16 17 57
17 18 57
11 17 54
2 4 30
5 15 3
4 8 59
4 14 66
1 1 6
4 17 36
5 8 80
1 4 20
1 16 79
2 8 28
14 17 49
2 15 51
7 9 29
6 11 13
7 17 17
1 3 64
3 15 48
10 13 55
4 16 35
3 11 9
4 10 8
14 16 80
6 8 31
7 13 20
7 16 68
3 6 44
8 13 26
3 7 65
2 7 68
1 8 53
11 18 76
2 11 25
9 14 33
2 9 72
9 16 33
9 12 32
8 11 79
3 8 68
8 10 7
1 15 7
9 18 34
12 17 10
3 10 9
7 15 48
4 13 77
1 10 6
4 9 23
12 15 23
2 13 69
3 17 67
13 18 63
7 10 70
1 5 46
3 9 4
6 14 41
8 14 39
3 14 11
11 15 56
8 15 3
6 10 19
1 18 13
7 14 30
7 12 26
11 13 68
4 7 50
10 14 11
4 15 54
5 18 53
6 16 19
9 17 54
3 5 75
8 12 40
2 6 73
2 18 46
4 18 1
6 15 10
5 13 13
5 9 65
2 5 12
6 13 57
1 7 78
3 16 10
2 16 12
10 18 29
2 10 30
1 9 65
8 17 35
9 13 4
3 12 61
2 12 49
13 15 39
1 13 74
15 17 5
10 12 16
4 11 23
14 18 58
10 16 21
6 12 76
5 7 48
10 15 75
6 18 12
8 16 46
6 9 1
1 6 46
11 14 24
7 11 7
2 14 63
5 16 60
5 17 15
9 11 16
5 10 27
12 18 65
4 12 31
1 17 19
6 17 41
12 16 26
13 16 62
9 15 55
1 12 57
3 13 67
4 6 60
13 17 32
5 12 80
10 17 67
5 11 20
3 18 28
12 14 41
5 14 20
1 11 12
15 18 13
7 18 57
11 16 55
8 18 50
16 18 80
2 17 23
