100
1 2
1 3
2 4
2 5
3 6
3 7
4 8
4 9
5 10
5 11
6 12
6 13
7 14
7 15
8 16
8 17
9 18
9 19
10 20
10 21
11 22
11 23
12 24
12 25
13 26
13 27
14 28
14 29
15 30
15 31
16 32
16 33
17 34
17 35
18 36
18 37
19 38
19 39
20 40
20 41
21 42
21 43
22 44
22 45
23 46
23 47
24 48
24 49
25 50
25 51
26 52
26 53
27 54
27 55
28 56
28 57
29 58
29 59
30 60
30 61
31 62
31 63
32 64
32 65
33 66
33 67
34 68
34 69
35 70
35 71
36 72
36 73
37 74
37 75
38 76
38 77
39 78
39 79
40 80
40 81
41 82
41 83
42 84
42 85
43 86
43 87
44 88
44 89
45 90
45 91
46 92
46 93
47 94
47 95
48 96
48 97
49 98
49 99
50 100
10
47
77
55
70
22
89
5
1
92
28
100
21
30
27
60
18
73
59
9
81
51
24
19
79
43
71
73
30
38
89
44
52
28
69
14
79
50
66
88
26
16
3
15
59
93
42
42
86
96
72
79
48
3
58
100
47
44
71
16
52
100
81
44
74
27
70
84
41
3
54
21
56
10
26
19
81
37
42
97
77
22
81
30
84
30
18
87
96
16
36
92
74
1
43
34
20
52
3
34
20
84
19
51
82
75
16
62
97
12
55
61
