500
2 1
3 1
4 1
5 3
6 3
7 5
8 4
9 2
10 7
11 10
12 8
13 10
14 6
15 7
16 13
17 3
18 9
19 10
20 15
21 7
22 20
23 12
24 2
25 3
26 12
27 16
28 7
29 2
30 25
31 14
32 18
33 1
34 27
35 24
36 2
37 22
38 37
39 1
40 3
41 17
42 24
43 17
44 23
45 8
46 19
47 8
48 23
49 28
50 33
51 44
52 50
53 46
54 42
55 16
56 26
57 28
58 49
59 23
60 21
61 48
62 45
63 9
64 35
65 25
66 49
67 37
68 11
69 62
70 40
71 33
72 27
73 54
74 29
75 46
76 58
77 50
78 13
79 75
80 20
81 72
82 77
83 51
84 65
85 69
86 78
87 45
88 71
89 29
90 87
91 2
92 2
93 13
94 81
95 37
96 14
97 14
98 86
99 53
100 47
101 94
102 29
103 102
104 21
105 22
106 45
107 99
108 82
109 79
110 43
111 5
112 67
113 52
114 87
115 64
116 47
117 78
118 77
119 109
120 105
121 45
122 112
123 72
124 116
125 78
126 79
127 30
128 97
129 88
130 105
131 16
132 14
133 17
134 6
135 65
136 78
137 22
138 79
139 28
140 81
141 42
142 122
143 20
144 50
145 42
146 5
147 94
148 142
149 63
150 79
151 120
152 66
153 66
154 144
155 71
156 82
157 49
158 15
159 157
160 88
161 113
162 12
163 2
164 62
165 100
166 80
167 34
168 135
169 41
170 154
171 75
172 5
173 26
174 41
175 115
176 108
177 104
178 135
179 158
180 162
181 173
182 159
183 111
184 84
185 74
186 167
187 122
188 76
189 127
190 32
191 183
192 85
193 92
194 172
195 175
196 144
197 13
198 197
199 198
200 25
201 13
202 171
203 69
204 195
205 67
206 9
207 120
208 176
209 131
210 188
211 139
212 132
213 188
214 154
215 47
216 73
217 20
218 104
219 47
220 22
221 54
222 113
223 124
224 64
225 138
226 181
227 124
228 162
229 61
230 82
231 221
232 84
233 22
234 61
235 177
236 128
237 152
238 222
239 131
240 205
241 174
242 122
243 209
244 138
245 129
246 231
247 207
248 17
249 54
250 143
251 142
252 144
253 85
254 233
255 186
256 46
257 196
258 153
259 168
260 48
261 79
262 127
263 7
264 227
265 164
266 146
267 72
268 103
269 127
270 234
271 234
272 105
273 232
274 206
275 250
276 245
277 97
278 83
279 100
280 263
281 273
282 162
283 160
284 135
285 28
286 226
287 156
288 179
289 46
290 67
291 234
292 160
293 263
294 53
295 245
296 270
297 110
298 102
299 146
300 202
301 95
302 38
303 185
304 158
305 8
306 227
307 294
308 196
309 216
310 191
311 80
312 298
313 76
314 263
315 167
316 289
317 80
318 77
319 86
320 150
321 46
322 270
323 150
324 191
325 303
326 189
327 114
328 173
329 64
330 288
331 275
332 167
333 221
334 3
335 7
336 49
337 301
338 252
339 333
340 247
341 95
342 157
343 275
344 125
345 154
346 291
347 345
348 116
349 21
350 113
351 334
352 131
353 304
354 231
355 242
356 255
357 121
358 317
359 34
360 333
361 121
362 10
363 117
364 12
365 252
366 284
367 363
368 70
369 56
370 171
371 160
372 175
373 252
374 160
375 372
376 176
377 183
378 69
379 24
380 70
381 325
382 109
383 249
384 113
385 58
386 259
387 110
388 100
389 330
390 147
391 178
392 62
393 137
394 194
395 373
396 35
397 105
398 127
399 131
400 357
401 251
402 90
403 46
404 36
405 144
406 236
407 144
408 373
409 281
410 72
411 304
412 16
413 363
414 202
415 181
416 87
417 371
418 94
419 230
420 87
421 186
422 386
423 264
424 189
425 325
426 354
427 3
428 183
429 208
430 171
431 104
432 370
433 217
434 323
435 399
436 329
437 300
438 284
439 386
440 119
441 128
442 227
443 32
444 142
445 281
446 222
447 422
448 270
449 231
450 65
451 1
452 219
453 165
454 6
455 46
456 310
457 251
458 129
459 121
460 444
461 193
462 31
463 295
464 391
465 235
466 451
467 369
468 385
469 70
470 300
471 278
472 414
473 346
474 271
475 86
476 168
477 433
478 203
479 28
480 135
481 207
482 175
483 58
484 72
485 94
486 370
487 150
488 18
489 122
490 138
491 284
492 338
493 280
494 30
495 429
496 234
497 280
498 163
499 240
500 225
10
439
224
7
292
212
341
174
135
327
177
500
179
296
144
398
290
190
293
457
41
107
41
6
92
289
9
380
62
160
25
103
33
52
477
41
110
272
111
237
331
116
296
100
152
231
187
172
401
56
277
292
282
50
219
177
346
102
309
8
447
425
480
335
476
356
266
298
106
1
158
220
348
357
234
68
17
415
84
433
90
500
17
451
131
143
473
154
18
407
89
439
378
271
486
315
35
257
197
228
17
31
326
378
417
324
307
293
328
368
233
137
282
429
445
293
459
188
199
335
98
164
387
415
99
306
323
23
253
321
201
123
129
284
59
111
83
31
460
62
498
29
385
52
147
210
473
208
48
192
114
498
376
237
432
369
383
182
207
157
494
454
125
370
448
241
449
136
268
347
80
98
116
493
438
5
231
236
194
351
257
437
318
91
118
114
95
386
363
400
338
101
276
342
137
199
11
180
9
181
310
309
78
315
250
2
489
437
383
130
167
435
217
188
122
447
345
266
164
276
80
445
229
462
53
384
318
150
292
426
427
498
316
266
18
239
34
17
7
73
323
130
59
333
413
332
50
256
17
417
82
389
477
460
236
361
411
434
109
445
12
167
141
118
52
476
130
127
58
391
495
216
135
399
124
487
388
398
233
446
262
448
101
162
205
415
385
473
131
340
475
286
143
491
253
35
110
234
421
201
118
147
495
433
227
258
5
236
305
89
6
425
11
271
395
99
55
407
186
452
248
82
470
47
474
349
100
127
363
215
37
206
160
158
494
473
53
134
486
141
32
250
74
449
444
265
129
179
211
167
166
495
72
383
235
283
277
201
278
184
258
65
390
80
401
15
251
251
173
34
298
407
428
80
35
355
42
169
495
181
167
182
234
123
345
500
191
394
394
252
318
148
308
331
154
98
91
282
243
261
469
78
205
384
89
297
436
140
447
413
132
316
292
161
17
440
37
72
202
458
73
447
2
200
49
332
139
88
18
145
274
190
445
375
486
6
101
121
227
495
89
454
14
414
444
32
446
28
419
356
252
69
171
397
192
448
317
48
22
308
37
425
445
493
21
192
196
227
135
159
2
418
324
79
381
286
246
417
25
58
166
432
101
486
225
13
2
14
18
386
361
497
304
421
216
347
12
297
173
245
286
461
61
389
54
234
166
475
411
467
20
319
