5000
1 2
1 3
3 4
3 5
5 6
5 7
7 8
7 9
9 10
9 11
11 12
11 13
13 14
13 15
15 16
15 17
17 18
17 19
19 20
19 21
21 22
21 23
23 24
23 25
25 26
25 27
27 28
27 29
29 30
29 31
31 32
31 33
33 34
33 35
35 36
35 37
37 38
37 39
39 40
39 41
41 42
41 43
43 44
43 45
45 46
45 47
47 48
47 49
49 50
49 51
51 52
51 53
53 54
53 55
55 56
55 57
57 58
57 59
59 60
59 61
61 62
61 63
63 64
63 65
65 66
65 67
67 68
67 69
69 70
69 71
71 72
71 73
73 74
73 75
75 76
75 77
77 78
77 79
79 80
79 81
81 82
81 83
83 84
83 85
85 86
85 87
87 88
87 89
89 90
89 91
91 92
91 93
93 94
93 95
95 96
95 97
97 98
97 99
99 100
99 101
101 102
101 103
103 104
103 105
105 106
105 107
107 108
107 109
109 110
109 111
111 112
111 113
113 114
113 115
115 116
115 117
117 118
117 119
119 120
119 121
121 122
121 123
123 124
123 125
125 126
125 127
127 128
127 129
129 130
129 131
131 132
131 133
133 134
133 135
135 136
135 137
137 138
137 139
139 140
139 141
141 142
141 143
143 144
143 145
145 146
145 147
147 148
147 149
149 150
149 151
151 152
151 153
153 154
153 155
155 156
155 157
157 158
157 159
159 160
159 161
161 162
161 163
163 164
163 165
165 166
165 167
167 168
167 169
169 170
169 171
171 172
171 173
173 174
173 175
175 176
175 177
177 178
177 179
179 180
179 181
181 182
181 183
183 184
183 185
185 186
185 187
187 188
187 189
189 190
189 191
191 192
191 193
193 194
193 195
195 196
195 197
197 198
197 199
199 200
199 201
201 202
201 203
203 204
203 205
205 206
205 207
207 208
207 209
209 210
209 211
211 212
211 213
213 214
213 215
215 216
215 217
217 218
217 219
219 220
219 221
221 222
221 223
223 224
223 225
225 226
225 227
227 228
227 229
229 230
229 231
231 232
231 233
233 234
233 235
235 236
235 237
237 238
237 239
239 240
239 241
241 242
241 243
243 244
243 245
245 246
245 247
247 248
247 249
249 250
249 251
251 252
251 253
253 254
253 255
255 256
255 257
257 258
257 259
259 260
259 261
261 262
261 263
263 264
263 265
265 266
265 267
267 268
267 269
269 270
269 271
271 272
271 273
273 274
273 275
275 276
275 277
277 278
277 279
279 280
279 281
281 282
281 283
283 284
283 285
285 286
285 287
287 288
287 289
289 290
289 291
291 292
291 293
293 294
293 295
295 296
295 297
297 298
297 299
299 300
299 301
301 302
301 303
303 304
303 305
305 306
305 307
307 308
307 309
309 310
309 311
311 312
311 313
313 314
313 315
315 316
315 317
317 318
317 319
319 320
319 321
321 322
321 323
323 324
323 325
325 326
325 327
327 328
327 329
329 330
329 331
331 332
331 333
333 334
333 335
335 336
335 337
337 338
337 339
339 340
339 341
341 342
341 343
343 344
343 345
345 346
345 347
347 348
347 349
349 350
349 351
351 352
351 353
353 354
353 355
355 356
355 357
357 358
357 359
359 360
359 361
361 362
361 363
363 364
363 365
365 366
365 367
367 368
367 369
369 370
369 371
371 372
371 373
373 374
373 375
375 376
375 377
377 378
377 379
379 380
379 381
381 382
381 383
383 384
383 385
385 386
385 387
387 388
387 389
389 390
389 391
391 392
391 393
393 394
393 395
395 396
395 397
397 398
397 399
399 400
399 401
401 402
401 403
403 404
403 405
405 406
405 407
407 408
407 409
409 410
409 411
411 412
411 413
413 414
413 415
415 416
415 417
417 418
417 419
419 420
419 421
421 422
421 423
423 424
423 425
425 426
425 427
427 428
427 429
429 430
429 431
431 432
431 433
433 434
433 435
435 436
435 437
437 438
437 439
439 440
439 441
441 442
441 443
443 444
443 445
445 446
445 447
447 448
447 449
449 450
449 451
451 452
451 453
453 454
453 455
455 456
455 457
457 458
457 459
459 460
459 461
461 462
461 463
463 464
463 465
465 466
465 467
467 468
467 469
469 470
469 471
471 472
471 473
473 474
473 475
475 476
475 477
477 478
477 479
479 480
479 481
481 482
481 483
483 484
483 485
485 486
485 487
487 488
487 489
489 490
489 491
491 492
491 493
493 494
493 495
495 496
495 497
497 498
497 499
499 500
499 501
501 502
501 503
503 504
503 505
505 506
505 507
507 508
507 509
509 510
509 511
511 512
511 513
513 514
513 515
515 516
515 517
517 518
517 519
519 520
519 521
521 522
521 523
523 524
523 525
525 526
525 527
527 528
527 529
529 530
529 531
531 532
531 533
533 534
533 535
535 536
535 537
537 538
537 539
539 540
539 541
541 542
541 543
543 544
543 545
545 546
545 547
547 548
547 549
549 550
549 551
551 552
551 553
553 554
553 555
555 556
555 557
557 558
557 559
559 560
559 561
561 562
561 563
563 564
563 565
565 566
565 567
567 568
567 569
569 570
569 571
571 572
571 573
573 574
573 575
575 576
575 577
577 578
577 579
579 580
579 581
581 582
581 583
583 584
583 585
585 586
585 587
587 588
587 589
589 590
589 591
591 592
591 593
593 594
593 595
595 596
595 597
597 598
597 599
599 600
599 601
601 602
601 603
603 604
603 605
605 606
605 607
607 608
607 609
609 610
609 611
611 612
611 613
613 614
613 615
615 616
615 617
617 618
617 619
619 620
619 621
621 622
621 623
623 624
623 625
625 626
625 627
627 628
627 629
629 630
629 631
631 632
631 633
633 634
633 635
635 636
635 637
637 638
637 639
639 640
639 641
641 642
641 643
643 644
643 645
645 646
645 647
647 648
647 649
649 650
649 651
651 652
651 653
653 654
653 655
655 656
655 657
657 658
657 659
659 660
659 661
661 662
661 663
663 664
663 665
665 666
665 667
667 668
667 669
669 670
669 671
671 672
671 673
673 674
673 675
675 676
675 677
677 678
677 679
679 680
679 681
681 682
681 683
683 684
683 685
685 686
685 687
687 688
687 689
689 690
689 691
691 692
691 693
693 694
693 695
695 696
695 697
697 698
697 699
699 700
699 701
701 702
701 703
703 704
703 705
705 706
705 707
707 708
707 709
709 710
709 711
711 712
711 713
713 714
713 715
715 716
715 717
717 718
717 719
719 720
719 721
721 722
721 723
723 724
723 725
725 726
725 727
727 728
727 729
729 730
729 731
731 732
731 733
733 734
733 735
735 736
735 737
737 738
737 739
739 740
739 741
741 742
741 743
743 744
743 745
745 746
745 747
747 748
747 749
749 750
749 751
751 752
751 753
753 754
753 755
755 756
755 757
757 758
757 759
759 760
759 761
761 762
761 763
763 764
763 765
765 766
765 767
767 768
767 769
769 770
769 771
771 772
771 773
773 774
773 775
775 776
775 777
777 778
777 779
779 780
779 781
781 782
781 783
783 784
783 785
785 786
785 787
787 788
787 789
789 790
789 791
791 792
791 793
793 794
793 795
795 796
795 797
797 798
797 799
799 800
799 801
801 802
801 803
803 804
803 805
805 806
805 807
807 808
807 809
809 810
809 811
811 812
811 813
813 814
813 815
815 816
815 817
817 818
817 819
819 820
819 821
821 822
821 823
823 824
823 825
825 826
825 827
827 828
827 829
829 830
829 831
831 832
831 833
833 834
833 835
835 836
835 837
837 838
837 839
839 840
839 841
841 842
841 843
843 844
843 845
845 846
845 847
847 848
847 849
849 850
849 851
851 852
851 853
853 854
853 855
855 856
855 857
857 858
857 859
859 860
859 861
861 862
861 863
863 864
863 865
865 866
865 867
867 868
867 869
869 870
869 871
871 872
871 873
873 874
873 875
875 876
875 877
877 878
877 879
879 880
879 881
881 882
881 883
883 884
883 885
885 886
885 887
887 888
887 889
889 890
889 891
891 892
891 893
893 894
893 895
895 896
895 897
897 898
897 899
899 900
899 901
901 902
901 903
903 904
903 905
905 906
905 907
907 908
907 909
909 910
909 911
911 912
911 913
913 914
913 915
915 916
915 917
917 918
917 919
919 920
919 921
921 922
921 923
923 924
923 925
925 926
925 927
927 928
927 929
929 930
929 931
931 932
931 933
933 934
933 935
935 936
935 937
937 938
937 939
939 940
939 941
941 942
941 943
943 944
943 945
945 946
945 947
947 948
947 949
949 950
949 951
951 952
951 953
953 954
953 955
955 956
955 957
957 958
957 959
959 960
959 961
961 962
961 963
963 964
963 965
965 966
965 967
967 968
967 969
969 970
969 971
971 972
971 973
973 974
973 975
975 976
975 977
977 978
977 979
979 980
979 981
981 982
981 983
983 984
983 985
985 986
985 987
987 988
987 989
989 990
989 991
991 992
991 993
993 994
993 995
995 996
995 997
997 998
997 999
999 1000
999 1001
1001 1002
1001 1003
1003 1004
1003 1005
1005 1006
1005 1007
1007 1008
1007 1009
1009 1010
1009 1011
1011 1012
1011 1013
1013 1014
1013 1015
1015 1016
1015 1017
1017 1018
1017 1019
1019 1020
1019 1021
1021 1022
1021 1023
1023 1024
1023 1025
1025 1026
1025 1027
1027 1028
1027 1029
1029 1030
1029 1031
1031 1032
1031 1033
1033 1034
1033 1035
1035 1036
1035 1037
1037 1038
1037 1039
1039 1040
1039 1041
1041 1042
1041 1043
1043 1044
1043 1045
1045 1046
1045 1047
1047 1048
1047 1049
1049 1050
1049 1051
1051 1052
1051 1053
1053 1054
1053 1055
1055 1056
1055 1057
1057 1058
1057 1059
1059 1060
1059 1061
1061 1062
1061 1063
1063 1064
1063 1065
1065 1066
1065 1067
1067 1068
1067 1069
1069 1070
1069 1071
1071 1072
1071 1073
1073 1074
1073 1075
1075 1076
1075 1077
1077 1078
1077 1079
1079 1080
1079 1081
1081 1082
1081 1083
1083 1084
1083 1085
1085 1086
1085 1087
1087 1088
1087 1089
1089 1090
1089 1091
1091 1092
1091 1093
1093 1094
1093 1095
1095 1096
1095 1097
1097 1098
1097 1099
1099 1100
1099 1101
1101 1102
1101 1103
1103 1104
1103 1105
1105 1106
1105 1107
1107 1108
1107 1109
1109 1110
1109 1111
1111 1112
1111 1113
1113 1114
1113 1115
1115 1116
1115 1117
1117 1118
1117 1119
1119 1120
1119 1121
1121 1122
1121 1123
1123 1124
1123 1125
1125 1126
1125 1127
1127 1128
1127 1129
1129 1130
1129 1131
1131 1132
1131 1133
1133 1134
1133 1135
1135 1136
1135 1137
1137 1138
1137 1139
1139 1140
1139 1141
1141 1142
1141 1143
1143 1144
1143 1145
1145 1146
1145 1147
1147 1148
1147 1149
1149 1150
1149 1151
1151 1152
1151 1153
1153 1154
1153 1155
1155 1156
1155 1157
1157 1158
1157 1159
1159 1160
1159 1161
1161 1162
1161 1163
1163 1164
1163 1165
1165 1166
1165 1167
1167 1168
1167 1169
1169 1170
1169 1171
1171 1172
1171 1173
1173 1174
1173 1175
1175 1176
1175 1177
1177 1178
1177 1179
1179 1180
1179 1181
1181 1182
1181 1183
1183 1184
1183 1185
1185 1186
1185 1187
1187 1188
1187 1189
1189 1190
1189 1191
1191 1192
1191 1193
1193 1194
1193 1195
1195 1196
1195 1197
1197 1198
1197 1199
1199 1200
1199 1201
1201 1202
1201 1203
1203 1204
1203 1205
1205 1206
1205 1207
1207 1208
1207 1209
1209 1210
1209 1211
1211 1212
1211 1213
1213 1214
1213 1215
1215 1216
1215 1217
1217 1218
1217 1219
1219 1220
1219 1221
1221 1222
1221 1223
1223 1224
1223 1225
1225 1226
1225 1227
1227 1228
1227 1229
1229 1230
1229 1231
1231 1232
1231 1233
1233 1234
1233 1235
1235 1236
1235 1237
1237 1238
1237 1239
1239 1240
1239 1241
1241 1242
1241 1243
1243 1244
1243 1245
1245 1246
1245 1247
1247 1248
1247 1249
1249 1250
1249 1251
1251 1252
1251 1253
1253 1254
1253 1255
1255 1256
1255 1257
1257 1258
1257 1259
1259 1260
1259 1261
1261 1262
1261 1263
1263 1264
1263 1265
1265 1266
1265 1267
1267 1268
1267 1269
1269 1270
1269 1271
1271 1272
1271 1273
1273 1274
1273 1275
1275 1276
1275 1277
1277 1278
1277 1279
1279 1280
1279 1281
1281 1282
1281 1283
1283 1284
1283 1285
1285 1286
1285 1287
1287 1288
1287 1289
1289 1290
1289 1291
1291 1292
1291 1293
1293 1294
1293 1295
1295 1296
1295 1297
1297 1298
1297 1299
1299 1300
1299 1301
1301 1302
1301 1303
1303 1304
1303 1305
1305 1306
1305 1307
1307 1308
1307 1309
1309 1310
1309 1311
1311 1312
1311 1313
1313 1314
1313 1315
1315 1316
1315 1317
1317 1318
1317 1319
1319 1320
1319 1321
1321 1322
1321 1323
1323 1324
1323 1325
1325 1326
1325 1327
1327 1328
1327 1329
1329 1330
1329 1331
1331 1332
1331 1333
1333 1334
1333 1335
1335 1336
1335 1337
1337 1338
1337 1339
1339 1340
1339 1341
1341 1342
1341 1343
1343 1344
1343 1345
1345 1346
1345 1347
1347 1348
1347 1349
1349 1350
1349 1351
1351 1352
1351 1353
1353 1354
1353 1355
1355 1356
1355 1357
1357 1358
1357 1359
1359 1360
1359 1361
1361 1362
1361 1363
1363 1364
1363 1365
1365 1366
1365 1367
1367 1368
1367 1369
1369 1370
1369 1371
1371 1372
1371 1373
1373 1374
1373 1375
1375 1376
1375 1377
1377 1378
1377 1379
1379 1380
1379 1381
1381 1382
1381 1383
1383 1384
1383 1385
1385 1386
1385 1387
1387 1388
1387 1389
1389 1390
1389 1391
1391 1392
1391 1393
1393 1394
1393 1395
1395 1396
1395 1397
1397 1398
1397 1399
1399 1400
1399 1401
1401 1402
1401 1403
1403 1404
1403 1405
1405 1406
1405 1407
1407 1408
1407 1409
1409 1410
1409 1411
1411 1412
1411 1413
1413 1414
1413 1415
1415 1416
1415 1417
1417 1418
1417 1419
1419 1420
1419 1421
1421 1422
1421 1423
1423 1424
1423 1425
1425 1426
1425 1427
1427 1428
1427 1429
1429 1430
1429 1431
1431 1432
1431 1433
1433 1434
1433 1435
1435 1436
1435 1437
1437 1438
1437 1439
1439 1440
1439 1441
1441 1442
1441 1443
1443 1444
1443 1445
1445 1446
1445 1447
1447 1448
1447 1449
1449 1450
1449 1451
1451 1452
1451 1453
1453 1454
1453 1455
1455 1456
1455 1457
1457 1458
1457 1459
1459 1460
1459 1461
1461 1462
1461 1463
1463 1464
1463 1465
1465 1466
1465 1467
1467 1468
1467 1469
1469 1470
1469 1471
1471 1472
1471 1473
1473 1474
1473 1475
1475 1476
1475 1477
1477 1478
1477 1479
1479 1480
1479 1481
1481 1482
1481 1483
1483 1484
1483 1485
1485 1486
1485 1487
1487 1488
1487 1489
1489 1490
1489 1491
1491 1492
1491 1493
1493 1494
1493 1495
1495 1496
1495 1497
1497 1498
1497 1499
1499 1500
1499 1501
1501 1502
1501 1503
1503 1504
1503 1505
1505 1506
1505 1507
1507 1508
1507 1509
1509 1510
1509 1511
1511 1512
1511 1513
1513 1514
1513 1515
1515 1516
1515 1517
1517 1518
1517 1519
1519 1520
1519 1521
1521 1522
1521 1523
1523 1524
1523 1525
1525 1526
1525 1527
1527 1528
1527 1529
1529 1530
1529 1531
1531 1532
1531 1533
1533 1534
1533 1535
1535 1536
1535 1537
1537 1538
1537 1539
1539 1540
1539 1541
1541 1542
1541 1543
1543 1544
1543 1545
1545 1546
1545 1547
1547 1548
1547 1549
1549 1550
1549 1551
1551 1552
1551 1553
1553 1554
1553 1555
1555 1556
1555 1557
1557 1558
1557 1559
1559 1560
1559 1561
1561 1562
1561 1563
1563 1564
1563 1565
1565 1566
1565 1567
1567 1568
1567 1569
1569 1570
1569 1571
1571 1572
1571 1573
1573 1574
1573 1575
1575 1576
1575 1577
1577 1578
1577 1579
1579 1580
1579 1581
1581 1582
1581 1583
1583 1584
1583 1585
1585 1586
1585 1587
1587 1588
1587 1589
1589 1590
1589 1591
1591 1592
1591 1593
1593 1594
1593 1595
1595 1596
1595 1597
1597 1598
1597 1599
1599 1600
1599 1601
1601 1602
1601 1603
1603 1604
1603 1605
1605 1606
1605 1607
1607 1608
1607 1609
1609 1610
1609 1611
1611 1612
1611 1613
1613 1614
1613 1615
1615 1616
1615 1617
1617 1618
1617 1619
1619 1620
1619 1621
1621 1622
1621 1623
1623 1624
1623 1625
1625 1626
1625 1627
1627 1628
1627 1629
1629 1630
1629 1631
1631 1632
1631 1633
1633 1634
1633 1635
1635 1636
1635 1637
1637 1638
1637 1639
1639 1640
1639 1641
1641 1642
1641 1643
1643 1644
1643 1645
1645 1646
1645 1647
1647 1648
1647 1649
1649 1650
1649 1651
1651 1652
1651 1653
1653 1654
1653 1655
1655 1656
1655 1657
1657 1658
1657 1659
1659 1660
1659 1661
1661 1662
1661 1663
1663 1664
1663 1665
1665 1666
1665 1667
1667 1668
1667 1669
1669 1670
1669 1671
1671 1672
1671 1673
1673 1674
1673 1675
1675 1676
1675 1677
1677 1678
1677 1679
1679 1680
1679 1681
1681 1682
1681 1683
1683 1684
1683 1685
1685 1686
1685 1687
1687 1688
1687 1689
1689 1690
1689 1691
1691 1692
1691 1693
1693 1694
1693 1695
1695 1696
1695 1697
1697 1698
1697 1699
1699 1700
1699 1701
1701 1702
1701 1703
1703 1704
1703 1705
1705 1706
1705 1707
1707 1708
1707 1709
1709 1710
1709 1711
1711 1712
1711 1713
1713 1714
1713 1715
1715 1716
1715 1717
1717 1718
1717 1719
1719 1720
1719 1721
1721 1722
1721 1723
1723 1724
1723 1725
1725 1726
1725 1727
1727 1728
1727 1729
1729 1730
1729 1731
1731 1732
1731 1733
1733 1734
1733 1735
1735 1736
1735 1737
1737 1738
1737 1739
1739 1740
1739 1741
1741 1742
1741 1743
1743 1744
1743 1745
1745 1746
1745 1747
1747 1748
1747 1749
1749 1750
1749 1751
1751 1752
1751 1753
1753 1754
1753 1755
1755 1756
1755 1757
1757 1758
1757 1759
1759 1760
1759 1761
1761 1762
1761 1763
1763 1764
1763 1765
1765 1766
1765 1767
1767 1768
1767 1769
1769 1770
1769 1771
1771 1772
1771 1773
1773 1774
1773 1775
1775 1776
1775 1777
1777 1778
1777 1779
1779 1780
1779 1781
1781 1782
1781 1783
1783 1784
1783 1785
1785 1786
1785 1787
1787 1788
1787 1789
1789 1790
1789 1791
1791 1792
1791 1793
1793 1794
1793 1795
1795 1796
1795 1797
1797 1798
1797 1799
1799 1800
1799 1801
1801 1802
1801 1803
1803 1804
1803 1805
1805 1806
1805 1807
1807 1808
1807 1809
1809 1810
1809 1811
1811 1812
1811 1813
1813 1814
1813 1815
1815 1816
1815 1817
1817 1818
1817 1819
1819 1820
1819 1821
1821 1822
1821 1823
1823 1824
1823 1825
1825 1826
1825 1827
1827 1828
1827 1829
1829 1830
1829 1831
1831 1832
1831 1833
1833 1834
1833 1835
1835 1836
1835 1837
1837 1838
1837 1839
1839 1840
1839 1841
1841 1842
1841 1843
1843 1844
1843 1845
1845 1846
1845 1847
1847 1848
1847 1849
1849 1850
1849 1851
1851 1852
1851 1853
1853 1854
1853 1855
1855 1856
1855 1857
1857 1858
1857 1859
1859 1860
1859 1861
1861 1862
1861 1863
1863 1864
1863 1865
1865 1866
1865 1867
1867 1868
1867 1869
1869 1870
1869 1871
1871 1872
1871 1873
1873 1874
1873 1875
1875 1876
1875 1877
1877 1878
1877 1879
1879 1880
1879 1881
1881 1882
1881 1883
1883 1884
1883 1885
1885 1886
1885 1887
1887 1888
1887 1889
1889 1890
1889 1891
1891 1892
1891 1893
1893 1894
1893 1895
1895 1896
1895 1897
1897 1898
1897 1899
1899 1900
1899 1901
1901 1902
1901 1903
1903 1904
1903 1905
1905 1906
1905 1907
1907 1908
1907 1909
1909 1910
1909 1911
1911 1912
1911 1913
1913 1914
1913 1915
1915 1916
1915 1917
1917 1918
1917 1919
1919 1920
1919 1921
1921 1922
1921 1923
1923 1924
1923 1925
1925 1926
1925 1927
1927 1928
1927 1929
1929 1930
1929 1931
1931 1932
1931 1933
1933 1934
1933 1935
1935 1936
1935 1937
1937 1938
1937 1939
1939 1940
1939 1941
1941 1942
1941 1943
1943 1944
1943 1945
1945 1946
1945 1947
1947 1948
1947 1949
1949 1950
1949 1951
1951 1952
1951 1953
1953 1954
1953 1955
1955 1956
1955 1957
1957 1958
1957 1959
1959 1960
1959 1961
1961 1962
1961 1963
1963 1964
1963 1965
1965 1966
1965 1967
1967 1968
1967 1969
1969 1970
1969 1971
1971 1972
1971 1973
1973 1974
1973 1975
1975 1976
1975 1977
1977 1978
1977 1979
1979 1980
1979 1981
1981 1982
1981 1983
1983 1984
1983 1985
1985 1986
1985 1987
1987 1988
1987 1989
1989 1990
1989 1991
1991 1992
1991 1993
1993 1994
1993 1995
1995 1996
1995 1997
1997 1998
1997 1999
1999 2000
1999 2001
2001 2002
2001 2003
2003 2004
2003 2005
2005 2006
2005 2007
2007 2008
2007 2009
2009 2010
2009 2011
2011 2012
2011 2013
2013 2014
2013 2015
2015 2016
2015 2017
2017 2018
2017 2019
2019 2020
2019 2021
2021 2022
2021 2023
2023 2024
2023 2025
2025 2026
2025 2027
2027 2028
2027 2029
2029 2030
2029 2031
2031 2032
2031 2033
2033 2034
2033 2035
2035 2036
2035 2037
2037 2038
2037 2039
2039 2040
2039 2041
2041 2042
2041 2043
2043 2044
2043 2045
2045 2046
2045 2047
2047 2048
2047 2049
2049 2050
2049 2051
2051 2052
2051 2053
2053 2054
2053 2055
2055 2056
2055 2057
2057 2058
2057 2059
2059 2060
2059 2061
2061 2062
2061 2063
2063 2064
2063 2065
2065 2066
2065 2067
2067 2068
2067 2069
2069 2070
2069 2071
2071 2072
2071 2073
2073 2074
2073 2075
2075 2076
2075 2077
2077 2078
2077 2079
2079 2080
2079 2081
2081 2082
2081 2083
2083 2084
2083 2085
2085 2086
2085 2087
2087 2088
2087 2089
2089 2090
2089 2091
2091 2092
2091 2093
2093 2094
2093 2095
2095 2096
2095 2097
2097 2098
2097 2099
2099 2100
2099 2101
2101 2102
2101 2103
2103 2104
2103 2105
2105 2106
2105 2107
2107 2108
2107 2109
2109 2110
2109 2111
2111 2112
2111 2113
2113 2114
2113 2115
2115 2116
2115 2117
2117 2118
2117 2119
2119 2120
2119 2121
2121 2122
2121 2123
2123 2124
2123 2125
2125 2126
2125 2127
2127 2128
2127 2129
2129 2130
2129 2131
2131 2132
2131 2133
2133 2134
2133 2135
2135 2136
2135 2137
2137 2138
2137 2139
2139 2140
2139 2141
2141 2142
2141 2143
2143 2144
2143 2145
2145 2146
2145 2147
2147 2148
2147 2149
2149 2150
2149 2151
2151 2152
2151 2153
2153 2154
2153 2155
2155 2156
2155 2157
2157 2158
2157 2159
2159 2160
2159 2161
2161 2162
2161 2163
2163 2164
2163 2165
2165 2166
2165 2167
2167 2168
2167 2169
2169 2170
2169 2171
2171 2172
2171 2173
2173 2174
2173 2175
2175 2176
2175 2177
2177 2178
2177 2179
2179 2180
2179 2181
2181 2182
2181 2183
2183 2184
2183 2185
2185 2186
2185 2187
2187 2188
2187 2189
2189 2190
2189 2191
2191 2192
2191 2193
2193 2194
2193 2195
2195 2196
2195 2197
2197 2198
2197 2199
2199 2200
2199 2201
2201 2202
2201 2203
2203 2204
2203 2205
2205 2206
2205 2207
2207 2208
2207 2209
2209 2210
2209 2211
2211 2212
2211 2213
2213 2214
2213 2215
2215 2216
2215 2217
2217 2218
2217 2219
2219 2220
2219 2221
2221 2222
2221 2223
2223 2224
2223 2225
2225 2226
2225 2227
2227 2228
2227 2229
2229 2230
2229 2231
2231 2232
2231 2233
2233 2234
2233 2235
2235 2236
2235 2237
2237 2238
2237 2239
2239 2240
2239 2241
2241 2242
2241 2243
2243 2244
2243 2245
2245 2246
2245 2247
2247 2248
2247 2249
2249 2250
2249 2251
2251 2252
2251 2253
2253 2254
2253 2255
2255 2256
2255 2257
2257 2258
2257 2259
2259 2260
2259 2261
2261 2262
2261 2263
2263 2264
2263 2265
2265 2266
2265 2267
2267 2268
2267 2269
2269 2270
2269 2271
2271 2272
2271 2273
2273 2274
2273 2275
2275 2276
2275 2277
2277 2278
2277 2279
2279 2280
2279 2281
2281 2282
2281 2283
2283 2284
2283 2285
2285 2286
2285 2287
2287 2288
2287 2289
2289 2290
2289 2291
2291 2292
2291 2293
2293 2294
2293 2295
2295 2296
2295 2297
2297 2298
2297 2299
2299 2300
2299 2301
2301 2302
2301 2303
2303 2304
2303 2305
2305 2306
2305 2307
2307 2308
2307 2309
2309 2310
2309 2311
2311 2312
2311 2313
2313 2314
2313 2315
2315 2316
2315 2317
2317 2318
2317 2319
2319 2320
2319 2321
2321 2322
2321 2323
2323 2324
2323 2325
2325 2326
2325 2327
2327 2328
2327 2329
2329 2330
2329 2331
2331 2332
2331 2333
2333 2334
2333 2335
2335 2336
2335 2337
2337 2338
2337 2339
2339 2340
2339 2341
2341 2342
2341 2343
2343 2344
2343 2345
2345 2346
2345 2347
2347 2348
2347 2349
2349 2350
2349 2351
2351 2352
2351 2353
2353 2354
2353 2355
2355 2356
2355 2357
2357 2358
2357 2359
2359 2360
2359 2361
2361 2362
2361 2363
2363 2364
2363 2365
2365 2366
2365 2367
2367 2368
2367 2369
2369 2370
2369 2371
2371 2372
2371 2373
2373 2374
2373 2375
2375 2376
2375 2377
2377 2378
2377 2379
2379 2380
2379 2381
2381 2382
2381 2383
2383 2384
2383 2385
2385 2386
2385 2387
2387 2388
2387 2389
2389 2390
2389 2391
2391 2392
2391 2393
2393 2394
2393 2395
2395 2396
2395 2397
2397 2398
2397 2399
2399 2400
2399 2401
2401 2402
2401 2403
2403 2404
2403 2405
2405 2406
2405 2407
2407 2408
2407 2409
2409 2410
2409 2411
2411 2412
2411 2413
2413 2414
2413 2415
2415 2416
2415 2417
2417 2418
2417 2419
2419 2420
2419 2421
2421 2422
2421 2423
2423 2424
2423 2425
2425 2426
2425 2427
2427 2428
2427 2429
2429 2430
2429 2431
2431 2432
2431 2433
2433 2434
2433 2435
2435 2436
2435 2437
2437 2438
2437 2439
2439 2440
2439 2441
2441 2442
2441 2443
2443 2444
2443 2445
2445 2446
2445 2447
2447 2448
2447 2449
2449 2450
2449 2451
2451 2452
2451 2453
2453 2454
2453 2455
2455 2456
2455 2457
2457 2458
2457 2459
2459 2460
2459 2461
2461 2462
2461 2463
2463 2464
2463 2465
2465 2466
2465 2467
2467 2468
2467 2469
2469 2470
2469 2471
2471 2472
2471 2473
2473 2474
2473 2475
2475 2476
2475 2477
2477 2478
2477 2479
2479 2480
2479 2481
2481 2482
2481 2483
2483 2484
2483 2485
2485 2486
2485 2487
2487 2488
2487 2489
2489 2490
2489 2491
2491 2492
2491 2493
2493 2494
2493 2495
2495 2496
2495 2497
2497 2498
2497 2499
2499 2500
2499 2501
2501 2502
2501 2503
2503 2504
2503 2505
2505 2506
2505 2507
2507 2508
2507 2509
2509 2510
2509 2511
2511 2512
2511 2513
2513 2514
2513 2515
2515 2516
2515 2517
2517 2518
2517 2519
2519 2520
2519 2521
2521 2522
2521 2523
2523 2524
2523 2525
2525 2526
2525 2527
2527 2528
2527 2529
2529 2530
2529 2531
2531 2532
2531 2533
2533 2534
2533 2535
2535 2536
2535 2537
2537 2538
2537 2539
2539 2540
2539 2541
2541 2542
2541 2543
2543 2544
2543 2545
2545 2546
2545 2547
2547 2548
2547 2549
2549 2550
2549 2551
2551 2552
2551 2553
2553 2554
2553 2555
2555 2556
2555 2557
2557 2558
2557 2559
2559 2560
2559 2561
2561 2562
2561 2563
2563 2564
2563 2565
2565 2566
2565 2567
2567 2568
2567 2569
2569 2570
2569 2571
2571 2572
2571 2573
2573 2574
2573 2575
2575 2576
2575 2577
2577 2578
2577 2579
2579 2580
2579 2581
2581 2582
2581 2583
2583 2584
2583 2585
2585 2586
2585 2587
2587 2588
2587 2589
2589 2590
2589 2591
2591 2592
2591 2593
2593 2594
2593 2595
2595 2596
2595 2597
2597 2598
2597 2599
2599 2600
2599 2601
2601 2602
2601 2603
2603 2604
2603 2605
2605 2606
2605 2607
2607 2608
2607 2609
2609 2610
2609 2611
2611 2612
2611 2613
2613 2614
2613 2615
2615 2616
2615 2617
2617 2618
2617 2619
2619 2620
2619 2621
2621 2622
2621 2623
2623 2624
2623 2625
2625 2626
2625 2627
2627 2628
2627 2629
2629 2630
2629 2631
2631 2632
2631 2633
2633 2634
2633 2635
2635 2636
2635 2637
2637 2638
2637 2639
2639 2640
2639 2641
2641 2642
2641 2643
2643 2644
2643 2645
2645 2646
2645 2647
2647 2648
2647 2649
2649 2650
2649 2651
2651 2652
2651 2653
2653 2654
2653 2655
2655 2656
2655 2657
2657 2658
2657 2659
2659 2660
2659 2661
2661 2662
2661 2663
2663 2664
2663 2665
2665 2666
2665 2667
2667 2668
2667 2669
2669 2670
2669 2671
2671 2672
2671 2673
2673 2674
2673 2675
2675 2676
2675 2677
2677 2678
2677 2679
2679 2680
2679 2681
2681 2682
2681 2683
2683 2684
2683 2685
2685 2686
2685 2687
2687 2688
2687 2689
2689 2690
2689 2691
2691 2692
2691 2693
2693 2694
2693 2695
2695 2696
2695 2697
2697 2698
2697 2699
2699 2700
2699 2701
2701 2702
2701 2703
2703 2704
2703 2705
2705 2706
2705 2707
2707 2708
2707 2709
2709 2710
2709 2711
2711 2712
2711 2713
2713 2714
2713 2715
2715 2716
2715 2717
2717 2718
2717 2719
2719 2720
2719 2721
2721 2722
2721 2723
2723 2724
2723 2725
2725 2726
2725 2727
2727 2728
2727 2729
2729 2730
2729 2731
2731 2732
2731 2733
2733 2734
2733 2735
2735 2736
2735 2737
2737 2738
2737 2739
2739 2740
2739 2741
2741 2742
2741 2743
2743 2744
2743 2745
2745 2746
2745 2747
2747 2748
2747 2749
2749 2750
2749 2751
2751 2752
2751 2753
2753 2754
2753 2755
2755 2756
2755 2757
2757 2758
2757 2759
2759 2760
2759 2761
2761 2762
2761 2763
2763 2764
2763 2765
2765 2766
2765 2767
2767 2768
2767 2769
2769 2770
2769 2771
2771 2772
2771 2773
2773 2774
2773 2775
2775 2776
2775 2777
2777 2778
2777 2779
2779 2780
2779 2781
2781 2782
2781 2783
2783 2784
2783 2785
2785 2786
2785 2787
2787 2788
2787 2789
2789 2790
2789 2791
2791 2792
2791 2793
2793 2794
2793 2795
2795 2796
2795 2797
2797 2798
2797 2799
2799 2800
2799 2801
2801 2802
2801 2803
2803 2804
2803 2805
2805 2806
2805 2807
2807 2808
2807 2809
2809 2810
2809 2811
2811 2812
2811 2813
2813 2814
2813 2815
2815 2816
2815 2817
2817 2818
2817 2819
2819 2820
2819 2821
2821 2822
2821 2823
2823 2824
2823 2825
2825 2826
2825 2827
2827 2828
2827 2829
2829 2830
2829 2831
2831 2832
2831 2833
2833 2834
2833 2835
2835 2836
2835 2837
2837 2838
2837 2839
2839 2840
2839 2841
2841 2842
2841 2843
2843 2844
2843 2845
2845 2846
2845 2847
2847 2848
2847 2849
2849 2850
2849 2851
2851 2852
2851 2853
2853 2854
2853 2855
2855 2856
2855 2857
2857 2858
2857 2859
2859 2860
2859 2861
2861 2862
2861 2863
2863 2864
2863 2865
2865 2866
2865 2867
2867 2868
2867 2869
2869 2870
2869 2871
2871 2872
2871 2873
2873 2874
2873 2875
2875 2876
2875 2877
2877 2878
2877 2879
2879 2880
2879 2881
2881 2882
2881 2883
2883 2884
2883 2885
2885 2886
2885 2887
2887 2888
2887 2889
2889 2890
2889 2891
2891 2892
2891 2893
2893 2894
2893 2895
2895 2896
2895 2897
2897 2898
2897 2899
2899 2900
2899 2901
2901 2902
2901 2903
2903 2904
2903 2905
2905 2906
2905 2907
2907 2908
2907 2909
2909 2910
2909 2911
2911 2912
2911 2913
2913 2914
2913 2915
2915 2916
2915 2917
2917 2918
2917 2919
2919 2920
2919 2921
2921 2922
2921 2923
2923 2924
2923 2925
2925 2926
2925 2927
2927 2928
2927 2929
2929 2930
2929 2931
2931 2932
2931 2933
2933 2934
2933 2935
2935 2936
2935 2937
2937 2938
2937 2939
2939 2940
2939 2941
2941 2942
2941 2943
2943 2944
2943 2945
2945 2946
2945 2947
2947 2948
2947 2949
2949 2950
2949 2951
2951 2952
2951 2953
2953 2954
2953 2955
2955 2956
2955 2957
2957 2958
2957 2959
2959 2960
2959 2961
2961 2962
2961 2963
2963 2964
2963 2965
2965 2966
2965 2967
2967 2968
2967 2969
2969 2970
2969 2971
2971 2972
2971 2973
2973 2974
2973 2975
2975 2976
2975 2977
2977 2978
2977 2979
2979 2980
2979 2981
2981 2982
2981 2983
2983 2984
2983 2985
2985 2986
2985 2987
2987 2988
2987 2989
2989 2990
2989 2991
2991 2992
2991 2993
2993 2994
2993 2995
2995 2996
2995 2997
2997 2998
2997 2999
2999 3000
2999 3001
3001 3002
3001 3003
3003 3004
3003 3005
3005 3006
3005 3007
3007 3008
3007 3009
3009 3010
3009 3011
3011 3012
3011 3013
3013 3014
3013 3015
3015 3016
3015 3017
3017 3018
3017 3019
3019 3020
3019 3021
3021 3022
3021 3023
3023 3024
3023 3025
3025 3026
3025 3027
3027 3028
3027 3029
3029 3030
3029 3031
3031 3032
3031 3033
3033 3034
3033 3035
3035 3036
3035 3037
3037 3038
3037 3039
3039 3040
3039 3041
3041 3042
3041 3043
3043 3044
3043 3045
3045 3046
3045 3047
3047 3048
3047 3049
3049 3050
3049 3051
3051 3052
3051 3053
3053 3054
3053 3055
3055 3056
3055 3057
3057 3058
3057 3059
3059 3060
3059 3061
3061 3062
3061 3063
3063 3064
3063 3065
3065 3066
3065 3067
3067 3068
3067 3069
3069 3070
3069 3071
3071 3072
3071 3073
3073 3074
3073 3075
3075 3076
3075 3077
3077 3078
3077 3079
3079 3080
3079 3081
3081 3082
3081 3083
3083 3084
3083 3085
3085 3086
3085 3087
3087 3088
3087 3089
3089 3090
3089 3091
3091 3092
3091 3093
3093 3094
3093 3095
3095 3096
3095 3097
3097 3098
3097 3099
3099 3100
3099 3101
3101 3102
3101 3103
3103 3104
3103 3105
3105 3106
3105 3107
3107 3108
3107 3109
3109 3110
3109 3111
3111 3112
3111 3113
3113 3114
3113 3115
3115 3116
3115 3117
3117 3118
3117 3119
3119 3120
3119 3121
3121 3122
3121 3123
3123 3124
3123 3125
3125 3126
3125 3127
3127 3128
3127 3129
3129 3130
3129 3131
3131 3132
3131 3133
3133 3134
3133 3135
3135 3136
3135 3137
3137 3138
3137 3139
3139 3140
3139 3141
3141 3142
3141 3143
3143 3144
3143 3145
3145 3146
3145 3147
3147 3148
3147 3149
3149 3150
3149 3151
3151 3152
3151 3153
3153 3154
3153 3155
3155 3156
3155 3157
3157 3158
3157 3159
3159 3160
3159 3161
3161 3162
3161 3163
3163 3164
3163 3165
3165 3166
3165 3167
3167 3168
3167 3169
3169 3170
3169 3171
3171 3172
3171 3173
3173 3174
3173 3175
3175 3176
3175 3177
3177 3178
3177 3179
3179 3180
3179 3181
3181 3182
3181 3183
3183 3184
3183 3185
3185 3186
3185 3187
3187 3188
3187 3189
3189 3190
3189 3191
3191 3192
3191 3193
3193 3194
3193 3195
3195 3196
3195 3197
3197 3198
3197 3199
3199 3200
3199 3201
3201 3202
3201 3203
3203 3204
3203 3205
3205 3206
3205 3207
3207 3208
3207 3209
3209 3210
3209 3211
3211 3212
3211 3213
3213 3214
3213 3215
3215 3216
3215 3217
3217 3218
3217 3219
3219 3220
3219 3221
3221 3222
3221 3223
3223 3224
3223 3225
3225 3226
3225 3227
3227 3228
3227 3229
3229 3230
3229 3231
3231 3232
3231 3233
3233 3234
3233 3235
3235 3236
3235 3237
3237 3238
3237 3239
3239 3240
3239 3241
3241 3242
3241 3243
3243 3244
3243 3245
3245 3246
3245 3247
3247 3248
3247 3249
3249 3250
3249 3251
3251 3252
3251 3253
3253 3254
3253 3255
3255 3256
3255 3257
3257 3258
3257 3259
3259 3260
3259 3261
3261 3262
3261 3263
3263 3264
3263 3265
3265 3266
3265 3267
3267 3268
3267 3269
3269 3270
3269 3271
3271 3272
3271 3273
3273 3274
3273 3275
3275 3276
3275 3277
3277 3278
3277 3279
3279 3280
3279 3281
3281 3282
3281 3283
3283 3284
3283 3285
3285 3286
3285 3287
3287 3288
3287 3289
3289 3290
3289 3291
3291 3292
3291 3293
3293 3294
3293 3295
3295 3296
3295 3297
3297 3298
3297 3299
3299 3300
3299 3301
3301 3302
3301 3303
3303 3304
3303 3305
3305 3306
3305 3307
3307 3308
3307 3309
3309 3310
3309 3311
3311 3312
3311 3313
3313 3314
3313 3315
3315 3316
3315 3317
3317 3318
3317 3319
3319 3320
3319 3321
3321 3322
3321 3323
3323 3324
3323 3325
3325 3326
3325 3327
3327 3328
3327 3329
3329 3330
3329 3331
3331 3332
3331 3333
3333 3334
3333 3335
3335 3336
3335 3337
3337 3338
3337 3339
3339 3340
3339 3341
3341 3342
3341 3343
3343 3344
3343 3345
3345 3346
3345 3347
3347 3348
3347 3349
3349 3350
3349 3351
3351 3352
3351 3353
3353 3354
3353 3355
3355 3356
3355 3357
3357 3358
3357 3359
3359 3360
3359 3361
3361 3362
3361 3363
3363 3364
3363 3365
3365 3366
3365 3367
3367 3368
3367 3369
3369 3370
3369 3371
3371 3372
3371 3373
3373 3374
3373 3375
3375 3376
3375 3377
3377 3378
3377 3379
3379 3380
3379 3381
3381 3382
3381 3383
3383 3384
3383 3385
3385 3386
3385 3387
3387 3388
3387 3389
3389 3390
3389 3391
3391 3392
3391 3393
3393 3394
3393 3395
3395 3396
3395 3397
3397 3398
3397 3399
3399 3400
3399 3401
3401 3402
3401 3403
3403 3404
3403 3405
3405 3406
3405 3407
3407 3408
3407 3409
3409 3410
3409 3411
3411 3412
3411 3413
3413 3414
3413 3415
3415 3416
3415 3417
3417 3418
3417 3419
3419 3420
3419 3421
3421 3422
3421 3423
3423 3424
3423 3425
3425 3426
3425 3427
3427 3428
3427 3429
3429 3430
3429 3431
3431 3432
3431 3433
3433 3434
3433 3435
3435 3436
3435 3437
3437 3438
3437 3439
3439 3440
3439 3441
3441 3442
3441 3443
3443 3444
3443 3445
3445 3446
3445 3447
3447 3448
3447 3449
3449 3450
3449 3451
3451 3452
3451 3453
3453 3454
3453 3455
3455 3456
3455 3457
3457 3458
3457 3459
3459 3460
3459 3461
3461 3462
3461 3463
3463 3464
3463 3465
3465 3466
3465 3467
3467 3468
3467 3469
3469 3470
3469 3471
3471 3472
3471 3473
3473 3474
3473 3475
3475 3476
3475 3477
3477 3478
3477 3479
3479 3480
3479 3481
3481 3482
3481 3483
3483 3484
3483 3485
3485 3486
3485 3487
3487 3488
3487 3489
3489 3490
3489 3491
3491 3492
3491 3493
3493 3494
3493 3495
3495 3496
3495 3497
3497 3498
3497 3499
3499 3500
3499 3501
3501 3502
3501 3503
3503 3504
3503 3505
3505 3506
3505 3507
3507 3508
3507 3509
3509 3510
3509 3511
3511 3512
3511 3513
3513 3514
3513 3515
3515 3516
3515 3517
3517 3518
3517 3519
3519 3520
3519 3521
3521 3522
3521 3523
3523 3524
3523 3525
3525 3526
3525 3527
3527 3528
3527 3529
3529 3530
3529 3531
3531 3532
3531 3533
3533 3534
3533 3535
3535 3536
3535 3537
3537 3538
3537 3539
3539 3540
3539 3541
3541 3542
3541 3543
3543 3544
3543 3545
3545 3546
3545 3547
3547 3548
3547 3549
3549 3550
3549 3551
3551 3552
3551 3553
3553 3554
3553 3555
3555 3556
3555 3557
3557 3558
3557 3559
3559 3560
3559 3561
3561 3562
3561 3563
3563 3564
3563 3565
3565 3566
3565 3567
3567 3568
3567 3569
3569 3570
3569 3571
3571 3572
3571 3573
3573 3574
3573 3575
3575 3576
3575 3577
3577 3578
3577 3579
3579 3580
3579 3581
3581 3582
3581 3583
3583 3584
3583 3585
3585 3586
3585 3587
3587 3588
3587 3589
3589 3590
3589 3591
3591 3592
3591 3593
3593 3594
3593 3595
3595 3596
3595 3597
3597 3598
3597 3599
3599 3600
3599 3601
3601 3602
3601 3603
3603 3604
3603 3605
3605 3606
3605 3607
3607 3608
3607 3609
3609 3610
3609 3611
3611 3612
3611 3613
3613 3614
3613 3615
3615 3616
3615 3617
3617 3618
3617 3619
3619 3620
3619 3621
3621 3622
3621 3623
3623 3624
3623 3625
3625 3626
3625 3627
3627 3628
3627 3629
3629 3630
3629 3631
3631 3632
3631 3633
3633 3634
3633 3635
3635 3636
3635 3637
3637 3638
3637 3639
3639 3640
3639 3641
3641 3642
3641 3643
3643 3644
3643 3645
3645 3646
3645 3647
3647 3648
3647 3649
3649 3650
3649 3651
3651 3652
3651 3653
3653 3654
3653 3655
3655 3656
3655 3657
3657 3658
3657 3659
3659 3660
3659 3661
3661 3662
3661 3663
3663 3664
3663 3665
3665 3666
3665 3667
3667 3668
3667 3669
3669 3670
3669 3671
3671 3672
3671 3673
3673 3674
3673 3675
3675 3676
3675 3677
3677 3678
3677 3679
3679 3680
3679 3681
3681 3682
3681 3683
3683 3684
3683 3685
3685 3686
3685 3687
3687 3688
3687 3689
3689 3690
3689 3691
3691 3692
3691 3693
3693 3694
3693 3695
3695 3696
3695 3697
3697 3698
3697 3699
3699 3700
3699 3701
3701 3702
3701 3703
3703 3704
3703 3705
3705 3706
3705 3707
3707 3708
3707 3709
3709 3710
3709 3711
3711 3712
3711 3713
3713 3714
3713 3715
3715 3716
3715 3717
3717 3718
3717 3719
3719 3720
3719 3721
3721 3722
3721 3723
3723 3724
3723 3725
3725 3726
3725 3727
3727 3728
3727 3729
3729 3730
3729 3731
3731 3732
3731 3733
3733 3734
3733 3735
3735 3736
3735 3737
3737 3738
3737 3739
3739 3740
3739 3741
3741 3742
3741 3743
3743 3744
3743 3745
3745 3746
3745 3747
3747 3748
3747 3749
3749 3750
3749 3751
3751 3752
3751 3753
3753 3754
3753 3755
3755 3756
3755 3757
3757 3758
3757 3759
3759 3760
3759 3761
3761 3762
3761 3763
3763 3764
3763 3765
3765 3766
3765 3767
3767 3768
3767 3769
3769 3770
3769 3771
3771 3772
3771 3773
3773 3774
3773 3775
3775 3776
3775 3777
3777 3778
3777 3779
3779 3780
3779 3781
3781 3782
3781 3783
3783 3784
3783 3785
3785 3786
3785 3787
3787 3788
3787 3789
3789 3790
3789 3791
3791 3792
3791 3793
3793 3794
3793 3795
3795 3796
3795 3797
3797 3798
3797 3799
3799 3800
3799 3801
3801 3802
3801 3803
3803 3804
3803 3805
3805 3806
3805 3807
3807 3808
3807 3809
3809 3810
3809 3811
3811 3812
3811 3813
3813 3814
3813 3815
3815 3816
3815 3817
3817 3818
3817 3819
3819 3820
3819 3821
3821 3822
3821 3823
3823 3824
3823 3825
3825 3826
3825 3827
3827 3828
3827 3829
3829 3830
3829 3831
3831 3832
3831 3833
3833 3834
3833 3835
3835 3836
3835 3837
3837 3838
3837 3839
3839 3840
3839 3841
3841 3842
3841 3843
3843 3844
3843 3845
3845 3846
3845 3847
3847 3848
3847 3849
3849 3850
3849 3851
3851 3852
3851 3853
3853 3854
3853 3855
3855 3856
3855 3857
3857 3858
3857 3859
3859 3860
3859 3861
3861 3862
3861 3863
3863 3864
3863 3865
3865 3866
3865 3867
3867 3868
3867 3869
3869 3870
3869 3871
3871 3872
3871 3873
3873 3874
3873 3875
3875 3876
3875 3877
3877 3878
3877 3879
3879 3880
3879 3881
3881 3882
3881 3883
3883 3884
3883 3885
3885 3886
3885 3887
3887 3888
3887 3889
3889 3890
3889 3891
3891 3892
3891 3893
3893 3894
3893 3895
3895 3896
3895 3897
3897 3898
3897 3899
3899 3900
3899 3901
3901 3902
3901 3903
3903 3904
3903 3905
3905 3906
3905 3907
3907 3908
3907 3909
3909 3910
3909 3911
3911 3912
3911 3913
3913 3914
3913 3915
3915 3916
3915 3917
3917 3918
3917 3919
3919 3920
3919 3921
3921 3922
3921 3923
3923 3924
3923 3925
3925 3926
3925 3927
3927 3928
3927 3929
3929 3930
3929 3931
3931 3932
3931 3933
3933 3934
3933 3935
3935 3936
3935 3937
3937 3938
3937 3939
3939 3940
3939 3941
3941 3942
3941 3943
3943 3944
3943 3945
3945 3946
3945 3947
3947 3948
3947 3949
3949 3950
3949 3951
3951 3952
3951 3953
3953 3954
3953 3955
3955 3956
3955 3957
3957 3958
3957 3959
3959 3960
3959 3961
3961 3962
3961 3963
3963 3964
3963 3965
3965 3966
3965 3967
3967 3968
3967 3969
3969 3970
3969 3971
3971 3972
3971 3973
3973 3974
3973 3975
3975 3976
3975 3977
3977 3978
3977 3979
3979 3980
3979 3981
3981 3982
3981 3983
3983 3984
3983 3985
3985 3986
3985 3987
3987 3988
3987 3989
3989 3990
3989 3991
3991 3992
3991 3993
3993 3994
3993 3995
3995 3996
3995 3997
3997 3998
3997 3999
3999 4000
3999 4001
4001 4002
4001 4003
4003 4004
4003 4005
4005 4006
4005 4007
4007 4008
4007 4009
4009 4010
4009 4011
4011 4012
4011 4013
4013 4014
4013 4015
4015 4016
4015 4017
4017 4018
4017 4019
4019 4020
4019 4021
4021 4022
4021 4023
4023 4024
4023 4025
4025 4026
4025 4027
4027 4028
4027 4029
4029 4030
4029 4031
4031 4032
4031 4033
4033 4034
4033 4035
4035 4036
4035 4037
4037 4038
4037 4039
4039 4040
4039 4041
4041 4042
4041 4043
4043 4044
4043 4045
4045 4046
4045 4047
4047 4048
4047 4049
4049 4050
4049 4051
4051 4052
4051 4053
4053 4054
4053 4055
4055 4056
4055 4057
4057 4058
4057 4059
4059 4060
4059 4061
4061 4062
4061 4063
4063 4064
4063 4065
4065 4066
4065 4067
4067 4068
4067 4069
4069 4070
4069 4071
4071 4072
4071 4073
4073 4074
4073 4075
4075 4076
4075 4077
4077 4078
4077 4079
4079 4080
4079 4081
4081 4082
4081 4083
4083 4084
4083 4085
4085 4086
4085 4087
4087 4088
4087 4089
4089 4090
4089 4091
4091 4092
4091 4093
4093 4094
4093 4095
4095 4096
4095 4097
4097 4098
4097 4099
4099 4100
4099 4101
4101 4102
4101 4103
4103 4104
4103 4105
4105 4106
4105 4107
4107 4108
4107 4109
4109 4110
4109 4111
4111 4112
4111 4113
4113 4114
4113 4115
4115 4116
4115 4117
4117 4118
4117 4119
4119 4120
4119 4121
4121 4122
4121 4123
4123 4124
4123 4125
4125 4126
4125 4127
4127 4128
4127 4129
4129 4130
4129 4131
4131 4132
4131 4133
4133 4134
4133 4135
4135 4136
4135 4137
4137 4138
4137 4139
4139 4140
4139 4141
4141 4142
4141 4143
4143 4144
4143 4145
4145 4146
4145 4147
4147 4148
4147 4149
4149 4150
4149 4151
4151 4152
4151 4153
4153 4154
4153 4155
4155 4156
4155 4157
4157 4158
4157 4159
4159 4160
4159 4161
4161 4162
4161 4163
4163 4164
4163 4165
4165 4166
4165 4167
4167 4168
4167 4169
4169 4170
4169 4171
4171 4172
4171 4173
4173 4174
4173 4175
4175 4176
4175 4177
4177 4178
4177 4179
4179 4180
4179 4181
4181 4182
4181 4183
4183 4184
4183 4185
4185 4186
4185 4187
4187 4188
4187 4189
4189 4190
4189 4191
4191 4192
4191 4193
4193 4194
4193 4195
4195 4196
4195 4197
4197 4198
4197 4199
4199 4200
4199 4201
4201 4202
4201 4203
4203 4204
4203 4205
4205 4206
4205 4207
4207 4208
4207 4209
4209 4210
4209 4211
4211 4212
4211 4213
4213 4214
4213 4215
4215 4216
4215 4217
4217 4218
4217 4219
4219 4220
4219 4221
4221 4222
4221 4223
4223 4224
4223 4225
4225 4226
4225 4227
4227 4228
4227 4229
4229 4230
4229 4231
4231 4232
4231 4233
4233 4234
4233 4235
4235 4236
4235 4237
4237 4238
4237 4239
4239 4240
4239 4241
4241 4242
4241 4243
4243 4244
4243 4245
4245 4246
4245 4247
4247 4248
4247 4249
4249 4250
4249 4251
4251 4252
4251 4253
4253 4254
4253 4255
4255 4256
4255 4257
4257 4258
4257 4259
4259 4260
4259 4261
4261 4262
4261 4263
4263 4264
4263 4265
4265 4266
4265 4267
4267 4268
4267 4269
4269 4270
4269 4271
4271 4272
4271 4273
4273 4274
4273 4275
4275 4276
4275 4277
4277 4278
4277 4279
4279 4280
4279 4281
4281 4282
4281 4283
4283 4284
4283 4285
4285 4286
4285 4287
4287 4288
4287 4289
4289 4290
4289 4291
4291 4292
4291 4293
4293 4294
4293 4295
4295 4296
4295 4297
4297 4298
4297 4299
4299 4300
4299 4301
4301 4302
4301 4303
4303 4304
4303 4305
4305 4306
4305 4307
4307 4308
4307 4309
4309 4310
4309 4311
4311 4312
4311 4313
4313 4314
4313 4315
4315 4316
4315 4317
4317 4318
4317 4319
4319 4320
4319 4321
4321 4322
4321 4323
4323 4324
4323 4325
4325 4326
4325 4327
4327 4328
4327 4329
4329 4330
4329 4331
4331 4332
4331 4333
4333 4334
4333 4335
4335 4336
4335 4337
4337 4338
4337 4339
4339 4340
4339 4341
4341 4342
4341 4343
4343 4344
4343 4345
4345 4346
4345 4347
4347 4348
4347 4349
4349 4350
4349 4351
4351 4352
4351 4353
4353 4354
4353 4355
4355 4356
4355 4357
4357 4358
4357 4359
4359 4360
4359 4361
4361 4362
4361 4363
4363 4364
4363 4365
4365 4366
4365 4367
4367 4368
4367 4369
4369 4370
4369 4371
4371 4372
4371 4373
4373 4374
4373 4375
4375 4376
4375 4377
4377 4378
4377 4379
4379 4380
4379 4381
4381 4382
4381 4383
4383 4384
4383 4385
4385 4386
4385 4387
4387 4388
4387 4389
4389 4390
4389 4391
4391 4392
4391 4393
4393 4394
4393 4395
4395 4396
4395 4397
4397 4398
4397 4399
4399 4400
4399 4401
4401 4402
4401 4403
4403 4404
4403 4405
4405 4406
4405 4407
4407 4408
4407 4409
4409 4410
4409 4411
4411 4412
4411 4413
4413 4414
4413 4415
4415 4416
4415 4417
4417 4418
4417 4419
4419 4420
4419 4421
4421 4422
4421 4423
4423 4424
4423 4425
4425 4426
4425 4427
4427 4428
4427 4429
4429 4430
4429 4431
4431 4432
4431 4433
4433 4434
4433 4435
4435 4436
4435 4437
4437 4438
4437 4439
4439 4440
4439 4441
4441 4442
4441 4443
4443 4444
4443 4445
4445 4446
4445 4447
4447 4448
4447 4449
4449 4450
4449 4451
4451 4452
4451 4453
4453 4454
4453 4455
4455 4456
4455 4457
4457 4458
4457 4459
4459 4460
4459 4461
4461 4462
4461 4463
4463 4464
4463 4465
4465 4466
4465 4467
4467 4468
4467 4469
4469 4470
4469 4471
4471 4472
4471 4473
4473 4474
4473 4475
4475 4476
4475 4477
4477 4478
4477 4479
4479 4480
4479 4481
4481 4482
4481 4483
4483 4484
4483 4485
4485 4486
4485 4487
4487 4488
4487 4489
4489 4490
4489 4491
4491 4492
4491 4493
4493 4494
4493 4495
4495 4496
4495 4497
4497 4498
4497 4499
4499 4500
4499 4501
4501 4502
4501 4503
4503 4504
4503 4505
4505 4506
4505 4507
4507 4508
4507 4509
4509 4510
4509 4511
4511 4512
4511 4513
4513 4514
4513 4515
4515 4516
4515 4517
4517 4518
4517 4519
4519 4520
4519 4521
4521 4522
4521 4523
4523 4524
4523 4525
4525 4526
4525 4527
4527 4528
4527 4529
4529 4530
4529 4531
4531 4532
4531 4533
4533 4534
4533 4535
4535 4536
4535 4537
4537 4538
4537 4539
4539 4540
4539 4541
4541 4542
4541 4543
4543 4544
4543 4545
4545 4546
4545 4547
4547 4548
4547 4549
4549 4550
4549 4551
4551 4552
4551 4553
4553 4554
4553 4555
4555 4556
4555 4557
4557 4558
4557 4559
4559 4560
4559 4561
4561 4562
4561 4563
4563 4564
4563 4565
4565 4566
4565 4567
4567 4568
4567 4569
4569 4570
4569 4571
4571 4572
4571 4573
4573 4574
4573 4575
4575 4576
4575 4577
4577 4578
4577 4579
4579 4580
4579 4581
4581 4582
4581 4583
4583 4584
4583 4585
4585 4586
4585 4587
4587 4588
4587 4589
4589 4590
4589 4591
4591 4592
4591 4593
4593 4594
4593 4595
4595 4596
4595 4597
4597 4598
4597 4599
4599 4600
4599 4601
4601 4602
4601 4603
4603 4604
4603 4605
4605 4606
4605 4607
4607 4608
4607 4609
4609 4610
4609 4611
4611 4612
4611 4613
4613 4614
4613 4615
4615 4616
4615 4617
4617 4618
4617 4619
4619 4620
4619 4621
4621 4622
4621 4623
4623 4624
4623 4625
4625 4626
4625 4627
4627 4628
4627 4629
4629 4630
4629 4631
4631 4632
4631 4633
4633 4634
4633 4635
4635 4636
4635 4637
4637 4638
4637 4639
4639 4640
4639 4641
4641 4642
4641 4643
4643 4644
4643 4645
4645 4646
4645 4647
4647 4648
4647 4649
4649 4650
4649 4651
4651 4652
4651 4653
4653 4654
4653 4655
4655 4656
4655 4657
4657 4658
4657 4659
4659 4660
4659 4661
4661 4662
4661 4663
4663 4664
4663 4665
4665 4666
4665 4667
4667 4668
4667 4669
4669 4670
4669 4671
4671 4672
4671 4673
4673 4674
4673 4675
4675 4676
4675 4677
4677 4678
4677 4679
4679 4680
4679 4681
4681 4682
4681 4683
4683 4684
4683 4685
4685 4686
4685 4687
4687 4688
4687 4689
4689 4690
4689 4691
4691 4692
4691 4693
4693 4694
4693 4695
4695 4696
4695 4697
4697 4698
4697 4699
4699 4700
4699 4701
4701 4702
4701 4703
4703 4704
4703 4705
4705 4706
4705 4707
4707 4708
4707 4709
4709 4710
4709 4711
4711 4712
4711 4713
4713 4714
4713 4715
4715 4716
4715 4717
4717 4718
4717 4719
4719 4720
4719 4721
4721 4722
4721 4723
4723 4724
4723 4725
4725 4726
4725 4727
4727 4728
4727 4729
4729 4730
4729 4731
4731 4732
4731 4733
4733 4734
4733 4735
4735 4736
4735 4737
4737 4738
4737 4739
4739 4740
4739 4741
4741 4742
4741 4743
4743 4744
4743 4745
4745 4746
4745 4747
4747 4748
4747 4749
4749 4750
4749 4751
4751 4752
4751 4753
4753 4754
4753 4755
4755 4756
4755 4757
4757 4758
4757 4759
4759 4760
4759 4761
4761 4762
4761 4763
4763 4764
4763 4765
4765 4766
4765 4767
4767 4768
4767 4769
4769 4770
4769 4771
4771 4772
4771 4773
4773 4774
4773 4775
4775 4776
4775 4777
4777 4778
4777 4779
4779 4780
4779 4781
4781 4782
4781 4783
4783 4784
4783 4785
4785 4786
4785 4787
4787 4788
4787 4789
4789 4790
4789 4791
4791 4792
4791 4793
4793 4794
4793 4795
4795 4796
4795 4797
4797 4798
4797 4799
4799 4800
4799 4801
4801 4802
4801 4803
4803 4804
4803 4805
4805 4806
4805 4807
4807 4808
4807 4809
4809 4810
4809 4811
4811 4812
4811 4813
4813 4814
4813 4815
4815 4816
4815 4817
4817 4818
4817 4819
4819 4820
4819 4821
4821 4822
4821 4823
4823 4824
4823 4825
4825 4826
4825 4827
4827 4828
4827 4829
4829 4830
4829 4831
4831 4832
4831 4833
4833 4834
4833 4835
4835 4836
4835 4837
4837 4838
4837 4839
4839 4840
4839 4841
4841 4842
4841 4843
4843 4844
4843 4845
4845 4846
4845 4847
4847 4848
4847 4849
4849 4850
4849 4851
4851 4852
4851 4853
4853 4854
4853 4855
4855 4856
4855 4857
4857 4858
4857 4859
4859 4860
4859 4861
4861 4862
4861 4863
4863 4864
4863 4865
4865 4866
4865 4867
4867 4868
4867 4869
4869 4870
4869 4871
4871 4872
4871 4873
4873 4874
4873 4875
4875 4876
4875 4877
4877 4878
4877 4879
4879 4880
4879 4881
4881 4882
4881 4883
4883 4884
4883 4885
4885 4886
4885 4887
4887 4888
4887 4889
4889 4890
4889 4891
4891 4892
4891 4893
4893 4894
4893 4895
4895 4896
4895 4897
4897 4898
4897 4899
4899 4900
4899 4901
4901 4902
4901 4903
4903 4904
4903 4905
4905 4906
4905 4907
4907 4908
4907 4909
4909 4910
4909 4911
4911 4912
4911 4913
4913 4914
4913 4915
4915 4916
4915 4917
4917 4918
4917 4919
4919 4920
4919 4921
4921 4922
4921 4923
4923 4924
4923 4925
4925 4926
4925 4927
4927 4928
4927 4929
4929 4930
4929 4931
4931 4932
4931 4933
4933 4934
4933 4935
4935 4936
4935 4937
4937 4938
4937 4939
4939 4940
4939 4941
4941 4942
4941 4943
4943 4944
4943 4945
4945 4946
4945 4947
4947 4948
4947 4949
4949 4950
4949 4951
4951 4952
4951 4953
4953 4954
4953 4955
4955 4956
4955 4957
4957 4958
4957 4959
4959 4960
4959 4961
4961 4962
4961 4963
4963 4964
4963 4965
4965 4966
4965 4967
4967 4968
4967 4969
4969 4970
4969 4971
4971 4972
4971 4973
4973 4974
4973 4975
4975 4976
4975 4977
4977 4978
4977 4979
4979 4980
4979 4981
4981 4982
4981 4983
4983 4984
4983 4985
4985 4986
4985 4987
4987 4988
4987 4989
4989 4990
4989 4991
4991 4992
4991 4993
4993 4994
4993 4995
4995 4996
4995 4997
4997 4998
4997 4999
4999 5000
2
1024
4485
500
3485
4841
1130
1233
1708
3762
1783
490
722
4307
306
4544
4607
1273
4229
1987
3451
1428
886
672
3473
2798
824
4146
544
2884
3230
1164
3770
131
2782
1090
3240
3004
4673
278
4776
52
2520
3428
3864
3620
1101
556
4834
4618
146
527
2430
2260
3346
3968
2806
2635
4549
1081
3653
3403
1933
2620
1323
2727
1303
3248
4651
2904
2169
3863
1250
307
357
2563
3034
1995
1894
4291
1183
4750
4845
2809
3097
1193
4101
2871
3246
658
273
3773
2306
393
27
2101
4773
92
209
2430
3753
3091
4409
4443
1870
2201
4654
379
4088
2340
25
1348
4741
2192
2409
1397
260
1545
1914
111
3766
1799
3113
1025
820
1189
2972
2605
655
4247
4593
4649
1662
2244
4806
4164
2895
3246
4767
2269
1522
2353
731
373
363
235
344
1239
3384
206
49
1080
3279
1400
1025
4622
441
183
2680
1108
2865
3114
149
745
925
2730
3469
2874
1186
2520
4850
231
4175
4382
3332
3851
3119
3964
158
1837
2817
2657
3996
1879
3195
215
4495
3502
4219
2053
424
1032
2663
96
893
1370
4881
4147
912
2919
3192
4413
537
2436
1711
2365
532
4676
872
89
3710
939
3926
2900
4738
3812
112
1116
1322
850
1330
2797
4120
4019
3310
511
1401
3725
3285
3777
292
872
2664
3610
443
1659
2081
114
1883
1478
896
1066
1534
1339
4428
3259
4967
933
1360
188
1413
2311
4191
4063
77
1195
4082
3109
4015
2542
2878
736
1913
1821
2220
24
2068
2783
1260
1425
2581
119
2372
777
1507
2458
1765
746
1168
462
522
981
4481
2985
561
1114
2273
413
2479
2446
2147
2569
4667
4623
1448
29
2268
3208
1318
4175
841
3362
2402
98
4117
4786
2539
721
3816
2555
908
3551
4713
4442
310
2214
1102
1077
1421
1755
4380
3326
253
539
3905
917
4921
4328
3833
4699
2038
4203
1414
779
3547
4242
3852
3753
3563
2678
3343
818
2011
2432
3784
2227
4093
2340
2711
4819
1463
1494
50
3451
2075
4122
1474
1753
818
4880
4685
4355
229
131
2768
1268
549
4594
4663
552
738
4051
779
656
3846
3992
1143
782
1430
2346
3532
4068
2598
2906
1357
2362
1813
1345
507
4741
4767
4985
4631
629
1327
1045
2032
93
4430
2619
2913
1185
771
2467
4249
1685
4579
3638
3895
671
923
980
2327
632
2088
3112
3854
4404
2716
4669
3030
4239
2012
2069
1277
1479
2529
2223
4551
3139
4651
4604
2596
714
1172
4990
2004
1480
360
4882
2240
2451
2635
4847
4042
4732
1490
1844
4195
3697
1534
4042
2587
137
2815
3381
1150
3838
1146
3733
2363
547
4099
1530
3069
3861
80
285
2952
4238
898
4960
3046
472
1030
519
4481
4955
1886
3379
3566
4932
2597
3002
3943
3558
941
3074
1431
3547
1947
671
4668
1478
934
4060
930
1253
3640
2007
2078
1398
2278
3237
