50
3
5 1 5 1
2 2 4 2
2 3 2 4
1
0 0 100 100
1
0 0 100 100
1
0 0 100 100
1
0 0 100 100
1
0 0 100 100
1
0 0 100 100
1
0 0 100 100
1
0 0 100 100
1
0 0 100 100
1
0 0 100 100
1
0 0 100 100
1
0 0 100 100
1
0 0 100 100
1
0 0 100 100
1
0 0 100 100
1
0 0 100 100
1
0 0 100 100
1
0 0 100 100
1
0 0 100 100
1
0 0 100 100
1
0 0 100 100
1
0 0 100 100
1
0 0 100 100
1
0 0 100 100
1
0 0 100 100
1
0 0 100 100
1
0 0 100 100
1
0 0 100 100
1
0 0 100 100
1
0 0 100 100
1
0 0 100 100
1
0 0 100 100
1
0 0 100 100
1
0 0 100 100
1
0 0 100 100
1
0 0 100 100
1
0 0 100 100
1
0 0 100 100
1
0 0 100 100
1
0 0 100 100
1
0 0 100 100
1
0 0 100 100
1
0 0 100 100
1
0 0 100 100
1
0 0 100 100
1
0 0 100 100
1
0 0 100 100
1
0 0 100 100
1
0 0 100 100
1
0 0 100 100
1
0 0 100 100
1
0 0 100 100
1
0 0 100 100
1
0 0 100 100
1
0 0 100 100
