


70 70 100
42 1
46 2
49 3
52 4
55 5
59 6
62 7
65 8
69 9
72 10
75 11
78 12
82 13
85 14
88 15
91 16
95 17
98 18
1 19
4 20
8 21
11 22
14 23
17 24
21 25
24 26
27 27
31 28
34 29
37 30
40 31
44 32
47 33
50 34
53 35
57 36
60 37
63 38
66 39
70 40
73 41
76 42
80 43
83 44
86 45
89 46
93 47
96 48
99 49
2 50
6 51
9 52
12 53
15 54
19 55
22 56
25 57
29 58
32 59
35 60
38 61
42 62
45 63
48 64
51 65
55 66
58 67
61 68
64 69
68 70
58
67
22
48
4
45
92
67
16
8
12
53
88
42
85
94
11
92
52
70
52
39
42
65
18
66
63
68
95
22
2
28
17
64
75
6
76
55
39
55
37
58
35
29
18
12
84
5
7
32
5
94
5
8
85
86
49
36
23
63
47
16
91
97
60
50
63
11
29
33
