	real - 98
	252
        53
        147
        254
        375
        378
        108
        224
        40
        364
        255
        206
        192
        86
        398
        278
        147
        4
        400
        278
        392
        306
        288
        371
        77
        155
        376
        65
        349
        161
        17
        278
        399
        341
        294
        294
        79
        86
        168
        147
        53
        255
        313
        79
        136
        326
        28
        259
        326
        7
        28
        308
        236
        192
        17
        241
        176
        79
        152
        44
        183
        288
        254
        183
        399
        377
        341
        79
        307
        235
        385
        255
        136
        400
        288
        58
        308
        176
        192
        209
        17
        254
        15
        294
        399
        371
        370
        364
        7
        252
        44
        161
        175
        267
        392
        342
        313
        316
