1000 2000
1957 1 762 1
1513 1 561 1
1439 1 1729 1
1723 0 1099 0
415 1 652 0
1691 0 1756 1
1461 0 217 1
1176 1 1094 0
955 1 1702 1
804 0 1881 1
1247 1 33 0
1040 0 1 1
1578 0 47 0
536 1 675 1
1773 0 61 1
1776 0 1849 1
1911 1 892 1
1442 0 1559 1
1656 1 1578 0
1910 0 1018 0
120 0 45 0
1000 0 289 0
1731 1 1137 0
219 1 236 0
1560 0 1373 0
883 1 956 1
1709 0 969 1
1569 1 605 0
1338 1 988 0
676 1 835 1
1281 1 915 0
1077 0 464 1
1319 0 1442 0
438 1 211 0
307 0 1202 1
264 0 1533 1
59 0 1453 1
284 0 1390 0
537 0 1006 1
120 0 524 1
1536 0 130 1
1374 1 1607 0
210 1 1518 1
1273 1 702 0
636 1 410 0
1335 0 798 1
1492 0 1113 1
1279 1 402 1
556 1 274 0
1581 0 1210 1
1119 0 1765 0
1000 1 1000 1
1789 0 475 0
752 0 517 0
431 0 533 0
115 0 361 0
897 0 260 1
1548 1 982 0
1941 0 1445 1
867 0 705 1
1177 1 1647 0
1387 0 21 0
1776 0 215 0
871 1 388 1
1346 1 101 1
1868 1 1164 1
256 0 939 0
829 0 1235 1
61 1 1844 0
1667 1 1108 1
666 1 494 1
341 1 1974 1
598 1 1265 1
30 1 1525 0
562 0 1667 0
895 1 1009 1
1225 0 1873 0
929 0 1540 0
957 0 426 0
405 0 1512 0
62 0 869 1
392 1 856 1
67 0 1114 1
781 0 270 0
1766 0 1185 0
1809 1 939 0
479 1 363 0
1876 1 660 1
1723 0 625 0
1814 1 1736 1
487 0 965 0
1911 1 86 1
1519 1 808 0
1602 1 948 0
1972 1 751 1
640 1 1913 0
1199 0 938 1
1313 0 1823 1
1674 0 1281 1
193 0 375 1
1215 1 1101 1
426 0 1670 1
1498 1 167 1
888 1 58 0
393 0 1992 1
471 0 886 0
1148 1 187 0
1160 0 785 1
1692 0 1785 0
1166 0 590 0
1212 0 1595 1
349 0 931 0
1571 1 1659 1
825 1 1169 1
611 1 195 0
1907 1 1276 0
1581 1 50 0
1706 0 1677 1
1830 1 1223 1
1657 0 1070 1
1469 1 1776 1
1770 1 1708 0
227 1 933 0
1567 0 660 1
1000 0 1000 0
1396 0 30 1
971 0 1965 0
1251 0 77 1
1600 1 133 0
950 1 878 0
1171 1 221 1
129 1 1982 1
1861 0 806 0
323 1 1761 1
1373 0 1248 0
1094 1 758 1
1723 0 1446 0
1774 1 619 0
42 0 981 1
1956 1 3 1
844 0 63 1
383 1 1707 0
76 1 395 1
1295 1 730 0
1737 1 1117 0
703 1 1914 0
318 1 1938 0
431 0 861 1
15 1 916 1
577 0 916 0
1320 1 698 1
1881 0 1458 1
1830 0 1577 1
994 1 1219 1
1803 1 1254 0
899 0 1883 0
730 0 38 0
1273 1 1870 1
1976 0 1889 1
1926 0 1427 1
137 0 1980 1
188 0 789 1
1154 0 1630 0
725 1 464 0
1895 1 1207 0
46 1 86 1
1667 1 113 1
1413 1 1987 1
2000 0 1704 0
611 1 22 1
1982 0 324 0
471 1 307 0
760 0 1564 1
700 1 1443 1
457 0 1364 0
1010 1 1293 1
1694 1 692 0
921 0 1459 0
53 1 93 0
75 1 1968 0
1823 1 1278 1
1312 1 482 0
1458 1 1669 0
1478 0 1061 0
1564 0 668 0
1588 0 1990 1
467 1 1675 0
478 0 1575 0
1236 0 965 0
434 0 1477 0
651 1 1223 0
397 0 167 1
1235 1 513 1
1585 1 494 0
472 0 1312 0
180 1 105 0
367 1 1574 1
261 1 1967 1
269 1 466 1
457 0 1770 1
969 1 319 0
1555 0 1866 1
1535 0 1178 0
1583 0 1640 1
714 1 1466 0
1641 1 381 1
1712 0 928 1
1345 1 1840 1
1247 0 69 0
962 0 1672 1
414 0 1684 1
363 0 220 1
1439 1 1723 0
1498 0 1385 0
1142 0 328 0
1862 1 126 1
583 0 1740 0
959 1 1311 0
769 1 538 1
1716 1 1731 0
70 1 670 0
1340 1 1590 1
605 1 517 1
935 0 1889 1
470 1 321 1
1234 1 235 1
1461 0 712 0
1480 1 325 0
1973 1 1288 0
1480 0 26 1
667 1 1030 0
827 0 1167 0
1577 1 857 0
1178 0 1428 0
924 0 714 0
1627 0 1368 1
708 1 463 0
1871 1 994 0
1033 0 1327 0
1102 0 882 0
1994 1 1792 1
1908 0 353 1
1799 1 1601 1
36 0 1051 0
1752 0 422 1
1950 0 1847 0
1829 0 1676 0
934 0 1557 1
1537 0 1108 0
1997 0 1830 0
609 1 90 0
499 1 993 1
929 0 1764 1
127 1 1252 0
1783 1 259 0
811 0 321 0
1724 0 899 0
1576 1 1261 1
1845 1 869 1
39 0 1464 0
735 0 1453 0
1366 0 377 0
861 1 1208 1
1657 0 680 0
1202 1 1293 0
1869 1 1184 0
28 1 1559 1
1838 1 1537 0
440 0 969 1
975 0 680 1
1195 1 766 0
274 0 251 0
1206 1 491 0
1252 0 461 0
1994 0 1618 0
1791 0 819 0
968 0 86 0
809 1 109 0
1708 1 1941 1
165 1 588 1
841 1 670 1
656 0 1563 1
1377 0 910 0
1864 1 1091 0
1261 0 1794 0
1966 1 279 1
1919 0 1138 0
952 0 664 0
906 1 405 0
1921 1 45 0
1339 0 1875 0
650 0 939 0
1143 0 1580 1
1255 0 1192 1
509 0 1209 1
627 1 589 1
1583 1 336 1
1980 1 766 1
329 1 1128 0
1393 1 461 0
1963 1 305 0
1421 1 1667 0
18 1 168 0
1776 0 1556 0
219 1 895 0
1526 1 1923 1
1938 0 856 1
1071 0 630 0
432 1 496 0
479 1 1340 1
1927 1 50 1
1446 1 847 1
1067 0 1520 1
1617 1 99 1
260 0 873 0
1721 0 104 0
1278 0 924 0
1134 1 107 0
733 1 1050 0
1147 0 1182 0
1919 0 1021 0
549 1 530 1
1345 0 166 0
1685 0 668 0
585 0 1836 0
85 1 1538 0
1089 1 990 0
570 0 1582 0
1431 0 701 0
595 0 165 1
1269 0 1751 0
512 0 1787 1
1696 1 835 1
1912 1 1828 0
414 0 446 1
722 0 1091 0
1875 1 1225 0
1646 1 1805 1
85 0 1955 0
142 0 1229 1
1453 1 433 1
712 1 597 1
732 1 1440 1
128 0 553 1
1336 0 194 0
1228 0 950 0
966 0 539 1
380 1 787 1
1054 1 119 0
429 1 629 1
560 0 917 0
176 1 1935 1
1794 1 1046 0
886 1 193 0
1021 1 800 1
1927 1 269 0
1874 0 1981 1
4 1 1864 1
488 1 306 0
1372 0 469 0
950 0 499 0
176 0 1267 1
1290 1 1242 1
1063 1 1986 0
69 1 551 1
73 0 871 1
770 1 1657 0
1285 0 1718 1
1394 0 109 1
1808 1 773 1
442 1 171 1
81 0 1231 0
1597 0 1107 0
340 0 1561 0
1104 0 948 1
1556 1 1672 0
599 1 1618 1
456 1 22 1
710 1 408 0
1104 0 1110 1
783 1 22 0
1778 0 1033 0
842 0 1285 1
981 1 1092 0
1236 1 1821 0
133 0 229 0
1543 1 1471 0
804 0 348 0
1613 1 1871 1
473 1 1802 0
1033 0 730 1
1381 0 430 1
153 1 917 1
563 0 130 1
55 0 119 1
1028 0 1607 1
1541 1 1444 0
1656 0 871 0
1078 0 1400 0
1783 1 1601 1
1580 0 1392 1
1875 1 259 1
1782 0 558 1
615 1 374 1
1343 1 1462 0
1131 1 1015 0
1255 1 485 1
1370 1 1199 1
797 1 493 0
155 0 187 1
1700 1 678 0
598 0 1300 0
402 1 1731 1
539 1 1791 0
471 0 1554 1
1447 1 614 1
1004 1 54 0
710 0 869 0
615 1 943 0
749 0 1324 0
1674 1 1959 1
1335 0 1673 0
1469 0 1757 0
1669 0 1897 1
1150 1 1213 1
189 1 429 0
1355 0 482 1
1900 0 1002 1
998 1 1948 1
711 1 1115 1
1071 0 990 1
1413 0 780 0
1546 1 325 1
1907 1 1515 0
262 1 1947 1
724 0 1936 0
139 1 775 0
1767 1 1718 1
367 1 29 0
742 1 712 0
459 1 1076 0
572 1 329 1
140 1 200 1
823 1 1009 0
1042 1 479 0
19 0 537 0
290 1 443 1
1978 0 236 0
1821 1 985 1
500 1 62 1
1591 1 625 0
423 1 1339 0
42 1 1032 1
1027 0 336 0
120 0 1280 1
1281 0 1366 0
164 0 958 0
1961 0 1994 0
1614 1 1110 0
546 0 1242 0
818 0 998 1
997 0 879 0
1800 0 538 0
1299 1 1739 1
1651 0 899 1
359 1 1387 0
1475 1 1110 1
813 0 1515 0
444 1 1910 1
946 0 598 0
1261 0 1083 0
1567 1 597 1
825 0 294 0
25 0 922 1
880 1 1089 0
1966 0 540 0
1602 0 943 0
1542 1 1337 0
122 1 1373 0
887 1 809 1
460 1 46 0
887 0 1487 0
1041 0 589 0
1880 1 1015 0
226 1 1811 1
9 0 1040 0
880 1 82 1
725 1 791 0
701 1 854 0
954 1 175 0
926 0 1551 0
180 0 1728 0
596 1 1491 1
684 1 928 0
185 1 1025 1
1330 0 1093 1
495 1 359 1
474 1 1896 0
1613 0 1934 1
579 0 1487 1
1628 1 1059 1
612 1 831 1
1973 0 1696 0
928 1 1661 0
1289 0 1756 0
643 1 1264 1
135 1 143 1
633 1 388 1
1147 0 646 1
26 0 1182 0
824 0 1057 1
64 1 234 0
933 0 1830 0
692 1 1929 1
1199 0 1035 0
348 0 87 0
1867 1 1701 0
1450 0 1292 0
1141 0 236 0
405 0 474 0
222 0 593 1
1204 1 66 1
914 1 1219 0
186 0 1042 0
1473 1 1909 1
819 1 864 0
1582 0 1775 1
684 1 68 0
1619 0 1146 1
247 1 1887 0
607 1 1905 1
541 0 480 1
274 1 560 0
260 0 1998 1
79 1 1720 0
575 1 1104 0
210 1 1800 0
1842 1 1300 0
1113 0 1997 1
1124 0 237 1
1183 1 1382 1
390 0 1454 0
1868 0 770 0
1167 1 453 1
1514 1 1095 1
448 0 991 1
1222 1 606 1
181 1 265 0
673 1 1081 0
1400 1 1250 1
1092 1 690 1
395 0 832 0
922 0 584 1
563 0 353 1
757 1 11 1
563 0 1590 1
127 1 1856 1
510 1 687 1
1149 0 1180 1
1990 1 1017 0
1690 0 757 1
812 1 985 0
1717 1 1596 0
651 0 770 0
1069 1 259 1
1909 0 1083 0
418 1 1960 0
638 0 1180 0
1135 0 844 0
693 0 410 0
1414 1 1117 0
509 0 1206 1
673 1 1467 0
1709 0 1043 0
1002 0 231 1
366 1 722 1
775 1 1037 1
1544 1 429 1
662 1 42 0
656 1 598 1
120 1 1191 1
766 0 1009 0
612 1 1774 0
1255 0 796 1
1576 1 180 1
1275 0 497 1
473 1 1525 1
291 1 1183 0
849 1 1338 1
619 1 1192 0
1344 1 703 1
900 0 76 0
727 1 290 0
1900 0 759 1
869 0 1998 1
362 0 1641 1
457 0 661 1
1512 1 947 0
1501 0 1257 0
2 1 724 0
574 1 1578 1
828 0 418 1
255 1 1131 0
52 0 1878 1
1452 0 1495 0
1848 0 153 0
832 1 1118 0
82 1 1420 1
1729 0 1342 1
1516 1 1474 0
1899 1 1261 1
1843 1 1394 0
1223 1 590 1
1809 1 1638 1
866 0 1446 1
1030 1 927 1
128 0 668 1
913 1 1320 1
1764 1 76 0
1144 0 418 1
1653 0 1948 1
1091 0 1102 1
674 0 113 1
1369 0 1602 1
477 1 1433 1
13 0 1501 0
619 1 1726 0
181 0 1536 0
1549 1 1228 0
951 0 543 0
1097 0 492 0
450 0 1091 1
1099 1 1043 0
940 0 873 0
1266 0 1111 1
323 0 468 1
989 1 1376 1
1562 1 1238 0
91 1 785 0
1347 1 514 0
1908 0 412 0
653 0 615 1
232 1 1184 1
1516 1 810 1
1969 1 855 1
1340 1 959 0
1600 1 49 1
1151 0 771 1
620 0 571 0
1709 1 1609 1
40 1 1116 1
142 0 1979 0
1620 1 1247 0
580 0 1874 0
393 0 976 0
1255 1 1594 1
1512 1 1470 1
1490 0 892 0
1975 1 355 0
1572 1 1591 0
956 1 996 1
1834 0 1790 0
725 1 1751 1
1110 1 1212 0
645 0 1465 0
1232 0 129 1
102 1 1158 0
275 0 1565 1
1493 0 1272 1
1037 1 1058 1
1429 0 438 1
1516 1 76 0
154 1 1525 1
355 0 1049 0
1568 1 1083 0
1163 0 1512 1
1207 0 1531 1
1998 1 1845 0
1453 1 1270 1
576 0 1529 0
1603 1 1639 0
638 0 1605 0
1911 1 219 0
1722 1 1385 1
1613 1 714 0
993 0 1208 1
754 0 1915 1
1532 0 1706 1
271 0 1064 0
1140 1 647 1
1986 0 1724 0
1142 0 249 1
1313 0 1031 1
1350 0 505 0
1894 1 515 1
1414 0 1986 1
36 0 578 0
1552 1 1549 0
1853 1 1787 0
1425 1 1463 1
65 1 469 0
1745 1 1700 0
1917 0 113 1
155 0 888 0
432 0 1046 1
1478 0 1018 1
348 1 76 1
1125 1 668 1
351 0 623 1
1397 0 1362 0
1144 1 1133 1
223 0 1380 0
1129 0 660 1
1451 0 1577 1
832 1 1993 1
1052 0 1867 0
62 1 457 0
1786 0 692 1
1390 1 1191 1
1141 0 660 0
1316 0 397 1
689 1 1688 1
1826 1 37 0
1427 0 1004 1
1390 0 897 1
1647 1 1218 0
1125 0 1868 0
417 0 281 1
60 0 877 0
1463 1 219 0
206 0 1775 0
1814 0 1486 1
1278 0 184 1
1151 0 410 1
1692 0 388 1
117 0 1168 0
1212 1 283 0
538 0 1758 1
453 0 207 1
877 1 1271 0
1945 0 1916 1
1252 0 410 1
1542 1 1523 1
16 0 613 0
1823 1 1743 1
139 0 292 0
1131 1 1412 1
651 0 410 0
1263 1 282 1
1534 1 1634 1
45 0 321 0
305 1 1507 0
227 1 266 0
1260 1 720 1
945 0 1573 1
1350 1 206 1
894 0 1454 0
347 0 1883 1
1216 1 1975 0
267 0 1242 1
622 0 1717 1
1137 0 1926 0
160 0 1751 0
393 1 275 1
1830 1 714 0
694 0 1215 1
446 0 1623 0
833 1 39 0
1506 0 533 1
348 1 1832 1
1950 0 916 0
1041 1 520 0
829 0 608 0
1575 0 363 1
1499 0 1787 1
550 1 1992 1
196 0 1142 0
1742 1 772 0
214 1 1214 0
353 1 876 1
497 0 1616 0
315 1 968 1
762 1 890 1
461 1 1235 0
143 1 951 1
859 0 545 0
177 1 930 1
1678 0 550 1
772 0 1486 1
848 0 1417 1
175 0 1246 0
742 0 1270 1
1333 0 1868 1
1974 1 1711 1
1245 1 1118 0
1856 1 623 1
1451 1 1815 0
1531 1 1394 0
1472 1 340 1
1028 1 455 0
1614 1 2 0
749 0 341 1
1776 0 1140 1
92 1 1105 1
682 0 531 0
1278 1 1323 0
215 0 201 1
830 0 1247 0
1654 0 83 1
1645 0 553 1
1158 1 1429 0
1783 1 971 1
589 1 579 1
1334 1 1843 1
1425 0 1387 1
1597 1 1644 1
1470 1 504 0
893 1 553 0
964 0 201 1
348 1 1803 0
1116 0 1085 1
201 0 1936 0
1633 0 174 1
226 1 224 0
1990 1 248 0
371 0 1241 1
683 0 1885 0
1521 1 623 0
1623 1 1671 0
1593 0 500 0
396 0 222 0
1815 1 211 1
1869 0 853 1
432 0 1074 0
349 1 1675 0
1454 1 1044 1
60 1 1419 1
1692 1 321 0
1507 1 194 0
1147 0 269 0
578 1 892 0
627 0 1544 0
46 0 1770 1
1955 1 224 0
46 0 762 1
1093 1 11 0
820 1 1813 0
1973 0 595 1
982 0 163 0
646 1 1708 1
1102 0 465 0
1629 1 190 1
852 0 328 1
530 0 687 1
1397 0 1611 0
435 1 1018 1
739 1 555 0
1033 1 1830 1
371 1 815 0
1377 0 1270 1
773 0 1286 1
1015 1 1269 0
572 1 1436 1
1638 0 362 0
1922 0 96 1
1539 1 1655 1
200 0 1204 0
1737 1 1123 0
64 1 1603 1
108 1 1088 1
949 0 1990 0
941 0 1890 0
361 1 1360 0
256 1 53 0
346 0 977 0
329 0 360 1
235 0 1160 1
669 1 1432 1
1284 0 1815 0
586 1 100 0
1002 0 1750 1
1802 1 1387 0
1522 1 24 0
483 0 1126 1
1711 0 1403 1
1985 0 824 1
132 0 1690 1
1457 1 1270 0
430 1 1291 0
1031 0 997 1
1922 0 1030 0
1433 0 22 1
817 0 1569 1
375 1 246 0
145 1 999 0
256 1 276 1
1935 0 287 1
390 1 104 0
803 0 386 0
1701 0 1779 1
1892 1 203 1
1730 0 849 0
925 1 1337 0
822 0 920 0
1568 1 1120 0
133 1 789 0
1498 1 145 0
1265 0 1011 0
1341 1 1504 0
620 0 1369 0
862 1 1006 0
1637 1 1179 0
368 0 1600 0
950 0 1571 0
1086 0 274 0
1992 0 509 1
1696 0 1963 0
111 0 1895 0
1201 1 1331 1
182 0 1115 1
682 1 247 0
433 0 192 1
1509 1 395 0
1430 0 1306 0
1952 1 250 1
28 0 212 0
876 1 903 1
1036 0 1070 0
1430 1 62 0
1315 0 716 1
1282 0 1321 1
1767 1 149 0
1167 1 979 0
1685 0 252 0
1705 0 554 0
938 1 325 0
348 0 1564 0
1726 1 1729 0
1196 1 1082 1
857 0 809 1
1142 1 1450 0
194 0 701 1
562 1 979 1
971 1 920 1
1535 1 451 1
207 1 141 1
1956 0 640 1
100 1 1835 0
1482 0 1159 0
1907 1 846 1
67 0 398 0
1785 1 1070 0
450 0 985 1
1271 1 1167 1
1921 0 1638 0
1631 1 1783 0
1323 0 1399 1
498 1 502 1
438 1 166 0
1773 1 470 1
346 0 991 0
937 0 1889 0
417 0 1178 1
90 1 658 0
786 1 349 0
1908 0 1369 1
1270 0 1636 0
1286 1 308 1
555 1 521 1
1266 1 1067 0
738 1 139 1
1147 1 310 0
1613 0 258 1
717 1 1961 1
107 0 1696 1
701 1 1168 1
901 1 18 1
143 1 107 1
431 0 1452 1
1218 0 4 1
966 0 1049 0
1013 0 117 1
789 1 1541 0
1160 0 273 1
881 1 1495 1
841 1 900 0
79 0 108 0
1740 0 1795 1
1547 1 1984 1
472 1 1270 1
1159 1 240 1
1523 0 1001 0
1614 0 1237 1
1380 1 569 0
793 0 859 0
1336 1 1956 0
1251 1 1043 0
361 1 1921 0
1121 0 559 1
550 1 968 0
