100 115
78 0 77 0
16 1 14 1
75 1 74 1
25 0 26 1
55 1 54 1
46 0 45 0
70 0 69 0
36 0 34 0
57 1 56 1
88 1 86 1
82 1 80 1
16 0 15 0
40 1 38 1
12 0 10 0
96 0 95 0
43 1 42 1
37 1 38 0
79 0 77 0
20 1 19 1
20 0 18 0
58 1 56 1
5 1 6 0
28 0 26 0
23 1 22 1
15 1 14 1
97 0 95 0
11 0 10 0
97 1 96 1
63 1 62 1
4 1 3 1
29 1 30 0
3 0 2 0
42 0 41 0
27 0 26 0
32 0 31 0
64 1 62 1
19 0 18 0
24 0 23 0
91 1 90 1
24 1 22 1
52 0 51 0
90 0 89 0
46 1 44 1
100 0 99 0
69 1 68 1
4 0 2 0
1 0 2 1
40 0 39 0
58 0 57 0
28 1 27 1
61 0 59 0
49 1 48 1
21 1 22 0
85 0 83 0
32 1 30 1
93 1 92 1
52 1 50 1
64 0 63 0
8 0 7 0
33 0 34 1
48 0 47 0
49 0 47 0
88 0 87 0
17 0 18 1
94 1 92 1
76 0 75 0
61 1 60 1
45 1 44 1
43 0 41 0
79 1 78 1
81 1 80 1
54 0 53 0
8 1 6 1
73 1 72 1
39 1 38 1
13 1 14 0
100 1 98 1
60 0 59 0
91 0 89 0
67 0 65 0
35 0 34 0
66 0 65 0
76 1 74 1
55 0 53 0
87 1 86 1
7 1 6 1
94 0 93 0
70 1 68 1
73 0 71 0
9 0 10 1
12 1 11 1
84 0 83 0
31 1 30 1
85 1 84 1
99 1 98 1
72 0 71 0
67 1 66 1
82 0 81 0
36 1 35 1
51 1 50 1
