200 100
67 1 76 0
81 1 81 0
7 1 87 1
85 1 55 1
72 1 60 0
94 1 100 0
37 1 32 1
57 0 29 0
74 0 30 1
19 0 9 1
67 1 66 0
70 0 66 0
36 0 33 1
71 0 40 0
33 0 34 1
13 1 97 1
42 1 20 0
83 0 17 1
29 1 49 1
37 1 47 0
34 1 40 0
4 0 39 0
73 0 76 0
39 0 19 0
86 0 63 0
6 1 84 0
69 1 8 0
84 0 96 1
42 1 64 1
14 1 50 1
66 0 85 1
75 1 58 1
89 1 84 1
17 0 26 1
71 0 13 0
94 1 6 1
4 1 59 0
15 0 81 0
52 1 99 1
28 0 46 0
66 1 91 1
22 0 25 1
16 0 34 1
2 1 56 0
48 1 77 1
97 1 65 0
39 1 31 0
45 0 15 0
14 1 55 0
78 1 29 1
60 0 21 1
5 0 1 0
13 1 2 1
73 1 100 0
90 0 37 0
58 0 51 0
4 0 82 1
77 1 46 0
29 0 70 0
69 1 97 0
75 1 18 0
23 1 4 0
29 0 28 0
50 1 4 1
84 0 21 0
66 1 38 0
36 0 83 0
37 1 86 1
18 1 79 0
40 0 97 1
11 1 80 1
52 1 93 1
65 1 54 0
35 0 86 1
65 0 28 1
43 0 3 0
33 0 34 0
28 0 44 0
35 1 52 1
2 1 93 1
72 0 45 0
64 0 79 0
72 0 56 0
46 0 89 0
58 1 97 1
34 1 55 1
88 1 16 0
42 1 47 0
80 0 38 1
41 1 56 1
77 0 92 1
9 1 47 1
91 0 89 0
61 0 15 0
91 1 96 0
47 0 41 1
31 1 22 0
19 1 55 1
90 0 20 0
67 0 4 0
69 1 41 1
78 1 52 1
11 1 100 0
36 0 20 0
36 1 21 0
66 0 1 1
47 0 76 0
10 0 24 0
52 1 18 1
77 1 14 0
95 0 35 0
73 1 99 1
57 1 32 1
16 0 7 0
31 1 30 1
52 1 79 0
62 1 12 0
93 1 59 1
14 0 24 0
38 1 17 0
50 0 79 0
17 0 77 0
85 1 19 1
80 0 25 1
74 0 59 0
35 1 98 1
22 0 24 0
48 0 14 1
80 0 54 0
1 1 56 0
13 1 61 1
71 1 9 1
97 1 30 0
52 0 48 0
86 0 44 0
31 0 63 1
62 1 73 1
38 1 43 0
64 1 93 1
46 0 3 0
27 0 62 1
45 0 62 1
88 1 97 1
24 0 71 1
78 1 57 0
51 0 85 1
84 0 75 1
14 1 84 1
90 0 69 0
32 0 10 0
64 1 85 0
63 0 69 0
11 1 97 1
71 0 6 1
74 0 23 1
37 0 4 1
73 0 20 0
53 1 74 1
88 0 49 1
7 0 8 0
5 0 43 0
8 1 27 1
36 0 69 0
84 1 14 0
15 0 27 1
7 0 26 0
19 0 68 0
23 1 20 1
63 0 66 1
44 0 39 0
68 0 50 1
81 0 5 0
26 0 93 1
47 0 75 0
8 0 70 1
29 1 70 0
36 0 73 1
98 1 69 0
54 0 45 0
14 1 5 0
15 1 96 1
71 1 53 1
44 0 49 0
1 1 77 0
76 1 82 1
19 1 59 0
2 1 92 1
98 1 16 1
61 0 18 1
28 0 12 0
62 1 98 0
10 1 95 0
98 1 39 0
71 0 88 1
51 0 3 0
11 0 87 1
26 0 97 0
70 1 97 1
96 1 27 1
29 0 86 1
