500 500
468 0 467 0
300 0 299 0
276 1 277 0
64 1 65 0
289 1 290 0
463 0 464 1
475 1 474 1
400 1 401 0
130 0 131 1
146 0 145 0
441 0 439 0
488 1 486 1
349 1 348 1
85 0 86 1
94 1 95 0
20 0 19 0
154 1 152 1
132 0 131 0
108 1 109 0
288 1 289 0
266 1 264 1
181 1 180 1
426 0 425 0
350 1 348 1
398 0 397 0
322 1 320 1
228 0 229 1
415 1 416 0
101 0 102 1
449 0 450 1
162 1 163 0
29 0 30 1
326 0 327 1
260 1 261 0
491 0 492 1
104 0 103 0
328 0 327 0
267 0 268 1
34 0 33 0
143 0 144 1
1 0 2 1
35 0 33 0
27 1 26 1
7 0 5 0
484 1 485 0
357 1 356 1
487 1 486 1
119 0 117 0
290 1 291 0
88 0 89 1
371 0 369 0
179 1 180 0
175 1 174 1
351 0 352 1
43 0 44 1
41 1 40 1
213 0 214 1
210 1 208 1
261 1 262 0
441 1 440 1
265 1 264 1
83 1 82 1
382 0 383 1
457 1 458 0
373 1 374 0
203 1 202 1
268 0 269 1
57 0 58 1
291 1 292 0
8 1 9 0
200 0 201 1
284 0 285 1
407 0 408 1
202 0 201 0
338 0 339 1
98 0 97 0
46 0 47 1
363 1 362 1
412 0 411 0
420 1 418 1
496 1 497 0
253 0 254 1
316 1 317 0
39 1 40 0
53 1 54 0
121 1 122 0
214 0 215 1
70 1 68 1
336 0 335 0
500 1 498 1
494 0 492 0
14 0 13 0
38 1 39 0
301 1 300 1
220 1 221 0
209 1 208 1
154 0 153 0
392 1 390 1
116 0 117 1
297 0 298 1
186 0 187 1
346 1 347 0
252 1 250 1
361 1 362 0
24 1 25 0
317 1 318 0
21 1 20 1
416 1 417 0
401 1 402 0
122 1 123 0
344 1 345 0
37 1 38 0
112 1 110 1
296 0 297 1
493 0 492 0
464 0 465 1
286 0 285 0
238 0 237 0
440 0 439 0
266 0 265 0
417 1 418 0
391 1 390 1
45 0 46 1
315 0 313 0
419 1 418 1
283 0 284 1
56 0 55 0
356 0 355 0
476 1 474 1
44 0 45 1
11 1 12 0
207 1 208 0
87 0 88 1
231 0 229 0
331 1 332 0
91 1 90 1
77 1 76 1
95 1 96 0
13 1 12 1
193 1 194 0
422 0 423 1
92 1 93 0
273 1 272 1
135 1 136 0
231 1 230 1
311 0 312 1
385 1 384 1
406 1 404 1
305 1 306 0
429 1 430 0
329 0 327 0
358 1 359 0
500 0 499 0
365 0 366 1
241 0 242 1
252 0 251 0
196 0 195 0
428 1 429 0
455 0 453 0
80 1 81 0
342 0 341 0
279 1 278 1
359 1 360 0
7 1 6 1
246 1 247 0
224 1 222 1
204 1 205 0
340 0 341 1
448 0 447 0
177 1 178 0
459 1 460 0
239 0 240 1
93 1 94 0
203 0 201 0
462 1 460 1
99 0 100 1
115 0 116 1
262 1 263 0
161 1 160 1
402 1 403 0
9 1 10 0
394 0 395 1
430 1 431 0
196 1 194 1
494 1 493 1
25 1 26 0
312 0 313 1
113 0 114 1
479 0 480 1
14 1 12 1
469 1 468 1
454 0 453 0
336 1 334 1
23 1 24 0
58 0 59 1
324 0 325 1
15 0 16 1
157 0 158 1
413 1 412 1
52 1 53 0
308 1 306 1
281 0 282 1
443 1 444 0
473 1 474 0
445 1 446 0
140 0 139 0
424 0 425 1
55 1 54 1
217 0 215 0
315 1 314 1
396 0 397 1
301 0 299 0
240 0 241 1
189 1 188 1
144 0 145 1
237 1 236 1
10 1 11 0
298 0 299 1
42 0 41 0
69 1 68 1
35 1 34 1
335 1 334 1
140 1 138 1
287 0 285 0
139 1 138 1
256 0 257 1
466 0 467 1
197 0 198 1
227 0 228 1
497 1 498 0
120 1 121 0
185 0 186 1
188 0 187 0
67 1 68 0
375 1 376 0
485 1 486 0
210 0 209 0
245 0 243 0
414 1 415 0
234 1 235 0
150 1 151 0
151 1 152 0
170 0 171 1
470 1 471 0
456 1 457 0
364 0 363 0
403 1 404 0
368 0 369 1
175 0 173 0
319 1 320 0
134 1 135 0
105 1 104 1
156 0 157 1
447 1 446 1
74 0 75 1
84 0 83 0
489 0 490 1
254 0 255 1
255 0 256 1
48 0 47 0
399 0 397 0
423 0 424 1
50 1 51 0
191 1 192 0
303 1 304 0
42 1 40 1
421 0 422 1
211 0 212 1
192 1 193 0
198 0 199 1
28 1 26 1
71 0 72 1
482 1 481 1
72 0 73 1
280 1 278 1
205 1 206 0
495 1 496 0
230 0 229 0
269 0 270 1
258 0 257 0
451 0 452 1
171 0 172 1
70 0 69 0
16 0 17 1
81 1 82 0
434 0 433 0
182 1 180 1
77 0 75 0
476 0 475 0
302 1 303 0
36 1 37 0
225 0 226 1
206 1 207 0
49 1 48 1
380 0 381 1
352 0 353 1
178 1 179 0
345 1 346 0
90 0 89 0
293 1 292 1
433 1 432 1
28 0 27 0
245 1 244 1
235 1 236 0
367 0 368 1
280 0 279 0
158 0 159 1
129 0 130 1
388 1 389 0
216 0 215 0
408 0 409 1
51 1 52 0
91 0 89 0
413 0 411 0
199 0 200 1
86 0 87 1
259 1 258 1
310 0 311 1
450 0 451 1
360 1 361 0
354 0 355 1
488 0 487 0
452 0 453 1
277 1 278 0
133 0 131 0
309 0 310 1
102 0 103 1
119 1 118 1
287 1 286 1
247 1 248 0
405 1 404 1
153 1 152 1
17 0 18 1
118 0 117 0
249 1 250 0
18 0 19 1
347 1 348 0
386 1 387 0
126 1 124 1
167 1 166 1
100 0 101 1
112 0 111 0
238 1 236 1
233 1 234 0
371 1 370 1
169 0 170 1
66 1 67 0
461 1 460 1
251 1 250 1
128 0 129 1
427 1 426 1
49 0 47 0
304 1 305 0
107 1 108 0
314 0 313 0
274 1 275 0
478 0 479 1
219 1 220 0
79 1 80 0
111 1 110 1
174 0 173 0
263 1 264 0
32 0 33 1
163 1 164 0
294 0 293 0
232 1 233 0
123 1 124 0
98 1 96 1
63 0 61 0
21 0 19 0
431 1 432 0
22 1 23 0
161 0 159 0
62 0 61 0
212 0 213 1
370 0 369 0
372 1 373 0
221 1 222 0
109 1 110 0
472 1 473 0
164 1 165 0
4 0 5 1
330 1 331 0
242 0 243 1
3 0 4 1
223 1 222 1
409 0 410 1
435 0 436 1
385 0 383 0
444 1 445 0
160 0 159 0
172 0 173 1
168 1 166 1
105 0 103 0
337 0 338 1
427 0 425 0
321 1 320 1
378 1 376 1
322 0 321 0
244 0 243 0
462 0 461 0
224 0 223 0
364 1 362 1
148 1 149 0
339 0 340 1
106 1 107 0
482 0 480 0
436 0 437 1
78 1 79 0
477 0 478 1
84 1 82 1
379 0 380 1
147 0 145 0
147 1 146 1
490 0 491 1
343 0 341 0
97 1 96 1
442 1 443 0
182 0 181 0
30 0 31 1
6 0 5 0
499 1 498 1
125 1 124 1
218 1 219 0
406 0 405 0
226 0 227 1
378 0 377 0
272 0 271 0
469 0 467 0
437 0 438 1
295 0 296 1
389 1 390 0
455 1 454 1
387 1 388 0
410 0 411 1
59 0 60 1
366 0 367 1
189 0 187 0
395 0 396 1
56 1 54 1
399 1 398 1
65 1 66 0
307 1 306 1
392 0 391 0
374 1 375 0
184 0 185 1
420 0 419 0
357 0 355 0
142 0 143 1
217 1 216 1
165 1 166 0
149 1 150 0
481 0 480 0
483 1 484 0
282 0 283 1
195 1 194 1
183 0 184 1
275 1 276 0
155 0 156 1
136 1 137 0
126 0 125 0
127 0 128 1
190 1 191 0
63 1 62 1
318 1 319 0
329 1 328 1
176 1 177 0
323 0 324 1
434 1 432 1
248 1 249 0
31 0 32 1
141 0 142 1
325 0 326 1
333 1 334 0
343 1 342 1
137 1 138 0
259 0 257 0
438 0 439 1
350 0 349 0
308 0 307 0
168 0 167 0
114 0 115 1
294 1 292 1
448 1 446 1
384 0 383 0
332 1 333 0
270 0 271 1
393 0 394 1
353 0 354 1
471 1 472 0
73 0 74 1
133 1 132 1
377 1 376 1
381 0 382 1
273 0 271 0
2 0 3 1
60 0 61 1
458 1 459 0
76 0 75 0
465 0 466 1
