800 354
63 1 35 1
118 1 64 1
5 1 298 1
89 1 311 0
354 0 22 1
330 0 74 0
2 1 132 1
72 0 291 0
43 1 336 1
352 1 156 1
201 1 274 0
141 0 216 1
69 1 324 0
7 0 306 1
289 1 71 1
195 0 226 0
297 1 33 1
40 0 151 1
6 1 262 0
275 0 138 0
157 0 166 0
19 1 178 1
110 0 258 0
234 0 189 0
290 1 88 1
176 0 202 0
142 1 118 0
188 0 89 1
25 0 124 1
313 1 201 0
181 1 334 0
138 1 192 1
268 0 205 1
197 1 82 1
323 1 167 1
135 1 105 1
20 1 191 0
134 0 104 1
48 1 65 1
106 1 188 1
323 0 26 1
277 1 141 0
91 0 129 0
169 1 168 1
73 1 6 1
313 1 87 1
287 1 209 0
27 1 112 1
205 0 312 0
264 1 214 0
276 0 15 0
164 0 304 0
166 1 125 1
152 0 352 0
349 1 135 1
196 1 290 1
115 0 345 1
88 1 236 0
75 1 50 1
239 1 117 0
321 0 237 0
152 0 335 0
102 1 346 1
256 0 78 1
2 1 170 1
150 0 230 0
193 1 143 0
350 0 99 0
227 0 331 1
104 1 116 0
339 0 204 1
6 1 303 0
121 1 177 0
193 0 322 1
132 1 197 0
289 1 20 1
194 1 222 1
201 0 172 1
232 0 338 0
236 1 292 1
304 1 280 0
45 0 328 0
260 1 92 1
180 1 301 0
165 1 69 0
277 1 248 1
244 1 143 0
328 0 57 0
210 1 154 0
316 1 67 1
237 1 54 0
73 1 157 0
67 0 305 0
121 1 295 0
32 0 272 0
19 0 70 0
241 0 352 0
273 0 173 1
10 0 22 0
9 1 83 0
75 0 195 0
246 0 32 0
139 1 96 0
110 0 153 0
226 0 116 0
278 1 5 1
349 1 210 1
183 1 271 1
292 1 216 0
147 0 181 0
216 0 318 1
76 0 342 0
101 1 39 1
145 0 275 1
84 0 272 1
210 1 266 1
334 0 227 0
306 1 204 1
133 1 154 1
25 1 245 0
199 0 297 0
191 1 241 0
48 1 311 0
26 1 11 1
68 0 184 1
264 0 265 0
164 1 127 1
122 0 136 1
47 1 199 1
274 1 131 0
327 0 249 0
299 0 75 1
187 0 305 1
22 1 93 0
112 1 253 1
64 0 114 0
319 0 211 0
169 0 197 1
189 0 65 1
55 0 175 1
278 1 345 0
132 1 248 1
342 0 28 0
41 1 278 0
218 0 273 0
154 1 145 0
337 0 251 0
51 0 220 1
23 1 338 0
313 1 310 0
36 0 163 1
81 0 35 1
14 1 263 0
312 0 242 1
264 1 291 1
339 0 74 0
234 0 320 0
32 1 310 0
251 1 190 1
253 0 251 0
52 1 156 1
274 1 63 1
232 0 243 0
236 0 352 0
81 0 179 1
17 1 37 0
325 0 354 0
341 0 38 1
115 1 204 1
82 1 115 1
337 0 100 0
71 1 47 1
277 0 113 1
2 0 353 1
92 1 166 1
73 1 288 0
186 0 81 1
323 1 223 1
95 1 55 1
41 0 14 1
294 1 288 1
131 1 347 0
304 1 340 0
70 1 157 0
260 1 168 1
90 0 151 1
2 0 62 1
265 0 142 1
108 1 300 1
331 0 276 1
25 1 28 0
163 0 189 0
285 0 231 0
179 1 161 0
256 1 268 1
145 0 253 1
98 1 240 1
56 1 324 1
124 1 157 0
41 1 31 1
278 1 98 1
306 0 128 0
329 1 176 0
188 1 96 1
119 1 149 1
108 0 334 0
105 0 249 0
67 0 52 1
340 1 296 1
99 0 306 0
250 0 159 1
18 1 81 0
247 1 2 0
331 0 158 1
152 0 106 0
183 0 270 1
317 1 87 1
77 0 209 0
199 1 296 0
250 1 225 0
109 0 268 1
154 1 32 0
9 0 179 1
88 1 307 0
306 0 348 1
268 1 332 1
86 0 7 0
348 0 307 0
76 1 246 0
308 1 341 1
123 0 258 1
110 0 285 0
105 0 24 1
293 1 110 0
338 0 289 1
106 1 225 0
264 0 6 1
83 1 347 0
105 0 76 1
319 1 191 0
35 1 217 1
24 1 345 0
210 0 252 1
246 0 293 0
350 1 319 1
117 0 291 1
298 1 217 1
150 1 137 1
106 0 262 0
60 0 303 1
140 0 178 0
304 1 101 1
291 1 233 1
124 1 235 1
313 1 68 0
200 0 22 1
240 1 7 1
256 0 349 0
113 1 129 0
74 1 277 0
193 0 216 0
3 1 266 0
35 0 259 0
123 0 255 0
313 1 286 1
341 0 216 0
71 1 10 0
73 0 301 0
335 0 153 0
298 1 202 0
38 0 223 0
296 0 147 0
216 0 254 1
208 1 11 0
266 1 147 0
171 0 350 1
35 1 130 1
55 0 30 1
27 1 269 0
278 1 294 1
309 1 239 1
3 1 226 1
173 0 247 0
30 1 196 1
316 0 47 1
61 0 324 0
166 0 144 1
185 1 66 0
22 1 255 0
239 1 14 1
305 1 331 1
228 0 70 0
67 0 85 1
333 1 246 1
123 1 83 0
91 1 302 0
222 1 271 0
60 0 141 0
173 1 212 1
203 0 301 1
185 0 307 0
337 0 89 1
284 0 99 0
186 1 302 0
172 1 101 1
167 1 272 0
325 1 323 1
236 1 218 0
237 1 284 0
161 1 111 1
352 0 195 0
4 0 171 1
94 1 5 0
304 1 332 1
175 1 283 1
195 1 77 0
353 0 42 1
230 0 308 1
180 1 22 1
125 1 297 0
318 1 49 1
187 0 39 0
47 1 317 1
97 1 4 0
131 0 116 1
133 1 327 1
322 0 239 1
107 1 282 0
25 0 213 0
199 1 347 0
214 1 9 0
206 1 167 1
218 0 293 0
343 1 121 0
61 0 102 1
291 1 172 1
76 1 3 0
287 1 238 1
138 0 335 0
164 0 282 0
152 0 74 0
282 1 7 0
322 0 86 1
219 1 318 0
40 0 207 0
224 1 338 1
107 0 286 1
257 1 20 1
41 0 295 0
352 0 92 1
58 1 327 1
131 0 299 1
53 0 282 1
27 1 177 0
54 0 281 1
229 0 213 0
21 0 285 0
103 0 194 1
234 0 339 0
22 1 38 1
263 0 293 1
12 1 140 0
334 0 268 0
276 0 120 0
147 1 80 1
311 0 136 1
318 1 196 1
102 1 235 1
30 1 347 1
121 0 64 1
113 1 255 0
331 0 74 0
34 1 230 1
68 1 174 1
178 1 262 0
240 1 170 0
221 1 197 0
344 0 328 1
220 1 236 0
91 0 151 1
34 1 93 0
21 1 121 1
72 0 13 0
50 0 299 0
268 0 36 0
237 1 208 1
343 1 250 0
231 0 234 0
336 0 42 0
170 1 214 1
29 1 122 0
110 0 261 1
242 1 319 0
180 1 165 1
236 0 95 1
279 0 308 1
345 1 238 1
317 1 84 0
136 1 141 0
186 0 273 0
304 1 133 1
337 0 4 0
347 0 84 1
119 0 289 1
3 1 109 0
349 1 127 1
314 1 258 1
168 0 50 0
88 0 226 0
241 0 312 0
300 0 177 0
54 0 16 1
278 1 107 1
158 0 247 0
82 1 274 1
344 0 194 0
140 0 159 0
8 1 72 1
279 0 156 1
66 0 111 1
91 1 79 0
214 1 32 1
151 1 248 1
53 0 208 0
128 1 328 1
98 1 225 0
38 1 71 1
321 0 287 1
341 1 261 1
312 0 285 0
353 1 323 1
207 1 12 1
46 1 44 1
351 1 322 1
164 0 214 0
47 0 348 0
237 1 267 1
35 1 104 0
192 1 112 1
181 1 28 1
188 0 41 1
111 0 224 0
2 0 315 1
234 0 223 1
347 1 126 1
328 1 306 1
301 0 340 1
313 1 320 1
51 0 285 1
254 1 60 1
232 0 314 0
134 1 184 1
211 0 250 1
111 1 63 1
181 1 81 1
272 0 209 0
314 1 45 1
258 0 339 0
187 0 112 1
208 1 46 0
106 1 253 0
153 0 168 0
50 1 169 0
171 0 220 1
98 0 112 0
254 0 197 1
177 0 42 1
34 1 316 0
338 0 332 1
135 1 93 0
314 0 97 1
139 1 203 0
154 0 191 1
195 1 309 1
116 0 274 1
348 0 245 0
154 1 207 1
277 0 124 0
222 1 269 0
206 0 235 1
9 1 345 1
221 1 336 0
235 1 244 0
104 0 176 1
187 0 189 1
230 1 257 0
71 1 126 1
43 1 106 0
333 1 55 0
107 0 142 1
109 0 69 1
177 1 319 1
182 0 4 0
41 1 294 1
267 0 170 1
36 0 70 1
310 0 256 1
119 0 341 1
149 1 329 1
56 1 47 0
18 1 91 1
125 1 109 0
78 0 186 0
103 0 234 1
236 0 122 0
175 1 226 1
95 1 200 0
40 0 189 1
271 0 263 0
41 1 316 1
29 1 322 0
266 0 80 1
270 1 257 0
107 1 247 0
78 1 276 1
21 0 6 0
90 1 90 1
15 0 73 1
182 1 134 0
185 0 35 1
5 1 75 0
351 1 242 1
161 1 57 1
237 0 322 0
257 1 74 1
279 1 53 0
191 1 263 1
261 1 303 1
23 0 312 1
260 1 93 1
171 0 216 0
36 1 287 1
54 0 18 1
102 1 84 0
258 0 69 1
336 1 72 0
126 1 58 1
220 1 279 1
207 1 58 1
114 1 177 0
256 1 234 0
6 1 271 0
75 1 129 1
139 0 162 1
126 0 75 1
94 0 90 1
265 0 296 0
130 1 47 0
39 0 150 0
114 0 282 0
191 0 31 1
207 0 301 0
3 1 39 0
118 0 35 1
312 0 315 0
148 1 300 1
253 1 108 1
235 1 318 1
226 1 217 1
112 0 86 1
62 1 167 1
334 0 255 1
26 0 57 0
209 0 144 1
217 0 127 1
308 1 282 1
318 1 110 1
72 0 183 1
324 0 62 1
236 0 346 1
314 1 261 1
272 1 315 0
69 1 221 1
349 0 297 0
319 1 28 0
21 0 9 0
245 0 181 0
93 0 43 0
155 1 60 1
107 0 245 0
338 1 68 0
313 1 206 1
245 1 146 1
259 0 329 1
293 0 213 0
290 0 29 0
264 1 127 0
163 1 283 0
172 1 70 1
185 0 63 0
251 0 61 0
103 0 324 0
339 1 267 1
308 1 118 0
122 0 204 0
139 1 60 1
205 1 272 0
277 1 354 0
160 1 126 1
160 0 321 0
143 0 1 0
294 1 134 0
85 1 14 0
286 0 244 0
138 0 352 0
149 1 286 1
339 0 239 1
144 0 84 0
296 1 93 0
285 0 268 1
317 1 210 1
217 1 44 1
21 0 283 1
207 1 244 1
6 1 206 1
164 0 171 0
18 1 340 0
65 0 209 0
250 0 89 1
60 0 158 0
139 1 18 1
140 1 29 0
20 1 295 0
35 1 312 0
241 0 160 0
174 1 161 0
108 0 330 1
43 1 134 0
342 0 68 1
83 1 176 0
190 0 336 0
219 1 23 0
59 1 32 0
322 0 228 1
56 1 186 1
167 1 1 0
57 1 346 1
246 1 117 1
64 0 48 1
228 1 346 0
275 0 53 1
65 1 153 0
351 1 169 0
162 1 121 0
45 0 89 1
215 0 121 1
321 0 79 0
239 0 23 0
309 0 106 1
111 0 298 1
51 0 98 1
16 0 325 0
152 0 94 1
46 0 210 0
64 1 83 0
293 1 27 1
95 0 196 1
55 0 193 0
251 0 188 1
198 1 214 0
328 0 152 0
146 1 17 0
303 1 199 0
8 1 19 1
281 1 77 0
330 1 32 0
94 0 353 1
348 1 212 1
326 1 321 0
122 0 275 0
226 0 74 0
12 1 35 0
345 0 26 1
252 1 259 0
82 0 249 0
233 1 313 1
307 0 282 1
169 1 201 0
247 0 15 1
74 1 330 1
58 1 209 0
340 0 128 0
313 1 238 1
279 0 87 1
67 0 126 1
168 0 346 0
155 1 320 0
127 0 104 0
39 1 184 1
72 0 86 0
149 1 193 0
81 0 326 0
344 1 276 1
143 0 59 0
159 1 241 1
121 1 279 0
65 0 185 0
293 0 71 0
255 1 147 0
143 1 13 0
104 1 332 1
194 1 321 1
56 1 128 0
353 0 114 0
16 0 38 0
288 1 55 0
176 0 292 0
144 1 112 0
48 0 120 0
237 1 66 0
293 0 209 0
232 1 147 0
100 0 334 1
148 1 126 1
326 1 167 0
85 1 290 0
291 1 318 1
122 0 205 1
293 0 67 0
146 1 60 0
150 0 164 1
33 1 141 1
281 1 230 0
172 1 40 0
137 1 59 1
274 0 276 0
320 0 246 0
91 0 203 0
320 0 146 0
323 1 182 1
228 1 7 0
115 0 260 1
54 1 100 0
246 0 108 0
146 1 350 0
296 0 113 1
223 0 147 0
297 1 231 0
139 0 343 1
198 1 219 1
252 0 69 1
46 1 31 1
326 0 300 1
288 0 117 1
243 0 26 0
10 0 160 0
173 0 132 0
201 0 221 0
59 1 81 1
158 0 327 1
229 0 236 1
205 0 331 0
139 1 292 1
184 1 11 1
17 0 248 0
224 1 92 1
12 0 269 0
301 1 156 1
213 0 310 0
160 0 37 0
280 0 19 1
84 1 142 1
268 1 50 1
349 0 60 0
278 1 215 1
35 1 38 1
247 0 250 1
231 0 277 0
126 0 26 1
296 0 288 1
13 0 82 1
315 1 259 0
243 0 51 0
243 0 248 0
175 1 138 0
19 1 287 1
77 0 5 1
272 0 289 0
293 1 280 0
14 1 346 1
150 0 24 1
96 0 174 0
352 0 215 0
125 0 49 1
326 0 326 1
325 1 31 0
250 0 145 0
200 0 174 1
276 1 77 1
319 0 203 0
233 1 271 0
141 0 37 0
269 0 162 0
97 1 77 1
136 1 306 0
52 1 174 0
257 0 190 1
144 1 213 0
301 0 223 0
255 0 194 1
