80 9179
1 2 4 9 11 12 13 14 17 18 19 20 24 25 26 27 29 33 34 39 40 42 43 44 45 46 47 50 54 55 60 61 62 63 64 65 66 67 68 70 71 73 74 76 77 78 79 82 83 84 85 86 87 88 91 92 93 94 95 97 99 100 101 103 104 105 106 107 108 109 110 111 112 114 115 116 117 118 119 120
1056 1589 8875 982 7152 7884 1148 2503 4275 8780 1474 959 947 3584 6176 4981 6776 2361 8252 9558 8656 2920 4046 8099 8976 9903 8614 2236 2453 2500 5263 4764 9405 8252 7441 793 2109 6321 7578 1045 8555 9293 4472 6186 3102 8467 7130 1744 6360 571 5872 8971 4602 6383 6713 8199 6347 4801 4780 354 7718 4732 4885 4836 7358 3936 8468 2280 8698 2910 9203 5248 129 4 6260 3167 1137 1344 4901 1847


1 1088
14
94

30 6717
3 6 7 14 19 21 28 31 32 33 40 44 56 57 58 59 60 61 62 65 67 73 74 76 82 86 93 94 96 99
27 773 870 789 31 513 552 136 70 214 598 206 285 24 852 837 859 293 428 40 104 262 414 96 726 103 854 740 579 220


10 3949
37 40 42 44 51 59 68 72 90 92
862 552 858 751 109 291 111 87 394 369


3 71
5 25 50
5 2 1