100
5 5 8 8
11 11 2 2
1 6 1 6
1 5 9 20
1 1 1 1
1000000 1000000 1000000 1000000
1000000 1000000 1 1
1 31 1 31
47 47 29 29
44 61 1 24
12 33 42 55
1 25 46 73
42 70 27 57
28 44 37 67
23 42 46 71
28 35 21 51
12 37 25 55
28 54 35 65
33 49 8 36
36 58 7 37
45 68 19 49
30 46 47 66
3 32 26 51
1 28 33 58
15 45 14 38
6 32 13 35
3 32 31 44
9 37 3 33
21 49 5 33
25 41 3 28
30 49 2 28
254 254 411 411
77 92 498 505
1 28 482 508
486 513 389 413
496 518 267 294
472 500 294 321
497 500 308 337
278 307 496 525
279 307 473 502
296 316 475 498
296 318 481 495
468 484 292 321
463 493 288 316
265 295 463 487
478 508 298 326
230 258 402 432
26 51 443 465
257 262 459 488
116 142 316 345
462 474 173 198
409 439 114 139
60 87 143 165
221 248 115 133
39603 39603 24476 24476
49985 50014 24127 24155
34461 34484 48554 48561
49307 49331 27072 27100
29958 29987 49891 49920
30920 30943 49849 49864
49914 49938 30855 30882
30872 30881 49970 49993
49928 49954 30861 30873
49951 49975 30858 30887
49803 49828 30791 30816
30482 30511 49354 49372
30673 30703 49655 49679
47730 47742 29495 29512
28032 28053 45373 45397
43780 43798 27048 27077
5638 5662 24149 24168
15208 15237 16073 16089
28954 28980 41958 41971
19329 19355 15648 15677
32085 32109 37520 37547
49407 49437 41127 41149
16415 16437 13997 14012
560597 560597 907065 907065
999981 1000000 420120 420129
499982 500001 724465 724493
598529 598542 947048 947073
574252 574282 920059 920089
982465 982487 607796 607813
996896 996926 616195 616216
997222 997243 616324 616354
616847 616862 998089 998112
617344 617362 998901 998907
617453 617475 999042 999070
999540 999563 617730 617760
996215 996245 615693 615721
986268 986286 609542 609559
613730 613753 993031 993058
785651 785679 485563 485586
898797 898823 502080 502104
331020 331047 292459 292487
723896 723926 523982 523997
930177 930207 388174 388198
253427 253451 640333 640362
670442 670454 565836 565860
167518 167543 344589 344614
