100
5 5 8 8
11 11 2 2
1 6 1 6
1 5 9 20
1 1 1 1
1000000 1000000 1000000 1000000
1000000 1000000 1 1
1 31 1 31
29 29 47 47
1 23 37 53
1 24 46 69
48 57 1 28
31 55 47 56
18 45 26 53
37 67 25 38
40 68 26 48
33 59 27 52
36 55 22 39
37 59 16 39
43 64 29 42
41 64 22 45
26 38 19 45
27 33 31 46
46 73 25 54
12 40 20 38
8 38 4 28
17 38 19 45
5 25 13 42
6 36 16 40
9 36 9 38
29 47 38 44
445 445 275 275
475 503 154 183
478 507 245 274
481 503 360 374
490 505 248 267
241 267 482 512
472 502 304 330
284 306 487 508
483 513 307 325
297 322 471 501
281 301 471 501
472 500 283 298
301 306 493 522
289 312 482 512
276 304 473 487
267 295 439 455
45 72 478 499
21 47 434 436
372 391 380 410
439 460 305 332
85 114 12 42
26 51 447 477
297 326 277 306
27060 27060 43784 43784
1723 1733 49992 50022
34482 34484 49308 49338
49257 49285 25450 25480
30538 30552 49799 49828
31073 31103 49872 49900
49937 49967 30896 30919
30826 30839 49901 49929
49885 49913 30836 30861
49782 49811 30760 30789
30762 30772 49751 49778
49738 49762 30717 30746
30820 30847 49880 49907
48105 48122 29717 29739
28420 28435 45979 45993
39591 39616 24474 24483
873 896 44512 44527
8981 9006 5163 5175
45679 45707 29080 29109
11281 11305 45685 45709
31615 31624 48496 48515
28019 28035 41250 41272
7534 7543 7856 7880
560597 560597 907065 907065
231072 231084 999974 1000000
612155 612185 499981 500003
597315 597333 944654 944672
573780 573800 925997 926008
609371 609399 984566 984584
988680 988686 611062 611092
995784 995803 615439 615459
617313 617322 998840 998870
998143 998166 616884 616900
617082 617107 998485 998513
614598 614628 994457 994476
985278 985285 608915 608943
610528 610541 987855 987877
975323 975352 602780 602806
560585 560599 907057 907086
450944 450970 298085 298111
270641 270669 424259 424283
242335 242362 600104 600123
996309 996333 758453 758463
426123 426151 20263 20291
191045 191062 408540 408570
98441 98462 249611 249641
