100
3 6000000 11000000 26000000
3 1 11 10
2 91287578 36390448
3 37835771 94363187 37835771
2 83967317 19147782
3 58332564 27683372 58332564
3 5101841 64234075 5101841
2 17799848 61183459
2 32210991 89932633
2 38282450 96458883
2 42342816 85008681
3 85674337 41266494 85674337
3 4976454 6647428 6647428
2 81667209 41270917
3 15454962 15454962 13189647
3 9933930 9621576 9621576
2 42444224 37603249
2 50135501 47611245
3 13696438 10036096 10036096
2 45674980 88765100
3 7208348 12066858 12066858
3 29720805 39825925 29720805
3 89916394 44958197 89916394
2 97961215 19592243
2 80616998 40308499
2 6794755 67947550
3 70353110 35176555 70353110
2 76642044 38321022
2 10271486 82171888
3 49124780 9824956 49124780
2 92389814 8399074
3 84564165 12080595 84564165
3 46835490 70253235 70253235
3 10994682 16492023 10994682
3 84469428 82123055 84469428
2 89860545 71888436
2 32807220 36087942
2 43077658 64616487
3 99920528 74940396 99920528
3 74182557 74182557 98910076
3 71164495 71164495 85397394
2 87489138 91465917
3 1048 3578 1047
3 51318 4008 51319
3 330015 5032 4008
3 19435383 49508239 18104790
3 16111506 34322208 24105414
3 2338924 75700424 40395299
3 4558811 9866069 41535527
3 32042258 37541258 5670458
3 25114240 69252950 60199906
3 7748037 13306844 20036555
3 42490449 5039049 23372049
3 1691580 27124618 72840612
3 27484850 51299925 76341275
3 69871885 58306347 7101990
3 7217973 68997560 54904908
3 2314345 19942683 9967165
3 19522607 65506133 26852702
3 13575134 8161485 11096282
3 50630863 16773595 6965343
3 30480064 33051941 14637996
3 71158558 66181558 4714558
3 77185871 30761639 43134815
3 62040441 4160663 23413423
3 35013200 53018440 63430260
3 47194443 6483969 15764268
3 61898352 17294364 34997960
3 18039202 12340546 23101666
3 23924040 40038320 21359800
3 31695123 46518771 24400947
3 13124685 8801357 3036216
3 582112 1205827 2656862
3 3823885 8692057 1332901
3 81543674 99084429 18919769
3 337424 30237264 53939488
3 2377988 8878596 6795164
3 14637 36297349 57239195
3 23143797 26107995 9882141
3 22295940 49730256 89840823
3 8336284 34628004 79481904
3 21111097 21736429 5958235
3 23223492 32980512 5552202
3 48453750 35024524 29623546
3 28654797 38125350 9924915
3 35825810 28291964 8615722
3 12202424 14242304 4386800
3 61740195 57090823 7244793
3 43219931 29045201 8570591
3 2528539 12643273 12920235
3 5644481 30014384 53046977
3 61101266 31294412 609054
3 42646037 13200148 44831190
3 69318374 47649265 32840405
3 36606526 98271778 70075236
3 2563764 47043759 75669129
3 41563595 9517753 52013639
3 307749 37356361 45583355
3 21957360 9795312 780669
3 21552 567080 223312
