#include <cstdio>

int a[] = {1962030,
	1778922,
 1611738,
 1459178,
 1320094,
 1193425,
 1078082,
 973112,
 877625,
 790933,
 712174,
 640708,
 575923,
 517244,
 464134,
 416029,
 372567,
 333355,
 297967,
 266013,
 237274,
 211415,
 188134,
 167233,
 148498,
 131678,
 116602,
 103154,
 91112,
 80369,
 70786,
 62256,
 54670,
 47930,
 41944,
 36650,
 31974,
 27827,
 24184,
 20971,
 18150,
 15665,
 13481,
 11593,
 9941,
 8497,
 7249,
 6164,
 5221,
 4416,
 3720,
 3122,
 2616,
 2178,
 1808,
 1495,
 1230,
 1008,
 822,
 664,
 536,
 430,
 343,
 272,
 213,
 166,
 129,
 97,
 75,
 55,
 41,
 30,
 22,
 15,
 11,
 7,
 5,
 3,
 2,
 1};

int main() {
	int n;
		
	scanf ( "%d" , &n );
	printf ( "%d\n" , a[80 - n] );
	
	return 0;
}
