1000 2000
335 468 42
725 170 1
963 359 79
146 706 65
962 828 82
943 996 92
392 437 28
154 903 5
422 383 93
896 719 17
772 727 48
913 870 39
36 300 68
812 704 95
674 334 23
712 142 65
548 869 54
758 663 45
724 860 38
779 530 42
191 36 17
107 289 43
265 943 41
806 447 49
371 730 91
102 7 51
630 549 94
955 85 24
967 841 57
309 932 77
627 440 45
539 538 24
930 83 19
116 834 42
705 659 40
307 978 31
22 387 74
73 925 46
778 830 71
513 98 74
162 291 87
768 356 37
32 575 56
151 351 53
967 725 42
192 108 31
458 338 8
384 754 88
210 910 46
589 222 59
507 947 23
169 414 31
763 592 1
360 411 56
549 538 25
42 596 84
292 351 3
21 375 37
349 22 97
485 669 100
54 735 82
939 419 100
128 789 1
894 729 68
808 484 49
618 311 22
310 515 14
452 936 17
520 250 1
304 799 57
845 9 25
703 990 10
94 486 96
588 524 44
449 504 15
619 459 1
799 797 81
799 590 82
473 158 10
293 539 23
191 180 39
192 959 58
157 889 16
635 203 12
329 56 73
887 363 47
870 434 76
417 845 43
323 999 82
700 22 52
893 477 58
713 76 90
4 511 1
689 862 70
256 790 2
586 3 24
89 286 83
758 618 27
170 933 33
190 722 55
369 330 77
556 426 93
442 550 35
61 146 13
140 754 19
997 280 24
550 530 88
950 867 38
298 196 94
106 287 17
456 283 89
702 115 35
787 672 17
356 314 64
913 54 86
946 833 9
322 757 14
983 647 59
197 145 82
162 130 23
174 451 36
660 45 67
254 440 93
511 155 25
187 650 46
23 475 14
788 19 69
392 959 6
478 626 3
825 315 15
373 875 35
71 834 60
519 298 88
271 774 78
193 669 64
481 103 86
803 628 14
626 528 100
24 925 44
182 62 73
506 433 4
32 726 94
223 143 93
901 65 87
414 361 88
171 271 75
712 834 36
668 897 61
141 551 86
625 696 95
577 126 20
303 659 95
679 467 72
485 852 94
120 465 19
88 801 53
11 927 61
316 171 58
44 228 77
110 165 59
566 87 83
475 578 88
630 628 26
521 424 29
124 963 3
262 738 97
265 526 96
117 203 61
12 327 31
548 412 72
791 521 54
764 189 25
663 852 41
714 901 30
366 579 59
201 478 8
304 440 59
325 358 61
114 109 78
851 802 88
994 429 61
541 406 85
836 705 12
351 73 57
557 486 24
358 627 17
338 358 27
362 870 72
618 23 97
697 718 13
424 42 86
566 230 30
297 933 60
963 54 56
655 735 85
370 458 73
608 964 33
636 912 84
676 849 68
143 224 39
742 512 55
826 460 76
627 871 22
784 206 35
280 399 51
735 194 2
557 535 38
706 177 94
882 549 63
642 414 1
143 856 56
878 612 63
753 679 25
674 297 44
876 314 41
611 819 73
113 933 18
832 170 96
686 489 41
590 498 91
354 146 91
741 652 15
336 259 45
606 193 60
504 182 65
609 776 30
550 998 93
628 562 57
130 542 68
175 814 41
216 78 2
993 214 84
393 602 25
429 671 60
76 85 28
971 499 87
605 848 88
664 222 4
11 364 7
241 490 72
620 543 65
705 592 14
751 233 19
540 976 6
99 423 4
649 585 48
914 865 72
713 546 76
770 679 47
986 520 63
866 945 90
509 246 41
602 871 19
473 133 24
571 88 53
104 902 64
601 528 24
566 16 70
348 544 29
638 944 89
50 464 10
343 589 82
222 61 9
889 955 59
950 691 47
621 431 44
537 68 49
227 36 84
854 39 86
749 225 30
258 360 24
956 945 67
412 727 19
2 356 26
585 497 50
343 965 16
143 914 76
73 949 97
174 607 27
706 405 30
376 813 27
37 566 94
815 142 37
653 257 95
483 839 37
132 16 56
626 842 31
187 638 12
663 651 91
354 894 35
9 453 17
455 234 63
304 635 4
125 149 57
110 214 18
81 201 29
51 859 19
265 362 56
644 677 4
562 903 10
283 949 90
221 675 54
832 924 3
260 879 70
972 620 9
782 946 4
686 393 5
590 699 14
38 939 23
235 462 11
960 962 9
270 516 94
59 870 38
265 972 1
556 216 18
40 331 16
83 289 13
711 86 55
381 775 85
542 952 16
111 680 16
789 74 99
957 133 78
9 114 90
724 791 42
185 29 64
72 201 79
72 975 86
154 868 34
826 169 96
651 630 77
694 310 99
117 81 87
529 668 50
422 865 80
817 827 6
667 727 17
965 682 88
22 687 41
65 722 63
903 416 10
942 125 74
424 763 46
269 807 32
908 603 19
13 482 8
115 631 37
557 85 10
997 294 91
346 55 53
492 249 9
115 132 13
723 959 40
53 996 5
239 480 70
867 919 24
487 499 60
634 463 97
147 23 59
926 38 93
603 459 48
831 99 8
279 601 93
449 353 100
316 541 83
568 763 76
419 398 37
852 829 98
450 231 17
230 659 26
561 941 21
656 163 48
362 793 76
147 399 55
189 947 15
664 639 70
522 516 76
529 616 76
906 571 35
963 558 65
550 525 62
924 331 70
926 334 51
337 738 11
394 279 38
165 715 37
136 950 92
5 338 6
665 624 38
569 609 71
153 86 82
195 653 74
397 827 77
641 250 73
944 820 75
290 942 12
806 566 20
451 217 86
65 610 16
75 894 67
696 301 10
162 590 74
359 969 73
427 269 32
775 423 11
553 911 80
496 392 83
365 875 65
461 256 3
822 973 75
578 548 23
196 606 90
344 951 95
13 482 55
429 440 73
968 763 13
909 416 9
435 760 24
320 487 5
807 946 59
368 701 67
533 788 93
448 975 57
223 284 22
584 377 32
983 724 49
221 777 19
857 183 12
325 926 91
970 678 87
678 535 44
992 69 69
829 784 97
872 427 28
704 613 98
546 409 28
239 186 9
314 444 38
129 851 2
150 651 12
870 455 93
268 466 82
635 794 14
831 973 73
178 443 2
703 771 78
591 382 65
24 238 24
170 596 80
311 43 28
927 59 83
529 671 88
214 259 52
287 784 61
473 611 43
842 435 29
868 504 19
882 939 66
615 751 58
662 459 99
808 757 64
436 490 79
587 76 66
361 834 87
929 49 31
841 434 93
811 736 67
893 838 100
353 329 83
795 245 70
648 253 9
209 536 33
244 498 65
842 16 50
813 101 90
852 524 49
892 634 75
991 855 1
781 920 98
545 932 79
900 488 41
539 484 26
253 194 93
835 561 12
786 498 41
806 541 30
211 393 92
980 579 50
74 278 72
498 621 94
791 277 27
160 579 83
160 490 19
73 925 50
968 9 81
504 478 9
197 608 71
612 723 75
57 762 20
684 164 91
453 933 17
814 955 42
461 397 63
600 905 16
199 681 37
585 388 33
7 518 41
883 242 71
759 524 50
96 622 6
679 917 97
59 580 79
8 751 78
996 82 30
754 677 79
566 785 100
173 609 94
515 930 44
192 56 69
749 923 74
145 987 52
518 578 47
875 917 30
913 470 92
92 694 47
858 950 16
237 53 41
227 488 52
184 956 63
98 181 95
514 66 66
79 579 62
612 141 79
171 446 48
751 490 76
866 334 50
8 283 15
368 897 33
811 883 23
188 232 42
322 480 6
448 352 39
277 647 9
423 190 60
456 487 67
861 615 29
349 778 54
432 862 4
198 456 83
822 753 7
22 282 97
125 948 56
377 136 19
999 860 75
923 254 75
889 644 36
748 233 54
679 927 81
962 802 51
364 856 100
562 574 17
275 474 46
182 354 51
111 700 88
173 466 44
113 982 30
248 382 77
806 672 91
990 33 73
432 166 21
207 294 59
207 949 79
397 167 72
695 21 98
110 789 30
979 970 85
627 16 18
907 169 85
119 98 29
786 200 91
421 200 87
814 272 11
319 86 16
268 332 81
187 445 88
828 361 8
153 432 75
694 269 72
312 338 86
407 678 5
414 23 69
538 543 1
356 389 39
182 648 90
988 585 94
218 494 62
448 483 2
105 754 66
526 96 85
782 965 22
657 107 73
81 594 44
412 869 81
252 969 14
769 80 17
934 532 41
260 664 80
96 937 54
721 875 66
977 681 36
72 726 56
157 560 9
906 833 3
563 376 41
81 963 86
203 798 37
341 81 9
494 59 77
475 547 41
881 98 74
401 73 36
667 956 8
482 589 42
397 316 69
13 10 26
763 456 37
22 743 44
249 513 23
718 369 19
291 651 15
170 760 36
641 304 96
106 200 80
682 662 92
34 754 53
43 988 30
421 84 54
245 719 15
653 230 64
471 770 65
595 48 6
277 327 88
680 541 24
711 589 91
222 946 72
590 184 71
780 979 56
136 263 7
34 197 88
780 936 89
963 791 94
106 2 66
670 568 8
458 672 35
598 546 99
845 839 19
29 564 73
724 802 65
602 605 91
693 198 28
302 364 72
566 722 64
611 446 22
23 742 96
16 152 13
739 394 56
609 883 80
708 823 55
145 339 46
155 340 91
226 624 5
982 725 79
224 734 31
847 131 95
806 446 88
490 751 17
136 964 39
631 210 98
738 909 25
373 921 75
735 856 94
607 57 62
383 76 85
433 742 20
280 780 85
837 668 84
738 119 26
578 120 29
557 92 38
902 61 96
137 433 94
908 876 81
720 75 85
42 477 91
291 330 52
592 73 75
491 788 90
54 894 40
904 682 64
480 177 6
469 140 96
640 84 99
994 622 16
839 723 27
400 582 29
24 892 79
244 835 44
708 703 50
688 142 3
638 892 47
817 401 14
936 163 91
878 411 27
190 261 83
664 875 6
567 196 23
589 39 61
468 246 12
190 868 26
548 64 43
100 618 3
204 227 24
571 52 49
968 459 37
532 406 57
976 820 63
496 532 57
804 592 45
451 916 89
792 273 20
776 134 84
301 570 43
586 79 55
894 334 58
751 104 91
272 723 34
339 991 12
48 259 42
480 659 53
991 684 3
423 569 3
9 136 96
195 743 62
179 189 100
942 358 43
346 470 48
965 914 81
386 62 11
463 505 74
70 103 4
553 530 55
731 150 75
50 845 45
364 66 19
471 774 53
512 748 32
499 399 70
680 353 4
523 44 54
835 564 89
241 23 51
652 493 12
617 478 81
221 179 77
799 349 16
858 636 80
903 663 84
771 421 63
842 274 23
918 889 87
699 893 18
66 750 68
620 933 90
131 4 82
590 632 29
173 631 53
296 408 65
491 682 29
72 178 11
644 460 37
38 634 41
275 631 94
204 783 94
663 291 62
152 998 8
718 891 24
567 704 41
660 662 84
652 387 46
841 602 66
284 498 10
422 59 51
788 582 76
1000 288 72
139 980 5
462 531 1
541 206 19
623 460 29
99 761 99
615 482 36
597 494 68
539 747 62
477 539 71
372 918 56
759 753 61
66 256 34
35 402 27
549 394 60
194 793 74
104 138 34
695 212 91
499 628 69
880 249 90
932 150 48
599 876 70
600 437 50
732 444 24
435 862 55
817 968 86
867 705 94
224 309 54
668 793 85
931 470 49
91 815 12
605 744 28
196 475 100
590 159 7
890 810 59
819 41 48
27 976 65
67 504 90
571 841 13
642 396 77
110 652 87
86 84 88
687 251 91
129 382 56
863 278 3
873 566 25
429 886 33
479 890 47
266 926 84
779 46 61
521 856 22
135 774 28
337 676 52
738 2 35
591 975 11
81 72 57
283 146 36
574 719 26
999 38 13
718 163 6
48 540 93
232 104 47
859 840 16
395 646 30
273 646 100
73 863 76
239 481 74
609 543 98
126 278 4
79 402 35
737 170 83
139 940 79
664 427 22
725 576 78
962 701 82
449 3 63
17 685 96
994 508 38
260 945 85
644 59 22
120 678 69
892 42 58
916 624 65
842 930 73
537 616 16
701 760 58
242 94 53
228 449 30
325 225 99
886 134 75
863 171 39
910 85 30
86 924 79
194 25 1
766 413 6
678 408 68
791 705 85
622 892 35
191 735 86
87 999 43
425 622 19
255 377 98
928 109 70
367 69 94
601 439 3
291 319 20
557 340 85
479 633 9
240 788 15
828 21 75
442 989 55
3 643 99
947 105 22
834 510 57
534 762 9
386 805 87
261 843 43
344 621 62
114 188 79
935 592 64
762 657 16
960 412 13
371 739 52
8 508 25
102 952 85
442 959 90
413 14 91
94 61 56
677 403 73
267 374 44
529 276 52
470 762 33
108 730 4
954 452 93
520 571 93
495 408 73
384 441 6
608 410 63
472 361 39
948 655 72
230 524 15
888 767 90
471 633 57
523 667 40
554 161 84
260 92 6
630 688 87
46 318 43
453 389 57
834 467 55
632 920 61
777 268 39
321 315 99
470 8 54
843 723 17
261 464 8
631 794 48
377 44 18
118 627 15
172 621 35
155 965 93
665 694 67
213 1 76
477 552 1
878 944 80
386 362 90
145 435 73
505 564 62
309 889 47
124 431 58
347 75 65
319 982 38
592 293 12
462 124 33
331 462 92
292 370 99
118 180 1
596 915 18
868 937 42
910 454 29
504 982 74
884 817 70
403 386 68
682 158 31
867 311 68
478 172 88
239 765 46
116 48 72
658 312 93
172 54 6
531 741 81
791 321 76
587 999 78
632 490 5
611 389 45
260 920 19
120 610 28
301 717 80
459 854 97
807 594 31
273 855 50
55 295 61
230 147 34
560 429 72
689 422 42
686 34 67
262 330 71
983 209 61
879 507 63
888 898 80
784 470 39
267 796 41
558 510 34
54 135 18
594 259 36
467 694 44
95 141 52
513 175 38
696 552 98
293 493 18
614 531 38
390 711 97
787 810 29
183 841 45
394 121 70
215 963 93
195 808 28
12 714 6
665 694 14
763 996 4
910 947 82
625 769 49
236 955 12
241 634 28
578 128 63
143 341 18
559 401 1
936 155 77
296 832 31
923 624 38
212 30 28
881 755 12
322 294 54
444 529 86
672 556 1
376 453 71
935 641 32
835 987 41
766 540 49
263 313 97
988 732 53
249 558 65
451 171 57
294 302 83
45 333 100
5 76 32
67 27 51
624 802 39
381 442 44
660 919 96
330 629 64
614 855 89
667 570 80
838 578 80
293 116 3
449 873 24
949 154 24
509 198 96
994 412 9
203 782 66
257 829 11
24 966 6
254 716 70
479 685 6
834 841 46
969 901 86
886 634 95
33 282 49
873 911 57
307 902 83
472 861 36
344 138 28
996 234 69
943 604 72
35 880 12
531 594 13
259 235 62
192 907 27
228 189 44
225 485 20
225 436 94
868 583 95
147 6 28
541 590 87
760 851 38
678 957 79
301 43 4
144 226 12
616 17 96
369 7 5
699 336 42
24 314 26
458 619 13
87 340 97
44 847 95
281 912 23
848 359 56
874 991 71
455 414 28
451 473 97
647 642 42
825 214 26
404 696 30
68 994 95
80 641 88
535 126 42
908 1 61
294 693 22
404 718 18
640 894 44
29 926 12
851 749 79
655 445 93
37 354 24
827 347 48
239 905 62
406 887 72
729 57 100
20 752 68
718 167 92
188 94 47
868 913 22
898 445 100
943 329 2
769 769 5
263 297 42
919 245 21
585 220 26
460 985 75
696 15 50
852 33 4
364 815 38
291 220 52
919 684 18
587 253 85
138 249 70
169 425 98
994 149 28
670 272 83
15 878 94
944 485 5
294 812 96
991 799 93
494 891 100
775 550 75
70 174 15
834 866 19
253 912 39
150 509 64
232 246 89
272 107 21
259 422 69
983 648 58
724 123 39
190 707 7
352 346 57
551 119 24
592 837 98
814 511 7
845 881 52
246 742 44
706 950 79
228 786 15
357 205 25
556 228 18
469 287 3
412 980 99
491 759 90
133 411 76
951 297 90
530 123 13
278 837 73
671 977 54
752 653 86
2 752 98
73 694 36
329 717 17
839 126 12
545 940 97
903 827 57
22 589 59
778 109 87
948 980 29
246 281 50
427 63 29
92 678 20
232 786 48
955 685 7
957 710 70
466 946 22
498 861 17
678 191 36
887 6 50
144 676 89
488 131 78
254 483 56
290 755 1
9 216 89
800 941 11
455 708 98
486 238 5
614 793 100
984 683 13
138 130 52
865 601 34
969 858 84
709 969 11
438 733 42
702 500 85
257 584 70
88 641 93
821 811 13
616 664 36
775 678 98
534 554 35
625 287 79
350 76 35
625 985 13
823 505 93
463 914 56
161 85 74
398 54 23
338 751 23
932 7 18
237 506 98
291 600 58
448 986 99
726 593 85
829 856 97
429 343 39
38 743 96
54 768 7
147 506 94
855 925 10
207 240 66
500 493 10
62 37 76
14 619 48
897 713 28
131 842 10
916 35 91
667 524 87
38 737 45
950 894 17
778 845 72
591 201 86
119 326 86
730 7 69
226 542 9
717 981 37
748 385 71
205 937 29
365 524 1
251 41 12
767 484 5
846 671 42
257 89 7
858 267 8
675 200 79
991 192 56
997 859 33
968 291 18
247 235 8
240 403 63
907 96 27
587 351 15
823 777 80
813 302 80
358 165 77
313 39 71
181 562 45
857 644 1
940 648 62
453 291 9
420 619 80
548 285 8
614 676 78
643 372 10
622 337 40
130 35 2
470 437 59
799 505 98
239 106 3
517 66 33
24 580 82
314 772 28
817 141 83
590 320 89
852 260 14
365 284 72
185 13 39
575 502 60
715 60 34
523 596 50
378 417 42
892 566 53
968 311 39
225 788 56
442 440 23
835 805 49
873 442 69
177 975 69
242 634 38
16 19 46
847 253 75
967 525 57
241 145 82
877 297 35
19 206 28
466 642 92
260 472 92
17 218 1
65 625 44
503 158 6
47 276 67
47 790 33
153 4 46
154 327 2
351 650 85
26 347 6
796 337 71
533 324 94
211 897 57
551 693 77
853 796 91
37 316 51
985 761 62
51 535 30
937 807 83
618 791 85
117 67 83
102 426 89
983 451 11
39 194 22
896 594 55
168 639 81
884 346 21
834 697 66
190 633 91
818 184 40
680 754 30
253 601 14
152 862 46
814 964 19
477 555 8
430 212 18
532 967 65
523 699 43
258 588 56
763 465 59
66 947 11
947 166 81
43 298 41
585 195 65
201 716 71
303 107 7
612 834 97
646 416 68
449 355 76
989 80 20
598 593 22
653 510 98
123 659 72
1000 998 60
321 121 100
913 985 37
486 954 16
568 200 42
170 845 9
109 880 82
707 260 8
27 76 50
775 608 25
547 129 85
715 482 46
339 169 50
505 794 8
218 698 6
344 642 56
680 98 34
634 556 37
253 931 55
489 280 5
73 755 71
416 702 77
481 232 87
515 261 76
991 658 39
448 982 39
71 619 43
220 62 32
834 991 82
303 564 73
722 929 3
946 448 99
687 223 7
845 578 95
241 548 84
724 465 86
169 654 38
467 256 31
657 513 59
143 202 19
703 507 77
271 24 85
476 251 13
196 851 12
102 521 89
893 799 84
246 785 49
344 463 88
872 860 59
833 173 17
89 684 42
517 977 16
284 40 99
147 998 6
918 676 70
31 21 88
390 736 43
74 481 74
382 787 78
346 523 86
714 86 80
884 736 36
649 97 87
522 753 86
637 983 61
237 920 89
279 66 93
387 497 99
548 977 12
246 203 22
540 565 3
371 258 73
360 655 21
392 299 81
592 511 61
676 34 68
776 500 37
257 377 91
87 704 73
543 516 68
457 567 96
199 438 87
86 365 27
341 909 66
155 815 61
339 753 13
631 526 7
80 180 50
518 839 14
992 146 22
309 840 70
474 763 66
148 971 82
509 709 54
67 430 16
772 664 90
632 260 42
967 515 73
169 171 89
851 656 100
279 937 45
314 428 7
328 372 24
174 462 74
588 103 35
154 464 18
496 596 27
371 407 14
497 306 60
853 224 34
127 520 80
466 586 94
108 445 72
100 88 72
716 597 20
754 493 53
960 591 58
810 887 58
20 687 66
436 314 60
469 102 29
732 457 70
396 75 79
317 275 44
586 512 25
58 972 23
39 175 96
296 659 84
232 984 23
301 233 4
409 481 91
859 703 6
562 558 19
657 29 21
93 333 14
321 468 83
988 75 59
365 984 95
747 715 65
256 426 91
793 468 64
881 620 32
949 129 19
92 80 21
809 588 67
160 826 27
36 221 19
148 457 15
361 135 57
479 209 52
525 590 95
91 695 77
420 373 90
845 703 2
610 540 24
187 638 28
170 828 17
515 900 24
437 645 16
677 379 70
847 953 59
989 916 38
383 289 17
916 334 75
63 657 57
130 525 17
873 985 43
27 397 50
776 203 83
553 666 17
418 756 60
444 555 45
423 1000 25
414 734 22
874 794 18
75 176 61
623 502 86
27 396 9
989 292 21
978 73 30
255 9 94
138 877 23
91 804 17
254 290 13
323 300 80
370 603 3
735 730 55
227 275 39
973 135 64
504 454 49
334 519 8
180 696 38
660 145 62
577 908 62
593 646 73
197 629 73
836 536 12
533 717 30
750 159 57
725 297 21
407 527 21
575 446 84
539 589 92
878 105 65
5 943 54
626 853 24
725 843 12
591 136 50
856 329 47
910 742 5
103 780 82
533 693 84
162 100 13
291 406 48
629 960 70
581 229 40
441 779 72
445 149 57
211 126 46
181 617 99
227 65 16
594 480 73
537 6 83
588 106 34
166 639 33
400 519 65
897 509 33
639 979 39
170 60 46
770 363 45
468 519 50
62 144 59
187 191 4
5 604 27
424 769 1
567 397 48
153 666 31
174 618 1
598 669 87
729 225 80
426 159 61
735 313 68
563 170 53
236 212 71
65 712 91
546 961 51
788 755 68
943 566 18
816 274 89
389 838 80
831 887 70
322 641 10
627 882 20
455 412 21
358 985 94
830 337 100
406 458 51
50 335 66
271 593 95
314 18 20
978 118 54
154 506 61
577 563 92
135 73 55
194 51 17
748 853 46
345 62 22
886 367 60
108 719 40
51 555 69
21 800 33
793 99 36
30 183 17
759 60 17
136 400 84
272 71 58
878 781 43
687 296 7
719 253 4
429 286 36
102 961 79
386 365 50
738 158 27
594 939 42
494 34 97
936 874 69
382 97 10
585 740 62
732 500 24
607 443 50
41 288 51
589 224 70
401 84 68
939 607 59
367 921 64
24 686 59
357 299 30
197 176 71
620 989 84
276 191 47
342 520 70
655 546 98
795 59 59
838 342 92
676 233 1
959 439 37
14 86 81
728 254 85
671 427 86
371 282 37
78 349 50
574 836 100
732 352 38
572 234 18
732 530 77
468 343 45
917 529 1
758 1000 35
624 582 41
750 132 42
576 300 40
246 364 100
425 202 27
736 390 84
746 896 25
718 484 71
325 753 93
256 741 74
844 71 69
766 757 31
459 981 15
9 125 59
718 668 12
100 591 29
991 871 81
65 1 13
683 85 76
869 107 12
437 827 45
989 593 67
213 866 39
660 447 48
257 772 53
667 58 11
146 671 51
875 149 26
430 44 75
17 764 37
302 935 59
816 656 62
140 583 75
901 25 83
377 338 76
865 425 1
526 696 38
789 852 30
707 745 95
491 72 76
980 820 85
808 159 96
439 375 46
433 821 57
958 223 67
956 272 54
30 626 90
528 40 29
649 491 95
193 518 55
149 619 31
283 991 57
302 440 44
270 928 94
432 34 94
27 136 93
617 81 43
908 718 62
167 246 21
783 783 22
871 492 7
144 196 16
593 772 64
413 218 36
722 468 82
829 323 53
425 430 31
152 154 100
265 42 95
145 721 84
214 78 89
203 659 3
59 250 54
639 91 76
702 396 24
124 559 6
27 42 88
821 210 31
532 44 36
101 903 75
10 776 72
623 795 31
16 891 37
783 755 53
856 189 34
924 946 61
488 660 43
585 348 44
789 669 90
480 281 99
861 814 8
272 847 48
143 345 83
354 637 49
824 889 50
191 252 26
363 47 40
79 625 76
782 104 86
49 351 78
217 495 71
39 727 30
353 673 16
668 422 63
330 466 29
390 83 60
736 420 87
633 667 41
4 823 86
142 897 62
873 433 51
314 771 62
121 646 66
971 129 11
5 597 22
211 800 15
236 553 70
831 345 72
396 262 83
84 667 52
373 759 11
15 907 96
906 285 53
342 22 13
526 291 76
983 168 12
794 388 84
269 680 51
630 885 75
106 461 36
825 993 12
61 17 51
310 760 2
301 68 24
141 257 26
808 656 49
761 492 50
220 837 83
726 680 71
702 810 20
808 325 32
284 302 26
165 489 70
535 125 64
998 852 71
68 512 25
380 841 66
662 29 56
161 228 33
238 667 40
405 849 49
222 566 49
242 176 34
363 148 15
455 677 55
785 722 59
117 467 89
430 181 57
390 630 38
102 5 44
988 921 85
583 53 37
473 367 29
180 959 94
824 988 84
595 97 98
521 654 2
21 473 4
825 954 33
666 58 34
168 281 33
869 691 67
480 829 27
450 704 45
911 4 34
611 28 41
394 283 28
962 864 88
252 600 66
559 82 19
239 359 4
458 465 79
923 222 73
261 868 57
235 344 99
353 20 42
812 412 63
882 406 94
899 761 52
695 843 72
501 536 85
324 156 56
940 689 51
933 18 11
496 211 49
190 649 20
696 852 72
650 638 24
135 408 1
813 178 85
497 305 42
552 538 63
566 733 52
229 446 39
179 527 95
206 929 46
313 258 50
728 200 2
796 354 93
150 568 43
743 256 77
816 104 49
966 74 48
170 138 50
54 971 32
179 53 69
696 982 57
732 930 87
753 860 79
239 959 90
209 973 55
148 172 57
175 512 4
206 108 20
262 789 100
493 436 46
668 77 33
900 368 4
213 168 55
794 130 15
13 855 78
327 890 32
490 300 48
613 837 75
504 958 88
830 483 92
953 362 28
184 647 97
33 555 98
477 946 3
196 82 25
344 633 24
283 370 3
600 438 90
655 180 36
351 400 53
294 946 33
591 650 72
706 178 5
529 751 20
669 723 29
185 775 86
38 885 52
682 190 16
851 760 75
428 261 47
162 422 34
351 547 19
847 462 64
372 595 59
247 503 46
954 255 21
420 587 61
114 617 36
19 593 36
337 371 66
645 747 26
816 483 13
202 727 6
81 307 74
592 991 94
858 224 15
323 850 1
703 763 86
153 375 69
639 236 49
273 238 63
344 201 93
371 482 20
985 146 92
80 86 15
387 283 100
194 651 20
609 517 86
426 500 89
332 770 97
971 503 15
78 599 38
889 852 99
506 54 64
663 268 42
696 82 56
95 873 19
122 539 71
244 524 46
136 719 66
500 600 38
125 555 93
430 67 32
819 557 23
911 693 76
729 133 62
278 150 23
279 349 27
176 339 78
140 126 45
641 341 22
149 82 67
908 952 48
558 111 52
404 10 78
24 541 77
370 455 75
1000 486 7
574 931 49
885 817 59
