2
1000
17371 26463 20806 28019
25752 15557 26908 22418
7620 7796 11216 15020
5454 19493 6211 22066
28942 2019 29662 7163
4053 27793 5379 29403
6081 6151 7508 6157
16829 19850 16897 23265
13571 10534 16105 10603
4958 8894 5282 9488
26533 12838 26982 13918
25992 4437 26392 5162
25860 3934 25865 4231
28733 6589 28751 7369
7756 15655 8326 18677
2462 2250 2868 3253
17669 20420 20141 22222
557 23172 1231 25925
28593 12742 28641 12787
8480 25907 8545 26404
23739 2601 24760 2808
16141 13619 16619 15088
13588 10704 16106 12304
24637 9777 24980 10510
17316 5612 17334 6125
17364 3720 17365 3773
8597 22739 9749 22992
15503 18099 15555 19067
5776 15243 6032 15459
7889 28196 8010 29233
6421 6763 6473 7419
25242 3113 25551 3488
6251 6064 6308 6066
28790 8835 28881 8889
12432 13531 13417 13538
3247 13178 3390 13312
21255 29550 23384 29857
14182 22602 15329 22705
20191 4766 20511 5496
19756 10905 20104 11211
14309 2205 15479 2248
6838 29781 6950 29852
17083 1284 17271 1414
1487 21275 2332 21463
5563 3686 5662 3687
13821 22087 14100 22124
10990 26692 11339 27051
25895 26433 25952 26438
28272 16321 28402 17554
977 2175 1328 2193
5979 29732 6060 29733
20172 16276 20185 16320
14200 14870 14290 15047
21761 27681 22608 27684
399 14297 416 14679
27608 25598 28267 25614
13780 19082 13794 19463
12237 19689 12389 19774
6532 6905 6814 7689
12654 26420 13046 26423
21305 12139 21654 12157
2903 11806 2989 11962
25455 17039 25504 17112
2988 16046 3241 16063
9649 24810 10941 25418
2176 10023 2415 10371
20858 14546 20879 14691
26670 23684 27592 24581
9720 18049 9927 18097
21666 6297 21683 6388
2278 18520 2462 18674
27769 18573 28178 18881
26090 1122 26374 1227
21802 6678 22312 6699
725 5427 804 5479
21980 28105 22883 28120
12618 29727 12633 29731
7458 29432 7479 29495
14313 27231 15377 27279
12257 15950 12347 15954
28074 24127 28258 24619
3571 13167 3821 13177
13878 29522 14154 29544
24433 186 24497 326
1769 7267 2071 7514
18051 67 18541 185
14270 1124 14300 1239
4724 4991 4796 5179
6458 9378 6510 9624
19174 4614 19595 4740
11058 28401 11293 29120
7534 23730 7552 23803
3214 12089 3237 12114
20645 5224 20731 5351
27101 4538 27465 4613
21544 26363 21621 26415
7277 16220 7452 16271
16715 15153 16733 15219
28869 25149 28918 25387
7458 25509 7460 25567
10094 1212 10817 1232
28402 21905 28591 22007
25916 8930 25953 8937
22646 28787 23218 29033
24409 20406 24425 20417
4566 24459 4630 24485
3328 10525 3535 10529
27290 25371 27557 25373
12982 21009 13113 21149
21921 10337 21944 10520
11278 13740 11898 14281
7611 27393 7615 27648
22694 21866 23288 21869
8587 27453 8590 27585
29056 685 29213 894
14962 15286 15098 15425
15656 25547 16089 25567
3116 2581 3172 2594
23555 8027 23565 8438
441 24748 462 24761
307 1536 322 1762
10282 6355 10384 6530
23727 177 23732 178
7847 6216 7883 6283
27641 18918 27666 19069
14275 4342 14277 4387
28346 24396 28362 24427
4619 822 4717 888
19835 24918 19906 25068
4521 17168 4534 17323
28910 7494 28921 7668
20663 4467 20706 4493
29521 19221 29522 19252
1569 7376 1679 7425
13244 9729 13408 9754
2773 13 2818 57
24153 5495 24387 5578
16382 23699 16704 23719
16970 2784 16989 3076
9126 259 9407 287
21372 29006 21487 29081
11001 27610 11026 27670
15067 13448 15275 13525
5353 23099 5381 23123
8776 52 8883 62
29677 11728 29733 11772
7870 15375 7881 15555
23866 19836 24150 19841
10199 27750 10232 27780
5219 20196 5251 20279
13299 13321 13569 13401
12840 13984 12941 14234
978 8947 1032 9342
1414 9631 1487 9658
29265 1994 29270 1996
6264 7690 6367 7726
24293 9178 24356 9368
4959 19105 5140 19215
19090 14887 19118 15118
12604 6204 12611 6215
18148 18858 18431 18896
6429 17018 6430 17038
16111 18383 16112 18394
8728 4296 8773 4307
12463 14345 12492 14493
16259 12471 16355 12703
13114 19128 13122 19157
29011 21511 29051 21800
11358 21402 11704 21442
28353 17641 28361 18029
8200 27782 8363 27783
24544 20939 24615 21006
12069 1368 12118 1514
23637 9812 23678 9893
2395 16232 2404 16251
24923 25718 25195 25808
22784 26505 23316 26534
11206 5286 11225 5358
17805 23459 17994 23499
8629 17986 8653 18033
9114 6799 9117 6830
5116 4558 5127 4593
26652 12031 26669 12074
14544 29874 14925 29964
7574 25099 7595 25105
25355 26007 25420 26188
19542 18876 19690 18907
3545 17168 3564 17598
28410 21553 28447 21740
10023 16526 10079 16650
20270 6889 20612 6890
12355 14898 12414 15117
27878 26337 28013 26356
20876 1317 21037 1328
1455 13056 1479 13098
9177 15468 9645 15520
3863 7781 3904 7796
8964 22015 9004 22044
10155 26582 10169 26643
28723 29756 28724 29774
10933 19128 10934 19174
11839 460 12020 588
17069 1522 17075 1527
28821 23485 28860 23576
11209 18620 11212 18812
14304 22357 14309 22453
19940 29487 20023 29517
2345 28301 2391 28389
24519 23104 24524 23140
16714 27222 16715 27228
7164 7299 7277 7348
22731 7138 22762 7211
24619 26903 24627 27018
11811 20929 11835 20935
12391 24943 12398 25058
20395 10972 20582 11619
3365 5709 3420 5857
23246 25639 23386 25692
10792 19689 10880 19722
1131 17682 1198 17730
25651 396 25699 402
2864 4482 2873 4538
8390 23050 8470 23084
21739 20179 21747 20186
25033 25151 25242 25273
16327 9679 16371 9725
17680 8917 17782 8927
15652 24527 15655 24635
19355 5598 19397 5601
8742 669 8757 677
3260 11674 3287 11694
8556 18069 8565 18091
12367 27428 12384 27447
17405 23496 17471 23524
4020 27553 4034 27565
13240 26385 13242 26412
17524 18824 17553 18843
25676 111 25725 171
5445 11502 5446 11671
14776 18968 14904 18975
12185 20650 12191 20774
8516 1299 8517 1316
21509 10736 21542 10804
22078 20847 22373 20872
8696 3167 8706 3371
23809 16553 23824 16721
23679 12015 23693 12023
552 29205 556 29370
13573 26612 13580 26668
2349 4985 2370 4990
15908 20996 16020 20999
14540 3585 14544 3620
18236 8857 18270 8878
25039 22312 25222 22319
5782 5533 5900 5556
27088 21844 27095 21856
24145 20770 24149 20840
875 19536 958 19545
2676 17415 2692 17441
24400 6205 24408 6213
23699 27599 23721 27602
7412 25754 7430 25810
16143 813 16220 816
19697 16681 19745 16917
13515 13838 13546 13840
13766 15450 13778 15462
16272 2577 16308 2579
21895 1753 21917 1858
28558 5729 28574 5873
17558 15634 17581 15639
29314 20370 29413 20390
11226 6494 11246 6524
27772 9386 27847 9613
20540 13972 20631 13981
23309 793 23548 810
4867 20694 4934 20745
19697 8924 19751 8928
4220 16908 4338 16942
3707 17502 3729 17622
2563 6984 2638 7015
8101 24577 8169 24694
25485 17792 25512 17848
18994 29344 19077 29410
22252 18961 22278 18964
27597 20833 27601 20846
12232 25002 12233 25051
16322 28474 16325 28558
15693 19317 15849 19334
29277 24546 29298 24577
8984 73 9005 101
27127 8484 27274 8634
24083 27957 24142 28052
6331 3074 6345 3077
2524 5813 2540 5852
22757 22522 22770 22591
3693 132 3697 160
29672 12394 29676 12407
17512 24441 17516 24456
10101 1429 10129 1455
11483 4555 11495 4556
13566 15233 13567 15239
2117 15702 2158 15948
7204 21849 7240 21865
734 11534 790 11569
21250 29191 21255 29194
13638 4997 13666 5158
18903 4367 18988 4428
6670 11092 6775 11315
564 4866 661 4905
14129 21503 14143 21504
12445 11626 12463 11663
2082 11096 2083 11259
590 20760 708 20763
14292 29013 14298 29052
6546 27684 6641 27696
16375 15750 16381 15867
24636 3797 24637 3891
16274 953 16306 1122
6173 29738 6236 29740
3778 23759 3832 24098
24533 16263 24538 16272
4744 20692 4772 20694
19534 8342 19542 8392
1332 18919 1358 18945
6071 7987 6076 7991
23551 9187 23555 9210
10963 23045 10968 23046
956 23000 977 23030
25187 28732 25201 28761
19731 28820 19737 28843
6245 22251 6247 22292
10334 5820 10635 6064
25987 11952 25988 11987
12507 8975 12554 9085
7833 23371 7847 23393
29672 11047 29676 11053
13339 2142 13445 2170
12703 1421 12828 1426
28167 3772 28209 3787
3068 11835 3113 11924
27411 10313 27437 10317
15350 8974 15438 8975
20305 3891 20320 3930
19142 13943 19149 13966
14305 27116 14307 27143
20315 28618 20363 28684
18544 20370 18564 20381
9598 6107 9644 6116
22922 4638 23013 4732
9047 19178 9096 19188
168 16951 272 16957
4338 26163 4481 26333
4581 21730 4595 21832
593 10532 723 10533
4938 6026 4941 6056
13408 18141 13427 18309
4565 23031 4566 23038
5895 17047 5955 17080
14531 16008 14534 16034
4856 8787 4865 8819
16857 14766 16885 14836
26675 12171 27088 12250
28230 21828 28264 21840
12336 8378 12342 8392
17214 18462 17301 18518
11812 22931 11825 22954
10826 17594 10846 17621
17842 14543 18018 14544
499 13591 503 13615
13072 16406 13083 16442
20603 15031 20607 15117
1644 24264 1674 24386
11101 26574 11192 26581
7271 1027 7274 1110
21139 10398 21242 10400
29804 8937 29961 8947
11697 19072 11733 19081
28178 17089 28227 17119
14351 8214 14434 8311
4532 2208 4538 2233
27894 25442 27950 25504
16811 8171 16815 8193
4403 21946 4442 21984
9926 2886 9930 3050
15700 4702 15847 4724
12697 2138 12699 2140
25725 7522 25743 7537
7281 10636 7285 10655
25210 7671 25219 7675
6855 2562 6858 2569
10311 6334 10317 6341
920 5380 922 5412
1524 16796 1557 16892
10072 29662 10075 29718
10697 18903 10771 18911
19207 28440 19351 28445
15309 17874 15346 17880
17929 4753 17972 4762
27565 21936 27586 21939
17063 17113 17068 17149
3514 14385 3536 14449
8819 91 8841 100
10451 3877 10646 3882
717 29975 721 29999
22005 440 22040 448
13597 14228 13610 14244
484 6943 490 6966
20775 23499 20824 23546
18102 15741 18134 15750
22906 4534 22922 4536
24041 13379 24056 13415
19574 28072 19624 28075
23213 4434 23239 4437
20243 13646 20248 13662
24404 22237 24408 22246
4592 11228 4615 11496
27800 6480 27877 6493
12219 19777 12220 19830
21873 27675 21887 27681
1729 2641 1735 2678
19659 18515 19674 18520
19185 9844 19193 9893
14395 2086 14472 2128
15943 17247 15977 17409
4544 6969 4565 6982
5859 22586 5873 22590
28187 29214 28213 29330
21868 8374 21871 8378
26794 11189 27074 11212
21947 11696 21956 11718
18365 17294 18460 17402
14441 861 14516 867
9956 6569 10010 6583
12773 8942 12784 8946
3999 2837 4020 2861
14718 16767 14752 16775
16742 11309 16788 11421
12445 16107 12461 16109
14538 15589 14539 15617
3003 21361 3067 21382
21750 24046 21759 24127
24936 12402 24948 12421
29075 23203 29115 23353
11651 29910 11685 29936
14249 13947 14262 13948
1612 15612 1624 15626
25533 29172 25615 29181
19992 4146 20091 4266
1427 12319 1453 12345
15570 17538 15599 17585
19739 12780 19754 12820
16993 6558 17026 6568
16057 8187 16098 8197
28428 18930 28470 18949
21569 13572 21631 13573
24580 24438 24618 24439
9188 6827 9395 6883
17474 29168 17507 29172
6559 8866 6664 8879
5139 14722 5183 14760
14309 8023 14312 8024
1631 4964 1634 4969
27762 28476 27763 28577
6629 22147 6630 22160
29425 21512 29478 21538
5507 14101 5554 14186
27630 1311 27639 1317
15485 21637 15501 21668
18883 22292 18900 22310
19546 13746 19548 13785
27880 19215 27886 19218
18641 28635 18703 28688
6909 24150 7139 24211
3269 1639 3321 1662
14608 10327 14673 10332
24436 29999 24503 30000
14124 22856 14125 22866
3991 24533 3995 24541
10620 26329 10666 26330
4326 8161 4332 8171
18174 9288 18191 9303
27461 11322 27490 11473
6053 15574 6061 15579
3505 14254 3511 14267
4350 12554 4356 12740
28479 26160 28512 26161
9008 16211 9010 16212
11534 1238 11560 1277
16213 23122 16224 23160
21523 11593 21537 11595
6166 19305 6170 19306
12966 17023 12970 17026
26222 5942 26498 5972
11374 11679 11448 11696
13417 11972 13457 12000
7965 7598 8019 7656
16357 3570 16363 3576
13738 5116 13747 5198
6489 20491 6516 20612
2938 10150 2981 10203
28745 29295 28781 29338
15878 8363 15898 8371
1565 3443 1569 3444
1157 16193 1161 16199
6285 20266 6330 20337
27231 28770 27248 28779
15912 14822 15939 14845
23382 14694 23538 14697
23269 610 23309 667
10040 17701 10055 17721
28509 7172 28517 7239
8494 5194 8502 5223
6016 4564 6041 4581
19973 3657 19979 3664
23953 19053 23995 19060
29431 23810 29502 24043
20552 23455 20581 23458
28298 2466 28325 2487
7140 16171 7162 16173
22561 8980 22584 9109
23642 17948 23648 17955
23381 14966 23382 14987
16877 28357 16923 28399
25069 22156 25130 22231
29160 8855 29244 8856
18388 8903 18522 8909
21304 17725 21305 17777
28221 28563 28224 28600
19969 16897 19972 16906
25632 9748 25650 9762
19412 10634 19473 10636
14285 8455 14290 8463
27593 6104 27595 6106
21246 12068 21248 12088
16667 5816 16694 5818
22161 15239 22251 15240
17845 1941 17862 1977
10805 7642 10826 7664
634 2500 672 2523
3007 23602 3049 23672
16448 29434 16622 29486
4952 13596 4955 13597
6601 28541 6603 28542
5858 17636 5859 17637
24663 21297 24857 21351
25023 10519 25028 10522
3208 18542 3213 18554
3257 18961 3259 18968
24915 26051 24923 26058
18674 595 18788 605
24865 27543 24894 27552
16412 26155 16413 26157
15505 5720 15520 5727
23395 21315 23521 21335
3152 6364 3159 6480
20778 26127 20829 26150
12680 5637 12683 5686
1628 20156 1630 20162
8888 26454 8906 26458
27673 20671 27725 20680
10562 26052 10592 26108
23750 21246 23803 21274
6437 5163 6438 5187
22822 8536 22874 8677
664 27580 685 27584
23374 21775 23375 21798
22564 2161 22569 2162
24781 10682 24864 10704
27867 1571 27873 1587
18803 2187 18871 2199
28067 7496 28072 7498
25221 26757 25222 26876
20994 3428 21104 3435
23 20146 167 20154
23117 20693 23123 20694
26157 25099 26212 25146
3280 16191 3291 16193
9501 3358 9526 3371
25448 26804 25450 26866
4342 23101 4348 23103
8887 20275 8888 20337
23243 28262 23244 28266
22707 17963 22729 17969
13804 12895 13807 12946
11056 29238 11058 29292
6707 11400 6773 11466
5758 3397 5767 3398
22636 16329 22638 16392
22870 12389 22883 12390
2721 8652 2758 8771
13186 22701 13203 22718
2267 9610 2270 9611
16921 7308 16962 7336
23592 24874 23627 24881
23734 25772 23736 25779
8233 5581 8331 5586
22123 21220 22147 21222
18525 6243 18527 6254
8562 29534 8569 29537
3786 13333 3787 13338
24525 7951 24527 7973
24039 3060 24040 3069
24395 12342 24398 12378
14345 17407 14347 17415
255 22181 266 22227
619 13573 621 13578
13467 27651 13512 27661
523 16964 524 17002
17200 29148 17213 29164
6478 24626 6485 24637
19713 26308 19727 26312
9173 17846 9175 17853
18666 2455 18673 2460
16212 11850 16213 11931
127 12320 133 12329
27445 22468 27450 22503
1090 14653 1129 14682
19675 19668 19676 19689
1374 21680 1382 21685
738 17964 848 17983
4886 25463 4938 25472
12961 3706 12965 3711
10270 1116 10272 1117
25997 29233 26049 29234
20924 16901 20968 16908
19029 23916 19034 23955
4399 1210 4402 1211
12351 12063 12353 12065
11162 6402 11179 6452
18328 17702 18347 17711
2745 9531 2758 9604
1727 16251 1728 16258
19263 29943 19339 29953
29422 23043 29423 23045
26310 23751 26428 23758
9482 18740 9491 18824
11226 5178 11271 5186
9729 15957 9918 15966
12154 16162 12170 16171
16001 12532 16031 12543
25736 25374 25750 25424
3792 8839 3809 8845
21901 28236 21910 28237
10164 15981 10195 15998
23988 16933 23995 16947
6575 11432 6594 11493
12089 1789 12092 1881
2186 5538 2236 5565
16037 26205 16052 26256
21529 19897 21534 19996
22767 3477 22771 3525
16566 7614 16581 7623
28060 5487 28067 5492
13111 15426 13112 15429
22649 13268 22665 13290
11627 17711 11644 17723
2713 29448 2717 29468
2409 22364 2420 22378
4734 12566 4735 12587
1623 28399 1626 28401
29744 8966 29770 8971
14978 29440 15044 29444
26911 4313 27029 4341
5890 16190 5892 16191
3610 24388 3653 24392
5257 1273 5298 1281
2115 901 2117 950
1033 1988 1041 1989
24662 4733 24663 4736
13879 28530 14015 28536
1281 25105 1322 25108
2180 29094 2181 29101
6995 5614 7071 5627
16438 1839 16439 1901
8416 17130 8447 17132
3046 3736 3047 3740
9690 27598 9706 27599
7425 26300 7439 26307
26551 8181 26577 8185
17443 29330 17468 29331
20849 14632 20852 14643
14773 6132 14776 6144
25455 13867 25476 13874
21194 656 21222 661
870 278 872 345
16027 23580 16034 23590
22971 14529 23091 14533
8746 5743 8755 5804
2416 540 2448 570
10564 16038 10620 16042
13400 9321 13402 9355
15389 16214 15404 16217
1813 29704 1984 29715
20157 22524 20168 22581
12749 15939 12756 15949
24534 14268 24535 14294
7409 22164 7411 22176
15464 2185 15478 2187
28966 12323 28994 12327
24406 21232 24409 21244
4138 29993 4219 29994
5582 17773 5609 17778
16950 21117 16969 21130
12901 2795 12950 2801
25241 15995 25242 16001
21374 7145 21479 7170
612 18123 614 18130
6035 26169 6040 26170
27041 17257 27085 17276
15243 26211 15297 26237
3874 4359 3965 4360
28355 12989 28378 12993
3182 18405 3201 18454
17782 11852 17799 11912
21507 15089 21509 15152
5411 19911 5424 19981
25970 7376 25984 7472
23405 20038 23530 20072
24759 27953 24776 27957
9384 26749 9387 26756
11998 3542 12011 3566
25969 13958 25970 13967
26976 21088 26993 21110
24712 24599 24735 24624
27771 25833 27772 25837
24397 12141 24398 12165
29229 1253 29253 1267
13714 13957 13722 13958
25333 872 25354 891
28308 26584 28334 26603
25938 1956 25962 1986
12213 2850 12215 2865
27886 1084 27892 1094
3640 876 3679 878
10497 21578 10534 21605
15164 4959 15184 4962
15424 2834 15450 2837
28269 18321 28271 18340
10902 21498 10929 21501
12278 7744 12309 7775
20350 4547 20366 4555
27646 67 27656 70
5371 14218 5408 14225
23647 571 23675 575
13104 24834 13109 24861
20413 3227 20446 3229
17972 1489 17996 1517
15369 2833 15389 2834
27789 10616 27794 10619
4028 9008 4051 9029
4251 2432 4284 2440
25171 2079 25175 2083
17796 15249 17800 15257
20394 10830 20395 10842
6849 21669 6851 21673
18038 12136 18045 12137
11427 16650 11448 16672
11485 12459 11522 12461
11133 17445 11140 17467
11836 11236 11838 11287
27519 5422 27553 5423
4964 26126 5050 26127
10823 19751 10825 19772
22935 142 22938 149
21077 12977 21101 12980
29814 10654 29958 10663
13608 8453 13629 8454
11837 268 11838 273
8888 19664 8948 19667
1964 19580 1998 19629
16781 1415 16792 1419
8801 21808 8814 21826
15152 12894 15159 12895
29905 19289 29950 19299
12857 22621 12882 22674
29462 1864 29465 1928
17106 15260 17128 15281
331 7127 392 7128
25202 10308 25205 10309
20469 12561 20508 12563
10652 22667 10690 22685
3744 9535 3776 9589
23657 25082 23678 25094
15095 19184 15149 19187
15975 2458 15993 2465
10095 20168 10098 20171
20161 8049 20170 8135
18870 28295 18881 28299
23175 11532 23212 11533
24403 28027 24404 28039
14379 18937 14381 18949
15209 25859 15217 25862
27888 14476 27892 14485
2382 15576 2393 15577
29324 24224 29380 24232
1027 5374 1031 5379
6914 1690 6956 1717
6059 16872 6062 16890
26985 15258 27036 15259
22374 25987 22455 26005
13834 17504 13836 17520
29408 25689 29409 25691
3953 6388 3983 6394
56 630 94 649
4649 8314 4716 8341
3973 23643 3976 23664
27036 3083 27038 3085
5255 24133 5256 24136
23392 699 23393 736
14487 8318 14491 8341
28900 64 28910 65
25165 11363 25170 11364
27761 9546 27762 9580
4505 21385 4519 21401
23682 9420 23695 9498
28608 25334 28645 25362
14739 6183 14741 6200
22022 26738 22042 26740
22617 28743 22631 28755
1662 5344 1666 5362
26222 6494 26297 6547
15107 28609 15121 28610
27178 26942 27202 26972
14633 2252 14647 2307
17515 9699 17523 9703
7146 3890 7153 3891
23870 19049 23894 19053
11581 19765 11588 19773
2425 3957 2452 4055
23852 5664 23855 5709
18398 24914 18434 24915
6510 7531 6523 7579
2508 527 2518 538
7556 2596 7569 2601
21065 26750 21070 26754
19429 29626 19506 29642
8499 29489 8510 29511
23707 22469 23708 22495
19244 4068 19251 4126
15190 20452 15209 20481
9016 1580 9032 1618
5355 5676 5358 5700
12321 27267 12324 27382
18265 14326 18304 14336
5030 18961 5080 18964
25164 27792 25165 27793
22291 7440 22314 7464
23131 15306 23140 15324
29921 12268 29941 12308
1500 18742 1512 18818
10041 19514 10068 19525
27705 21887 27716 21898
25516 16201 25527 16210
25986 164 25987 165
17318 23260 17323 23323
19990 7265 19992 7266
27130 8720 27140 8747
19333 13636 19341 13642
6568 17694 6570 17697
27355 12719 27408 12730
12851 17721 12856 17723
989 274 996 275
23363 21516 23373 21546
14986 15565 15054 15567
14575 1603 14607 1638
545 4437 547 4446
5342 16812 5352 16863
18287 14244 18309 14251
4583 10667 4588 10681
15629 676 15650 684
13330 1633 13331 1638
28515 26442 28525 26454
21158 5247 21170 5284
17533 11847 17553 11848
26977 18121 26979 18122
28401 27220 28402 27222
24217 3826 24293 3846
16834 17245 16839 17247
10374 638 10416 653
27776 7139 27782 7141
20933 21171 20962 21189
23295 16832 23299 16851
23145 29865 23155 29866
15961 14643 15967 14646
22008 10177 22013 10303
12164 9730 12185 9737
2689 20345 2708 20365
5790 1231 5845 1236
17341 18037 17343 18049
24738 11829 24755 11830
15754 10406 15870 10491
1697 28266 1704 28284
29602 7233 29655 7252
10254 26801 10264 26802
16746 8286 16780 8300
23348 27170 23361 27194
26550 5158 26551 5163
4091 23020 4103 23028
29376 13117 29396 13130
6128 944 6156 951
19685 3298 19696 3319
2590 25446 2652 25455
28407 5865 28408 5915
14135 13900 14155 13904
17603 2392 17613 2403
13764 14765 13766 14766
21296 13642 21298 13645
18403 5503 18447 5531
24242 3412 24246 3413
9861 7362 9875 7369
73 9252 83 9267
15158 7036 15159 7122
18814 20070 18842 20091
16240 15201 16253 15215
3786 20602 3792 20628
18742 17763 18758 17771
3561 9205 3566 9251
6149 11013 6160 11041
10770 5047 10788 5068
10792 1467 10799 1476
17232 12086 17262 12087
22218 8285 22220 8286
12512 9264 12582 9276
15761 3927 15824 3934
19627 17157 19649 17161
1463 8789 1474 8790
13661 21040 13714 21054
7379 7697 7390 7739
14747 15827 14753 15934
27253 18296 27266 18318
25438 22890 25442 22909
22568 11297 22604 11305
22441 18751 22549 18766
3439 21524 3446 21540
17193 29960 17197 29974
21524 20617 21529 20644
20730 22389 20757 22457
28790 23160 28821 23167
12355 20386 12364 20400
14357 14775 14378 14799
2145 6557 2168 6558
11535 1404 11575 1415
25707 10515 25722 10519
25339 6904 25348 6905
23882 17418 23910 17431
29393 27522 29403 27525
1827 13378 1893 13379
2189 3246 2204 3272
17468 17747 17470 17763
2736 16017 2739 16037
29340 12274 29349 12299
15581 24839 15585 24864
23789 7145 23792 7168
15202 7745 15207 7766
1554 3888 1564 3890
9777 644 9858 647
3726 5162 3728 5163
4329 3047 4337 3053
27076 11417 27084 11430
3246 20662 3247 20671
8771 4427 8776 4431
22174 4869 22198 4955
445 7701 461 7716
19290 19066 19296 19069
21660 13769 21664 13817
15943 1893 15961 1937
12746 18340 12749 18344
16673 27325 16711 27370
6994 11342 6995 11361
28611 11654 28628 11673
12248 14826 12251 14863
242 7328 243 7334
21860 17753 21863 17761
9552 3675 9557 3684
5022 17660 5029 17667
11551 14505 11563 14510
5070 14703 5094 14705
1305 284 1320 357
12281 27209 12321 27210
15660 28167 15688 28178
3707 10379 3720 10387
16850 4048 16855 4067
24356 26316 24384 26320
2240 11484 2263 11490
26101 25803 26148 25827
24030 12603 24035 12681
12225 1047 12230 1050
23502 9288 23504 9294
22371 9117 22373 9171
28301 13042 28305 13054
5109 2700 5115 2717
418 8928 433 8930
12893 13360 12901 13364
5315 19406 5332 19422
27013 10071 27026 10085
19579 2114 19618 2116
27248 23610 27252 23631
10872 29429 10883 29431
1879 16658 1925 16680
20132 9513 20145 9531
