100 200000
2974928 7
2951461 14
2962488 21
2953344 28
2959079 35
2953602 42
2957786 49
2954007 56
2957297 63
2954278 70
2957001 77
2954535 84
2956859 91
2954806 98
2956721 105
2954927 112
2956658 119
2954980 126
2956528 133
2955060 140
2956450 147
2955136 154
2956419 161
2955211 168
2956358 175
2955257 182
2956336 189
2955291 196
2956299 203
2955344 210
2956282 217
2955380 224
2956260 231
2955413 238
2956230 245
2955419 252
2956205 259
2955434 266
2956169 273
2955447 280
2956153 287
2955466 294
2956131 301
2955470 308
2956105 315
2955476 322
2956090 329
2955484 336
2956068 343
2955486 350
2956048 357
2955493 364
2956034 371
2955503 378
2956027 385
2955514 392
2956019 399
2955521 406
2956009 413
2955531 420
2956001 427
2955540 434
2955995 441
2955548 448
2955990 455
2955557 462
2955984 469
2955560 476
2955975 483
2955564 490
2955967 497
2955568 504
2955961 511
2955573 518
2955957 525
2955581 532
2955955 539
2955587 546
2955949 553
2955589 560
2955942 567
2955591 574
2955936 581
2955594 588
2955932 595
2955598 602
2955927 609
2955600 616
2955923 623
2955603 630
2955917 637
2955605 644
2955913 651
2955609 658
2955911 665
2955612 672
2955907 679
2955614 686
2955904 693
2955618 700
