100 100000
87587 47
80290 108
79541 52296
80159 6
87448 70
87003 50
78737 5
79541 4046
79897 130
79634 59598
77580 220
79571 763
78802 23449
87725 136
77980 17
79369 88
77112 38652
79191 83
82583 2
87549 654
77967 14
77797 11
80536 23
79358 72
79107 2
82715 226
80802 620
79743 54
86782 5
79231 2
78801 1212
79543 196
79591 4805
87602 453
87562 144
80229 711
81525 14
82613 222
90292 44
80342 3
78936 50
80135 113
79530 1055
86502 23514
79570 957
77822 17
87584 6
90557 8
87499 390
79385 150
86861 6
87322 2
78510 532
81583 38933
77213 4
79580 180
90288 130
78114 1
79945 14405
77883 76
79529 1342
88018 17
95544 2
87111 4
82630 104
80832 385
77644 159
82306 108
79549 2941
82507 45
80238 489
78790 1102
86503 28838
79334 60
81865 15
77481 25
79799 91903
82678 75
79633 21507
80013 13
79527 1017
79945 13989
87034 9
79717 116
78795 1319
77899 88
79532 2532
78802 9246
89142 10
87888 5
82312 3
87534 134
80610 5
79166 110
79202 81
86930 1
90463 161
78668 22
79523 85
74119 4865
