5000
1 45000
45000 1
45000 45000
1 1
942 27909
9843 31841
1490 19759
21171 16982
27166 9293
31935 24769
10170 24705
12561 28031
27675 12843
12005 25728
18295 617
6219 29296
32124 13018
26746 21142
20033 2728
9319 17404
19325 29893
31126 22992
3575 29556
16176 11018
24381 27916
3415 9551
11161 13816
24246 1813
20545 31747
28764 17673
6606 30419
21450 24237
1775 434
26442 26182
9055 661
10371 16373
3860 16982
5451 23588
1466 6725
3772 28963
31327 6879
29322 30739
7024 4061
24211 28932
21220 1393
21176 12890
5815 13004
9452 18293
7578 28131
31626 8849
19433 3187
16876 9706
27869 22082
19257 18468
3075 27817
6014 22507
748 19279
28417 8919
3878 17975
18386 914
1132 10493
10658 6972
28442 23388
984 14862
15076 12020
10722 15166
12742 14922
27081 22563
26430 25873
28937 13978
25530 2472
29599 13992
9292 20451
18787 17249
17061 9486
30104 11016
22849 29999
19650 17015
30687 2444
11447 22465
15412 12397
31481 14359
25312 4643
23875 19688
25761 22345
24674 5196
29639 1098
326 30883
28136 11812
19545 19321
5588 27755
1808 26542
10699 11408
6079 16083
10734 19043
8113 21974
25332 4567
31608 29922
4382 3589
7554 3713
12141 18804
30445 8708
18194 25496
25244 7460
21286 8088
18059 233
3227 20565
24415 19915
12915 17831
27202 31512
8751 7913
8429 32149
21643 9913
15366 8552
4712 7161
28589 15157
30218 3097
5714 29832
3203 8857
32201 14195
11119 4553
2720 32120
20194 30932
9648 1448
5023 27388
10226 13837
8587 31783
14484 11334
6753 30363
20812 16753
24742 7686
23789 1358
19168 9153
9272 29856
5891 12373
31988 28375
12844 9791
28481 12013
10385 496
17705 19342
20920 31512
14456 635
3304 19236
13005 21296
8670 15621
21490 11461
6592 27188
12905 13074
9303 18675
2631 24342
23928 28629
20038 32410
1731 12928
20245 22289
2449 31666
27890 28611
21799 2178
1915 18218
27952 26857
8129 30620
15466 27008
24735 3883
32671 19083
330 7882
23767 26679
13864 17585
31436 14368
9190 13826
11422 16406
2245 2988
1480 27169
4148 22159
27219 22978
1188 16098
28489 9852
21400 13010
8045 8083
6139 26732
30761 32020
7863 14013
13000 8725
6531 2616
11749 21566
29692 30808
2851 3209
32504 13958
21791 17733
26135 30780
16803 26977
9115 30827
25629 18663
26233 12826
25679 14023
7855 3152
3399 13270
9177 32053
18578 19222
10751 26740
22957 824
30898 15587
28092 2399
6231 5478
21374 31015
27074 24849
28545 26086
23559 22156
16530 2354
13452 14012
2168 15011
7523 8863
27874 5337
28119 2168
9373 27585
24901 27693
1290 30741
12334 3821
976 23586
16265 14869
206 26062
23134 12629
27732 12761
10640 4111
7570 5219
24059 5631
27984 27311
16574 10017
26848 14886
7642 719
12625 16543
15613 30250
23270 23005
23704 3516
24774 24153
25399 2652
245 24386
15122 7505
5251 25539
3039 12218
14340 2948
18155 14637
22592 14963
14697 27038
30507 12740
6410 10882
15639 14902
16078 15157
10792 17305
1049 27801
31752 7565
30217 16385
7133 11660
21255 27981
10360 17963
1692 5206
28879 924
6022 7564
29358 20856
15372 3549
12713 32187
2190 20953
31317 32017
27744 17428
26040 17488
28889 29388
12541 23365
28326 26828
15724 3251
11620 32144
19610 22425
8559 28842
19677 1460
15348 21605
18947 2885
334 2983
22084 5140
22927 24348
32628 25013
20316 28048
9342 24330
12543 31645
16141 3337
18359 26247
30092 11455
6482 15972
2385 19093
26622 19328
29973 3795
25693 767
20392 30562
17879 11972
18146 24278
15668 19602
18141 29868
30058 26737
8545 2767
5811 30292
18848 23649
32739 28408
30756 12729
10745 13327
19205 1448
27124 32670
13919 4097
1256 25252
22787 22872
19024 5884
2413 15369
10406 10372
12023 30333
28721 14719
15180 12968
14367 26168
22558 9942
6611 3049
7452 13224
13952 30426
25118 9049
15095 15309
419 28230
21949 16538
8062 10414
21345 14359
18380 32182
21772 5434
31273 23472
21850 14722
29988 13724
28520 25234
22000 32239
7215 6944
24668 16020
23056 13069
772 29233
29359 725
27593 683
21253 32298
16512 4332
10673 23004
20455 27108
16271 18684
20189 19661
16012 5441
30162 26292
23225 5802
4732 10037
4510 20069
25035 21126
29648 10480
17952 29879
11462 11134
11706 6711
15592 4252
15728 29083
6633 6164
5030 15003
10583 3602
14202 9821
18800 19845
2110 3319
23608 16840
16683 7215
2248 11138
25939 25476
9961 11467
10200 24947
2273 24720
9308 30195
6029 312
31672 24130
29872 25223
10481 7651
6027 17091
8808 30952
6062 14102
6992 25453
6669 14132
31077 2661
5206 3133
21211 22937
23170 9957
2197 8941
10923 8402
20632 19173
11037 27974
17599 7785
3759 31997
18864 13765
21332 22873
25102 2292
20205 31420
16881 6430
32353 24117
13971 21343
19184 7776
13900 4298
14788 4999
11456 22446
14793 16141
22359 16919
959 1549
17901 11672
16526 32574
21451 6216
27097 22554
11478 20235
6357 5439
13063 20755
14172 12821
22555 3238
18237 25521
16268 22817
13271 761
15551 21053
25062 25097
383 30865
29084 4310
4266 15192
26356 21777
18730 20341
11331 22863
7463 30644
8975 22374
18811 8787
14117 16922
8551 32705
10214 12793
17028 30373
31714 6531
17660 6434
21160 1166
15353 32601
2267 26345
6750 11056
25225 15936
20406 22866
12217 2879
12649 25464
8003 26106
1078 6118
13285 12685
14813 10808
3986 13055
14108 8542
2317 3949
13789 26342
16311 30052
6062 23417
8614 30094
15473 5289
6134 20113
12629 10218
19812 12340
19461 9949
17176 14788
1567 12501
10179 14262
11495 15764
9450 25741
14653 1365
5762 12542
25548 10768
24764 22354
18821 1529
22562 15885
13388 17225
28643 28109
23536 8514
8811 7796
13153 2669
18487 8073
5661 24615
20712 8156
27116 8027
4758 6249
2253 17041
9062 24191
1840 1320
29023 8482
10853 27615
3193 21933
9045 13979
22263 22460
24944 8036
4087 16456
4582 2736
27720 14356
7962 3300
12667 18760
17492 26904
1853 29788
2485 27930
29412 3128
15473 20150
12615 7578
14136 28213
25299 26039
3829 8740
15835 7205
30651 28759
15152 5112
30204 22573
28914 30764
12285 4628
4005 10051
29574 26704
13703 29230
17374 3321
3105 17009
1015 4419
25629 27523
4325 25091
17239 11123
24724 28014
6455 7889
30907 22051
3389 11212
21004 22380
7133 10392
31662 16064
30094 16659
4844 7821
21534 24487
25391 7733
14920 7538
16937 2902
20872 32164
31828 4175
23086 30761
26011 13312
25010 6025
25174 1745
13127 11788
31868 8437
14002 26145
22804 22000
12637 12800
8685 16726
7591 24207
14223 4310
3199 19842
16241 12152
17713 6855
25197 13859
6015 12577
20336 17762
5108 4627
22134 11367
7797 21759
12214 337
3865 8591
17177 3754
21819 10580
1009 14900
20685 25773
13544 18661
21998 5867
10294 9264
3775 23986
20504 1158
12147 20386
13181 9501
12454 28215
6914 25840
1008 28398
2592 30983
30393 8106
22692 5112
14159 27221
96 9902
12341 15306
29473 7785
11711 20979
3297 17414
475 13614
30269 8321
6706 24822
2857 2744
15472 24511
6626 17009
23775 24097
3620 15519
17211 31033
23710 1249
29122 19533
17059 22604
650 430
11810 23914
28439 27363
25048 7554
30253 25603
10692 8986
5091 1635
13275 25019
16377 28273
24830 19188
26219 6368
8745 13473
20038 6918
13805 29806
25275 14978
23072 21654
4722 10273
17875 17905
14625 25091
32644 29485
18268 249
25493 6491
7343 30002
28413 18862
18410 30231
8766 30848
8636 10611
4247 32150
30083 17879
28538 27045
11363 13373
14912 21781
11925 29931
15900 3076
28418 19354
8781 15246
21777 30424
16536 1100
30909 30379
25078 5658
25834 9847
13194 14622
21497 11809
2005 26630
6810 3701
14381 24464
13537 19653
14955 18256
10653 467
16101 22446
14309 20466
27292 8494
755 1127
438 22772
12342 26645
5678 20103
11170 858
3786 28373
1611 22836
6733 30839
9010 23976
25326 17719
9822 11108
5642 19663
23087 15523
5142 17652
32496 11089
23767 659
14507 15471
3029 91
3905 15034
30989 11899
13497 25735
20966 28589
1497 28914
15974 26483
30963 28727
26278 32160
28418 2912
27779 15131
6902 26401
11671 25568
29515 11776
24936 29255
25056 1464
26590 22409
9735 29664
23547 9600
7384 30152
16070 1454
25548 20388
20104 8577
2439 22252
24123 24533
16628 15362
16704 7099
19095 5910
8016 14457
2079 15431
17589 14034
28219 6922
17082 12167
18607 11472
29792 22301
1191 14051
15186 28385
30027 25489
2331 18218
18067 30349
2199 14046
4701 8338
31655 11319
19389 13897
8489 15047
29844 20077
14120 19130
20836 2861
27983 19804
3938 4818
23460 6875
4301 31649
20851 23885
21375 12035
4231 11508
9666 2019
18592 16833
7524 12376
26402 24088
1294 644
3851 22227
13265 28860
19751 23689
770 14568
23687 27152
22088 26413
3887 31808
27123 27594
12047 30458
23439 18496
27445 23401
8377 6070
9536 13192
24626 30363
13080 22245
24882 3469
26844 27812
1279 17274
32540 20166
32445 23301
10569 12972
15752 32555
28777 15062
15552 806
9743 22001
11940 22929
907 3857
13603 1742
18782 13115
7406 4773
29425 28710
20178 15661
21126 20546
27461 31472
10606 14330
17471 31818
4220 18486
10571 17426
17595 18981
14813 4476
11356 2105
12774 8510
10226 14451
25766 2546
994 23520
22977 14268
7700 14180
16534 19244
5103 18870
11724 24422
3205 25260
22317 31616
29450 16313
16824 13099
13707 20916
5617 14998
23516 4058
3708 29071
2771 31767
13546 10732
18355 15489
24787 11561
4075 28197
11557 17746
6401 5383
22459 19747
19657 19812
16178 2927
21978 8762
29432 23998
20546 11531
2469 30266
29305 25309
12687 12492
17044 12933
12184 17282
11195 22565
16459 20020
2013 2548
3880 3431
29090 25149
14395 13425
29346 10923
2036 13022
25044 27843
27954 26899
1609 27570
20897 4145
21018 27465
19526 22844
18847 26694
25176 1917
27361 9685
19026 2596
10578 13398
25926 22834
20924 21857
25204 6550
27256 24839
16667 19606
25568 4187
9359 3697
11526 20786
11916 10307
167 1830
21450 31016
32346 24033
24273 31396
25613 4248
5391 25667
31666 19157
12840 12924
4406 1658
11661 5339
1203 2819
32336 1888
19686 29195
20791 6946
32227 21777
25871 12855
10247 2173
322 13016
9007 2014
15020 30145
6695 30582
31403 29655
27238 24312
31861 30477
11256 400
13487 21128
30139 30500
22331 26114
12750 27354
28497 28780
5703 8922
15825 30167
5668 13653
20951 15508
24197 3782
3984 9626
13336 11639
6477 25641
17620 13895
20182 22701
16874 18092
22273 4837
22008 10228
26499 16196
19328 18384
16133 920
30618 6674
1403 3817
15589 18358
1713 24740
15043 20255
31526 2809
31942 31140
21278 29825
15973 19019
14323 23844
5876 18900
14252 10810
8659 21498
20176 15856
30437 18933
17533 24045
1859 20035
3252 27958
12850 28072
9463 32079
9811 22900
7958 31396
25370 5892
20038 30759
28289 18571
19059 24121
4862 29459
15831 206
14770 26046
12492 24780
13539 9810
18398 7349
3756 1780
10277 21638
12275 18740
30162 1247
29596 29258
8455 7523
31228 13471
29932 22114
20625 4752
7423 2486
16880 7790
5291 4842
25086 31689
13597 31394
10851 1518
21843 28982
15164 16302
12405 23713
5136 28769
1641 32154
22790 4651
10914 28672
30805 30078
30008 2683
17403 15840
19006 24929
21426 7151
11088 28886
17184 26786
1899 12856
8270 1489
15617 8378
7771 10232
589 29006
24690 27960
10213 457
28921 26014
27022 17217
14603 28840
16723 9146
3113 5125
28889 15106
7212 12189
13549 16090
27006 13009
22367 598
906 14084
4883 1159
11633 9050
32341 21079
15103 15807
28525 16307
14813 19756
3955 15344
15112 12581
3941 17767
20609 4743
13175 16483
4935 4480
10410 13630
17794 5343
22688 14790
25857 7822
12207 2533
16870 18780
2356 4994
28064 21504
13866 31138
5658 23899
20987 21203
8498 13822
22933 9930
7277 27372
14529 28491
21737 28065
16816 8265
11155 32083
17111 31567
31129 13687
12030 12830
6435 25991
2963 7320
26174 5635
6467 1500
19480 24246
27340 21683
12915 29242
24076 4907
24404 702
11102 6529
8443 25607
32551 24644
21528 3765
20908 15800
6716 26824
28967 4729
21646 30562
29209 10592
14015 24014
31201 20138
1600 19906
6030 25175
22962 19681
7922 27089
27806 29572
14839 25806
23398 2234
9271 26999
23419 8078
17606 19402
17361 6536
6738 21565
31120 12918
11631 18852
5389 31083
32044 21076
21240 23305
6634 28809
9687 8444
25198 7685
31666 2759
5940 19194
3088 25539
14342 17450
16931 14948
24526 17485
5952 7359
4777 13491
29074 32329
12860 24874
23310 10978
3147 8994
9385 27410
14215 18447
18889 15762
12968 14095
10234 18958
31164 6605
24291 28969
1471 3237
27768 7618
27243 6665
22897 15221
1617 1315
2554 30309
31017 10171
1708 10297
21607 26460
20924 5733
14863 1458
7282 26027
24009 20535
28893 26337
7224 29455
9158 8436
7304 29487
8930 15405
12358 5061
29515 12979
25973 10964
29745 27218
32478 10527
14797 7034
18087 22857
5271 10635
28455 6714
6329 20559
30201 6341
14787 19144
15695 19591
20128 22317
20361 15378
4553 15407
263 19531
29112 13184
25659 7952
17824 23958
17410 17694
14939 8877
6196 18226
2980 9483
10361 19055
23942 10375
20831 21504
18964 4940
8106 28670
30555 27611
13804 16276
18837 30799
12373 12897
1440 25317
31435 28445
30638 1979
19773 12160
29245 20440
16949 4959
14666 15725
15277 12057
11713 3418
2596 22833
19769 4596
2545 31548
23006 11014
10966 27134
16046 32534
5592 2256
1001 23017
25934 15428
26562 21577
9017 28684
28507 10501
467 13336
1008 23354
619 13567
28755 4561
32367 5024
21144 19529
18123 24585
22033 21686
19825 15256
18813 4874
3385 26207
25980 9620
9196 15309
22342 25286
21147 25227
25501 10299
22582 13221
13824 6905
23130 7402
12322 15603
20585 661
19866 31698
9440 25645
28636 7412
229 18601
9832 10933
30240 13784
18241 18158
31436 14080
27553 1724
27662 14022
9451 15235
2693 12365
32225 19762
9506 31650
7191 2504
26170 14680
5543 3607
30425 8559
20263 11207
27738 14715
30168 28831
13364 13825
27168 13056
29207 2853
11835 18354
1080 28802
11565 17636
8681 23642
28155 30317
18540 14831
1818 26456
27145 24368
26152 9376
4958 1432
16346 7480
31479 19028
15414 17230
12062 31140
13058 21201
22004 10627
3196 24881
13249 26506
6731 6758
27529 32274
31926 20275
11744 5273
26644 14508
18942 12135
24195 5366
21782 21104
12765 334
23524 19325
25064 13644
21126 26503
10957 873
13964 5987
22476 17088
5970 18341
11821 1553
30862 28606
1146 17419
17189 7271
23019 21707
14403 31043
546 26784
6826 7615
14616 23569
586 8510
13144 3361
3602 14963
32363 5585
26631 28173
17811 4071
20371 4250
20156 17902
7711 8101
17327 30078
31204 13858
7049 1725
11005 8205
14443 23846
18113 20813
3444 9609
9553 17374
24812 17747
21869 303
32450 20240
652 23241
28473 8238
299 5682
1502 3076
30053 4113
23741 14355
18372 6802
4052 3467
23639 6924
19656 25617
16388 10978
2775 18879
16416 16295
32526 3180
8253 7813
8380 26670
25155 7903
21030 32542
21699 53
380 32347
23431 22344
22028 5202
9838 22143
15798 7228
19063 30090
28320 8935
28955 15429
12587 10426
4576 13535
1573 17652
27179 18747
32064 3636
10069 3990
20418 27710
30466 19051
4991 14076
29102 8083
6660 18115
5001 19121
20502 23000
14213 20173
12635 29491
18605 27455
9302 5762
7608 22479
21145 1393
13022 3098
20789 25129
13802 5688
11638 23318
6289 17563
12749 17390
7426 10042
30478 16367
4286 11247
5595 24936
10666 23070
3168 25210
14690 29080
11330 23328
10961 28863
9425 6253
32255 17898
32133 30997
13865 12299
5288 29487
28183 4751
30288 10041
1706 16517
8080 9309
9141 771
495 16882
27405 24261
23321 12870
14820 23832
13525 12955
17490 23542
8503 31855
21301 10611
1815 23553
5179 28248
4802 4112
12349 11277
7918 22246
7119 20924
10740 19605
22037 11443
11065 32385
2520 14346
23789 22558
17624 3974
19961 19707
14692 2494
20530 25600
15913 15740
5843 2036
72 30310
6442 16705
7083 23774
3473 15612
3480 21798
4256 17696
13702 22984
19617 3610
22576 21813
13636 32139
22761 16044
11157 20041
7471 32349
7722 13735
20098 23759
31137 28150
28279 383
32074 19019
28936 17610
18464 14211
20782 22796
12798 20101
21426 3850
17679 23495
27711 14733
27527 20
30909 29776
9616 20108
18138 21020
23431 3052
6121 13874
8297 29455
5872 23785
30856 8885
29948 22424
30851 6276
8120 32694
20596 23884
17982 9536
5995 18063
8237 31835
27420 28993
11004 3643
14292 22988
20878 12611
15538 13655
12806 19566
8211 28744
30172 27117
10318 30215
28721 23826
27810 9733
30303 32620
4716 6654
9941 18740
27293 8571
4642 18663
876 5786
31311 15925
584 28689
7282 23578
23057 13425
14464 30283
12679 12968
19299 7635
3587 9162
12108 28926
5733 6673
5707 8822
589 24866
4893 31660
2446 13201
9285 24185
26591 27048
30046 2566
18644 1380
19119 9961
12301 16321
19200 24208
12718 31543
7084 483
3854 16261
760 805
2996 8877
1187 18203
3711 17216
11454 4465
25380 14299
31934 4185
12254 6130
11984 19317
29536 460
17260 31223
7951 16847
3373 1031
8558 32510
12000 13157
29913 4288
16347 22351
1655 25059
2704 24485
2410 1248
6497 13131
2632 23905
1462 17871
22223 768
15693 12363
3540 16722
12754 20877
27517 22820
9904 14710
9648 26372
4390 25504
27851 4868
16029 1347
25750 28090
13625 29274
10614 7819
686 24065
13795 18218
27989 31266
15387 16475
15231 14928
18456 5117
1289 15859
15808 22599
17200 9638
1885 20562
4775 22493
2124 30167
23527 30923
10233 20539
21959 6531
2315 15560
5708 25181
16603 3134
9666 15515
9003 6538
18443 16204
30229 15829
28728 25457
8769 17856
4694 17247
13147 19438
18314 26980
15556 7364
30817 29101
30344 1900
353 871
9873 16416
1508 25893
10778 14245
25894 12418
13158 3093
1436 26887
4017 30434
27271 31311
2407 23576
18378 24936
14996 24290
2040 1405
25499 8016
30898 946
6700 1367
4400 29264
25712 15642
1821 24354
5254 18535
9640 3359
30771 18821
6872 13640
12501 27437
12063 20180
18329 2518
6963 8843
20974 566
28697 11632
14906 18693
17794 5794
203 12292
8795 15492
2320 31806
21408 7452
18185 12685
9585 7609
24828 14177
12903 30169
6506 15037
15656 16713
5441 29058
18489 32142
21075 8944
24596 30340
25095 6506
19323 26181
15438 24953
5643 19532
16089 31252
10516 16347
11402 23071
26280 16793
16680 28465
31474 20608
11606 31130
22473 17910
3782 27045
3717 15674
14506 8730
31762 2562
24683 17415
31555 611
670 26560
4456 8176
5172 26405
18722 15398
21488 7459
12150 27656
20511 15998
10017 16134
29827 12237
1579 25891
13456 31942
12735 87
9691 21691
11322 9522
7887 12389
18818 20163
11681 1249
32153 18872
31623 10232
31090 23238
28709 18851
2563 9292
10568 9934
28059 3891
6871 22877
4982 15128
27399 26989
31119 14765
24269 988
7349 6492
27289 31243
12001 814
15169 28386
1991 28652
19259 21781
939 14468
22544 8870
17526 1453
19469 23980
2313 25294
28732 26194
3793 30748
31379 8738
12699 12291
19562 27780
15786 19400
30003 28801
10247 11116
19813 20429
8473 19667
15801 15109
13685 17958
1689 24373
28919 16245
7125 19613
14354 12193
26777 15029
19300 24697
3996 19822
10638 32291
31641 16315
17218 13758
21507 5968
13726 10053
10741 17833
32440 11958
29032 23119
24698 18548
6824 10839
26032 5354
24585 4395
15711 16242
7125 11917
24664 19573
14986 17880
13582 4819
7490 8841
9637 25733
115 9727
23627 10881
15064 25215
6603 30685
26799 26491
23135 22584
22309 8980
15558 23894
17423 31965
24471 12298
17882 3554
10453 10329
28613 6633
11203 12508
1613 11767
8442 31078
22505 2070
9400 15591
3576 11350
12155 7824
2552 19218
31951 25144
8952 23668
21604 1023
22352 5435
26979 29489
18063 6332
17410 29805
1973 3111
26967 28422
12195 28428
13673 10665
7119 23838
7053 14912
21820 7478
16624 11543
8106 8603
9584 10045
2314 23936
20144 2094
3380 5070
10603 20142
8668 804
5384 17656
16066 4892
19823 14360
13866 26321
10012 16022
29068 30878
20849 21076
26252 9000
4945 16825
22572 15262
13802 15375
14401 8511
4562 32042
15652 26141
29270 23627
32681 29985
17167 16964
13653 22864
15286 19164
23243 2636
32312 5492
25224 25118
23309 2283
15312 8242
12230 3776
17896 7587
5094 2422
902 5818
18419 2621
8838 11697
6861 2510
11230 2748
14654 10391
28628 15690
7121 14872
623 17031
1768 8077
23595 21798
20745 13773
29424 27231
25465 23154
24389 51
10508 19514
25026 8439
24379 27309
23747 16400
32119 6400
5732 21500
9917 18490
22185 20882
22891 27797
13820 27786
20818 25127
12253 16703
20492 1217
19925 19380
16271 32536
32427 20437
25347 5410
28123 5888
2513 28099
28484 9924
30973 8105
21281 21737
32437 1397
13882 23728
25642 7451
8796 22875
12702 30347
4870 18928
30910 30097
12901 571
6451 27385
25218 11538
13172 18680
26299 17373
15838 30407
16752 8021
28678 1937
6654 1419
30798 22671
16113 22828
12214 23154
6261 19972
16373 2561
7950 18114
28617 23555
10889 16379
2443 8287
11571 27761
4102 8322
12104 26260
13705 32001
7854 6985
18747 3711
18147 20971
3759 19922
1333 30095
13240 1889
3377 909
22655 24016
20829 17212
24018 24544
25642 11004
28095 13712
25892 5754
29282 10377
20076 12847
28411 3000
13928 16426
28483 17981
22969 6672
257 1412
365 5217
27608 23217
6518 9980
7011 18242
2907 32486
28548 31983
12590 23879
26360 21717
29886 26549
22575 16852
28429 19893
11355 16950
7173 26495
20680 5265
30310 12802
21099 13294
4099 19496
22461 24362
31278 22875
27850 12189
4721 27976
21892 762
1919 25827
23134 15478
10857 20651
17174 8493
24597 21551
29650 21441
18157 7889
24687 13124
25812 25034
18966 8536
29022 26478
31504 29588
4160 12209
29915 5162
4101 13803
17533 5575
259 17368
28952 16059
14478 30179
14527 20314
5227 21668
3976 1954
4743 10151
5346 12318
4329 25967
29481 10761
18918 25786
23928 19127
24724 13063
8127 1585
4481 13398
29973 11552
23460 28719
6223 16876
13715 12261
17105 10532
8951 21020
3492 14625
15933 30601
26825 27878
2703 27897
7373 15947
8707 30357
2718 27483
5138 24676
7581 11002
2123 30737
9204 5323
31048 21487
298 16464
7138 2874
28405 24403
18081 17312
16463 22405
28022 14335
23243 8038
1453 7281
23082 25188
26141 902
4649 12359
30626 10448
25246 15308
18893 17573
4547 27792
24537 19744
8402 18480
18913 18537
20178 30383
24145 5174
15792 26136
10139 18066
28049 20836
23083 3038
615 11933
26268 9749
1986 18500
31788 29012
9962 1521
3949 4505
810 10297
14654 11722
12398 31700
506 23546
30737 18431
27887 8937
24560 31776
22546 13513
10179 24745
1008 18248
12461 20286
22504 11466
785 13850
13976 4854
26280 27311
30357 2677
16592 3980
21343 15350
11559 4484
27284 28278
1113 13
6499 17086
17718 17638
20036 18477
5128 32509
8934 20151
17443 1167
21097 6702
8125 20625
24526 23232
25088 24399
172 3778
5982 15955
8228 12716
22565 21384
3606 23652
4435 8095
11925 15039
20395 32690
15769 31301
16648 12839
31476 5684
24562 8920
21128 9416
32111 17008
21686 2490
7451 27928
4890 12806
22395 9300
13685 15602
13967 8231
23274 13900
16550 31614
7022 17907
9590 32716
15738 30873
16748 21489
29698 1478
27457 4704
14507 14112
16334 2689
5689 21739
24609 12628
30534 15308
21968 1368
19770 32722
4493 27051
9079 16566
14331 15474
29396 4962
12481 11387
18765 9393
11228 4641
6649 31094
4409 20336
18748 28607
3715 31626
18749 25947
14138 23881
23194 10137
27397 31014
17755 4179
30281 13914
7717 29739
8442 24387
27568 17941
8113 264
16507 5142
6911 28288
7359 16715
16642 27216
11425 8492
5429 15444
13995 22546
29324 13889
20093 9463
29633 27528
8128 30845
13800 8317
25948 32050
10570 13496
24811 29971
25712 3259
26221 4175
11646 16086
20541 8525
11715 1864
28484 20975
909 18343
19308 15897
9794 5506
18519 5997
20652 7236
594 13913
26005 22107
30596 15444
660 24986
20843 11108
13606 29404
25226 5860
1536 11499
11355 20868
20132 24224
395 15505
3379 27723
6246 7287
10882 26708
8593 5764
26223 7971
14071 15342
24182 6718
14085 17944
25215 24241
24602 26641
3066 27315
16441 22877
19246 13958
19714 32249
24270 15519
14304 20377
27086 19719
21123 27700
7028 12289
6033 28098
7602 23533
11160 28485
15795 17004
27208 25350
692 30917
21471 7713
10005 16264
28388 15683
10160 11633
29208 18099
23913 398
19114 11663
21766 24740
21162 6745
22850 464
19392 7346
25372 3690
29214 10852
25717 14638
15283 4006
8410 20638
6049 13468
2207 20642
16882 23582
18989 14194
32646 16314
3484 8629
22096 11516
3717 29163
5571 2028
2065 1800
17286 22233
10070 18017
16495 15189
30692 31948
14767 31873
32410 23299
14922 1675
30399 4426
28875 884
25934 20050
32053 28951
30352 9564
23356 22631
23024 8097
15541 2552
4108 31986
26700 961
24328 26524
28789 25632
24871 8078
22181 3614
24988 24766
28353 25333
31645 2248
5847 13519
12218 16344
5900 22225
25453 10443
15829 28248
32498 23697
3178 27010
7512 13526
1912 16113
729 10721
22 23243
19815 18364
26875 23813
4999 32405
3054 3298
25954 21092
13181 9654
25625 11726
7410 24816
25434 23625
18051 24919
18737 28546
28105 25492
8224 5116
21108 22513
3953 6393
4412 18784
11723 12189
11035 13759
25092 9553
3257 15194
17974 7526
10792 16306
16661 3578
721 29565
18815 1056
8622 22509
2133 29499
28090 10549
19594 5035
24230 21066
1401 5292
27086 19942
14204 9594
15211 6355
7866 6586
4106 6502
29760 11541
16957 8266
2388 10790
24720 26238
11525 30870
24510 11425
4103 22149
15653 24430
6846 16684
9592 25987
27033 20673
29620 31334
25505 2971
7253 15049
8018 29847
22729 17933
2473 22714
10021 6406
894 8216
29207 1534
26900 9716
29979 28156
14319 23592
12530 8006
18149 15816
1105 32036
17528 21762
15574 21735
28515 22600
13375 1066
15731 8882
19934 21592
25752 2973
26696 12142
31292 24985
5966 4610
7379 3202
14894 24197
23476 6892
16906 30149
20775 16068
15512 14517
8895 32053
30492 22385
23530 5577
19859 4477
22214 25809
31281 19277
10038 17670
30990 7435
15414 13424
21533 16020
11115 16519
27485 29892
23294 32153
3411 25587
32171 3435
29623 27583
5397 31011
30830 28684
28253 25189
5816 13130
19698 20413
3243 9719
14251 6205
12512 20324
7187 12903
20588 13243
15364 27213
10513 23361
6519 17142
21430 24281
21658 1796
13077 7626
12323 19604
15028 193
12260 28774
8726 28186
1440 19518
22578 21339
16414 11401
19236 26625
28795 18756
22563 3456
14788 17946
30643 28805
32453 32204
31259 20350
8731 7382
26650 2652
3217 20304
23510 24471
28073 1554
26133 31347
27256 5915
21423 13955
11959 15668
26436 15467
5144 15056
23338 23529
21462 9271
16297 18199
30352 5347
2411 4842
30295 21546
25646 8447
18182 11550
7612 22167
14545 32178
15645 17632
26913 16670
6667 9846
13728 6532
2214 22057
25999 7379
28009 8961
32096 26860
19805 9599
28801 17155
11916 31270
9590 17992
23737 1338
42 26055
26190 9160
26247 17805
26006 28134
29508 12045
27180 28220
19198 9410
5812 29379
18315 22805
18120 23245
28043 3200
20789 1606
24639 5876
14952 19001
18335 8312
27427 3733
23718 19732
16245 31026
4081 24557
488 18959
32392 6577
9980 19678
10492 22069
23764 962
8370 11613
17200 28503
8062 6973
24475 6131
15731 29565
8678 15403
14586 9218
3284 18585
1314 2762
22295 31965
4663 25368
6267 25058
1174 3538
22370 30051
19903 14631
2672 11949
23468 11124
25223 16550
21090 13673
28918 15630
965 3944
32237 32005
6576 9773
9013 29389
9797 6836
32541 18642
3714 31063
5048 29159
789 27704
9797 3795
31602 27870
13039 19724
26402 14627
18615 8898
2398 3917
25006 3103
13020 30075
2919 11726
19945 4163
29612 186
28856 19609
11632 27416
27130 24818
16901 27303
31662 27050
25231 13366
14395 9379
19897 27752
13756 4144
15782 23988
2971 28977
29227 20399
20065 1151
11067 25486
32204 24458
10146 6630
6435 17472
31734 26039
19910 27697
21963 28841
29705 3825
32551 29845
20034 10174
13878 20039
15905 15971
11582 11651
25664 14172
18132 1605
24059 28475
25169 10061
5506 9547
19584 6619
22572 31090
10393 11960
9999 348
25971 23669
30157 14549
4853 21239
19376 20855
11214 26676
31482 9606
10085 16951
25206 21016
26643 25194
27987 15481
22929 30228
17714 1741
21420 4129
27262 14327
5440 12322
9980 6842
27491 14996
3747 6174
22753 18021
685 4374
20969 25524
27374 31583
24581 16345
6501 17835
16975 19109
3089 18175
24035 16618
261 15706
4752 16446
4287 8087
18387 18429
17078 18068
17925 19341
20530 12692
12243 14822
2400 27106
12271 7761
4262 18872
12037 15983
24628 10846
9713 22910
19932 15766
24623 27864
291 5688
17042 8636
3992 9242
27193 18513
13156 10034
14272 1000
20515 24063
6835 3202
14834 29476
12616 10642
29385 28247
4173 18948
21004 11385
18271 23933
19036 8966
30045 21221
16819 29360
284 24611
12208 3399
19036 30503
30255 29404
26363 3118
10269 18982
16489 4417
12939 22565
9564 19199
7168 6916
9157 25245
19988 3140
16130 22827
7482 19991
22101 16409
734 18442
20373 23289
15792 30439
23075 3718
19519 29658
24096 16614
30153 30418
27613 3884
21841 22570
16275 31777
6899 21897
11605 31812
30581 7687
2370 783
26142 27025
24575 30076
18635 8078
4965 9672
2623 20674
12150 15479
15035 2163
2966 12952
23246 14539
3064 16714
18543 18046
5974 27263
585 30637
5349 32512
13654 18953
1672 17842
18607 29755
4931 10263
23459 5764
5619 2071
27142 24224
1085 8961
2763 8945
16837 9677
31958 14553
13216 22180
30219 2664
10251 30626
26795 12087
26205 18138
13024 3219
31546 16282
27798 16606
5386 241
18317 24115
1193 32111
13740 14409
13920 22572
18841 18842
14101 4875
1414 29636
6590 29248
3150 7983
20764 14608
26816 32240
20901 9176
24378 30189
4034 17233
32123 30274
11834 7442
23730 15332
28910 13655
18906 18820
18376 26112
18506 5815
1518 9949
8840 14931
6459 11048
32095 5148
21999 30803
8497 14752
10917 23045
28046 10847
20614 22367
11012 3887
19389 3459
12089 2271
20522 4951
1848 21019
24155 19078
7177 14479
11448 16840
1412 12624
12541 3172
32614 3191
24046 13043
13477 3087
26950 8550
21761 25137
11760 13898
10460 23149
32377 22347
5963 12908
31686 12023
21101 26068
17410 30661
7676 29036
3547 30806
25633 20865
1006 5370
3213 16264
29823 6774
18885 29444
10606 9733
20669 27050
31846 20124
11945 31427
31576 29554
12560 14803
12584 21440
5154 27768
26278 21445
27467 6036
28607 4878
30728 26542
22773 14324
25338 30870
2316 5222
2873 16456
11014 2025
24554 8467
29778 17116
30740 26363
6977 20225
23727 13403
4537 313
14590 8655
22573 14479
25887 5456
31948 3704
32481 5281
6905 23641
1237 5867
28412 14922
10152 6564
20983 23322
17839 31924
12827 27027
17604 27099
23323 19199
15953 19277
8929 27371
12714 5536
20097 29738
12448 26856
17259 6941
14931 19745
22756 23858
14407 3533
23991 22955
20922 30941
9767 10145
2357 1237
13865 19784
22626 8748
23504 15476
15901 15345
19977 30812
29389 11189
9096 18590
14069 9380
13826 7556
28678 23029
17821 2438
1912 25733
28837 29712
16408 11198
21376 27013
30116 21950
25828 11395
31381 693
25159 27753
2108 22415
24727 17686
29968 7124
21804 27636
9543 28364
11003 11830
27043 22502
14348 9309
16527 13914
10030 16129
11626 21518
10729 4302
6691 8119
1716 31181
30470 21056
22376 6116
3285 879
3061 8353
13595 29126
1363 2099
27837 423
23740 6585
29906 14268
11033 25792
30132 12950
25786 9222
22615 26516
7497 388
18906 9991
18433 23468
7516 11155
18459 28656
17 14553
25993 3715
13205 3410
31207 15203
17024 11134
27055 24727
25402 15935
15788 30133
32017 7295
28849 16552
904 12313
17802 5040
7154 17399
14643 11434
16704 32120
25928 6546
23064 1300
26301 17990
29991 8770
7375 6029
8119 20121
21562 14167
2692 1078
12973 30279
28875 19295
30331 26222
30117 19301
24211 4954
27539 25295
20146 31567
14938 2740
983 11732
22289 2409
27896 13169
632 14429
31731 8888
16779 24896
711 1666
17495 30315
28932 31099
12045 10876
1408 6881
31061 11072
18508 16520
22500 983
24806 2594
25681 27154
7344 14781
30500 31520
14753 30093
26673 11114
18747 22252
10532 28091
16317 27295
28252 21924
921 1627
23037 14623
4392 6023
23872 5490
1693 20292
17422 15190
11320 20395
7886 1625
19644 15957
32379 9089
29218 24609
14073 11058
23183 8753
7081 4689
14724 13366
27195 13994
6484 6126
22467 2703
28892 18923
29711 9154
16750 26517
22328 12694
20750 30322
19832 7760
21729 12453
30011 24531
8162 31413
889 15229
10711 26256
8770 332
644 26576
7579 581
1310 7484
21128 17942
24578 21394
5226 17402
17575 9604
31883 8925
21457 23808
22520 17601
6664 31156
10127 8544
12361 210
26200 13330
21755 31248
2585 242
4388 15860
29220 30012
15837 31054
14452 9978
32260 2566
6392 14304
48 6423
25391 24436
7402 5596
10741 24690
9498 30347
9629 28014
29887 25087
31807 16571
7651 9914
25683 27532
16335 9002
21887 8281
24187 811
15278 31876
20040 30414
24674 5437
2033 18008
32331 19363
30911 26510
13080 11307
8957 30768
17293 23878
8876 16836
26070 24894
27256 10900
1563 12129
19690 14330
14676 26722
9694 1499
21087 10748
14392 22386
19791 17880
5075 9551
1288 24497
6074 19615
26377 14006
25755 17325
6536 7728
21368 30633
18372 26980
17568 14249
2199 20155
23262 20717
4938 1568
30448 16487
13998 9898
1850 7546
18024 1915
32700 8707
29325 10216
3650 29590
15727 25306
24282 4618
950 29043
1163 3895
19122 245
23108 29694
18671 24544
28691 30346
23818 1627
22679 26070
26308 32213
27320 28271
13909 27628
19349 7292
1539 17550
21694 16123
12786 26462
10916 4173
8766 11353
5966 18421
6983 9145
32077 31133
26700 3353
30449 25945
5180 18907
30141 7472
9416 20167
30233 9177
3005 22772
6983 26818
17041 27116
18328 17751
17467 20235
1248 24448
22856 14376
20775 5483
27180 8568
9121 22157
19414 5294
15841 3555
14983 1383
7497 382
30435 19654
8389 19262
14665 2139
14009 20190
28512 24650
10039 20784
30706 30889
20086 5290
20734 4649
23423 7970
27656 7673
26410 3286
7348 18663
30537 5295
21907 16841
16931 8647
10045 16155
17956 9768
13728 2025
2514 2775
6039 1008
6147 24849
21695 5888
3149 14548
30086 19364
17343 16545
22916 4357
1486 4737
18447 4108
14738 21062
28425 23495
31539 275
17405 270
9630 10782
31594 14694
9340 19637
2655 17701
8804 10111
26184 12503
26447 18693
30472 2529
31565 2416
28488 18020
24951 20884
32526 25700
32549 21294
5265 1066
865 5738
8012 486
25243 169
2385 21145
15006 14464
23264 10290
12994 2820
15416 8439
11363 13893
18861 1575
22419 15640
28155 24030
12 10266
14042 21560
9832 22513
22482 16313
14741 19669
20305 17645
1155 1872
25083 23883
9247 26177
24641 17759
6533 9767
27189 5673
19569 26012
9628 3520
4599 21280
6725 19258
2933 26648
10394 464
29125 21782
20085 26430
8375 859
11829 24937
30398 20379
3088 14148
23785 25088
13739 18676
2837 18289
2023 4915
23650 12307
1790 498
18403 30480
15568 22082
20890 22424
20855 9076
1955 29478
4641 10111
24495 3333
23071 675
2228 7954
4665 4684
1251 11203
14917 29497
8155 29032
12536 28381
5404 25265
11771 22534
31422 2161
8769 6844
17507 12449
29337 876
29290 3752
16511 326
16741 12506
13624 26595
28109 28478
798 29739
24565 14228
4408 6262
21565 23190
1293 21489
21384 15999
7866 6468
4080 6858
6979 2161
31160 8508
4391 32767
8321 14372
31543 18777
13505 10722
26023 25713
15730 28070
29030 13992
22023 28026
8619 8434
2212 28035
10193 16693
6286 30851
8548 25331
20705 30115
31868 25385
11137 19312
30281 2935
25682 13347
26608 10368
19628 10021
21909 24468
29449 31698
29625 1933
29441 10622
5831 2294
377 18613
16617 2419
2327 14791
16928 26204
27385 5252
7828 17068
14246 17733
12073 11290
29764 31532
12370 7045
16396 19372
13098 21653
28156 12107
9409 26784
26315 15270
24499 24778
26402 16054
31744 21361
28169 8019
20759 26824
28576 9974
24116 4801
8207 6339
3308 31793
27327 14791
519 29487
27083 11902
28813 21180
29105 20888
8995 12202
1358 26620
12184 19638
17929 22030
2236 6648
13390 14893
25201 17277
21566 4224
7172 4914
2724 17395
9405 10755
17963 20604
3764 21573
18639 23203
17383 32081
9618 24641
4490 1650
18032 26248
32158 1282
3732 18755
6853 11215
27852 3935
20053 25540
29243 26795
15531 22469
16718 14556
20418 30682
26865 21460
3076 14224
32770 20260
10079 2972
5381 3279
5788 27330
17946 25425
1260 22005
5421 1759
27076 11200
19565 6129
12523 19172
1791 31486
10450 18499
12787 23942
11043 15356
6519 3158
13212 27096
22090 32520
22814 18661
12148 15561
23809 11872
17461 32351
17579 8152
4667 12650
12641 4241
11287 16617
27228 3623
13298 18177
19744 8307
28284 3066
6153 24754
550 30347
17191 3044
13969 20823
23372 5235
18502 2487
4962 30485
9383 19386
32770 22259
8742 8042
12611 9483
2228 27473
7888 22227
32380 60
6718 28703
11474 4671
15260 25668
12646 17145
31819 4734
12222 8473
29712 24975
5859 16673
27751 16041
28506 21355
15898 910
17749 23401
11539 2038
811 27696
13934 25137
20486 3640
1235 6925
18139 12893
32515 22778
6560 22058
9392 18028
29881 15703
11666 14209
14003 25744
7863 21220
20532 4473
18971 16881
24626 9198
27768 11290
24676 3215
23903 393
30198 3196
1416 22790
14977 8797
3943 25884
4410 18598
1535 17527
23658 26905
22011 12689
10014 10636
25851 21902
5919 30188
13100 16996
15140 27522
15131 22590
2375 2421
971 6691
8630 19088
6405 13778
10667 3142
24047 17137
21150 26355
28128 32103
25017 23397
32627 32519
19340 31131
32218 15470
14338 25804
19573 18734
659 22700
26787 10028
2748 5098
24025 9542
26796 19453
16369 4409
23105 3616
8132 16578
31794 12699
11770 13828
9102 16197
33 25386
27493 29255
11261 20813
19140 13858
11551 11928
18151 17908
18617 1962
5547 20727
25521 12347
17474 18506
32500 7939
13866 14836
19981 16599
4192 23846
7158 1814
25809 13248
29230 13635
12817 25879
13835 12787
2895 13813
12370 24298
31881 16866
13061 15489
32508 22946
20860 23627
4575 11007
24247 26359
19280 5577
9715 14712
30095 21018
4475 23908
3178 19422
13249 24730
12024 22419
26285 20520
22922 9294
30005 23148
31711 3839
814 23673
16279 15093
10082 24251
4842 5029
27618 17631
19354 7079
10398 13549
30246 11521
27698 31159
9537 3752
26371 25719
21890 836
3211 29108
14685 13620
24305 13669
338 9170
6365 21081
29796 30200
10634 214
27853 21955
14109 26753
3312 14742
6965 20861
16527 15970
3523 28887
24126 30501
29212 21538
32024 21937
31308 12382
21168 4271
5293 6175
11595 10979
22457 23787
24140 32690
24605 8163
10479 30945
21774 21925
2362 20895
1760 16754
26417 2758
23509 11148
2634 29790
32563 22242
24864 28771
1689 31215
29035 21191
402 16096
1072 699
10091 3829
25141 16683
5954 11561
13496 14471
24160 25621
24160 14793
14537 19218
24692 19124
16400 26270
8267 26969
31856 10241
8452 10464
3097 4144
1399 2949
21704 31217
28266 15841
29594 20288
2313 5995
24354 11761
24976 1086
28601 16280
20043 15389
16917 18598
1728 27316
10270 13012
15147 11552
7164 5829
16426 2226
26997 2278
8890 16112
374 11674
14434 8925
11247 22676
32686 21371
3044 15235
25823 32653
10690 26613
16097 5793
30703 10357
6269 2894
1444 29943
6608 2747
21503 1655
9724 19808
340 19932
285 25873
16069 21026
4735 11320
17426 14776
5902 14946
13746 807
22541 509
12578 12533
14859 31583
29565 27849
14355 267
20045 26063
7972 16688
24224 28254
7648 26739
14943 7385
31880 27118
2012 29651
4392 2169
13226 21878
17423 1320
14513 17957
14466 5909
11905 16992
28082 4191
4583 11240
27627 21618
31678 4644
21005 905
14856 22980
22336 32626
32574 1956
5348 11665
7140 13043
11463 6696
30303 25236
8091 24790
13579 22980
26535 32349
20105 6142
11196 28584
29782 4123
7787 16908
2978 23230
23925 30926
10335 26607
25987 27621
16024 29702
28183 1026
32260 17355
16835 30670
3035 27611
26265 28274
3816 10062
10978 11101
16864 406
27155 10049
32754 22442
7676 14943
32671 29797
4163 15365
12236 19496
16401 15189
27413 7111
20491 13639
30053 28323
4228 27634
30659 20499
31216 17159
28271 11273
11164 17822
15662 8946
17053 14645
24034 21725
7431 25077
23901 26592
23903 23608
6775 19895
16978 12105
31582 3247
9894 32106
3374 4035
15730 29980
16834 16900
24202 26522
16329 31038
30526 10407
31004 29656
29508 7049
31567 28156
12786 4438
11909 4600
23472 23662
30345 18404
11182 15689
27163 10373
466 3187
5256 6002
20725 17876
30078 18549
15694 22837
13085 13364
32558 25600
12881 16401
24046 14407
2400 7502
22310 21768
191 9077
17952 13232
5674 10743
8077 3805
13811 9491
5494 1640
7835 2553
14197 17571
8863 15920
25380 2271
15508 5685
6358 15154
10614 10085
2181 28023
32062 28956
27404 28053
26034 8479
31638 19717
3969 30519
9559 398
24975 3103
14714 851
654 32672
16730 3088
23758 20987
16628 23457
5206 27783
32157 9668
9011 7579
7408 3359
4112 2990
12299 20357
29447 25533
32507 1909
15543 18158
10356 9955
29591 15218
27077 3899
23433 9391
8972 27300
15283 1695
27558 10882
13962 6259
19178 20286
26671 27261
26903 23881
16127 9036
19594 9054
16998 6169
30517 13832
15347 17506
30796 17509
30386 25812
17985 10793
2230 14702
29939 25317
23285 13028
7203 17034
25433 3905
551 5929
17683 10705
24290 6140
19251 574
19187 17834
29045 16121
12077 8135
28510 11995
18503 21402
31112 3597
4821 18468
11579 4645
13175 11101
23100 401
12113 25793
7914 23097
2235 4363
2694 19296
5177 27457
14803 1739
6573 18160
8671 11558
5579 32697
32032 22947
12238 524
3778 4324
14185 20788
12352 5915
16129 11924
23858 29040
9753 17968
12646 5795
10254 1135
3377 4850
17156 31007
21511 9021
2848 27577
31050 2920
15864 1254
20320 11265
10823 12611
19720 6946
16358 8545
15598 17561
23543 2833
2941 21831
9571 4062
9972 30150
3464 27866
9660 6223
18731 22430
9977 24026
21940 11404
8543 22150
24218 21079
5190 8508
5916 30406
20225 11919
23602 2228
17004 10983
12995 4956
4293 21471
30232 24275
20413 15595
19089 31190
12494 18238
10390 4294
974 20715
5073 13809
18373 24394
21146 32531
15868 18589
14771 7197
13142 8435
24630 19252
29667 28237
20427 19965
7347 26624
1310 17432
16360 17754
21649 3818
3855 24456
1838 8864
32689 10935
17375 26736
7716 19066
6369 5666
679 17772
14710 7888
7343 7190
17370 8426
18555 18195
9081 30076
25326 24689
25439 17588
20382 31835
1264 17311
9513 29941
11993 32563
29640 11656
18502 22674
23078 4319
21590 5773
23666 20209
8651 12391
12722 7616
8967 13788
31579 384
564 30818
6943 24572
17858 22959
6919 25398
6422 25467
23489 28493
3456 3207
32059 12196
26478 20190
13681 32577
19424 29531
2435 12403
25116 13931
7434 30648
15779 10772
2988 32221
9315 31031
238 23911
1326 28690
586 3890
12907 28168
8066 2648
13580 9381
32051 6996
19392 18397
28077 13928
27241 5012
3074 18748
19920 19044
3421 20423
30615 4506
15509 12402
9840 20097
21506 9083
7821 26852
10640 10648
22104 5838
24849 21982
23395 5524
6360 28384
930 29717
17539 11035
16088 21057
10776 3218
7247 14808
13652 8117
22732 29812
5439 8583
2242 714
22532 20736
12998 6445
30976 28592
28227 17748
5401 13734
23151 8540
14673 15504
381 14352
32666 9764
31765 32361
28141 446
26881 1617
19350 13642
3369 20140
24786 28004
12225 21657
21659 22718
1729 18933
7363 12994
18325 5410
13376 24953
12310 32262
3015 10924
7098 11350
26780 17481
30983 23316
9640 17415
13134 25942
2764 12877
25749 4170
11893 17489
25557 13943
5488 381
870 14405
1280 22550
5047 21952
15150 25887
32322 21913
353 29563
3263 7533
19758 30291
12440 8010
25457 695
24222 16496
12701 3208
21242 7508
20816 27285
20838 20203
27179 26116
13725 5412
26080 22772
26639 2743
10892 8288
2778 17949
20296 25926
29430 3039
32506 265
16815 30228
32114 277
12889 13605
690 3521
28735 19924
24716 14457
2268 30845
9843 29980
20046 1435
14219 17059
15879 27533
1794 18180
16326 24987
28323 25173
20677 11316
21416 32053
28468 32377
3536 5736
23015 5376
17586 21441
30796 28113
14161 6725
32415 16821
8688 29069
8801 8881
13864 13932
29446 25549
22839 24786
10990 11801
7323 24816
3222 26354
9440 22429
8208 19330
29366 11769
25776 25990
16966 20560
19209 15700
29894 4161
2839 27932
14411 29215
10942 31086
25055 27031
18547 4860
11732 18835
32314 9634
23128 27487
28880 22691
20553 20746
24361 25654
20042 18192
17949 24641
18966 18741
27742 28772
31764 11956
27309 28985
18732 24985
1101 2778
32474 9580
25528 19620
5504 12559
3986 13883
27905 8169
11227 20942
14219 32325
23400 17309
1716 29940
21908 29368
11977 22586
1075 12041
29794 7656
15815 30868
14394 32453
28663 19454
5438 18226
20028 6220
9444 6926
22750 16878
23998 12504
20511 22268
16463 18451
26549 22719
17949 24303
20094 15987
18183 27429
24176 5451
18649 6691
2255 25014
27934 23657
21154 9697
28982 16435
30055 12669
29864 24408
30726 7874
31161 25714
21508 8372
21565 27455
31481 1701
31405 16455
20548 6395
28026 17343
27389 13107
10401 29614
13355 16166
21376 24910
13623 30091
8935 5557
10913 1982
8563 10676
12018 5824
21015 5376
4594 7038
24828 30863
12314 9302
22155 26693
24140 3031
200 30672
15810 3272
1761 3793
3141 22380
23302 18492
17567 3077
32380 24833
9042 16023
19437 31212
25482 26606
15363 12489
18513 26594
22581 21709
17922 31962
20448 14897
24576 21647
25497 28960
3751 6675
6850 25555
16771 9489
30555 8187
20928 11862
7195 20319
30946 11664
6335 9158
8119 17494
20643 14871
6537 23145
12175 14527
8087 20282
8403 11603
8391 25772
31894 28022
14741 18202
24427 32510
26703 22172
8229 19282
20868 5510
22509 8726
10426 24626
12433 20235
4447 20992
27935 18224
3074 31642
24755 12590
17347 20093
18317 19698
20488 25013
13926 32412
15986 29671
5124 152
30992 20117
20749 266
23762 28318
21017 11888
5184 5636
16394 30595
2667 10994
12960 605
2596 2046
26952 7905
23917 8619
1589 14424
301 9522
32690 2648
16680 29826
15287 7402
20525 9093
2490 19435
12433 23205
28359 23987
221 17039
30675 27893
196 23862
1614 10726
25176 28699
19191 13986
15229 25549
25332 8907
11165 15531
19234 19059
2461 4337
7594 7228
11792 8179
19925 2749
11691 28323
22049 11560
6137 3417
3220 21290
3664 27348
4432 4115
18180 22652
2920 311
20698 9193
10226 21396
10944 27049
3933 19637
955 1342
17669 23254
14112 16999
9477 28744
22791 13217
29772 11799
26365 20972
14068 8683
28921 18898
16591 6956
20114 6566
13378 23401
13422 25866
25430 9723
15870 8627
18188 29413
16232 369
241 18687
29637 15721
6899 852
23437 9893
31091 1480
24399 8144
13211 9470
2726 25658
17906 17784
29544 16419
21293 30208
8480 7733
26441 2375
2239 3666
28886 29389
28814 10640
25750 27392
20583 30594
16198 7848
549 14522
22972 28034
22105 14987
17202 31787
24895 6164
5602 7488
5104 3193
31187 21956
30168 14964
18930 194
4715 3341
3940 22067
28436 5541
18203 22817
7534 2873
9639 28941
15799 20197
19791 12943
1410 6567
10849 6972
7851 14182
27078 17612
29328 29491
15833 21373
13694 6350
25978 9138
18026 12140
10589 31456
14050 20919
17320 16298
3907 18199
26046 32075
9003 16944
20565 13877
2609 26796
12751 18935
4308 2106
16071 29284
13746 7382
14570 7154
1787 3148
22536 7520
29732 15095
18794 4764
26592 24015
14695 24291
15948 11683
6962 6698
27497 24482
8950 28093
26064 1824
9765 9254
10657 17559
22029 28752
26557 26092
2220 12268
13621 23540
965 11540
20226 10551
32307 9006
17910 11764
19326 2836
9970 30053
26028 29298
29530 26691
18777 25199
32198 2189
22538 6543
32506 6790
13503 7383
30489 24317
20167 25651
12053 17104
3800 9750
28266 10163
23135 1632
14604 10798
24853 11396
10653 2277
26835 1258
15332 4380
2983 12690
7035 13434
7207 28155
19143 11277
9221 27203
13869 19599
12516 24975
1923 28648
25450 28589
19909 6131
29847 27128
19722 11909
9557 16252
2742 1708
19536 9307
27120 820
30215 3184
27735 1648
19236 14641
27376 3895
12552 24282
23395 10028
22699 9416
30056 1602
12195 1314
19580 3968
26498 20415
12760 2818
1893 21572
29347 16705
15306 30605
18023 23444
22690 14415
450 11766
16808 26363
24926 19977
11504 5349
290 7003
29635 32421
21418 7400
26026 30141
11765 22497
20937 3453
15198 940
14958 3876
28110 16172
26346 31048
15919 11074
18336 3704
20772 3732
24667 14111
21495 26253
11493 15019
9683 2469
13269 5103
8499 16098
15272 25798
6554 28318
22035 19706
24965 20620
13720 10340
27805 15094
344 30804
25138 30536
6952 31795
13285 16338
3046 15718
3236 19146
2574 4726
11228 1680
20104 23918
233 27446
11204 2437
6866 1344
6921 3069
16435 7592
13322 27723
17274 8998
17083 6008
26454 14510
28514 711
26477 3385
11505 24984
31054 24776
24979 29324
22950 23206
32133 10218
14774 5358
29735 12098
8452 334
19283 7248
5969 2826
13549 15138
10956 6724
26299 19837
9861 23674
9335 14206
3364 30288
12323 24445
11227 656
5277 17718
22937 623
32371 5163
13953 8978
5880 13636
32666 31824
5528 9145
19144 11450
31592 2353
16123 30424
11521 25900
7334 17334
24207 17310
10867 11935
1573 18140
23093 32297
18516 2236
14877 11890
4859 5880
1586 28840
23136 3796
28155 17359
11392 7169
25214 2750
3748 24256
111 17259
22837 32075
27297 17257
1489 25712
10432 7599
9118 31615
24130 5531
26079 20326
28059 17207
197 31003
23472 19642
18567 17210
1935 22866
18101 21232
2653 8480
14793 22551
21391 16004
13055 2210
21854 9372
18022 27452
21876 24327
311 13612
13804 32495
6758 16252
19065 22854
4472 22362
3557 31311
12180 28094
19390 29281
7900 27213
4684 24552
3070 9598
197 23212
1541 19963
17860 9302
4214 15690
25080 16944
7064 32684
793 25644
22291 4933
2849 15656
4796 8830
6072 12400
8624 15784
7664 30852
29600 22498
28210 11036
22635 2876
13433 15978
8690 26652
18621 29599
6184 21473
25523 19120
29544 15047
2995 25434
20748 6410
19961 28516
22075 8015
6161 6692
29954 30271
17805 2372
1958 25973
13817 23238
13881 24986
32529 17478
23148 17870
3889 14207
21924 15434
21516 12305
3408 6724
14753 3714
377 13075
5483 9346
12698 26260
20952 22131
17331 28364
28157 30248
8601 12495
9608 15085
144 5344
21750 31432
1819 10713
28166 2303
1299 6094
4205 24026
29175 9709
6859 27562
9603 22440
18398 17674
32388 25879
11253 30821
27626 4759
9896 17593
3103 11192
7367 2970
22167 9558
3728 9337
937 11013
24101 29990
9885 7091
23101 29588
11782 14728
24857 29917
15954 4369
12218 28037
6815 23454
12625 1795
4048 24808
25335 11901
5600 7159
8094 212
7031 10051
26695 14304
12219 13338
31862 31997
32361 4417
22243 17606
21028 1246
25203 6176
4365 32149
31590 28283
26515 24306
4306 32084
5517 27911
31312 8446
4486 6998
22005 17059
30295 17137
644 24454
28412 991
2529 5514
5280 21954
4041 22776
29434 2999
6337 14205
9948 20350
15692 19570
19209 22491
7521 19040
10056 24123
10268 15812
21942 6043
2996 27919
21088 13478
25005 31217
10513 11549
27471 10199
13673 23164
29270 27571
10543 9691
8683 10491
19688 19730
27603 16372
11945 800
19943 20784
13097 28622
3012 23125
15642 21135
12483 4129
24250 19627
28204 6571
18853 5788
10662 4332
28909 9400
20466 27773
4460 32529
16345 13986
5209 20634
24931 13704
26 29067
15690 26827
27481 28934
10414 59
9818 25082
22794 12256
3724 28488
29799 1340
16478 31524
29136 8655
6995 19902
24069 32481
19545 5922
22644 7803
21079 18525
23652 19895
12549 2018
10868 23609
17920 17708
26180 27902
29726 12196
15474 17493
6398 5316
9416 14122
228 27005
5299 8074
19652 726
13815 31332
32413 16855
30114 4749
8201 13989
32574 23815
14097 32494
30795 27267
32069 25479
4077 4644
3341 31060
14049 14726
31034 18793
5045 24063
736 17518
1849 17189
24936 1352
21809 27280
20705 9974
17740 14561
23191 12728
20570 27650
3047 25463
11705 18096
3921 22369
21776 5431
23503 20692
18496 28541
28261 11645
14744 23618
16890 17089
25161 14758
31078 10843
7449 3820
28620 16967
6491 11133
9002 25567
14878 14128
11566 5701
30117 6088
15948 16384
18711 20415
20237 7146
5240 14914
31658 30025
29400 18556
15833 28476
25290 9239
30951 23385
21272 23296
3079 25492
26549 30827
24298 2914
2803 12056
7311 19487
7926 30932
4189 20653
25449 20290
22895 5215
25455 25051
26671 26901
32733 27956
31270 10408
27046 6015
2066 5512
8343 30293
23097 11939
19012 8627
14078 31369
30018 30786
24498 3534
7318 30939
20396 20656
32622 21834
29084 18426
8463 8786
16156 25897
1295 18674
32392 8652
31684 7399
4880 27185
4860 15474
4875 6973
32494 7515
6286 6044
3953 27446
62 14363
1388 6885
2658 6993
23694 22366
4669 6277
23871 11183
20378 22988
2774 3647
22184 24946
16908 12630
18952 32411
7088 15583
29477 29994
26525 21869
13508 23778
21482 5245
3036 31691
5216 22011
4775 8152
7729 32519
14841 15302
19430 8696
11473 19271
32154 9121
4653 16992
2406 17876
8483 3088
4124 15141
15150 23602
2616 10224
198 22692
8467 13470
5171 23977
10330 5411
32418 24972
19391 10699
27513 15239
17646 7479
11752 20962
11715 9122
17600 29535
17082 16234
20617 24534
10663 11979
12239 17437
4263 26349
13756 11562
14678 16417
12012 13948
17474 14183
10364 30647
20640 26933
11620 30094
17470 10611
28167 6629
20409 23754
1545 30519
752 30494
21601 23350
1464 17241
6575 29874
18642 22635
20687 4284
17178 24463
30126 13067
3840 4047
11868 3487
31804 714
2659 7075
27070 18101
19544 25496
31716 20896
29103 9392
752 14842
27859 29560
9657 22616
17783 2490
9377 13938
4902 19874
18630 28526
1570 21535
21373 25954
29291 25228
508 28692
4382 13200
31062 26884
27648 835
11949 14508
10075 9874
8098 18694
7689 12772
28433 335
974 29438
14844 12043
491 16931
14532 73
495 28288
159 29480
6865 18888
31046 24218
21564 5916
23278 30824
13354 24877
18554 31862
19124 31652
23023 22857
12328 13250
11048 1478
10589 29763
17099 25660
26179 24713
25979 22181
3774 10998
10575 26665
4533 10906
23939 12260
27238 29710
6766 20713
20476 31135
3508 15239
867 30383
22205 5067
12123 10841
1894 24901
3787 9556
7414 27663
19800 12058
1363 27404
22071 1609
1142 26478
1343 73
3612 31099
28227 19503
26558 17040
11934 23777
9924 18534
32015 15995
24310 5524
27592 23282
5427 17237
4289 29176
19045 20620
2130 18463
12980 27141
1537 20800
27898 2046
26521 23070
20087 1254
32380 30023
5831 4452
825 12091
8208 10651
26465 19920
24448 28589
31127 7893
18935 3965
4071 6646
28928 4026
11353 23007
27654 13337
20421 12453
25029 21729
28392 23393
17918 20397
15800 6430
8047 30061
17653 10485
27138 6575
30209 29558
26949 10013
12529 25418
32538 23878
28900 12567
23216 7073
4755 9892
5041 24014
26922 7486
1469 19744
5463 15194
24 2905
21152 13691
7583 6836
12025 5718
22785 1833
24726 21044
12587 13548
11774 10649
29188 30775
7265 7971
30043 23113
22571 1204
28701 12207
3033 25556
8140 25538
6411 17744
27692 7537
26587 7207
20800 8512
16494 22439
9588 5265
25288 24788
4124 1570
20709 1801
17437 24536
32517 8162
21226 9659
24135 24152
11187 9793
30073 9518
6873 32719
31791 22669
23972 8061
11282 29419
7736 7450
15483 24881
27589 6256
15425 27164
767 31688
15823 9443
31438 18353
2425 17179
10566 19454
18960 12760
21721 29198
26547 22038
1483 31824
1257 26711
3047 24325
20973 13197
3185 5704
10825 15161
11355 7500
12454 3285
10939 27366
23779 16496
32637 5963
12388 27800
21077 3866
1197 4476
24056 30621
10287 16210
5004 10316
15713 31735
4701 23954
4115 11221
18385 2260
21760 522
19358 25008
1954 15303
19514 7298
23114 10997
8084 27181
27759 21535
19457 9496
15174 9100
7545 20342
148 32171
6915 18123
29633 11957
28782 20651
8493 32141
8258 25797
19399 26091
4598 22561
3291 15801
20579 19878
9771 18877
3193 4063
14914 1401
14385 14335
24325 8783
19906 17954
16011 489
5912 3797
14894 12248
2434 8665
17378 7803
2475 3620
25030 11043
11211 10025
4089 11636
17438 12121
29871 5647
23446 3050
6788 24686
23757 26071
9488 23566
3389 23592
13243 4308
9907 11123
26322 17066
9473 28323
15067 22633
7155 23800
11814 10747
10629 10575
25765 31169
22611 26276
15869 7474
1617 5589
4573 6341
9148 16552
1679 13073
24145 17936
13773 17203
3260 15276
5077 15985
28243 2193
19648 18717
4868 7497
3087 20155
32652 27931
25223 25958
25066 3213
15935 111
27156 6440
10487 13896
6888 20091
16555 7584
10085 27747
7784 1488
12315 21129
8031 3702
29920 29995
17464 25183
20165 3872
6824 6571
1609 13590
25926 1835
22988 11807
30106 29966
18502 13676
27767 5309
29752 2391
21643 9731
13027 27559
19253 6513
7097 30480
11158 12801
11281 28154
28651 27129
21278 26244
15642 7954
31266 30663
19594 18906
23775 19551
10296 17495
17998 15912
27912 25581
1428 24389
1881 27265
12082 5223
7643 4831
32380 9291
7845 15449
27468 24709
8834 31153
18423 19325
6796 1850
31616 24503
31741 27705
11276 23639
24129 19345
28054 15076
16208 10144
18660 12876
25146 7524
11962 27432
31747 23266
11085 18754
8882 21704
28154 28244
12965 32593
31032 23059
7719 3689
3788 19308
23365 274
11324 18190
25565 31750
11141 26408
31735 14237
23568 22644
12888 1266
10211 10356
20309 11841
6421 18684
9702 13972
21380 27888
31483 15519
22218 8783
30483 1256
7276 19824
22026 28459
26197 27020
18738 23292
20867 12925
16294 16302
257 7109
2267 31604
29973 14546
1400 7622
25274 31361
23144 12550
8016 26080
23085 18276
29843 10296
6263 20223
28874 11339
23541 29004
1856 5338
25195 444
5368 16490
11013 16281
7581 14920
15083 28465
21688 15563
4117 3639
18214 10457
13921 10086
14536 5804
13026 2407
2684 25558
14715 25845
15436 25219
24749 5695
24550 3583
18350 7566
3916 26744
25275 2855
15309 26116
25006 25203
26932 2278
25811 14429
10559 4877
29688 4348
27475 28893
27587 16498
29805 16690
21833 21268
4956 7842
23515 16587
25902 3587
21795 28601
15848 13869
3953 18976
2426 17665
23119 27520
14577 9643
32091 10496
4079 27683
4438 30991
26200 6650
28536 32331
12879 8275
11014 14754
28257 17200
18727 10167
12287 16879
10996 19847
562 26900
24014 30796
22666 29000
17908 13474
11864 20386
22356 16616
9756 23334
20642 32489
15681 27531
11432 10427
26632 21826
15837 19688
10691 26291
10296 21964
32067 19146
11590 8254
8595 29874
32379 25971
7911 30944
2502 31774
6095 30548
29799 13532
15024 31515
14341 21968
26485 29465
5627 31114
23938 10245
21748 21806
1513 21429
31927 10706
11745 15772
1092 25895
17780 145
9759 13660
30327 24017
20204 5183
10175 16712
23100 3494
16530 23308
4519 17677
16476 29227
8731 32384
32419 21670
31603 11964
10045 2237
20043 22161
18113 9069
7187 11658
31547 26680
3427 24528
7460 5668
654 25420
29841 1542
4730 10252
20138 32256
27567 10216
1886 24137
19373 6501
23381 2860
131 18905
5670 14420
10397 25296
28875 31046
9438 7855
13394 15151
28911 12439
29908 3040
21974 25484
30891 21015
10954 13527
8160 23296
6213 28072
24547 24827
4444 32768
10111 28576
30540 10958
16140 18688
6997 10585
30951 12334
4811 29149
17951 15615
4458 18297
881 7437
15850 9032
4727 26114
13523 14543
4892 23827
11667 6551
20819 22474
30157 15386
15113 6665
14069 27108
29271 21836
14874 22770
20477 11566
7682 29790
27148 25903
13180 6206
29410 7092
29682 17609
1115 13903
17982 3259
11078 25409
1470 17147
18198 21565
32683 11131
4570 5743
23206 13152
25712 11197
7316 29796
2805 18765
17068 1912
15743 24391
8142 27309
4367 19932
29975 32340
29889 27527
30898 23908
3910 16530
16113 5405
4244 7133
14748 32747
19420 25819
16777 18317
11709 20189
24172 21110
25271 20883
16625 8308
16866 2767
8968 23183
20448 28045
640 6708
28176 25137
27096 11155
2564 15375
15186 20293
24886 10288
12872 16178
11510 31059
3779 31410
19111 30003
8010 7666
13355 1800
7416 18586
23708 31568
3538 22444
17725 10447
8535 30383
24240 10965
15192 19470
2665 4287
8457 17595
20578 9920
31833 17175
7440 15330
10623 13590
7063 2375
725 21918
58 7861
7914 7473
22293 30802
13522 9676
11022 8619
6849 1551
6409 2555
4825 26525
9051 28075
23103 23750

