89
495 -855
203 -792
42 -827
-142 138
220 -360
-127 -502
287 333
-831 237
467 -761
393 346
-783 968
662 687
3 3
-203 -319
-748 735
100 512
7 7
-886 912
25 442
617 468
-785 -613
274 939
-10 -10
848 -128
790 -161
-44 226
-9 -9
-806 838
-593 398
-107 -691
433 48
-356 152
871 734
150 632
-541 957
-382 343
674 520
924 691
685 449
612 223
-63 474
-551 145
-589 76
732 395
851 91
954 282
80 884
73 689
-295 76
546 835
-767 847
-302 601
782 784
916 421
-735 309
102 729
-516 657
-516 -978
229 421
867 211
-206 662
351 204
344 -575
387 -163
752 726
667 -991
710 844
531 -114
-937 -178
-635 -868
181 -420
944 449
-109 -183
38 432
522 50
724 -841
-871 178
965 791
-96 473
119 -690
769 317
-492 999
554 863
206 562
978 897
372 492
518 256
585 -625
993 808
