126
-35 493
439 911
459 849
474 -735
452 455
492 -266
-271 -187
-167 -854
140 63
637 504
-82 -404
-752 73
-67 577
621 -38
-466 280
480 -818
-830 407
-869 -665
968 -464
122 -115
345 550
171 2
793 909
658 33
531 27
-367 927
498 312
962 117
1 -321
38 13
673 -553
491 827
746 814
191 -966
633 127
975 -976
826 225
947 65
-104 587
-99 168
55 49
230 596
911 976
-194 232
691 -991
451 294
-664 -271
-927 663
119 -406
-199 -774
-448 -816
981 61
-544 736
928 976
509 760
-750 -562
-675 -948
-642 -596
-941 -496
-23 -284
414 -969
-587 528
373 97
672 -755
540 128
933 299
-660 755
-338 -359
403 -590
466 -508
567 216
123 -770
606 -792
272 262
458 -222
-271 389
-695 -887
428 614
982 943
-862 780
847 175
687 -2
-763 419
495 -113
552 543
166 684
86 994
-978 595
311 903
35 178
583 756
-12 -914
313 628
202 698
925 -974
884 668
128 991
1 591
503 -535
150 813
394 603
-883 -776
122 381
325 91
504 848
99 -180
686 -948
568 474
292 -322
388 -178
882 602
372 598
723 270
669 27
874 78
-251 201
580 26
-722 306
-985 -915
426 562
-149 447
881 353
386 -898
-513 937
910 -351
717 -702
