197
605 955
464 625
-460 179
-997 -656
195 264
-456 164
14 -142
439 91
-350 470
-791 174
40 474
804 -954
55 618
982 -589
796 -70
-100 10
-99 10
-50 10
-89 10
91 10
-368 -488
948 998
-429 758
906 663
-511 -450
752 336
-851 638
802 18
152 294
11 10
12 10
13 10
-714 981
-725 -982
158 -114
188 -365
45 -88
728 -522
327 -331
930 -81
352 813
-166 159
783 645
544 123
-82 495
421 -152
-554 -807
483 623
955 843
-380 -303
-662 533
929 351
404 130
878 145
558 694
231 902
9 372
135 130
565 -502
336 -881
-941 522
189 818
306 697
-235 97
-391 654
-340 -61
153 -734
-396 745
-14 -152
583 193
654 973
-199 -594
366 897
45 219
978 -862
-380 179
336 454
429 997
348 -131
-463 -983
591 261
441 -431
-482 -972
202 625
8 814
238 656
26 234
-13 53
115 -859
857 227
997 -603
416 -725
-524 -574
-661 302
217 -797
-471 800
375 759
-767 838
749 748
-215 325
-767 25
491 770
-338 792
102 -421
201 980
781 -202
849 853
435 473
12 415
659 596
-701 638
811 -317
812 -496
653 957
-304 816
551 -424
924 944
239 22
503 212
-144 91
819 232
276 446
9 990
680 631
557 -764
-445 -991
838 843
288 552
-222 -67
685 713
749 -179
-577 753
-359 980
631 150
685 -311
69 708
-413 835
53 507
202 -641
640 653
-166 652
292 -849
-916 852
955 -774
174 321
-697 280
934 -89
-907 395
-205 792
-63 -141
295 153
55 165
677 263
-71 187
404 685
-57 247
-95 365
722 -782
474 -356
116 -502
486 353
774 84
-960 49
-409 680
843 290
184 232
998 54
-530 606
556 237
-541 533
841 -250
923 367
-851 438
-507 653
300 295
-325 503
230 511
251 798
177 -813
199 188
-906 633
890 -910
706 -580
-174 423
243 -727
-922 -847
988 714
-479 -221
191 -653
670 -573
-431 -861
386 797
-723 390
714 349
185 383
643 -751
-276 229
