262
693 -897
701 309
-470 730
406 199
627 924
-537 -66
368 412
692 853
126 849
10 10
10 5
10 90
10 91
10 92
-715 296
-738 -463
900 935
175 -716
-751 929
837 777
308 -688
-412 -815
41 317
10 8
292 90
295 868
559 -872
306 416
531 163
779 931
865 -235
25 -979
230 977
659 221
539 61
871 737
743 914
245 155
190 505
153 593
543 947
702 416
264 -905
-251 805
658 827
485 136
-481 -973
-54 174
-109 -271
-776 82
273 978
397 235
350 -151
921 -851
-223 -939
497 439
700 679
870 -49
498 808
395 346
785 -592
613 484
292 659
390 807
976 348
617 351
-259 -876
-476 159
820 -305
264 419
-954 339
782 -403
-488 914
-289 223
268 615
-9 400
-202 901
-216 245
-867 140
865 53
-679 -461
798 106
628 413
-506 497
-568 441
-453 753
78 -176
-969 286
-883 -530
699 -643
831 609
-616 580
-446 -442
598 937
-26 513
-566 -335
-321 112
186 681
-762 -498
134 485
-255 874
917 996
539 -172
268 136
-110 654
-94 -267
694 326
990 749
305 158
-313 329
-838 125
828 329
252 55
-898 655
293 292
257 612
-795 170
334 -541
532 -298
138 -255
644 -666
713 299
614 549
151 19
-817 238
165 439
-623 572
-234 960
72 293
-298 859
104 -203
24 -615
351 143
-634 33
-501 777
290 192
-212 193
-49 -197
-598 -313
373 752
-270 122
208 -536
-950 700
621 402
632 78
3 -376
-325 890
831 481
337 860
-995 365
140 -80
683 746
790 112
841 665
902 901
-177 560
-203 501
-744 -139
-637 -608
-73 80
33 913
-881 535
338 -263
-327 447
-414 -637
845 680
394 928
528 -967
601 552
82 -661
33 848
-338 305
404 315
-328 15
756 640
-926 -670
-625 552
46 -919
-776 481
408 1
497 37
-863 373
457 -294
-284 156
-123 890
12 -390
748 -939
876 -101
-910 756
763 184
624 395
763 -95
8 -997
864 -357
-520 952
222 -879
749 -877
979 -85
-773 399
-662 862
81 755
124 -308
-54 206
65 -309
10 262
104 914
811 718
-421 531
34 501
953 932
702 337
166 70
582 223
371 -712
36 -714
620 -884
450 24
-157 121
208 935
-426 542
242 526
654 -724
-137 -706
-983 -403
803 567
179 973
705 -544
-888 810
659 -389
-467 -397
192 962
371 -273
-456 -825
104 786
-716 -659
-733 -661
393 486
966 382
671 706
-786 385
665 948
-657 63
159 732
-285 587
-894 942
-946 533
-434 -114
-372 329
575 -537
205 509
336 164
8 780
503 -334
844 -907
732 315
-413 -402
-221 648
754 -32
946 311
505 -138
450 695
737 764
