290
-626 188
-293 627
60 -520
-793 706
201 901
-427 360
-698 822
218 623
-696 -76
216 467
3 3
4 4
5 5
6 6
345 296
-658 610
117 540
7 7
943 397
-940 950
417 727
139 -465
978 56
190 605
481 -457
-293 -307
971 741
-749 834
711 645
-155 -739
38 77
-410 897
24 -432
533 593
-949 957
292 -680
588 195
-651 795
-313 -477
-24 635
2 -485
343 304
768 -874
938 713
-490 961
-234 48
-169 467
252 302
84 -333
-932 862
-772 -589
260 -168
812 293
-214 427
426 -528
518 -391
890 459
213 204
-758 462
34 301
903 306
606 -377
360 -401
450 -416
996 110
801 784
-977 120
238 -381
62 881
127 859
696 -99
-879 -903
928 301
-16 569
132 -456
-55 692
545 663
197 350
615 -894
-837 395
169 809
879 45
-380 628
869 -536
558 65
939 -842
751 329
561 -451
152 181
114 211
330 59
270 229
263 265
181 -842
188 -210
491 -645
-264 -726
-151 -582
46 439
47 102
773 206
-452 373
467 609
271 566
-845 -521
120 190
43 723
-197 -503
-155 596
984 975
-580 864
746 819
-188 406
855 581
290 -131
916 796
428 -911
713 -703
974 -578
-966 27
-541 991
-895 818
210 150
605 358
-566 389
280 125
546 -621
182 824
102 -646
479 -479
-678 531
-869 585
495 -38
24 -329
648 -126
851 865
25 512
552 -657
-23 292
513 887
94 628
993 915
87 -495
630 815
414 492
-760 -962
-26 716
549 689
195 696
934 -1
119 -392
382 360
-330 255
454 519
-922 351
189 432
585 -545
300 220
-456 750
171 197
784 238
685 -967
398 -13
-851 -574
-1 243
-243 719
264 766
265 43
-742 642
-212 464
597 780
152 586
135 625
623 163
-158 -903
136 626
121 432
492 681
-111 999
917 958
633 -289
1 -731
210 888
457 693
793 342
689 -805
988 280
-170 193
-93 600
640 118
944 716
106 -6
583 -869
668 539
729 501
141 809
-64 690
-507 535
336 -647
164 -342
269 -277
997 -103
287 -804
262 343
53 455
273 709
817 205
913 493
581 595
-949 229
-68 597
167 -346
-516 556
-311 882
270 183
840 -269
-203 -618
-499 169
-933 554
696 382
863 -422
698 -811
31 635
636 -492
773 -906
-324 -687
-194 -614
-889 34
459 245
213 770
890 885
-194 4
880 785
807 65
617 982
991 -900
620 -984
340 547
89 520
608 -659
-69 348
30 99
422 129
449 -593
616 365
264 -448
323 394
-180 329
834 450
-783 102
280 -790
915 742
670 877
873 292
-742 625
-410 -899
-627 716
-554 903
317 969
-242 -991
958 775
762 -415
-948 -598
-4 272
849 -533
539 -843
111 931
488 -999
609 81
223 -669
-995 964
872 -366
857 57
633 -783
694 -211
911 -444
707 583
-257 421
392 638
-124 115
-959 -206
-438 98
552 606
-977 15
-286 832
564 -553
-100 -802
75 -467
-418 666
-255 678

