296
588 -43
-650 710
762 -578
102 -47
691 397
-984 444
-523 490
821 434
902 151
161 489
-478 -512
743 -829
226 131
463 295
-571 651
-1 5
0 4
170 290
338 511
261 768
505 729
1 3
2 2
-91 -302
771 744
-204 -204
937 -318
-365 710
-99 505
3 1
4 0
409 229
658 679
909 654
130 626
645 -734
786 698
-892 -512
89 -32
522 818
953 826
913 834
809 -683
677 -716
489 14
195 -280
916 506
-965 -748
612 650
-770 559
17 -336
644 245
-617 502
667 364
890 855
-561 497
60 -648
-101 312
668 524
343 683
948 419
658 879
26 -526
582 -811
-924 331
482 -340
-375 700
25 656
459 31
467 -705
41 479
757 -697
34 227
440 -658
459 831
-393 -56
332 626
351 490
-356 191
264 432
423 -877
457 43
941 -402
603 42
953 503
515 -644
-92 653
737 -557
329 -841
965 -42
-545 414
-267 38
910 979
120 346
78 374
-262 877
192 693
-352 -964
701 380
445 732
995 -385
-280 -538
843 -376
379 466
653 -22
-958 -885
539 334
-655 81
201 70
62 -931
-619 199
80 660
-560 434
77 -648
894 -821
-865 -303
727 -395
-486 -997
343 -897
811 -64
961 -549
955 -859
303 -904
-498 -886
973 741
-524 -978
653 40
471 -545
109 5
792 -892
-6 160
429 582
543 502
104 -878
-892 -715
412 240
459 454
740 -885
-948 -684
-987 407
244 86
-103 470
105 522
438 -548
-670 563
905 741
775 85
953 645
86 921
-355 290
40 578
808 135
604 15
346 -132
838 -487
-561 845
283 448
645 641
150 517
234 933
324 511
75 492
189 532
501 821
251 -123
711 -592
-588 -487
-879 138
-100 765
-58 -22
584 374
912 -653
-609 419
246 -975
-212 152
-361 214
-403 -506
213 -689
484 687
389 686
180 824
894 391
-583 690
751 889
905 482
411 226
50 656
979 -532
-990 -841
254 204
966 -798
573 156
486 453
-476 130
-148 986
183 68
268 991
876 546
-328 -686
803 277
225 -197
187 665
346 895
954 435
446 809
265 -313
338 81
-872 775
406 -506
275 -860
918 -118
698 43
-158 844
-878 166
-370 224
663 441
515 190
422 510
-836 903
276 564
243 663
126 533
501 -874
512 -333
243 72
268 175
-781 17
999 -938
743 849
372 609
511 304
208 773
482 992
-400 181
132 -740
636 -371
901 998
934 -350
882 -302
995 -347
-328 -805
364 -621
975 -870
-403 332
-166 724
80 483
799 173
567 -910
-81 -383
-655 350
97 719
-974 -558
189 656
34 -496
-153 738
74 581
243 -611
723 993
987 115
474 51
-823 438
-973 647
535 -332
118 744
519 -392
971 -937
841 401
481 -77
-124 730
-25 -955
241 806
-753 49
818 645
754 338
555 437
-27 171
355 208
273 209
-269 529
488 -413
252 302
381 114
-728 598
597 131
977 562
752 -960
-320 -381
284 -16
135 312
116 951
665 774
-129 22
657 501
-451 527
800 763
-555 -307
