294
-270 828
230 713
-264 682
-15 -934
92 -259
-689 -564
345 105
201 -226
377 653
-306 -626
154 -440
683 -166
-151 622
127 -871
321 810
790 631
-127 218
497 -756
629 121
116 834
-644 -626
997 918
958 756
-463 7
-607 847
-379 -856
-219 256
-770 89
419 386
507 624
-294 13
-58 416
-924 941
293 511
-972 954
364 408
340 -91
634 -737
-885 229
679 252
-199 -981
348 132
449 901
885 -596
284 11
-116 -832
800 -630
694 234
-568 524
415 959
729 -363
-585 790
-147 493
459 313
625 20
739 410
183 207
134 59
405 182
981 449
838 961
-935 412
461 780
714 157
213 -743
-908 -328
-587 781
857 -366
284 -920
-581 -189
926 872
784 -179
841 -926
907 490
-900 157
-260 -658
425 950
199 531
152 834
380 509
265 625
68 -98
483 889
506 772
218 -712
-358 155
-788 782
201 508
-701 -790
-90 -531
994 -133
174 -484
635 942
-391 606
997 411
209 864
379 -446
440 999
-603 622
110 895
-666 -457
398 256
-459 -994
-633 594
545 699
351 -537
998 668
425 -437
-314 -151
244 304
370 -382
965 44
460 732
-821 -10
-383 162
-496 869
598 995
560 781
440 4
967 886
402 806
-613 110
476 570
966 278
553 -40
-742 542
895 867
662 123
664 260
257 360
510 940
-742 80
229 413
953 274
478 -557
343 83
554 512
-47 107
237 896
998 19
694 -323
-119 487
446 236
-566 -424
396 56
43 529
-921 640
174 165
29 52
933 525
573 -647
-152 131
-530 467
73 632
344 -954
-974 919
332 -964
856 557
147 109
190 520
311 397
-726 247
802 195
369 8
715 -499
-111 578
974 -520
33 231
110 -574
-362 -38
-108 301
595 490
308 177
689 417
372 356
300 234
-314 808
-101 493
-590 787
155 747
255 595
344 725
-179 671
875 829
325 984
834 931
-91 745
815 491
716 427
-599 985
745 97
909 -641
-561 66
215 -497
-970 -848
609 -765
866 427
-741 -506
938 845
-818 624
455 98
-662 165
104 344
835 -935
898 -426
822 428
141 -702
284 62
456 -198
362 738
881 -61
57 699
17 -334
-660 715
251 -37
252 565
30 567
266 845
208 -405
107 82
-447 138
840 -163
-682 -792
937 71
656 480
-90 -945
507 360
78 -436
425 905
-710 393
365 492
817 -849
831 293
-316 -324
716 487
333 442
-205 779
386 856
-743 237
635 -492
66 -439
193 98
287 -926
-498 110
-57 -980
748 832
-780 706
-401 -925
888 -428
-734 208
-188 395
466 -776
266 810
444 426
-949 -157
391 398
-840 849
718 -426
-905 -192
-394 107
132 647
-884 574
244 424
146 -491
481 372
691 351
437 189
-708 -95
972 947
-247 -39
-173 921
-471 112
384 739
-961 -410
299 -840
94 63
-118 -245
476 412
-758 640
439 495
140 776
-607 858
524 -176
-510 660
917 153
279 112
-539 150
389 206
353 385
468 -778
656 804
175 -864
732 362
132 386
