296
756 197
897 -985
-846 -529
497 278
707 273
922 668
930 -971
-124 778
-871 61
-856 -313
494 76
-797 674
274 -174
743 889
165 966
845 847
-628 665
929 856
727 547
864 507
-275 -718
-996 -850
59 201
651 886
117 333
694 371
75 -471
-150 -926
558 16
889 470
654 747
379 960
442 466
-492 440
-585 958
-377 408
986 261
-398 497
502 253
133 460
724 -545
429 475
820 -694
-531 -761
439 720
-263 506
675 942
281 -106
101 127
379 715
-858 945
863 118
-809 740
989 902
-757 621
-459 -946
724 -849
980 229
-292 553
-892 942
8 748
848 -915
852 -671
566 357
762 -425
637 913
232 940
-400 23
961 -246
877 605
-574 -52
769 43
397 -646
-520 489
302 -106
-437 479
610 -815
878 862
58 303
-499 37
-829 385
-563 -511
-643 627
-315 758
-911 -116
-419 400
952 -540
452 700
273 588
467 358
911 -660
616 633
-837 -885
835 -765
419 458
593 720
959 284
701 240
279 -938
-185 -208
375 -939
225 328
139 330
149 114
133 576
495 -192
432 773
133 -914
-531 172
-454 -291
308 7
615 -228
-56 -648
-848 79
-574 56
837 510
322 555
153 -682
-635 918
749 735
6 -761
523 594
425 253
-939 84
785 139
718 -358
348 70
577 635
-275 -254
49 257
217 412
348 50
970 52
311 3
189 48
-391 -259
173 545
722 419
702 -157
237 152
-942 500
860 131
-415 17
-746 264
23 -128
601 255
-144 691
46 463
785 769
57 -83
-799 717
466 636
164 578
513 -771
324 -793
-479 -381
596 220
-363 -28
-631 468
-636 688
-953 -547
49 801
540 -824
-507 634
-487 294
1 964
716 -168
-612 63
760 763
568 -6
-604 -719
-366 -279
-587 511
961 -716
372 293
11 731
-972 36
190 875
844 993
558 700
42 467
-999 938
437 897
-720 990
991 251
806 727
102 -741
851 -609
-11 838
637 112
261 612
-887 465
234 -373
69 707
740 633
278 -47
669 -377
-162 548
712 649
-929 113
136 -443
-399 -789
-631 -918
136 381
208 916
-626 -383
172 -796
-527 -215
-146 583
-982 -775
166 -424
992 309
835 363
-847 585
540 419
628 382
727 991
769 296
-251 557
-674 -856
773 706
-409 946
-229 464
446 -552
361 943
-475 811
-308 -301
-278 374
259 12
662 91
-169 -453
458 994
544 -795
-585 604
-274 -217
166 -544
-547 425
-721 468
806 -487
-409 -302
-786 979
344 -792
-603 445
964 376
907 165
466 358
100 245
309 398
616 7
768 316
-263 704
564 207
623 534
-544 866
527 985
-431 535
576 -468
635 -948
-737 289
126 -701
997 -910
368 -928
-80 541
-319 292
225 -29
490 287
27 75
72 -854
345 749
-113 307
267 327
-777 -577
136 -436
644 760
647 516
91 986
999 586
-725 594
-110 335
878 625
900 512
172 622
629 640
-140 747
305 -33
-911 208
148 -135
-960 0
-121 -160
916 956
519 -58
438 115
628 -782
146 397
437 873
-626 594
