134
45 97 7746
10 96 5994
127 16 2425
71 55 8122
115 86 1103
123 99 6131
1 133 2488
51 122 3721
32 19 9051
93 92 1332
62 50 64
80 83 4543
16 32 5848
84 98 7988
3 43 4657
56 126 7934
74 123 4542
64 53 7118
52 16 3879
89 29 2089
54 8 1059
102 128 7748
16 46 427
39 69 5162
12 65 131
86 127 2255
9 15 1917
35 94 6051
53 123 7335
70 133 1865
123 92 9364
87 57 1643
111 42 1407
32 91 3548
23 63 8631
91 30 8026
39 13 6946
40 74 2730
4 130 8903
46 105 1943
106 96 7071
115 25 5459
88 44 2224
17 47 5217
57 123 9636
74 85 9125
101 75 8879
28 47 3654
37 32 2466
119 114 5582
58 13 1116
126 44 8015
20 96 7126
27 128 1788
109 33 3428
40 89 6247
81 9 8863
2 86 1342
32 12 4981
82 59 4839
115 18 8986
118 1 9210
35 134 8035
125 126 5952
123 63 4489
24 8 1507
30 131 7243
123 113 6739
23 73 4180
85 117 97
37 76 918
79 3 7001
125 78 5787
71 128 19
66 1 2020
91 98 2160
48 61 5501
40 11 5935
116 92 3414
69 34 177
112 55 9141
4 21 9199
40 47 5099
83 120 1696
16 5 7054
33 50 6979
32 6 1739
39 5 64
75 124 6721
11 104 3406
95 21 7166
83 133 8360
77 47 2667
100 30 5708
119 74 2485
22 42 7819
79 67 575
108 112 5617
89 68 2535
49 48 1633
124 4 4391
11 48 7765
112 35 2100
82 110 1238
125 107 4953
118 5 7812
42 43 9597
129 8 7912
75 103 3976
10 86 782
132 21 4259
56 35 2977
82 92 9577
51 123 9843
60 86 8183
14 39 1513
26 86 8817
32 55 4639
16 42 9846
134 45 5349
71 31 3853
17 7 9966
36 66 7007
41 134 4222
8 12 1361
9 38 3590
9 5 6884
4 50 2643
90 62 9623
123 50 8449
4 16 8145
121 61 8
72 133 7008
20891 3311
9828 3913
48561 3804
28901 3733
9604 3384
96985 6903
4521 9628
68474 8481
1365 8950
55776 4741
74761 9281
52232 872
8125 9568
45510 3372
88952 9318
84619 6196
88980 800
80107 3894
74602 9009
17626 4207
88744 964
27461 3266
10590 2288
68097 8308
77589 3875
23047 8703
69506 1632
69573 3984
71199 1436
57354 152
67105 8327
2698 2438
69125 2806
26330 81
8165 309
44286 6910
7623 8100
6526 8214
387 4625
62872 4329
14850 2273
63030 4357
93903 2605
78340 5103
80391 5695
41605 3849
10372 656
36285 9499
43460 8969
39578 1627
39276 217
64887 6901
4668 1415
81465 1408
62390 4339
15735 7241
62962 8766
61596 6866
27721 9937
38320 8114
91983 6278
71961 2356
56933 4600
98205 6746
3567 4136
68371 9196
70704 3260
6095 5373
21025 3914
96779 3416
64603 2515
60655 7566
91279 8604
782 9002
78540 9103
43466 6876
51732 1780
5582 5018
72730 3789
41762 2650
74275 135
51845 4980
59745 7941
20351 771
78205 7131
64185 2809
45996 1193
70373 7277
79795 7509
72629 4688
42962 2448
77914 4695
80578 3498
19711 3310
3637 7827
45958 4265
87960 4156
39244 4058
88448 9596
44827 6654
93078 5365
9462 9075
82908 6188
92702 9056
83695 1684
53743 6659
30482 8010
37704 1062
47858 3769
80722 7848
51594 3033
62112 5907
57188 1357
19963 5637
77303 1143
28641 6734
6506 8104
42160 5767
50643 1215
84821 691
49250 4917
93700 9733
2926 1406
7145 785
21525 4220
34984 3120
63604 7097
29025 793
14804 5341
82780 2108
46482 1422
95193 9341
65877 7354
