100
-341 -5319 -1197 9444
-863 -8628 -745 -9504
4217 -482 9296 5160
-56 -3968 5657 -1987
-5962 -2997 5945 -2405
-3422 -9582 -8248 9482
-7674 -4396 179 2417
2813 -4010 2657 -2806
5249 -4623 1686 -6244
-6119 6919 -1160 -1500
-1485 -7300 -8559 -7627
-1393 -3357 4917 -8445
-5571 7414 -6492 -2534
6918 -9334 -8302 1940
9425 -2558 3493 1322
4639 -2077 -5122 -630
-6215 8584 3004 395
3659 -4842 8669 -7491
-9872 -2669 -5401 -156
-4016 -749 -5178 1095
-7609 8851 -8329 1731
-4504 -1910 -1084 -8282
-2398 6300 -3952 1593
-3199 17 3734 -7395
-8648 5925 -3923 -711
-5890 7362 -9649 -9646
9911 -5429 -2054 5469
-4491 -9319 1398 -7087
7902 -7028 888 9985
2799 -2278 -7962 1736
-7551 -244 540 1637
-501 937 -273 -2583
-4344 -8142 8496 8623
571 -3215 3379 -1652
3728 -8820 -3375 -6297
3077 -5794 1323 1770
-215 9799 -9648 -2695
-6525 -7262 -6880 -2141
1174 -6248 -9903 6423
-8445 -4204 178 6201
-6128 -9097 -8945 -6859
-3000 364 -5932 3602
-3709 6750 53 -8277
-5720 4008 -9138 -9542
176 3886 -2010 -202
9100 -629 3802 -7713
-6774 -8470 -2345 -3593
7027 8920 295 1523
-7975 -1286 -5648 -1390
-7409 4251 -7847 1709
-7143 -6295 -850 -1200
-3897 1793 -3066 -4216
-3781 -9081 -3996 126
947 6459 3611 5699
-3101 -5304 -651 -6932
4131 -6145 -6827 -9409
2217 -1756 6652 -946
696 -3417 -5815 133
-8007 -9931 804 -8609
5225 -7056 509 893
-6093 -6116 -7440 -3559
-2785 3131 4428 -7656
1036 4924 -7179 -8322
-1991 592 4262 -7513
-8438 -7491 -3974 -3245
4361 1942 -5395 -1791
44 6698 -6593 -1953
8022 4828 -1255 801
-224 6900 -2669 688
3032 2196 3253 2181
2250 2253 -2787 -4234
-6497 -4430 -8640 2000
484 1197 -6252 551
-9204 1362 -1491 5449
-3336 -5487 1318 -9959
-4970 8495 8387 -997
904 -1385 8725 -6933
455 5676 2206 4275
3239 1251 7638 -4580
6844 -7249 -2612 -5275
-4514 221 -7408 -5230
4137 -2143 -7727 8774
359 -9968 -4061 -9259
-6286 -3024 -1469 -7437
-2315 8813 -6114 337
-4301 -7955 8527 -2135
-7222 390 -6521 -9320
-3271 -8530 -4078 267
3616 -5069 -392 3069
-1786 -1875 -8767 6976
4641 -4623 -900 698
1233 -249 8929 1490
-8946 4574 1462 -789
-2556 -5474 1807 -5936
-5348 5438 90 6448
-1219 -8649 -5414 -3731
-7534 -7559 5041 -8177
3789 -9155 -2460 -3746
-3668 -7270 -7558 -7440
-1092 -4484 -1083 -9568
