/*
TASK: washer
LANG: C++
*/

#include <iostream>

using namespace std;

int A[128]={ 1, 2, 3, 5, 7, 11, 15, 22, 30, 41, 55, 75, 97, 129, 166, 213, 272, 343, 430, 536, 664, 822, 1008, 1230, 1495, 1808, 2178, 2616, 3122, 3720, 4416, 5221, 6164, 
7249, 8497, 9941, 11593, 13481, 15665, 18150, 20971, 24184, 27827, 31974, 36650, 41944, 47930, 54670, 62256, 70786, 80369, 91112, 103154, 116602, 131678, 148498,
167233, 188134, 211419, 237277, 266032, 297984, 333367, 372590, 416071, 464166,517285, 576000, 640794, 712277, 792775, 878289, 989949, 1081653, 1194819, 1321894, 1461749, 1617098, 1788314, 1970711};

int main()
{int n;
 cin>>n;
 cout<<A[n-1]<<endl;

 return 0;
}
