431 461
120
156 247
382 337
135 104
42 277
150 191
366 68
174 38
351 231
76 134
286 203
356 445
310 397
282 52
25 61
290 132
207 340
324 412
417 316
409 411
188 267
363 318
89 367
121 258
187 449
245 130
83 186
370 229
278 25
411 125
216 380
246 223
423 231
366 30
333 232
133 301
107 103
22 92
89 63
142 239
311 52
189 104
33 361
322 326
27 412
58 339
175 301
108 202
179 260
363 109
304 1
386 332
97 58
228 187
249 443
351 135
41 326
165 120
214 451
217 197
318 394
200 316
238 181
429 261
45 378
78 194
191 112
8 315
18 78
58 57
371 75
339 386
384 309
144 361
391 196
252 225
29 348
39 304
405 53
68 222
356 39
383 412
285 419
157 170
341 401
366 5
395 150
30 337
285 237
183 96
107 260
347 41
363 454
194 431
34 288
257 32
225 170
429 172
401 440
415 158
224 26
258 303
92 428
8 440
323 190
160 276
89 272
305 268
260 136
139 189
426 420
160 249
420 357
385 254
358 217
73 193
323 300
351 371
343 74
25 125
51 98
