461 410
128
15 96
125 100
119 277
461 31
172 387
93 129
102 185
266 166
65 42
117 9
186 133
254 161
419 109
448 206
294 384
363 7
336 138
223 390
242 152
359 230
302 182
296 192
48 246
170 74
303 2
217 55
224 294
54 409
24 210
307 2
110 41
171 317
44 54
333 108
414 93
369 29
33 274
455 231
377 299
140 144
408 153
447 229
409 94
446 195
289 280
431 168
171 185
259 355
391 223
267 194
166 141
281 290
312 305
407 237
112 281
284 240
364 48
328 334
222 259
437 250
174 35
450 252
15 123
459 284
69 239
147 149
79 286
18 53
193 291
272 37
243 238
47 296
159 248
188 248
126 214
96 131
112 31
309 2
20 206
289 3
383 39
368 75
320 94
187 325
120 161
155 117
424 320
162 331
115 315
352 125
22 140
167 127
82 41
21 112
266 387
180 88
217 380
86 195
109 211
178 175
322 73
135 129
20 22
241 131
94 265
293 18
313 287
318 282
361 233
344 152
219 47
410 198
365 345
144 179
307 273
373 224
29 305
248 144
208 89
134 133
1 201
141 82
305 178
255 44
56 5
379 387
35 271
337 207
