583 383
139
500 129
322 269
194 292
573 268
148 247
559 270
126 300
275 272
572 240
466 160
489 111
217 315
465 237
535 159
322 381
580 126
463 104
233 196
484 306
314 104
567 375
126 329
294 236
104 373
511 272
281 193
325 174
269 371
549 147
327 221
205 340
469 366
117 361
266 149
306 159
381 311
179 309
576 345
113 382
507 238
480 370
158 368
271 102
320 167
189 235
276 375
268 353
116 296
217 313
210 124
295 235
117 165
433 244
283 120
338 246
501 365
485 233
301 321
509 325
379 213
148 197
318 305
418 136
544 128
414 289
127 381
424 280
329 256
292 205
454 264
295 222
508 246
398 103
246 307
336 124
386 71
579 119
569 332
256 284
199 290
43 54
251 303
524 325
183 189
472 2
422 210
432 317
312 151
410 104
305 195
56 77
6 202
93 114
408 375
423 305
360 355
449 241
441 257
514 68
276 193
194 12
281 35
124 181
568 168
142 106
293 38
270 301
363 342
245 86
398 357
251 361
270 42
89 155
17 24
335 299
314 31
519 264
538 45
226 298
40 170
43 254
528 259
81 225
167 119
176 131
225 312
91 381
182 172
262 227
546 196
279 34
120 191
154 301
343 261
130 92
123 28
327 259
220 191
71 168
