475 176
136
152 92
321 176
39 128
80 153
29 91
102 155
366 4
98 21
430 89
38 107
353 23
143 42
172 108
111 111
196 22
352 124
311 156
269 111
156 110
434 69
81 14
61 12
223 21
47 77
17 126
252 46
267 135
96 28
392 176
51 37
13 136
380 23
241 12
108 32
245 80
127 29
183 122
62 73
226 134
160 73
430 126
5 84
65 77
12 46
17 162
473 46
473 76
155 96
255 129
115 34
467 156
453 43
184 66
332 37
223 45
62 95
197 40
452 16
312 80
308 7
277 107
287 88
313 157
321 63
70 129
122 51
3 61
377 130
331 81
47 127
323 173
53 55
222 123
171 102
307 147
131 88
464 105
146 18
390 95
432 128
371 147
341 38
286 134
471 7
1 87
424 113
263 2
16 163
208 31
263 112
228 92
234 23
359 54
439 4
21 167
442 106
303 122
389 70
422 152
241 127
177 21
222 28
38 33
133 131
80 100
137 21
453 45
142 31
214 30
16 5
7 160
242 103
274 100
316 112
475 104
281 174
159 62
30 20
319 160
220 10
82 32
452 32
206 84
208 123
15 5
67 113
360 68
414 39
458 90
300 135
267 19
23 54
328 53
462 119
360 175
81 39
