585 481
166
141 263
295 187
322 406
509 207
405 213
489 235
372 383
126 197
103 158
485 46
245 144
577 450
520 342
574 304
199 385
333 166
152 253
131 353
157 398
408 266
528 361
500 369
214 361
554 108
372 319
398 337
130 400
525 358
157 420
515 471
166 445
113 262
156 455
249 105
108 33
135 340
522 386
253 202
209 327
127 35
298 77
423 41
542 274
344 394
327 42
281 460
85 471
128 80
506 115
532 390
252 312
395 459
342 296
356 199
232 12
559 226
38 231
126 63
51 194
32 328
155 264
173 261
311 62
107 226
436 403
184 471
216 230
373 451
567 454
542 51
368 355
490 3
406 321
54 291
254 288
436 129
452 393
234 269
491 177
280 246
247 99
26 404
497 94
326 466
164 460
399 374
335 270
396 429
336 74
458 337
401 43
327 311
351 266
192 145
502 204
106 128
442 225
196 344
272 43
168 255
73 479
571 411
87 263
310 215
379 85
299 317
560 54
120 466
479 360
94 360
171 191
234 119
55 467
285 221
276 94
55 158
424 45
278 390
231 448
101 480
227 290
336 248
545 305
515 245
17 428
215 375
227 280
400 146
550 470
179 270
347 329
167 449
432 145
193 271
146 421
470 452
477 172
227 459
191 380
254 440
370 221
209 446
487 172
257 255
370 473
492 150
579 426
162 207
245 231
420 400
397 302
458 389
263 290
285 213
184 422
144 463
511 152
193 280
262 359
293 392
390 469
485 239
230 174
202 306
274 152
295 304
