481 521
155
422 420
145 299
266 428
239 202
137 142
157 208
234 164
198 203
284 395
170 168
179 174
393 155
167 141
236 290
466 200
334 163
414 254
435 505
219 330
290 388
455 341
142 313
138 238
315 303
230 357
400 460
225 234
281 325
111 135
428 161
405 382
412 118
314 356
379 116
188 370
445 234
461 311
315 376
307 201
451 123
470 448
174 395
118 520
136 154
449 391
220 251
372 347
128 496
243 185
296 496
365 333
128 503
282 144
275 385
275 191
394 166
181 456
158 371
383 240
427 104
290 272
480 445
238 364
294 233
105 239
358 168
366 164
293 199
346 159
321 452
346 179
148 256
474 266
450 426
130 509
183 114
294 448
226 444
239 349
272 381
423 268
340 500
260 47
110 26
391 343
153 492
24 15
295 186
163 403
154 313
227 316
334 326
22 230
435 123
5 325
5 451
474 228
428 243
62 445
243 160
58 228
209 15
138 161
123 39
389 19
145 130
286 399
196 62
116 57
178 95
174 356
302 328
74 302
207 132
72 285
451 466
134 141
160 519
100 358
387 476
65 327
212 390
369 175
474 96
78 147
319 499
2 462
249 322
134 318
363 358
263 336
356 212
176 105
453 79
277 241
145 519
342 275
412 507
254 196
304 180
232 216
165 426
75 415
446 507
311 251
284 364
302 145
158 19
264 100
285 453
67 263
34 236
239 480
192 372
344 73
