50
-7676 -7607
-1918 -4359
-7711 -9306
7089 -9831
2081 8519
-7876 -4626
1843 -3709
-4662 -5438
5152 8024
-6810 -5212
-1810 5490
6656 -377
-7607 7951
-9355 3353
2137 -812
8207 9610
6677 -9277
28 -3567
8418 2064
-2775 -9275
6773 -4839
9007 -1149
-6212 -8661
1959 2097
-1211 -2424
2010 -4732
4167 2896
-5366 9138
-4453 -8632
3311 -5348
9027 648
8240 -2477
1616 1556
-8990 -7093
-3532 1036
-4104 -3112
-6451 -8792
-7806 -1178
-9525 1530
-9748 4954
723 2827
-1189 5200
-3107 -1884
4109 4476
6155 -3237
-6146 5186
5044 -4846
2654 8561
4922 2767
-6771 5820
