100
-6787 -3014
-3972 6894
-7782 4644
1041 -4662
5048 6272
3956 -7069
3112 -2856
-8114 -1058
3381 -6738
-214 -1002
-8069 -8290
-5097 8160
-1171 -2128
-7166 -1501
-2771 779
9391 9018
-4584 8458
7847 -1285
-8810 -284
-7176 -5027
841 -5383
-5962 -4667
427 -1835
-1959 8280
3273 5095
5878 9930
-7433 -5129
7278 2577
-47 3629
-8305 -5357
3678 1796
2087 -2902
-2013 -8985
4720 9171
-5835 1344
7842 6219
-681 -4687
-9029 -6717
-95 1611
-8848 -1826
7815 9333
-1360 -5507
-4665 -3189
-8178 6044
8622 5219
-7809 3013
9174 8056
-2072 380
8254 8584
1535 3350
1835 -7649
-3627 -1324
-5506 -4156
-7787 -8475
4852 -2875
-2195 -7289
839 -5900
3467 3121
-2587 7806
-7403 4242
-9683 -4299
4425 -3649
-1540 -8352
8299 -5201
-4080 -9491
-4605 874
1097 8412
4398 -4496
-1516 7622
417 6605
-7031 2291
-8083 -8599
-8515 3085
3322 -5080
3581 7303
9758 -7728
1337 -7849
9617 6563
-7119 4808
-9907 -1669
-362 -5891
2756 -9119
-2291 -9683
8181 4575
-3647 -3622
-6340 -9235
-3431 -8581
7671 -603
1293 -9489
8469 -3717
1925 5808
2674 7840
1653 -6267
5515 2602
-5569 -9089
-6277 -4614
-3807 8906
4621 -3301
-8432 3760
9791 -3583
