400
-5764 -1345
-6543 634
972 9127
-6414 130
1510 -4119
-9602 -2420
-7378 3019
-9943 4693
-609 5701
-533 4984
3986 -8282
-7058 1807
-6326 2954
-6911 -1103
3852 123
2068 -2808
6100 -9535
7944 8125
-4638 -5172
2173 -4706
-6989 7014
6251 7665
-1484 -5867
8220 5865
-7964 -8817
-3145 -1125
-2055 -3245
-9563 -297
-9259 -2819
5616 -9517
9992 5275
-2781 -5134
-9274 182
8938 -4613
817 3825
-4288 -4018
276 2276
-7241 -8663
-2965 -7736
8517 2500
8839 -6933
41 8689
7821 911
6187 7949
-9435 -3952
-8872 294
-6377 4768
-9014 1374
-6556 -5402
-3204 9244
3728 -9081
-4235 -6261
6327 -2624
-4732 2802
-3602 -136
8906 18
-5218 -4342
9168 9458
-6792 -2351
7663 -3958
-513 -5996
-3612 2079
20 -8549
-1985 -761
8227 3745
-6380 4526
-465 -5382
-6386 -3566
3904 -9162
-2226 465
8804 5669
-7640 9118
2984 -9122
-7273 4378
-7961 1236
848 2226
624 -7973
-2132 -8862
-1456 6073
2858 6970
442 -7784
6257 -120
5427 -4196
-7056 78
-3902 4079
807 5006
-9220 -2085
6911 5034
-2297 6449
4450 -1308
7295 2520
-6042 6253
-1105 -2658
-8909 6760
1178 -7601
2122 7816
-6204 -5272
6699 4007
8511 6105
-9207 3635
9084 2589
-6171 -3592
-2777 -3495
6692 3742
-5310 1921
7753 -221
4768 -5565
-8426 -7312
371 6262
-5797 8713
6351 -2396
5623 3222
-2942 -5186
-9312 4828
-8218 -2353
5261 -3220
-3252 -1939
6696 -1252
-4394 -9297
8577 -4724
8434 6848
3477 -7277
34 4974
3053 -9963
-1254 -258
-8297 2177
-6333 -4798
3175 3743
-7305 -9789
6056 -4949
-229 -5738
4060 -1058
1173 8044
6573 3384
4584 8480
8222 9719
-2761 5563
9629 8062
-3965 7464
-6769 -6191
9198 -3834
-1276 4083
-9537 -4292
-65 7823
8583 602
475 9885
6202 507
-5027 -1361
-7992 5521
-6277 -2965
-2989 -4740
1730 -1173
9186 7028
-5570 -192
128 9628
-9540 -6307
4736 -8129
4339 -1287
8834 -931
-9790 3527
-1385 -8971
-9632 -4070
907 3453
9052 7271
-122 -8714
3017 -9504
1787 -7626
-8370 933
-563 -7405
-2071 -6304
9926 -838
-938 3195
-4211 -9327
-6196 -2097
-8736 80
-1773 2240
1311 5263
1113 -9245
-2152 332
3644 -2225
4056 8950
-9863 4247
371 -5188
3389 -2322
7527 4341
-6323 9344
4201 -6641
5187 -7175
7660 -8948
8713 -5871
-9060 5481
3654 -1984
7354 -7357
6346 -3190
2871 -6016
-3429 3688
-230 540
6114 -744
4035 -8370
-5116 4630
1372 1218
632 -480
-9474 282
3629 6594
3099 -5893
-9015 6479
4886 938
6459 4864
8864 6427
-6763 -9416
2148 -4291
-7507 -7245
1681 1183
1456 -9356
1605 -1639
-6137 9463
8275 2435
-8796 1853
-7574 392
2502 9410
1857 4198
8296 -6161
5057 -7840
1427 8418
4625 -4241
8065 911
4334 3489
9512 -7048
-2748 -9204
7247 -7489
9379 3378
5848 -2122
-6861 -3513
5602 -7794
3517 1752
-7152 -7880
-7650 -4380
4519 -2833
-6078 6296
-5409 9892
-9682 -1885
8939 -1770
5296 6849
-6425 5062
-7880 -1051
-9247 -5187
2261 5484
4700 3759
-6989 8710
-7656 2498
9571 2802
4738 -2860
-2913 2346
-4397 6094
-6618 -4961
7742 3859
-371 3206
3748 2683
2399 -7657
-2888 2458
2144 6898
-3370 9013
-1280 5599
-990 5576
3050 1143
6042 -5014
4102 -924
-6777 -7221
9303 -2333
-3695 8939
2853 -440
3697 -4334
-5893 -9955
-7269 4011
7675 9312
-791 2005
-7168 -8244
-9657 -7339
-9743 2376
-6963 -4702
-8130 -2889
4158 9283
4934 6953
-9425 9957
-4526 2156
-4140 9304
-2777 -3634
8298 -1357
-7236 6791
-7672 -267
6395 -4527
8414 -4429
2218 -1774
4190 -2921
70 -3986
3736 -456
-6068 2453
-5679 5283
3849 5901
-1593 -6447
-689 5403
141 871
7034 9775
5517 -7297
-7675 -8200
-6297 5033
-3593 2015
2241 -455
3234 53
4408 5521
6725 2188
-6480 2894
4349 7876
1821 9893
38 -5341
-3903 -7648
-2767 -8435
-3049 -609
-8416 -2903
3039 8721
5370 -7504
2337 380
-1975 3310
5367 3482
-204 5457
-9093 852
4029 -5209
-2479 -5946
-1320 5325
5575 4245
2014 7443
3797 -8562
2330 -2560
-5878 1155
-7568 -1751
-4132 -5808
4522 -9302
-5126 -854
-5519 -7220
5727 4112
-5950 -8490
5340 -7530
-103 2659
-5712 -3560
2154 3764
-328 -729
-9440 5159
4318 -633
-6207 4728
-5039 -7467
-8537 4266
9042 6457
-9875 -5255
568 -1093
636 -6218
-5793 -9991
5958 -6197
-1916 1016
8646 -2427
-1788 7548
-5873 8875
-9848 5160
409 3547
790 7491
9270 4965
4437 1248
-8741 -3099
-7879 -6835
-2971 -9201
6280 -2685
6460 484
3438 5504
-1051 -9695
3371 9213
7440 -6855
1704 -8961
-3574 -1400
4598 -3932
7169 -3534
4162 -1636
867 -8649
-3303 9797
-6915 -3884
30 8576
3024 152
-2967 -2395
-5153 -9791
-1190 8411
1214 5785
-363 4380
8051 4884
-9938 -6651
3935 -1904
9327 -9971
5094 -8860
460 -3995
-3106 9900
-7804 -5757
-3738 -3534
-8030 -8087
