300
-1854 6378
4298 -9635
6577 3542
-9467 -6268
-5535 -2729
-3095 5485
-7219 -6956
9265 -6543
-2612 8741
5132 3473
-7391 700
6554 3561
3954 2700
4450 3167
-8489 435
5417 -7773
5303 -6402
3319 1192
-1370 -2680
665 -9703
6724 -7102
2682 -2791
2684 -8469
-8273 4826
-2341 7134
946 -6258
6372 -2543
4589 7765
5276 5645
-3587 5150
-2344 -152
-8280 979
-2626 3356
8595 8578
-8029 -5362
-6369 -988
-5530 8559
5384 -833
2983 5236
-8183 -7977
9555 -2212
4852 6778
-3684 8834
8041 8288
-5548 -1848
7489 3693
-1404 -1178
-9900 -3356
2595 -8305
-4555 385
-5008 -3622
6883 -4808
3947 9773
-7629 5729
2709 -4089
832 -2126
-1477 9286
-1341 2344
9114 8303
-7274 -6593
9289 -5418
-8059 -5277
7915 -516
2027 -1451
232 -5016
2181 82
2466 6554
3087 5182
-9804 7805
6140 -9651
4308 9857
1094 -2517
-7088 227
1150 -131
7142 2622
-9274 2229
-9114 2510
-9192 -9473
-1762 -7328
8224 3204
-4088 9198
9828 -8753
3045 -7955
5103 -1458
8878 -8180
706 1416
-8210 4296
4264 -6068
-4459 2279
1615 1620
5495 -690
-4259 -5029
9340 -8059
-8875 -8398
-8452 -6000
6768 -6892
-125 2933
4111 -2624
3944 1280
-793 7946
-1994 -5032
2615 -6235
-9222 1343
-4552 7639
-5813 6326
5153 9217
-5643 -5366
-3907 -689
675 8538
9762 2199
-2289 -6521
7789 2259
8949 -7812
-3610 6565
4511 -8039
3038 -6509
-746 7101
-3926 4948
6587 -3132
4232 5457
8966 -2109
-2864 716
-2032 -2183
-6764 -9984
-6495 -8560
-56 6547
9216 2794
2158 -4411
-1874 8677
1179 -3367
9904 -4776
-7606 -1070
8392 8665
-1336 -6310
-4246 -4192
2340 225
7588 4297
5404 5248
-4634 -9088
-8444 -1377
9858 -5110
-2800 -9323
-367 -3589
8997 1883
9948 -7513
-7470 9341
-6193 1195
3846 9103
-624 -2477
-9144 6401
6908 -3859
-691 5892
-5118 2051
4784 -7331
6713 5619
565 -4044
3296 3079
-8 4016
-5768 1302
6862 9954
-5436 -1928
9018 7401
7451 -1560
748 1160
7514 7922
-9565 4044
3129 7931
-8330 8237
-1758 8794
3911 -2451
-2181 -3979
5496 1481
5328 -8609
-1959 -4103
1211 1681
-5634 1118
2172 5780
-6697 -8232
7105 -7703
-1765 -6223
-1975 -7593
-3072 5913
3578 -2888
5869 -3224
1429 3636
-1994 -2740
-762 -753
1383 -7969
-3312 -3048
-73 -1127
2673 6112
5548 9614
3487 4187
-1181 5030
-8247 9449
7825 9255
1278 7313
376 5898
704 -1902
8571 4391
-3217 -2558
7121 3975
-957 -1663
-2689 2047
4720 474
8277 -7926
7756 5704
-764 -6709
-9835 2882
8163 9498
9157 8616
-4685 1997
9854 -1788
-7876 6155
3377 8593
7347 5840
-8960 7575
1183 2419
3815 -2049
338 -2825
-5374 -5119
4846 -7669
5657 8431
9128 -2129
-2160 4684
5488 9112
-8704 -854
4266 7831
-5962 -4765
-125 33
5524 4195
-4119 5886
-3773 -4134
187 2027
-5145 2092
7642 -2451
4635 -9854
7748 726
6065 5731
-6647 -5254
-7497 -3051
-6917 -5542
-2564 -9821
-6394 4843
1637 -214
-9769 1737
-114 2906
9467 8196
-7100 5281
5761 -1860
8102 -9036
9415 3756
-9943 4708
5936 -7725
9870 2461
-2773 4942
2425 4900
3727 -5594
197 -5992
-2045 -2593
-7374 6966
2881 626
2562 -1940
8182 -9375
-6040 5627
-6177 1585
-3147 4770
9665 5543
5369 4515
3883 5733
-6525 3118
5167 -6131
8939 7554
6901 191
-2940 7724
-3142 -332
9900 -6864
-6897 9253
-2317 -9276
6094 4103
4680 -3158
5510 8024
-3052 -4736
3258 8587
-3286 -388
-5417 5385
7714 -7623
2448 3876
-8740 592
-5589 -9430
-9844 -2781
3396 -5199
3616 9235
1642 -7181
-9295 -380
8056 2572
-9106 7167
-892 5019
-8349 7773
7056 -8996
