300
2433 5742
-9920 6881
6129 -1827
-5759 5619
6328 -967
-9430 6663
-2844 336
-7232 2549
7903 -8241
1997 7343
2191 -5661
-1140 3626
8207 -9431
-6617 -6029
-3074 -4029
-8338 -1366
-8094 -3381
9757 -88
6129 -1503
-2899 -7389
3122 6929
7856 1939
-8999 2467
-2392 -3893
-5104 -4592
282 -1598
-4760 -299
1659 4454
1402 7360
8507 5286
8784 6170
9913 -351
-3789 -7632
1294 3536
8581 -8808
2393 5699
-1708 -5195
260 4979
-4723 9160
-4296 -4964
7473 -2734
-8631 -5985
4073 7275
1292 -8230
-3991 7418
1549 -8645
9650 -8475
7025 -8905
9831 391
3796 -4252
6298 3424
7410 5870
6063 5949
3317 -696
8704 -7652
-8574 -6280
1733 694
1722 -3427
2080 -3315
-5862 -3795
5603 2380
-2402 3862
-6756 -8242
7018 4368
-1793 -4895
-2629 -2139
1464 2576
-8991 -1330
-209 -3149
682 1411
3006 1938
8977 2143
6191 -5298
1977 4866
6734 -6775
7358 -111
-3727 -5209
6707 7299
-5180 4125
432 -6133
-144 6479
-1894 -5681
980 4394
-7334 -718
-3526 -9619
-8127 6806
7774 8572
-1958 1827
9529 2233
2260 7792
-4895 -3659
-7133 1241
681 -7536
3107 -6782
-8127 -4790
141 -3703
-3780 -4357
-1414 -6382
6591 -2169
-9731 -2171
2064 2294
967 9139
3904 1534
3659 9871
904 4891
-232 5116
-8352 8726
-7492 -8390
7718 -3994
-232 5827
-3267 -8477
-382 7106
1695 -5991
-5604 -6159
-8965 -7445
9903 9582
-3522 7255
6193 -348
-3137 -9510
2338 -1029
-9437 6128
-949 3424
6450 -7089
6668 8921
2485 8030
-9652 -2219
163 7837
4992 7591
3863 -7009
8177 -7869
-8086 -9591
-4779 -3903
6067 -4319
-6348 -9558
69 -9946
9761 -7462
-5218 6950
-2024 -4552
1242 -1499
2829 3196
9467 4168
5945 -6340
-4182 6670
9940 1745
8220 7250
1892 4378
-4559 -7659
-6632 -6836
7560 6645
9063 -8905
7065 5207
4419 -8810
-1523 1269
1176 9489
9753 6448
-4123 -6007
-8728 -5599
-8301 6916
-5067 4158
5682 -391
-3012 9739
7502 -1828
-5662 3967
7845 -7495
-8302 8582
3292 -6649
-3234 -1589
8320 5983
8787 6376
2347 -7529
-8927 4246
4052 4879
7012 8778
5103 -1059
-6824 819
7204 -5428
-8832 -9699
177 -7237
-8884 7570
-5192 -407
-9873 -1336
4220 -6648
-3992 -8678
-3905 258
4152 9113
-1395 -1510
-6208 1693
7727 -9712
5447 9526
-5008 -1834
6477 -5222
7525 -8597
-8988 -4363
63 -9564
-3436 5550
-9108 -7749
3512 2331
902 -7345
-7955 7994
-8203 -9173
-1764 1865
-9193 3085
-5316 -1259
-1825 9238
-3476 8744
-2959 -4282
-2692 2473
-736 -9883
-1528 516
-1642 -6006
-9481 -6176
-754 1906
6541 -5939
8381 6150
-1203 1310
8899 8488
874 7068
-7878 3524
2261 -4878
1633 -8552
-4487 -7720
557 9043
-8974 9059
-8392 8501
-7818 -2170
-8613 1280
-3402 6474
6542 6340
-3828 1835
-4107 6450
-3099 7226
2524 -7676
-9709 6205
-8216 -8654
4805 8133
-4886 -359
1937 4347
-9711 252
4192 3765
8917 -8791
-6599 3429
2631 -1156
-4379 -3344
4169 -6958
8998 5177
4000 8710
-7233 -299
-4483 2449
173 -8918
-3224 9081
-3585 -5225
-3953 1499
8940 -1896
-3336 6666
772 7543
445 -1979
4624 963
2423 7103
9907 9949
-6207 -4053
-2661 4605
7345 9609
-8405 -4431
6878 7011
5590 8222
-5347 2509
1179 5596
4504 -9621
1538 -659
-3242 2839
9316 -3383
-6985 -2256
4412 -9851
-6344 3749
9642 -2526
267 -5576
4849 -661
-6764 -178
-6277 -4762
-6993 -1623
-9576 -2115
-8585 -7512
620 5443
-3627 -6142
-9889 6159
-1503 9229
4423 -4198
7743 -540
9006 6488
-1205 4255
3299 4056
7429 -3614
9358 1319
-743 2780
-5154 -9200
5205 -7086
2653 2760
-8625 -7422
-5243 -6833
9976 1757
