150
-5123 52
-7253 -7719
-2671 9014
-8143 1709
3672 2195
-6431 8327
2904 228
8199 1127
-7588 5088
302 8585
5044 -1944
6886 -189
-3732 1790
-863 -5382
-97 -2956
8030 -3134
4737 -4106
8995 6660
8132 -1554
5050 -1351
-2328 3006
-7575 -4517
-162 4184
-7609 -1896
-2566 2798
-7049 -9309
-8451 766
-8590 3535
-8457 7456
-5319 501
7625 -7764
6875 3126
-747 -3329
8719 5420
-8791 -100
227 -2665
-4530 -6394
4238 8353
-897 7857
7221 5009
3983 -2120
7184 9837
439 4222
-6917 1432
-7276 3866
5651 -9461
-3979 -1839
9754 -602
1527 -7965
274 -7562
-4882 -2177
5625 -5950
36 -421
-4015 7202
52 -1293
-7833 6284
2068 -4681
4163 9534
-5376 -898
-8308 9865
-7183 -6561
-2732 6245
2623 -3855
2919 -1511
-5306 1118
8443 659
2139 -5778
8489 -2551
2286 1362
-8804 -6499
9836 8806
-4164 1142
1218 -8432
-775 9589
3584 -7383
830 570
-3301 6014
4400 4662
1414 2480
-707 -4444
2893 65
6293 -113
-7224 -1928
9937 140
-9012 3234
-5515 -1165
1869 2449
239 8779
829 1704
-2212 5599
-8769 -574
6163 2152
-1532 -1193
4404 -9945
9640 570
4507 -773
-7 1366
-6301 7899
-7666 8972
9217 4934
-6353 -6318
-1632 -4320
8284 -6522
9893 2705
-20 -936
-8433 9483
6082 6695
3601 7110
6847 9180
-396 -2918
4390 -5452
-4281 2493
7639 -8978
-1803 781
-4185 -9364
8596 -4573
6715 8804
4736 8808
1690 3738
-8594 3868
-7982 -512
-2729 -7882
-5869 4226
2094 -5910
8154 -7730
5989 7896
4750 1336
-9995 3963
6081 3584
2642 -4779
4593 -5990
-1966 8031
-3759 5243
3635 924
-4513 1486
-7085 2690
395 -6572
-4241 -2020
-6052 -4265
-507 -5914
-440 -6684
1448 8438
2248 -444
2872 -8529
1217 170
9306 8436
-6600 -1376
-1701 -4430
-7134 -7530
-4304 2434
