400
-653 2416
7940 -5639
6770 -9949
9678 -6658
-9690 -5710
1653 4167
2952 4219
1484 263
9279 5488
-9879 1760
-7669 8765
-6898 -8095
6113 19
6613 7421
-9401 -3777
9670 -4994
4521 9567
-3520 5373
6845 -5147
-2962 5415
-565 -9049
7280 3483
-4112 -1970
-4568 -5027
4810 4324
1278 -8170
-7363 8103
-2968 -9749
-7531 -2784
-7036 8742
523 -1069
-1111 6991
5369 7775
6436 6991
4637 -1869
-4359 -8036
-9337 4743
4293 9918
-6044 6695
-3430 -6203
8988 -5514
-492 -9716
5803 9993
-1978 7279
-7204 -976
-6464 -1838
-9908 7851
9210 2363
2285 9203
9079 -1149
4928 7406
3806 7320
685 1781
-9407 -4402
-4598 -1607
-5964 -1403
-6910 -1243
-1940 7133
9543 4920
2225 -6143
-5219 5790
-3767 8426
-8964 1459
-2417 -6816
-4662 9808
5183 3665
451 -3033
-5210 -7639
9769 3805
3051 -6725
6483 1635
4966 -2636
-6351 -6876
-5756 1503
7739 -1442
-9132 -7411
1912 4238
3888 4974
-5072 6592
-7860 -6807
-980 9822
-454 9688
1424 2017
-9520 -2007
-7158 -6338
-5766 3179
8492 4035
1027 7679
-1144 3026
5248 -7058
918 -6426
-8936 -6406
-6001 2950
-6978 -6456
-6637 -9110
-4547 -6238
-5020 5199
-7806 -5943
-3886 3678
8129 -4688
969 -6649
-3276 -8814
5474 -2662
-5691 -5659
-7709 -1949
209 6705
-8141 9912
7732 8361
-2838 665
1874 -4778
-6613 -7433
-8256 -7836
4641 -1511
-7584 9015
-7996 -2705
3 2672
4843 -9488
-1623 9639
9624 -6822
4316 1625
4660 506
3582 -5896
509 -7780
1668 4887
-9739 9810
6889 -2971
8864 -2411
-4390 -5108
-5743 822
898 1916
-2685 591
-5276 6335
805 1340
8680 6580
8801 6627
6888 -4549
-5496 -908
-4977 3510
-4099 -5490
-307 -582
8745 -3275
828 -365
9894 5479
8681 9016
6863 9730
-9230 -9848
2224 2918
1553 -8583
-8540 -234
972 -1494
-9632 -7984
-4343 7050
3469 1245
5472 7721
2545 -7428
7480 -855
6822 -6457
9375 525
-1079 5471
5027 8035
6675 -367
-7174 -8845
9 -3157
8706 4938
937 887
-486 8650
-7712 -2135
-1278 7860
-9663 9806
8162 26
1048 2132
-3422 -2773
-3384 9693
-613 -3939
9098 -3676
9423 573
7637 -1456
-1478 1644
6989 -4834
5819 7219
-5915 -5479
-8953 -2949
3590 -8111
2991 9093
4763 5006
-7867 5174
2303 -3460
6487 4736
1955 2646
-1074 -154
-5066 3131
1823 3244
7477 -103
-4221 3967
4278 1573
-2092 7856
5692 -9164
2399 9579
-8332 -3106
-5060 -5702
-2059 9534
4430 3578
7580 -4527
6293 1808
8704 6115
-5685 7329
5727 9096
3322 -4191
-8968 5860
2367 3924
-4899 -9419
-4158 4371
-5872 8809
9815 -7864
-1953 7598
-7437 -5822
-5125 4181
3419 9885
-1989 -8093
-9319 5646
-6983 -6092
1097 8726
-8257 -5298
-6744 5071
-8775 -6174
718 -9525
710 -3368
3213 -8605
-7981 4335
7154 9775
-5977 5449
-8803 -1022
-1056 -8175
600 -6464
9087 5595
4634 6000
6165 1392
9488 -3533
-1196 -6628
2924 -9041
1192 582
6872 1265
-2539 3774
4631 -8941
1842 -7044
7942 199
5276 8020
-4303 -6505
-7476 -6460
-7589 8014
155 9855
2269 4385
569 -509
-4845 1794
-2482 -3010
-6273 -5688
-9404 6071
9010 -5405
-3285 -2814
-6983 3117
-7242 7260
6071 9782
-364 -2072
-7682 -7629
-9594 -1700
-3416 -9640
9419 -4763
-9540 -8133
-596 4578
8951 -6754
3721 -6583
7092 3025
-2676 6618
388 -316
4064 -1753
9273 -7531
6597 1598
3185 -1705
-5912 -7009
-3023 1173
-6526 3562
-1704 -920
9559 -799
9188 -1137
-919 8040
4769 2348
-6863 8896
5105 -8106
4314 2771
-667 -4848
4195 9025
-1591 -2725
4626 -9300
9395 3269
4491 5823
5825 6964
-6644 8658
4868 5938
5623 9101
7609 9463
435 5585
6164 -6577
-1093 6779
7384 5419
-5418 1866
8071 -811
4660 4168
4373 6463
-1143 -9372
6744 -4691
1073 3878
9410 -6346
-9620 4325
-7638 4183
2866 3880
868 3501
-3461 -8978
-3983 2847
-1288 7103
-5725 228
6779 -3247
1685 -8417
9482 -3437
1132 -6450
-7921 -1113
6277 5053
-7743 483
-9638 4896
1615 -6201
7050 2694
4798 -7988
1008 -8564
-5621 8079
-2698 474
598 -4337
-6950 1090
-4072 -9452
9194 -7074
-5509 4023
-8925 -3939
-9180 5864
4859 -5525
6388 -2383
-1573 -8805
1766 -3298
-43 -2150
3076 -9374
-6462 -3114
4809 9149
-508 7871
-1091 -5932
-5578 -2141
7762 -5555
-2906 -5800
-6537 3835
-6568 6982
3346 -475
7020 4400
5527 4945
1341 -6675
9537 -5135
3525 4250
3210 -3635
-9300 -4865
3593 8509
-417 4674
4285 5497
2082 8932
-1275 -3663
1581 9497
-8874 -8718
1203 9855
-3336 1578
-7139 7211
5557 -7863
-9440 -826
8745 -6811
-2101 5406
-9956 -7541
412 2483
-2948 9125
6231 966
5659 3433
7240 -4677
-6208 4051
1635 -8877
2815 -346
-6988 -7650
-8842 -2964
7996 -5723
8856 -1015
-4822 517
-9734 4451
5153 -5638
-3003 -3480
5188 6583
8591 4065
4816 1417
-8063 904
-2623 -6277
