200
-438 -5608
1547 8092
2730 6953
6869 -3139
6676 -7376
9426 4247
-837 -6314
8138 -6085
-8141 7707
3650 2407
2153 -9010
-7898 8711
-6388 -3980
6952 -1839
-4776 -1873
9574 -6553
-9942 1800
5152 -5770
-9665 -7608
-6033 -3151
-3228 8614
-5999 -7222
8932 -2076
4840 -2839
-8973 -5481
-2601 -6219
9933 7693
-9620 -8243
1685 427
-4775 -7148
7931 5048
8248 -420
6477 4423
3658 1405
3961 397
-825 4141
-4475 2613
1362 9406
-3834 8409
-5247 840
-871 -6532
1253 -7905
-2857 -7215
3854 -5561
-5634 -9077
4487 7106
9207 9584
-910 -8038
1023 4491
9354 -9960
7833 -9048
6109 5825
-2327 -4619
-8759 6727
-1638 7504
-5697 7757
1995 -8509
-2441 -8575
-4264 -4304
4662 4667
9207 -5365
9775 8149
-925 -1527
-8264 7218
-6773 -6594
98 -8450
9023 -2363
-5212 5748
-1272 5408
3942 4383
2313 8559
7942 2723
-7840 1206
6868 5956
-6400 -7628
-5889 -3043
-9677 -784
-2266 -7607
-8224 -2309
-5020 -4367
-1099 9171
-5017 7485
-3129 -1796
-2560 4540
-227 1148
1393 -8046
4635 -2412
-7353 2007
-6646 853
-8175 6510
7264 2888
-734 1153
402 5852
-5476 -8341
-2909 17
-3244 -7390
-6897 4492
-9730 5859
-8019 4227
-5381 3918
-2813 -4065
-7189 4316
-5288 -3945
9014 -621
-2308 1581
2678 7253
-4441 -6283
-3098 -3107
-8070 -2796
-1486 3233
1770 -3222
8221 -2749
5017 6354
4788 -732
-3565 -4093
-2618 2896
9181 -9000
-5358 -2690
-3172 3911
8347 -8746
-1344 8441
3355 1131
4054 567
-8056 2892
-8577 -8722
-3270 6027
-1473 4990
-4697 2494
9657 -4749
4468 5212
1498 -9961
8180 519
-6657 -7528
-1394 6494
4035 -8680
-6414 -7221
-7363 -3692
-8471 -8541
-1623 -5367
-8095 2590
1977 6642
-1090 -1359
-7168 3919
-5392 1598
3614 -8627
-1526 7637
8668 -5311
-5889 4837
1024 -571
7777 -6912
7995 -2701
1159 -1034
-943 5251
1838 7964
2752 -9053
-4397 1729
3498 6277
-4892 -9128
-3172 5806
-2010 -4151
-950 2936
4499 2479
-8954 2283
-3630 4583
3219 2351
-9196 -1974
1054 -2820
-4490 -6109
5848 -4387
-4576 1207
-6959 6809
6980 9653
8963 -8000
-5578 -640
5276 -7102
7318 -6571
-6155 6715
3114 -5434
1093 -6724
-8164 -894
-629 210
-8598 -7568
3606 -1461
-746 -3043
7956 -8478
1295 3719
-9614 2454
-8634 6867
232 -10
-2701 4506
-4616 2275
5617 -2226
-8335 -2614
2484 5401
9432 -9057
-6534 -9544
2821 7180
-6555 -3902
7917 8421
6034 -559
