1000
-9221 37479 914
47595 46960 648
-95270 5395 30
-93580 26063 808
62734 -53593 839
93483 58825 21
54793 81276 362
-57538 -15509 608
32237 -9628 565
-93301 54879 361
-80023 -30635 394
-10598 -32496 43
-2710 45889 520
5172 74760 410
87734 -59029 999
-19646 -67991 219
63813 -75545 964
64549 46615 387
-39408 -1153 284
98039 75984 915
-71663 -37014 176
93820 10129 225
37716 27358 771
-57970 81995 797
85707 68448 812
-44237 -17828 194
89053 -7850 461
40784 19364 757
-68266 -16666 514
37437 92516 523
21068 -38230 667
-77466 6373 111
-71213 43314 678
50779 -47991 935
85007 -7124 555
50689 -2897 71
59546 -44106 604
-20187 -57791 662
-51326 -1457 436
-49686 21523 293
-14906 -97581 158
-18484 38482 888
-81865 -70146 352
8402 -89287 218
-84647 -94550 406
37509 -73769 286
16552 -46570 895
89629 97 833
32265 -14630 965
-6263 88476 99
-73999 3170 717
-70202 -10360 92
91891 -27394 19
74633 52489 8
-45516 -44327 359
-34665 33204 550
-99523 25468 432
-83518 -51405 733
75705 7378 542
-11255 -97933 906
-12241 -44618 696
-55937 -24833 790
-81758 -25410 660
-87361 95541 159
-88369 -73550 560
76103 10528 211
-9291 -12710 876
33008 24984 969
19884 -67327 732
-58435 -74583 71
-33909 35639 360
47750 78068 347
89578 -7974 656
-16235 -65567 128
70937 63188 750
-95721 -81765 463
-61175 -35291 201
-97536 81718 374
8572 53914 923
3476 77485 568
-78057 -70489 248
17263 -95010 544
-47899 96134 550
52912 38046 418
-78920 51906 292
-70690 -29729 284
-31418 -46882 883
-74478 -41538 9
-59720 -6966 748
4086 34182 929
-30178 -38617 269
-8087 40880 159
79509 -39221 382
-32910 -73134 626
-82395 77857 195
92444 24686 403
75782 -40318 941
-66535 -79575 391
-94787 28967 925
82087 -91815 796
-64810 -45758 825
65817 -54493 622
63447 -39958 525
69459 -39723 358
86668 -41088 877
79166 81954 332
46053 -27924 391
-64368 -11169 153
-61484 -19370 41
-14369 -38759 597
83575 -430 637
31266 -29674 49
4818 -6577 936
26205 -8347 955
28439 -26807 868
10060 2802 175
69232 -84413 184
1273 -74017 242
77513 16112 320
-3684 -25510 768
18745 76372 168
-33966 -92955 602
49220 56045 28
-83004 875 928
42126 -9304 495
-90374 22168 882
83161 14283 823
-98430 -56312 672
-62826 -76795 998
-82747 92476 739
-37455 3563 982
5839 -45039 262
25713 85380 914
-27257 -65176 305
-12648 -65248 545
5669 57551 586
-18444 63024 940
-31557 30791 83
-17826 -13532 584
-26594 -63169 259
-303 -30914 395
-24570 -55790 297
89555 -89652 274
-1668 54108 759
-98398 46744 67
7649 91105 685
56680 -16063 29
-40311 83907 490
65592 -28178 248
22144 -35976 621
14338 73163 881
85328 -88263 912
-97468 2088 391
-31253 -31299 19
52651 -3644 994
-35591 -4719 988
92397 -55626 899
-88287 23789 247
-26068 57864 741
42348 32551 659
-71905 49102 497
-32104 71963 625
-96855 -32784 952
-98262 -68614 508
3083 -79110 341
31587 -45391 21
-2823 74403 262
52868 -65892 121
58826 15585 662
96756 52678 77
55153 -81815 322
93764 24036 878
57215 49689 209
29791 31880 391
96867 -93757 372
24491 -24862 412
-37587 -40172 292
57017 91161 880
-86462 -8344 522
-72907 -47933 225
76199 -11746 308
39272 74773 523
61449 73575 211
-57030 91801 989
-26995 -94840 16
10623 -22828 35
-70829 -80543 48
1954 -95934 387
-69536 -80786 115
-48770 -25845 320
35401 -6927 24
-54103 -37811 949
-33338 63772 370
43865 47043 955
-55411 -91118 122
-26566 6379 269
-6003 -61099 125
96332 59638 775
-96955 58967 570
-88334 -19944 907
-22079 -77754 223
-93360 4861 573
-44834 2284 306
-21838 -9306 140
-34012 -26108 859
97434 73403 760
78560 46083 98
18205 46397 351
26291 63821 360
-69568 60855 784
21470 -35958 502
-94370 40985 177
-2537 71235 571
98604 27060 866
47720 -61949 764
31529 -36962 711
-95029 90630 200
-45458 48874 706
-25352 -70652 26
81002 -71651 142
-57077 2041 583
-6488 64418 821
23690 -69045 718
-42844 37815 707
-95946 -13032 625
-44758 52575 883
72602 -50971 897
46518 -5303 926
18861 17351 579
19388 47073 923
-9330 32351 222
13410 -4636 346
-70302 -75218 726
-34193 -32655 297
-76021 94599 591
-81702 -63450 222
49838 -1251 830
-75906 -64879 252
9317 -75210 465
62676 -55269 154
-33916 94042 961
-28790 -84704 761
-43339 66681 916
76791 -96602 234
-60354 1872 694
99860 1993 653
75000 -12321 659
59324 -51431 50
11849 84800 385
30337 65230 750
-56693 76763 993
-7351 -78811 36
-26348 77851 516
47783 4747 386
-94089 -70109 128
-1183 -17739 919
-79322 -80528 432
75692 -39099 352
-5058 -6993 594
-27900 -50487 476
-84971 42037 630
-42691 64515 484
45984 -53896 869
10674 36869 901
31318 -98436 474
65686 -99594 941
-33850 31331 286
49032 -50815 187
49132 -69452 445
-9805 -13717 529
-56146 -13256 148
-85495 -36932 303
-21378 75081 567
85033 37307 380
89005 85453 210
-75731 77682 144
-79916 68282 152
-29494 8149 182
-54740 97828 582
14544 -11602 669
-35959 10879 285
79741 64023 288
55096 -87717 55
-30240 -84720 123
-95761 -85509 386
-77029 -21407 894
47779 -47608 199
97809 74339 513
-16260 81366 453
-80383 4376 506
-68290 -6439 216
-94949 835 147
-76465 -74029 370
75719 -43017 364
42870 9638 643
-10750 95601 779
49304 36850 673
-61314 -74566 445
-12467 -42137 733
-4388 52283 215
-58935 35452 830
43042 -81920 33
12280 83760 463
-18790 -44987 761
-58984 -75220 839
24231 55331 79
-94768 -40773 538
55441 13211 635
-65780 11698 52
31271 -59065 970
93488 -46338 6
-13553 76016 313
2953 89454 701
16450 -88875 44
-4927 18121 100
-91836 87297 41
-58443 -80163 598
19705 -30874 826
2866 -81888 284
44738 -35055 983
-83719 59883 570
13186 -20423 487
-40632 23945 749
-78215 52386 848
-18203 53702 975
-38525 -25807 255
16568 -88231 317
-52876 -73066 115
40068 -70610 348
68653 60903 690
47454 68178 652
-39165 -90255 342
92177 -39390 572
43982 -25772 341
-95987 84917 41
96110 -79778 916
44590 -19178 16
70536 -25131 375
32849 23803 699
11847 41382 613
-79714 48688 46
-21471 91388 85
39247 69876 197
-84019 78595 572
31008 95038 585
-73129 84989 969
-95690 -53206 147
20367 47692 738
-53009 -28951 556
32037 17918 298
-5964 -42194 415
13347 -77013 969
14779 24806 34
61302 -79616 679
-77175 -75441 946
46789 18046 810
-12604 64286 689
64478 78458 525
24921 57879 205
-44090 85591 468
-2178 -66683 568
76714 70696 708
83572 27225 528
-64570 7074 376
87186 -64567 989
-95815 65595 518
96476 93756 972
-46355 23843 519
-78042 23104 980
-86299 26699 570
-11477 -27961 57
-55461 -46605 727
-39753 -86710 512
76570 -36355 226
-70501 -3259 535
-93759 86527 3
51845 67745 105
-58932 54893 837
67575 74202 458
-5250 611 547
-89055 -15025 499
-16407 6143 486
9963 -2842 169
-40156 56005 885
-49995 86557 888
-36687 82947 394
-71007 94179 916
-81981 -78197 669
-2618 55873 112
9862 -8436 421
88011 -29435 525
-87756 37851 844
-20964 1936 128
-19770 63877 630
-97266 45467 136
-92522 -17198 495
-87801 6384 866
78361 -81305 615
5124 16306 124
-33117 -87469 964
-82100 30368 585
5885 -81357 294
71626 63288 546
97285 -94987 339
-48832 -95128 151
-36963 -55470 328
-16944 -91986 4
550 14246 639
-82491 92855 415
-19357 -10837 579
-32674 77150 940
-12514 33786 649
93877 1487 383
32307 53713 756
-71678 -35171 197
95532 -67300 267
12149 -31620 732
26239 -16426 103
-95714 74086 562
-57483 91974 104
33299 41021 171
-43747 2821 334
-86269 -34946 683
-91486 68491 828
95740 96523 208
-14774 -5736 887
83242 2736 923
80955 -28683 155
-17659 -78710 234
-59010 41645 155
-19448 -66182 753
16195 -36475 327
16801 -3463 207
87908 94616 413
-15171 -74810 302
49921 -69786 643
92158 26387 740
54699 7886 504
62522 20388 456
-28368 41772 447
-21109 70335 304
18028 -20418 541
-23119 34584 969
25083 19748 179
-96645 10795 418
-38055 -87537 858
19155 54233 638
-24741 -12564 972
90912 -57603 750
-19888 -14747 762
29401 -67164 242
-17371 12806 594
-36882 15138 50
-16126 -2164 721
-31958 -81284 161
20801 28876 225
-65410 87153 380
1291 31701 188
28526 -34204 289
-51052 -47268 405
-45529 -88721 650
24366 7748 360
-72537 -78609 81
16308 -27476 895
-85056 4384 871
64093 78777 551
-31675 22315 584
-1632 89193 398
10448 -31187 755
-55271 -50898 110
-30973 -84769 368
74260 -60334 43
57809 -87112 794
88466 -12323 529
1476 9790 707
32022 62528 933
-50358 -38187 579
-28421 -69736 915
-87097 18963 130
-36117 23673 440
-10848 86615 774
80440 12220 733
-93928 13966 957
-63551 -72591 932
80289 -34026 925
13883 -36666 14
-89261 -18720 902
-54992 81423 384
-89403 -21486 715
-14831 -22423 710
50266 -1168 783
-81865 -37150 959
-42206 -53025 272
57538 -24956 402
-77390 15171 680
-51262 -73717 559
92614 -58684 848
-23766 90161 619
87736 31174 667
22495 37380 240
-6857 8734 759
98321 36555 51
41464 48456 494
75384 8779 103
-77747 89124 359
-97294 -37856 957
-57475 75365 419
89759 4306 349
-75673 -86140 46
8610 -85357 122
9012 -15356 503
20004 18401 233
25546 -2020 581
56155 -91724 822
58784 -21582 868
-54298 -77243 607
-3710 -57381 461
97805 7721 46
-34516 77477 568
-94074 66673 849
18991 39137 193
59840 -46134 66
59443 -10301 975
15897 -63554 880
46984 -46858 889
69693 -21323 661
70825 51710 515
-63944 87923 598
33560 -45749 499
42217 -80950 129
1433 43905 252
-11968 -30417 657
26859 46698 791
-60416 32246 478
58155 -85577 61
-38262 -82768 379
-92220 68287 315
-72898 -51790 522
-26614 73052 558
55514 -41363 188
-1497 12231 380
-52545 57687 322
-71542 97134 797
-77680 72966 194
-89966 67402 583
30864 -88916 520
77097 45693 404
-45722 12889 645
-11689 -59703 126
-3077 -36629 832
-95327 66822 695
-35179 94678 981
81332 -32756 988
-93062 -67854 512
-26079 51245 70
-26392 -63661 949
22436 38526 911
-79322 85773 96
-68892 48598 201
27152 77703 110
-61377 86717 335
89717 -53524 295
-74146 88224 479
-92742 57056 417
-9718 -12306 725
-83325 -51467 611
70924 11212 487
-34232 -88395 372
75776 -76600 705
-79513 81313 790
-25774 -49258 120
-51530 97026 168
-74166 2238 148
-29791 44445 103
37909 93248 311
-19791 66675 490
-42711 -3386 108
82947 -95879 458
89827 -16500 545
-36605 -58376 40
-43141 -3264 595
16888 33195 725
22430 -12223 610
-72844 -32894 494
-2235 50912 97
72596 42020 269
-56676 -81285 595
-72540 47667 440
21531 -5437 445
-5421 -68059 428
5722 28612 750
81021 35907 744
31715 4141 772
69511 -44768 652
-74700 -57417 586
-16558 -93399 398
-48831 87109 856
45705 -3073 913
-62944 -45395 792
52024 -69479 40
29615 67620 815
14878 59564 496
-85336 -88670 635
-94630 56755 562
70603 22801 933
67141 -96187 542
-38771 -27233 554
-24192 -73411 581
-85883 76141 865
-82340 -70148 986
170 -29156 316
50550 57137 782
-46755 85305 534
-70239 -84684 756
78094 -48461 698
-52649 80029 563
18124 32521 755
22558 -81821 892
-27549 -64950 500
5576 -16646 370
-97430 -2361 294
70506 63509 731
-63302 -48669 901
-71028 4495 918
208 53098 799
96709 86813 816
-64479 13852 348
-245 86340 44
-75159 -33871 62
-70688 -59642 487
-2015 -8209 545
-62658 -89988 597
-6012 43087 766
-41015 -14414 455
59188 84067 69
27759 -80403 503
20257 -13038 500
-47520 65493 21
-77852 -227 202
-33054 -98298 342
-48318 -4056 862
-36306 19087 730
-73540 -62164 782
-81549 -39629 36
-48169 -44233 89
34208 -21486 773
-35756 11716 656
67253 -84054 127
-76556 84155 423
48005 19523 896
-14209 -61445 846
-22933 12672 254
50274 -99775 781
40267 -53407 913
85294 -52018 723
76175 7833 78
-17105 -7374 233
-95255 -34946 673
39701 14325 579
-18462 -55200 885
88358 -39 876
96498 16783 17
-33299 -48302 636
-37732 92459 80
-93006 47643 391
31109 42840 996
-4619 -99436 7
7623 25776 118
-58908 26081 776
-48149 -46483 414
-34030 55085 266
67406 -72514 393
-60965 -1760 36
50491 -47973 409
-2449 97386 137
29867 -14845 497
-48745 -82618 84
-22599 -48760 285
82432 41546 386
-92029 -89379 241
99508 85286 883
67075 65329 121
65956 32656 873
-88343 -29929 298
-36529 89745 705
13243 -71444 186
48526 -53934 436
-49911 -86177 556
-8680 -94424 767
-27030 72259 280
65311 30380 79
-75547 -72098 933
-14983 -73694 672
75118 73894 668
40615 -59086 536
-82295 -11442 49
-96698 25225 478
-21659 77634 56
56084 83149 518
-39545 7070 896
-53063 51045 354
-64223 -2246 373
98318 24852 807
-18274 35190 961
-73027 87834 118
-79846 -54887 568
44930 44555 465
60905 -15583 938
-24973 -38249 742
89940 -19810 209
3426 25663 884
20409 6138 61
45260 38407 533
-32009 15148 457
26117 -24421 360
35779 31413 757
-8910 -66123 72
-72441 55225 969
14349 -34568 796
-59719 76340 508
-62129 6290 982
47111 71328 461
-17361 89016 440
49426 99473 701
-35939 36599 596
76308 36978 142
10810 65364 771
90522 -96710 585
70898 84912 437
-2763 -27073 808
96468 -46229 530
-67911 3318 80
-18591 -34586 398
52286 -38612 364
-4412 -49074 650
9679 19413 356
-25302 67343 502
-80065 56809 804
-13994 -97505 20
50634 -8570 545
-86907 39466 648
48142 43096 752
87957 70624 311
16966 50669 410
6237 -52040 630
68154 -17233 576
37219 82596 739
38041 -53860 325
-72344 92052 342
81493 67686 182
90409 2284 561
12100 -84844 383
6005 -89194 716
-71164 47252 404
-55393 36471 153
78753 20164 933
-50954 -76379 404
-5273 -57532 308
-47009 41030 79
74971 39308 582
67651 71734 295
2015 21297 606
78327 -90236 311
-15467 77814 868
17950 -5288 890
-45225 61170 392
-70054 -27675 735
-14045 10213 28
67672 27835 160
-3119 37175 806
22673 80445 561
-98955 40576 796
5884 90086 794
-35111 -36574 187
46084 24940 126
84066 -81057 912
-45405 89935 758
49420 -18093 850
75369 30225 668
80612 25916 12
6842 47547 515
-59560 39646 444
91185 69967 936
15612 24631 958
-9714 -3998 17
-46768 99466 661
-92694 -6668 99
18976 -14292 389
-26169 -5329 509
64718 -79919 891
77300 43040 980
61200 -43972 752
-33400 -60318 505
-52658 -93859 14
-32966 -91979 886
-25757 1106 776
-15466 -13754 702
-28654 1479 990
24870 60803 515
-26853 -93959 591
-66764 75825 409
25771 -85118 115
65218 -51261 399
-10041 -25707 451
30066 -95710 781
-88999 -67636 955
-26679 11742 809
57254 82812 311
-24920 -49717 472
-68554 14789 409
-29822 -74384 467
-62878 2514 127
56795 -11454 819
37207 26879 174
7258 -90589 215
76212 -7753 821
13958 -79378 505
-79075 80194 461
-98243 66169 626
1806 34669 653
71271 56351 117
-69349 -37773 253
99023 66375 830
98087 -30475 162
-6145 -77619 252
24368 73533 934
-63722 -75066 327
-50476 66845 101
49338 -99041 399
-31714 2048 190
-4213 -48755 382
72151 -18894 564
22016 61415 142
50530 -97199 158
-36787 -48456 983
-10025 66115 202
2011 74765 500
-41918 14588 245
85802 52738 746
91100 -13134 843
-57391 61049 236
-7651 58895 950
-71559 25862 595
76441 46329 89
58895 21143 130
-91546 37418 11
8148 -19196 718
84766 2245 488
66893 -23857 12
62291 -52299 22
-71232 36439 828
-80646 23583 559
-61733 78561 609
-63933 67218 465
-17531 97597 213
94586 -92250 690
-26340 -89072 709
-60068 79320 557
-64460 83443 68
-30838 29067 746
-57037 -36982 756
-52717 30226 200
-32715 69180 93
97344 -77441 697
-31453 73903 962
-60433 44434 644
-28587 -13206 211
30128 -49605 399
-73811 45672 732
96716 -36657 529
54366 71160 200
-87719 -66535 539
-46856 -9258 94
53810 -46596 836
43815 -69862 599
-41930 -23578 426
13827 34287 955
20149 -24779 579
-3964 -52736 244
22907 60686 644
30577 64209 370
-88033 78160 132
-50261 30968 547
-94666 55428 108
16989 -83690 491
5867 -96693 873
-66082 75660 490
51609 64938 368
20132 91858 470
-94527 20503 256
-47233 -99888 103
4079 -30571 632
-35749 76261 498
-50501 22034 267
-89519 -99825 271
63298 63056 961
8750 -97934 157
-3749 58493 175
7045 9642 714
-90087 -45729 963
55500 -79852 943
-58817 19547 366
46943 -41316 508
-29056 -23551 348
-82087 54028 821
42547 13807 650
77685 42742 828
-79142 -17079 23
94466 42109 17
59199 31226 282
30684 96159 956
48931 -34171 658
-44548 -44928 690
-70034 63459 579
19854 77667 854
-86376 -49029 605
-77520 75003 846
43755 -44546 30
13299 94685 279
-37868 -40325 206
-11040 87778 769
-7595 76131 709
95654 66028 3
4927 59402 908
67617 37097 707
94085 -13151 408
-36778 -8141 768
49868 -21930 529
-51815 -51206 446
-90734 -59989 279
-59804 -59948 892
-52493 -61471 742
27248 36106 855
-89889 -58439 462
-33279 81831 308
-47494 -44629 426
41708 -98438 814
-16524 153 594
58975 99367 682
-43717 -51892 134
-53112 37663 764
-64908 62694 645
-694 -23577 874
76188 81794 65
40641 -4984 399
3921 81007 945
-22875 39458 577
-74633 20561 432
-92865 -83414 342
89260 -10847 44
-44535 33137 11
-25729 -23997 178
6652 -86085 117
78914 -74385 848
91575 97003 314
51096 1060 551
36448 12478 142
-56602 10287 821
-10429 84435 514
5977 34599 654
88887 96700 580
-41436 -43846 551
-77797 -65873 829
-45036 -11436 903
-57422 -23525 13
-4860 -48760 445
-36823 -691 228
-89056 92753 627
-30494 27957 285
22547 -73493 271
98305 -53142 664
-20303 -59609 912
75326 63145 983
51313 -80510 396
-74147 17796 633
-60925 50830 865
74952 41225 686
-4318 5118 135
-83130 -70439 832
53165 70743 352
-96131 -3096 769
-66222 -60074 522
37905 44957 839
-76941 69890 57
-62062 98151 751
-1947 83114 257
-72640 42592 371
-56624 -51851 190
-63657 -32599 267
58012 47414 870
3777 23134 776
30285 -30662 843
79937 -65433 28
-43824 68150 922
37441 -26560 728
-72154 -82017 605
-95708 42950 26
-58329 5685 750
91111 33279 25
-92554 62513 953
