2000
-9204039 -9359622 597
-9616056 -9329342 849
-9632614 -9577908 617
-9358140 -9407672 193
-9256081 -9996116 190
-9903021 -9735926 570
-9611340 -9669174 711
-9577437 -9689785 598
-9451380 -9864610 41
-9288010 -9050236 778
-9536061 -9427464 137
-9208157 -9595076 212
-9848108 -9861495 550
-9783767 -9974863 646
-9566642 -9432838 731
-9634304 -9170678 407
-9380531 -9606748 870
-9864540 -9485830 595
-9236169 -9994252 339
-9846302 -9618360 482
-9685431 -9402765 873
-9323228 -9362267 275
-9928712 -9522079 407
-9462708 -9953410 740
-9699955 -9776474 916
-9373240 -9378598 370
-9428444 -9807928 322
-9790252 -9366379 858
-9840676 -9235159 919
-9426810 -9491955 483
-9227473 -9576062 333
-9450852 -9810442 954
-9096967 -9838693 208
-9253665 -9801228 527
-9314644 -9466557 79
-9932813 -9384125 338
-9284862 -9724854 806
-9847601 -9576638 21
-9558381 -9201787 396
-9223163 -9541547 256
-9344758 -9854107 217
-9916048 -9951552 486
-9257108 -9929819 839
-9926560 -9377131 937
-9454407 -9556502 253
-9161089 -9242247 626
-9800874 -9464230 645
-9438801 -9826019 478
-9849019 -9395772 319
-9949953 -9238572 30
-9165786 -9944757 286
-9907492 -9870219 807
-9422655 -9959789 49
-9879926 -9833208 921
-9406526 -9870716 642
-9904354 -9549426 883
-9657594 -9196312 319
-9802492 -9492585 19
-9979784 -9780697 914
-9887570 -9969059 791
-9328635 -9278199 917
-9870720 -9783772 223
-9516305 -9620702 341
-9292774 -9226032 998
-9189522 -9614385 837
-9693257 -9551731 572
-9761758 -9442998 219
-9549709 -9520492 137
-9681231 -9863884 650
-9475103 -9257749 186
-9332179 -9414366 175
-9523103 -9762401 462
-9644661 -9255213 6
-9403417 -9806549 32
-9089012 -9973684 407
-9348047 -9688485 78
-9152452 -9837428 645
-9710037 -9449856 261
-9300296 -9492678 505
-9878750 -9516671 362
-9546912 -9600652 432
-9296007 -9916028 727
-9937426 -9924693 482
-9581076 -9564641 441
-9176683 -9336301 244
-9508647 -9462495 264
-9832723 -9389486 782
-9243325 -9864471 957
-9435358 -9208504 769
-9462119 -9702963 598
-9604541 -9595496 394
-9326269 -9705872 349
-9250119 -9504131 194
-9547180 -9415070 792
-9913270 -9916835 763
-9528067 -9452992 733
-9292278 -9878389 966
-9424591 -9985019 676
-9856935 -9815288 324
-9382305 -9968938 30
-9360327 -9377155 746
-9419350 -9372429 936
-9695608 -9345637 183
-9803530 -9638386 287
-9918588 -9664083 324
-9545151 -9490104 988
-9452541 -9270636 294
-9165438 -9803902 696
-9855153 -9359621 557
-9455609 -9800398 496
-9455022 -9235538 967
-9256311 -9694205 206
-9846325 -9388310 554
-9326465 -9958347 724
-9990097 -9896631 71
-9451342 -9705668 197
-9759303 -9846543 245
-9757311 -9510690 134
-9107014 -9496760 900
-9784800 -9219057 251
-9205560 -9440780 929
-9687332 -9200360 314
-9109780 -9460830 515
-9784886 -9729091 566
-9525550 -9334176 558
-9333191 -9788361 622
-9820117 -9759404 875
-9802377 -9527919 803
-9376288 -9273034 73
-9630887 -9357531 983
-9814871 -9945517 446
-9945986 -9562114 619
-9358758 -9695325 212
-9372497 -9648063 48
-9396144 -9844942 770
-9926621 -9395440 286
-9330981 -9534989 820
-9580294 -9580857 812
-9194150 -9507617 257
-9631615 -9890064 416
-9829986 -9951383 106
-9643547 -9510325 981
-9956419 -9328235 360
-9704175 -9830098 633
-9268920 -9640572 929
-9339969 -9588086 525
-9751968 -9326302 421
-9569813 -9619153 763
-9333406 -9667546 192
-9472884 -9815269 504
-9545762 -9829500 814
-9516154 -9475028 258
-9949024 -9789853 259
-9590423 -9383083 967
-9627384 -9567762 83
-9133447 -9517518 368
-9791322 -9043697 881
-9766459 -9222737 439
-9425010 -9856285 839
-9406966 -9398202 775
-9557532 -9313386 508
-9560678 -9592590 69
-9447849 -9935416 329
-9934064 -9637715 310
-9663170 -9017372 479
-9433674 -9621174 158
-9826948 -9713090 534
-9754863 -9478535 682
-9866422 -9470577 375
-9678709 -9169437 555
-9831238 -9235743 275
-9967399 -9482667 208
-9807355 -9268020 673
-9631943 -9619237 758
-9299738 -9469719 295
-9611908 -9542811 605
-9824166 -9337505 968
-9283215 -9879039 655
-9737640 -9306587 82
-9472814 -9199037 543
-9437185 -9850524 152
-9576781 -9741328 940
-9956983 -9447423 812
-9799446 -9631200 529
-9533047 -9653854 547
-9207098 -9492759 358
-9737312 -9932523 155
-9683511 -9909873 131
-9501587 -9528830 327
-9595488 -9992240 6
-9492007 -9782313 460
-9226994 -9889929 824
-9545677 -9516421 764
-9313389 -9321918 57
-9258040 -9991954 259
-9268852 -9880193 188
-9194729 -9653897 360
-9609622 -9653965 607
-9554915 -9499760 779
-9566024 -9235177 952
-9364539 -9321682 785
-9671602 -9364096 841
-9746231 -9517613 718
-9307027 -9324745 124
-9296644 -9647690 856
-9665228 -9215469 535
-9801381 -9818206 643
-9955897 -9697697 429
-9418200 -9372341 834
-9917039 -9461749 271
-9144338 -9416958 700
-9609848 -9265218 561
-9541404 -9782152 94
-9781741 -9687075 36
-9304045 -9456183 665
-9185319 -9927175 19
-9343999 -9891625 734
-9294613 -9735630 808
-9533511 -9600984 610
-9571784 -9385899 235
-9712607 -9545179 909
-9891350 -9907779 651
-9555827 -9869208 478
-9163879 -9300641 296
-9965447 -9874679 659
-9873985 -9323940 478
-9515580 -9516978 875
-9253951 -9749533 901
-9458467 -9609300 660
-9230260 -9098225 769
-9677541 -9879160 85
-9515671 -9615561 78
-9468534 -9239609 521
-9689833 -9481395 946
-9976958 -9116104 934
-9423332 -9130803 111
-9363543 -9650402 586
-9657613 -9398857 755
-9995665 -9161914 430
-9444829 -9655541 783
-9964741 -9279997 277
-9873988 -9407196 458
-9246617 -9493668 317
-9181003 -9738409 18
-9421912 -9963777 835
-9848305 -9801748 142
-9652428 -9290667 493
-9819306 -9451014 813
-9782634 -9857540 592
-9602197 -9606503 75
-9403681 -9778239 973
-9316834 -9617892 391
-9205489 -9861538 749
-9700168 -9358566 186
-9303604 -9369595 435
-9906397 -9322820 476
-9345322 -9400991 86
-9267693 -9530639 666
-9855725 -9711301 446
-9846418 -9598559 74
-9632292 -9581284 28
-9205668 -9237490 279
-9652429 -9799252 976
-9117309 -9718165 780
-9283435 -9958049 762
-9915467 -9846572 65
-9585864 -9173119 235
-9613458 -9344732 182
-9426425 -9521588 432
-9643555 -9991752 587
-9777371 -9788327 898
-9833338 -9646363 955
-9466352 -9581171 234
-9923339 -9420060 602
-9800850 -9252007 655
-9681617 -9406144 695
-9241915 -9767509 980
-9743946 -9495529 587
-9792827 -9281676 337
-9823714 -9510824 864
-9464801 -9851211 819
-9694525 -9643955 327
-9461370 -9102754 57
-9759615 -9557539 29
-9244366 -9423569 563
-9046854 -9260307 602
-9415803 -9629313 220
-9313346 -9353665 484
-9411654 -9711634 221
-9387359 -9471488 921
-9851046 -9917600 384
-9471904 -9346071 346
-9550506 -9596200 709
-9695450 -9616042 730
-9993142 -9510452 599
-9879954 -9400442 279
-9551040 -9472683 54
-9589794 -9088328 848
-9198096 -9755059 701
-9874693 -9615154 846
-9496086 -9759664 248
-9380360 -9831164 753
-9484676 -9590806 155
-9521589 -9715235 395
-9299486 -9492447 98
-9253061 -9677218 459
-9471975 -9431730 344
-9748824 -9443418 645
-9633758 -9245968 889
-9209741 -9685987 473
-9842801 -9491107 598
-9311650 -9086598 556
-9354658 -9980176 761
-9591787 -9362019 64
-9498601 -9360982 708
-9448814 -9857364 828
-9846192 -9456262 349
-9418898 -9311358 892
-9937019 -9519389 52
-9334950 -9459089 779
-9979790 -9285957 25
-9585087 -9299835 603
-9237248 -9183386 59
-9995750 -9648451 534
-9858337 -9410785 493
-9689920 -9245594 643
-9953994 -9901021 888
-9806162 -9484459 335
-9854668 -9672418 709
-9254979 -9389086 21
-9798657 -9887466 867
-9185522 -9827442 316
-9208946 -9213299 967
-9886517 -9584877 579
-9565135 -9533421 920
-9453499 -9329671 271
-9452057 -9762333 365
-9198607 -9653038 177
-9871505 -9512436 563
-9594382 -9282763 986
-9905858 -9260332 617
-9499863 -9782683 965
-9394296 -9991495 156
-9435151 -9793786 520
-9324242 -9530894 749
-9658142 -9228842 988
-9700361 -9528300 1
-9315179 -9371549 978
-9658149 -9782451 129
-9480511 -9261325 116
-9571228 -9967888 202
-9898039 -9277069 791
-9883808 -9253084 124
-9919279 -9237641 705
-9628217 -9884573 46
-9619478 -9591222 692
-9437334 -9879108 685
-9803527 -9635019 807
-9624924 -9848242 970
-9203530 -9971708 414
-9628273 -9804805 406
-9582500 -9907800 186
-9427223 -9679382 761
-9767034 -9630930 297
-9884989 -9527806 594
-9699652 -9258340 536
-9546657 -9338741 986
-9912850 -9827725 945
-9839851 -9988535 358
-9522397 -9179380 195
-9632982 -9615149 44
-9667067 -9500822 236
-9802012 -9737642 253
-9693517 -9157568 936
-9456139 -9496449 530
-9901633 -9557160 913
-9184858 -9874641 990
-9598213 -9539553 455
-9526020 -9304467 156
-9244422 -9770452 93
-9565648 -9136255 87
-9299553 -9295808 431
-9609344 -9818616 501
-9706335 -9921154 734
-9310287 -9968114 737
-9898295 -9273019 460
-9954707 -9649468 235
-9893118 -9720217 326
-9585970 -9616493 137
-9911844 -9253645 261
-9741153 -9335038 191
-9750546 -9752136 787
-9417362 -9240830 626
-9534777 -9443067 148
-9352451 -9235852 91
-9743894 -9373868 33
-9776384 -9336652 797
-9477822 -9632199 543
-9156946 -9667918 877
-9343328 -9122086 145
-9457825 -9496661 344
-9219149 -9728687 811
-9562710 -9449034 770
-9647808 -9951074 732
-9766994 -9389067 42
-9192823 -9662559 586
-9410535 -9235176 395
-9123300 -9935910 720
-9374061 -9176698 216
-9924755 -9342763 293
-9609846 -9764508 355
-9353181 -9383833 49
-9602130 -9914386 11
-9218235 -9993459 476
-9349062 -9813578 711
-9460983 -9914812 80
-9300849 -9485190 649
-9315733 -9829846 579
-9275903 -9312733 420
-9799017 -9962104 409
-9440688 -9569195 17
-9098752 -9695290 13
-9758254 -9251946 974
-9211870 -9626944 383
-9802370 -9630462 726
-9473614 -9372840 501
-9554849 -9895971 141
-9636294 -9957103 769
-9890162 -9239587 355
-9858242 -9271773 640
-9580161 -9953137 219
-9170549 -9427520 809
-9770809 -9301813 368
-9843927 -9963375 294
-9924162 -9294703 307
-9177717 -9496495 773
-9757509 -9632266 96
-9973562 -9791687 582
-9616226 -9738265 339
-9282781 -9806410 728
-9727271 -9733412 948
-9123882 -9862260 794
-9626369 -9131813 546
-9753409 -9740065 512
-9864324 -9386979 664
-9558191 -9583304 998
-9159735 -9764046 967
-9815820 -9162189 25
-9502147 -9185672 54
-9202724 -9976229 565
-9673736 -9330113 846
-9898812 -9368222 768
-9928079 -9832410 338
-9519968 -9190462 877
-9398549 -9792059 652
-9170206 -9093093 598
-9757267 -9524217 522
-9658628 -9844183 335
-9355019 -9779463 996
-9825263 -9487037 354
-9549115 -9396183 339
-9210267 -9606437 243
-9212277 -9631064 429
-9464370 -9998918 96
-9392317 -9407423 223
-9352887 -9397550 179
-9665031 -9485650 543
-9459712 -9886606 783
-9395846 -9877707 119
-9384702 -9937904 504
-9119072 -9860628 448
-9658288 -9739285 44
-9881945 -9745503 583
-9271072 -9708808 943
-9428099 -9577457 7
-9989334 -9517738 828
-9912990 -9446622 617
-9858640 -9551713 297
-9499422 -9822718 279
-9871760 -9757739 150
-9863254 -9900357 423
-9923542 -9309230 57
-9456931 -9349177 591
-9365103 -9882266 676
-9065970 -9723795 7
-9653979 -9566414 146
-9574262 -9976908 487
-9322502 -9497329 469
-9722050 -9685477 114
-9629229 -9821425 6
-9637345 -9876777 680
-9512050 -9901049 962
-9507440 -9399095 475
-9465481 -9559059 893
-9931961 -9564345 988
-9844752 -9761545 392
-9864096 -9705835 160
-9602326 -9276652 914
-9981917 -9808615 314
-9072078 -9983353 419
-9840557 -9429778 506
-9886854 -9621100 162
-9645105 -9849427 499
-9777803 -9666519 788
-9323553 -9353567 183
-9414330 -9824410 556
-9686752 -9666207 565
-9297389 -9892589 164
-9245624 -9308633 130
-9947087 -9839902 742
-9607383 -9313924 289
-9761607 -9971053 224
-9841814 -9626905 438
-9808067 -9308458 658
-9732735 -9925874 292
-9409952 -9246449 657
-9468488 -9777805 417
-9104482 -9828435 601
-9048681 -9604270 183
-9240993 -9869487 486
-9980012 -9338027 274
-9504853 -9878318 788
-9519974 -9963473 801
-9427377 -9711550 170
-9963448 -9476033 136
-9915968 -9832888 333
-9525507 -9929655 629
-9719759 -9323429 471
-9866170 -9717550 598
-9364473 -9645803 970
-9756608 -9194057 388
-9772182 -9231195 109
-9897346 -9861352 4
-9571003 -9939170 681
-9654352 -9418434 549
-9179390 -9435866 656
-9567732 -9545460 897
-9453015 -9440750 517
-9200952 -9357888 500
-9141559 -9788910 53
-9914968 -9131828 270
-9769030 -9529018 514
-9723186 -9520798 389
-9574527 -9958144 346
-9898843 -9736140 48
-9360694 -9350497 631
-9878550 -9942564 821
-9253087 -9282676 779
-9447290 -9500956 743
-9298160 -9691039 734
-9696238 -9331524 369
-9680976 -9359058 864
-9224739 -9471054 767
-9421078 -9460443 555
-9728670 -9730823 965
-9942104 -9345047 589
-9579382 -9287940 370
-9943872 -9257265 206
-9919161 -9172327 672
-9484255 -9723928 425
-9187176 -9294345 958
-9986560 -9670403 949
-9960052 -9904984 284
-9138612 -9436100 366
-9962711 -9180977 704
-9419054 -9315492 453
-9648171 -9846101 961
-9236045 -9308085 253
-9966265 -9847756 870
-9942950 -9270526 787
-9884794 -9383346 813
-9268073 -9845441 564
-9288657 -9925135 350
-9170360 -9290643 402
-9614029 -9630389 779
-9508306 -9241206 93
-9798117 -9535344 59
-9988696 -9163112 271
-9940259 -9241846 677
-9018501 -9586287 914
-9801129 -9210354 963
-9282264 -9454428 734
-9346449 -9694547 935
-9472002 -9807220 685
-9454455 -9798583 113
-9968889 -9425738 875
-9343073 -9242279 100
-9942664 -9419891 83
-9554952 -9834209 158
-9783404 -9945958 7
-9844203 -9986801 848
-9543289 -9085997 907
-9660623 -9571866 63
-9887919 -9741158 366
-9989808 -9890119 671
-9447284 -9528019 774
-9180935 -9863492 256
-9258615 -9327766 840
-9941551 -9251740 37
-9618010 -9924281 75
-9483174 -9666950 227
-9357182 -9491328 172
-9577534 -9966804 1000
-9816565 -9770180 439
-9793052 -9905714 431
-9615761 -9877265 939
-9907776 -9530445 24
-9718063 -9883075 748
-9648762 -9931586 342
-9993784 -9593153 57
-9632361 -9844626 621
-9840537 -9341146 766
-9568127 -9919406 748
-9521750 -9357929 17
-9269840 -9335446 371
-9896323 -9824428 760
-9839892 -9364793 963
-9766242 -9758762 25
-9480772 -9383246 696
-9631691 -9730979 746
-9664770 -9658618 994
-9818798 -9833511 423
-9770467 -9406872 327
-9629521 -9521457 54
-9445468 -9884629 464
-9316969 -9854379 738
-9715054 -9897984 303
-9497505 -9937296 329
-9661250 -9760720 173
-9855348 -9299709 156
-9382421 -9679356 313
-9473477 -9253760 163
-9335844 -9964286 809
-9661773 -9823819 861
-9317301 -9719766 933
-9598647 -9784357 261
-9254769 -9408588 144
-9185816 -9489195 129
-9971693 -9471452 479
-9449257 -9445577 310
-9661946 -9277707 171
-9634459 -9791623 215
-9673347 -9297586 787
-9949288 -9668026 632
-9850211 -9006272 879
-9156543 -9495617 670
-9578371 -9876161 813
-9592689 -9074828 511
-9895771 -9914514 595
-9783543 -9626333 384
-9732781 -9988232 191
-9505180 -9570861 232
-9948453 -9991101 612
-9310426 -9709469 642
-9930737 -9298678 19
-9939362 -9642706 202
-9405600 -9706706 656
-9920020 -9208849 411
-9681922 -9552169 554
-9836800 -9309265 739
-9985717 -9256516 694
-9263057 -9472279 329
-9909666 -9471080 394
-9100050 -9713779 356
-9560523 -9263868 654
-9962240 -9740526 65
-9347318 -9498443 648
-9582737 -9719191 565
-9494679 -9346749 885
-9680489 -9691677 862
-9751867 -9464569 27
-9909004 -9926697 727
-9822445 -9523441 891
-9651358 -9825379 459
-9943323 -9599039 823
-9526260 -9164547 833
-9418601 -9587317 854
-9859923 -9526279 724
-9486690 -9745052 37
-9550977 -9411804 972
-9209812 -9742405 617
-9248528 -9026357 372
-9302423 -9754529 10
-9819746 -9775064 690
-9354106 -9976563 415
-9589490 -9995104 141
-9441343 -9752779 316
-9358308 -9534369 311
-9582854 -9687389 594
-9640622 -9538548 784
-9838571 -9994895 673
-9949253 -9265901 222
-9870863 -9855553 513
-9238527 -9334651 928
-9610710 -9553022 938
-9909320 -9993245 434
-9769568 -9477734 682
-9586122 -9321307 67
-9876484 -9631115 162
-9598061 -9516691 466
-9242387 -9474569 435
-9807023 -9954725 262
-9525799 -9393566 422
-9277596 -9714118 421
-9436898 -9754236 260
-9294126 -9678166 361
-9704087 -9824881 966
-9314910 -9342194 972
-9897052 -9536946 219
-9461784 -9084598 934
-9734238 -9177415 384
-9834799 -9720681 180
-9709362 -9968134 75
-9558159 -9292453 139
-9853339 -9800390 333
-9538198 -9943690 326
-9520682 -9327084 613
-9896759 -9486446 646
-9229988 -9580820 13
-9273330 -9250207 515
-9353881 -9376658 581
-9575669 -9483015 171
-9384615 -9461879 886
-9325511 -9853807 337
-9134905 -9508372 554
-9675601 -9571432 304
-9559503 -9592423 393
-9476373 -9933769 186
-9214385 -9271682 832
-9822436 -9260815 480
-9466251 -9421001 963
-9443045 -9798203 710
-9603334 -9874176 64
-9868649 -9696189 286
-9226084 -9505795 290
-9505722 -9767779 880
-9382134 -9387230 623
-9957122 -9355819 645
-9420618 -9219570 728
-9444401 -9890243 979
-9515470 -9880671 256
-9731525 -9867122 504
-9400470 -9873381 676
-9979759 -9269723 900
-9573363 -9291321 918
-9722493 -9434440 647
-9819898 -9570994 741
-9918266 -9248047 825
-9552817 -9252815 749
-9481902 -9966197 168
-9784501 -9837025 728
-9296836 -9174972 455
-9880809 -9191632 231
-9445587 -9666454 192
-9882882 -9627124 94
-9860080 -9130107 681
-9300311 -9804175 581
-9892976 -9508229 238
-9837208 -9852356 964
-9422610 -9569489 882
-9351625 -9918714 696
-9732962 -9422382 65
-9236411 -9944816 723
-9641264 -9883825 738
-9415076 -9259747 343
-9781324 -9199489 384
-9842361 -9651602 489
-9260604 -9488749 658
-9289287 -9880804 302
-9581233 -9866243 418
-9523103 -9380510 986
-9336822 -9485914 159
-9654273 -9663433 722
-9650077 -9386997 796
-9728846 -9578704 419
-9595911 -9623574 149
-9845035 -9728832 153
-9521718 -9541270 952
-9425407 -9958736 453
-9518596 -9389846 298
-9693553 -9829057 408
-9448993 -9221863 750
-9490813 -9298542 599
-9870801 -9960770 454
-9114117 -9331965 761
-9368174 -9626809 730
-9942086 -9752227 152
-9515640 -9681783 902
-9936798 -9443939 988
-9438232 -9695608 615
-9344477 -9620756 98
-9974494 -9201322 112
-9424646 -9999815 784
-9479044 -9918726 478
-9405155 -9502997 998
-9540693 -9947538 21
-9886485 -9551573 980
-9427511 -9636773 713
-9612950 -9734529 871
-9924753 -9561846 430
-9298193 -9944831 885
-9740123 -9703702 723
-9863895 -9273118 649
-9554524 -9505413 931
-9710766 -9146267 212
-9819871 -9870026 491
-9184985 -9401057 380
-9735995 -9809886 642
-9346566 -9227524 848
-9763615 -9548751 721
-9504993 -9777916 589
-9514700 -9183776 785
-9122048 -9403421 27
-9883938 -9920717 467
-9581752 -9687497 692
-9880953 -9450889 40
-9541791 -9630584 651
-9362882 -9640636 753
-9885680 -9141423 569
-9558807 -9817651 19
-9630220 -9956375 115
-9698227 -9458136 983
-9768315 -9594164 555
-9965381 -9594286 168
-9470347 -9725916 525
-9378501 -9509410 455
-9616997 -9795545 245
-9225026 -9934331 985
-9816932 -9775020 368
-9545684 -9944699 384
-9315967 -9816371 9
-9500795 -9351572 1
-9349324 -9710034 523
-9956825 -9715545 192
-9662667 -9474659 125
-9130066 -9252716 112
-9159277 -9912892 549
-9364344 -9235534 703
-9347775 -9349276 685
-9836567 -9871690 686
-9270937 -9385741 770
-9697988 -9915020 810
-9594512 -9422850 905
-9546043 -9841581 191
-9169082 -9263214 976
-9860164 -9747833 649
-9430353 -9103146 372
-9681639 -9582774 117
-9935173 -9284346 965
-9371209 -9871651 236
-9603889 -9805115 852
-9406336 -9499150 888
-9227040 -9619481 503
-9189401 -9605327 988
-9998997 -9523850 954
-9531727 -9537881 800
-9792800 -9587674 102
-9392615 -9633996 648
-9444063 -9790925 950
-9380721 -9846729 490
-9636977 -9545000 6
-9785380 -9145424 568
-9692488 -9713429 106
-9621614 -9434361 761
-9175642 -9570472 945
-9180374 -9349339 239
-9921427 -9585216 963
-9269356 -9842533 908
-9611951 -9489907 499
-9901789 -9793602 611
-9802445 -9638124 933
-9483392 -9336443 644
-9736531 -9594640 302
-9664116 -9396698 572
-9885752 -9882420 634
-9489781 -9947652 92
-9583327 -9703569 831
-9744270 -9192501 607
-9602574 -9850221 711
-9487813 -9260805 194
-9564015 -9393552 588
-9751925 -9511053 802
-9123764 -9839929 510
-9515248 -9474533 46
-9234546 -9934617 348
-9742259 -9677934 993
-9616401 -9094098 512
-9626193 -9121004 319
-9575740 -9229581 770
-9901463 -9204597 378
-9429833 -9714545 758
-9641311 -9456411 214
-9921229 -9319321 855
-9154177 -9746069 945
-9905993 -9291410 229
-9560011 -9989041 338
-9682576 -9277236 187
-9524447 -9510627 32
-9326071 -9283837 975
-9968493 -9496013 722
-9947429 -9651600 945
-9881645 -9370939 951
-9991803 -9917454 720
-9556945 -9341338 201
-9130852 -9382420 703
-9665008 -9289179 856
-9472862 -9614386 70
-9960732 -9604179 332
-9970461 -9936376 463
-9373239 -9330176 848
-9303995 -9272687 639
-9380494 -9785502 603
-9503099 -9869046 577
-9884761 -9338789 412
-9339160 -9389855 243
-9338358 -9428959 627
-9400989 -9143393 173
-9368745 -9938523 461
-9333907 -9974912 393
-9519097 -9420230 59
-9625108 -9791958 522
-9943369 -9395620 86
-9538558 -9124322 674
-9702849 -9392287 887
-9585655 -9313611 279
-9185765 -9625816 508
-9584281 -9930452 222
-9362467 -9512905 620
-9969665 -9450680 659
-9775172 -9539808 281
-9344784 -9604956 960
-9927479 -9907526 94
-9589571 -9618972 559
-9595896 -9582784 141
-9863289 -9580073 156
-9150779 -9975474 294
-9581523 -9662869 869
-9942635 -9824031 538
-9435355 -9725275 541
-9517154 -9177218 543
-9881066 -9459677 985
-9705160 -9464525 881
-9521853 -9557303 40
-9296969 -9708937 115
-9756707 -9531110 18
-9611027 -9421701 203
-9424527 -9675868 939
-9167897 -9772021 545
-9908062 -9732231 776
-9458753 -9185464 61
-9876190 -9919887 134
-9647055 -9521008 653
-9159739 -9282912 932
-9273623 -9948803 551
-9127224 -9502561 22
-9575873 -9456891 793
-9727112 -9452886 876
-9908942 -9555491 542
-9736495 -9234842 611
-9417555 -9489065 232
-9525936 -9685137 922
-9846100 -9143672 181
-9338012 -9628882 551
-9514413 -9375739 579
-9356950 -9234432 425
-9520785 -9363725 249
-9896549 -9790823 547
-9194708 -9225665 282
-9962096 -9702211 947
-9747414 -9309225 798
-9546643 -9374968 595
-9755464 -9987404 658
-9466245 -9215461 180
-9242772 -9970930 835
-9845140 -9901620 486
-9419689 -9671299 228
-9517685 -9483185 992
-9223545 -9760414 104
-9320812 -9277419 120
-9308601 -9863461 189
-9779907 -9482809 664
-9410472 -9423221 447
-9321847 -9450191 998
-9248243 -9421404 593
-9889729 -9767474 787
-9570860 -9446215 479
-9829433 -9164197 389
-9151862 -9632169 57
-9599167 -9411643 161
-9490271 -9519829 105
-9166870 -9961386 508
-9688492 -9406117 258
-9566233 -9188009 698
-9128153 -9658011 690
-9668202 -9242626 316
-9140042 -9521313 879
-9276940 -9473435 777
-9674428 -9407914 395
-9840761 -9270263 471
-9919260 -9506630 942
-9265851 -9302921 514
-9907167 -9265688 637
-9716260 -9737335 986
-9626537 -9417605 108
-9653857 -9332417 557
-9636968 -9906017 97
-9449691 -9967542 89
-9808247 -9754301 413
-9171976 -9271140 114
-9425854 -9910710 224
-9926407 -9940607 200
-9554571 -9201092 87
-9964442 -9226327 41
-9737562 -9431976 249
-9932767 -9922501 878
-9768528 -9452981 462
-9440090 -9288561 749
-9764842 -9939861 592
-9634727 -9233415 916
-9816203 -9293360 754
-9590331 -9915851 118
-9614390 -9490668 206
-9218477 -9304599 172
-9908546 -9859224 556
-9366714 -9571312 370
-9939440 -9813534 64
-9729775 -9921462 920
-9058118 -9881990 996
-9929668 -9672242 470
-9413879 -9768520 660
-9702198 -9883674 611
-9828257 -9271156 796
-9284912 -9531721 697
-9726906 -9407282 56
-9644984 -9603108 350
-9723986 -9521415 45
-9666251 -9326032 155
-9781641 -9601683 341
-9999689 -9307161 977
-9151076 -9503974 35
-9958730 -9291899 474
-9827121 -9586796 1000
-9786445 -9747271 577
-9561248 -9818434 45
-9948779 -9454254 213
-9015021 -9755110 63
-9699702 -9686695 854
-9865214 -9593648 32
-9234861 -9739548 597
-9224083 -9461492 234
-9883519 -9871506 729
-9553890 -9763837 848
-9620332 -9322539 108
-9916951 -9164222 637
-9978628 -9580169 725
-9711783 -9386598 435
-9476332 -9280113 21
-9995703 -9918806 974
-9565568 -9551366 509
-9814119 -9741567 194
-9011540 -9847874 904
-9464798 -9851211 741
-9232588 -9969704 701
-9761511 -9695214 200
-9333521 -9814580 110
-9923587 -9894048 791
-9060989 -9513774 124
-9663459 -9765450 431
-9612201 -9766566 632
-9329568 -9340261 398
-9493718 -9805991 910
-9875313 -9473249 928
-9264382 -9153832 177
-9217328 -9407149 797
-9804913 -9633609 115
-9872222 -9754682 302
-9370257 -9463114 416
-9453316 -9215118 922
-9373474 -9942157 904
-9894363 -9574062 700
-9384284 -9274435 452
-9112359 -9267302 38
-9980429 -9988152 512
-9543276 -9707029 595
-9494028 -9202169 536
-9339909 -9956206 132
-9972772 -9488749 927
-9340277 -9799299 367
-9648572 -9116805 881
-9426882 -9470074 241
-9435406 -9783830 164
-9880608 -9361034 754
-9679504 -9760139 154
-9728234 -9557617 85
-9436038 -9609258 597
-9248120 -9531496 17
-9548464 -9577452 378
-9947992 -9953817 776
-9896744 -9544323 409
-9102981 -9641402 459
-9906722 -9224129 321
-9472343 -9527434 882
-9957579 -9442118 575
-9721338 -9775518 497
-9454389 -9654328 380
-9084358 -9268601 812
-9514343 -9619858 991
-9425344 -9313428 313
-9122299 -9117524 904
-9924335 -9330277 977
-9693421 -9278663 992
-9577218 -9384591 139
-9278728 -9580017 295
-9972606 -9914005 503
-9599760 -9395115 111
-9766579 -9303642 291
-9245185 -9385640 659
-9235019 -9753401 849
-9511934 -9453995 900
-9719053 -9522699 237
-9543768 -9528993 691
-9294525 -9657781 409
-9833148 -9422940 432
-9584955 -9530127 784
-9114451 -9686344 546
-9517553 -9481855 233
-9509590 -9469090 566
-9954479 -9424532 65
-9042470 -9623224 245
-9449052 -9881484 613
-9150301 -9251008 652
-9901606 -9865451 809
-9536541 -9339358 134
-9283834 -9170242 426
-9542223 -9889405 91
-9429952 -9546045 705
-9861952 -9589254 556
-9561901 -9921109 625
-9748076 -9234262 80
-9947900 -9636897 11
-9069061 -9304580 138
-9765864 -9293428 666
-9250179 -9748522 162
-9617422 -9381204 200
-9288337 -9332225 926
-9693989 -9650527 879
-9514817 -9569436 543
-9867757 -9586862 9
-9652921 -9935406 586
-9626118 -9248527 377
-9158815 -9704257 320
-9677310 -9222506 833
-9216366 -9329308 11
-9501092 -9669319 248
-9568824 -9958442 718
-9413563 -9957515 474
-9212953 -9357042 153
-9802240 -9467169 119
-9784604 -9961145 731
-9349543 -9527107 915
-9411891 -9868033 259
-9681681 -9505539 752
-9722115 -9360104 767
-9311790 -9981968 605
-9638461 -9982580 867
-9191523 -9298171 380
-9433665 -9524823 647
-9600250 -9296960 266
-9234946 -9172417 429
-9657765 -9971697 113
-9574294 -9374731 873
-9962003 -9673963 101
-9549082 -9657382 201
-9623515 -9806555 489
-9795365 -9955453 279
-9956977 -9537611 334
-9587840 -9832225 786
-9701058 -9693703 794
-9659327 -9132720 54
-9499163 -9094561 460
-9578998 -9293091 692
-9530854 -9490399 615
-9863798 -9477784 812
-9287456 -9692450 941
-9431335 -9231347 979
-9944511 -9683646 827
-9567410 -9943694 789
-9953659 -9561317 366
-9578317 -9970777 208
-9769903 -9847365 880
-9316632 -9429651 367
-9105683 -9899380 792
-9391176 -9720097 270
-9289401 -9795694 485
-9541916 -9791493 604
-9511589 -9986336 687
-9578283 -9317424 346
-9714686 -9492985 14
-9241896 -9841518 816
-9849092 -9512386 928
-9984191 -9817974 721
-9882313 -9290289 695
-9557454 -9554505 361
-9414104 -9738831 440
-9680182 -9649436 222
-9471943 -9682525 884
-9701302 -9529756 300
-9230229 -9103628 738
-9798049 -9780518 381
-9339009 -9122163 348
-9497285 -9869470 669
-9929221 -9211922 219
-9154028 -9774585 659
-9384087 -9770721 64
-9671949 -9342592 25
-9631221 -9395505 257
-9168994 -9581675 966
-9647538 -9628996 580
-9698238 -9608727 338
-9581095 -9544315 742
-9183542 -9296081 602
-9581300 -9956395 357
-9444246 -9429755 698
-9495388 -9822756 904
-9464966 -9570604 778
-9732691 -9770975 767
-9711369 -9866546 640
-9440325 -9618164 814
-9483693 -9966975 284
-9888823 -9210603 210
-9819026 -9950146 180
-9827731 -9499868 315
-9591433 -9869764 264
-9211432 -9627501 62
-9743220 -9831599 81
-9577444 -9913550 797
-9824006 -9302608 455
-9750818 -9685209 137
-9544047 -9836506 473
-9758904 -9387678 941
-9822078 -9632910 143
-9600380 -9670984 863
-9245640 -9156157 220
-9771923 -9465739 40
-9801514 -9653375 233
-9482370 -9342453 541
-9843709 -9696964 180
-9881185 -9634857 319
-9323432 -9701272 396
-9557957 -9978687 586
-9460088 -9191442 468
-9367878 -9367177 252
-9963723 -9818682 533
-9992018 -9408424 19
-9558158 -9786554 74
-9718853 -9507782 299
-9536793 -9913886 249
-9373788 -9480201 81
-9827824 -9381568 386
-9185034 -9950079 702
-9922445 -9949253 181
-9615299 -9448459 958
-9320262 -9602404 387
-9510178 -9339505 555
-9402015 -9943458 540
-9830963 -9760225 448
-9709999 -9401404 842
-9131714 -9556965 762
-9917839 -9251943 721
-9679100 -9957304 112
-9903027 -9350407 330
-9816914 -9343413 891
-9879024 -9997523 229
-9579516 -9671093 65
-9889257 -9672857 275
-9434052 -9746945 488
-9371090 -9346870 325
-9917030 -9823132 927
-9294784 -9062048 730
-9462638 -9855501 440
-9511801 -9987898 692
-9456449 -9611125 237
-9940479 -9740698 767
-9214228 -9172063 4
-9059529 -9642983 771
-9832832 -9457410 269
-9821825 -9899085 928
-9736833 -9693699 870
-9289388 -9319875 268
-9674734 -9395537 474
-9545146 -9911011 233
-9762052 -9292939 619
-9363594 -9957684 993
-9912444 -9703306 836
-9142683 -9180029 558
-9736259 -9366504 837
-9592093 -9443102 926
-9810986 -9494247 594
-9898567 -9083618 997
-9572762 -9353509 266
-9341513 -9856747 497
-9432235 -9350347 95
-9605404 -9646680 677
-9451227 -9676913 128
-9926403 -9518159 565
-9584608 -9964658 283
-9139743 -9900274 14
-9917933 -9287909 525
-9544878 -9096364 663
-9529650 -9927647 883
-9389247 -9716989 900
-9317666 -9887509 558
-9394568 -9923401 363
-9306816 -9195756 560
-9148420 -9969298 310
-9153200 -9670501 426
-9888742 -9734278 313
-9979915 -9729140 167
-9562309 -9462930 86
-9721189 -9571133 568
-9504684 -9709266 555
-9413506 -9424733 651
-9331274 -9658251 830
-9150603 -9780408 165
-9316993 -9670179 641
-9668729 -9299285 398
-9672989 -9946301 788
-9687969 -9404338 653
-9521382 -9526450 569
-9162350 -9365367 557
-9536606 -9439165 797
-9809097 -9501694 652
-9305361 -9193623 315
-9522951 -9195941 577
-9675113 -9576583 459
-9865092 -9738269 509
-9415859 -9643847 183
-9519825 -9675002 985
-9812473 -9427080 603
-9663079 -9910431 632
-9376008 -9350510 694
-9575411 -9537921 127
-9515363 -9691996 713
-9157997 -9414071 790
-9901995 -9920666 614
-9757653 -9973970 790
-9488638 -9514845 751
-9776055 -9085411 755
-9964763 -9338911 540
-9872708 -9570829 825
-9715868 -9834572 114
-9184797 -9116058 410
-9995751 -9452351 763
-9758608 -9520477 538
-9578567 -9903520 742
-9959813 -9159613 892
-9928918 -9404123 310
-9117952 -9744140 937
-9368204 -9903445 660
-9233138 -9461419 669
-9629080 -9431414 937
-9341623 -9392098 749
-9375620 -9178131 356
-9419186 -9820991 920
-9884549 -9740438 301
-9863170 -9871253 258
-9497063 -9623234 918
-9312584 -9294630 623
-9742632 -9956680 188
-9168986 -9480898 770
-9714478 -9449807 176
-9268773 -9973242 324
-9690122 -9550811 871
-9768098 -9400098 41
-9151010 -9836250 205
-9331436 -9615052 294
-9575585 -9354673 226
-9353716 -9238716 785
-9245210 -9765994 895
-9898307 -9944594 768
-9613390 -9288497 329
-9471500 -9943686 3
-9926246 -9510293 507
-9592927 -9417572 64
-9524966 -9559022 610
-9096355 -9834257 672
-9627510 -9715135 875
-9496599 -9415295 89
-9857719 -9573495 962
-9677444 -9961007 26
-9941824 -9766526 381
-9462868 -9331614 675
-9908489 -9700617 689
-9738144 -9894358 231
-9793545 -9711678 844
-9807950 -9518166 446
-9915348 -9560014 805
-9727887 -9396246 786
-9840733 -9896599 113
-9598691 -9885351 742
-9667777 -9559281 458
-9135273 -9473382 778
-9159306 -9212947 349
-9800491 -9797988 3
-9400033 -9654702 953
-9625310 -9531869 292
-9845250 -9511410 840
-9657190 -9619172 582
-9843522 -9362886 290
-9729886 -9735743 26
-9232071 -9529065 854
-9877078 -9766092 265
-9914748 -9623089 594
-9934817 -9320330 937
-9530913 -9317118 940
-9452336 -9546932 900
-9317510 -9518015 459
-9481260 -9573398 655
-9393431 -9669964 549
-9407716 -9212787 107
-9597181 -9765674 168
-9634316 -9896904 742
-9344795 -9887178 116
-9325045 -9433408 659
-9759802 -9956783 484
-9407339 -9958235 727
-9516755 -9095558 140
-9842370 -9633238 748
-9765688 -9707339 217
-9828016 -9564801 269
-9841960 -9710422 352
-9931993 -9878100 339
-9684372 -9395065 170
-9999569 -9571644 445
-9592467 -9342399 332
-9130556 -9774756 123
-9561673 -9917210 277
-9682283 -9732456 558
-9459128 -9855715 805
-9161107 -9755280 371
-9417950 -9471470 26
-9850043 -9690706 88
-9551390 -9197872 341
-9963180 -9126148 322
-9351711 -9131046 12
-9651414 -9624161 121
-9853046 -9808734 22
-9309521 -9298066 72
-9680416 -9832775 11
-9267367 -9451595 357
-9273759 -9712623 91
-9861413 -9497446 42
-9421633 -9465052 825
-9790401 -9841997 774
-9413644 -9574316 287
-9589075 -9399691 63
-9815257 -9870112 329
-9137194 -9475815 684
-9436707 -9504950 781
-9957968 -9794390 155
-9275508 -9897245 887
-9481409 -9131291 755
-9510461 -9774915 714
-9614419 -9809920 276
-9176076 -9666838 772
-9847324 -9172431 800
-9173100 -9915730 463
-9906534 -9557858 555
-9984724 -9340765 488
-9456271 -9617478 660
-9934601 -9910020 961
-9724739 -9932129 259
-9394134 -9457770 612
-9668899 -9788024 800
-9486297 -9292311 871
-9923035 -9399365 517
-9962374 -9731831 817
-9404389 -9332222 813
-9707492 -9644945 659
-9883626 -9847503 13
-9687758 -9463966 125
-9836050 -9411062 996
-9891243 -9845931 538
-9899079 -9446671 495
-9114029 -9535932 128
-9942746 -9684592 144
-9908444 -9679748 691
-9499971 -9461684 773
-9213739 -9497361 486
-9833155 -9715416 773
-9683483 -9825989 171
-9640336 -9706695 128
-9876263 -9869169 937
-9224598 -9590371 12
-9856617 -9421005 542
-9158104 -9360564 789
-9781567 -9849606 880
-9932038 -9415727 541
-9882019 -9618008 794
-9659713 -9633499 685
-9508465 -9823897 703
-9361188 -9299145 621
-9253251 -9491614 353
-9993453 -9600745 22
-9286298 -9583494 678
-9916797 -9874412 375
-9823619 -9886551 942
-9797722 -9271887 377
-9874675 -9809451 553
-9333951 -9573253 175
-9282489 -9288848 445
-9548778 -9825887 224
-9708471 -9408874 500
-9597377 -9610063 266
-9428797 -9416297 392
-9828258 -9358398 565
-9779703 -9232140 463
-9914180 -9127292 819
-9678823 -9426798 282
-9828029 -9413493 486
-9776553 -9738677 271
-9979462 -9754182 974
-9796633 -9845142 445
-9487651 -9905863 188
-9508391 -9951451 473
-9832626 -9315045 220
-9288388 -9825022 657
-9648159 -9538572 382
-9633029 -9427069 702
-9497520 -9519442 51
-9338861 -9347368 613
-9535662 -9867409 247
-9306936 -9961773 359
-9327100 -9640387 219
-9860275 -9728320 633
-9739283 -9995144 829
-9577948 -9692061 458
-9093537 -9559788 677
-9902375 -9719829 661
-9302869 -9437991 460
-9859603 -9713045 457
-9535831 -9175133 184
-9943119 -9778419 696
-9245680 -9563617 207
-9555689 -9470248 547
-9795170 -9255057 109
-9319596 -9775424 24
-9777675 -9496511 433
-9183368 -9252505 808
-9662205 -9633828 358
-9169417 -9412254 481
-9327091 -9972309 668
-9065523 -9640200 968
-9277850 -9269048 263
-9743418 -9160757 999
-9496581 -9436388 270
-9655133 -9863262 549
-9450335 -9744046 647
-9863630 -9784400 306
-9799494 -9999974 987
-9587274 -9820843 279
-9389656 -9618741 270
-9937251 -9298679 678
-9599741 -9374231 784
-9111287 -9726063 595
-9435593 -9721786 783
-9218034 -9996557 293
-9181283 -9810191 839
-9298218 -9474214 375
-9963031 -9868205 277
-9218246 -9658087 828
-9603595 -9542942 847
-9481375 -9224418 118
-9680600 -9811821 886
-9707886 -9287502 791
-9867234 -9348232 437
-9422972 -9286903 846
-9888256 -9517563 821
-9667445 -9591647 5
-9087792 -9941679 85
-9619085 -9763075 951
-9499864 -9308789 943
-9735370 -9227794 709
-9369618 -9248856 729
-9299918 -9436271 146
-9265876 -9676328 758
-9935185 -9343055 271
-9327603 -9385921 726
-9509014 -9733036 694
-9209088 -9679031 122
-9625372 -9705524 394
-9426733 -9535133 149
-9163220 -9773638 964
-9524827 -9682207 723
-9303059 -9741015 787
-9684660 -9516181 638
-9558300 -9939220 611
-9536801 -9866079 973
-9714127 -9190311 564
-9139055 -9510827 843
-9515131 -9408077 654
-9506115 -9289811 884
-9854413 -9388501 256
-9489944 -9914759 760
-9160618 -9426510 527
-9399353 -9283070 388
-9488547 -9391007 239
-9703133 -9692103 355
-9675297 -9677713 969
-9913488 -9443335 214
-9827715 -9830134 649
-9907832 -9448416 966
-9660043 -9740120 204
-9265765 -9380977 136
-9711794 -9943617 964
-9343342 -9407026 11
-9333540 -9237347 824
-9357331 -9560169 651
-9546167 -9629468 701
-9381563 -9723550 758
-9621087 -9265009 40
-9235183 -9683101 436
-9794073 -9389151 222
-9826835 -9448200 136
-9479829 -9647709 388
-9855284 -9861551 445
-9506590 -9358941 975
-9738088 -9335637 428
-9210688 -9064791 402
-9291802 -9348408 600
-9735005 -9806896 770
-9663250 -9610594 644
-9744070 -9794746 386
-9751632 -9247588 228
-9483601 -9368059 677
-9813923 -9570424 724
-9871327 -9548198 415
-9897670 -9803928 712
-9230213 -9510682 800
-9910533 -9189261 118
-9869013 -9262814 515
-9365153 -9177530 771
-9557115 -9710323 600
-9772431 -9830380 41
-9815633 -9477906 965
-9695618 -9800637 623
-9217669 -9925277 102
-9699890 -9799676 32
-9341686 -9283478 948
-9481717 -9774746 539
-9502165 -9220446 829
-9793756 -9282263 280
-9628100 -9197693 430
-9704904 -9765794 995
-9825589 -9835462 966
-9838540 -9780313 320
-9833369 -9344350 371
-9330415 -9730671 673
-9677018 -9756464 647
-9549855 -9644149 794
-9765258 -9677219 319
-9700992 -9502105 486
-9589732 -9298627 898
-9555651 -9532151 224
-9393143 -9899243 915
-9082916 -9929255 585
-9426419 -9596557 368
-9692633 -9666953 328
-9139715 -9791612 605
-9519657 -9934726 586
-9849632 -9654010 175
-9364469 -9878786 140
-9315063 -9516031 140
-9795026 -9567038 846
-9556901 -9497405 889
-9164125 -8997454 914
-9644918 -9822107 985
-9809085 -9906850 532
-9363134 -9758051 87
-9754777 -9919763 992
-9705388 -9737542 201
-9606303 -9782231 147
-9737067 -9759760 252
-9817022 -9829054 679
-9504913 -9541475 143
-9494680 -9243009 597
-9993981 -9413688 513
-9902357 -9469218 466
-9987384 -9799044 550
-9588529 -9731735 53
-9770245 -9499046 562
-9734508 -9635732 158
-9194398 -9560317 736
-9266083 -9539184 337
-9861917 -9679277 72
-9857974 -9226516 619
-9366236 -9289725 628
-9492891 -9560444 856
-9137615 -9657099 491
-9628350 -9228515 564
-9804349 -9856642 598
-9077979 -9863215 532
-9469416 -9779129 942
-9917398 -9670894 694
-9976064 -9786634 431
-9641736 -9671299 365
-9542914 -9427442 973
-9470755 -9316090 213
-9261249 -9326449 362
-9687719 -9248031 50
-9809274 -9270304 435
-9684697 -9350499 11
-9742460 -9447907 666
-9689957 -9708336 164
-9539103 -9362268 205
-9488097 -9531540 818
-9439275 -9601276 679
-9259177 -9646924 805
-9632786 -9723308 260
-9672917 -9616228 702
-9642072 -9692495 66
-9953935 -9585692 958
-9160350 -9478056 302
-9921985 -9331103 134
-9540812 -9444916 827
-9319104 -9637559 428
-9967667 -9292262 847
-9606315 -9571256 594
-9883251 -9775375 819
-9452307 -9507055 697
-9964853 -9418668 445
-9229084 -9756768 210
-9553695 -9795635 631
-9484138 -9363804 916
-9819168 -9781444 379
-9253890 -9913200 845
-9366281 -9569914 854
-9275266 -9979340 1
-9753610 -9833186 374
-9986759 -9554626 364
-9185204 -9690535 570
-9624268 -9848914 726
-9447459 -9570704 235
-9258702 -9926824 187
-9576122 -9565545 99
-9381538 -9289293 586
-9200529 -9607334 207
-9663224 -9949857 681
-9666131 -9116793 934
-9865682 -9882482 911
-9384945 -9758053 898
-9387666 -9000240 192
-9782671 -9508618 567
-9593318 -9575848 51
-9203840 -9745599 206
-9545261 -9730343 73
-9465193 -9322038 185
-9685341 -9666997 794
-9448257 -9531064 278
-9705487 -9362512 760
-9314930 -9917788 466
-9742853 -9245395 579
-9394233 -9303882 916
-9739772 -9287317 815
-9369339 -9686870 342
-9628336 -9671548 458
-9179327 -9614879 459
-9414878 -9719554 792
-9641909 -9953818 802
-9588298 -9849782 762
-9426795 -9418024 850
-9530968 -9300526 849
-9474533 -9812105 21
-9534293 -9736254 688
-9818812 -9713770 541
-9767990 -9708025 729
-9231321 -9613127 951
-9955643 -9397967 29
-9429889 -9843120 450
-9726503 -9701050 573
-9227516 -9253112 224
-9273755 -9804330 584
-9470098 -9592750 562
-9224625 -9478833 869
-9632424 -9809640 355
-9643694 -9397706 115
-9364073 -9220106 85
-9587706 -9976250 238
-9779949 -9611538 396
-9605505 -9252770 657
-9816636 -9824537 645
-9503063 -9609699 702
-9159525 -9709755 601
-9384886 -9415095 643
-9598775 -9213395 904
-9027749 -9817702 434
-9136172 -9180422 419
-9447726 -9596448 971
-9901861 -9251063 445
-9861192 -9379141 411
-9384502 -9433572 413
-9911575 -9916403 669
-9538162 -9603624 868
-9851121 -9608445 597
-9589748 -9498843 467
-9793219 -9354294 875
-9616298 -9830275 174
-9250929 -9573596 112
-9359060 -9687883 204
-9947045 -9377019 299
-9658914 -9678538 460
-9965671 -9526271 430
-9608629 -9714150 696
-9795989 -9746030 283
-9832475 -9665169 622
-9424851 -9241604 441
-9645555 -9948916 284
-9698345 -9480842 543
-9395061 -9481628 502
-9475426 -9854005 549
-9485082 -9996157 802
-9189877 -9592220 805
-9487607 -9511568 289
-9841617 -9884984 568
-9301679 -9940645 901
-9704736 -9382911 427
-9758989 -9258035 380
-9362581 -9682397 875
-9884540 -9403294 910
-9806468 -9925241 20
-9425262 -9312408 81
-9248963 -9558134 169
-9354056 -9286482 911
-9791574 -9658099 83
-9382656 -9207310 250
-9707535 -9347984 586
-9939491 -9634301 854
-9906711 -9157104 391
-9565770 -9892663 922
-9944561 -9899251 706
-9448044 -9506234 970
-9589587 -9697133 151
-9968129 -9589565 752
-9801232 -9820732 341
-9894814 -9411587 305
-9693371 -9752729 238
-9262656 -9495972 991
-9329783 -9657054 156
-9692499 -9883374 114
-9870064 -9263717 494
-9306432 -9282592 109
-9720699 -9561614 315
-9519817 -9791122 516
-9196401 -9499269 678
-9359259 -9794141 597
-9743297 -9215625 936
-9735621 -9425587 989
-9573222 -9926619 184
-9940185 -9226243 171
-9179711 -9649374 755
-9455240 -9074871 86
-9908800 -9791329 175
-9969225 -9966237 762
-9533033 -9386953 586
-9567759 -9727104 371
-9200993 -9832332 598
-9740730 -9897828 876
-9538510 -9395167 559
-9350907 -9934964 213
-9437098 -9392135 998
-9204613 -9254386 728
-9363293 -9618569 623
-9817203 -9627686 95
-9698126 -9981191 414
-9532389 -9405271 58
-9435500 -9190376 921
-9252876 -9931571 85
-9839008 -9893969 445
-9185540 -9467294 398
-9396090 -9911955 582
-9224561 -9640585 76
-9170356 -9975765 87
-9361844 -9319032 474
-9465281 -9600240 693
-9397230 -9441886 240
-9968960 -9838154 816
-9825799 -9057126 643
-9228312 -9735394 371
-9910157 -9775192 267
-9585955 -9684409 980
-9377617 -9847469 635
-9426943 -9734221 326
-9664565 -9417009 357
-9371863 -9175586 622
-9512382 -9581104 951
-9836565 -9330012 720
-9533996 -9549864 607
-9894418 -9471404 406
-9582323 -9853539 274
-9882519 -9702761 405
-9553327 -9318015 70
-9429467 -9886089 663
-9643400 -9175951 7
-9451969 -9766072 576
-9315326 -9722704 867
-9941645 -9319802 144
-9654167 -9589769 894
-9514869 -9952866 861
-9590661 -9772611 558
-9595450 -9972542 977
-9713192 -9593063 421
-9361506 -9524097 202
-9786622 -9790947 428
-9315851 -9546161 922
-9247041 -9399627 333
-9546780 -9127304 558
-9389666 -9834168 458
-9247066 -9441237 446
-9969200 -9190899 30
-9617400 -9649667 600
-9079824 -9878115 753
-9495783 -9545346 540
-9432785 -9462839 798
-9459976 -9932352 722
-9806828 -9165841 663
-9296081 -9674652 778
-9525006 -9503429 665
-9512789 -9953493 823
-9726116 -9582174 80
-9489543 -9643864 895
-9303743 -9212566 209
-9566058 -9906358 119
-9475534 -9540201 964
-9694936 -9308233 324
-9545811 -9944250 913
-9932040 -9705409 423
-9967433 -9815984 454
-9901501 -9848628 43
-9694351 -9548221 61
-9261073 -9852585 683
-9796372 -9922851 350
-9205681 -9231460 994
-9480189 -9693709 74
-9447872 -9956515 759
-9923198 -9766018 602
-9148922 -9507284 808
-9220887 -9528834 483
-9560269 -9563807 30
-9783612 -9922612 34
-9811130 -9685032 871
-9853459 -9393032 836
-9778373 -9427193 274
-9744040 -9270562 11
-9625873 -9275659 180
-9722232 -9722519 720
-9579310 -9224701 609
-9743393 -9299851 463
-9360059 -9882561 528
-9809878 -9942028 624
-9904075 -9768877 10
-9968911 -9994309 922
-9540927 -9424116 580
-9619102 -9760289 771
-9608377 -9793176 838
-9106588 -9260791 84
-9460246 -9947563 715
-9828752 -9536063 180
-9557400 -9812062 88
-9826497 -9056901 998
-9661532 -9463418 828
-9564340 -9408020 509
-9623220 -9435717 108
-9666639 -9326054 518
-9896393 -9655207 399
-9920275 -9157150 576
-9421565 -9339857 368
-9841099 -9633280 823
-9639241 -9332691 255
-9872401 -9710526 200
-9344756 -9448844 282
-9357970 -9263567 410
-9278655 -9529222 856
-9554172 -9801829 6
-9826620 -9097413 526
-9520253 -9832479 471
-9914250 -9561800 164
-9273602 -9395636 605
-9229464 -9578522 776
-9150708 -9870168 855
-9573568 -9697795 239
-9109316 -9405207 693
-9361121 -9717975 719
-9931331 -9147322 828
-9663116 -9613409 53
-9704843 -9142466 72
-9902912 -9760639 132
-9298694 -9684082 276
-9053673 -9149829 558
-9745975 -9310071 819
-9763733 -9525246 745
