2000
21828 -77375 899
-93544 -18822 379
32989 -29494 269
-65155 90514 7
-41649 88954 765
72390 -66302 658
72322 98413 562
19981 16788 16
79475 62538 355
65557 -6796 362
-81851 -68334 886
-21356 34073 61
-79210 52412 346
64040 -30388 683
33666 -33355 551
-52273 -32574 886
51213 74673 508
-94614 -79513 645
44939 27609 224
29510 76156 385
-24083 -95085 944
55334 59203 931
-69141 -65450 619
39258 23351 631
-22322 -64168 421
92288 84713 881
42490 78900 695
8746 72453 375
-95760 -35511 755
-49569 -29952 103
8289 53006 640
94114 2162 847
97642 -70564 189
-85360 -84430 899
-32271 76459 57
28450 -34623 970
-29719 -38627 990
62239 -42332 97
49315 -58277 623
-50943 -58812 853
-73556 25861 414
-21115 17590 276
-55036 70343 402
-41539 24157 926
69721 29709 8
78426 2891 473
-52791 -8565 439
-62165 -60809 252
10926 -43104 39
-11347 -54972 674
34014 -94902 124
90539 -19911 678
61740 19881 923
92276 -78604 291
81504 86204 140
91217 -53905 760
-25349 -26654 66
77079 -42661 331
4134 -34504 528
-59723 74701 222
-33373 -34985 343
83137 79028 595
7671 45375 451
1743 66832 126
71996 58982 170
-30478 42411 493
-73519 -36432 396
94132 -92568 227
94835 46658 240
-71995 -35423 417
77151 35060 28
-36124 -93361 782
9 83000 336
24886 11933 232
43856 -45180 836
-89420 6914 509
91701 80553 425
-52530 -95739 409
53920 39828 423
86865 -19009 632
30912 53444 571
37119 -55659 838
64759 84334 311
48214 -68950 336
99641 53606 156
48123 -49267 983
6325 -16737 841
-59280 -74750 691
10027 4853 881
54086 -44034 831
74219 -14365 704
93231 68275 105
63732 52819 392
65056 -96832 954
-93328 49850 335
50297 -63384 156
-19651 -67340 105
16732 -88963 591
-13008 7960 63
-86741 -51087 655
-64309 76909 764
79428 63623 873
-37388 -61902 959
52631 39297 111
-24424 35266 836
-42324 59685 830
10993 64354 205
11874 -52394 620
58276 -87593 971
-33890 -57743 209
-93634 -20119 525
11871 84939 173
75573 33305 228
76713 -90370 734
-19758 75216 735
-63654 8555 776
-72351 -61979 217
-27468 61858 868
-40843 -39618 851
-87701 49363 114
72846 -47586 575
47783 40373 963
42599 83686 73
-67557 11679 321
-75768 81588 266
55822 45783 6
6012 -13749 426
34858 21358 456
81343 24636 320
-52681 24358 228
56795 -26487 5
34083 -51167 778
-20804 91035 344
-58353 -42133 245
-58871 -48052 695
-49902 14209 36
83780 -99275 607
86752 -58392 964
-71775 -22506 512
-37558 78785 273
55917 58892 374
-83124 -18131 631
38728 -60599 52
56471 -43064 456
-11542 -48295 98
28843 7019 838
-23677 -4758 455
57365 38554 198
-39445 55077 924
61150 -62512 37
-92212 -27616 64
70520 97644 592
-82256 72644 636
-64675 67454 71
94487 -71987 130
-34633 75431 634
51796 -54776 771
-5811 38015 833
-97637 -95783 164
-69249 -61974 865
73271 -10053 957
-86476 -16199 723
14375 -57067 607
-81398 -85885 799
-42142 12479 76
17882 19245 143
95719 8267 432
67512 -17220 765
98136 -43179 521
-76526 96511 425
-38564 26242 14
-71 11631 563
59265 70894 552
-76869 67577 354
-76108 84159 616
57348 86901 223
92372 63797 385
-71155 35733 356
69729 -2759 427
-44770 -6573 36
34214 -96746 38
-39675 78176 577
68445 -25420 736
30576 -72752 344
-98970 -34347 599
30253 97899 21
-48991 61061 774
-26871 27944 908
-80489 70558 691
16854 -31057 953
-39062 72433 655
-86308 -70666 2
40189 38189 352
-43256 7263 190
73736 65496 894
4762 65460 75
-5623 77607 152
46096 70029 862
-51894 25228 236
-56975 67410 777
6939 -5391 548
36663 32812 413
-48360 86277 846
-80946 96801 601
-8153 -86316 304
-91447 21826 110
-92290 -95516 717
-15237 39216 208
-83472 -6057 417
-78822 20685 859
-6300 -21641 857
63943 -50250 854
-43345 -31524 814
-94533 2130 295
-20359 -81370 520
-95230 66350 934
-33050 -27626 600
49111 88752 956
-93728 83812 655
-25473 -73335 573
-21306 -66128 562
46167 -64600 815
-71096 -75409 828
-6006 -53809 425
37464 33172 94
84622 28804 836
48476 -83259 480
-43438 93322 206
45198 -56798 197
-84369 16500 827
95251 92743 168
-20192 51777 810
-86260 90605 262
-25555 -25566 476
97731 83001 724
-52668 -19542 790
15371 -2976 597
968 -77204 368
90235 -73927 485
3676 90243 398
-92553 -8112 227
45025 -86399 43
72301 -11773 136
-75395 -11486 340
-17452 56781 675
-36418 58855 257
-92001 -92977 346
-89139 57107 8
29619 -64894 592
-26873 -66813 735
8716 -3780 502
61662 -49502 512
-77980 39489 996
-11607 67111 382
-57415 -78883 959
59705 45452 35
70441 28328 726
-36965 -81990 995
-8823 -20548 948
18906 -13312 194
63000 12627 642
13474 62444 204
-79125 -32717 368
-8847 57878 263
86302 -67470 507
84449 -71496 582
-81662 -98306 101
25568 -70155 887
67957 -83194 604
37310 -13800 232
9405 9521 795
10240 -68059 88
-24135 65481 522
-58893 -81138 244
26925 85092 880
-92698 -47844 969
-99761 25263 8
-35242 15136 693
-36073 89372 442
9939 -84289 138
-45293 87362 656
39319 28316 666
61140 -42461 215
29106 93913 860
-42078 33748 500
-13253 86933 263
53728 85226 753
27307 56287 851
9443 21280 800
56650 18559 293
-90625 -62527 50
-69665 -85490 789
26094 -4818 160
-51833 -1124 883
39412 67104 827
-58394 39688 556
75843 -96123 84
29943 9682 210
-79441 -75546 628
98208 -55252 367
9321 60769 250
14881 8598 221
-80463 -37465 178
-19168 87967 620
-44520 79189 401
-63992 -91987 953
93257 -95046 865
-86027 -2231 769
-11377 -71397 495
8771 51022 736
-28269 -2026 686
39493 -29598 907
-81616 69813 672
12194 72309 552
-38453 -2026 472
2671 -29725 680
11678 53438 519
84812 46117 955
-67318 -56695 217
58820 -55903 213
-23559 31433 68
-26667 46011 41
-84964 -46236 964
-80017 -7267 878
758 -39060 15
-85962 -72389 445
-30394 -14005 774
21097 90991 362
-18854 2223 407
52647 -79829 986
96109 -45272 559
26529 -32093 586
-36998 62604 72
-12776 -52111 901
-75616 48491 764
95181 6658 355
-50623 -42892 611
-38746 4106 371
55653 -40453 5
89602 21647 930
-30881 -47530 965
-29461 -26115 463
63578 48777 197
-54615 -35280 486
-80552 33099 780
814 78623 223
-75487 44560 107
56297 -24455 771
75568 9028 842
94508 -91026 493
37916 -13462 417
-16697 -86237 399
-47953 5370 257
38160 -21988 366
17494 88557 224
62387 20291 778
80472 85886 946
-66902 -66420 603
58937 46861 84
64258 -96925 894
-80776 -18353 511
-7939 13070 414
-58784 -6094 876
-13818 50028 405
-44080 -37584 567
-52265 -63791 917
78870 -39114 352
-32397 -9894 409
-25895 -85815 829
13820 31684 43
37181 -88 688
-52374 -63626 240
31055 93100 260
54020 -69104 464
52827 -47789 12
26461 -62743 91
81664 53680 506
-50736 44543 375
29155 -57128 218
63637 20364 84
-33562 31021 601
-72631 79586 974
-41733 39747 220
27229 51008 41
10459 42184 387
5675 85659 499
57992 99441 879
3013 -14075 192
-61509 -77612 364
68066 -29032 187
-85246 50787 379
18451 -48493 67
58265 29615 289
90254 46364 430
-82558 89777 156
3527 37138 567
-52322 81829 265
-50933 -76793 158
-98795 88044 375
-57942 -68310 723
-76058 -96414 897
40240 99961 206
75718 21367 716
98021 -24368 662
-65994 3676 707
90992 -36455 355
-45755 -73179 374
-97119 -90152 382
74857 22364 798
-2149 -61986 231
53673 13906 266
77343 -32541 931
-74261 28241 196
83141 15255 203
-13662 -65738 878
-98781 -8678 775
66658 -27228 985
-53601 -73312 248
1450 -23570 142
-1059 -82757 1000
-48746 21120 912
-19000 -8 60
89283 -42508 563
4152 79114 12
81475 76272 319
63934 -59996 317
-32786 -7494 943
39936 56314 628
-61087 18566 680
-70886 83065 679
-19443 1457 593
11572 83595 207
-86454 -26098 683
99392 -21781 273
36352 -63659 471
91297 67031 152
64013 66313 111
-61758 -65980 283
19483 -52541 17
-54798 94116 963
20670 -28168 900
73935 57792 951
-10728 -52449 723
-59085 547 183
-45255 71251 212
15471 -39343 235
-3622 12144 737
41884 5859 404
74668 27324 461
-33369 99158 713
97621 -61715 477
19668 -30456 150
28885 -47827 955
-92649 32634 798
-55751 67901 933
-72727 38352 922
-11091 74373 276
19057 -81614 362
57019 49517 721
8645 3908 680
41887 -504 55
-7072 82202 777
-70297 34374 129
-94400 -44529 27
-21748 51903 680
-1943 99999 960
-35631 22278 179
29937 63117 971
-12269 30589 173
6683 93193 766
51585 -69488 568
76347 -82033 435
-39676 97365 911
-62218 62129 427
65131 -23123 89
98009 -97235 165
25857 -23369 13
-92228 26075 486
-69022 70410 105
-9280 78981 740
-85876 34016 308
55258 -88642 536
33893 -101 50
-74843 13082 540
1259 -58297 651
-72244 81707 750
99286 31673 628
-9673 -29996 313
28067 -77556 272
-59942 78049 12
53651 -75986 809
8713 -3472 691
-97933 35277 782
-19325 -28810 424
8061 -70809 927
61260 53970 806
82335 2851 876
59203 -12626 726
12447 -72956 216
-91427 82953 931
77804 -46071 707
-49955 35386 714
-41340 -11223 85
51974 -29972 84
17310 27720 641
-44474 -15122 138
42579 16693 377
-46309 -67788 81
-21561 -61316 306
-59780 -42576 860
63883 18951 392
99613 9588 474
83402 -68795 116
-41394 17322 665
69838 14149 379
92416 -45537 916
12095 -63401 752
11832 83178 273
-53577 -75716 11
75800 -49399 934
64082 862 395
-52643 -82424 615
41761 26303 697
47700 -39597 524
-21579 -88075 246
89988 71780 497
-64856 -37807 624
-11555 -56276 438
91322 92353 202
-96057 -42079 621
-58161 -49764 11
86589 -43318 497
42218 18804 455
-31446 -62802 83
-51811 -41160 899
-56614 -35117 916
-51726 -19039 544
-95125 37979 739
-30983 7955 603
-72521 12379 697
3759 -58937 584
8764 41128 511
-58190 -76944 65
10666 75824 138
-36263 59832 311
-8406 -48995 28
82776 -60718 319
-16379 58378 609
-32791 34498 434
56532 -80153 198
-56836 -40647 479
73740 13365 397
57739 -58089 962
-60917 49537 106
-10597 -43955 94
40594 -88013 685
-44573 -18273 894
10285 -99143 361
-20914 -9894 571
-7007 94088 241
7395 30712 136
2095 2482 382
-32302 -53911 628
65227 13118 831
80640 41309 787
99363 67285 316
82232 -66006 615
10238 -71305 63
53443 7748 859
-90361 -75845 1
84866 30016 327
-97737 -43234 836
-44509 24378 760
90978 81651 191
-6392 81006 784
4400 -52736 953
-94067 -13668 951
21386 97080 620
22547 51296 107
374 -99248 331
-66096 13507 260
-76087 41195 966
-44254 6825 493
-3796 -44108 731
62731 -15513 766
-89843 58471 31
-82394 -57020 970
43742 -50808 88
83422 -85308 481
56891 91672 797
-58356 -86516 980
-17524 61531 539
-38309 48180 259
73214 63914 173
69160 -842 363
54189 -51358 426
93607 63768 24
-72601 83187 904
45967 -1636 176
41728 82121 217
-19097 19671 43
-95943 -9527 884
43628 78731 263
-6489 11848 219
-10842 -15093 831
-47145 77920 626
-17192 -26190 256
64962 -64463 391
-96596 86677 772
23504 -42784 540
-43558 -17619 747
-36534 15423 319
-63813 48047 704
70027 29224 936
-60588 -44455 523
-57452 -80899 86
-54581 21434 229
-82755 -6773 773
44509 -30146 524
-4854 -44987 787
85895 86492 227
8156 31412 250
-70174 29967 352
-74789 84099 675
-90108 21981 925
-2005 -73524 376
-25274 -50181 239
59602 -40327 461
81728 5441 368
70793 -51862 27
-73652 -47107 57
61144 16600 770
90069 -62728 904
-25665 -11944 756
15128 -64413 645
-71752 -98921 421
48571 -16123 670
-89490 -61800 368
-97271 53534 514
-98392 -42567 10
-39530 -95727 969
47924 26092 619
25445 63991 585
87374 1369 364
99061 41361 507
52819 9272 759
52984 62240 407
46429 37150 143
-11173 -3880 469
-43338 -21366 888
-86242 -38658 257
-54296 15262 910
-56611 -23890 96
31840 -36629 167
-15514 76290 374
81349 46423 712
13238 66564 478
-73013 71487 417
-8134 51673 703
-6142 43220 687
-95906 -20778 633
-43205 90951 186
67440 70832 384
-52683 -39774 727
-47801 16724 967
-45259 92480 264
22277 75112 802
99954 -61574 43
-88824 64981 673
-17205 -19865 757
-51711 76785 870
-93083 -93778 552
19797 -87298 379
15765 30145 430
94147 35007 621
-8161 -13235 279
59986 82372 174
78751 -68818 213
-67437 -86795 653
-66405 50570 692
-37120 66454 666
79908 46534 668
-8202 -24505 223
-80158 38430 44
-46831 98570 427
7203 -32820 842
56675 -32933 559
8033 -21454 706
8351 -32768 905
5882 89748 696
15386 -99479 698
71035 69835 917
90080 -37731 941
29202 35826 773
67570 -50303 260
25442 21680 711
-23235 -26710 923
92589 -97561 298
49017 -4824 483
-63300 -19049 583
22650 34625 996
57728 -21012 109
82734 -58512 556
9415 -32928 864
96928 -58324 719
74188 -16851 137
79137 -14079 334
3702 -44994 323
-83793 2801 697
75139 80063 270
-6726 36012 537
76131 -27546 43
11420 45841 435
7055 -37582 766
-4487 -45981 943
-60278 58833 138
33149 12004 325
-56860 42783 331
77496 -31695 922
-66126 -83545 739
-24376 91744 108
2477 21828 768
49267 -56258 70
40157 -15331 269
-4183 76596 364
-77846 -68857 857
55396 20208 643
33363 -4771 252
13807 -18409 111
-17255 -47753 345
-85057 87911 138
-63460 -13597 442
48428 87784 610
-60810 26931 266
-47023 55960 621
-91326 35152 668
-9796 41001 351
-73734 71116 915
-5165 -60864 653
-47207 -31973 244
13660 -38622 409
-37566 5519 58
-17075 -15597 523
-72751 32283 543
67503 37705 166
43778 -85307 649
-79397 -54617 461
64244 49176 630
11388 79723 788
-51795 -43579 526
-33418 -18559 838
75066 93869 393
90047 50834 454
8159 -34460 312
82486 -21155 278
-78509 -38591 738
-14700 -6747 479
4241 -13564 99
-94791 -27378 621
53382 3200 551
99080 49746 1000
93213 -32009 761
-67287 54390 590
-17113 -87131 633
-5864 84191 216
-36016 81735 577
-43330 39076 270
-26415 43402 894
52860 -18697 49
40293 86635 422
35880 35221 206
-50312 -59026 510
15599 -92729 684
41515 29853 35
76951 17734 688
-65645 30628 641
-82436 11871 33
93645 80627 229
-8235 18214 721
28849 22264 656
78383 61252 15
97392 18277 244
10134 -42659 403
86734 273 589
13953 -55680 885
-27848 -42951 529
1409 84004 316
71228 -69062 50
-88331 -25483 484
98427 -5200 294
-30221 32121 442
-83218 81633 500
39049 94188 625
-7710 -93675 627
-79394 81814 841
-52012 -59156 234
83853 64983 511
-51130 -5966 227
46286 -87529 986
89185 42671 62
85300 69089 467
97327 -48918 812
-31683 60566 390
42217 -38509 385
26998 69227 554
69858 80646 995
-53641 89785 481
77705 39486 750
58586 92061 822
78885 92247 526
31612 49391 153
-57304 12414 203
21155 28259 355
-5243 -23104 668
63631 75289 907
82218 -86483 623
-38749 -76499 268
-87516 44037 642
91382 -97997 619
-44967 78670 285
10154 62018 559
58062 73935 646
-89008 74484 514
67667 -46835 316
-51693 -67580 462
-59113 44051 134
-28656 65097 345
-68885 -35949 753
38934 91686 915
-8643 81665 964
-4811 -27308 795
-94073 28816 103
3178 -41306 243
-16057 67965 991
-25170 -15175 491
-34778 13145 706
47137 92862 456
19421 -29786 675
50454 -32569 339
-17266 -25651 735
-46775 -31149 73
69004 -34537 831
1496 72672 90
-4047 -1158 284
-90767 61052 8
-1081 -26179 49
2213 -48243 112
89422 65914 654
-32018 -85463 699
-6984 -17916 33
65876 23203 372
-79139 29599 815
-99970 -89050 210
15215 -51692 824
65301 80182 739
-87667 57918 707
75158 26641 893
-42886 -20512 115
-49591 90992 118
73622 -43560 844
-87816 99362 353
-12328 32924 16
-79939 -14550 698
99387 28197 853
33013 61531 967
25775 64913 432
25289 79373 775
-76937 -37792 575
-65452 -51838 857
-36186 -21693 306
95011 -46839 326
-73292 53196 98
57535 42015 103
79060 -79157 848
38434 -45691 947
-8430 -1932 181
61648 -585 631
-17772 -80141 420
-56035 94871 948
5043 49463 581
-78974 21289 876
36518 -86540 488
52886 33663 666
67965 -9770 376
88244 -9966 195
66172 -52792 392
-81924 68084 613
97286 -51914 316
37231 -55301 148
-51854 -54458 76
-24368 59329 438
-36652 -64630 784
91713 -8387 54
-55944 1646 551
-14191 66789 4
-80499 48373 798
-42202 54703 541
69028 -4091 386
53734 -76770 318
-77165 -1091 739
51861 92363 80
-35493 75130 751
-52857 -95467 746
72445 77230 825
57782 67802 179
-66217 -4785 414
-74960 -88400 851
82671 -92270 577
-58078 -66286 294
-19691 25012 370
-68965 -54023 235
-86031 -87875 332
87982 95565 633
40292 55965 816
11998 -57454 326
72272 -79061 262
67206 -94729 708
91619 31728 759
-43969 36336 408
7614 -90133 242
-82160 -71415 903
29486 -60069 133
50125 -8545 474
77334 84740 132
-70577 15484 587
-10332 -99472 328
18964 -31225 304
97589 -22478 561
18382 73298 813
20042 81437 553
55380 -53757 1000
67875 -78467 13
-10392 -92556 2
61706 -70981 406
-39664 -50093 837
-61583 -77082 426
71219 -67510 509
43029 72413 533
-39974 -13359 825
-18610 -89397 672
-45364 -40594 412
37464 -93008 858
65370 38752 281
13998 83122 31
-80016 -37409 603
-63377 -41878 230
-13119 -5470 487
85095 -64002 740
-86825 -64116 912
-70057 40654 700
31789 -37641 258
-5314 -27187 859
45731 69462 524
-90228 87577 393
28541 -5144 301
55412 94766 549
9922 -36684 581
-53534 36225 296
42559 -4717 452
-61198 -6627 980
-23934 31763 243
47296 19025 301
11183 15523 312
-50744 24311 431
-86258 58361 667
75809 -66837 483
-47044 31302 523
41182 9601 58
53198 19440 82
-52919 48584 293
-763 -76033 652
7631 92372 546
-9933 -16295 862
-14109 -24445 922
38766 -74635 796
-69652 -82000 546
-64394 80414 801
40237 -91712 602
31348 -11012 779
-57617 58078 935
14050 -47667 570
85802 35413 423
15224 -13407 412
27803 -83107 74
-40649 -70536 839
85186 7525 123
60641 -55089 257
57075 -58168 916
41100 5992 6
47250 -8134 340
10972 -37213 807
81772 89740 163
-37342 36616 255
68634 44946 245
-3761 -87574 124
-49948 -42554 543
-91076 -1132 683
80473 63725 152
6315 -41159 183
15027 -37875 525
-5548 83733 733
-6594 -95789 516
-52167 -54598 382
81962 70330 551
-70660 77923 594
39842 -361 139
67292 59958 104
-76532 -48308 880
-93186 -39725 617
8057 -89532 35
75647 -37381 801
55824 20843 40
44752 14116 878
-8425 30207 182
65648 -80657 566
65745 -13951 252
-54754 81968 975
67702 -9291 87
-79765 -22048 250
-89156 65280 206
85077 72095 785
7257 66773 338
-66870 82536 286
18890 -80433 541
-55735 -26551 78
2131 16714 982
46500 -27762 769
-13209 -78350 557
-16693 -73496 288
-38691 -2771 786
-53672 -36278 214
-53053 24524 79
16501 -34334 713
-39122 -54050 522
-11445 -50970 338
42506 46698 738
88254 -79932 264
-80981 -84901 717
7865 -18814 885
-78751 -32947 240
-18701 -62134 723
23680 -81897 692
-32040 56848 419
-2594 -41125 878
-9883 -34994 859
-24265 -98154 917
-83948 -98168 247
-70797 3206 649
56087 11153 8
39003 -18904 13
64997 -4514 355
-37332 38965 509
-93893 63252 940
45277 -41086 657
-50835 -5543 887
92623 -49124 869
-52511 21626 823
97182 -37428 124
-35643 64100 605
-52371 -55324 822
74596 76 735
20632 -69952 34
41974 -56303 849
62859 -32922 498
-85370 58648 362
32694 94137 995
-39277 -15100 342
30035 -57146 909
-77397 -73838 575
-23631 78104 778
-76771 69855 697
-96092 58036 362
31503 30653 282
-37100 -22656 125
-51140 -70195 850
84505 97105 809
65596 -14467 913
-17904 20274 272
85891 33944 192
-32138 79152 210
16857 -73025 256
96934 85477 685
17042 -57127 959
-82135 86936 238
91054 83684 876
-53204 2014 950
91897 2444 127
95009 20733 738
-31267 -36881 740
-31747 86272 17
-54168 6970 937
95008 70332 482
153 38496 432
15500 -9747 456
3995 -9215 483
35482 54705 852
78485 62748 465
-620 33177 567
58355 -38046 84
-35947 2722 791
66950 -20632 361
-16225 47690 26
-74894 -27862 90
-85890 35763 137
47904 33189 458
90257 -7959 551
-41780 -47898 184
30953 24719 94
38655 51028 249
27914 57100 7
54420 99495 657
33931 18515 708
8480 -74036 471
87440 -64831 419
-88220 -49901 337
84269 -77636 557
47875 -66692 756
-10557 88782 624
92420 54020 211
-89352 51244 817
56909 -95847 636
-26426 -5065 485
-44898 -27521 454
-78624 84027 506
-55785 -99167 902
65660 -8960 512
69391 63994 984
41303 19605 421
52427 42736 653
-92526 68148 991
58911 95885 802
-54794 34839 771
79888 -33994 41
-95958 3817 624
-46800 -21703 670
15219 -12045 717
16064 41651 610
-9704 -25917 202
29532 -67820 726
26015 -1339 113
-72833 55138 651
-83137 -31214 683
-79928 -7244 141
46584 -62875 746
56680 88317 238
13254 60372 464
69238 -75960 564
98393 2785 247
92021 8735 292
53066 -52535 762
-29094 -7327 83
7525 -66967 926
32153 45858 383
-6332 67213 861
-77980 -68570 83
-62109 5782 174
-73046 29461 812
61060 3960 471
-26463 68658 322
-19427 31875 738
47551 -88750 227
-55830 45151 808
-27270 76678 453
30920 82007 67
-76932 -74553 173
-40065 31637 653
84818 -66404 924
52447 80307 459
-73387 -55907 807
50922 46436 793
24655 -23426 991
43055 -55039 861
32375 18777 717
-49664 -84250 576
-75014 89766 752
67970 -80306 511
-31653 -31492 133
1731 -68629 574
-66475 -4173 300
8702 77094 386
33044 2228 664
-22708 -34639 970
55535 83515 160
-89579 -98846 829
10630 91897 824
-56354 69650 355
52852 47243 40
-61791 -5130 65
97597 -7264 831
40739 27258 881
-41615 -63422 612
-26209 -11338 443
-62414 88313 834
82013 -98880 875
5118 -35291 546
18894 -82718 779
-90298 -12794 703
51902 11507 150
22948 -80235 402
68780 84244 261
37194 -94602 340
-2901 92272 853
53866 59417 863
74221 -54901 423
8834 72224 636
-27662 -71966 695
2657 -17489 845
27636 36736 151
848 62296 714
34650 -35159 497
-68044 57632 595
-94420 -84099 839
-83969 12041 456
-28150 -50735 196
-4884 33713 986
27709 66381 670
21242 5169 63
-75602 -99615 685
43905 -41678 864
-68152 94136 164
-20442 -23495 558
-93478 28383 702
-49109 55465 931
-44625 -53946 825
39024 74415 692
-35176 -9805 196
-56972 46409 552
-14340 -41732 495
71944 -65205 493
2453 -61751 899
-91954 -76446 975
11030 -63397 528
-72675 -8244 323
52754 60893 838
-61207 49647 419
-43294 -3437 97
-75085 11431 837
-86333 46924 150
38653 -96167 672
-15001 -38681 954
-23164 -48086 987
19992 -86827 576
-83650 74814 806
-11415 41271 993
70768 70583 883
26421 -21495 211
-30602 -63160 603
-63468 21189 442
84095 -49391 224
5962 -42716 390
-91192 27440 834
54159 20222 830
-69245 78277 906
95802 32617 474
-46177 -52401 717
54016 72628 797
60099 -77889 379
67158 -16469 619
26040 47317 433
-80953 12924 10
-2935 -36727 655
-7370 -89079 145
7319 -44557 636
90269 11967 313
79888 -37216 948
-47947 46664 715
-23163 -17856 152
-36379 -35658 335
32058 2242 517
84288 85133 239
19131 51580 126
-65775 -42586 354
30013 330 904
57368 29805 149
-98825 64508 631
-23133 35885 992
-49049 27573 953
-38452 55109 964
-35060 54658 713
95222 -16189 737
17417 -7695 113
28815 -952 370
-4650 84963 451
-89414 -77070 998
-9343 -18952 279
-48136 -32998 970
54485 -83497 340
-49707 -83022 323
-18641 5921 85
34572 86954 289
-43588 62530 875
-21377 3266 333
73862 9515 304
46844 -59533 720
-54908 4121 94
82340 26823 981
14581 -72505 54
-13122 -55134 985
-4234 96032 545
28332 -59935 745
-82545 -96150 544
-3442 61022 529
-13675 -64267 279
96548 -3293 631
-71838 10057 111
-63674 92090 983
10835 -90423 518
25105 1008 575
86991 38569 964
26681 74724 143
70291 -65505 874
-16412 31389 727
-725 -33550 226
57865 -57149 561
-64362 -7135 885
-34629 21017 338
30434 89690 927
90050 -6966 33
77721 57538 814
19602 11137 366
55365 -16087 966
38109 -76455 749
-48427 58068 947
33123 69651 256
-2299 -15330 759
19243 81306 330
5382 68681 447
-1876 68651 833
57367 4159 878
-31315 -22121 781
-81618 1345 35
-36121 9125 246
-60492 44079 4
-23186 -25580 547
21639 67661 727
-43880 57056 738
-83793 11250 127
-37231 -69905 372
-20742 79926 87
-8764 51137 954
-49127 78320 909
62091 -29530 488
37195 38500 190
-75546 85802 745
-36235 91401 806
41308 47020 945
90197 21846 330
36320 93719 515
46274 -23713 917
-87781 -93627 334
-87583 -65972 470
37723 91891 510
73981 -99890 509
-6656 -32910 153
21783 -50557 305
-35877 -31294 262
78780 -14147 946
-45882 -8698 678
-68285 -26588 330
786 33008 200
35282 4171 799
76922 -67001 498
90396 44865 114
-36461 40574 393
27467 -21918 336
-29456 62676 797
26362 -2214 435
-2147 42464 536
-30775 93339 925
62179 32596 536
11850 65048 851
-39512 19648 348
-91453 -16115 161
69896 -91995 58
-56412 -19184 123
-27713 33605 934
18618 -93651 448
93960 -7279 790
-19784 -90032 404
46566 18275 232
82072 33367 662
18136 67149 879
-48245 25041 769
26001 28676 518
-56188 23459 478
-8286 48383 284
53097 92318 80
-52324 74485 212
-50923 -24000 800
-4281 58421 128
-34871 -99992 82
78521 -87354 839
-60855 -92764 2
-69634 1986 846
90981 56198 428
-44792 21657 599
-4394 -88776 412
13996 18214 990
-74290 -66592 620
-33202 -36157 674
-40562 84818 4
-35496 -51346 413
17205 -27153 170
41901 -23999 972
15651 -59999 255
40495 58169 339
-57078 -36589 986
-50702 -10810 416
21577 89850 16
46061 98633 211
-32434 91495 683
28700 70605 754
-90698 70712 369
44516 47264 880
-93823 -50002 674
-68109 18531 475
42128 15394 480
32676 4339 137
-63841 27841 857
28733 23086 322
-15362 84031 207
88318 50268 34
92661 -26808 106
-36546 -75586 306
71615 -23999 120
13177 -88655 349
50610 -90742 578
-65920 73303 274
-84945 2240 503
-43829 -36176 909
31702 -74016 583
34749 37040 614
14823 -81320 448
617 -29099 383
-33988 41838 56
-92709 -84234 679
573 -580 227
3874 32961 29
80800 -3562 506
64952 -19472 179
4815 -59621 695
92028 90019 419
28501 92314 725
13176 -58471 97
-77319 47291 565
-54991 72908 773
64942 70793 192
-19757 69206 752
99439 -59906 247
61138 43969 710
33294 -52577 709
-91703 -25351 681
60996 -80673 118
-71794 21892 292
-58744 -48156 226
-17697 -82020 203
56693 48637 875
-98715 37834 705
79164 -88317 872
-69488 -93553 241
37994 -84721 318
-6211 14352 847
91124 29411 487
4806 21583 425
32779 -56347 281
-13403 -9779 764
16653 -6333 932
9431 80083 720
65151 -39250 985
-83828 -35017 674
-10557 -99815 171
29944 12627 725
-6761 -37610 532
-31779 -57632 513
39094 -61892 201
64272 -47698 289
-96257 -70517 477
18756 -10233 64
72656 55562 541
44337 70825 976
-33513 33857 696
-61627 17024 939
-91855 -15872 304
99904 42868 909
14680 12268 308
-85620 43102 327
78269 -43839 725
-19612 65696 959
51485 -41468 277
7913 72898 448
-93904 -79233 897
-14271 -50664 289
-11075 -20360 536
-44781 -14974 27
58324 8370 820
-54440 23709 683
-54582 95503 621
10773 -4360 585
83657 24472 176
54266 -79768 612
-93069 11029 126
-97319 90453 100
-59635 -7985 748
-57644 17403 85
86800 -49939 530
-61236 -94143 833
5514 -46634 33
5300 -28653 734
61116 76475 736
37333 -90125 362
-83107 -87582 385
55052 -29679 914
-90657 19184 910
7556 96653 648
44643 11611 787
-99183 -30004 800
16844 -23373 406
-36930 11845 354
-18029 -2927 844
41096 -83411 6
5039 -95113 295
76954 -98910 302
54952 -93524 853
-98641 16670 940
-79682 -113 993
-57024 38563 682
39198 -27407 788
44313 59890 895
60125 -27223 668
31053 58753 936
-88065 -14300 731
-467 -15472 159
-96096 -21870 280
53064 -96147 432
22221 -14136 769
-14692 94289 671
93185 51989 282
-55314 67806 667
93198 10507 114
67724 -85131 214
32050 -89952 826
70474 -18473 42
-7823 79939 142
-63737 81067 552
-7626 -27444 896
-89078 60613 36
4844 -83044 322
11475 51366 220
-11154 65193 813
-63068 27277 583
95775 -96495 628
-49332 -16881 818
-27710 -11612 961
-40138 -49510 828
-76491 -71537 385
94409 -71634 726
47834 -60470 393
-74144 -75468 601
78338 -37738 119
-82888 85261 799
70162 -64563 70
69725 -38600 516
-34327 -47873 992
90912 44445 763
-17042 49199 464
56481 82936 944
-85502 -46212 778
75209 -78791 538
-98280 48197 461
-18141 -3530 287
-83443 -37809 616
37493 30682 37
62566 68864 567
-76045 -82023 925
67101 -27336 833
-67388 -55675 784
-61631 73062 754
-46784 88542 653
81007 21990 498
99484 -59642 795
92344 -86235 58
97095 -9448 908
68892 -384 650
-49890 -34262 342
60034 66032 189
3256 -13167 487
2815 -71895 295
-12893 93427 950
16693 87417 570
6616 -24304 224
-51370 -92643 467
-33631 -33710 32
-12163 -58236 599
76944 -6653 330
56300 59442 534
-63228 -89084 466
-95840 -81476 940
-35444 -50756 410
11448 93253 251
50181 49089 687
-76245 -76557 469
32636 44367 905
96003 -1710 566
-3289 52925 970
56326 -85091 803
-94995 -2618 642
-19966 -88869 241
-48026 79669 813
23734 7804 636
15547 36775 206
3794 -87387 183
-58103 34398 85
63198 44598 564
73100 37613 496
-28068 76891 698
72281 -20709 110
-42530 -96751 412
-15148 -15586 689
-81685 83155 479
-18923 -56946 741
61524 -40055 845
-8540 87797 548
-30144 3897 278
-45439 65116 443
350 -22475 404
74102 20402 266
-31539 90041 720
8390 38136 47
35115 14101 56
-72398 96 125
-72215 -9636 760
89637 77452 63
-30264 -82698 576
-76765 50980 297
-69226 -89022 449
78221 80126 423
28206 78423 321
-59638 -50253 274
78105 -80614 773
-68432 -61236 614
541 36900 238
-91585 -23561 658
9499 -20091 549
-99989 76954 954
40596 -72136 347
97737 25858 653
14659 2423 582
57414 49581 286
32285 -45793 45
49514 35718 846
-41122 80229 879
-73636 89700 616
-11687 -16399 728
93807 30487 787
-21923 -7063 506
9586 -40608 124
61541 35243 594
27438 50538 875
-14408 -18247 742
80140 75591 356
9769 -37456 36
-86141 -4743 621
-24870 -23953 97
-228 91686 406
26479 -13439 634
18412 -69539 992
28055 11117 262
86808 -54639 783
-80756 6634 252
13364 -47391 159
85747 78215 252
6238 15470 131
4206 -18355 420
36262 82016 255
-77426 91120 566
-34626 -4648 309
79592 -59594 12
-81780 80933 978
24733 52903 451
-22625 -37612 769
16360 83778 894
20282 -29114 838
5215 -73719 258
75542 85707 627
-24319 -13947 676
61641 20811 745
-76220 90198 427
-87113 61294 678
-67587 -41272 69
-88875 -40959 364
-19027 -67411 771
-42817 -55154 146
60897 81617 518
-63606 -43384 673
10188 -42416 986
-47715 -41515 575
-46122 43877 152
-32021 -69079 536
57291 -32433 548
-49266 -1597 954
-72456 -61572 152
-39093 80025 681
-72759 99668 884
-98421 29181 631
-87785 51888 263
40647 76108 472
-22623 -20058 260
-56675 33622 480
-33213 8602 784
-42721 -60699 218
-55902 23773 146
42632 -46005 558
12939 70705 225
-48372 76675 388
-34351 24666 302
57645 -34151 936
21176 37346 72
-74925 -66164 873
-85155 -80443 142
13503 -11896 877
86398 -11464 964
7009 52266 579
-48483 -48587 122
-87118 62731 780
-48353 -6180 71
-66909 1063 317
-19251 37161 545
-64916 78879 472
78916 -20771 44
38780 65298 517
71986 98862 799
40453 -12413 868
-70549 -92007 737
-65514 -25708 640
-72983 40987 355
41156 15284 171
-47842 -91804 252
61220 -94732 321
47198 77418 574
76932 24123 551
32030 -77766 624
37567 -32515 505
-49135 -15383 201
-74233 -34325 885
90408 -92482 165
41287 -48962 62
-63588 59805 967
46770 47321 152
58993 -51431 697
-8091 -68789 267
-85281 43133 770
12931 -19785 703
-29859 -22347 837
-39955 20181 928
-123 -60283 598
-10512 -92284 148
-4142 66580 737
-17615 -58554 285
1659 -23600 642
45000 99560 714
-29450 67981 136
83868 -28554 292
-54167 93911 923
51308 -2312 51
10975 31125 801
-73286 -47829 494
68835 55522 910
68638 86285 82
-18015 -20292 869
-90 -51992 704
9051 -47623 362
92605 75374 202
-35894 87280 478
28624 16154 256
13240 16473 618
-64348 22466 423
59545 14828 363
84707 85225 812
97532 3330 462
-95933 60456 91
510 46831 944
-80136 -57851 406
41605 -11632 819
73868 66195 912
20472 -76255 930
-36899 -71072 451
73608 -85326 563
-86414 97558 318
87232 28717 733
17757 -90401 452
61074 40407 210
79996 -9519 636
-17930 -9562 667
1293 20607 719
-77493 48547 449
65786 66823 12
-14033 65448 399
44620 5706 971
-79644 70281 676
87562 -9571 619
-30430 96759 109
-27380 -58909 426
-72111 -87548 931
-24462 35948 167
51426 91602 914
61255 -54354 728
15457 52908 244
-48182 -49680 754
-44314 -23588 258
-92886 54472 255
-53185 -24198 353
8618 -81733 596
2104 79001 599
74639 -6018 830
61246 63866 972
-82773 -98999 79
29455 -85643 949
60612 -79586 118
82043 -82928 51
-19985 92880 175
42005 -93547 121
-86516 -53167 21
40125 -12830 115
42064 39704 207
84897 76002 688
-63641 49677 552
17053 -89655 524
79071 -36843 316
63503 -39337 457
-55004 71576 15
-52678 -25158 363
85089 47634 199
-88082 42651 868
-15717 -93087 970
36720 94039 835
-10596 -95125 143
88193 -78687 54
12683 -96997 819
-22064 -32325 826
-99015 -23193 455
-74613 30253 853
17555 -47521 408
54958 -57265 439
-23205 -78672 513
27045 39922 582
-8551 42975 388
-82261 10661 516
-17168 -15747 558
66750 -82593 953
15228 -98388 510
-23954 28499 574
57762 72497 232
-14404 24766 51
-21049 -65184 169
74194 -67504 289
-22192 87843 76
-71933 -99978 553
87663 -82141 375
76115 37995 533
68330 52676 778
-66171 -97242 469
12869 9569 251
63073 15787 703
-9797 -35360 659
-50365 89827 681
12978 73778 871
-50736 -6434 538
-68323 22660 190
933 -3994 37
25575 -93127 516
54480 -49482 560
56795 -76548 634
-46232 73210 392
59840 -86643 885
-37156 32886 363
-43514 -59644 475
-90858 -25808 381
51972 66081 178
-38433 -57415 525
64499 -67445 140
92247 71640 729
-46940 -65676 523
58358 54737 215
21702 67368 614
-31521 97641 808
88673 -27966 264
91438 -1007 79
-22383 13405 713
60012 12811 738
-15249 37382 176
-8527 52744 710
-13687 48114 426
-85583 59387 390
19553 38182 576
65936 2029 13
-65400 -6963 897
-33636 -91671 931
-99679 -8271 441
92170 2503 939
-58709 -19413 295
-86615 76696 276
30293 -14810 605
-17340 85768 370
-86722 -71826 558
-76997 48362 351
-47753 -83636 653
35944 44152 20
-81362 30797 194
49155 -96661 137
66775 -75370 92
83852 800 211
-30586 57740 51
35374 -58661 350
44530 88710 149
79371 45429 315
66932 64943 82
36503 37712 221
19910 -39571 678
94184 98624 412
-51375 -30320 270
-57243 98741 902
-65203 80577 962
36134 -70212 307
76852 98003 507
51739 33529 896
-10698 26352 623
56202 -6953 868
46917 -33453 328
-77277 -88180 892
7695 -97025 107
15028 -48114 424
-80806 6955 52
56236 69542 755
90148 64992 6
-45448 49686 456
40212 17962 29
41920 81284 585
73829 33666 434
-54571 68248 551
-54526 17954 211
-43870 -14632 627
18476 24724 609
83169 -94426 188
99393 -60422 441
-68823 -35927 76
43718 74277 882
17948 -74747 438
35157 -94676 174
36974 74095 26
84021 -92515 282
-92038 -43529 664
82731 -67442 994
90208 -57820 82
-19293 30647 51
76030 23259 993
67602 72245 995
59212 67571 833
-55284 15841 630
-12932 -28192 255
-23585 -82046 124
-86192 -86178 622
-1393 -6147 446
74615 -19635 944
-27861 -17249 339
82560 81705 340
-44015 45283 680
78153 34990 572
-32387 -93922 453
37228 -84438 298
-20279 -48221 118
-22741 -78805 262
50594 44392 397
-92800 64684 607
56311 -85698 654
-62243 -74389 484
-73956 72739 907
-5627 -78676 594
29224 -93805 175
17567 872 365
85582 -76831 605
-54786 -16389 831
-34082 -507 326
-80191 74910 553
43893 80561 329
-33986 -61197 125
22988 -27641 876
-9411 9890 741
40632 -9548 148
97583 69716 868
9305 -48877 756
15036 -96209 757
777 -78721 217
-74514 -60623 653
-72692 -9134 593
88354 55491 896
-73174 64179 789
44073 -44381 652
59360 -39548 1
73167 14583 667
81012 -1507 66
