100
-72321 2389 4
-91974 -25781 4
-280573 63309 4
-227558 -103039 4
55773 -99462 4
-172524 -186934 4
-149966 -166151 4
-85869 -98509 4
55890 -116830 4
-53056 -298602 4
-44024 93621 4
-286154 -31731 4
-4044 -110757 4
-187523 -67711 4
66789 -204152 4
-298928 -140330 4
49945 43176 4
15111 -166713 4
-250678 -273324 4
-25073 -224026 4
65688 -297864 4
46917 -87243 4
-216109 -180877 4
-53952 -284100 4
-242669 -135135 4
-282716 -20926 4
-116687 78506 4
-145419 -200378 4
-19880 -95745 4
-179176 -293731 4
37749 9881 4
-203398 -63477 4
32081 -3119 4
-188560 -12951 4
-260888 -272461 4
49852 92721 4
-138407 26000 4
-45513 -259501 4
-17341 66710 4
-288356 -257801 4
73818 -161435 4
-266642 27566 4
-162386 -119246 4
80814 -35542 4
-80246 -223298 4
-285259 -217578 4
-58674 -220478 4
-262772 -272666 4
-183479 -169136 4
-200421 -60646 4
-5397 -298536 4
-209903 -248820 4
-141087 -139870 4
94959 9437 4
49101 -125393 4
-236583 -242201 4
-166382 51616 4
-145816 -18779 4
-210681 -37174 4
-158682 27886 4
-277319 -209891 4
24265 15375 4
22900 49641 4
-272764 -88650 4
-132378 60782 4
-280847 -101098 4
-145777 -117212 4
-154252 -254582 4
-186500 -100795 4
-88244 50481 4
87088 -14468 4
70296 25687 4
-69904 45666 4
-282110 -225774 4
-22678 -150674 4
-102683 -75018 4
-80688 -175637 4
59799 81023 4
-154690 81647 4
-179260 -153137 4
43519 -127444 4
-262510 20655 4
-63633 83607 4
-127759 73521 4
7737 -225001 4
-124354 54663 4
-46524 27996 4
-181904 43298 4
-75593 58227 4
80005 -135066 4
-227275 -172375 4
-200367 -289075 4
-298165 -165362 4
-194624 96065 4
-192414 -173031 4
-143824 -255076 4
-30582 -128774 4
35070 -285821 4
3551 -192853 4
-296153 -54174 4
