100
1 8340 746
2 2228 562
3 6676 958
4 9131 854
5 1602 223
6 8330 948
7 2421 609
8 579 340
9 9889 977
10 1124 717
11 2592 394
12 7537 129
13 1831 215
14 4177 556
15 9927 107
16 2263 411
17 6369 364
18 1320 252
19 2256 30
20 1028 556
21 8724 98
22 2362 552
23 6452 803
24 7164 912
25 9633 301
26 9616 931
27 5060 965
28 9383 849
29 7365 435
30 7952 105
31 3222 963
32 7788 464
33 4412 356
34 8613 921
35 6755 214
36 7452 428
37 2428 904
38 8820 199
39 6054 497
40 6041 163
41 6067 698
42 6680 859
43 7330 713
44 8082 196
45 7768 961
46 4413 858
47 5235 146
48 4875 740
49 511 771
50 9560 13
51 1351 771
52 7498 470
53 677 299
54 7121 720
55 323 291
56 6741 811
57 8831 522
58 4730 555
59 1766 992
60 9752 514
61 6430 650
62 766 952
63 9044 819
64 9842 178
65 2785 627
66 1308 677
67 5434 876
68 6005 972
69 9917 6
70 1176 935
71 8793 809
72 3414 259
73 4099 555
74 811 829
75 8678 120
76 736 218
77 3808 536
78 1560 189
79 6299 543
80 8144 209
81 4562 314
82 1535 554
83 6244 500
84 7455 724
85 5066 375
86 975 162
87 4670 511
88 9199 803
89 6489 775
90 9358 413
91 6560 978
92 5446 631
93 3662 82
94 4582 520
95 4951 552
96 2332 408
97 3326 637
98 139 183
99 8706 34
100 5039 912
