500
4914 1 593
4475 2 35
4019 3 309
4054 4 122
7488 5 937
1280 6 548
9275 7 290
1868 8 94
4796 9 907
7733 10 630
9341 11 247
4966 12 380
2049 13 107
4732 14 114
2692 15 857
3816 16 203
5899 17 917
3610 18 383
6462 19 190
4907 20 602
9781 21 714
4558 22 546
1433 23 986
833 24 999
7281 25 793
7611 26 735
9788 27 972
1298 28 36
3690 29 835
6194 30 246
7922 31 773
2491 32 400
7822 33 541
6999 34 189
8539 35 437
5914 36 152
8579 37 226
1683 38 16
2121 39 409
4078 40 747
7806 41 881
179 42 490
108 43 463
3918 44 104
2498 45 914
1144 46 992
8936 47 789
8594 48 419
7053 49 834
8627 50 638
545 51 793
8854 52 305
8608 53 757
1613 54 954
432 55 389
3824 56 429
1761 57 394
9821 58 427
837 59 403
1810 60 209
5967 61 922
4622 62 575
7848 63 408
5307 64 62
5113 65 459
7966 66 643
883 67 938
7129 68 117
8582 69 213
247 70 733
5591 71 169
8376 72 800
2117 73 930
1828 74 929
8111 75 480
4741 76 808
7342 77 681
9532 78 940
7499 79 931
4696 80 40
8500 81 509
8878 82 226
8813 83 148
7140 84 728
7749 85 80
1232 86 359
7830 87 721
3461 88 528
1896 89 289
7885 90 308
922 91 653
8299 92 462
9782 93 503
913 94 354
9072 95 532
135 96 503
8862 97 763
8688 98 173
734 99 924
5989 100 854
9001 101 672
1038 102 275
963 103 128
2270 104 825
9087 105 802
2849 106 60
2206 107 55
1937 108 213
1974 109 441
2024 110 577
2960 111 350
8997 112 67
3067 113 504
7408 114 515
2854 115 590
1440 116 114
1911 117 575
2321 118 448
6747 119 875
9493 120 768
5270 121 70
2573 122 661
8823 123 360
9187 124 508
8794 125 27
8571 126 322
1333 127 861
5524 128 919
6582 129 766
9189 130 598
232 131 569
6606 132 150
4573 133 334
3610 134 291
2808 135 717
5687 136 966
8803 137 101
3194 138 57
3794 139 871
7634 140 6
6957 141 738
7882 142 529
6633 143 368
6508 144 607
9070 145 397
7421 146 719
6094 147 66
1547 148 673
2425 149 26
2711 150 393
5623 151 728
869 152 744
7744 153 268
8719 154 907
6695 155 353
8852 156 474
4822 157 799
8672 158 626
3800 159 883
6594 160 321
5310 161 533
151 162 640
9398 163 626
1864 164 354
4918 165 80
1402 166 285
3320 167 19
1934 168 963
7991 169 840
8580 170 93
1766 171 6
6543 172 780
1563 173 438
68 174 515
6436 175 991
5494 176 931
5424 177 432
4031 178 665
5853 179 836
2036 180 125
4391 181 212
6753 182 200
8423 183 101
2442 184 267
521 185 543
2526 186 896
5371 187 243
1980 188 903
7921 189 727
8888 190 321
4606 191 150
4771 192 995
6041 193 172
9204 194 510
3539 195 607
1188 196 58
5376 197 639
1297 198 606
4789 199 507
8566 200 908
7283 201 391
6617 202 1
7431 203 240
69 204 802
9592 205 631
57 206 247
6822 207 389
5575 208 196
7285 209 537
7796 210 922
4686 211 83
6632 212 123
6064 213 418
4521 214 595
7833 215 530
5703 216 976
8803 217 295
792 218 394
3218 219 59
6283 220 449
5161 221 950
1513 222 356
1032 223 289
7366 224 892
7928 225 547
488 226 870
7730 227 327
7336 228 526
883 229 825
3657 230 229
247 231 669
5360 232 843
2935 233 502
649 234 231
9461 235 147
1640 236 998
9930 237 267
7914 238 98
6927 239 730
5923 240 871
703 241 979
2808 242 615
116 243 325
4782 244 401
103 245 336
248 246 835
9239 247 997
2266 248 367
6388 249 141
1331 250 957
1532 251 493
7015 252 199
780 253 745
7901 254 595
9199 255 657
7744 256 403
8593 257 577
1091 258 274
8129 259 833
2582 260 547
5223 261 618
5278 262 4
7986 263 693
3577 264 964
9343 265 154
458 266 184
7052 267 672
5000 268 329
7099 269 926
2792 270 378
3727 271 814
7709 272 437
8911 273 823
6398 274 217
8193 275 937
7666 276 906
8242 277 70
9418 278 533
1310 279 129
3284 280 343
3721 281 146
2606 282 664
7345 283 143
8104 284 71
909 285 779
5844 286 656
2103 287 94
3712 288 622
5056 289 199
2218 290 110
7251 291 91
6464 292 109
7350 293 476
8422 294 653
5061 295 725
8310 296 302
4997 297 546
2768 298 616
8394 299 726
4038 300 452
8999 301 128
4820 302 826
7534 303 413
4383 304 73
8133 305 652
5438 306 418
8153 307 478
3486 308 481
2411 309 908
4261 310 679
8294 311 238
7812 312 595
6131 313 331
2383 314 319
5987 315 633
7393 316 430
4056 317 720
2434 318 640
5503 319 780
2912 320 700
7474 321 192
4396 322 54
4748 323 641
7577 324 270
3406 325 934
9 326 468
9038 327 773
7795 328 481
5560 329 770
5484 330 333
1492 331 890
9985 332 805
9271 333 64
5567 334 319
9094 335 895
9376 336 937
7340 337 339
8424 338 915
8694 339 669
2890 340 264
9758 341 982
5631 342 902
1873 343 566
9814 344 37
372 345 217
5461 346 791
6059 347 665
8334 348 492
2752 349 16
29 350 426
3167 351 721
3362 352 785
1465 353 506
3303 354 215
4037 355 640
7249 356 315
5473 357 584
896 358 979
5388 359 92
1839 360 581
5767 361 425
3302 362 53
2561 363 602
9390 364 975
5344 365 914
2950 366 829
7363 367 394
9425 368 933
6639 369 901
4123 370 42
182 371 943
60 372 365
1011 373 573
8478 374 630
7848 375 416
9847 376 629
23 377 32
7903 378 72
2499 379 512
514 380 584
1257 381 621
3149 382 91
2785 383 784
5183 384 722
3271 385 854
2690 386 291
3730 387 37
3960 388 234
4093 389 362
1968 390 160
8142 391 367
1230 392 209
8577 393 913
8922 394 960
1876 395 520
1719 396 615
2139 397 558
4068 398 235
5397 399 398
7218 400 519
6376 401 555
3601 402 916
9137 403 150
6290 404 319
1392 405 760
3331 406 582
5878 407 227
1971 408 224
7681 409 688
7155 410 327
7334 411 467
3966 412 965
7080 413 198
123 414 721
5719 415 714
1144 416 803
3227 417 611
3549 418 295
1217 419 875
9971 420 560
2767 421 313
7883 422 167
2645 423 523
6644 424 413
3466 425 811
6014 426 959
5341 427 514
550 428 94
4502 429 754
9644 430 435
2695 431 84
656 432 383
9929 433 780
9531 434 655
7207 435 529
8738 436 280
1090 437 893
3079 438 498
7176 439 982
317 440 623
7930 441 154
8551 442 854
6945 443 959
4183 444 680
8635 445 766
9109 446 850
9989 447 204
6333 448 150
8823 449 934
2132 450 501
1759 451 290
3397 452 790
4957 453 4
9736 454 495
193 455 426
4761 456 711
7187 457 49
6602 458 616
2000 459 914
102 460 20
7168 461 366
1170 462 659
6646 463 584
1429 464 103
3868 465 573
683 466 7
860 467 73
8519 468 600
2455 469 369
7096 470 194
9309 471 246
1722 472 70
8286 473 877
5499 474 626
4803 475 856
3339 476 271
2831 477 497
4121 478 25
6027 479 690
6428 480 272
7747 481 445
455 482 566
7294 483 977
1523 484 873
6235 485 506
4029 486 251
1156 487 785
9904 488 782
7315 489 114
4466 490 795
523 491 96
9642 492 590
6852 493 181
4281 494 476
5203 495 41
9877 496 512
5563 497 371
5519 498 205
6961 499 82
92 500 460
