10000
9 65
3 47
3 16
5 93
4 69
5 21
10 10
8 6
8 13
2 79
7 79
4 78
4 15
2 27
2 57
4 13
8 16
5 95
7 88
5 40
10 33
7 20
7 45
4 29
4 28
8 4
9 8
3 97
5 43
3 56
5 98
4 28
3 97
4 58
9 40
2 36
6 21
1 62
2 92
8 31
3 35
10 67
8 13
7 71
5 58
2 67
6 53
6 10
8 42
7 1
5 0
9 14
5 89
4 46
9 96
8 38
10 4
6 89
2 95
4 35
9 66
2 62
6 39
8 50
2 23
8 68
5 32
4 39
7 23
8 82
7 83
8 1
6 24
1 18
9 36
8 43
4 45
10 10
8 39
7 35
7 16
9 44
4 98
7 7
7 1
6 9
10 83
5 94
5 18
3 61
3 95
4 0
8 3
4 60
7 16
6 53
6 31
1 11
10 12
8 100
6 39
1 82
9 86
9 97
6 72
2 23
8 44
10 30
2 21
8 97
4 59
3 71
6 66
1 10
5 75
6 78
4 37
2 22
7 96
3 39
5 23
8 63
10 98
8 0
8 89
1 73
1 10
7 54
9 54
2 69
2 76
9 62
4 64
8 11
7 12
3 74
5 55
8 95
2 78
4 66
9 90
3 65
10 88
3 94
3 81
2 13
10 13
6 57
8 76
2 49
6 61
3 0
5 76
8 51
5 45
10 99
8 25
7 68
1 62
7 83
3 1
1 86
5 86
3 64
6 77
8 65
3 24
2 25
9 78
1 50
10 90
7 17
8 2
9 83
8 77
2 72
6 45
9 81
9 78
7 92
2 50
1 71
5 15
9 46
1 74
4 61
4 76
5 74
1 78
10 61
10 22
10 8
9 14
5 49
4 44
3 46
1 10
2 37
3 84
6 53
5 70
8 33
8 1
4 61
7 28
3 90
4 38
6 37
3 20
9 70
4 27
5 88
7 92
1 86
6 56
3 2
3 87
8 26
7 75
10 15
4 15
4 94
6 99
4 12
9 88
7 16
3 64
3 57
10 64
1 28
1 92
10 15
9 80
3 51
2 67
1 9
8 20
2 12
6 97
9 8
7 46
9 91
6 67
1 47
6 90
7 69
10 58
5 64
7 28
5 80
9 95
6 59
10 5
4 44
10 92
8 33
4 49
3 43
8 19
1 31
7 83
5 81
10 55
5 61
3 98
3 48
5 98
9 56
9 69
5 10
1 66
10 63
2 58
4 74
4 98
3 19
3 76
6 63
4 58
8 17
4 19
5 1
8 73
9 87
5 7
1 41
10 59
3 90
10 85
1 33
4 96
2 71
9 7
2 88
8 37
1 6
6 42
1 0
6 47
1 2
3 39
4 11
2 90
1 34
3 80
6 53
9 95
7 90
3 15
5 17
8 32
3 10
9 53
6 31
7 22
2 8
7 48
8 20
6 65
7 37
4 90
2 30
8 67
5 23
2 88
7 38
8 25
6 97
1 40
5 62
2 29
10 95
8 10
8 77
3 84
8 63
8 9
8 52
2 77
9 12
2 42
6 33
6 56
2 10
3 27
3 11
8 6
9 37
6 97
10 77
6 56
6 54
10 79
3 55
3 77
6 32
2 81
1 21
8 67
6 22
7 81
1 90
3 2
10 49
9 22
7 71
9 24
7 71
3 40
1 21
1 10
8 35
1 43
4 60
1 12
1 77
5 21
3 23
9 95
5 89
2 14
1 55
2 23
8 79
2 9
6 58
5 22
7 12
5 15
2 91
9 90
8 93
3 69
8 57
2 12
5 34
6 29
1 45
3 42
1 53
3 8
2 88
2 55
9 14
5 44
3 71
2 41
1 23
8 40
4 26
5 29
9 11
10 79
3 68
1 79
4 77
7 68
10 36
9 0
6 68
8 27
8 13
1 3
7 33
10 96
5 59
10 47
5 62
8 77
8 78
6 20
8 37
3 3
6 79
8 3
8 41
6 89
3 55
10 47
9 6
4 42
1 84
3 31
3 48
10 70
1 55
10 37
1 36
5 50
3 57
3 0
10 27
3 69
1 91
3 87
6 53
6 71
9 34
10 23
5 99
6 35
6 53
1 98
4 25
7 85
6 72
5 54
9 89
9 64
7 69
2 28
10 60
3 12
4 10
6 32
3 86
5 24
4 81
2 83
6 69
7 16
9 10
9 12
5 89
9 95
6 50
7 81
1 46
7 16
9 89
4 60
5 79
9 44
4 88
5 33
4 40
8 49
8 6
8 34
6 40
9 79
9 60
2 40
3 37
3 39
5 81
4 53
9 20
8 77
5 78
2 63
2 49
1 13
3 48
3 54
9 81
9 97
8 2
1 7
9 95
10 2
9 50
2 14
8 80
2 92
7 63
3 88
6 84
3 90
4 56
2 79
1 87
4 36
6 33
7 28
10 86
4 91
1 99
6 46
7 12
6 24
8 33
1 0
4 60
4 26
6 57
4 9
1 9
2 42
9 41
5 55
4 17
7 41
1 59
8 89
2 51
8 48
5 54
2 77
5 89
2 95
4 2
2 39
6 67
7 8
5 68
1 20
3 92
7 17
1 45
3 13
9 94
2 49
8 32
3 43
4 75
2 26
8 16
3 83
1 99
8 71
4 92
7 23
2 89
2 16
9 30
6 25
9 70
4 2
3 25
8 31
6 77
6 39
5 56
4 16
1 10
1 56
2 91
10 1
5 13
3 47
5 89
5 77
9 44
2 6
8 12
4 48
9 14
7 80
2 75
1 76
7 53
2 51
5 95
3 42
8 33
3 100
4 60
3 93
4 51
7 89
3 74
9 11
9 95
4 71
5 39
4 65
10 30
7 30
5 77
7 59
8 62
10 41
2 59
8 78
5 42
9 97
6 7
5 98
2 26
2 3
4 44
2 21
9 86
6 1
8 80
6 85
3 90
2 2
10 7
9 3
9 66
6 88
6 8
8 79
2 82
10 79
10 55
3 21
10 23
10 43
9 93
3 24
3 75
5 68
8 93
9 44
5 16
6 64
4 66
10 35
6 41
3 41
10 66
7 27
10 16
8 47
1 53
5 78
5 68
8 92
6 11
9 86
4 86
7 61
6 11
1 97
7 26
2 2
2 88
2 15
4 83
7 67
3 81
3 59
8 65
4 83
5 10
9 61
2 23
1 36
7 74
1 34
7 0
3 86
4 55
4 27
5 41
4 4
10 68
2 90
2 30
5 100
10 51
4 11
8 12
7 21
2 73
4 84
7 76
2 74
2 42
8 9
1 2
9 22
1 62
2 40
6 7
7 53
7 67
3 97
3 77
2 95
9 47
4 33
8 78
1 71
3 88
4 24
7 61
6 71
8 48
9 49
3 80
5 75
10 92
5 47
4 86
3 5
1 88
3 80
4 67
4 57
8 17
3 61
3 81
8 76
8 54
2 75
5 22
4 87
2 87
10 34
1 66
9 76
9 76
2 79
8 35
1 31
5 10
8 16
2 91
9 6
8 12
10 36
4 61
2 8
8 2
10 17
4 8
6 6
2 69
6 16
1 6
8 55
2 98
3 43
8 84
3 34
1 14
2 87
7 18
2 87
8 73
6 87
3 48
8 85
8 92
9 17
5 77
3 9
5 55
5 28
5 64
6 29
4 44
6 72
8 77
1 4
3 51
4 33
5 44
7 28
9 75
10 74
7 87
8 77
2 35
6 72
3 95
1 58
10 63
8 61
9 24
3 28
2 19
2 60
8 31
7 57
1 47
1 35
1 73
6 15
9 12
8 56
10 27
10 80
7 70
4 51
7 5
3 98
4 17
1 44
5 30
7 12
1 13
7 82
5 81
7 44
6 12
1 2
8 53
9 62
5 34
3 37
8 2
4 75
8 83
5 43
8 37
1 50
6 30
4 10
3 6
2 57
6 38
7 98
7 68
6 15
10 10
10 84
1 46
3 55
7 66
10 7
6 64
5 38
1 67
10 35
3 45
8 5
2 44
1 43
6 31
4 89
7 83
1 87
10 27
3 82
1 82
10 70
9 62
2 1
7 41
10 12
1 96
2 49
9 79
4 40
2 62
8 96
8 27
5 2
9 63
2 71
10 3
6 83
6 83
1 7
9 52
6 41
9 67
8 76
8 3
3 82
2 21
8 28
10 100
2 95
4 6
6 64
1 60
4 46
1 52
2 61
3 60
6 19
1 24
10 25
7 56
6 75
10 63
4 5
5 58
6 52
5 60
10 19
7 94
10 33
6 52
1 23
2 75
3 26
5 3
6 77
10 90
3 65
2 37
3 61
8 40
9 1
5 80
10 99
9 65
9 69
7 3
10 94
1 93
9 25
9 44
3 95
10 66
7 70
7 17
7 47
6 22
10 12
2 21
4 48
5 6
3 74
2 78
10 36
5 91
5 69
5 64
2 3
10 98
6 54
4 90
2 13
6 16
1 89
3 49
8 55
7 63
5 68
5 4
1 100
10 98
3 15
10 89
1 95
3 39
7 26
5 41
3 13
8 98
7 28
9 19
2 90
1 18
6 32
4 56
10 22
1 33
2 84
10 25
9 23
6 84
9 27
7 28
1 92
10 16
3 58
1 26
10 51
10 21
9 24
5 45
7 77
6 78
4 69
10 17
6 37
2 4
3 29
3 9
5 37
1 98
3 13
5 22
9 21
8 80
4 61
7 8
8 71
10 71
4 95
6 82
4 20
2 33
10 39
1 16
7 6
4 76
1 74
2 51
5 69
1 40
5 88
2 55
2 54
6 10
2 35
8 38
8 93
3 29
4 77
3 48
8 92
10 9
5 98
5 33
1 81
7 35
6 92
10 47
10 44
6 11
5 65
3 58
10 68
4 58
7 4
7 4
3 76
3 7
1 77
3 45
6 44
8 0
5 30
6 23
6 76
10 45
4 73
9 78
6 47
7 32
3 7
2 100
3 18
3 12
1 99
3 61
10 100
8 80
5 15
10 1
4 68
3 64
1 48
6 18
7 28
5 63
10 50
10 69
9 87
4 63
10 4
9 67
5 84
10 87
5 16
5 97
2 14
4 10
8 20
1 73
10 8
10 1
5 62
1 25
10 89
2 100
1 18
7 98
9 8
3 30
3 70
1 67
3 25
8 41
2 29
10 66
5 100
8 95
5 21
2 67
10 75
9 39
10 30
2 54
8 72
2 42
9 99
7 57
2 42
4 9
7 38
8 48
2 69
7 11
2 25
1 70
10 60
9 66
5 47
4 23
10 2
6 78
10 40
6 54
7 25
10 7
10 12
10 55
9 53
7 100
10 96
7 26
5 33
4 39
7 33
6 25
5 60
4 90
5 52
8 84
5 30
5 41
10 18
10 63
2 71
5 62
4 72
1 3
10 8
7 58
7 82
5 57
2 24
5 74
5 92
9 92
10 51
2 20
4 23
10 82
1 98
5 74
1 9
10 74
10 33
9 29
10 23
6 56
8 14
9 87
7 35
10 15
10 11
8 14
1 10
3 12
4 67
8 56
10 68
3 66
10 80
10 60
2 11
1 23
4 5
1 53
10 12
7 8
8 89
6 69
6 13
10 66
3 28
5 43
4 35
10 38
10 53
1 70
7 20
6 49
6 92
4 21
1 22
10 35
2 18
7 18
1 54
7 58
10 78
3 6
4 21
9 42
10 90
7 29
7 6
3 8
1 39
7 11
10 20
2 17
6 71
8 35
9 7
5 86
8 94
10 67
2 60
5 45
2 82
1 81
5 83
8 61
7 39
6 94
1 60
5 27
10 21
4 43
4 93
8 90
3 11
5 15
3 49
1 94
7 28
10 16
10 96
2 60
10 5
4 17
8 41
9 29
10 15
8 54
4 50
1 51
1 76
8 78
8 18
5 19
10 69
8 42
5 70
1 71
1 60
4 13
1 24
2 27
5 67
3 50
5 70
2 91
8 97
10 31
3 32
9 25
8 83
3 71
2 81
1 67
1 7
10 30
5 88
1 13
9 14
4 41
9 79
8 67
9 72
10 0
4 30
2 96
7 16
10 20
8 41
6 83
1 38
8 79
2 24
7 34
1 91
6 1
2 97
9 95
4 60
9 3
3 90
9 11
7 69
1 3
1 87
5 20
10 54
3 37
1 60
4 26
2 35
9 99
4 58
10 18
4 48
7 51
7 30
7 0
10 60
3 28
2 31
6 95
5 72
2 83
9 78
6 51
3 3
7 80
1 47
6 73
3 7
6 52
10 7
4 78
2 49
10 4
5 91
10 5
1 43
10 3
7 30
9 23
1 72
4 8
4 0
4 92
7 30
6 55
8 69
2 43
5 66
7 26
9 35
4 44
7 53
2 94
7 13
6 41
10 41
7 8
6 99
1 30
2 100
10 100
1 2
3 39
2 56
10 83
1 77
1 73
8 72
3 3
9 41
8 83
7 49
1 61
10 86
8 38
3 48
9 96
7 13
10 18
8 64
10 45
6 29
2 86
2 10
2 60
9 74
8 44
3 39
6 54
5 30
5 72
9 59
8 86
3 31
7 74
2 36
8 98
9 52
6 37
3 4
8 1
4 43
2 7
6 44
1 69
4 65
8 54
8 96
7 19
5 68
7 81
3 87
10 82
8 64
10 63
10 84
4 66
7 49
7 88
1 91
6 59
10 31
7 30
1 5
3 40
3 86
5 97
5 95
8 97
2 8
10 33
8 65
6 26
9 64
1 43
7 29
2 37
1 30
4 56
8 99
9 53
9 89
5 17
7 3
1 86
8 24
4 15
3 80
3 65
10 52
3 61
5 35
1 66
10 17
5 93
8 63
6 86
2 44
10 93
10 41
5 24
1 62
7 58
9 99
4 25
2 10
2 46
2 78
3 94
3 16
9 73
7 64
3 88
1 82
4 69
2 3
4 5
2 41
9 28
6 2
3 74
1 2
6 36
3 77
6 83
9 70
4 36
4 47
3 19
10 83
1 31
2 65
5 91
8 88
5 36
2 77
3 50
5 33
1 38
1 28
10 83
7 24
5 97
9 69
3 11
1 8
9 16
1 0
2 59
6 9
6 63
7 98
2 98
6 31
1 42
5 59
4 61
7 28
6 74
10 62
1 50
1 58
3 95
6 79
8 95
3 82
8 64
3 92
8 45
1 35
8 50
8 83
3 79
9 54
7 11
7 16
8 47
2 42
10 60
9 4
10 20
4 2
10 88
3 0
4 95
5 44
5 94
7 27
1 22
8 46
8 98
2 39
6 49
7 47
4 25
8 97
9 83
1 28
8 26
7 80
6 3
8 44
8 90
8 56
5 5
10 59
10 95
9 99
6 91
8 3
10 68
4 70
3 86
3 23
8 29
5 60
10 5
6 46
5 10
10 79
3 55
1 61
8 55
5 2
3 71
6 66
1 85
7 72
2 25
8 95
2 25
6 39
7 48
3 66
3 10
1 5
9 64
10 72
8 46
2 76
2 91
9 48
9 53
7 29
7 16
9 51
10 30
7 76
5 32
10 98
5 7
10 60
1 51
1 61
5 87
9 78
4 34
2 58
8 62
1 25
5 0
6 20
2 74
2 36
10 70
4 69
10 14
5 37
8 87
3 90
8 48
9 78
9 39
10 88
9 41
4 55
1 16
8 79
3 65
3 34
9 43
2 56
4 28
6 77
5 82
4 32
2 64
4 91
9 22
4 22
7 2
6 23
7 45
2 14
2 63
4 40
4 94
8 0
4 89
9 17
8 24
5 62
1 48
9 50
6 19
2 76
9 43
9 29
6 11
8 61
7 67
8 86
6 78
4 70
10 83
7 98
8 78
7 90
4 4
10 51
2 21
6 81
3 67
10 87
5 35
8 18
4 63
7 84
4 54
10 68
10 4
4 2
4 62
4 30
10 95
2 75
6 59
2 81
9 82
4 7
2 2
10 87
2 40
4 86
6 26
3 90
8 79
9 48
2 64
5 89
2 94
5 60
5 58
3 73
5 74
7 97
1 33
2 22
9 30
8 36
6 20
8 12
2 80
6 31
3 27
9 28
6 72
7 94
5 67
10 70
3 51
5 73
9 13
6 83
6 25
7 32
10 94
5 58
1 5
2 86
5 63
2 52
2 52
1 52
2 11
1 95
4 98
6 78
8 48
8 86
4 13
1 15
5 25
7 53
8 36
5 79
2 93
7 56
2 23
5 82
7 96
10 70
1 44
2 93
9 46
6 94
10 25
9 70
1 74
4 38
10 62
8 1
6 72
8 18
1 4
2 88
6 66
4 96
1 65
5 91
4 47
7 61
8 48
8 40
1 69
8 66
3 56
9 64
6 58
4 0
4 95
3 79
4 18
6 92
8 25
7 47
1 70
2 89
6 88
9 1
8 72
6 7
7 45
4 4
2 34
2 61
1 11
5 44
1 58
6 6
2 50
10 0
4 1
6 94
8 46
10 58
5 97
1 28
7 24
3 40
6 90
8 88
4 14
1 25
6 38
10 42
1 7
5 22
6 5
9 78
4 73
1 99
2 75
8 99
10 19
9 1
3 92
10 21
7 8
6 64
10 66
2 1
5 31
8 96
6 79
9 18
5 33
2 60
3 25
10 43
1 63
6 2
4 32
2 58
3 94
8 74
5 89
4 47
8 53
7 79
3 54
1 82
9 11
3 61
1 57
9 48
3 32
1 88
7 34
3 76
1 49
1 18
3 95
4 8
10 99
8 66
8 14
4 100
10 39
4 69
7 30
3 38
6 92
6 81
2 21
7 71
4 66
8 63
9 11
3 56
4 22
7 34
5 26
2 36
6 26
6 4
5 50
6 40
6 48
6 75
7 56
10 17
2 26
3 89
6 20
9 72
6 61
7 47
6 53
8 87
5 100
6 98
4 61
6 67
7 81
6 20
6 65
4 54
7 58
4 57
5 63
3 22
9 71
3 31
7 8
9 72
3 95
5 49
2 69
2 55
9 56
6 20
10 21
4 87
7 56
8 66
8 54
3 88
7 74
1 43
10 73
9 62
9 4
7 48
4 58
7 86
10 88
3 22
6 54
1 27
2 69
4 98
5 11
5 86
7 75
2 87
4 70
10 49
5 47
5 66
4 92
4 41
8 31
3 42
1 39
2 80
3 13
8 63
2 45
9 85
3 57
5 98
9 69
3 18
7 38
4 80
5 11
7 28
7 59
3 86
6 81
8 10
2 41
8 88
10 0
8 52
7 26
2 23
5 85
1 47
10 73
6 15
7 14
6 47
4 79
8 61
3 31
5 89
1 35
10 21
2 86
6 34
4 54
4 71
1 66
1 28
10 13
7 29
8 45
7 68
2 72
6 22
8 60
10 23
7 45
2 83
2 28
7 12
4 81
4 89
2 97
2 29
7 94
5 3
5 81
10 27
8 63
1 21
3 32
3 42
6 89
7 99
8 49
3 10
2 67
10 57
1 34
6 47
5 16
1 29
3 47
9 42
8 88
6 43
9 7
3 6
7 59
4 91
8 5
2 13
7 12
6 7
6 19
9 10
3 47
2 93
7 91
7 54
1 94
10 73
5 29
4 21
8 21
9 68
4 0
5 63
6 78
1 74
7 0
2 9
7 82
10 76
6 62
10 17
1 0
6 5
5 64
2 39
6 25
4 84
9 71
4 94
3 100
1 74
7 28
3 27
2 30
3 52
10 18
6 48
10 34
10 55
1 3
10 59
5 87
3 98
9 8
1 79
1 100
8 12
4 90
2 36
1 33
7 58
4 8
7 0
4 14
9 32
10 34
4 23
7 13
10 43
5 84
4 65
8 16
2 1
9 44
7 79
7 71
9 8
3 96
4 36
5 68
8 75
2 9
9 49
9 38
6 97
10 56
4 60
5 64
6 74
7 37
4 6
6 37
4 79
5 78
5 100
8 88
10 76
8 83
1 19
7 93
10 75
6 18
5 58
9 75
4 9
9 30
1 64
6 28
7 86
4 77
4 77
9 36
8 91
2 82
7 71
3 81
2 58
4 37
6 32
10 49
8 97
6 53
10 4
9 79
9 47
6 93
10 49
3 8
10 87
7 65
8 10
3 79
4 83
9 98
7 67
2 99
1 74
6 77
6 49
1 52
10 16
5 47
1 41
5 42
9 62
10 79
10 21
8 75
10 45
5 60
5 66
6 68
7 15
6 42
5 52
5 50
7 35
3 33
7 100
10 36
7 3
2 31
6 97
5 33
2 11
1 98
1 83
10 33
7 79
3 24
5 100
10 32
6 16
3 27
10 44
7 66
5 74
8 87
5 53
5 47
8 34
9 78
5 50
8 88
3 37
1 75
7 93
2 94
9 38
4 11
7 63
9 64
3 42
10 84
7 86
8 77
7 72
10 87
1 4
4 100
8 12
4 89
1 5
10 64
8 61
3 20
4 64
5 45
2 54
1 93
5 62
8 14
9 44
2 1
3 56
10 20
8 4
1 55
10 90
4 1
8 47
8 66
3 93
5 27
1 50
7 94
1 100
10 78
3 33
6 15
3 35
5 18
6 58
7 24
10 0
8 83
5 8
1 80
1 89
9 49
5 58
8 43
2 89
9 16
6 22
7 58
2 8
1 16
9 66
6 26
9 10
3 25
3 43
9 58
9 99
2 66
1 63
5 58
1 72
10 60
9 61
2 30
4 82
9 48
5 51
1 90
2 53
4 57
6 95
5 100
5 84
10 69
4 48
2 73
4 99
7 18
1 37
2 97
10 30
1 40
1 96
2 28
3 41
5 82
10 33
4 75
8 47
9 36
6 20
1 65
7 85
7 7
9 15
6 41
10 0
7 2
4 37
5 59
10 24
1 77
3 57
5 99
5 64
2 1
1 46
3 88
10 37
2 47
6 42
9 35
10 26
1 66
6 21
5 98
6 72
8 52
5 92
5 25
7 80
3 19
2 75
4 10
4 89
4 67
1 87
1 5
8 87
5 68
4 64
7 47
8 38
9 5
7 58
7 31
8 54
9 86
7 95
8 6
8 47
3 34
6 86
10 14
1 60
3 86
8 22
6 92
7 19
1 60
7 40
4 6
5 72
5 63
2 87
4 8
5 10
3 58
8 66
4 53
8 80
2 32
1 34
3 83
9 34
6 33
4 62
5 15
10 0
4 47
4 89
1 100
2 20
4 28
3 20
4 50
9 71
3 3
2 13
10 45
8 22
8 85
5 29
3 20
1 78
4 89
2 20
5 61
2 1
3 72
1 71
10 28
8 40
9 98
9 22
7 91
5 40
8 67
3 55
6 20
3 55
4 95
9 39
7 88
5 65
8 86
6 51
9 14
2 8
1 75
2 71
6 43
1 38
4 59
4 95
10 33
3 46
9 13
2 62
8 8
5 69
8 41
1 73
6 28
10 54
6 10
8 55
6 89
8 74
5 97
8 17
10 98
7 43
3 35
5 30
5 80
8 95
4 94
6 19
5 7
1 75
5 13
2 84
10 56
9 77
8 92
5 59
3 98
7 4
5 91
1 78
2 42
2 26
2 21
8 72
10 82
4 66
1 67
7 98
10 23
10 92
10 51
10 89
4 36
10 53
3 99
9 51
2 42
5 60
4 13
3 49
8 67
3 10
3 2
5 70
1 21
7 26
5 94
6 83
9 29
4 30
5 49
1 30
9 6
4 14
7 18
6 49
1 38
3 86
7 18
1 91
2 8
5 29
2 11
4 66
9 53
7 29
9 26
10 67
1 93
10 5
2 32
2 59
3 90
10 43
4 20
2 26
5 35
5 58
2 55
7 69
6 57
9 74
1 37
4 39
3 9
7 21
7 43
9 88
5 65
2 64
3 34
7 75
2 49
7 73
7 60
8 91
8 68
8 81
1 20
2 72
9 94
5 43
2 0
3 44
5 31
4 50
10 33
3 49
5 1
3 87
1 6
9 17
5 53
5 95
2 45
2 94
6 86
3 83
1 20
7 38
3 83
8 83
2 36
6 52
10 57
9 77
7 88
9 46
3 38
4 4
1 29
3 83
7 38
6 88
6 37
4 84
10 5
2 28
1 69
5 50
6 75
5 2
3 89
4 80
1 52
5 24
1 80
8 25
9 27
10 32
10 54
1 75
1 0
4 30
4 47
5 25
6 40
7 30
10 53
6 57
2 27
6 85
8 63
7 88
6 66
10 100
3 83
7 90
7 31
7 39
7 89
10 97
4 90
3 59
1 6
3 85
3 0
1 68
2 92
8 39
10 71
10 32
10 87
6 67
1 88
6 38
10 90
10 86
7 88
10 2
7 91
1 28
6 19
9 76
7 41
6 99
6 58
7 4
10 95
5 22
1 13
10 0
6 71
5 66
6 27
1 66
2 14
3 26
9 49
7 56
2 58
6 23
4 41
1 58
9 58
7 93
6 51
6 47
7 10
1 4
1 67
5 42
4 17
7 14
10 76
7 85
3 18
6 72
9 52
1 20
9 68
8 18
4 67
7 98
8 21
1 3
10 37
5 33
4 31
4 24
3 21
2 42
1 25
5 93
4 12
10 79
1 47
1 4
9 26
5 39
2 82
2 50
3 36
8 37
2 34
7 50
1 97
3 38
6 44
5 47
2 71
2 44
3 13
9 29
4 37
9 51
3 37
9 93
5 74
7 42
6 21
3 25
2 90
9 66
9 4
9 18
3 52
8 14
7 81
8 36
8 82
9 4
3 86
7 93
8 45
10 95
6 99
10 47
10 86
6 11
1 91
8 47
1 22
3 90
1 86
1 75
9 73
9 62
5 3
4 84
6 9
8 21
3 43
10 71
8 14
1 60
3 26
4 1
5 31
10 47
5 0
5 36
4 13
6 49
8 86
7 49
9 72
10 83
8 65
8 98
10 31
10 51
4 2
3 50
5 21
9 76
6 75
3 98
4 38
1 6
2 76
3 10
6 51
4 3
3 75
10 4
4 57
3 89
4 7
5 59
9 100
8 8
6 67
3 90
4 29
10 3
8 27
7 90
9 16
3 68
6 33
5 99
8 15
5 52
2 38
10 81
9 67
5 3
4 14
4 50
5 45
2 94
1 30
4 79
6 7
9 54
6 81
9 47
3 7
6 31
5 98
10 35
2 59
5 18
3 60
5 75
5 26
3 51
5 81
7 85
5 6
3 34
9 39
7 66
10 68
10 66
5 28
7 86
4 4
7 34
6 0
2 79
7 22
4 64
10 35
5 31
6 13
6 21
6 62
8 28
3 9
4 49
1 38
6 15
6 74
9 1
7 36
9 94
7 19
5 80
4 76
2 43
10 65
7 52
5 88
3 89
1 87
7 71
9 40
3 45
1 46
4 90
6 53
9 64
10 74
2 34
6 83
4 91
7 29
1 53
4 88
3 16
1 53
5 8
2 68
9 91
4 77
5 40
8 37
2 49
5 56
2 72
2 58
8 28
9 9
3 64
2 91
8 11
9 80
10 6
3 87
3 89
2 96
6 56
3 74
1 56
6 69
8 78
10 6
8 93
4 46
5 77
9 15
5 5
8 64
4 74
6 2
9 35
5 91
4 87
1 58
1 58
3 95
5 59
6 38
5 99
1 34
3 24
4 65
3 88
10 6
5 73
8 44
9 23
8 23
5 80
8 95
1 15
2 95
5 42
5 50
9 57
6 35
9 59
1 36
7 79
9 28
1 91
3 56
10 28
10 87
3 32
5 60
3 10
7 89
9 60
8 90
4 59
2 92
8 65
8 89
4 40
5 7
7 12
5 97
4 65
8 12
8 20
4 27
6 18
4 94
8 25
10 67
10 21
7 51
7 73
2 88
9 66
9 57
9 5
9 73
5 11
3 68
1 10
2 96
10 4
8 0
9 64
7 91
3 27
3 88
10 52
1 63
5 66
2 7
8 79
1 18
2 10
1 33
1 77
2 19
1 40
3 5
3 23
7 99
5 61
10 64
7 31
2 61
9 48
1 18
2 45
1 25
2 25
4 86
7 94
6 20
3 98
9 93
5 36
8 31
4 21
2 5
10 100
9 63
10 95
1 83
5 65
1 33
2 76
10 75
8 83
6 81
2 43
5 6
5 98
9 21
8 1
9 37
5 83
2 51
2 67
3 84
4 52
10 99
6 53
3 56
7 7
10 18
1 23
1 99
8 45
7 43
9 36
5 35
5 9
7 89
7 67
10 44
8 36
8 86
5 75
6 2
7 85
5 13
1 50
2 84
2 86
3 62
5 81
7 84
4 59
8 72
1 24
6 33
1 46
7 80
4 89
1 93
2 16
2 96
5 26
4 89
10 63
7 8
2 41
5 3
3 66
7 73
10 11
3 24
7 57
1 1
2 9
3 16
3 10
8 51
6 38
9 100
9 54
1 9
9 10
3 68
10 39
9 46
3 83
1 63
6 39
2 65
8 21
8 28
7 97
9 94
3 77
8 78
2 73
7 33
2 59
4 21
4 34
3 7
6 28
4 72
3 71
9 4
1 59
5 32
8 21
3 38
3 18
8 73
5 8
5 48
1 40
10 16
5 74
7 67
1 46
7 65
3 55
4 11
1 85
1 97
8 94
10 69
3 68
5 50
4 48
7 41
7 28
7 85
5 82
7 48
6 51
7 4
9 60
10 56
4 47
1 100
2 89
1 80
7 72
3 32
6 15
7 3
1 74
6 18
10 15
1 83
7 54
2 82
8 67
8 54
4 25
10 25
6 9
5 32
6 22
9 66
9 99
5 42
6 41
5 46
9 59
4 20
4 25
8 70
7 87
8 72
10 22
8 57
10 47
7 27
9 73
9 20
4 94
2 100
4 42
7 79
1 45
4 45
7 81
2 23
5 50
2 11
1 27
1 6
5 47
9 30
10 88
3 13
8 24
10 20
4 93
5 19
7 27
3 40
10 61
10 2
9 48
10 43
10 16
8 2
5 87
5 56
6 65
9 3
9 50
6 37
1 77
9 14
9 6
3 86
5 71
3 79
10 67
1 6
10 18
2 75
7 13
2 17
4 14
4 49
1 62
4 20
2 29
6 62
9 48
2 66
10 9
9 70
3 53
1 28
1 64
5 41
10 81
6 82
1 93
1 47
3 43
8 93
2 92
9 47
4 65
1 62
9 2
5 28
3 54
10 6
1 94
6 47
6 46
1 98
2 7
1 31
7 96
10 82
9 25
5 39
8 79
2 80
10 84
6 94
7 50
1 40
7 68
4 70
2 47
8 88
10 67
1 52
9 94
3 8
1 57
6 36
6 8
5 3
10 3
2 41
9 60
1 29
5 28
2 71
2 82
4 34
6 81
9 42
3 92
2 74
6 95
3 45
9 100
1 9
9 3
2 73
10 73
1 35
5 89
3 34
6 42
5 83
9 62
1 46
9 48
2 74
1 30
1 41
3 47
2 84
6 100
10 15
9 94
2 66
6 21
5 24
10 84
6 94
5 55
7 86
10 61
4 56
7 14
6 91
6 73
7 59
2 71
10 54
1 64
1 10
10 38
6 63
10 0
5 93
2 34
7 27
4 43
8 87
7 59
2 19
7 6
1 95
5 73
2 27
9 94
7 48
7 26
5 90
2 91
3 91
2 38
7 25
5 53
7 85
6 20
10 12
3 21
4 78
6 5
4 27
6 49
10 47
1 92
9 67
3 25
9 77
2 18
4 4
9 13
8 66
9 80
6 91
2 81
3 28
5 61
10 86
10 62
6 2
1 84
6 93
2 80
7 33
8 78
3 97
10 80
4 93
8 100
4 5
7 44
9 51
7 30
2 82
2 0
8 98
5 87
6 39
5 19
7 6
6 73
3 41
5 16
6 93
7 62
5 16
2 86
7 100
9 95
2 98
6 56
6 81
10 38
6 76
6 14
5 42
7 2
4 60
5 72
10 28
1 14
2 70
6 30
8 83
10 23
1 33
7 80
1 10
7 23
10 40
10 5
7 70
4 13
6 56
2 34
2 35
5 96
2 37
7 44
2 33
9 72
2 10
7 1
5 12
1 98
2 6
1 99
7 68
4 44
4 3
9 43
1 39
9 81
9 14
9 51
6 51
8 42
6 70
10 39
7 90
7 27
3 94
7 72
5 95
9 93
9 50
2 93
2 54
6 82
10 4
7 28
10 87
7 7
6 21
5 97
7 71
9 9
6 59
5 64
1 83
8 97
6 43
10 62
10 19
7 20
9 79
7 33
4 78
8 27
7 52
1 31
8 77
7 64
8 55
1 30
10 87
2 47
6 62
6 57
7 78
3 70
8 68
4 25
9 41
4 84
10 10
9 60
10 9
3 64
2 93
4 14
8 4
4 15
7 71
9 78
1 91
6 5
10 53
7 84
8 94
10 28
1 22
1 81
6 82
9 18
8 53
8 19
9 28
9 65
1 26
6 18
9 80
8 35
5 16
7 23
4 61
3 83
8 61
7 5
7 5
3 3
5 90
4 25
9 79
2 62
5 97
10 32
7 12
10 6
9 63
3 55
1 55
10 89
9 10
9 45
8 52
7 89
7 86
3 40
8 55
5 3
10 60
10 59
6 55
6 28
10 8
1 27
9 75
6 55
4 32
6 94
7 66
8 66
10 43
7 35
2 53
7 21
1 34
7 80
7 81
8 91
8 95
6 36
1 95
2 84
9 10
4 68
6 24
2 26
8 6
6 51
5 43
9 2
10 26
9 24
8 76
2 96
4 57
1 49
7 97
6 44
10 28
7 99
2 2
6 41
1 88
10 22
8 65
3 56
10 12
1 20
4 100
8 40
6 29
1 96
5 9
10 78
1 80
4 93
8 97
6 19
4 21
9 78
1 47
6 19
6 10
3 41
9 66
6 56
5 12
10 45
1 2
3 9
6 30
4 15
1 99
1 51
6 54
5 61
4 67
5 89
3 23
2 51
10 49
6 69
4 52
3 51
3 11
8 27
6 17
9 58
1 18
1 30
8 88
5 44
4 74
5 55
6 31
5 38
3 87
4 77
3 71
3 81
5 17
3 18
1 2
3 27
10 6
8 49
8 71
7 58
6 24
2 97
6 94
9 45
4 75
2 59
3 11
2 46
5 11
9 93
8 48
5 10
3 71
4 31
9 1
8 100
10 100
10 96
4 37
7 83
8 19
10 74
3 92
1 86
4 22
10 62
8 6
3 30
1 44
9 55
2 27
6 69
7 79
3 18
1 11
3 53
1 61
5 79
9 49
9 35
1 53
2 99
6 17
8 45
6 79
4 53
3 50
10 58
8 54
8 32
10 17
5 84
6 37
9 36
3 8
7 66
2 76
9 91
8 6
3 95
6 29
5 44
3 57
3 46
5 47
9 5
10 44
9 83
10 35
4 60
2 6
7 31
4 92
3 53
10 100
8 72
3 91
6 9
2 42
6 73
5 28
9 46
7 70
8 61
3 66
6 86
3 10
9 66
7 17
9 21
5 59
3 16
10 24
5 26
10 3
6 78
3 5
6 19
9 93
5 9
10 42
5 75
1 4
3 63
10 20
1 30
4 98
7 82
8 30
1 97
9 8
6 75
7 54
10 0
3 85
9 1
5 49
2 56
4 76
10 6
10 65
4 75
10 35
8 90
9 12
2 9
5 17
9 95
3 81
1 72
4 37
10 71
7 12
7 10
2 20
5 97
10 45
6 97
2 44
3 15
3 1
5 25
7 11
9 10
5 77
4 72
5 40
10 49
3 6
3 72
5 17
7 37
1 53
6 41
4 56
8 2
6 13
10 24
8 15
7 86
10 90
1 90
3 61
8 49
1 78
3 71
1 30
2 52
4 60
1 33
3 41
10 27
1 56
9 65
2 23
3 63
7 67
7 85
4 19
6 89
9 95
5 6
1 96
3 11
3 41
4 31
1 13
1 31
2 32
3 39
2 1
9 18
6 44
8 54
5 56
1 55
1 95
9 6
6 3
1 16
6 4
8 84
9 37
10 79
4 36
9 70
8 51
10 53
10 53
9 67
3 1
5 24
6 39
7 16
8 79
1 54
10 100
6 38
3 7
2 0
7 37
4 35
5 91
8 71
7 66
3 100
9 74
6 1
10 22
2 99
7 16
6 34
4 38
4 94
2 60
2 56
10 70
8 29
2 43
1 58
9 75
8 53
1 62
2 37
3 6
9 43
8 34
2 14
9 98
1 36
4 97
10 85
6 61
10 61
3 3
10 51
9 18
8 50
7 67
5 74
6 61
7 71
4 88
10 4
6 17
10 15
9 56
6 16
9 97
8 48
3 89
3 78
4 70
4 9
10 93
5 65
5 44
5 60
3 34
6 31
10 40
8 37
2 23
7 33
2 62
4 8
1 14
8 50
4 64
10 51
6 70
4 79
5 5
4 42
9 94
10 78
9 72
7 2
2 36
10 7
3 95
7 74
2 57
2 100
1 47
3 43
8 35
1 9
7 50
4 4
10 43
2 48
6 63
10 19
4 83
1 45
7 67
8 41
10 35
1 20
2 94
4 100
6 97
7 72
10 62
2 67
4 34
2 0
5 1
8 21
2 21
7 81
2 72
3 72
8 69
1 2
1 66
10 73
5 9
1 63
2 38
4 40
7 31
5 95
4 97
3 46
5 36
3 69
9 100
9 15
3 24
4 6
8 26
7 36
8 76
3 77
4 14
1 34
5 10
1 34
4 66
2 25
7 59
4 46
3 72
4 15
2 90
7 30
2 14
1 12
8 50
7 100
10 18
7 56
2 51
3 55
4 17
4 41
3 93
3 22
3 3
1 55
2 95
7 14
2 55
3 69
3 76
2 35
10 10
5 55
4 20
5 0
10 49
7 31
2 71
2 98
4 50
4 63
8 3
4 85
5 63
8 44
1 74
8 10
9 22
2 99
4 71
4 100
1 93
9 62
1 81
7 44
5 94
9 4
8 92
10 6
4 48
10 92
2 58
9 100
2 93
9 98
9 62
1 17
4 35
3 46
1 49
4 21
8 24
7 9
5 40
3 17
9 65
8 52
1 20
3 16
6 19
6 67
4 61
8 45
3 62
5 99
5 70
8 5
7 52
4 63
1 31
4 66
9 0
2 54
4 16
7 54
4 61
1 49
8 40
3 2
1 5
8 56
4 61
2 92
7 100
4 41
10 31
1 68
3 77
8 55
4 63
9 66
2 52
3 21
7 41
5 17
2 30
5 93
6 20
10 6
7 85
1 83
8 8
4 23
10 77
2 1
3 57
2 66
4 18
6 57
5 18
3 48
9 76
10 1
10 63
7 86
8 5
8 96
9 34
6 57
2 34
10 49
5 1
2 40
1 12
2 90
2 39
4 83
8 12
7 73
5 85
8 28
5 58
10 0
9 26
1 75
2 3
9 93
9 95
2 68
4 26
4 42
9 17
9 91
1 1
9 19
5 70
5 90
4 28
5 53
7 25
9 63
4 40
1 13
4 37
1 0
3 26
8 65
4 92
2 5
9 76
1 14
7 47
2 31
2 99
3 27
10 45
8 24
8 77
4 0
9 75
1 21
1 26
7 95
8 96
4 13
2 38
9 59
10 57
8 2
2 83
10 50
2 87
7 79
9 86
9 95
9 94
2 13
9 67
2 17
6 67
6 48
8 56
6 55
6 46
8 15
5 51
8 43
5 12
1 39
10 29
9 50
1 38
1 93
8 94
3 22
1 97
10 0
7 74
3 14
1 31
9 69
9 15
8 32
2 37
2 66
5 38
3 89
5 59
4 28
6 29
8 12
9 84
1 15
1 55
9 49
3 44
5 44
1 79
5 24
2 84
8 70
3 17
10 91
2 39
3 65
7 61
2 47
8 11
10 25
3 10
10 89
8 47
7 18
4 66
2 18
7 14
7 46
3 88
7 41
3 87
7 69
3 82
8 97
7 23
10 73
2 23
3 24
3 16
7 92
8 20
7 48
5 86
3 46
4 24
1 68
8 83
9 18
10 100
3 0
9 49
3 68
3 29
1 95
7 76
2 87
10 65
1 7
2 16
2 74
7 88
8 47
9 79
3 57
5 93
7 97
4 34
2 1
1 79
2 10
9 97
2 58
6 70
5 18
7 96
2 56
5 87
7 32
5 62
4 14
8 84
3 12
5 81
8 46
3 26
10 17
2 53
4 81
10 0
6 51
1 69
6 9
7 90
6 2
2 76
6 2
3 90
10 49
6 49
5 16
5 68
9 23
1 78
4 86
5 90
2 21
1 23
3 37
2 71
8 48
4 68
5 84
9 64
2 63
5 98
10 9
6 96
10 26
2 50
2 96
5 68
10 51
10 42
10 20
10 13
7 12
5 99
1 91
7 47
2 44
2 91
2 5
4 55
10 77
4 57
7 75
3 24
3 93
3 40
7 55
6 96
1 83
8 83
4 28
3 20
3 100
6 86
3 98
8 89
3 69
2 39
5 21
10 26
8 15
2 9
1 58
1 12
6 34
10 81
6 60
7 52
5 3
1 69
10 89
8 25
4 66
9 64
7 20
5 98
3 9
9 21
4 55
3 12
4 93
5 76
1 28
4 92
7 81
4 17
3 48
7 54
1 60
10 7
1 85
1 65
3 73
9 48
8 82
1 13
6 14
7 73
1 41
10 51
3 22
10 79
4 98
5 85
6 5
4 95
10 27
8 7
7 74
3 76
2 61
3 57
7 43
2 69
9 43
6 90
3 40
2 59
9 65
8 56
1 6
8 20
10 19
5 56
10 35
9 76
10 48
6 30
2 87
2 90
5 96
9 76
4 15
3 68
4 55
8 59
9 68
2 47
8 78
8 85
2 4
4 95
2 47
5 60
3 77
6 91
1 44
8 97
4 20
7 44
1 20
8 63
1 79
2 70
9 89
6 22
4 99
7 5
9 18
8 15
4 33
9 92
10 22
9 54
5 87
3 33
2 85
5 24
7 68
4 13
10 46
2 94
7 61
7 81
5 93
5 55
6 12
1 71
1 60
5 19
2 13
10 58
4 44
4 19
3 97
4 51
8 6
3 28
3 84
2 89
6 9
6 45
1 39
6 19
9 63
5 95
6 98
8 22
3 33
3 72
10 40
4 62
6 57
2 93
5 15
8 80
10 38
5 4
4 48
2 98
4 18
4 35
4 18
4 94
8 95
7 1
1 48
5 34
5 100
2 56
6 71
9 44
7 51
9 97
3 37
8 62
3 72
6 89
9 71
6 9
10 85
3 77
7 30
2 81
1 40
1 70
2 98
8 92
5 17
8 36
1 67
9 61
1 62
2 1
1 75
1 74
10 71
3 18
8 96
5 62
3 52
10 22
10 23
1 65
1 42
10 72
4 32
4 39
7 100
8 26
10 47
9 6
4 29
7 14
7 32
6 52
5 57
8 59
7 14
2 16
1 36
7 67
8 81
8 84
6 52
8 41
9 9
3 67
8 26
5 92
1 85
7 62
2 60
7 46
7 92
4 21
8 74
10 5
5 29
3 71
9 64
7 29
7 34
7 14
3 21
2 62
10 60
4 65
10 34
9 62
5 35
5 56
7 91
9 9
10 51
3 64
10 69
4 5
1 10
5 74
5 92
3 1
4 87
1 30
4 2
6 50
5 100
4 85
4 1
8 88
7 69
8 77
2 9
4 15
1 40
2 87
10 1
10 75
10 72
6 36
8 73
8 75
6 65
1 80
1 17
1 53
9 89
10 5
3 6
6 86
2 84
10 39
4 0
2 31
8 84
6 44
6 54
8 92
9 60
6 1
9 72
4 59
4 15
5 83
9 53
2 78
2 16
3 73
10 76
6 75
4 28
5 20
6 18
3 75
5 0
10 68
9 61
3 20
4 14
6 69
4 26
2 67
4 32
10 8
9 2
2 79
7 8
7 14
4 54
6 76
2 76
5 14
10 19
4 85
10 63
8 91
8 36
4 4
9 27
9 65
8 0
1 65
2 1
4 60
10 75
6 74
4 12
8 40
3 76
9 53
4 37
7 94
10 77
10 98
8 17
2 3
3 67
2 90
8 52
10 82
4 62
2 46
8 45
9 94
5 46
10 72
4 68
10 5
4 59
9 53
3 52
2 64
2 88
9 11
4 63
6 71
1 68
2 61
3 7
9 27
1 74
6 44
9 55
9 4
4 15
5 97
8 18
2 53
3 8
4 97
9 39
2 81
8 74
5 7
4 58
1 12
10 97
2 26
7 85
8 10
10 100
2 77
7 35
8 5
5 94
10 45
2 17
2 56
3 31
5 84
2 94
4 46
7 56
1 1
4 63
1 85
2 48
10 88
7 29
7 86
7 65
5 1
9 20
5 71
4 90
2 82
9 54
7 91
3 83
5 100
2 43
2 88
1 96
9 79
6 65
10 89
7 38
4 32
4 83
4 30
1 74
4 40
5 1
1 90
8 67
3 87
1 60
6 89
8 52
10 78
6 89
9 23
6 45
7 92
6 15
10 75
1 97
5 79
8 69
1 2
10 91
6 13
3 92
8 43
6 43
1 0
8 35
10 90
5 26
6 34
2 59
7 90
6 63
6 5
8 11
1 38
3 15
10 48
7 44
1 83
4 33
8 0
2 93
10 84
4 29
6 100
7 19
5 3
2 84
10 66
9 86
8 57
4 81
10 32
8 25
7 66
8 5
4 25
2 15
4 49
2 61
8 48
2 64
5 72
1 17
7 21
9 61
4 31
1 93
5 47
9 15
1 51
10 75
1 41
3 26
3 31
10 18
6 2
5 73
10 60
2 47
8 76
1 57
5 20
7 53
1 28
3 36
5 36
6 86
3 68
3 93
5 45
3 25
7 8
4 52
2 9
6 85
3 40
3 5
2 10
9 60
1 81
4 22
9 8
3 28
7 20
3 26
3 64
7 80
6 95
1 29
6 69
7 49
3 66
2 62
10 85
2 51
7 42
2 20
8 39
4 38
10 100
4 75
1 52
5 18
5 23
1 10
10 0
5 36
10 90
1 15
10 51
8 29
6 14
9 6
2 50
1 56
10 62
10 85
3 18
2 34
5 67
6 17
4 42
4 50
6 28
3 36
5 86
6 46
4 82
1 81
10 75
8 6
5 35
6 79
6 5
2 90
8 7
6 63
3 73
3 52
8 32
6 29
1 53
4 2
2 68
1 22
3 45
4 92
8 44
8 45
9 20
6 55
7 3
8 93
2 37
4 23
10 72
5 95
7 82
6 69
7 52
10 89
4 68
2 29
6 30
8 24
10 16
5 85
4 98
10 13
1 28
5 1
9 72
10 28
5 82
4 23
8 1
6 63
9 18
1 88
6 25
2 97
10 67
4 94
1 59
10 18
2 38
8 33
2 62
8 9
4 62
10 59
9 96
2 78
1 26
7 52
7 75
6 77
4 65
8 78
8 72
6 36
7 39
2 74
9 79
3 81
1 82
8 23
8 5
2 71
2 79
1 2
7 58
7 49
8 55
2 46
3 77
8 98
4 83
9 5
10 75
5 85
3 48
7 20
10 22
6 43
4 32
3 19
1 44
1 29
3 2
10 22
9 30
7 3
5 35
10 100
10 31
6 23
1 77
4 64
4 48
6 78
7 21
2 83
1 100
8 63
4 98
10 57
6 100
4 48
3 51
9 30
10 25
6 17
7 29
10 60
6 88
1 57
2 41
2 68
9 66
1 68
6 95
8 85
10 89
3 75
5 14
2 21
3 27
7 76
2 52
3 33
7 78
10 70
3 4
9 73
7 77
1 37
10 74
4 29
2 24
5 76
6 23
10 79
4 33
1 87
1 45
9 23
7 30
9 1
1 61
1 8
5 54
5 7
2 98
4 93
4 21
9 87
3 53
6 45
2 13
3 17
4 27
5 50
7 98
5 84
5 27
1 99
8 41
2 50
8 77
4 93
2 92
10 12
2 1
2 63
2 95
9 91
3 52
4 25
8 39
10 45
3 6
10 20
7 31
3 84
2 90
6 47
7 97
2 98
5 88
4 24
7 7
1 34
6 46
6 25
7 62
9 66
3 41
1 58
5 97
5 71
4 18
2 21
3 90
10 74
2 2
9 61
5 9
3 42
6 56
1 99
3 14
9 78
7 74
5 39
2 37
2 38
1 17
3 31
10 1
3 18
3 50
1 43
5 13
5 97
6 78
7 45
8 83
9 4
4 89
3 28
2 99
7 96
7 75
4 56
6 27
4 33
5 64
10 12
2 9
4 66
8 15
6 85
8 58
2 0
8 61
5 44
2 34
3 72
5 20
4 75
5 38
10 77
3 13
2 3
5 21
9 48
10 13
7 38
3 5
9 91
8 8
4 74
9 22
6 8
8 80
5 44
1 94
10 61
5 60
5 58
4 63
2 22
10 37
7 29
5 53
1 78
6 37
2 59
3 72
10 13
4 60
9 67
6 11
3 71
5 66
6 91
4 58
8 1
3 66
8 30
2 100
8 98
3 71
1 31
7 70
5 71
1 75
7 59
10 79
4 64
10 19
8 30
2 8
9 23
6 85
3 2
1 25
3 24
9 35
2 86
10 37
3 98
5 45
1 83
10 39
7 61
7 82
1 57
2 87
6 91
10 80
7 75
7 59
6 53
5 62
4 29
7 44
5 8
7 99
1 61
10 37
1 96
6 35
3 97
6 90
3 34
1 88
9 93
6 65
5 11
9 20
7 12
5 54
1 12
7 43
4 53
3 100
9 3
2 99
2 5
5 29
9 59
3 96
2 66
5 19
10 70
9 35
9 9
9 81
7 73
8 58
6 88
8 79
10 24
10 69
3 47
6 69
6 2
2 45
7 37
8 32
5 7
8 43
4 1
6 53
8 82
5 50
9 47
8 4
3 1
8 27
5 70
8 94
7 82
2 93
6 73
2 6
8 44
10 68
7 12
5 78
4 12
9 9
4 23
1 97
2 60
5 47
7 71
2 10
3 32
6 80
6 8
5 83
2 25
2 0
9 90
5 74
6 47
8 32
5 100
8 0
4 82
1 52
10 92
1 81
3 52
3 100
1 90
9 47
6 61
8 10
9 92
4 89
7 88
7 96
2 47
9 5
4 33
1 43
5 30
2 73
5 15
3 61
2 69
2 16
8 24
4 41
1 91
3 20
9 81
7 66
9 69
7 85
5 93
3 33
4 14
2 9
8 2
1 40
10 13
8 34
3 2
4 21
1 64
1 8
10 1
10 64
5 15
7 18
5 14
9 57
6 57
3 6
1 22
10 99
9 25
8 93
2 68
9 83
4 97
9 29
10 50
5 61
2 59
1 9
10 35
5 56
3 14
2 6
2 20
4 23
6 94
10 91
7 46
3 66
6 98
5 14
10 2
9 100
1 72
7 49
1 76
10 85
6 69
9 55
3 70
2 46
4 64
3 50
1 62
10 63
6 48
6 57
3 92
5 83
5 15
4 61
8 20
3 65
5 21
2 35
5 7
3 82
9 59
1 36
6 3
10 76
2 37
10 37
1 97
2 44
8 86
5 92
3 63
3 16
2 58
6 68
4 86
5 64
9 52
4 68
9 92
4 30
5 51
1 92
4 62
4 58
6 86
1 92
4 55
6 33
10 69
10 98
9 3
1 88
7 88
4 48
8 61
10 3
6 13
10 69
1 26
8 79
10 89
8 43
1 70
7 36
8 41
5 18
8 97
7 68
4 7
6 93
1 80
5 42
9 53
1 59
4 80
3 74
5 26
1 61
1 38
10 99
2 51
3 72
3 79
4 8
2 74
2 20
3 91
10 8
7 44
9 91
8 12
10 22
2 75
1 49
5 38
8 82
1 47
9 76
2 54
3 88
1 74
1 37
6 61
5 52
5 5
10 33
10 71
1 88
3 13
3 66
9 77
1 5
7 70
5 48
2 92
4 17
8 98
3 0
4 97
9 36
9 9
3 89
4 0
4 37
3 94
10 54
3 87
7 64
6 54
2 82
10 86
7 60
10 20
6 48
3 24
7 25
9 1
3 9
4 71
8 75
3 45
9 49
4 55
4 57
4 16
6 60
9 13
2 43
7 69
8 77
4 49
9 40
1 8
7 52
10 77
1 64
8 88
10 20
4 88
1 4
10 70
3 33
10 94
6 15
8 45
5 60
4 49
1 1
2 96
3 2
10 39
10 78
10 32
2 5
5 69
10 26
2 75
2 81
1 65
1 53
4 11
6 49
3 21
5 28
9 27
9 59
8 6
7 31
3 61
2 83
8 71
3 83
6 69
1 83
4 62
3 92
1 4
2 94
10 12
7 5
3 86
6 7
6 1
9 91
9 8
5 69
1 6
5 4
3 45
1 27
3 18
5 42
4 10
1 21
9 68
1 20
2 4
1 19
9 46
8 30
3 54
7 32
2 16
6 62
4 80
4 16
6 9
10 21
9 31
1 18
4 42
7 75
6 71
4 5
4 82
7 84
4 47
4 44
10 86
8 1
1 44
10 33
4 27
1 41
1 49
8 67
5 10
4 53
1 74
9 4
6 12
4 62
3 98
9 32
1 66
9 76
10 27
10 10
3 29
3 61
5 8
1 79
7 30
8 19
8 23
2 12
2 44
1 57
10 16
7 77
1 11
1 41
10 26
7 71
9 81
10 70
10 46
8 100
1 29
10 83
5 42
8 26
1 94
9 16
9 63
5 3
6 28
2 88
7 26
9 51
4 40
8 49
4 70
8 5
2 33
7 2
4 57
7 58
8 41
10 21
10 96
9 76
4 27
7 60
10 9
1 47
5 98
7 45
3 40
10 48
6 100
3 39
4 42
8 6
6 49
8 94
2 11
3 7
6 27
6 63
3 17
4 56
4 69
7 44
5 15
4 31
1 59
10 42
9 46
3 24
4 25
3 55
1 88
5 34
2 3
2 25
5 40
4 17
9 54
9 1
5 24
8 38
1 59
2 52
2 50
5 78
7 2
8 65
9 88
2 94
2 44
5 57
4 0
10 19
2 68
1 63
10 33
8 13
6 60
6 36
4 100
9 13
9 40
6 11
5 63
6 34
7 91
5 45
9 52
6 25
4 53
6 85
9 56
1 14
10 2
10 20
7 93
7 6
5 93
6 94
7 72
3 20
6 43
3 45
9 99
8 1
5 63
1 24
10 30
2 99
6 55
2 6
6 42
7 56
7 2
4 44
2 29
3 27
7 68
5 24
7 73
1 11
10 45
1 48
2 25
4 45
1 56
7 22
1 4
9 81
3 86
7 54
9 61
9 44
3 94
9 83
4 5
7 79
10 24
1 15
10 33
7 11
1 28
10 23
5 27
6 35
10 69
10 59
3 32
10 44
1 78
3 92
1 99
3 90
10 75
9 71
6 15
8 0
4 70
4 13
6 19
6 76
6 17
8 42
5 15
5 16
3 78
10 42
7 98
7 10
8 16
1 98
9 16
2 83
5 19
9 43
7 88
7 68
3 20
4 55
2 58
3 21
7 72
7 57
5 12
10 8
9 29
2 34
7 66
1 94
9 42
9 27
1 49
4 18
8 67
10 83
10 0
5 47
1 58
5 19
7 65
3 84
7 89
6 73
5 52
4 8
3 28
8 43
10 39
6 81
2 48
7 61
4 42
10 45
6 88
8 57
8 35
9 56
9 67
6 27
2 29
2 22
8 68
4 16
10 80
2 57
1 77
4 15
8 34
6 31
9 37
4 21
2 11
10 9
6 65
3 63
4 62
4 93
7 15
4 59
4 59
5 72
5 28
3 45
4 20
5 61
8 4
4 3
7 54
10 11
2 97
5 60
2 73
10 4
6 76
7 30
10 63
8 83
1 13
6 36
3 66
6 66
7 97
1 62
5 42
1 93
6 99
4 26
7 57
10 52
1 71
5 66
3 67
7 14
5 29
10 87
3 3
2 10
3 37
1 69
3 33
6 37
4 47
2 9
2 24
8 92
4 18
3 71
8 79
9 18
7 99
5 69
1 62
2 67
3 6
6 21
7 91
6 71
10 32
7 2
6 96
4 14
1 3
9 52
8 92
1 89
3 10
3 81
3 99
1 77
1 42
1 65
5 50
6 65
7 56
2 26
2 78
5 27
9 2
9 35
9 64
2 64
7 97
4 20
2 16
9 9
2 36
9 57
7 31
7 37
9 98
1 14
10 86
6 5
9 8
2 41
8 100
2 89
5 78
2 69
3 86
8 95
9 82
8 96
3 20
2 32
4 76
1 28
4 7
2 32
7 73
4 43
3 15
10 68
1 36
8 33
9 85
2 83
10 91
10 41
8 87
9 89
1 44
6 79
5 18
4 1
2 74
2 82
4 41
7 15
10 68
4 25
7 27
6 91
2 57
10 46
4 93
8 38
2 78
2 58
5 39
2 44
2 58
2 35
8 42
5 89
1 54
1 11
9 76
1 35
2 50
1 71
8 54
6 33
1 56
5 69
1 27
9 52
1 72
9 47
4 29
9 6
7 37
3 90
9 21
1 50
6 20
5 77
7 75
2 88
1 86
8 56
4 16
5 47
8 66
7 95
8 99
8 66
8 18
5 96
5 54
3 58
2 87
3 79
5 15
9 100
2 79
4 5
7 50
5 78
9 65
3 32
6 21
1 34
1 31
6 1
1 65
1 97
8 56
2 82
3 94
8 91
6 40
10 26
3 95
7 54
4 96
1 38
5 68
9 0
3 33
10 5
1 69
8 73
1 81
9 16
1 24
8 10
1 57
7 89
8 69
6 2
10 34
7 24
8 10
4 4
2 59
1 13
1 0
10 0
6 29
3 45
3 56
8 83
3 78
5 26
8 67
5 91
7 31
4 69
5 49
3 33
2 37
8 91
9 33
5 74
7 15
2 35
9 93
3 12
8 18
8 60
4 75
7 54
4 73
2 25
7 58
1 30
9 18
6 94
1 95
1 61
5 29
3 38
4 83
2 45
10 54
10 41
2 41
4 9
4 64
3 87
2 86
4 22
1 0
1 89
7 82
1 96
8 68
5 43
4 30
9 75
7 13
1 59
3 70
10 67
10 44
8 32
3 49
3 23
10 15
2 8
3 23
1 86
9 16
8 58
1 45
2 73
7 31
6 73
9 72
3 32
8 28
4 77
10 1
8 24
7 4
6 65
5 22
5 13
9 78
7 10
5 77
3 61
10 16
4 98
6 65
4 95
10 63
8 48
8 89
1 44
5 69
5 85
7 34
2 81
9 44
8 49
8 12
7 74
7 39
6 36
10 66
6 71
4 22
8 19
3 23
10 56
1 91
4 39
6 88
10 38
10 20
5 26
3 36
4 47
8 47
4 86
10 84
2 25
1 67
2 13
8 79
3 33
3 52
7 86
1 75
4 49
8 77
1 30
7 67
4 84
9 86
9 7
2 27
8 83
6 42
4 31
8 85
4 25
5 13
6 8
3 84
8 15
4 3
3 70
4 38
8 0
10 91
8 9
5 19
7 3
2 85
1 26
10 85
8 67
2 98
5 1
2 30
1 35
1 25
4 39
4 71
9 20
4 21
10 64
2 77
7 31
4 52
3 8
7 8
1 92
5 71
9 48
2 74
5 33
10 20
1 73
2 66
2 77
9 80
2 0
6 26
1 87
4 17
6 27
6 10
4 97
8 3
2 33
8 71
9 43
10 64
4 11
5 6
2 84
2 17
8 35
8 8
3 92
3 33
6 24
5 78
3 54
8 9
1 49
7 8
4 9
7 28
3 93
1 68
1 17
6 44
8 49
4 46
1 37
8 30
3 90
1 98
2 57
7 16
8 32
2 95
1 23
1 39
5 88
9 34
8 15
10 2
8 13
6 26
10 63
6 87
3 22
7 99
3 57
4 77
8 34
10 61
6 84
2 93
3 67
2 68
6 13
3 5
3 65
4 85
1 35
8 23
10 11
5 51
1 70
1 93
3 79
10 0
8 67
9 6
3 1
2 54
6 19
3 0
4 49
1 12
8 84
2 37
8 54
6 24
8 18
7 33
2 59
10 78
10 70
2 51
1 40
4 61
10 28
3 7
3 27
2 87
5 94
8 12
7 94
9 14
1 93
7 83
3 98
2 76
8 97
10 82
7 68
2 9
5 44
6 24
10 64
3 95
1 84
3 84
9 61
8 33
2 71
9 45
8 18
7 2
6 59
9 55
5 45
7 3
6 89
5 1
8 92
9 56
8 97
7 48
3 19
6 81
1 93
5 93
7 39
8 94
2 2
1 92
4 8
1 91
4 36
8 28
9 42
3 85
5 96
1 22
4 30
9 24
1 87
5 12
5 31
6 57
9 88
2 41
3 2
7 40
4 47
2 77
6 37
6 17
1 96
2 29
1 65
6 59
1 0
6 73
1 0
6 8
9 81
5 27
9 91
4 47
5 63
8 84
1 82
5 75
2 58
8 80
3 67
1 90
4 60
8 40
2 30
1 85
10 70
1 86
8 68
3 96
8 10
6 86
3 44
7 51
2 1
8 38
8 99
7 96
3 17
9 26
4 94
10 64
5 76
8 22
6 77
7 44
3 77
8 40
5 66
4 84
6 23
10 48
6 27
1 48
3 15
4 62
6 55
10 36
6 92
3 73
4 19
6 46
9 2
3 95
1 46
1 40
3 33
6 34
3 18
7 49
5 69
2 94
7 32
8 20
3 12
9 2
5 60
1 80
9 59
8 1
5 21
3 40
6 32
4 18
2 86
4 92
1 48
2 26
1 34
2 63
10 94
8 61
8 29
6 88
1 41
9 88
7 80
6 57
4 60
1 40
6 19
5 9
2 31
1 15
3 51
2 80
3 100
8 64
4 63
5 47
3 98
4 2
5 81
6 48
4 95
6 80
1 57
3 21
4 63
8 94
3 78
9 89
10 15
6 42
9 22
5 28
1 67
2 81
7 68
10 42
4 12
9 35
2 16
7 28
2 84
4 62
2 54
1 87
9 31
1 50
4 76
2 72
8 0
3 38
10 80
9 38
10 21
2 28
6 89
9 23
1 55
4 34
7 18
4 41
1 85
7 73
4 90
4 21
4 28
3 32
6 55
9 29
3 77
3 38
7 0
5 0
7 51
3 52
1 89
9 13
8 25
3 17
7 75
7 96
3 69
7 40
5 88
2 8
9 24
3 35
9 40
7 66
1 54
8 84
6 70
10 91
1 8
4 69
5 60
1 39
7 81
5 62
9 46
1 50
8 72
4 73
2 74
6 52
3 48
2 76
5 25
1 84
7 30
9 11
5 18
4 53
5 41
3 43
9 81
10 55
4 1
7 87
3 69
7 38
5 97
1 42
7 76
8 3
7 56
8 24
6 58
10 68
1 84
4 25
8 48
3 98
7 74
10 57
7 12
4 62
1 73
7 48
4 61
4 20
4 26
5 58
4 95
1 4
8 80
2 43
8 28
9 69
1 74
2 95
1 88
9 94
7 29
4 43
4 27
8 87
2 17
10 23
5 6
3 66
6 44
10 16
10 56
2 1
9 74
4 24
6 68
4 55
3 46
8 55
1 3
6 96
5 52
5 93
9 81
2 34
1 61
7 27
3 55
8 6
4 40
1 26
3 84
8 72
6 80
3 53
2 8
6 87
8 7
5 100
5 76
7 40
7 60
5 69
3 83
7 89
7 56
9 79
7 85
7 28
3 60
5 34
8 49
5 14
7 82
2 39
10 63
3 13
1 38
5 77
2 5
8 56
1 37
6 44
3 19
4 68
10 13
3 55
6 13
10 33
1 15
7 75
1 17
3 100
5 31
8 61
10 10
5 27
2 81
3 24
2 80
9 89
8 85
1 15
5 9
2 39
4 10
4 28
3 91
4 25
2 20
4 56
7 6
7 42
9 41
8 14
5 45
7 38
2 40
8 27
5 82
8 9
7 7
3 83
10 85
2 86
5 45
10 87
7 13
10 78
6 40
1 71
8 38
1 13
7 69
6 91
3 8
8 86
3 73
4 95
10 24
9 72
1 56
3 70
1 80
4 58
10 100
9 74
7 90
10 84
5 50
5 82
4 68
5 67
8 50
6 40
3 75
10 39
8 35
8 89
1 22
1 98
10 27
1 57
5 4
2 52
1 65
10 72
5 82
8 55
8 67
2 84
8 98
3 73
5 90
1 16
8 40
3 46
1 60
5 75
2 63
9 41
10 52
7 42
1 34
7 64
2 83
8 31
7 31
3 7
9 24
5 52
6 83
7 54
8 3
4 81
2 59
3 28
9 26
1 35
2 75
10 91
5 32
10 3
7 48
5 14
1 82
2 65
8 74
1 30
10 10
7 82
10 79
9 83
3 13
1 84
9 2
4 21
6 50
2 18
8 63
1 41
5 49
4 9
4 98
10 7
9 82
6 91
8 70
9 71
1 38
4 7
9 14
10 33
3 56
7 18
4 20
3 42
6 87
2 52
1 89
1 89
3 45
2 73
6 45
8 5
1 83
10 15
8 89
7 15
10 39
1 32
4 76
2 92
7 8
6 37
10 62
2 47
3 46
5 95
2 86
7 82
2 92
1 5
6 3
10 99
10 29
7 10
7 0
5 52
4 17
1 97
3 71
9 13
8 67
2 83
10 35
2 73
5 72
9 56
8 28
7 83
6 35
5 57
6 52
7 89
5 66
3 19
2 36
4 86
10 37
7 92
6 23
6 12
4 74
9 21
9 59
1 32
3 22
5 86
4 74
5 1
10 25
9 63
8 59
4 95
1 65
6 79
10 99
2 10
10 92
5 95
2 93
3 65
3 33
5 5
9 75
7 99
2 55
4 19
10 67
6 39
5 29
3 6
1 37
3 47
3 15
4 4
4 22
10 85
7 89
2 9
9 33
4 10
9 3
10 93
10 64
4 26
6 81
4 53
6 92
10 38
6 97
6 97
2 14
9 5
10 17
2 60
8 2
1 49
10 10
1 25
9 95
2 16
4 4
10 91
1 61
5 33
9 6
8 63
1 45
10 8
8 96
1 15
4 81
10 5
4 53
2 38
1 37
9 20
6 100
5 5
6 76
7 31
5 98
8 26
10 79
4 46
5 77
2 63
4 44
3 87
9 71
6 29
7 5
3 4
6 25
3 77
1 47
1 89
8 45
7 60
3 55
7 72
4 8
2 72
9 6
7 86
6 38
4 6
6 41
10 16
1 43
8 64
9 71
6 83
8 20
1 14
6 38
8 69
7 49
7 40
1 63
1 28
5 20
8 43
8 86
9 38
4 57
1 9
5 12
4 91
10 26
7 55
4 57
3 50
2 85
9 25
1 25
10 1
6 55
5 56
7 99
10 36
7 39
9 78
2 9
1 37
10 47
4 29
3 95
7 63
3 76
5 16
9 40
3 63
5 55
5 87
10 73
6 8
8 73
8 79
5 92
9 28
8 47
8 26
10 92
10 90
8 85
4 79
7 10
9 97
2 22
2 31
8 4
3 3
6 81
1 60
5 90
2 35
7 31
1 54
6 85
9 85
10 69
8 22
7 65
3 100
10 11
6 34
7 91
2 45
4 54
1 20
4 38
5 38
4 71
1 68
6 8
10 6
6 32
10 2
6 21
9 52
10 6
5 10
10 67
3 7
5 90
4 60
8 95
1 58
8 21
8 91
1 91
4 66
10 29
10 35
4 32
5 86
9 30
8 94
8 45
10 31
1 47
5 54
7 73
5 71
8 59
7 24
3 63
8 71
9 30
3 17
6 94
6 85
1 25
9 74
1 18
3 39
6 65
10 49
8 55
4 54
1 31
8 50
1 29
3 3
8 0
6 8
3 90
6 51
10 20
6 86
9 85
7 39
2 56
4 84
10 22
2 94
1 42
5 79
8 70
7 100
4 86
6 11
4 68
1 78
3 99
9 85
8 89
8 45
6 99
3 5
2 15
6 55
1 9
9 48
10 78
3 62
1 65
3 44
7 73
9 80
1 66
4 83
6 48
4 44
2 98
1 63
4 28
5 96
9 70
7 12
4 0
8 61
5 54
1 43
5 67
8 88
6 69
4 98
5 8
8 23
10 57
7 25
1 46
3 11
7 67
1 62
7 30
3 15
6 44
2 78
5 89
3 50
7 25
2 86
4 36
2 67
4 90
8 5
10 42
10 45
3 56
7 15
8 70
6 52
1 60
10 83
8 74
5 89
10 37
2 31
6 1
7 9
2 9
1 15
1 65
3 68
6 22
9 92
2 78
3 38
6 19
4 54
4 10
2 44
9 75
9 8
7 75
5 81
4 25
3 50
1 94
1 77
8 48
8 84
3 49
10 79
7 94
2 62
9 58
3 68
2 97
8 49
4 43
4 66
5 49
9 31
9 24
2 49
7 64
3 99
1 21
1 13
9 64
6 53
1 52
2 18
6 20
9 22
1 57
1 59
4 96
4 87
6 49
10 79
3 62
6 31
4 18
4 40
1 90
9 31
2 60
3 30
8 53
1 3
8 59
3 5
9 27
4 10
3 34
1 75
1 65
3 71
9 88
5 94
5 98
8 85
5 38
2 12
6 48
7 53
9 1
4 52
5 50
9 66
4 36
8 85
10 35
2 20
2 73
3 13
8 18
4 33
3 24
5 48
3 27
5 16
2 49
3 12
4 66
2 10
1 34
9 76
5 45
6 99
8 49
10 57
8 92
8 27
5 7
10 64
7 73
1 12
1 34
6 87
4 2
6 14
2 16
10 64
9 10
8 5
2 54
6 91
7 54
1 93
10 25
9 49
10 80
4 67
9 41
10 11
1 19
10 30
3 38
5 10
2 36
4 71
10 93
6 94
9 97
6 14
1 11
3 69
5 49
7 75
3 94
3 51
1 45
4 33
4 36
8 87
3 18
6 81
7 76
2 97
6 6
5 37
9 22
9 33
6 60
1 66
5 28
6 74
2 4
10 75
6 53
5 50
8 66
9 23
7 52
2 72
1 22
9 39
7 24
10 48
4 56
9 19
9 81
3 100
10 10
8 83
6 77
7 61
3 36
1 51
3 51
8 50
5 27
10 88
2 94
1 30
5 2
9 100
5 47
2 100
3 23
2 53
3 43
3 81
5 75
3 99
2 61
10 57
1 43
6 33
3 48
10 54
7 43
9 89
9 100
2 58
1 79
6 60
4 26
6 36
8 16
3 40
10 11
7 5
2 40
1 57
1 25
5 94
2 23
8 21
3 40
5 3
3 59
7 80
2 96
10 55
4 23
6 79
4 26
7 71
5 68
8 67
3 14
10 56
7 38
1 86
8 76
1 89
8 63
7 12
9 95
5 82
5 81
2 4
6 75
7 32
8 24
3 82
7 69
6 26
10 98
9 83
4 97
6 86
4 44
6 88
1 85
9 83
4 78
10 94
8 14
6 85
7 26
2 24
7 69
3 8
4 33
8 39
4 60
5 59
9 38
10 96
4 79
6 77
1 95
4 12
2 48
3 62
8 5
7 21
7 8
5 7
1 69
4 63
2 30
4 70
9 58
4 3
5 34
3 2
9 89
2 45
3 71
9 62
4 52
8 92
8 5
7 44
6 16
7 21
1 27
7 74
7 65
9 13
3 56
5 52
6 94
3 23
7 57
3 0
2 5
6 89
7 49
10 24
1 4
10 4
8 57
5 33
7 41
7 16
5 90
6 35
3 32
2 30
1 25
6 41
1 24
4 10
9 87
8 52
10 93
5 11
4 65
5 68
9 94
6 91
3 90
2 52
6 82
4 99
7 30
7 71
1 7
1 100
9 52
1 26
5 91
8 87
5 91
6 0
9 86
3 12
2 49
10 100
7 44
5 2
3 96
7 66
8 82
8 30
8 67
7 72
10 92
10 95
4 44
5 47
6 93
4 88
5 70
1 64
10 19
3 39
4 96
8 18
1 2
3 47
2 56
6 13
10 9
4 74
3 33
6 49
6 39
7 10
10 14
5 66
10 33
10 66
3 88
3 68
4 60
7 85
1 24
5 66
1 41
1 10
6 40
5 62
5 20
7 84
3 0
9 53
10 64
2 61
3 46
10 60
2 47
6 30
6 23
1 30
2 20
6 7
6 77
1 25
5 31
5 68
6 55
10 57
5 79
8 10
4 26
7 92
6 98
9 28
2 44
3 28
2 24
9 19
1 74
6 27
5 28
7 86
2 82
10 72
4 54
5 33
6 52
3 93
7 77
1 60
4 12
1 82
2 5
5 23
8 51
3 12
5 18
7 61
9 48
1 53
1 4
7 76
6 0
5 30
5 14
10 20
5 91
9 84
4 76
4 37
5 19
6 99
10 61
4 31
4 9
5 10
10 27
5 88
6 44
3 5
4 30
4 13
9 58
6 26
1 10
6 18
2 33
9 22
9 52
10 61
7 68
6 94
8 93
10 50
5 46
4 38
2 75
5 78
2 18
1 42
7 15
1 57
3 29
3 75
3 30
7 98
8 25
2 23
2 63
9 13
4 62
2 7
4 99
6 9
8 7
3 4
10 93
9 41
9 81
10 62
7 51
4 48
4 79
8 6
1 71
8 72
9 96
8 5
8 6
8 93
8 78
10 78
5 6
7 26
6 34
9 53
1 8
3 83
10 7
7 82
7 89
1 90
10 25
3 70
6 37
3 52
6 25
1 40
1 11
1 54
5 26
8 84
7 4
7 29
4 29
6 89
7 32
8 51
3 48
10 55
4 60
4 63
8 26
9 52
4 38
4 61
2 85
1 67
1 64
1 48
9 60
2 74
4 42
9 33
9 12
8 35
1 17
10 23
7 63
4 94
3 15
10 23
6 57
4 15
4 20
3 5
6 39
2 83
7 51
10 91
10 54
7 90
10 96
6 98
3 63
6 68
1 13
1 57
9 55
2 27
9 78
1 35
9 52
1 23
10 74
2 80
3 53
7 45
6 81
5 34
10 13
2 14
1 75
2 65
2 7
1 9
3 55
6 80
7 29
7 38
4 95
8 88
4 36
6 70
7 7
10 13
4 20
4 20
5 18
1 95
10 93
10 92
2 27
9 23
7 68
4 29
10 85
9 29
4 94
5 89
4 0
8 3
10 90
1 54
2 88
8 98
10 25
10 94
4 70
7 86
6 2
10 33
5 31
3 46
8 8
2 51
6 32
6 68
7 60
7 39
6 96
7 92
6 16
3 84
8 18
10 100
7 24
2 60
9 89
3 88
6 24
6 67
2 8
2 53
3 85
8 42
3 72
9 99
3 53
5 62
10 56
5 46
7 60
9 17
9 100
9 52
9 26
10 31
1 39
8 10
1 86
7 86
7 91
3 55
9 88
4 82
1 19
5 52
9 82
2 52
6 37
2 43
7 35
2 74
1 88
4 56
4 88
9 77
5 69
4 41
6 92
5 95
4 35
10 8
10 22
4 97
5 20
6 71
2 53
4 53
1 77
6 26
10 72
7 48
6 92
10 39
7 11
7 0
2 6
8 86
5 3
3 58
9 45
7 36
10 45
4 51
3 37
9 96
5 82
10 80
6 75
5 22
7 31
8 84
1 48
3 37
6 74
10 39
8 65
6 14
2 10
8 76
2 42
2 99
8 100
3 31
3 64
3 70
7 46
5 46
9 62
2 18
9 90
7 92
3 2
9 49
8 72
8 95
9 91
7 94
10 77
5 78
5 24
10 12
3 85
5 86
5 67
2 68
2 11
4 80
5 72
8 98
10 74
3 6
1 15
2 75
2 24
10 77
2 28
9 57
7 74
10 11
6 54
2 19
6 76
10 13
4 49
7 44
10 8
10 88
3 93
7 52
10 84
10 10
8 55
9 39
5 33
8 7
4 97
3 75
3 0
4 64
7 66
6 51
1 88
2 73
4 5
7 4
3 31
2 88
4 98
4 70
1 19
8 98
2 50
10 4
7 70
2 23
6 37
5 72
10 83
3 9
3 39
7 9
5 30
5 34
2 2
1 17
8 84
3 57
7 83
1 95
7 10
7 69
9 98
5 100
10 78
8 19
5 36
7 33
1 90
10 71
1 59
2 38
6 13
2 3
4 32
10 30
8 97
9 58
3 9
6 100
1 0
3 58
1 47
10 30
5 30
9 19
7 37
6 4
6 21
3 38
7 58
6 96
8 72
8 81
3 99
1 74
9 7
4 49
5 52
9 27
7 18
8 50
9 82
4 44
8 43
8 70
8 64
10 28
5 92
5 62
10 28
5 84
7 66
8 10
7 95
4 95
6 70
2 35
5 94
9 90
5 65
3 49
6 85
8 20
8 27
9 37
7 76
4 32
2 83
8 10
6 36
6 21
7 16
2 45
9 25
8 45
10 58
7 78
8 73
6 20
4 2
3 93
1 25
8 94
8 2
9 78
8 85
1 98
10 22
9 71
5 20
2 94
7 32
9 85
10 53
8 24
4 42
4 75
4 0
6 91
9 36
9 28
9 95
7 36
3 76
2 98
6 37
10 78
6 50
9 21
1 91
1 54
5 65
5 96
10 84
8 48
4 88
5 7
4 65
7 64
9 75
9 19
6 31
7 94
9 39
6 60
5 0
8 41
1 11
5 96
8 22
8 49
5 2
9 20
9 78
2 53
8 10
6 44
6 5
10 56
10 51
6 67
8 71
1 68
2 47
4 60
5 2
6 63
1 64
9 55
4 95
2 7
4 24
3 89
5 59
7 88
3 2
3 8
3 83
5 98
10 16
2 15
6 84
8 78
2 85
7 98
2 49
4 52
2 53
8 37
7 31
1 59
4 48
5 60
3 70
5 88
4 78
5 23
2 74
10 32
10 63
5 5
4 19
8 20
5 37
3 80
10 69
8 38
3 8
3 80
4 100
4 13
6 73
6 62
3 48
2 69
6 57
4 42
7 95
4 3
1 96
8 58
1 29
2 16
7 87
1 9
2 31
6 91
10 38
3 83
1 96
3 61
9 38
1 84
8 88
2 54
7 5
4 34
4 97
4 79
10 38
4 65
9 86
9 39
4 100
2 70
6 28
3 27
6 22
7 68
4 65
3 23
8 29
2 89
1 94
1 13
9 98
10 52
5 18
7 99
1 25
5 14
10 1
3 26
8 81
1 11
5 82
5 72
5 10
10 9
4 76
5 30
9 81
10 94
5 90
7 100
4 80
2 23
2 10
1 40
7 52
10 72
10 39
10 64
10 41
4 71
1 60
3 35
5 65
5 81
7 49
6 96
1 54
2 89
8 31
4 57
7 65
8 73
2 29
3 59
3 48
7 68
5 82
9 71
1 19
3 49
2 63
5 69
7 23
5 97
6 39
9 60
3 2
5 69
2 32
5 64
6 86
3 37
6 93
1 53
9 2
9 93
6 75
7 25
10 72
5 60
6 27
5 50
5 90
10 67
2 29
7 10
3 62
2 39
10 80
1 60
6 82
3 15
3 23
8 8
7 47
4 12
1 80
2 4
1 9
10 38
8 58
5 45
1 39
6 48
4 49
2 97
5 36
5 55
8 22
5 18
7 4
2 9
5 55
3 57
1 37
3 88
6 72
2 19
7 95
4 54
3 41
4 59
4 45
2 73
8 4
5 40
3 21
7 48
10 6
9 75
9 7
8 8
7 72
7 20
1 65
8 24
3 6
8 94
4 78
7 56
10 91
8 50
8 19
10 47
7 40
9 43
10 36
7 36
8 69
7 91
4 75
1 76
4 90
6 83
5 18
9 74
6 99
3 89
9 12
8 27
6 2
7 18
1 99
5 0
9 64
4 7
6 9
1 38
3 60
10 58
10 8
2 66
3 7
5 31
3 65
5 0
5 70
9 88
7 86
6 67
1 93
4 61
6 100
3 1
5 63
9 19
8 64
1 58
4 12
2 8
2 1
6 39
2 57
9 93
6 14
8 59
6 84
8 99
8 44
2 46
6 5
4 78
2 44
9 47
1 0
7 3
4 11
9 10
6 80
3 35
8 82
2 84
2 9
5 10
9 50
7 72
10 74
6 89
4 76
2 2
6 53
6 83
3 97
7 50
4 95
4 96
10 85
6 37
9 31
6 69
10 47
8 17
7 51
6 95
5 94
10 25
2 23
4 92
10 14
1 28
7 28
10 99
10 17
9 89
2 11
1 23
1 28
8 21
2 0
5 65
4 98
1 14
3 14
5 66
10 69
2 13
9 96
2 21
10 8
5 78
10 28
4 73
1 84
5 5
6 8
3 47
1 21
8 25
4 54
10 76
3 21
5 13
8 17
1 76
10 53
3 96
2 25
7 28
4 94
8 60
7 73
8 56
1 58
2 12
8 31
3 4
3 32
8 45
10 8
2 41
8 96
6 6
10 27
7 56
4 56
3 12
6 98
5 65
4 25
4 55
3 8
8 73
6 49
4 48
6 16
3 83
2 92
10 20
8 49
7 80
8 36
4 92
4 42
3 100
10 32
2 44
7 57
3 95
1 19
9 69
5 82
7 2
7 22
8 79
1 71
3 48
8 35
4 17
10 31
1 7
10 65
8 24
2 77
4 62
1 27
2 34
6 23
10 80
1 29
2 4
3 66
7 27
2 11
1 26
1 17
9 33
3 0
5 31
3 6
7 5
10 58
2 47
7 72
7 63
4 98
3 73
5 94
6 11
10 95
5 39
2 8
5 95
9 42
5 99
9 6
7 55
3 2
1 76
4 43
8 44
1 3
7 15
9 26
1 97
2 15
3 88
6 67
5 66
5 27
10 6
1 66
3 30
3 26
8 88
5 97
4 80
10 21
5 56
3 91
1 90
7 49
6 34
3 93
4 100
8 39
5 63
8 70
5 68
3 80
8 87
10 6
2 7
4 69
4 14
9 84
1 52
5 90
2 87
1 10
4 5
5 63
1 88
10 0
10 77
6 36
9 75
4 99
2 22
9 7
2 66
10 58
5 37
8 20
2 43
10 70
4 71
9 48
6 5
4 57
6 28
9 19
8 7
3 98
5 27
1 35
3 86
9 6
7 64
4 54
8 75
5 41
8 52
3 74
4 83
8 39
1 0
5 96
9 61
8 45
7 53
3 67
10 28
2 33
10 58
2 12
3 53
6 57
1 46
10 78
6 97
2 25
3 84
5 22
3 60
2 20
4 0
1 11
1 47
7 88
1 15
9 36
10 33
8 84
9 46
8 48
1 98
7 4
4 14
10 5
9 88
4 47
3 88
1 89
4 43
1 58
5 24
5 56
1 100
10 16
5 53
3 37
5 37
6 30
5 49
8 72
3 59
10 99
9 67
7 23
6 76
10 50
10 89
5 69
1 17
10 46
1 14
9 0
2 86
1 72
9 60
2 16
5 31
7 81
2 10
7 51
3 61
2 92
6 14
5 37
7 98
9 49
10 22
2 59
7 35
8 60
10 44
6 29
6 27
1 60
1 53
7 92
2 28
2 6
4 93
4 98
7 71
8 85
4 54
7 48
6 75
8 55
6 74
5 91
5 35
9 16
10 23
6 100
3 13
2 25
5 35
7 30
9 67
2 3
9 42
1 0
4 98
5 0
6 16
6 4
2 21
6 69
7 74
7 83
4 70
9 92
4 26
9 97
8 9
1 72
10 44
9 58
7 18
5 66
6 90
8 1
8 81
1 21
6 82
3 30
5 37
6 77
7 6
2 73
2 92
1 31
1 83
9 52
3 10
8 60
5 17
10 48
1 99
5 81
4 49
3 12
5 50
1 62
5 24
5 58
6 2
7 45
7 6
1 31
4 21
2 53
3 41
5 49
9 49
1 70
5 25
8 40
5 33
1 39
3 82
1 17
1 93
6 37
2 90
7 85
1 43
2 42
5 99
8 96
8 77
8 31
2 70
5 38
1 62
4 34
5 27
10 80
8 42
6 22
8 24
5 45
5 33
4 20
9 70
1 98
5 22
5 63
7 75
8 8
4 23
8 42
3 61
5 74
2 12
1 95
1 91
9 5
9 54
2 28
5 50
6 5
9 94
8 24
4 64
2 90
10 44
1 65
5 30
2 64
8 50
2 65
10 52
1 67
10 4
6 14
9 24
9 54
2 38
1 58
5 63
5 25
3 53
3 81
5 96
9 16
7 15
9 95
6 6
9 35
6 77
10 88
1 82
7 3
1 40
1 24
6 55
8 51
2 26
9 50
4 13
7 63
4 44
5 56
8 78
6 88
5 30
9 47
10 12
6 52
8 26
3 36
3 73
3 87
10 68
5 15
10 32
10 82
7 4
3 7
9 6
3 77
8 13
3 17
6 9
7 71
1 30
8 48
4 7
7 28
2 69
4 4
5 28
5 27
2 69
2 86
1 85
3 93
6 5
4 2
1 78
1 72
7 65
2 3
9 83
6 4
8 21
9 38
6 69
9 70
8 52
8 19
4 40
6 29
10 48
4 80
4 36
1 85
2 100
3 96
10 15
10 32
8 56
3 7
4 3
7 92
10 70
9 30
3 47
4 47
1 89
9 71
1 32
10 47
1 89
2 14
4 28
9 69
5 82
9 68
8 97
6 52
4 96
2 62
3 60
10 25
9 53
8 70
8 61
6 38
4 67
2 57
4 44
1 17
9 49
4 88
6 49
1 21
9 48
3 69
10 13
6 36
9 82
1 1
4 79
1 92
1 72
2 10
9 100
6 37
9 21
9 90
2 39
5 65
5 49
10 85
10 54
9 38
3 34
5 2
8 7
2 77
1 15
3 40
10 66
6 33
3 76
4 49
4 68
6 20
10 74
2 7
8 65
5 6
2 59
4 34
4 84
6 36
10 2
10 32
1 1
4 42
3 87
10 26
4 38
1 42
4 5
7 84
3 89
9 95
8 73
9 20
9 55
2 27
7 56
2 12
8 38
10 41
3 18
10 16
9 58
5 82
3 19
2 25
1 82
3 30
2 4
4 64
1 39
2 89
7 12
10 39
6 18
2 49
3 74
4 23
4 91
4 60
10 27
3 56
7 37
1 6
2 8
9 88
7 54
10 67
2 99
4 23
7 39
8 8
5 15
6 5
1 64
10 74
5 81
7 86
4 62
7 25
7 91
2 29
9 84
2 12
9 38
4 70
5 60
9 61
5 2
4 39
3 72
10 85
6 23
10 36
10 39
1 8
3 29
9 68
5 8
10 5
3 7
7 88
1 43
2 91
1 35
6 52
4 21
9 23
3 96
4 55
2 86
8 50
1 61
4 54
4 31
5 50
1 71
7 11
9 27
8 43
9 1
4 53
5 57
1 86
1 84
7 96
4 28
5 21
5 73
2 24
10 23
2 38
7 90
3 82
7 93
1 96
4 35
4 22
5 10
10 76
8 34
5 90
1 1
10 15
2 93
2 79
3 64
10 54
5 15
2 87
9 37
7 66
3 57
3 5
6 54
3 4
10 14
3 49
2 73
3 21
6 54
4 11
8 60
6 85
7 86
5 57
2 89
5 50
10 43
7 46
6 25
1 85
9 73
9 78
5 43
2 19
5 83
2 21
10 20
9 90
4 63
9 92
5 16
7 75
8 75
9 10
2 95
1 20
4 92
2 15
2 11
4 57
1 87
7 38
4 60
5 31
1 49
4 74
4 33
10 30
3 81
9 93
1 62
7 55
9 88
10 48
7 91
1 7
3 82
9 35
5 82
8 44
7 66
1 65
8 11
1 23
6 54
4 45
5 94
7 60
6 16
3 8
6 39
1 68
2 96
5 10
5 38
8 85
7 46
3 56
1 94
5 97
8 6
8 73
4 90
4 46
7 23
7 30
8 41
6 96
7 95
6 96
3 81
1 82
9 39
3 76
5 61
7 72
7 52
8 42
10 80
2 94
1 74
7 83
6 49
7 12
9 49
4 38
8 25
9 95
5 24
9 91
9 96
2 65
3 84
2 56
2 77
10 55
10 45
1 45
1 55
7 31
3 94
8 17
8 91
2 64
10 69
4 46
7 97
1 96
2 89
6 71
4 82
1 70
10 64
1 44
8 61
8 45
10 54
8 27
5 95
9 54
5 83
10 20
7 30
4 54
1 75
1 99
6 4
9 84
5 69
5 61
9 68
6 35
10 6
7 56
4 90
10 27
9 53
8 49
7 38
8 50
1 66
4 0
7 25
2 90
6 26
9 71
8 79
4 10
5 5
1 27
1 91
7 57
10 61
2 65
3 86
8 76
5 66
6 9
6 20
5 65
9 94
1 15
2 59
8 31
2 44
2 60
3 1
5 7
2 7
4 84
3 34
6 93
4 15
3 73
5 37
9 29
9 34
4 81
1 54
1 35
4 13
4 71
5 64
2 35
10 28
3 82
1 3
5 74
3 23
7 43
4 50
5 97
5 7
9 45
1 23
3 8
7 16
8 78
8 48
8 34
10 32
10 71
10 9
6 87
2 58
4 14
10 53
9 3
3 2
3 45
10 6
3 28
4 96
10 73
5 10
5 84
8 79
8 63
10 90
4 90
3 71
1 76
6 6
10 22
9 95
9 54
3 47
10 11
7 74
5 38
2 44
7 98
9 54
8 63
5 36
9 22
7 99
7 62
1 45
9 10
2 3
1 26
3 42
2 71
7 10
10 100
6 76
3 87
6 40
5 73
7 31
4 88
2 48
9 46
1 54
2 69
7 33
4 72
2 58
7 37
10 23
6 15
5 100
4 16
6 46
2 57
10 45
8 86
5 2
6 23
6 24
4 83
5 58
7 19
9 74
5 89
6 33
8 37
3 99
1 93
7 35
10 43
6 16
3 33
2 15
7 40
8 35
9 79
2 96
2 58
2 31
4 4
2 15
1 75
10 88
1 75
5 27
3 35
7 65
4 23
10 32
5 83
8 31
10 77
6 62
2 19
1 18
4 17
10 71
9 63
9 62
7 99
1 81
7 66
4 76
10 4
5 24
4 89
2 38
8 97
7 19
5 31
3 51
1 95
9 28
7 20
10 32
6 54
8 14
9 24
9 67
10 100
1 85
10 50
2 100
5 26
4 49
4 81
8 35
9 14
9 27
6 63
2 62
4 10
7 19
8 93
3 86
5 68
7 51
10 12
9 59
8 79
1 100
10 35
6 29
4 52
2 74
7 26
6 33
5 60
4 33
6 63
6 31
6 40
5 76
10 62
10 87
4 53
8 75
4 50
9 45
2 25
4 0
2 66
2 44
2 48
7 85
3 48
9 53
6 6
1 57
4 59
7 76
4 47
3 59
1 62
4 60
3 44
7 9
6 33
2 99
10 16
10 18
7 14
10 15
3 4
9 92
3 43
1 55
10 60
9 80
5 94
1 67
1 83
10 3
2 25
9 94
10 45
5 100
1 10
8 65
2 4
3 12
3 27
1 97
3 8
6 48
7 49
9 25
3 81
5 72
2 24
