50
4 6 4
1 4 2 1
100 10 1
1
5 5 10
2 4 2 3 4 2 1 2 1 3
1 1 1
1
100 2 2
1 2
1000 100 10
4 3 9 1 2 5 6 9 1 10
1 10 10
4 3 4 1 2 5 6 9 1 10
1 10 9
1 1 1 1 1 1 1 1 1
1000 10 9
1 1 1 1 1 1 1 1 1
934 9 10
8 8 8 8 8 8 8 8 8 8
734 3 10
1 2 3 3 2 1 1 2 3 1
345 19 10
10 10 10 10 10 10 10 10 10 10
765 10 10
10 1 10 1 10 1 10 1 10 1
1000 100 10
10 10 10 10 10 10 10 10 10 10
734 20 10
1 2 3 4 5 6 7 8 9 10
631 16 10
10 9 8 7 6 5 4 3 2 1
4 12 9
8 9 10 8 5 1 1 5 3
4 8 9
6 5 3 5 7 4 7 5 3
3 5 7
2 2 3 4 5 5 4
3 10 9
8 2 6 8 6 8 1 9 7
545 9 9
4 4 9 8 1 5 8 1 4
805 5 9
1 3 3 1 3 5 1 1 1
182 14 10
10 1 6 8 8 3 3 10 10 9
460 13 9
10 9 6 7 9 4 2 3 9
9 25 10
2 8 1 4 7 8 5 9 4 2
6 27 10
8 9 4 8 7 1 7 5 6 3
5 29 9
8 8 3 5 7 4 2 7 9
5 24 9
9 10 4 5 9 10 5 7 3
11 14 10
8 6 5 7 6 9 5 5 8 7
120 26 10
6 5 5 6 9 7 7 5 8 8
60 22 9
6 6 9 7 6 9 8 6 8
149 42 10
7 5 8 7 8 8 8 8 8 7
194 28 8
9 8 7 6 7 5 7 8
471 47 9
5 5 7 5 7 9 6 9 6
290 26 8
5 6 8 8 5 8 8 6
624 36 9
6 8 8 5 9 9 7 5 6
275 93 9
9 7 8 8 6 5 6 6 5
685 42 5
7 9 9 8 6
303 35 9
8 7 9 7 8 9 7 9 6
948 64 5
7 8 5 8 8
374 5 5
5 5 5 5 5
707 43 5
6 6 9 9 6
951 17 9
6 5 6 9 5 9 6 7 7
822 11 7
6 6 7 6 8 9 9
113 7 6
7 7 5 7 6 6
285 15 7
7 6 8 7 6 7 8
529 22 7
5 8 5 6 7 6 5
628 9 7
8 9 7 7 9 5 5
188 30 6
5 9 7 8 6 6
829 2 6
2 2 2 2 2 2
