2000000000 500000 4000
3
500003
1000003
1500003
2000003
2500003
3000003
3500003
4000003
4500003
5000003
5500003
6000003
6500003
7000003
7500003
8000003
8500003
9000003
9500003
10000003
10500003
11000003
11500003
12000003
12500003
13000003
13500003
14000003
14500003
15000003
15500003
16000003
16500003
17000003
17500003
18000003
18500003
19000003
19500003
20000003
20500003
21000003
21500003
22000003
22500003
23000003
23500003
24000003
24500003
25000003
25500003
26000003
26500003
27000003
27500003
28000003
28500003
29000003
29500003
30000003
30500003
31000003
31500003
32000003
32500003
33000003
33500003
34000003
34500003
35000003
35500003
36000003
36500003
37000003
37500003
38000003
38500003
39000003
39500003
40000003
40500003
41000003
41500003
42000003
42500003
43000003
43500003
44000003
44500003
45000003
45500003
46000003
46500003
47000003
47500003
48000003
48500003
49000003
49500003
50000003
50500003
51000003
51500003
52000003
52500003
53000003
53500003
54000003
54500003
55000003
55500003
56000003
56500003
57000003
57500003
58000003
58500003
59000003
59500003
60000003
60500003
61000003
61500003
62000003
62500003
63000003
63500003
64000003
64500003
65000003
65500003
66000003
66500003
67000003
67500003
68000003
68500003
69000003
69500003
70000003
70500003
71000003
71500003
72000003
72500003
73000003
73500003
74000003
74500003
75000003
75500003
76000003
76500003
77000003
77500003
78000003
78500003
79000003
79500003
80000003
80500003
81000003
81500003
82000003
82500003
83000003
83500003
84000003
84500003
85000003
85500003
86000003
86500003
87000003
87500003
88000003
88500003
89000003
89500003
90000003
90500003
91000003
91500003
92000003
92500003
93000003
93500003
94000003
94500003
95000003
95500003
96000003
96500003
97000003
97500003
98000003
98500003
99000003
99500003
100000003
100500003
101000003
101500003
102000003
102500003
103000003
103500003
104000003
104500003
105000003
105500003
106000003
106500003
107000003
107500003
108000003
108500003
109000003
109500003
110000003
110500003
111000003
111500003
112000003
112500003
113000003
113500003
114000003
114500003
115000003
115500003
116000003
116500003
117000003
117500003
118000003
118500003
119000003
119500003
120000003
120500003
121000003
121500003
122000003
122500003
123000003
123500003
124000003
124500003
125000003
125500003
126000003
126500003
127000003
127500003
128000003
128500003
129000003
129500003
130000003
130500003
131000003
131500003
132000003
132500003
133000003
133500003
134000003
134500003
135000003
135500003
136000003
136500003
137000003
137500003
138000003
138500003
139000003
139500003
140000003
140500003
141000003
141500003
142000003
142500003
143000003
143500003
144000003
144500003
145000003
145500003
146000003
146500003
147000003
147500003
148000003
148500003
149000003
149500003
150000003
150500003
151000003
151500003
152000003
152500003
153000003
153500003
154000003
154500003
155000003
155500003
156000003
156500003
157000003
157500003
158000003
158500003
159000003
159500003
160000003
160500003
161000003
161500003
162000003
162500003
163000003
163500003
164000003
164500003
165000003
165500003
166000003
166500003
167000003
167500003
168000003
168500003
169000003
169500003
170000003
170500003
171000003
171500003
172000003
172500003
173000003
173500003
174000003
174500003
175000003
175500003
176000003
176500003
177000003
177500003
178000003
178500003
179000003
179500003
180000003
180500003
181000003
181500003
182000003
182500003
183000003
183500003
184000003
184500003
185000003
185500003
186000003
186500003
187000003
187500003
188000003
188500003
189000003
189500003
190000003
190500003
191000003
191500003
192000003
192500003
193000003
193500003
194000003
194500003
195000003
195500003
196000003
196500003
197000003
197500003
198000003
198500003
199000003
199500003
200000003
200500003
201000003
201500003
202000003
202500003
203000003
203500003
204000003
204500003
205000003
205500003
206000003
206500003
207000003
207500003
208000003
208500003
209000003
209500003
210000003
210500003
211000003
211500003
212000003
212500003
213000003
213500003
214000003
214500003
215000003
215500003
216000003
216500003
217000003
217500003
218000003
218500003
219000003
219500003
220000003
220500003
221000003
221500003
222000003
222500003
223000003
223500003
224000003
224500003
225000003
225500003
226000003
226500003
227000003
227500003
228000003
228500003
229000003
229500003
230000003
230500003
231000003
231500003
232000003
232500003
233000003
233500003
234000003
234500003
235000003
235500003
236000003
236500003
237000003
237500003
238000003
238500003
239000003
239500003
240000003
240500003
241000003
241500003
242000003
242500003
243000003
243500003
244000003
244500003
245000003
245500003
246000003
246500003
247000003
247500003
248000003
248500003
249000003
249500003
250000003
250500003
251000003
251500003
252000003
252500003
253000003
253500003
254000003
254500003
255000003
255500003
256000003
256500003
257000003
257500003
258000003
258500003
259000003
259500003
260000003
260500003
261000003
261500003
262000003
262500003
263000003
263500003
264000003
264500003
265000003
265500003
266000003
266500003
267000003
267500003
268000003
268500003
269000003
269500003
270000003
270500003
271000003
271500003
272000003
272500003
273000003
273500003
274000003
274500003
275000003
275500003
276000003
276500003
277000003
277500003
278000003
278500003
279000003
279500003
280000003
280500003
281000003
281500003
282000003
282500003
283000003
283500003
284000003
284500003
285000003
285500003
286000003
286500003
287000003
287500003
288000003
288500003
289000003
289500003
290000003
290500003
291000003
291500003
292000003
292500003
293000003
293500003
294000003
294500003
295000003
295500003
296000003
296500003
297000003
297500003
298000003
298500003
299000003
299500003
300000003
300500003
301000003
301500003
302000003
302500003
303000003
303500003
304000003
304500003
305000003
305500003
306000003
306500003
307000003
307500003
308000003
308500003
309000003
309500003
310000003
310500003
311000003
311500003
312000003
312500003
313000003
313500003
314000003
314500003
315000003
315500003
316000003
316500003
317000003
317500003
318000003
318500003
319000003
319500003
320000003
320500003
321000003
321500003
322000003
322500003
323000003
323500003
324000003
324500003
325000003
325500003
326000003
326500003
327000003
327500003
328000003
328500003
329000003
329500003
330000003
330500003
331000003
331500003
332000003
332500003
333000003
333500003
334000003
334500003
335000003
335500003
336000003
336500003
337000003
337500003
338000003
338500003
339000003
339500003
340000003
340500003
341000003
341500003
342000003
342500003
343000003
343500003
344000003
344500003
345000003
345500003
346000003
346500003
347000003
347500003
348000003
348500003
349000003
349500003
350000003
350500003
351000003
351500003
352000003
352500003
353000003
353500003
354000003
354500003
355000003
355500003
356000003
356500003
357000003
357500003
358000003
358500003
359000003
359500003
360000003
360500003
361000003
361500003
362000003
362500003
363000003
363500003
364000003
364500003
365000003
365500003
366000003
366500003
367000003
367500003
368000003
368500003
369000003
369500003
370000003
370500003
371000003
371500003
372000003
372500003
373000003
373500003
374000003
374500003
375000003
375500003
376000003
376500003
377000003
377500003
378000003
378500003
379000003
379500003
380000003
380500003
381000003
381500003
382000003
382500003
383000003
383500003
384000003
384500003
385000003
385500003
386000003
386500003
387000003
387500003
388000003
388500003
389000003
389500003
390000003
390500003
391000003
391500003
392000003
392500003
393000003
393500003
394000003
394500003
395000003
395500003
396000003
396500003
397000003
397500003
398000003
398500003
399000003
399500003
400000003
400500003
401000003
401500003
402000003
402500003
403000003
403500003
404000003
404500003
405000003
405500003
406000003
406500003
407000003
407500003
408000003
408500003
409000003
409500003
410000003
410500003
411000003
411500003
412000003
412500003
413000003
413500003
414000003
414500003
415000003
415500003
416000003
416500003
417000003
417500003
418000003
418500003
419000003
419500003
420000003
420500003
421000003
421500003
422000003
422500003
423000003
423500003
424000003
424500003
425000003
425500003
426000003
426500003
427000003
427500003
428000003
428500003
429000003
429500003
430000003
430500003
431000003
431500003
432000003
432500003
433000003
433500003
434000003
434500003
435000003
435500003
436000003
436500003
437000003
437500003
438000003
438500003
439000003
439500003
440000003
440500003
441000003
441500003
442000003
442500003
443000003
443500003
444000003
444500003
445000003
445500003
446000003
446500003
447000003
447500003
448000003
448500003
449000003
449500003
450000003
450500003
451000003
451500003
452000003
452500003
453000003
453500003
454000003
454500003
455000003
455500003
456000003
456500003
457000003
457500003
458000003
458500003
459000003
459500003
460000003
460500003
461000003
461500003
462000003
462500003
463000003
463500003
464000003
464500003
465000003
465500003
466000003
466500003
467000003
467500003
468000003
468500003
469000003
469500003
470000003
470500003
471000003
471500003
472000003
472500003
473000003
473500003
474000003
474500003
475000003
475500003
476000003
476500003
477000003
477500003
478000003
478500003
479000003
479500003
480000003
480500003
481000003
481500003
482000003
482500003
483000003
483500003
484000003
484500003
485000003
485500003
486000003
486500003
487000003
487500003
488000003
488500003
489000003
489500003
490000003
490500003
491000003
491500003
492000003
492500003
493000003
493500003
494000003
494500003
495000003
495500003
496000003
496500003
497000003
497500003
498000003
498500003
499000003
499500003
500000003
500500003
501000003
501500003
502000003
502500003
503000003
503500003
504000003
504500003
505000003
505500003
506000003
506500003
507000003
507500003
508000003
508500003
509000003
509500003
510000003
510500003
511000003
511500003
512000003
512500003
513000003
513500003
514000003
514500003
515000003
515500003
516000003
516500003
517000003
517500003
518000003
518500003
519000003
519500003
520000003
520500003
521000003
521500003
522000003
522500003
523000003
523500003
524000003
524500003
525000003
525500003
526000003
526500003
527000003
527500003
528000003
528500003
529000003
529500003
530000003
530500003
531000003
531500003
532000003
532500003
533000003
533500003
534000003
534500003
535000003
535500003
536000003
536500003
537000003
537500003
538000003
538500003
539000003
539500003
540000003
540500003
541000003
541500003
542000003
542500003
543000003
543500003
544000003
544500003
545000003
545500003
546000003
546500003
547000003
547500003
548000003
548500003
549000003
549500003
550000003
550500003
551000003
551500003
552000003
552500003
553000003
553500003
554000003
554500003
555000003
555500003
556000003
556500003
557000003
557500003
558000003
558500003
559000003
559500003
560000003
560500003
561000003
561500003
562000003
562500003
563000003
563500003
564000003
564500003
565000003
565500003
566000003
566500003
567000003
567500003
568000003
568500003
569000003
569500003
570000003
570500003
571000003
571500003
572000003
572500003
573000003
573500003
574000003
574500003
575000003
575500003
576000003
576500003
577000003
577500003
578000003
578500003
579000003
579500003
580000003
580500003
581000003
581500003
582000003
582500003
583000003
583500003
584000003
584500003
585000003
585500003
586000003
586500003
587000003
587500003
588000003
588500003
589000003
589500003
590000003
590500003
591000003
591500003
592000003
592500003
593000003
593500003
594000003
594500003
595000003
595500003
596000003
596500003
597000003
597500003
598000003
598500003
599000003
599500003
600000003
600500003
601000003
601500003
602000003
602500003
603000003
603500003
604000003
604500003
605000003
605500003
606000003
606500003
607000003
607500003
608000003
608500003
609000003
609500003
610000003
610500003
611000003
611500003
612000003
612500003
613000003
613500003
614000003
614500003
615000003
615500003
616000003
616500003
617000003
617500003
618000003
618500003
619000003
619500003
620000003
620500003
621000003
621500003
622000003
622500003
623000003
623500003
624000003
624500003
625000003
625500003
626000003
626500003
627000003
627500003
628000003
628500003
629000003
629500003
630000003
630500003
631000003
631500003
632000003
632500003
633000003
633500003
634000003
634500003
635000003
635500003
636000003
636500003
637000003
637500003
638000003
638500003
639000003
639500003
640000003
640500003
641000003
641500003
642000003
642500003
643000003
643500003
644000003
644500003
645000003
645500003
646000003
646500003
647000003
647500003
648000003
648500003
649000003
649500003
650000003
650500003
651000003
651500003
652000003
652500003
653000003
653500003
654000003
654500003
655000003
655500003
656000003
656500003
657000003
657500003
658000003
658500003
659000003
659500003
660000003
660500003
661000003
661500003
662000003
662500003
663000003
663500003
664000003
664500003
665000003
665500003
666000003
666500003
667000003
667500003
668000003
668500003
669000003
669500003
670000003
670500003
671000003
671500003
672000003
672500003
673000003
673500003
674000003
674500003
675000003
675500003
676000003
676500003
677000003
677500003
678000003
678500003
679000003
679500003
680000003
680500003
681000003
681500003
682000003
682500003
683000003
683500003
684000003
684500003
685000003
685500003
686000003
686500003
687000003
687500003
688000003
688500003
689000003
689500003
690000003
690500003
691000003
691500003
692000003
692500003
693000003
693500003
694000003
694500003
695000003
695500003
696000003
696500003
697000003
697500003
698000003
698500003
699000003
699500003
700000003
700500003
701000003
701500003
702000003
702500003
703000003
703500003
704000003
704500003
705000003
705500003
706000003
706500003
707000003
707500003
708000003
708500003
709000003
709500003
710000003
710500003
711000003
711500003
712000003
712500003
713000003
713500003
714000003
714500003
715000003
715500003
716000003
716500003
717000003
717500003
718000003
718500003
719000003
719500003
720000003
720500003
721000003
721500003
722000003
722500003
723000003
723500003
724000003
724500003
725000003
725500003
726000003
726500003
727000003
727500003
728000003
728500003
729000003
729500003
730000003
730500003
731000003
731500003
732000003
732500003
733000003
733500003
734000003
734500003
735000003
735500003
736000003
736500003
737000003
737500003
738000003
738500003
739000003
739500003
740000003
740500003
741000003
741500003
742000003
742500003
743000003
743500003
744000003
744500003
745000003
745500003
746000003
746500003
747000003
747500003
748000003
748500003
749000003
749500003
750000003
750500003
751000003
751500003
752000003
752500003
753000003
753500003
754000003
754500003
755000003
755500003
756000003
756500003
757000003
757500003
758000003
758500003
759000003
759500003
760000003
760500003
761000003
761500003
762000003
762500003
763000003
763500003
764000003
764500003
765000003
765500003
766000003
766500003
767000003
767500003
768000003
768500003
769000003
769500003
770000003
770500003
771000003
771500003
772000003
772500003
773000003
773500003
774000003
774500003
775000003
775500003
776000003
776500003
777000003
777500003
778000003
778500003
779000003
779500003
780000003
780500003
781000003
781500003
782000003
782500003
783000003
783500003
784000003
784500003
785000003
785500003
786000003
786500003
787000003
787500003
788000003
788500003
789000003
789500003
790000003
790500003
791000003
791500003
792000003
792500003
793000003
793500003
794000003
794500003
795000003
795500003
796000003
796500003
797000003
797500003
798000003
798500003
799000003
799500003
800000003
800500003
801000003
801500003
802000003
802500003
803000003
803500003
804000003
804500003
805000003
805500003
806000003
806500003
807000003
807500003
808000003
808500003
809000003
809500003
810000003
810500003
811000003
811500003
812000003
812500003
813000003
813500003
814000003
814500003
815000003
815500003
816000003
816500003
817000003
817500003
818000003
818500003
819000003
819500003
820000003
820500003
821000003
821500003
822000003
822500003
823000003
823500003
824000003
824500003
825000003
825500003
826000003
826500003
827000003
827500003
828000003
828500003
829000003
829500003
830000003
830500003
831000003
831500003
832000003
832500003
833000003
833500003
834000003
834500003
835000003
835500003
836000003
836500003
837000003
837500003
838000003
838500003
839000003
839500003
840000003
840500003
841000003
841500003
842000003
842500003
843000003
843500003
844000003
844500003
845000003
845500003
846000003
846500003
847000003
847500003
848000003
848500003
849000003
849500003
850000003
850500003
851000003
851500003
852000003
852500003
853000003
853500003
854000003
854500003
855000003
855500003
856000003
856500003
857000003
857500003
858000003
858500003
859000003
859500003
860000003
860500003
861000003
861500003
862000003
862500003
863000003
863500003
864000003
864500003
865000003
865500003
866000003
866500003
867000003
867500003
868000003
868500003
869000003
869500003
870000003
870500003
871000003
871500003
872000003
872500003
873000003
873500003
874000003
874500003
875000003
875500003
876000003
876500003
877000003
877500003
878000003
878500003
879000003
879500003
880000003
880500003
881000003
881500003
882000003
882500003
883000003
883500003
884000003
884500003
885000003
885500003
886000003
886500003
887000003
887500003
888000003
888500003
889000003
889500003
890000003
890500003
891000003
891500003
892000003
892500003
893000003
893500003
894000003
894500003
895000003
895500003
896000003
896500003
897000003
897500003
898000003
898500003
899000003
899500003
900000003
900500003
901000003
901500003
902000003
902500003
903000003
903500003
904000003
904500003
905000003
905500003
906000003
906500003
907000003
907500003
908000003
908500003
909000003
909500003
910000003
910500003
911000003
911500003
912000003
912500003
913000003
913500003
914000003
914500003
915000003
915500003
916000003
916500003
917000003
917500003
918000003
918500003
919000003
919500003
920000003
920500003
921000003
921500003
922000003
922500003
923000003
923500003
924000003
924500003
925000003
925500003
926000003
926500003
927000003
927500003
928000003
928500003
929000003
929500003
930000003
930500003
931000003
931500003
932000003
932500003
933000003
933500003
934000003
934500003
935000003
935500003
936000003
936500003
937000003
937500003
938000003
938500003
939000003
939500003
940000003
940500003
941000003
941500003
942000003
942500003
943000003
943500003
944000003
944500003
945000003
945500003
946000003
946500003
947000003
947500003
948000003
948500003
949000003
949500003
950000003
950500003
951000003
951500003
952000003
952500003
953000003
953500003
954000003
954500003
955000003
955500003
956000003
956500003
957000003
957500003
958000003
958500003
959000003
959500003
960000003
960500003
961000003
961500003
962000003
962500003
963000003
963500003
964000003
964500003
965000003
965500003
966000003
966500003
967000003
967500003
968000003
968500003
969000003
969500003
970000003
970500003
971000003
971500003
972000003
972500003
973000003
973500003
974000003
974500003
975000003
975500003
976000003
976500003
977000003
977500003
978000003
978500003
979000003
979500003
980000003
980500003
981000003
981500003
982000003
982500003
983000003
983500003
984000003
984500003
985000003
985500003
986000003
986500003
987000003
987500003
988000003
988500003
989000003
989500003
990000003
990500003
991000003
991500003
992000003
992500003
993000003
993500003
994000003
994500003
995000003
995500003
996000003
996500003
997000003
997500003
998000003
998500003
999000003
999500003
1000000003
1000500003
1001000003
1001500003
1002000003
1002500003
1003000003
1003500003
1004000003
1004500003
1005000003
1005500003
1006000003
1006500003
1007000003
1007500003
1008000003
1008500003
1009000003
1009500003
1010000003
1010500003
1011000003
1011500003
1012000003
1012500003
1013000003
1013500003
1014000003
1014500003
1015000003
1015500003
1016000003
1016500003
1017000003
1017500003
1018000003
1018500003
1019000003
1019500003
1020000003
1020500003
1021000003
1021500003
1022000003
1022500003
1023000003
1023500003
1024000003
1024500003
1025000003
1025500003
1026000003
1026500003
1027000003
1027500003
1028000003
1028500003
1029000003
1029500003
1030000003
1030500003
1031000003
1031500003
1032000003
1032500003
1033000003
1033500003
1034000003
1034500003
1035000003
1035500003
1036000003
1036500003
1037000003
1037500003
1038000003
1038500003
1039000003
1039500003
1040000003
1040500003
1041000003
1041500003
1042000003
1042500003
1043000003
1043500003
1044000003
1044500003
1045000003
1045500003
1046000003
1046500003
1047000003
1047500003
1048000003
1048500003
1049000003
1049500003
1050000003
1050500003
1051000003
1051500003
1052000003
1052500003
1053000003
1053500003
1054000003
1054500003
1055000003
1055500003
1056000003
1056500003
1057000003
1057500003
1058000003
1058500003
1059000003
1059500003
1060000003
1060500003
1061000003
1061500003
1062000003
1062500003
1063000003
1063500003
1064000003
1064500003
1065000003
1065500003
1066000003
1066500003
1067000003
1067500003
1068000003
1068500003
1069000003
1069500003
1070000003
1070500003
1071000003
1071500003
1072000003
1072500003
1073000003
1073500003
1074000003
1074500003
1075000003
1075500003
1076000003
1076500003
1077000003
1077500003
1078000003
1078500003
1079000003
1079500003
1080000003
1080500003
1081000003
1081500003
1082000003
1082500003
1083000003
1083500003
1084000003
1084500003
1085000003
1085500003
1086000003
1086500003
1087000003
1087500003
1088000003
1088500003
1089000003
1089500003
1090000003
1090500003
1091000003
1091500003
1092000003
1092500003
1093000003
1093500003
1094000003
1094500003
1095000003
1095500003
1096000003
1096500003
1097000003
1097500003
1098000003
1098500003
1099000003
1099500003
1100000003
1100500003
1101000003
1101500003
1102000003
1102500003
1103000003
1103500003
1104000003
1104500003
1105000003
1105500003
1106000003
1106500003
1107000003
1107500003
1108000003
1108500003
1109000003
1109500003
1110000003
1110500003
1111000003
1111500003
1112000003
1112500003
1113000003
1113500003
1114000003
1114500003
1115000003
1115500003
1116000003
1116500003
1117000003
1117500003
1118000003
1118500003
1119000003
1119500003
1120000003
1120500003
1121000003
1121500003
1122000003
1122500003
1123000003
1123500003
1124000003
1124500003
1125000003
1125500003
1126000003
1126500003
1127000003
1127500003
1128000003
1128500003
1129000003
1129500003
1130000003
1130500003
1131000003
1131500003
1132000003
1132500003
1133000003
1133500003
1134000003
1134500003
1135000003
1135500003
1136000003
1136500003
1137000003
1137500003
1138000003
1138500003
1139000003
1139500003
1140000003
1140500003
1141000003
1141500003
1142000003
1142500003
1143000003
1143500003
1144000003
1144500003
1145000003
1145500003
1146000003
1146500003
1147000003
1147500003
1148000003
1148500003
1149000003
1149500003
1150000003
1150500003
1151000003
1151500003
1152000003
1152500003
1153000003
1153500003
1154000003
1154500003
1155000003
1155500003
1156000003
1156500003
1157000003
1157500003
1158000003
1158500003
1159000003
1159500003
1160000003
1160500003
1161000003
1161500003
1162000003
1162500003
1163000003
1163500003
1164000003
1164500003
1165000003
1165500003
1166000003
1166500003
1167000003
1167500003
1168000003
1168500003
1169000003
1169500003
1170000003
1170500003
1171000003
1171500003
1172000003
1172500003
1173000003
1173500003
1174000003
1174500003
1175000003
1175500003
1176000003
1176500003
1177000003
1177500003
1178000003
1178500003
1179000003
1179500003
1180000003
1180500003
1181000003
1181500003
1182000003
1182500003
1183000003
1183500003
1184000003
1184500003
1185000003
1185500003
1186000003
1186500003
1187000003
1187500003
1188000003
1188500003
1189000003
1189500003
1190000003
1190500003
1191000003
1191500003
1192000003
1192500003
1193000003
1193500003
1194000003
1194500003
1195000003
1195500003
1196000003
1196500003
1197000003
1197500003
1198000003
1198500003
1199000003
1199500003
1200000003
1200500003
1201000003
1201500003
1202000003
1202500003
1203000003
1203500003
1204000003
1204500003
1205000003
1205500003
1206000003
1206500003
1207000003
1207500003
1208000003
1208500003
1209000003
1209500003
1210000003
1210500003
1211000003
1211500003
1212000003
1212500003
1213000003
1213500003
1214000003
1214500003
1215000003
1215500003
1216000003
1216500003
1217000003
1217500003
1218000003
1218500003
1219000003
1219500003
1220000003
1220500003
1221000003
1221500003
1222000003
1222500003
1223000003
1223500003
1224000003
1224500003
1225000003
1225500003
1226000003
1226500003
1227000003
1227500003
1228000003
1228500003
1229000003
1229500003
1230000003
1230500003
1231000003
1231500003
1232000003
1232500003
1233000003
1233500003
1234000003
1234500003
1235000003
1235500003
1236000003
1236500003
1237000003
1237500003
1238000003
1238500003
1239000003
1239500003
1240000003
1240500003
1241000003
1241500003
1242000003
1242500003
1243000003
1243500003
1244000003
1244500003
1245000003
1245500003
1246000003
1246500003
1247000003
1247500003
1248000003
1248500003
1249000003
1249500003
1250000003
1250500003
1251000003
1251500003
1252000003
1252500003
1253000003
1253500003
1254000003
1254500003
1255000003
1255500003
1256000003
1256500003
1257000003
1257500003
1258000003
1258500003
1259000003
1259500003
1260000003
1260500003
1261000003
1261500003
1262000003
1262500003
1263000003
1263500003
1264000003
1264500003
1265000003
1265500003
1266000003
1266500003
1267000003
1267500003
1268000003
1268500003
1269000003
1269500003
1270000003
1270500003
1271000003
1271500003
1272000003
1272500003
1273000003
1273500003
1274000003
1274500003
1275000003
1275500003
1276000003
1276500003
1277000003
1277500003
1278000003
1278500003
1279000003
1279500003
1280000003
1280500003
1281000003
1281500003
1282000003
1282500003
1283000003
1283500003
1284000003
1284500003
1285000003
1285500003
1286000003
1286500003
1287000003
1287500003
1288000003
1288500003
1289000003
1289500003
1290000003
1290500003
1291000003
1291500003
1292000003
1292500003
1293000003
1293500003
1294000003
1294500003
1295000003
1295500003
1296000003
1296500003
1297000003
1297500003
1298000003
1298500003
1299000003
1299500003
1300000003
1300500003
1301000003
1301500003
1302000003
1302500003
1303000003
1303500003
1304000003
1304500003
1305000003
1305500003
1306000003
1306500003
1307000003
1307500003
1308000003
1308500003
1309000003
1309500003
1310000003
1310500003
1311000003
1311500003
1312000003
1312500003
1313000003
1313500003
1314000003
1314500003
1315000003
1315500003
1316000003
1316500003
1317000003
1317500003
1318000003
1318500003
1319000003
1319500003
1320000003
1320500003
1321000003
1321500003
1322000003
1322500003
1323000003
1323500003
1324000003
1324500003
1325000003
1325500003
1326000003
1326500003
1327000003
1327500003
1328000003
1328500003
1329000003
1329500003
1330000003
1330500003
1331000003
1331500003
1332000003
1332500003
1333000003
1333500003
1334000003
1334500003
1335000003
1335500003
1336000003
1336500003
1337000003
1337500003
1338000003
1338500003
1339000003
1339500003
1340000003
1340500003
1341000003
1341500003
1342000003
1342500003
1343000003
1343500003
1344000003
1344500003
1345000003
1345500003
1346000003
1346500003
1347000003
1347500003
1348000003
1348500003
1349000003
1349500003
1350000003
1350500003
1351000003
1351500003
1352000003
1352500003
1353000003
1353500003
1354000003
1354500003
1355000003
1355500003
1356000003
1356500003
1357000003
1357500003
1358000003
1358500003
1359000003
1359500003
1360000003
1360500003
1361000003
1361500003
1362000003
1362500003
1363000003
1363500003
1364000003
1364500003
1365000003
1365500003
1366000003
1366500003
1367000003
1367500003
1368000003
1368500003
1369000003
1369500003
1370000003
1370500003
1371000003
1371500003
1372000003
1372500003
1373000003
1373500003
1374000003
1374500003
1375000003
1375500003
1376000003
1376500003
1377000003
1377500003
1378000003
1378500003
1379000003
1379500003
1380000003
1380500003
1381000003
1381500003
1382000003
1382500003
1383000003
1383500003
1384000003
1384500003
1385000003
1385500003
1386000003
1386500003
1387000003
1387500003
1388000003
1388500003
1389000003
1389500003
1390000003
1390500003
1391000003
1391500003
1392000003
1392500003
1393000003
1393500003
1394000003
1394500003
1395000003
1395500003
1396000003
1396500003
1397000003
1397500003
1398000003
1398500003
1399000003
1399500003
1400000003
1400500003
1401000003
1401500003
1402000003
1402500003
1403000003
1403500003
1404000003
1404500003
1405000003
1405500003
1406000003
1406500003
1407000003
1407500003
1408000003
1408500003
1409000003
1409500003
1410000003
1410500003
1411000003
1411500003
1412000003
1412500003
1413000003
1413500003
1414000003
1414500003
1415000003
1415500003
1416000003
1416500003
1417000003
1417500003
1418000003
1418500003
1419000003
1419500003
1420000003
1420500003
1421000003
1421500003
1422000003
1422500003
1423000003
1423500003
1424000003
1424500003
1425000003
1425500003
1426000003
1426500003
1427000003
1427500003
1428000003
1428500003
1429000003
1429500003
1430000003
1430500003
1431000003
1431500003
1432000003
1432500003
1433000003
1433500003
1434000003
1434500003
1435000003
1435500003
1436000003
1436500003
1437000003
1437500003
1438000003
1438500003
1439000003
1439500003
1440000003
1440500003
1441000003
1441500003
1442000003
1442500003
1443000003
1443500003
1444000003
1444500003
1445000003
1445500003
1446000003
1446500003
1447000003
1447500003
1448000003
1448500003
1449000003
1449500003
1450000003
1450500003
1451000003
1451500003
1452000003
1452500003
1453000003
1453500003
1454000003
1454500003
1455000003
1455500003
1456000003
1456500003
1457000003
1457500003
1458000003
1458500003
1459000003
1459500003
1460000003
1460500003
1461000003
1461500003
1462000003
1462500003
1463000003
1463500003
1464000003
1464500003
1465000003
1465500003
1466000003
1466500003
1467000003
1467500003
1468000003
1468500003
1469000003
1469500003
1470000003
1470500003
1471000003
1471500003
1472000003
1472500003
1473000003
1473500003
1474000003
1474500003
1475000003
1475500003
1476000003
1476500003
1477000003
1477500003
1478000003
1478500003
1479000003
1479500003
1480000003
1480500003
1481000003
1481500003
1482000003
1482500003
1483000003
1483500003
1484000003
1484500003
1485000003
1485500003
1486000003
1486500003
1487000003
1487500003
1488000003
1488500003
1489000003
1489500003
1490000003
1490500003
1491000003
1491500003
1492000003
1492500003
1493000003
1493500003
1494000003
1494500003
1495000003
1495500003
1496000003
1496500003
1497000003
1497500003
1498000003
1498500003
1499000003
1499500003
1500000003
1500500003
1501000003
1501500003
1502000003
1502500003
1503000003
1503500003
1504000003
1504500003
1505000003
1505500003
1506000003
1506500003
1507000003
1507500003
1508000003
1508500003
1509000003
1509500003
1510000003
1510500003
1511000003
1511500003
1512000003
1512500003
1513000003
1513500003
1514000003
1514500003
1515000003
1515500003
1516000003
1516500003
1517000003
1517500003
1518000003
1518500003
1519000003
1519500003
1520000003
1520500003
1521000003
1521500003
1522000003
1522500003
1523000003
1523500003
1524000003
1524500003
1525000003
1525500003
1526000003
1526500003
1527000003
1527500003
1528000003
1528500003
1529000003
1529500003
1530000003
1530500003
1531000003
1531500003
1532000003
1532500003
1533000003
1533500003
1534000003
1534500003
1535000003
1535500003
1536000003
1536500003
1537000003
1537500003
1538000003
1538500003
1539000003
1539500003
1540000003
1540500003
1541000003
1541500003
1542000003
1542500003
1543000003
1543500003
1544000003
1544500003
1545000003
1545500003
1546000003
1546500003
1547000003
1547500003
1548000003
1548500003
1549000003
1549500003
1550000003
1550500003
1551000003
1551500003
1552000003
1552500003
1553000003
1553500003
1554000003
1554500003
1555000003
1555500003
1556000003
1556500003
1557000003
1557500003
1558000003
1558500003
1559000003
1559500003
1560000003
1560500003
1561000003
1561500003
1562000003
1562500003
1563000003
1563500003
1564000003
1564500003
1565000003
1565500003
1566000003
1566500003
1567000003
1567500003
1568000003
1568500003
1569000003
1569500003
1570000003
1570500003
1571000003
1571500003
1572000003
1572500003
1573000003
1573500003
1574000003
1574500003
1575000003
1575500003
1576000003
1576500003
1577000003
1577500003
1578000003
1578500003
1579000003
1579500003
1580000003
1580500003
1581000003
1581500003
1582000003
1582500003
1583000003
1583500003
1584000003
1584500003
1585000003
1585500003
1586000003
1586500003
1587000003
1587500003
1588000003
1588500003
1589000003
1589500003
1590000003
1590500003
1591000003
1591500003
1592000003
1592500003
1593000003
1593500003
1594000003
1594500003
1595000003
1595500003
1596000003
1596500003
1597000003
1597500003
1598000003
1598500003
1599000003
1599500003
1600000003
1600500003
1601000003
1601500003
1602000003
1602500003
1603000003
1603500003
1604000003
1604500003
1605000003
1605500003
1606000003
1606500003
1607000003
1607500003
1608000003
1608500003
1609000003
1609500003
1610000003
1610500003
1611000003
1611500003
1612000003
1612500003
1613000003
1613500003
1614000003
1614500003
1615000003
1615500003
1616000003
1616500003
1617000003
1617500003
1618000003
1618500003
1619000003
1619500003
1620000003
1620500003
1621000003
1621500003
1622000003
1622500003
1623000003
1623500003
1624000003
1624500003
1625000003
1625500003
1626000003
1626500003
1627000003
1627500003
1628000003
1628500003
1629000003
1629500003
1630000003
1630500003
1631000003
1631500003
1632000003
1632500003
1633000003
1633500003
1634000003
1634500003
1635000003
1635500003
1636000003
1636500003
1637000003
1637500003
1638000003
1638500003
1639000003
1639500003
1640000003
1640500003
1641000003
1641500003
1642000003
1642500003
1643000003
1643500003
1644000003
1644500003
1645000003
1645500003
1646000003
1646500003
1647000003
1647500003
1648000003
1648500003
1649000003
1649500003
1650000003
1650500003
1651000003
1651500003
1652000003
1652500003
1653000003
1653500003
1654000003
1654500003
1655000003
1655500003
1656000003
1656500003
1657000003
1657500003
1658000003
1658500003
1659000003
1659500003
1660000003
1660500003
1661000003
1661500003
1662000003
1662500003
1663000003
1663500003
1664000003
1664500003
1665000003
1665500003
1666000003
1666500003
1667000003
1667500003
1668000003
1668500003
1669000003
1669500003
1670000003
1670500003
1671000003
1671500003
1672000003
1672500003
1673000003
1673500003
1674000003
1674500003
1675000003
1675500003
1676000003
1676500003
1677000003
1677500003
1678000003
1678500003
1679000003
1679500003
1680000003
1680500003
1681000003
1681500003
1682000003
1682500003
1683000003
1683500003
1684000003
1684500003
1685000003
1685500003
1686000003
1686500003
1687000003
1687500003
1688000003
1688500003
1689000003
1689500003
1690000003
1690500003
1691000003
1691500003
1692000003
1692500003
1693000003
1693500003
1694000003
1694500003
1695000003
1695500003
1696000003
1696500003
1697000003
1697500003
1698000003
1698500003
1699000003
1699500003
1700000003
1700500003
1701000003
1701500003
1702000003
1702500003
1703000003
1703500003
1704000003
1704500003
1705000003
1705500003
1706000003
1706500003
1707000003
1707500003
1708000003
1708500003
1709000003
1709500003
1710000003
1710500003
1711000003
1711500003
1712000003
1712500003
1713000003
1713500003
1714000003
1714500003
1715000003
1715500003
1716000003
1716500003
1717000003
1717500003
1718000003
1718500003
1719000003
1719500003
1720000003
1720500003
1721000003
1721500003
1722000003
1722500003
1723000003
1723500003
1724000003
1724500003
1725000003
1725500003
1726000003
1726500003
1727000003
1727500003
1728000003
1728500003
1729000003
1729500003
1730000003
1730500003
1731000003
1731500003
1732000003
1732500003
1733000003
1733500003
1734000003
1734500003
1735000003
1735500003
1736000003
1736500003
1737000003
1737500003
1738000003
1738500003
1739000003
1739500003
1740000003
1740500003
1741000003
1741500003
1742000003
1742500003
1743000003
1743500003
1744000003
1744500003
1745000003
1745500003
1746000003
1746500003
1747000003
1747500003
1748000003
1748500003
1749000003
1749500003
1750000003
1750500003
1751000003
1751500003
1752000003
1752500003
1753000003
1753500003
1754000003
1754500003
1755000003
1755500003
1756000003
1756500003
1757000003
1757500003
1758000003
1758500003
1759000003
1759500003
1760000003
1760500003
1761000003
1761500003
1762000003
1762500003
1763000003
1763500003
1764000003
1764500003
1765000003
1765500003
1766000003
1766500003
1767000003
1767500003
1768000003
1768500003
1769000003
1769500003
1770000003
1770500003
1771000003
1771500003
1772000003
1772500003
1773000003
1773500003
1774000003
1774500003
1775000003
1775500003
1776000003
1776500003
1777000003
1777500003
1778000003
1778500003
1779000003
1779500003
1780000003
1780500003
1781000003
1781500003
1782000003
1782500003
1783000003
1783500003
1784000003
1784500003
1785000003
1785500003
1786000003
1786500003
1787000003
1787500003
1788000003
1788500003
1789000003
1789500003
1790000003
1790500003
1791000003
1791500003
1792000003
1792500003
1793000003
1793500003
1794000003
1794500003
1795000003
1795500003
1796000003
1796500003
1797000003
1797500003
1798000003
1798500003
1799000003
1799500003
1800000003
1800500003
1801000003
1801500003
1802000003
1802500003
1803000003
1803500003
1804000003
1804500003
1805000003
1805500003
1806000003
1806500003
1807000003
1807500003
1808000003
1808500003
1809000003
1809500003
1810000003
1810500003
1811000003
1811500003
1812000003
1812500003
1813000003
1813500003
1814000003
1814500003
1815000003
1815500003
1816000003
1816500003
1817000003
1817500003
1818000003
1818500003
1819000003
1819500003
1820000003
1820500003
1821000003
1821500003
1822000003
1822500003
1823000003
1823500003
1824000003
1824500003
1825000003
1825500003
1826000003
1826500003
1827000003
1827500003
1828000003
1828500003
1829000003
1829500003
1830000003
1830500003
1831000003
1831500003
1832000003
1832500003
1833000003
1833500003
1834000003
1834500003
1835000003
1835500003
1836000003
1836500003
1837000003
1837500003
1838000003
1838500003
1839000003
1839500003
1840000003
1840500003
1841000003
1841500003
1842000003
1842500003
1843000003
1843500003
1844000003
1844500003
1845000003
1845500003
1846000003
1846500003
1847000003
1847500003
1848000003
1848500003
1849000003
1849500003
1850000003
1850500003
1851000003
1851500003
1852000003
1852500003
1853000003
1853500003
1854000003
1854500003
1855000003
1855500003
1856000003
1856500003
1857000003
1857500003
1858000003
1858500003
1859000003
1859500003
1860000003
1860500003
1861000003
1861500003
1862000003
1862500003
1863000003
1863500003
1864000003
1864500003
1865000003
1865500003
1866000003
1866500003
1867000003
1867500003
1868000003
1868500003
1869000003
1869500003
1870000003
1870500003
1871000003
1871500003
1872000003
1872500003
1873000003
1873500003
1874000003
1874500003
1875000003
1875500003
1876000003
1876500003
1877000003
1877500003
1878000003
1878500003
1879000003
1879500003
1880000003
1880500003
1881000003
1881500003
1882000003
1882500003
1883000003
1883500003
1884000003
1884500003
1885000003
1885500003
1886000003
1886500003
1887000003
1887500003
1888000003
1888500003
1889000003
1889500003
1890000003
1890500003
1891000003
1891500003
1892000003
1892500003
1893000003
1893500003
1894000003
1894500003
1895000003
1895500003
1896000003
1896500003
1897000003
1897500003
1898000003
1898500003
1899000003
1899500003
1900000003
1900500003
1901000003
1901500003
1902000003
1902500003
1903000003
1903500003
1904000003
1904500003
1905000003
1905500003
1906000003
1906500003
1907000003
1907500003
1908000003
1908500003
1909000003
1909500003
1910000003
1910500003
1911000003
1911500003
1912000003
1912500003
1913000003
1913500003
1914000003
1914500003
1915000003
1915500003
1916000003
1916500003
1917000003
1917500003
1918000003
1918500003
1919000003
1919500003
1920000003
1920500003
1921000003
1921500003
1922000003
1922500003
1923000003
1923500003
1924000003
1924500003
1925000003
1925500003
1926000003
1926500003
1927000003
1927500003
1928000003
1928500003
1929000003
1929500003
1930000003
1930500003
1931000003
1931500003
1932000003
1932500003
1933000003
1933500003
1934000003
1934500003
1935000003
1935500003
1936000003
1936500003
1937000003
1937500003
1938000003
1938500003
1939000003
1939500003
1940000003
1940500003
1941000003
1941500003
1942000003
1942500003
1943000003
1943500003
1944000003
1944500003
1945000003
1945500003
1946000003
1946500003
1947000003
1947500003
1948000003
1948500003
1949000003
1949500003
1950000003
1950500003
1951000003
1951500003
1952000003
1952500003
1953000003
1953500003
1954000003
1954500003
1955000003
1955500003
1956000003
1956500003
1957000003
1957500003
1958000003
1958500003
1959000003
1959500003
1960000003
1960500003
1961000003
1961500003
1962000003
1962500003
1963000003
1963500003
1964000003
1964500003
1965000003
1965500003
1966000003
1966500003
1967000003
1967500003
1968000003
1968500003
1969000003
1969500003
1970000003
1970500003
1971000003
1971500003
1972000003
1972500003
1973000003
1973500003
1974000003
1974500003
1975000003
1975500003
1976000003
1976500003
1977000003
1977500003
1978000003
1978500003
1979000003
1979500003
1980000003
1980500003
1981000003
1981500003
1982000003
1982500003
1983000003
1983500003
1984000003
1984500003
1985000003
1985500003
1986000003
1986500003
1987000003
1987500003
1988000003
1988500003
1989000003
1989500003
1990000003
1990500003
1991000003
1991500003
1992000003
1992500003
1993000003
1993500003
1994000003
1994500003
1995000003
1995500003
1996000003
1996500003
1997000003
1997500003
1998000003
1998500003
1999000003
1999500003
