1000 1000
331209 846582117
331210 846566310
331236 846550503
331287 846534696
331363 846518889
331464 846503082
331590 846487275
331741 846471468
331917 846455661
332118 846439854
332344 846424047
332595 846408240
332871 846392433
333172 846376626
331232 709255446
1500424 845350913
1500425 845328977
1500451 845307041
1500502 845285105
1500578 845263169
1500679 845241233
1500805 845219297
1500956 845197361
1501132 845175425
1501333 845153489
1501559 845131553
1501810 845109617
1502086 845087681
1502387 845065745
1502713 845043809
1503064 845021873
1503440 844999937
1503841 844978001
1504267 844956065
1504718 844934129
1505194 844912193
1505695 844890257
1506221 844868321
1506772 844846385
1507348 844824449
1507949 844802513
1508575 844780577
1509226 844758641
1509902 844736705
1510603 844714769
1057512 691555830
2701778 844085866
2701779 844082426
2701805 844078986
2701856 844075546
2701932 844072106
2702033 844068666
2702159 844065226
2702310 844061786
2702486 844058346
2702687 844054906
2702913 844051466
2703164 844048026
2703440 844044586
2703741 844041146
2704067 844037706
2704418 844034266
2704794 844030826
2705195 844027386
2705621 844023946
2706072 844020506
2706548 844017066
2707049 844013626
2707575 844010186
2708126 844006746
2708702 844003306
2709303 843999866
2709929 843996426
2710580 843992986
2711256 843989546
2711957 843986106
1783792 674409327
3121157 843644252
3121158 843621933
3121184 843599614
3121235 843577295
3121311 843554976
3121412 843532657
3121538 843510338
3121689 843488019
3121865 843465700
3122066 843443381
3122292 843421062
3122543 843398743
3122819 843376424
3123120 843354105
3123446 843331786
3123797 843309467
3124173 843287148
3124574 843264829
3125000 843242510
3125451 843220191
3125927 843197872
3126428 843175553
3126954 843153234
3127505 843130915
3128081 843108596
3128682 843086277
3129308 843063958
3129959 843041639
3130635 843019320
3131336 842997001
2510072 657815937
3172582 843590101
3172583 843579298
3172609 843568495
3172660 843557692
3172736 843546889
3172837 843536086
3172963 843525283
3173114 843514480
3173290 843503677
3173491 843492874
3173717 843482071
3173968 843471268
3174244 843460465
3174545 843449662
3174871 843438859
3175222 843428056
3175598 843417253
3175999 843406450
3176425 843395647
3176876 843384844
3177352 843374041
3177853 843363238
3178379 843352435
3178930 843341632
3179506 843330829
3180107 843320026
3180733 843309223
3181384 843298420
3182060 843287617
3182761 843276814
3236352 641775660
4160197 842550125
4160198 842547962
4160224 842545799
4160275 842543636
4160351 842541473
4160452 842539310
4160578 842537147
4160729 842534984
4160905 842532821
4161106 842530658
4161332 842528495
4161583 842526332
4161859 842524169
4162160 842522006
4162486 842519843
4162837 842517680
4163213 842515517
4163614 842513354
4164040 842511191
4164491 842509028
4164967 842506865
4165468 842504702
4165994 842502539
4166545 842500376
4167121 842498213
4167722 842496050
4168348 842493887
4168999 842491724
4169675 842489561
4170376 842487398
3962632 626288496
4754335 841924487
4754336 841919381
4754362 841914275
4754413 841909169
4754489 841904063
4754590 841898957
4754716 841893851
4754867 841888745
4755043 841883639
4755244 841878533
4755470 841873427
4755721 841868321
4755997 841863215
4756298 841858109
4756624 841853003
4756975 841847897
4757351 841842791
4757752 841837685
4758178 841832579
4758629 841827473
4759105 841822367
4759606 841817261
4760132 841812155
4760683 841807049
4761259 841801943
4761860 841796837
4762486 841791731
4763137 841786625
4763813 841781519
4764514 841776413
4688912 611354445
5867596 840752204
5867597 840719052
5867623 840685900
5867674 840652748
5867750 840619596
5867851 840586444
5867977 840553292
5868128 840520140
5868304 840486988
5868505 840453836
5868731 840420684
5868982 840387532
5869258 840354380
5869559 840321228
5869885 840288076
5870236 840254924
5870612 840221772
5871013 840188620
5871439 840155468
5871890 840122316
5872366 840089164
5872867 840056012
5873393 840022860
5873944 839989708
5874520 839956556
5875121 839923404
5875747 839890252
5876398 839857100
5877074 839823948
5877775 839790796
5415192 596973507
5904431 840713416
5904432 840696779
5904458 840680142
5904509 840663505
5904585 840646868
5904686 840630231
5904812 840613594
5904963 840596957
5905139 840580320
5905340 840563683
5905566 840547046
5905817 840530409
5906093 840513772
5906394 840497135
5906720 840480498
5907071 840463861
5907447 840447224
5907848 840430587
5908274 840413950
5908725 840397313
5909201 840380676
5909702 840364039
5910228 840347402
5910779 840330765
5911355 840314128
5911956 840297491
5912582 840280854
5913233 840264217
5913909 840247580
5914610 840230943
6141472 583145682
6067449 840541755
6067450 840527292
6067476 840512829
6067527 840498366
6067603 840483903
6067704 840469440
6067830 840454977
6067981 840440514
6068157 840426051
6068358 840411588
6068584 840397125
6068835 840382662
6069111 840368199
6069412 840353736
6069738 840339273
6070089 840324810
6070465 840310347
6070866 840295884
6071292 840281421
6071743 840266958
6072219 840252495
6072720 840238032
6073246 840223569
6073797 840209106
6074373 840194643
6074974 840180180
6075600 840165717
6076251 840151254
6076927 840136791
6077628 840122328
6867752 569870970
6332327 840262834
6332328 840243473
6332354 840224112
6332405 840204751
6332481 840185390
6332582 840166029
6332708 840146668
6332859 840127307
6333035 840107946
6333236 840088585
6333462 840069224
6333713 840049863
6333989 840030502
6334290 840011141
6334616 839991780
6334967 839972419
6335343 839953058
6335744 839933697
6336170 839914336
6336621 839894975
6337097 839875614
6337598 839856253
6338124 839836892
6338675 839817531
6339251 839798170
6339852 839778809
6340478 839759448
6341129 839740087
6341805 839720726
6342506 839701365
7594032 557149371
7498166 839035185
7498167 839001891
7498193 838968597
7498244 838935303
7498320 838902009
7498421 838868715
7498547 838835421
7498698 838802127
7498874 838768833
7499075 838735539
7499301 838702245
7499552 838668951
7499828 838635657
7500129 838602363
7500455 838569069
7500806 838535775
7501182 838502481
7501583 838469187
7502009 838435893
7502460 838402599
7502936 838369305
7503437 838336011
7503963 838302717
7504514 838269423
7505090 838236129
7505691 838202835
7506317 838169541
7506968 838136247
7507644 838102953
7508345 838069659
8320312 544980885
8608973 837865485
8608974 837861491
8609000 837857497
8609051 837853503
8609127 837849509
8609228 837845515
8609354 837841521
8609505 837837527
8609681 837833533
8609882 837829539
8610108 837825545
8610359 837821551
8610635 837817557
8610936 837813563
8611262 837809569
8611613 837805575
8611989 837801581
8612390 837797587
8612816 837793593
8613267 837789599
8613743 837785605
8614244 837781611
8614770 837777617
8615321 837773623
8615897 837769629
8616498 837765635
8617124 837761641
8617775 837757647
8618451 837753653
8619152 837749659
9046592 533365512
9727442 836687718
9727443 836675282
9727469 836662846
9727520 836650410
9727596 836637974
9727697 836625538
9727823 836613102
9727974 836600666
9728150 836588230
9728351 836575794
9728577 836563358
9728828 836550922
9729104 836538486
9729405 836526050
9729731 836513614
9730082 836501178
9730458 836488742
9730859 836476306
9731285 836463870
9731736 836451434
9732212 836438998
9732713 836426562
9733239 836414126
9733790 836401690
9734366 836389254
9734967 836376818
9735593 836364382
9736244 836351946
9736920 836339510
9737621 836327074
9772872 522303252
10375081 836005742
10375082 835987731
10375108 835969720
10375159 835951709
10375235 835933698
10375336 835915687
10375462 835897676
10375613 835879665
10375789 835861654
10375990 835843643
10376216 835825632
10376467 835807621
10376743 835789610
10377044 835771599
10377370 835753588
10377721 835735577
10378097 835717566
10378498 835699555
10378924 835681544
10379375 835663533
10379851 835645522
10380352 835627511
10380878 835609500
10381429 835591489
10382005 835573478
10382606 835555467
10383232 835537456
10383883 835519445
10384559 835501434
10385260 835483423
10499152 511794105
11216895 835119298
11216896 835105041
11216922 835090784
11216973 835076527
11217049 835062270
11217150 835048013
11217276 835033756
11217427 835019499
11217603 835005242
11217804 834990985
11218030 834976728
11218281 834962471
11218557 834948214
11218858 834933957
11219184 834919700
11219535 834905443
11219911 834891186
11220312 834876929
11220738 834862672
11221189 834848415
11221665 834834158
11222166 834819901
11222692 834805644
11223243 834791387
11223819 834777130
11224420 834762873
11225046 834748616
11225697 834734359
11226373 834720102
11227074 834705845
11225432 501838071
11475361 834847128
11475362 834832970
11475388 834818812
11475439 834804654
11475515 834790496
11475616 834776338
11475742 834762180
11475893 834748022
11476069 834733864
11476270 834719706
11476496 834705548
11476747 834691390
11477023 834677232
11477324 834663074
11477650 834648916
11478001 834634758
11478377 834620600
11478778 834606442
11479204 834592284
11479655 834578126
11480131 834563968
11480632 834549810
11481158 834535652
11481709 834521494
11482285 834507336
11482886 834493178
11483512 834479020
11484163 834464862
11484839 834450704
11485540 834436546
11951712 492435150
12634549 833626483
12634550 833600108
12634576 833573733
12634627 833547358
12634703 833520983
12634804 833494608
12634930 833468233
12635081 833441858
12635257 833415483
12635458 833389108
12635684 833362733
12635935 833336358
12636211 833309983
12636512 833283608
12636838 833257233
12637189 833230858
12637565 833204483
12637966 833178108
12638392 833151733
12638843 833125358
12639319 833098983
12639820 833072608
12640346 833046233
12640897 833019858
12641473 832993483
12642074 832967108
12642700 832940733
12643351 832914358
12644027 832887983
12644728 832861608
12677992 483585342
13464684 832752336
13464685 832736702
13464711 832721068
13464762 832705434
13464838 832689800
13464939 832674166
13465065 832658532
13465216 832642898
13465392 832627264
13465593 832611630
13465819 832595996
13466070 832580362
13466346 832564728
13466647 832549094
13466973 832533460
13467324 832517826
13467700 832502192
13468101 832486558
13468527 832470924
13468978 832455290
13469454 832439656
13469955 832424022
13470481 832408388
13471032 832392754
13471608 832377120
13472209 832361486
13472835 832345852
13473486 832330218
13474162 832314584
13474863 832298950
13404272 475288647
13728848 832474167
13728849 832446001
13728875 832417835
13728926 832389669
13729002 832361503
13729103 832333337
13729229 832305171
13729380 832277005
13729556 832248839
13729757 832220673
13729983 832192507
13730234 832164341
13730510 832136175
13730811 832108009
13731137 832079843
13731488 832051677
13731864 832023511
13732265 831995345
13732691 831967179
13733142 831939013
13733618 831910847
13734119 831882681
13734645 831854515
13735196 831826349
13735772 831798183
13736373 831770017
13736999 831741851
13737650 831713685
13738326 831685519
13739027 831657353
14130552 467545065
13915010 832278135
13915011 832249197
13915037 832220259
13915088 832191321
13915164 832162383
13915265 832133445
13915391 832104507
13915542 832075569
13915718 832046631
13915919 832017693
13916145 831988755
13916396 831959817
13916672 831930879
13916973 831901941
13917299 831873003
13917650 831844065
13918026 831815127
13918427 831786189
13918853 831757251
13919304 831728313
13919780 831699375
13920281 831670437
13920807 831641499
13921358 831612561
13921934 831583623
13922535 831554685
13923161 831525747
13923812 831496809
13924488 831467871
13925189 831438933
14856832 460354596
14213214 831964121
14213215 831949747
14213241 831935373
14213292 831920999
14213368 831906625
14213469 831892251
14213595 831877877
14213746 831863503
14213922 831849129
14214123 831834755
14214349 831820381
14214600 831806007
14214876 831791633
14215177 831777259
14215503 831762885
14215854 831748511
14216230 831734137
14216631 831719763
14217057 831705389
14217508 831691015
14217984 831676641
14218485 831662267
14219011 831647893
14219562 831633519
14220138 831619145
14220739 831604771
14221365 831590397
14222016 831576023
14222692 831561649
14223393 831547275
15583112 453717240
14557185 831601913
14557186 831571756
14557212 831541599
14557263 831511442
14557339 831481285
14557440 831451128
14557566 831420971
14557717 831390814
14557893 831360657
14558094 831330500
14558320 831300343
14558571 831270186
14558847 831240029
14559148 831209872
14559474 831179715
14559825 831149558
14560201 831119401
14560602 831089244
14561028 831059087
14561479 831028930
14561955 830998773
14562456 830968616
14562982 830938459
14563533 830908302
14564109 830878145
14564710 830847988
14565336 830817831
14565987 830787674
14566663 830757517
14567364 830727360
16309392 447632997
15339362 830778267
15339363 830747386
15339389 830716505
15339440 830685624
15339516 830654743
15339617 830623862
15339743 830592981
15339894 830562100
15340070 830531219
15340271 830500338
15340497 830469457
15340748 830438576
15341024 830407695
15341325 830376814
15341651 830345933
15342002 830315052
15342378 830284171
15342779 830253290
15343205 830222409
15343656 830191528
15344132 830160647
15344633 830129766
15345159 830098885
15345710 830068004
15346286 830037123
15346887 830006242
15347513 829975361
15348164 829944480
15348840 829913599
15349541 829882718
17035672 442101867
16397372 829664164
16397373 829634248
16397399 829604332
16397450 829574416
16397526 829544500
16397627 829514584
16397753 829484668
16397904 829454752
16398080 829424836
16398281 829394920
16398507 829365004
16398758 829335088
16399034 829305172
16399335 829275256
16399661 829245340
16400012 829215424
16400388 829185508
16400789 829155592
16401215 829125676
16401666 829095760
16402142 829065844
16402643 829035928
16403169 829006012
16403720 828976096
16404296 828946180
16404897 828916264
16405523 828886348
16406174 828856432
16406850 828826516
16407551 828796600
17761952 437123850
16956336 829075565
16956337 829044725
16956363 829013885
16956414 828983045
16956490 828952205
16956591 828921365
16956717 828890525
16956868 828859685
16957044 828828845
16957245 828798005
16957471 828767165
16957722 828736325
16957998 828705485
16958299 828674645
16958625 828643805
16958976 828612965
16959352 828582125
16959753 828551285
16960179 828520445
16960630 828489605
16961106 828458765
16961607 828427925
16962133 828397085
16962684 828366245
16963260 828335405
16963861 828304565
16964487 828273725
16965138 828242885
16965814 828212045
16966515 828181205
18488232 432698946
17815908 828170421
17815909 828149447
17815935 828128473
17815986 828107499
17816062 828086525
17816163 828065551
17816289 828044577
17816440 828023603
17816616 828002629
17816817 827981655
17817043 827960681
17817294 827939707
17817570 827918733
17817871 827897759
17818197 827876785
17818548 827855811
17818924 827834837
17819325 827813863
17819751 827792889
17820202 827771915
17820678 827750941
17821179 827729967
17821705 827708993
17822256 827688019
17822832 827667045
17823433 827646071
17824059 827625097
17824710 827604123
17825386 827583149
17826087 827562175
19214512 428827155
18624942 827318494
18624943 827288339
18624969 827258184
18625020 827228029
18625096 827197874
18625197 827167719
18625323 827137564
18625474 827107409
18625650 827077254
18625851 827047099
18626077 827016944
18626328 826986789
18626604 826956634
18626905 826926479
18627231 826896324
18627582 826866169
18627958 826836014
18628359 826805859
18628785 826775704
18629236 826745549
18629712 826715394
18630213 826685239
18630739 826655084
18631290 826624929
18631866 826594774
18632467 826564619
18633093 826534464
18633744 826504309
18634420 826474154
18635121 826443999
19940792 425508477
19646917 826242336
19646918 826220614
19646944 826198892
19646995 826177170
19647071 826155448
19647172 826133726
19647298 826112004
19647449 826090282
19647625 826068560
19647826 826046838
19648052 826025116
19648303 826003394
19648579 825981672
19648880 825959950
19649206 825938228
19649557 825916506
19649933 825894784
19650334 825873062
19650760 825851340
19651211 825829618
19651687 825807896
19652188 825786174
19652714 825764452
19653265 825742730
19653841 825721008
19654442 825699286
19655068 825677564
19655719 825655842
19656395 825634120
19657096 825612398
20667072 422742912
20581953 825257726
20581954 825244608
20581980 825231490
20582031 825218372
20582107 825205254
20582208 825192136
20582334 825179018
20582485 825165900
20582661 825152782
20582862 825139664
20583088 825126546
20583339 825113428
20583615 825100310
20583916 825087192
20584242 825074074
20584593 825060956
20584969 825047838
20585370 825034720
20585796 825021602
20586247 825008484
20586723 824995366
20587224 824982248
20587750 824969130
20588301 824956012
20588877 824942894
20589478 824929776
20590104 824916658
20590755 824903540
20591431 824890422
20592132 824877304
21393352 420530460
20718371 825114076
20718372 825089891
20718398 825065706
20718449 825041521
20718525 825017336
20718626 824993151
20718752 824968966
20718903 824944781
20719079 824920596
20719280 824896411
20719506 824872226
20719757 824848041
20720033 824823856
20720334 824799671
20720660 824775486
20721011 824751301
20721387 824727116
20721788 824702931
20722214 824678746
20722665 824654561
20723141 824630376
20723642 824606191
20724168 824582006
20724719 824557821
20725295 824533636
20725896 824509451
20726522 824485266
20727173 824461081
20727849 824436896
20728550 824412711
22119632 418871121
21318057 824482596
21318058 824458981
21318084 824435366
21318135 824411751
21318211 824388136
21318312 824364521
21318438 824340906
21318589 824317291
21318765 824293676
21318966 824270061
21319192 824246446
21319443 824222831
21319719 824199216
21320020 824175601
21320346 824151986
21320697 824128371
21321073 824104756
21321474 824081141
21321900 824057526
21322351 824033911
21322827 824010296
21323328 823986681
21323854 823963066
21324405 823939451
21324981 823915836
21325582 823892221
21326208 823868606
21326859 823844991
21327535 823821376
21328236 823797761
22845912 418871121
21853039 823919251
21853040 823914863
21853066 823910475
21853117 823906087
21853193 823901699
21853294 823897311
21853420 823892923
21853571 823888535
21853747 823884147
21853948 823879759
21854174 823875371
21854425 823870983
21854701 823866595
21855002 823862207
21855328 823857819
21855679 823853431
21856055 823849043
21856456 823844655
21856882 823840267
21857333 823835879
21857809 823831491
21858310 823827103
21858836 823822715
21859387 823818327
6332455 840181986 6333178 840080927
4294129 611363360 7107159 611299833
10867198 504938478 17391391 428004293
11829093 497440374 12116028 485727941
7500533 558396519 12064527 483707073
6066505 840396284 6290209 834654602
8983781 537103108 9079094 531431477
16394275 829477514 16668294 814929927
13465209 832642456 13584001 822789953
6006319 584341970 8938234 534127381
4646486 615685402 5096245 569772654
10381425 835591211 10977999 817333091
4246856 608255461 10189632 515530730
13466073 832547857 13472681 832336364
15339578 830621757 15340060 830530693
995164 557277242 8451926 557132748
16397822 829330379 16650245 813871840
1500381 845326821 1501326 845000438
1205457 674410445 2167059 674408587
331233 846542156 332098 846387694
18625197 826936539 19103164 802445269
3170162 641994355 8828102 527848621
13729220 832304611 13729721 832218432
1198236 674410429 2159475 674408621
3129059 842997121 3177621 842994549
7541876 561006264 7625893 554793358
21853251 823895691 21854882 823857709
3098250 626304494 4524657 626278095
3174205 843450319 3181953 843259440
20582654 825152479 20878266 806989297
8834636 535228493 12181228 488112477
12160319 483638316 18352058 429511917
5872334 840084475 5892360 838906288
11007177 511271292 11581346 486455113
8291041 546762587 8569003 529843122
11833046 497276222 12115104 485769424
13729922 832054079 13738305 831684244
8277341 501911908 11299289 501836222
13731338 831991602 13834567 827437869
8609765 837818132 8614244 837781517
15344125 830160290 15346226 830033919
16955950 828734749 16966277 828169594
11992638 452132852 22072615 417980778
3171595 641777027 4479582 641749397
10476011 511794712 11523876 511767238
5355747 597800021 8245619 543901843
2414130 641791146 3624262 641768355
11481145 834534748 11482882 834492952
16955429 829031217 16957962 828703712
5373308 600798737 5786930 563023755
14557927 831140163 14997351 811892963
16399327 829274853 16401087 829119244
20587732 824968413 20589473 824929596
13735751 831796907 13738980 831654483
8609423 837829628 8615239 837765724
10380768 835600616 11013813 819040294
20582003 825083079 20681176 823045573
5344841 598003424 7639749 555201748
14213360 831906125 14214136 831807874
6065308 589525386 6465005 556046036
2490740 660894240 2924978 591745944
3121224 843531420 3122289 843420120
4621542 612380289 8222633 542473810
4298003 611363268 6283907 611318442
13728767 832277115 13732962 831928058
2707574 844009567 3115414 841722704
13728864 832283000 13808639 825115671
4116275 569928010 7076301 569866646
3178379 843352212 3180104 843319133
14213942 831824136 14217012 831702735
14214326 831819035 14216138 831728755
14213132 831944906 14213558 831875725
17816406 828022025 17818242 827841616
20722637 824653482 20724161 824581736
1500463 845263433 1501771 845087949
6747416 579909428 6972566 561127444
10309689 520855884 10756169 499501259
11482260 834505481 12367303 815620106
11482884 834492966 12362775 814982381
4452648 615658961 10282500 502486463
11831888 497321766 12117752 485663686
9729327 836519385 9732199 836437931
8842605 536109232 11907677 490620832
1172348 657839204 3251877 657803036
6746897 579971296 6969256 561387950
4754866 841888452 4758013 841803215
11217222 835029795 11218024 834976288
9558794 517703276 16195372 444503547
16956268 829009224 16956826 828857614
13465541 832608382 13469482 832394789
11017144 511527745 11260678 500198431
20585227 824641859 21315982 823473523
2702308 844061020 2702913 844051275
8473323 483700814 12829976 483581168
17818096 827872072 17820196 827771621
4203536 557215072 8451926 557132748
3862778 511946229 11017046 511782234
12745266 480424096 21151098 400530368
4160727 842534502 4161581 842525850
8614766 837777299 8617120 837761323
8978522 537000444 9450674 511787835
18631188 826620438 19123676 804237678
3722536 658725772 4340418 575249312
4210774 583182686 6780457 583133436
11481437 834445668 12615215 831925316
16956241 828829054 16960148 828518932
8939312 534674020 11207091 501018152
7542916 560927667 7625963 554789104
4413277 611360572 10454862 611226292
11003966 511429447 11575435 486679868
5347094 597961382 7496136 557880220
5484327 533445863 9119643 533363865
4315602 618319407 6662041 572768948
12410989 494156473 12750440 480717008
8928163 540534644 9079862 531351447
17816723 827945826 17821541 827701416
2318596 626319692 4375357 626280664
5349000 597925834 9585044 518920597
7598514 552631632 11755816 494101783
2702910 844050274 2708084 843993496
6916845 557166179 11027238 557064156
6062127 589798427 6465538 555973704
8915374 540475448 9454649 511255483
11103472 492461404 12909228 492405515
6335340 839952626 6338558 839801963
4613008 611652633 7497653 557851942
3564701 631204310 8290935 543056669
4275779 611363798 8212561 611274666
10381353 835585320 11009573 819151217
2356072 626318967 4377807 626280621
6061671 589824206 6469811 555667309
6067793 840449859 6071332 840210108
2356233 626318944 4381365 626280558
11828402 497425082 12158276 484076178
10806747 501849974 12982778 501788113
7013272 565091271 10461116 511294804
7887499 573426184 8701083 519955840
8609061 837843080 8612301 837788836
20721277 824722704 20995573 811142641
5905081 840572111 6204741 823291527
19648872 825959632 19650266 825870204
4297231 611363286 8405868 611270536
3172547 843569886 3174226 843364975
1503055 845016706 1504717 844933555
10796552 501850275 12609008 501798704
7500280 558400645 9279731 529280054
2462711 665564051 2918412 591012142
5868656 840340913 6008323 830862404
3172656 843556646 3173078 843505068
4460767 637334786 5073999 567502340
10891372 483634426 12826161 483581272
10398661 508439761 15521820 451932649
3199803 647766204 3438252 608682967
4161553 842520375 4168992 842490492
5870839 840163861 5896007 838746127
20581941 825257245 20582034 825166986
11475163 834832768 11479726 834263577
14213819 831760283 14479409 825781279
8926982 522326370 11235406 522263283
3092910 626304938 4398441 626280256
8800327 533371656 10910174 533319019
21317989 824431697 21318670 824290007
5905769 840523483 5907836 840428856
3575688 632683035 8772925 531791211
11475450 834740936 11479541 834569829
14557192 831472867 14558085 831329974
2060220 641797811 3624262 641768355
11216381 835012490 11222594 834798282
2262422 611398391 5468515 611340326
2467814 664695615 2919573 591148200
11504848 483617561 12829977 483581169
3199796 647764924 3438633 608633352
5343499 597138035 8265773 544862019
3129060 842997057 3171164 842996022
4337069 616799070 8667293 536037305
4079281 583185197 6781660 583133414
4445332 615801015 7487285 556748832
5375863 600562629 5786294 563108058
4415833 611360512 9891986 611238839
6749723 579707991 6972341 561153998
15338340 830626094 15342370 830283757
10487221 512342382 10755998 499991293
2706067 844018714 2709929 843996140
8797453 533371729 10542246 533328187
11480684 834447006 12615070 832003197
7322768 545001700 8813655 544970590
4327121 615319850 8925593 533058617
6067532 840474028 6069871 840294574
3200569 647639928 3437729 608772507
2709302 843999611 3115782 841892134
11475369 834758388 12150414 801630859
9452475 539595759 10039288 507924256
5340251 597196138 8828641 534792980
7623511 554201684 10889653 505729218
5991365 583093953 10438324 510319772
6064951 589541459 6469736 555709099
1206048 674410427 2158680 674408614
13464702 832720451 13465765 832458723
8982522 537177789 9080476 531349308
14559364 831173476 14563863 830864112
3741022 661505708 4156189 595529268
7487057 557151861 9328295 557108987
14216593 831717560 14218480 831662022
1500414 845345683 1500572 845088602
7540182 561132289 7627052 554707176
6918994 557166123 9007922 557114285
11007483 511258223 11580994 486469925
277327 707963111 4436172 614555996
4754462 841899364 4761947 841696603
3174925 641898297 8835768 527693975
4274621 611363826 9332042 611249306
8687977 537293275 11280584 500792473
1204886 674410428 2158918 674408615
4757351 841842647 4761220 841794874
8733489 522326101 10331614 522290968
20582854 825139374 20585015 825020519
3020314 611384680 5465951 611340366
4754249 841894163 4757724 841832657
5862315 569891825 7072216 569866728
8848356 536023900 10883616 505818823
3121932 843407391 3124997 843241947
7483508 557151945 9517880 557104555
7232480 582767824 8005547 527990762
6633574 569876389 7767146 569850160
10375659 835851175 10377701 835733901
3175778 641776938 7465732 641686375
8985126 536893450 9194561 524872717
15339378 830715896 15339642 830587500
1504238 844940335 1507948 844802076
7506070 558305895 10180841 514533444
5904093 840545774 5912524 840272609
2462451 665579285 2922206 590627535
5872750 840039348 5893156 839019759
9448402 538943973 10220540 499344324
16386229 828825453 16947771 828065514
6332047 840127906 6337007 839863740
9712176 525223034 10234616 500090760
3172379 843536375 3175938 843390468
20586205 825006780 20667715 823021180
2492316 660645115 2923149 591999353
6919410 557166112 11427637 557054243
5904478 840566148 6235952 827229442
1202330 674410431 2160910 674408610
14216293 831700001 15041234 813828544
8848733 517458931 18903713 421890778
3200199 647689146 3439926 608477217
11520296 511226677 12110506 485518455
10376422 835804016 10377716 835735176
10471875 511794821 12176863 511750099
20586652 824992502 20677937 822957701
9729101 836538147 9730067 836499821
14213031 831844891 14222721 831508035
2421187 641791003 3627381 641768299
2056440 545106507 9117851 544964890
3022052 611384604 5473594 611340248
11474761 834735708 12271427 809013471
14216783 831689382 14466332 826283179
3578963 633747044 7008589 564556281
10885329 505822979 14755969 457229272
21856053 823848940 21857785 823830560
6331682 840079326 6341030 839726881
11509204 483617452 12826230 483581270
9339495 546416057 10037567 507575821
9326293 545910429 10216191 498868333
9921282 501870702 11308680 501835988
2356230 626318200 4529449 626278014
3538699 626298018 7772151 626202938
13734032 831877457 13834833 827249646
6924491 557165977 9199744 557109547
18632442 826563497 19129825 803958266
12241748 486937838 16914621 438960408
4499520 596990540 6134144 596960133
6748658 579808880 6970819 561270555
6061358 589863642 6465946 555936595
20587184 824980637 20672206 823085460
4300250 611363215 8212564 611274930
4293678 611363370 10232098 611229257
11829102 497440737 12115355 485754447
3121026 843608680 3124419 842941526
5377225 600431072 5789195 562914262
5873931 839987748 5893765 838915977
20582255 825156686 20584911 825045534
7814584 511855671 11013141 511782318
7498636 838795141 7501243 838431168
11016022 511568432 11266471 499931201
6668425 573002130 11612387 488327436
7264414 584614462 7624802 554585471
2490480 660942645 2922896 591935823
11505786 510941130 12332222 476643949
10803238 501850077 12602932 501798899
5095505 569907718 7074838 569866677
12611762 475316104 18307923 475118753
2419219 652568343 8254445 543737224
5326762 595980661 9257714 528655689
11517170 511374133 12110599 485510299
13914997 832277407 13915070 832121809
18623952 827147026 18994521 798383793
2476782 657816630 3715268 657790828
8988209 536709653 9198280 524676887
10896528 483634264 12830686 483581149
4414228 611360550 9264519 611252761
20585091 825023565 20591391 824888853
2356608 626318240 4520866 626278157
3173087 843507376 3176343 843373894
20718303 825061931 20718741 824968546
3738409 661995720 4156234 595457455
3121642 843475122 3130367 842736058
13917968 831811691 13919773 831698993
16395593 829446685 16664275 813793532
7032671 566053051 9099686 532226491
6062123 589797909 6465837 555952678
5868072 840257359 5896125 838906579
11829641 497418468 12115048 485767188
2434737 657817517 4758442 657768768
16400481 829140066 16405497 828885081
1500414 845345683 1500621 845009178
10380206 835493007 11208113 833923303
14218427 831658921 14221361 831590187
8986438 536817949 9193503 524933754
14555157 831356608 14957189 809840920
6332422 840144750 6335952 839885382
2442277 657817357 5878802 657745350
13469419 832437501 13471604 832376880
12637495 833147109 12644709 832860368
2701803 844078408 2706906 843801919
2437431 657817461 4590583 657772309
8290591 546790323 8568834 529850533
8612813 837793216 8614767 837777240
9341236 546323788 10035664 507678905
19649041 825931303 19652161 825785066
8929933 522326282 11763899 522248853
3172158 641954116 6010018 584701883
6749200 579762222 6970612 561289015
2706545 844016392 3124113 841467232
12639298 833097579 12641452 832992079
3739138 661253156 4172130 593513267
8828264 535318200 11285158 500728068
1500374 845300197 1501104 845159239
3573099 632733294 6659631 572815721
13914570 832160345 13919471 831622068
14565982 830787365 14994287 812027189
14566171 830729498 15327341 829364016
13917139 831863460 13921255 831606455
19649550 825916207 19651147 825826919
8293479 546611394 8572101 529681338
11829223 497384549 12164525 483836139
6332629 840096903 6337468 839839156
10470833 511794848 12766144 511734637
16399983 829213936 16401637 829094273
12412470 494094429 12750637 480710107
3172806 843527585 3174227 843455684
5868943 840309327 5875649 839876353
4499521 596990538 6135233 596960116
3988966 569926015 7658163 569855857
21322606 824001791 21327510 823820431
4549063 603540171 10191642 515499388
15339351 830746751 15339511 830618155
2703439 844044453 2704790 844029633
8289978 546827949 8568811 529849095
7232743 582724510 8007558 527876540
11836371 497136266 12116304 485726582
7169514 533406770 9339609 533359071
6068809 840378989 6070087 840324402
5906105 840456135 6263668 830759696
11519981 511244421 12109885 485544045
2702286 844054438 2708102 843999397
9275291 501886923 11297550 501836265
12231206 472805290 22259040 408111032
21852974 823907031 21854082 823871927
8617223 522327557 10698090 522283794
4417671 611360470 7108425 611300699
10488976 512260873 10761947 499739997
11712490 492442188 13064015 492402428
3728199 533475216 9854860 533348839
10375234 835907445 10780314 801734596
2419665 641791037 3625586 641768331
17818139 827874057 17820176 827770703
6066696 840383304 6292886 834824449
4642880 616068778 5093945 569873396
5906695 840476969 5908713 840395744
19649042 825931304 19656437 825584711
16399304 829273689 16400380 829185116
18628777 826775374 18630672 826652116
3097796 626304918 4371378 626280734
3739682 661760039 4156148 595499822
10241239 500414352 21788044 399475513
6067450 840487570 6068990 840351332
5336822 596975226 9054505 596893686
5606174 545035359 9112738 544964981
16397244 829458930 16405291 828747763
3124170 843286585 3126901 843139179
4299457 610781900 9095421 532296284
13737863 831657515 13905235 831634085
15341973 830313483 15344977 830089081
20722190 824635670 21042624 813379762
11217269 835033254 11217777 834988977
8261999 544982270 9548127 544951726
6916263 557166195 9010372 557114215
8933013 533368307 12012664 533292541
7498691 838801271 7499271 838698822
2704411 844032114 3163125 840801821
3133597 633542762 9084494 531622409
6069304 840338796 6073777 840206362
9670041 523466993 12238173 487310761
8927667 533918746 12739616 480251064
11160011 495491241 15576234 453516993
4607794 611356200 9274288 611255207
11476453 834702414 12175239 803144484
21318301 824364126 21318874 824266515
9649682 522306390 11772642 522252321
10379288 835656603 10384503 835496999
4339238 616758651 8670051 535985882
7262970 584755811 7624552 554604340
14557043 831428505 14562173 830892320
10599753 492468168 12741543 492415860
3176875 843384588 3178375 843351414
8609352 837841277 8610573 837811455
14557530 831418867 14559143 831160782
10411396 483647607 12826793 483581254
2465575 665072168 2919579 591037697
12411934 494115772 12751089 480692221
14559164 831161985 14566959 830704214
10595038 492469557 12369977 492424541
13729372 832276466 13783921 824125633
1500803 845217943 1501324 845148072
4376284 606236025 9768964 522094391
6068804 840325644 6296631 834954728
13735617 831658233 13910595 831613042
3122679 843338517 3164929 841502131
8984251 537073514 9080011 531377759
5870280 840174148 6016291 832592970
5904311 840607727 5909035 840357005
2702029 844067680 2702683 844053920
8921262 540701331 9191352 524892457
5372243 600899520 5786058 563072534
6666582 573033717 8837172 535858265
3202001 647372813 3442158 608240745
8136668 492532673 12290507 492426490
4335628 616825959 9215400 525814726
18625008 827123539 18629151 826690474
21317704 824445254 21320066 824103977
7637305 555354531 10194526 515454378
14221352 831589628 14471265 826372138
5907445 840446832 5908714 840395745
4471911 635909165 5074351 567739957
2490754 660897557 2923136 591926003
5907720 840412366 5913225 840263079
20722190 824635670 21036837 813583014
2057029 641797871 3624361 641768353
3096164 626304854 4406226 626280122
5095505 569907674 7083578 569866501
6625460 569876581 9222194 569816441
2123310 663114032 8607803 532293037
5870839 840163861 6013501 832127323
4447200 614745069 7035800 566465831
16958800 828604358 16961600 828427581
1501467 845079570 1508542 844761870
21853510 823886225 21855294 823856520
10483339 512520556 10760506 499787011
8986146 536586454 9451509 511789064
7542343 560965464 7629489 554531737
14557430 831450562 14558004 831325410
3121104 843607256 3121406 843531027
4537016 627876445 5082138 568582712
21856053 823848940 21857323 823835465
10799835 501850178 12974382 501788322
7017460 565025936 10189938 515525971
8288711 546812558 8728788 521304869
6737820 579449055 7263791 540676281
11216905 835029821 11223100 834723687
7427829 552409445 12268632 487946140
7539842 561157480 7627370 554683623
14218209 831554398 14551873 831095884
16955969 828961315 16959598 828492080
19649257 825903898 19654386 825696970
13466717 832517656 13650372 827185681
2267479 706197082 2883308 583380340
8836111 535207747 11277302 500838698
5998205 583148901 7244181 583120903
9730078 836500886 9731271 836462703
21853415 823892728 21853928 823878976
3176875 843384588 3178375 843351414
7884864 573587352 8703941 519778578
13914881 832210959 13917250 831715903
3742242 661266504 4156400 595535800
2491978 660699169 2923332 591965752
6483304 557173266 7664503 557147855
8806429 533371499 12015330 533291493
8446491 522332434 10325433 522291096
13465189 832641222 13467080 832502742
20587026 824974338 20681426 823175734
12597075 486675175 12752326 480746929
9730855 836476039 9732685 836424163
5913231 840263958 6042926 837129991
7543166 560904151 7629007 554567594
10302112 521241078 10753377 499605517
5913797 840231564 6070623 840111926
11829312 497388332 12157406 484111257
13915048 832188899 13915502 832073148
3172580 843560610 3172960 843524407
3121305 843553553 3121667 843482328
3123101 843348776 3126374 843160753
20584588 825060727 20585774 825020686
2473956 657816690 4600354 657772368
3121147 843641349 3121339 843323460
5912581 840280588 6042207 837030262
5999187 583148879 9434507 583071694
17818191 827876464 17819689 827789994
5211737 583163495 6782264 583133404
3121250 843538509 3123024 843328382
5936381 492587771 12366180 492424635
3121195 843523695 3159020 839984011
10370984 835506680 11205706 834146928
5867746 840571541 5871239 840029236
13729067 832331095 13729547 832248279
3202062 647384890 3438264 608746936
11827663 497266366 12347699 477013135
6631118 569876446 9403148 569812289
13729930 832101081 13828505 826945201
12593553 486812088 12751754 480766570
4317005 613274667 9651658 521908652
14213474 831822866 14435008 824560987
6921241 557166062 9009190 557114261
5377607 600397844 5787955 563011254
11482241 834504131 12370891 816230328
14216192 831731857 14219493 831629466
4160347 842540748 4160901 842532095
14214326 831819035 14218866 831592826
9713911 525275049 10048700 508400490
5601192 545036368 8987393 544967273
12411934 494115772 12751089 480692221
20718017 825075771 20720380 824726210
17816406 828022025 17818781 827788630
2054893 641797910 3624261 641768354
8454924 511840980 11014024 511782298
17817286 827939352 17818479 827852622
5876842 839790803 5900618 839790604
7237846 582329037 8007114 527947653
5907845 840430212 5909678 840360669
4647082 615626518 5095138 569866740
20717888 825094857 20848786 805732315
12635621 833358574 12636831 833256771
11017809 511493225 11261531 500159306
5374077 600728879 5786077 563097857
10121755 511804342 12765361 511732637
6624509 533420130 9121846 533363814
3121839 843458446 3122817 843375619
9727051 836626952 9730391 836482999
3019229 611384716 5463336 611340404
12411912 494114930 12751872 480661702
21323271 823984467 21325576 823891975
20725241 824531496 21043923 812915332
18627193 826802050 19123919 804226676
3119874 842997765 3180234 842993740
9337110 546523672 10042488 507317440
8423395 492524684 12364638 492424671
11483021 834443362 12618851 831369522
4160452 842539129 4161098 842529027
7018237 565013789 12111039 485551139
11016627 511535397 11267950 499863436
7624292 554190090 11266903 500130484
10121188 511804357 11527166 511766219
3128677 843084782 3130634 843018947
12637542 833202911 12638838 833124965
9466601 511817770 11018766 511782197
5873313 840011289 6212813 823048056
4414228 611360550 12080373 611190183
5348330 597051633 10395835 506757755
21321793 824053417 21324954 823914808
9449754 539724657 10044645 507650148
3199243 647836812 3442199 608154732
3123118 843353443 3164323 840636582
7498122 839030232 7498233 838934065
4398775 609156568 10447039 510177157
4447314 615762533 9008825 527211804
12413275 494057907 12752037 480656008
6740449 579232377 7267426 540480258
14213140 831893264 14394706 820950560
5906090 840513289 5907058 840461929
3553549 629158154 9070596 530464700
10065702 509279792 15555539 452914411
3125450 843219703 3126947 843151281
1500422 845290852 1503726 844652301
6741039 579198754 7264499 540664982
13921912 831582334 13925140 831436034
9326350 545904296 10216578 498850978
3723182 658717786 4337451 575525582
15345153 830098545 15346862 830004881
4621115 612388587 7022016 565780888
5869410 840299765 5891684 838706574
7486350 557151879 9526117 557104378
10491361 512151740 10756906 499963025
7493877 557151701 9013571 557116342
4323165 615390625 8695131 537181338
7536055 560851007 8029681 529334927
5482687 533445961 9113141 533364010
11012420 511748842 11264462 500022108
15338291 830588430 15348496 829826267
6071180 840265849 6297166 835146910
8926064 540407486 9192701 524829026
271983 691570787 1233878 691552472
10808705 501849915 13313139 501778730
5875744 839889790 5877763 839788946
6017988 585072232 9617185 520686857
10116789 511804480 13232361 511719936
6076829 840123197 6331412 839846605
9450977 539664000 10042726 507749160
4313616 613332693 8701739 538177787
4619127 611538516 7498353 557838886
7501055 545001992 12965366 544861215
20589462 824929115 20591427 824890257
8624903 492519441 12379680 492424307
7320310 545001748 8815007 544970564
4297231 611363286 6285306 611318407
2706068 844019308 2708701 844003231
2487518 661422569 2923043 591779773
15338480 830730533 15344557 829943653
12632830 833397431 12641467 832993140
6334237 840004220 6337067 839871721
7497677 838980385 7500431 838493843
11829436 497425467 12116525 485708758
3082256 545085889 9120832 544964837
17819699 827790444 17823913 827618307
13729112 832260717 13737116 831541623
10382593 835554452 10998558 818833799
4267727 611363991 7593565 611288619
5875108 839921552 6016588 832852434
12636569 833239548 12641423 832990235
10377351 835752116 10381205 835573471
1197509 674410428 2159156 674408621
3176422 843394627 3178376 843351415
3725171 658347602 4339408 575420474
11007047 511291881 11574752 486716070
6076050 840123343 6330364 839959937
3738189 661967706 4157826 595259161
14215849 831748227 14218836 831637694
16396197 829574732 16400315 829181791
11480559 834544501 11484161 834464650
14557173 831601217 14557245 831439990
12147335 483602264 13637395 483554746
2701804 844078409 2702281 844052553
3812707 545074957 8812814 544970607
6201817 533429735 9112110 533364032
7169480 533404232 9854860 533348839
19649198 825937919 19652354 825749341
9709980 525475397 10049671 508342232
4321374 618207336 8871592 529875824
12520234 484078556 18800818 419594395
3736407 661660001 4174664 593135937
7505086 838235673 7506952 838134422
4616282 612482404 7024877 565725352
6665944 573044639 8837172 535858265
14213461 831891783 14214051 831830545
11521365 510995790 12151425 483821665
14562432 830967236 14564686 830846608
11515232 511288132 12150274 483858589
8923356 540828284 9083292 531143033
11478746 834604111 12295140 810942899
7900835 574048678 8556480 528615587
6061554 589851122 6464670 556028337
17815894 828126530 17817284 827797058
8609868 837828176 8611599 837804212
4160575 842536604 4161105 842530522
13919774 831699013 13921880 831580361
8828765 545472873 9443925 511280642
7340285 533400676 9861664 533348715
1197051 674410427 2158669 674408623
2709929 843996181 2711957 843986045
9090466 531626723 12511743 483459233
10806746 501849973 12517620 501801336
2105743 657824878 4630213 657769056
9073882 530489533 12532121 484437352
12743905 480437029 16966398 440304101
6666256 573039301 9261008 528599269
20581941 825257245 20587953 819416302
11723164 492441867 13061502 492402530
13472994 832299877 13723918 832175231
2439610 657817415 3317155 657799019
6665363 573054582 11170776 495890867
7264214 584644719 7624031 554648506
6923907 557165992 10286270 557082595
11476741 834691023 11477629 834647450
6064495 589593643 6465570 555997566
21853058 823910171 21853262 823896092
14211094 831840038 14220735 831604555
8980912 537143473 9191417 525034987
12635428 833387121 12636482 833281621
14219548 831632683 14465585 825868157
18631263 826623763 19103984 803388392
6018819 585057363 11565746 485829405
5873915 839985423 5877746 839786512
7498198 838888311 7499068 838734683
8398453 501904222 11946450 501821199
17817864 827897428 17819261 827810877
6018397 585064930 8691622 537244107
5910771 840329627 5913225 840263079
10865185 504962220 14799270 458570950
9729984 836492676 9733237 836413890
6670627 572964430 8843759 535745435
8931078 483688274 12826651 483581258
2382221 641791744 3625142 641768340
7885078 573602916 8701238 519930194
9647584 522306443 11238312 522265921
6076826 840122808 6330276 839971159
4643454 616008050 5094178 569867246
9934663 501870404 11297549 501836264
11620758 488354987 20205779 413307215
6073238 840222525 6076234 840148906
3169194 641777080 4507278 641748803
13473974 832302970 13889288 830425403
14211878 831838274 14219558 831633289
12498353 471081795 19852942 423633890
279573 710213490 2137801 665646810
13465208 832642455 13465790 832594224
4603726 610371707 9064454 530574567
11217729 834985340 11222308 834777069
8246420 543509871 11762037 494014183
6745591 580077584 6970974 561246641
6004576 584371807 8934252 534195560
6070391 840300224 6075567 840161218
14213493 831871938 14763299 798735996
5339916 597202164 8268156 544819406
2489948 661021964 2925081 591697676
11830687 497374758 12115065 485767873
7922126 522343967 10325916 522291086
14560544 831085908 14932250 808139073
3159841 638755216 9039856 529088743
13915227 832131210 13915708 832046072
6638000 570946611 10467238 511199259
6075598 840165481 6300999 835252174
17819231 827809515 17822232 827686932
14557707 831390287 14559373 831123788
3199484 647823886 3437662 608749911
5873363 840018448 5894279 838888192
8610087 837823441 8613695 837780870
3133189 633549727 8937337 534142728
3178927 843340807 3182749 843273512
7185504 522360164 10326929 522291064
4109622 545065394 9112737 544964980
20581858 825253948 20582575 825105982
11011217 511798911 11267923 499862245
10273334 501861905 11304092 501836101
3157233 638803855 8290934 543056668
7538700 561237978 7630825 554430681
16957340 828760803 16961612 828371649
4160904 842532700 4161580 842525849
3173878 641776980 4487673 641749237
5375229 600621906 5785997 563120304
15339996 830485458 15344784 830078641
5904381 840586938 6027950 834931318
2110294 657824770 3715638 657789297
5336501 596975232 6947520 596939896
8296245 546443107 8569893 529816866
3986003 569930741 7072539 569866722
6067851 840341262 6077613 840120139
10281346 501860177 11940611 501821324
11475425 834762432 11477303 834661529
20718515 825016917 20719378 824832947
4755411 841862927 4760672 841804975
9704949 525579041 10231047 500206350
4413389 611360568 6286553 611318936
20724664 824555638 21039302 812637795
6663458 573087217 8709651 538042296
19647561 826035732 19649925 825894475
5866766 840430894 5892261 838861293
8925641 522326409 11767230 522248742
1198025 674410428 2158680 674408623
12637559 833204078 12638819 833123738
5907408 840441728 5910218 840346028
11220308 834876646 11221649 834833026
6061072 589878037 6469161 555706579
19647289 826111605 19648152 825997008
9731733 836451188 9733227 836413144
10118591 511804431 12420301 511741981
271542 691570813 1228476 691552571
2701823 844065521 2708617 843976835
6076049 840123273 6330276 839971159
14556569 831401361 14561415 831025230
12636203 833309520 12638975 833076346
10304132 521138034 10754222 499573098
11521362 511174774 12110820 485506747
4538407 627670204 5085749 568334360
4317021 617173015 9044172 529008266
14553873 831317764 14998252 811853483
4420479 611360406 7113134 611300615
9923679 501870641 11309397 501835971
18631135 826618042 19133594 804611313
8125605 492528528 12747925 492415717
5876849 839791849 6338376 839266729
9066510 530587682 12532120 484437351
6061431 589855689 6466494 555898744
14214222 831813006 14420404 823659900
10375737 835857494 10376737 835789147
6740777 579219037 7264481 540663543
16396852 829475421 16402364 829021837
5991866 583149046 7837542 583107539
8982919 536761670 9450902 511800251
9643788 522306542 12433961 522235438
16958444 828635000 16961578 828426516
278485 709256527 1264417 709236311
15337690 830656791 15344012 830154208
11014131 511672057 11261747 500147941
11220309 834876647 11222132 834817356
17820195 827771636 17822201 827685509
11516361 511203734 12157217 483575500
5860518 569890237 7655810 569855897
6640995 570899887 10872538 504875405
13730804 832107571 13731836 832021758
13733005 831930658 13840532 826784301
5906381 840495403 5910078 840326194
20718228 824787152 21031078 813383569
2481833 658147289 4444953 615551359
14221362 831590200 15045894 813727605
18631859 826594482 18635015 826439336
8702463 538189084 11739828 493111880
20727284 824414458 21304656 823616903
7422630 552478687 12527382 484500455
7475571 556397260 11730511 493250146
2702479 844056050 3113417 839156069
12508611 483590591 23624956 483246136
4618586 611548603 7031511 566545832
13466748 831797688 13917537 831565348
3120559 843430652 3167544 841388482
9446167 539058969 10222126 499262475
5320308 594075730 9671116 522875066
13472832 832345639 13657118 828003313
5905688 840512061 5911826 840279148
3566513 631170489 9207886 525954857
5345312 597994624 7494106 557918089
17821699 827708734 17825886 827552878
16397609 829439875 16402120 829009494
9663002 522644409 12767343 481304973
7181501 522360284 10322492 522291155
12496132 471096125 22259040 408111032
3176845 641776917 4840754 641741796
6062289 589787253 6464720 556032775
2266509 706520377 2881930 583456518
9452474 511818105 11014490 511782289
17815831 828023331 17821247 827687756
18630153 826682564 18633067 826533276
3123293 843290219 3166556 841649445
5993069 583149018 8017180 583103506
7499364 838647886 7503833 838288095
18624897 827286308 18625220 827132995
2473955 657816689 4591968 657772542
8834065 546148767 9187840 524869659
4442373 614835095 7641093 555176692
6070456 840309016 6072210 840251164
10796856 501850266 12600779 501798939
8816163 533921483 12258090 488086524
6332575 840165178 6333359 840055611
6739620 579311819 7263530 540709900
5371157 601001590 5785651 563086534
12638342 833148485 12643153 832901370
10795753 501784183 15555538 452914410
5862803 569891806 7075536 569866663
10303221 521191184 10751117 499709507
2445829 658928491 5329827 596351291
3169318 641777077 4836812 641741840
5871009 840188002 5872349 840086691
4161583 842526242 4163206 842514071
14557708 831390288 14558489 831265452
12637541 833202910 12639295 833097410
9449492 539755336 10041800 507789857
10199319 515502451 12534807 484401564
9730445 836487675 9731732 836451167
1169265 657839275 3248139 657803091
4162836 842517612 4164961 842505781
8611966 837799331 8615318 837773263
8397995 501908796 11311636 501835914
12369746 495886738 12751266 480661108
5911948 840296425 6042316 837027504
11475100 834779931 11478587 834592539
6630678 569876457 9214603 569816650
6334963 839971966 6336156 839912525
8269985 544982079 12959477 544870806
8271690 545456243 11707601 491845961
9275289 501886859 11310127 501835952
7541403 561041529 7626199 554770562
8978689 536990822 9451118 511767942
1202330 674410437 2163495 674408602
11005008 511384190 11574679 486712953
12595365 486741791 12751718 480768887
8610634 837817417 8617492 837730050
3914039 557228566 7661603 557147916
10491781 512132026 10761700 499758045
1199594 674411156 2495199 674407101
13466259 832525156 13646993 827510786
6746672 579984577 6970552 561284225
10490537 512189692 10756543 499976466
8632425 533376027 10917256 533318023
5858072 569891880 7083577 569866500
6062411 589770576 6466563 555904685
6001842 569887535 7654640 569855915
2488251 661304814 2922657 591852126
2267996 706185783 2881553 583589202
13467696 832501899 13636296 826127281
13729151 832300498 13729974 832191987
2058880 641797835 3624360 641768352
5860954 569891832 7079521 569866581
21853567 823888356 21855750 823837530
7260133 584982060 7627561 554354465
10308277 520937651 10751436 499708835
3098723 626304487 4523922 626278107
19652165 825785169 19653836 825720757
14827775 459454264 17027903 441900259
8989627 536748610 9079636 531403077
3721389 658981844 4337856 575437817
21854397 823869898 21855676 823853311
5728393 557185544 8448294 557132809
19648548 825980402 19649902 825893514
7500801 838535169 7506312 838062916
5870744 840150045 5895077 838886629
16398919 829207795 16689632 815031815
13464387 832661848 13467650 832499087
4025444 557226179 7660611 557147939
1200275 674410426 2158758 674408620
4332862 616877569 8799470 533572137
8928514 540511009 9080539 531311173
4394912 583179161 6779689 583133449
7498539 838834519 7499043 838731930
14221352 831589628 14468354 826432911
5335173 596975263 6950360 596939829
2050179 545108647 8997233 544967091
7454026 554665825 12507337 483521261
5904426 840593238 5908644 840385898
12597080 486675377 12751655 480772195
18625074 826972368 18634780 826428841
10470832 511794847 12768712 511734568
8984200 536684191 9459212 511418305
8923899 522326460 11236704 522263237
11521016 511193169 12110380 485524703
9733202 836410950 9737600 836325287
7320303 545001276 8992130 544967186
10804653 501692809 16914620 438960407
4300754 611363203 6281460 611318510
18624894 827316392 18625008 827227503
4163208 842514650 4166542 842499888
11011527 511797379 11262475 500113381
5376889 600467508 5786218 563128583
10380799 835603156 10999609 818805271
3095803 626304958 4371168 626280738
8261294 544982286 9313388 544957298
5908272 840413592 5910739 840325034
11484670 834438449 12615130 831964321
8967198 511829222 11017046 511782234
11507022 510898074 12329414 476753500
1199592 674410430 2160352 674408615
9708801 525536185 10049164 508361878
9728084 836582488 9729401 836525692
10801688 501850122 12522840 501801171
5729473 557185511 8450268 557132774
2478277 657816599 3723141 657790670
13914994 832217731 13915348 832101979
10280572 501861734 11300251 501836198
5732086 557185497 8443977 557132881
278220 710245895 2479709 657446660
10485647 512413896 10762530 499706021
2359229 626318896 4380105 626280582
5100872 569904760 7657052 569855876
19648572 825981345 19650931 825817847
11223239 834791158 11226997 834700134
10276731 501860266 11947915 501821167
10491360 512151762 10756409 499984353
10379318 835658957 10979952 816461018
6065273 589522100 6466964 555908016
3938035 522426073 10691383 522283918
4508637 596990360 6138067 596960068
8988628 536688991 9194636 524877041
7026791 566149261 10447038 510177156
1500507 845144176 1510479 844645319
8840005 535152896 20349889 373107501
11483501 834478219 12379134 816060824
8924014 540532145 9192390 524841237
8922777 533368561 10548036 533328533
10384356 835485028 11206669 834026788
3172714 843540936 3173288 843503016
8292322 546684578 8567987 529905521
7541168 561057534 7627213 554696257
11835827 497113402 12162824 483912560
4418993 611360439 7591570 611289978
16400782 829155230 16402114 829064393
5908272 840413592 5910739 840325034
8836001 546481509 9083045 531095101
7487057 557151861 9519621 557104532
6340688 545021215 8998548 544967067
10269172 501862006 11305327 501836071
11833404 497042417 12343119 477192601
2324791 626319564 4377281 626280631
9652587 522783108 12532541 484431752
6744884 580148600 6969209 561384239
11218011 834975244 11218854 834933586
7896314 574420175 8555227 528670209
5875743 839889789 5894145 838970319
11519343 511085167 12152586 483770581
3122767 843362367 3171668 840722905
5339594 597207915 9236849 527490641
2008840 626323453 4720624 626274935
7002751 563414311 11733088 493211887
7637617 555349652 10869412 504924157
