1000 1000
11500352 5171191
2701378 6543873
11112608 10763507
2795708 7311220
2040144 7225099
10458594 10742493
6778319 5853613
4639228 9801156
4729324 8309978
4766726 11150452
7019490 2882375
7066387 3444420
4595626 5795067
10995037 6974297
5443697 11789565
6081748 4944048
7477107 9299477
2004273 6589714
8062983 5316332
4417286 10619479
3057782 2875879
11878323 10352452
6729491 7033902
10669960 9458815
3343879 3436685
11125618 10879720
6835411 6192005
2324139 9431036
2503423 3835528
4405332 5947119
6141444 11003431
11407519 11618550
8302907 3928143
8724615 6882242
7244474 11141900
5501720 8302255
2017778 5380042
6654707 9263621
10413943 5324666
9238787 4274173
9277702 8364404
3153892 4113112
5072760 5994382
11544147 5576183
7829909 6465830
9523301 11971352
5469260 11447171
4106253 11772166
3375313 10830868
6654407 8619786
9972767 2672478
7438393 9990545
6052519 4609451
9770517 6982813
10450468 7009303
9256985 7728169
5890058 2927228
2357632 8962818
6921610 4418130
5055352 2751518
8883959 5095004
5239222 2353218
4542175 7345474
4641735 5917487
6176341 11812494
5053625 4149108
2484971 3008369
4656004 9053842
5617819 2426520
4036654 6584638
9952174 3809991
2312806 3842231
4737218 5186789
3321400 9658827
7604918 6376751
2926697 4488876
9471755 6165918
7358445 4530281
11511391 2516531
10964119 8204084
2329024 6534095
2869543 5330347
7542463 8041898
2384188 3676633
10984769 6937193
8261270 8936942
11263535 11090427
3295524 4000753
6793567 7133276
4175931 2398484
11510026 5102627
7403711 11498132
11784896 2762155
6544764 3812639
5795038 5508883
10016722 8640413
2559329 3402616
11970759 8101792
9444513 4871298
2294776 8429281
2324843 11072398
7882574 11588377
2679176 9178097
6105481 7472743
4311372 8281412
7871226 6337750
3900390 5791289
8352233 3685286
9069795 2896997
8014276 2864832
8922231 8547349
9505245 9481559
9949964 9476003
8099702 9910828
4863653 10910830
6340108 5188495
9983227 4739033
4776871 3178754
4433481 8882352
8651496 6744853
5163763 7039074
3598954 9580504
10830362 2467538
11265789 7900156
5880886 9796416
11281340 2803116
6343764 8786584
2801027 4293727
8778938 8900728
2204554 11642590
7811557 9061013
4831084 8311135
11800045 10124307
9489889 4233526
7006658 8657736
11494730 2686772
6213161 5610035
10267275 5043522
6077572 2049416
3460030 2474810
9845831 2741369
3277925 4189595
2044304 6595303
8999673 8823241
6012383 11720579
10982183 4340291
11297943 6329618
10651426 11097988
4453924 10657666
5847865 9460581
9831753 7858946
2663704 4044914
11468980 10930979
9604787 8062903
3496746 11064816
8537712 3858928
4322536 2331989
8564874 6883191
9443643 5564547
6222784 3456025
7801477 5204966
5796316 7099419
9534583 6964093
8713758 4504859
5621758 2561622
11965439 3453510
10936919 5145495
8014775 2922250
4076473 5619562
11501505 8089570
7200729 8039216
9948497 2039617
10887556 6513371
6922807 10847551
2594269 11145590
2303575 8395745
6866907 8616242
6011515 6917842
3580334 2725273
9422700 9718443
5803246 11904490
3688305 4740165
5049984 9703079
5662414 9642808
3322640 5163918
5732377 11039721
3719486 6197226
11079337 5123393
10710596 6002143
3970943 3821216
7664085 6790870
10216960 5047343
3407111 4228474
9965184 7503797
7470098 9904235
5222239 11273344
9808725 9426895
6529860 5375060
7129974 2708625
3017868 10968965
8388895 9266596
10008685 10108380
3463821 11604373
5748124 4690768
8122868 10235419
6511983 3786952
7542640 7245294
9350646 11466102
9473768 9832182
6969898 4943865
7736416 10192137
6733560 8061492
10135383 11263419
11436552 5265356
11972044 2454419
6750673 8360938
9721014 7275709
8985669 3701187
6880082 5250144
6391954 3002949
6001914 10903937
7306252 11544553
6149230 4656897
11010655 6139349
2489078 5980552
11599566 10741846
6689040 6333125
6803337 7340775
5596544 6239888
10606130 8084939
9210658 7873154
4445876 9448024
3148863 3947896
11149210 10545296
7198039 5541163
11548244 11199953
4445099 9370847
3260857 11110681
4544095 4787863
5250029 7549525
11284767 4849594
6291370 8490158
11699071 3611058
3830932 7811966
10367298 4953414
3896904 7577955
10826567 8859131
7542330 4491781
3323378 6691539
3037076 11037768
10232702 5101671
2754072 5194152
2472517 4014929
6821184 5016612
6802791 10071213
10566136 6087557
5437158 7373857
5094067 7652580
8984914 6924998
3464545 9868563
9878411 7877800
5446518 8704978
7253282 3505199
11196758 8576659
8196738 4750186
7614427 8945791
7851856 8368498
4656294 8324373
2899778 9477478
3857336 10218921
10065042 4939823
6822829 6018551
10313679 9916895
11671131 9814944
4841893 3135675
7683507 2720303
9013475 3646376
11941632 4266756
5151574 3654742
3359767 11348311
6404927 8974193
10810453 2256782
7859042 3466747
11097506 8758820
10944224 2954841
6977740 11525617
5894663 11800568
5544167 6724693
2233815 5215297
4539637 5075707
8867324 2739495
8312361 8397150
4385870 10770345
3180257 10053795
2425086 4540023
11918458 9346364
4030567 10728910
9603145 9889609
2195656 11217003
9164780 3656231
2171843 4142519
5698199 8582858
6459438 9242366
3307550 6693252
4974014 8363538
2285310 11841337
9103032 8597671
8238486 4005253
7368015 11935095
2059048 10309452
4475117 11977505
7655815 6505684
10706414 7775311
6911644 3418422
6992313 4076423
7591004 9680508
8735293 11289203
6263365 3194730
8531568 10087266
10404334 4021933
8967156 10689643
3863270 6070187
9803665 2618107
10591792 5171679
2553201 10650839
5997482 7544670
10628343 11653296
2050353 11851108
7428607 9478348
3269529 4937271
11554770 8860533
2617778 8290062
10666087 9397494
2001143 7197654
10001112 10405476
11735938 6968267
9095119 3599207
3554805 6898783
6733666 2146596
2586814 9803218
10797434 9100647
5347887 11942128
8753943 7914591
11793236 6698901
5392938 5579116
2152523 4947707
4956000 2770301
3754120 3622086
2684146 3755263
11336091 3201609
2160738 11072029
8169875 11772208
5187587 2241032
9187343 9921252
2387627 2290508
7724470 3701413
9391154 3588708
6159892 6145096
9503299 5953127
3360348 5412588
9532243 3512871
10876647 5004594
6799523 2630766
6626680 10000020
6902380 5962770
11201629 7063118
5034798 9887855
9351677 8222385
10128886 6539019
8659988 3032865
6829526 6900809
7250629 4220680
8489517 11410520
10882127 8509167
7879999 4758827
11921754 7928593
6271697 3314752
10933186 11071219
3945518 5559865
11587590 8847897
9522635 10789218
6427366 5073784
8677073 3779043
11296168 9322310
10834413 10472508
10355174 5663939
5373316 5605802
10400970 4379184
7532674 11799448
10888350 3412672
4558274 3326456
9341264 8829970
4641207 8274449
10417540 9103076
11834314 10005130
8467325 11873300
11310699 2894690
4947083 7987771
7190084 6759603
5310081 6024497
5232110 6181606
2204787 11121777
2303760 3122108
3500961 7836433
2921555 4905662
11765456 5479829
6232117 9106719
4826150 8873324
7897519 3243690
5976399 7731832
3765171 2443723
10121483 3075869
5854765 5584918
11579992 3561200
10344520 4890072
10102048 6092981
11588029 10306834
7731109 11891788
3945293 11748421
10244572 4866848
4654083 10010027
10863028 8886199
7116745 3689177
8275874 3014264
7449218 2252273
11262447 9214388
5212347 11900282
2806609 11583463
5485199 2386600
3144663 6346070
7793023 11246710
10439050 7381051
2069896 8686510
7272839 4015188
8434931 5517410
9398387 11089013
3527437 8261414
10491563 11160533
9950591 6767437
4691148 5399808
9536061 6469947
5130548 5264759
6370228 5937156
4848222 2371778
6323755 5992884
6717847 2116777
7755945 7673248
7497827 10342192
4359757 5287017
2357380 10794687
11320779 9755766
2400051 5364567
6017180 10891614
4525099 3967770
5659050 9732599
9883929 3195110
4202545 3014476
6459868 11089124
6951631 11824441
11460901 3791737
8333676 6178747
3908513 4089621
11851994 11922692
2431812 6728102
7726060 5305543
8039141 7046838
3061309 8439191
10411404 9594840
7330804 5452855
4078961 3506205
3185453 11962889
4701314 7904349
5493717 11677534
9509824 2961699
11501974 8970724
4753436 7835650
5665822 9178300
2441622 8034167
11617343 5389785
2762268 7343403
8695328 11317760
4906592 2272988
7756951 3317996
2384179 5604106
9287202 4463139
7110311 2989006
6942379 2327976
11409706 2952447
2005509 8919529
3914146 4023835
8406604 9183933
2375836 2072425
8878584 5333809
8106591 8495927
8723593 11385210
6355681 7935272
10702970 9262272
10724611 8976272
3096619 11108789
2580377 10383820
6088279 7690687
3889177 3547010
10535015 3298882
4499456 10540523
10218410 6413601
5080709 6625013
3597533 7972896
9213789 2992469
11306704 7836731
9488395 10546649
7221941 6360427
8998272 8441262
3622698 7722883
5417533 7235669
9348023 5997909
8135840 3436302
4204948 10025017
4983311 2739962
11323898 9999118
3796836 2058660
4412719 9393897
9200024 8526603
5366792 8930165
9519071 7189848
4766895 9523817
5736496 9988835
3884243 2734767
8946448 8023293
10974001 2363980
3258961 10838376
8878241 11911152
4791029 3599540
9936168 10290691
6855853 11776418
8289808 8652688
4351429 3218878
8562936 4067804
9745481 11929728
10997968 9780903
7119575 3764863
9821072 3372422
4270049 4221666
6623540 11216497
2761310 5597541
4096828 6536622
6952268 10975068
6447774 9743296
5090959 4383941
8033986 9946811
6676710 4323793
9115851 9028138
5542671 5678786
11095942 5804503
5608513 10093909
6101757 3244439
11858771 3922828
4616860 6645172
8660846 11756752
5861668 9422155
5354292 7958495
3958777 10306559
9449915 8406550
10566206 2540873
3306842 6600191
3004036 7983552
11440335 10119886
5011689 7499357
3798671 6623982
11303859 9923536
7234243 7921968
3684326 9609365
2361147 8817538
4254536 9021992
8574289 8116203
6444147 4444932
6591050 8402923
5267842 4040964
7325824 3834047
7098188 8632665
10950589 8102223
4616216 10390923
8738460 10144257
8406632 3053483
7284590 10226842
3493370 2518832
6148809 5177695
10128197 6509956
11995232 2382732
3531947 11085872
11015287 7976093
3530803 5606336
6895367 6798644
7647299 2221190
11149042 5261838
11370207 10099630
3880413 6502774
11006905 10618872
7163382 7413536
11672354 2447972
5640377 5682075
5483155 2305538
8859770 3611351
6815493 11371353
6510435 10863791
2973577 5525721
9356236 4504379
9132056 4251602
11819375 7295706
6989144 10968416
10557543 8875702
11584398 4954307
3378475 3107654
3573179 8541857
8521189 5761884
11506180 4677917
9443959 4989334
4983454 8820080
9117037 9798946
10707784 3627471
11179089 11681360
9669543 8535324
6702091 9317950
10786925 6521465
7130007 8292420
8006232 8203901
5168121 10106981
11158208 9062948
11214634 2731386
5604804 10252174
9009621 5110983
2930091 8969931
10616668 5913544
8306362 7733704
6228842 7014146
11877526 5407930
6695505 9547068
4459605 11397595
9381369 5762881
8435411 4511375
2055301 6957995
10715276 7739773
5064975 9873483
4802720 4279609
3121220 10923875
2531782 10130840
4034857 5978224
9617123 2651525
2408120 5923484
10901580 9153313
10937629 10779106
5077594 8149486
8326173 7537198
10063432 8223894
11300078 6498843
10735268 11355378
11456837 9450543
9611503 7038163
9840377 2414222
9317771 10961596
11338097 2365905
11608788 5889305
8860480 11742262
9057181 9268599
5665745 7958761
6421911 7119726
6737866 9499504
5785563 5580390
5036701 3848994
11804283 4336779
10864188 3055903
6208508 2837376
3022797 6336362
7875539 10863174
6750584 7709661
2341121 8605032
10591917 4466260
5010688 7452397
4208521 2067869
7237347 10390618
8026629 4175610
5510343 5280846
4191465 11812257
8861235 9744518
3661250 11181870
4597648 5041790
2237772 8806155
5879165 3260568
3142517 4271055
4640093 10409452
2497068 4981214
9530835 3605336
7447473 2541522
9057732 2172346
2609390 6811431
3079315 8636018
8987040 9106009
4433215 11178504
8918265 11294450
8923021 3095866
2992671 11520668
6137655 3230442
10843175 2533172
7007361 4502043
7320578 9647454
2911494 7817645
2628667 2958680
9422981 10592491
3500201 8997064
3281188 4109591
3808494 4360502
3261960 3311885
3982862 5695175
5006741 10901126
7505976 4446113
11996992 8498646
6483133 6134646
2245439 5326307
9184169 7252799
10344701 4504747
7416604 3772546
10322391 10561622
4731225 10261723
11670465 6231425
9775139 2951652
8341015 4099984
7828506 2119327
5411869 9811367
5814501 10934961
8712493 3836828
3381073 11225836
10335473 10380557
7876833 3097263
6223215 5061002
8350061 4567915
7565748 3766665
6340460 8404490
4844638 11588036
9182565 4515102
5819461 6957703
7983106 4676827
9057686 3811611
7312505 2469554
4139329 11127005
3920866 3368173
2963832 7818291
2594008 3815656
6198847 8470841
4912918 10422062
11531842 3779331
2989976 9613941
8062347 9846788
8534782 10906984
11951175 5717346
3422086 5770635
10675048 9405191
10963814 7732734
3733153 6276318
10718639 5872481
7919675 2639505
7240654 11399858
10974147 10351013
5731866 5172993
9338205 8644783
3595054 8870046
10424113 7101382
9000338 9002811
7464521 5535120
7909795 7415695
9252465 11848232
3702682 10443865
9253422 5182847
6176598 3502926
11975516 7411588
7375406 7895190
10567444 5132411
9811400 9541590
5999776 3543265
2714583 3337980
10188047 6825988
2724378 11128512
4443721 9724715
8131322 9908241
5776186 6557468
7840288 5545003
6405699 9542969
3988867 6175472
2725815 10681816
7678397 2701330
8609755 5570155
11112872 7177199
11218917 8924271
7235140 5218692
10467535 7949722
6556672 11171933
5292062 7281049
2816796 7735782
7522115 11464470
8160375 11298301
8538289 4000662
4843303 2943988
11543630 9348521
9635811 4785796
10546688 7830560
8003477 7156442
11400714 7116348
4849992 3135982
6556970 10085132
6354674 7540856
8551205 10911345
9229141 11843266
8708745 10045936
10095400 4230859
2026757 6255774
3529159 8565046
8256435 8888813
9509033 10316416
6237333 9661195
3102211 7300372
5491754 9105687
2456814 7408819
6738387 5306805
8544801 11295356
3391936 2899474
6836212 9943141
4327170 4065352
2302758 11035914
4627639 10398157
3266772 4654396
7170282 7312283
11219441 5943068
4201095 11244825
4259483 10954780
8906019 7878045
8771503 4914125
7500084 9228316
10322943 2238470
5051473 6867743
4050177 8959760
10283568 11402740
9419252 5127089
3468091 9722010
4163002 8612082
10636518 7946126
11266477 5806800
5774760 3002269
2266219 10492206
2247093 4525702
11963337 11669463
10403746 8734840
4583587 8420181
8479507 2906530
8658650 4047331
10290624 10708827
11007091 11090544
10111566 8426342
4217632 4096009
8664703 8896986
3224442 9817573
7359463 5007270
6140724 11134222
6009538 6406942
2142779 8772982
8932643 2106116
8442444 9852741
11357307 3542383
6272921 7836813
6965264 5447923
9884144 5255887
6673101 11407586
6862782 7301018
10350279 9080414
11913378 7014982
8493751 3137819
4832554 3853213
6145088 11489629
5503786 2670977
5896570 5646564
11960310 5345565
8269031 8402754
5714657 10142689
2461488 9987577
8495854 7426751
5951851 6379997
3198989 10624951
8303934 8061771
5925969 6654212
7658536 8355698
11669193 4152286
9493517 7018098
8521850 6154956
6507726 2025635
6825933 2920648
8188550 6786242
6266212 6973933
5705347 9980868
5116621 8683186
10484796 11612474
4109936 4436647
8508822 7825277
5577949 4812755
3887047 2020269
9466967 2061934
8375967 11652511
4214219 5869483
9186961 10736068
2540790 6211038
3278054 9883074
7131685 9466603
7185668 11397896
4440535 10891014
11895115 10073508
10090552 10379911
9685981 2200487
5332909 8711155
10542115 8910857
11523909 4945513
8931126 11507227
5007446 7823444
11159738 7221664
11692926 8346698
8474083 4750067
2557735 9752136
2633141 10205772
9735091 7818808
2120019 4691977
9226173 2015134
2765484 7316724
2911396 2967817
10033563 8760656
9678971 8575677
5671512 11719231
11521190 5118989
11226458 7044987
10942432 10386195
4783003 3151709
9249244 11257085
5901776 2323330
11525573 6534916
3045453 11777015
4870075 3165472
6985343 2096247
5696957 10267179
9929323 6608352
11234995 7962885
3369007 11430317
7054913 9556870
11149547 9092454
5192211 2892356
4137441 6650994
11278550 6920443
7802703 11044145
8693879 4220830
3883827 10735803
11272097 4929279
10512817 4142171
6094750 5498160
6754769 9791706
3765338 4684091
6916409 5516684
10646975 10801767
4947000 5701888
10874989 6612898
2794341 4067199
7505254 7448133
8718192 9300155
2368575 7037246
10860652 9062454
11774427 2744478
7798256 11046523
5673756 8827425
5705045 2284858
2325584 10459814
10076563 6607273
5660256 7509324
10123956 4307231
6311090 5587307
10525470 5186078
10200204 3836162
9769628 8221809
11800647 9004172
5521964 2169221
4041417 4382615
11748026 6332196
7643444 10062634
7895070 11317199
6890058 11600115
11602056 9731993
2576280 2194971
4339265 6236535
10220646 4979572
11060117 4531735
8566878 2101938
10234165 9283433
6454452 8003792
8021594 6255098
5007963 4059909
8940670 9565732
8958875 11205048
6414279 4602318
9267681 2309348
0 4435868 4674090 0
0 2425814 6554276 0
0 2406082 5518445 0
0 9265598 7261698 0
0 2271332 7486243 0
0 241269 1331448 0
0 17977 9324498 0
0 3949738 768493 0
0 9124282 920541 0
0 9288637 7662227 0
0 7691990 4812951 0
0 9722135 7149011 0
0 4895034 9197361 0
0 6354058 9309312 0
0 1799678 3621738 0
0 9618660 6235546 0
0 8295827 4560825 0
0 5306173 3218260 0
0 79270 4571770 0
0 479957 2350601 0
0 2058012 3237577 0
0 6198400 4592340 0
0 5078426 148137 0
0 5360833 6719060 0
0 3585029 7165821 0
0 4381286 3793370 0
0 1978771 6619773 0
0 942381 6873805 0
0 5817133 7296438 0
0 6183116 133163 0
0 3434528 8318127 0
0 8885060 4246706 0
0 2878952 4191232 0
0 9981318 2958221 0
0 8763001 461274 0
0 5308821 3337364 0
0 6215203 1507220 0
0 7929703 3809980 0
0 4171709 5806887 0
0 529039 273089 0
0 2972707 7426677 0
0 4066459 4951478 0
0 6562801 7525191 0
0 4341634 2379933 0
0 7337980 524749 0
0 2513095 3288859 0
0 1359228 1398154 0
0 7535565 4238179 0
0 8105737 7516882 0
0 9712751 6868737 0
0 494507 7537923 0
0 206100 9226061 0
0 9045142 652155 0
0 3036041 5733202 0
0 6459041 6081431 0
0 8522643 1948100 0
0 6024459 5105453 0
0 6899577 2587259 0
0 2630643 3757562 0
0 4967192 9968622 0
0 6798662 9996638 0
0 5773833 8157889 0
0 3911144 3309397 0
0 4912419 2016880 0
0 3342630 4625169 0
0 1401969 6353488 0
0 2163091 4124420 0
0 5579549 3724585 0
0 4776574 1131941 0
0 1974138 1235615 0
0 7213371 496780 0
0 5700066 3237830 0
0 5602232 2599642 0
0 8341440 749226 0
0 8873555 3308631 0
0 717848 5672216 0
0 5821621 9008032 0
0 3830105 9732764 0
0 2317428 8742523 0
0 4265995 8176409 0
0 5884044 5667963 0
0 4529896 8047134 0
0 9792383 2625796 0
0 4288070 7085308 0
0 3757736 6262208 0
0 8320922 3487459 0
0 9275339 6537339 0
0 9241640 4877571 0
0 9136980 7583079 0
0 5626796 526886 0
0 3408062 8860995 0
0 6199102 1746034 0
0 7869026 29206 0
0 1478797 2702805 0
0 1288080 8261143 0
0 3395565 7172123 0
0 3929106 441813 0
0 7735609 6237840 0
0 3067608 4540030 0
0 3323147 9341696 0
0 802237 4160421 0
0 5345506 2593928 0
0 697759 7103497 0
0 7471498 2351091 0
0 7202927 5614645 0
0 2877976 3127340 0
0 6991992 9077077 0
0 4873373 7377369 0
0 1622634 6352169 0
0 80174 5427066 0
0 4613312 3475738 0
0 2599188 1058769 0
0 6433902 2851148 0
0 9812960 9501510 0
0 7391178 3136106 0
0 1359557 709766 0
0 7296526 9221414 0
0 3303693 510637 0
0 6324910 3291542 0
0 2861727 3527836 0
0 1422539 8256054 0
0 6655176 8414530 0
0 9849483 1528548 0
0 5791898 1472116 0
0 397069 8388423 0
0 9415533 7526732 0
0 4380513 2014721 0
0 1101852 814414 0
0 7382220 914811 0
0 2832275 7289749 0
0 4050916 6708183 0
0 515867 3863794 0
0 5929596 6335911 0
0 6890782 2254505 0
0 2143805 9752508 0
0 8298693 3566343 0
0 524913 7470220 0
0 4497224 374395 0
0 1515119 2805473 0
0 4362863 4428539 0
0 1193896 3778395 0
0 4471622 8090760 0
0 8309467 5573473 0
0 1421525 8208039 0
0 6488283 4253800 0
0 5497787 3055551 0
0 961982 6013653 0
0 9435696 6891578 0
0 4865916 6326477 0
0 1662434 7009720 0
0 8595336 2477478 0
0 576062 1636600 0
0 9947697 7589637 0
0 2010995 3979168 0
0 395109 8890209 0
0 8407706 4105356 0
0 2668603 2879328 0
0 4712467 3494422 0
0 969152 6133992 0
0 1702460 9973787 0
0 2904143 9716598 0
0 5545689 3866124 0
0 8246603 7497736 0
0 3274053 3112518 0
0 3824212 7452839 0
0 122237 4935899 0
0 9930316 3214650 0
0 6572498 2394365 0
0 3320638 1099844 0
0 8889884 6232098 0
0 2506404 9813941 0
0 337454 7691359 0
0 5209620 7566272 0
0 1185780 6178772 0
0 3700263 5404591 0
0 8668910 6604405 0
0 5121188 4214598 0
0 2986881 3367790 0
0 1712333 8777285 0
0 8996659 8052896 0
0 8746475 1635247 0
0 5505146 8676791 0
0 7366248 2077643 0
0 3587507 686885 0
0 5693839 2477390 0
0 6918983 8200242 0
0 4807682 9772788 0
0 8407952 17302 0
0 7339059 9593731 0
0 6196073 3555674 0
0 4998321 4864982 0
0 2676430 2635861 0
0 1595931 8179662 0
0 8520002 3308263 0
0 6956947 7516661 0
0 1361158 5703421 0
0 9151907 6866303 0
0 6896563 6518155 0
0 1460297 3000421 0
0 9721391 9670487 0
0 7994162 6640373 0
0 387081 2801844 0
0 8929512 8795032 0
0 2819145 6268571 0
0 905115 1531569 0
0 2340596 8419787 0
0 6396550 5017025 0
0 1055647 7992480 0
0 3196687 9575649 0
0 3817094 2669985 0
0 9608661 7694603 0
0 889757 1276919 0
0 7077257 7786320 0
0 311425 1053905 0
0 3303092 32816 0
0 724392 1297254 0
0 9189540 3627824 0
0 6615449 8119052 0
0 2422855 1950945 0
0 6903974 5844321 0
0 3482513 9244569 0
0 4264108 2395414 0
0 4261593 5319754 0
0 387893 9974631 0
0 7411754 6721338 0
0 2644615 9536766 0
0 4415940 3534372 0
0 813685 4009548 0
0 3837043 3641461 0
0 5063452 7140134 0
0 3674276 5787843 0
0 953739 5380168 0
0 1932018 85539 0
0 3499219 6871225 0
0 2036483 403192 0
0 2715545 5518995 0
0 9647760 6979652 0
0 7914408 6425704 0
0 4815758 818652 0
0 6400335 2227511 0
0 56341 9044949 0
0 1764277 4472280 0
0 5095672 5094313 0
0 8481827 8932714 0
0 8735773 6061631 0
0 8589200 4926401 0
0 4365825 2059290 0
0 306568 6297843 0
0 2144829 6322138 0
0 3169067 6697663 0
0 9241681 5884611 0
0 2216658 8889440 0
0 5380615 2647417 0
0 7831495 196372 0
0 3466069 4231829 0
0 4940234 3522409 0
0 5793130 9220862 0
0 511041 888801 0
0 4315174 1509219 0
0 9821515 5567299 0
0 7570849 927066 0
0 493699 1936674 0
0 2986355 3316618 0
0 8234516 7647535 0
0 9638755 3919934 0
0 4345198 8880435 0
0 9804544 6561855 0
0 286226 5185158 0
0 9209271 634072 0
0 7897881 5191691 0
0 4865901 2838115 0
0 1230452 659030 0
0 2058976 1741492 0
0 1547830 6374150 0
0 5767062 3885696 0
0 4457800 3337911 0
0 4812761 7467850 0
0 7790936 315468 0
0 784467 6025451 0
0 7963002 2939573 0
0 2461736 4824551 0
0 4336359 2266279 0
0 1386405 7138936 0
0 9967789 3112028 0
0 7773007 7865669 0
0 820070 2638907 0
0 703783 2050521 0
0 5814288 2762759 0
0 6308364 9878470 0
0 1653260 2075426 0
0 6280517 8627411 0
0 5413336 3609630 0
0 6095260 3204271 0
0 3925097 6879726 0
0 1746073 4404450 0
0 2335650 4207808 0
0 9229001 9188360 0
0 8990438 3131757 0
0 6327295 1474578 0
0 8760136 4100301 0
0 9340247 2096558 0
0 9255560 2560381 0
0 4147078 7586199 0
0 7839491 455442 0
0 7464668 2009102 0
0 2530867 6261537 0
0 636512 460554 0
0 9871166 6731771 0
0 6181176 6312614 0
0 6127848 7927248 0
0 717063 8463497 0
0 4651407 2462415 0
0 7651856 3641844 0
0 8110524 6495502 0
0 5116422 9387011 0
0 3112155 6973020 0
0 1483568 2367714 0
0 9533400 8146998 0
0 2470264 9889243 0
0 1118791 9934932 0
0 1898344 3649657 0
0 6196468 5051208 0
0 6626562 8583985 0
0 1782978 2807737 0
0 4896598 427178 0
0 3251336 8130012 0
0 1407026 7902742 0
0 3108779 1575234 0
0 4060937 1219302 0
0 8070735 1693710 0
0 3122664 1182889 0
0 8666729 7122584 0
0 6066954 716481 0
0 5269581 8537218 0
0 605723 6388371 0
0 988501 5020418 0
0 2554379 9701320 0
0 2587977 1697292 0
0 8285304 6887307 0
0 4505028 5698253 0
0 7314484 7756363 0
0 3828264 8721509 0
0 8175456 6937042 0
0 296742 2236392 0
0 672695 883829 0
0 6446454 3795359 0
0 2066717 5113182 0
0 917942 650023 0
0 5829662 6187522 0
0 9187240 8951736 0
0 5092244 2692092 0
0 6488506 162974 0
0 2393411 9076482 0
0 1860265 3195066 0
0 5963788 6365292 0
0 8893318 5794623 0
0 6638006 2721581 0
0 4516132 7329813 0
0 9658623 7329225 0
0 2082556 2847669 0
0 729405 8529009 0
0 6643027 5312474 0
0 3642191 77320 0
0 5962496 1988204 0
0 8781193 7666087 0
0 3456292 3873436 0
0 358178 2461149 0
0 4036409 5267940 0
0 4053982 5896673 0
0 8463005 17770 0
0 4778316 9872674 0
0 8328744 3932673 0
0 2594254 2844875 0
0 1262485 4769228 0
0 2690452 3345041 0
0 7616897 3419856 0
0 4390401 6776275 0
0 8732329 8032591 0
0 6853595 7211176 0
0 2537147 5634787 0
0 4877262 8509790 0
0 2024575 7751791 0
0 970938 6060983 0
0 3019730 5024919 0
0 4474008 3999086 0
0 7559040 9252323 0
0 3871759 5887784 0
0 5701348 8982365 0
0 1249010 6963832 0
0 3751592 6455813 0
0 2825224 3884840 0
0 9875669 7215625 0
0 661115 1124349 0
0 7764567 31061 0
0 851877 301713 0
0 5665847 5729138 0
0 8811502 7690421 0
0 5997281 2298791 0
0 6267756 9017010 0
0 7323710 741763 0
0 5532448 7399101 0
0 2510437 9404206 0
0 3286884 728136 0
0 8386570 7052246 0
0 7691968 4654514 0
0 3508058 3033543 0
0 1055705 5900078 0
0 249167 4233171 0
0 9540779 8013734 0
0 4264231 392655 0
0 831798 9930078 0
0 8638144 2159652 0
0 136850 4635424 0
0 4458442 8920957 0
0 3652434 4298503 0
0 2179071 1701233 0
0 4213956 7205860 0
0 1105438 7500839 0
0 7933995 2008360 0
0 7069436 5625962 0
0 9179225 577494 0
0 8659505 234929 0
0 8993923 1425023 0
0 6984452 8534701 0
0 9438756 1248682 0
0 1443707 2786906 0
0 3695111 81851 0
0 4946557 3831961 0
0 4717274 1921350 0
0 5269269 886059 0
0 8736205 7448340 0
0 2587291 2950160 0
0 4654199 6209081 0
0 2967350 2588193 0
0 733792 36786 0
0 730507 2429368 0
0 3130631 9390011 0
0 2664296 4640905 0
0 3331385 9648747 0
0 3175606 2770141 0
0 3413781 7135664 0
0 8073398 7108891 0
0 7217514 3019954 0
0 3457203 1934788 0
0 7457655 8726472 0
0 5337198 6193859 0
0 6174811 440841 0
0 1660370 829009 0
0 6649921 4627720 0
0 5933553 7383712 0
0 7180857 6664059 0
0 9813079 311487 0
0 8570421 4993726 0
0 4952391 1901806 0
0 7158825 644348 0
0 4671946 3088957 0
0 7780012 5261695 0
0 197847 7513877 0
0 798000 6171402 0
0 9448664 8255654 0
0 4897873 7302214 0
0 6965865 3589035 0
0 7743054 8626234 0
0 6934395 4392974 0
0 5770305 2867947 0
0 4293037 2951161 0
0 9532006 6622467 0
0 5778999 8102426 0
0 4132544 731390 0
0 4231 3807720 0
0 3892089 7192528 0
0 6896676 1672100 0
0 2454222 9610875 0
0 9185977 5768573 0
0 5782276 1150992 0
0 4024227 3196500 0
0 8453205 3506443 0
0 6785534 8712610 0
0 4649028 6236280 0
0 5621935 2935685 0
0 9104226 2431323 0
0 5886845 8636231 0
0 1570141 1665844 0
0 9255009 5702685 0
0 4913585 1775591 0
0 2026756 8805673 0
0 1484471 1439784 0
0 477773 6455044 0
0 3567010 2180101 0
0 2223617 1865637 0
0 3331092 8764195 0
0 5062136 4300649 0
0 2270637 4364021 0
0 5529610 9436016 0
0 600300 1151545 0
0 2371700 2220877 0
0 3582867 774897 0
0 3373460 5153008 0
0 2440740 2628468 0
0 3372044 7354324 0
0 4404058 7915151 0
0 8676348 8404880 0
0 1871286 9154120 0
0 4859924 5438295 0
0 3850572 7083540 0
0 7303931 9698016 0
0 5847734 4882418 0
0 3998664 634722 0
0 1762790 2044625 0
0 2587089 4879441 0
0 3196169 4958789 0
0 7100318 9295388 0
0 5733685 473777 0
0 4448395 690776 0
0 3102244 336790 0
0 561451 22653 0
0 8251940 9237798 0
0 943885 2639578 0
0 908270 5803808 0
0 8077872 4758841 0
0 2887347 7898155 0
0 4456856 1251432 0
0 5296924 971871 0
0 1886153 7059714 0
0 3016496 4473241 0
0 4455506 6212664 0
0 1948381 1555823 0
0 5508051 198417 0
0 2029599 2472797 0
0 889192 7648194 0
0 5325938 1450642 0
0 187199 6094230 0
0 688440 1131083 0
0 8733807 1596709 0
0 6934890 9328030 0
0 6355549 2338588 0
0 7226184 3328757 0
0 3590019 5039460 0
0 4300627 7992523 0
0 4615525 7317122 0
0 4982115 9071030 0
0 6046138 9446848 0
0 626853 4070540 0
0 9645264 5172803 0
0 9059689 534456 0
0 5337349 4385626 0
0 4501449 8040899 0
0 479855 5189888 0
0 9171981 1730013 0
0 9302948 8623222 0
0 1058043 8174849 0
0 3478161 800578 0
0 1503605 9584531 0
0 5840037 5804231 0
0 93405 455561 0
0 5637705 7591871 0
0 2042943 1683842 0
0 7038718 2669795 0
0 5754381 9200334 0
0 358949 4814069 0
0 9734789 5696297 0
0 1716047 4236237 0
0 3737195 4712253 0
0 1942477 5425527 0
0 6442266 3761776 0
0 6565100 16660 0
0 1936624 2559612 0
0 817237 3440228 0
0 2144142 9173626 0
0 1760811 4753898 0
0 2145538 7398515 0
0 2345769 4188480 0
0 9082356 1900838 0
0 9374626 7353088 0
0 1101171 9733575 0
0 4683509 835959 0
0 7946223 6399555 0
0 7588548 4199770 0
0 1111807 2047376 0
0 2141648 70424 0
0 5809151 8706748 0
0 87083 7745775 0
0 3782711 3420672 0
0 3702354 5926853 0
0 5110649 5463164 0
0 3197102 7256186 0
0 2861678 5542870 0
0 3961018 4460385 0
0 7443708 3335643 0
0 1813473 1061230 0
0 5585569 6496981 0
0 4413541 3531792 0
0 5412887 2002088 0
0 7731561 9041045 0
0 6565815 9873208 0
0 9111469 4891317 0
0 1096307 1714903 0
0 5153443 4879018 0
0 7651926 8855797 0
0 3322222 2762574 0
0 4318960 6519323 0
0 2535112 9696990 0
0 4578545 9012481 0
0 4157374 4538604 0
0 2348123 8487198 0
0 5599833 450044 0
0 7500530 13373 0
0 3981835 5429768 0
0 4531812 4229747 0
0 4470813 3613978 0
0 4102954 3582281 0
0 8505295 7715613 0
0 7813535 3658737 0
0 2594630 5465461 0
0 2514533 8433203 0
0 744386 9349845 0
0 7468877 5795849 0
0 1563186 2047421 0
0 4808329 8236911 0
0 9102376 9672804 0
0 6724109 4702209 0
0 122847 6740990 0
0 7231933 4104681 0
0 2170758 4280097 0
0 850779 6641570 0
0 7894074 4953732 0
0 2740202 6399368 0
0 2669344 3070088 0
0 58105 7780325 0
0 8535548 5088989 0
0 8729879 1796286 0
0 6955185 6198756 0
0 7592134 8518370 0
0 8246176 4916815 0
0 6755281 7348552 0
0 4589618 5995741 0
0 4567112 4712464 0
0 5253082 4315396 0
0 1333496 7423839 0
0 8595492 2184274 0
0 6581760 6489566 0
0 9654357 1838313 0
0 2888933 4840053 0
0 4908401 5463389 0
0 5136729 5960300 0
0 3068730 3866608 0
0 7756585 2540266 0
0 65363 5348719 0
0 1058636 827890 0
0 265533 330268 0
0 692793 7371502 0
0 8842360 7776256 0
0 4600317 4095441 0
0 2091652 8450164 0
0 4035632 687143 0
0 3150789 617391 0
0 7176708 2805145 0
0 4972056 2581993 0
0 161549 9880456 0
0 561733 7814630 0
0 5840755 6146814 0
0 1681237 3597340 0
0 8687080 4262951 0
0 1462410 2262067 0
0 7607192 4244294 0
0 2592334 8299985 0
0 1615795 3951045 0
0 6076240 6216111 0
0 8046485 684243 0
0 4666274 2082116 0
0 1371386 7817062 0
0 5215859 8548093 0
0 3138558 187914 0
0 3646437 3300107 0
0 2584721 4208170 0
0 1114736 8425475 0
0 354983 5312324 0
0 4539166 1558414 0
0 2091626 6001575 0
0 3820480 9698817 0
0 245868 8929165 0
0 515153 4378014 0
0 2880209 6591393 0
0 594124 926694 0
0 7275635 5260397 0
0 5525161 1163372 0
0 5593810 741019 0
0 2227817 8732368 0
0 3445284 5874253 0
0 4548826 6030004 0
0 2598774 8179913 0
0 4455479 5470109 0
0 6008588 1510996 0
0 7028522 8100213 0
0 28923 849002 0
0 7799029 274790 0
0 9778166 8314182 0
0 7169156 2658375 0
0 7421926 7763279 0
0 6101420 7213912 0
0 5540028 1626580 0
0 8377284 1133837 0
0 4883951 605100 0
0 2382556 8329234 0
0 8995704 9447733 0
0 4359238 1594478 0
0 7627645 1331068 0
0 7064586 3636232 0
0 2842063 6609459 0
0 1736444 2870985 0
0 9974812 2051825 0
0 5662127 2269330 0
0 2882358 5347634 0
0 4927704 304283 0
0 3110912 3545475 0
0 34546 1167291 0
0 5172054 8411829 0
0 4817480 56004 0
0 1533280 7200035 0
0 901590 528984 0
0 6647768 5260827 0
0 4639813 6791764 0
0 9108246 4220750 0
0 427996 4466660 0
0 830208 4680791 0
0 9853997 805020 0
0 6732615 8032475 0
0 3074349 9614972 0
0 3380108 518404 0
0 2435606 6491019 0
0 4063878 2470152 0
0 174662 1752283 0
0 3398332 4992141 0
0 4324639 4931612 0
0 4708527 5226228 0
0 7976947 3872646 0
0 3003406 2616759 0
0 664410 2111651 0
0 6837508 1092405 0
0 9094662 184067 0
0 8289547 8948658 0
0 3505438 7538514 0
0 6981132 9096138 0
0 7153485 361239 0
0 9614541 2105443 0
0 9368610 6194770 0
0 4575594 9543271 0
0 463405 7973925 0
0 7051763 7304395 0
0 5421888 1760289 0
0 2530622 3398834 0
0 5632935 8050379 0
0 6015592 6297344 0
0 2678381 5369451 0
0 9906100 1773042 0
0 5553518 8195646 0
0 721700 9058955 0
0 8250511 219183 0
0 8155093 7920348 0
0 3096774 285985 0
0 25790 2465383 0
0 8997107 7117735 0
0 4525005 1976863 0
0 5091659 1576767 0
0 9281257 3029899 0
0 3337055 4328230 0
0 6428732 8969989 0
0 2378608 4960676 0
0 7783684 7573340 0
0 330126 206135 0
0 9346381 8399995 0
0 918133 2584432 0
0 9975302 9168643 0
0 5319967 646746 0
0 7088990 8416740 0
0 932730 7114779 0
0 882122 2446188 0
0 4232513 5407126 0
0 4423050 1840524 0
0 9500244 6220658 0
0 4870422 2837298 0
0 548887 3815505 0
0 4323639 5443846 0
0 8776180 4623674 0
0 3017185 1622658 0
0 4829809 4879918 0
0 22652 5747941 0
0 9980701 9997953 0
0 7432935 5300667 0
0 644698 4521925 0
0 3717406 4093780 0
0 1636703 4599527 0
0 9056319 8385568 0
0 2523004 5995721 0
0 2742443 4539599 0
0 2216378 7612864 0
0 9893249 5281617 0
0 3944720 4216887 0
0 725462 2720900 0
0 1356912 6258999 0
0 4343557 8703072 0
0 1138916 6882560 0
0 6967364 1119616 0
0 9396865 4400299 0
0 6420283 41562 0
0 8922223 2654040 0
0 6651693 3075277 0
0 9769919 5708012 0
0 1460844 2292922 0
0 4220084 4203286 0
0 9348873 6436461 0
0 4332501 9242121 0
0 1718077 8277221 0
0 5975359 4959891 0
0 3514472 7332270 0
0 1218889 374380 0
0 6035342 4874156 0
0 9773291 3002705 0
0 8510123 9170155 0
0 7403003 7446757 0
0 9211717 8841577 0
0 100797 8379761 0
0 1916854 9870715 0
0 6604124 5894049 0
0 4679988 824207 0
0 2613687 4028860 0
0 9777020 6946187 0
0 3270980 4011448 0
0 7739759 9246338 0
0 8971338 3770582 0
0 9094960 2706578 0
0 6661313 7646653 0
0 97085 6434604 0
0 649357 8607208 0
0 5604758 568712 0
0 6053964 7332826 0
0 1926640 8671112 0
0 5712587 3843493 0
0 8541826 4833062 0
0 2253894 5738166 0
0 5657269 4867580 0
0 9767025 7950640 0
0 4330118 5554357 0
0 1962087 4586229 0
0 7317046 3449777 0
0 8356810 6412005 0
0 8672706 5018123 0
0 6575009 8769791 0
0 1452726 7224366 0
0 7376998 9573835 0
0 309429 5947313 0
0 6906661 2236068 0
0 4618425 2619247 0
0 8595913 5676602 0
0 9968660 849806 0
0 1414767 8142280 0
0 5717385 3698144 0
0 6092919 2563854 0
0 1768852 571358 0
0 7150082 9085897 0
0 4021134 5506892 0
0 8014254 2693839 0
0 3041366 4589262 0
0 3979981 7010443 0
0 4329979 1356978 0
0 6584277 7155759 0
0 7304291 3490937 0
0 1908179 1922715 0
0 8626535 3020443 0
0 7599316 8595195 0
0 3870248 1530435 0
0 9253826 2103984 0
0 5228578 5346745 0
0 4667837 6997429 0
0 8434454 4334271 0
0 8599677 2455587 0
0 9841162 6613930 0
0 7665777 5398879 0
0 3719544 1645758 0
0 2409321 565874 0
0 5519087 1509949 0
0 7721633 2823377 0
0 5000886 9629811 0
0 7262443 6143772 0
0 2650253 7378111 0
0 4738966 9036852 0
0 8908545 6509144 0
0 3657187 6653474 0
0 1855888 841375 0
0 6167254 290341 0
0 5175645 4766930 0
0 5262279 7533158 0
0 3897212 5444407 0
0 2932036 133107 0
0 9606516 7857708 0
0 698980 5125603 0
0 9367657 8420612 0
0 465331 4368542 0
0 566774 244126 0
0 3028665 5733378 0
0 7622236 7767631 0
0 4770229 9047132 0
0 4276774 943767 0
0 8216957 8649013 0
0 1785142 4384210 0
0 1455705 6960786 0
0 1667491 6717983 0
0 4493944 8081054 0
0 4678741 7425979 0
0 8214160 4285257 0
0 7800039 8913140 0
0 1927211 7167695 0
0 9850103 2392541 0
0 4052588 416877 0
0 5153018 7081252 0
0 8666606 2775253 0
0 7365234 3436835 0
0 4338736 4158359 0
0 4380601 5072044 0
0 2807371 6165742 0
0 1972605 6779427 0
0 5642880 3640096 0
0 3497409 136823 0
0 4237501 692502 0
0 79153 2451661 0
0 4977758 7879191 0
0 3881152 9421320 0
0 7563237 6247606 0
0 1813860 1615824 0
0 6664482 6966878 0
0 8697076 5331088 0
0 2258482 6062309 0
0 1284274 9113570 0
0 220668 8181226 0
0 4185613 3028038 0
0 6863320 8674570 0
0 9807465 2506199 0
0 4831017 5821225 0
0 5159373 9068517 0
0 9030078 7754877 0
0 4036529 6524187 0
0 8150420 7917680 0
0 5945506 5713656 0
0 4165286 7759366 0
0 7329480 3346119 0
0 7242595 6026555 0
0 1193558 2017428 0
0 2088863 4994183 0
0 1130997 4825882 0
0 5691761 7832962 0
0 7853920 2555080 0
0 6507531 177736 0
0 7577630 1338547 0
0 8515312 5253354 0
0 2923415 7545390 0
0 3008230 6959944 0
0 4069576 3675001 0
0 7393975 2531434 0
0 9388657 4075612 0
0 290799 6718136 0
0 7421731 49745 0
0 5261042 1131640 0
0 2067172 9866256 0
0 8642175 5714521 0
0 4692138 4333935 0
0 3547482 5062409 0
0 9405366 2571364 0
0 5240144 6982995 0
0 6426262 6271807 0
0 4752700 9349676 0
0 6333548 277281 0
0 6309619 2919476 0
0 3952282 3703594 0
0 5450909 3340938 0
0 7779205 8258059 0
0 2575425 7717287 0
0 8307803 7836466 0
0 1365279 2891326 0
0 7702721 7453 0
0 8605846 2394858 0
0 6857739 4669679 0
0 7457266 6263104 0
0 9757394 5213761 0
0 5762450 6183655 0
0 4001920 3031501 0
0 8049683 2851819 0
0 3308781 6875653 0
0 5771294 7261062 0
0 579246 3738554 0
0 601999 874803 0
0 4512964 3177423 0
0 1108441 2820766 0
0 3530240 2473719 0
0 8228444 1232961 0
0 4997523 9350641 0
0 6144170 4371613 0
0 6536672 3601436 0
0 3151068 6294065 0
0 1331548 1429869 0
0 4994072 5333467 0
