98
78
53 33
7 13
93 62
54 46
17 61
87 55
44 46
69 87
23 66
22 58
72 82
37 70
51 70
69 14
80 21
24 52
62 74
11 81
60 44
78 21
66 19
47 41
13 46
31 73
98 82
44 3
22 91
17 25
98 31
77 56
4 22
63 64
63 39
42 16
21 90
54 4
32 71
4 88
73 39
91 89
77 27
49 37
72 8
25 73
79 66
15 82
60 66
32 50
10 33
75 30
8 76
58 82
81 56
90 18
33 42
37 39
21 13
25 35
10 88
55 13
17 14
73 66
54 83
47 37
61 45
76 9
56 93
64 57
96 37
62 49
28 82
82 18
19 15
8 58
80 97
95 88
89 1
24 35
315
68 36 22
65 4 78
61 24 81
40 91 82
97 3 18
82 56 23
59 37 65
6 88 83
29 13 9
32 10 67
65 53 23
57 81 77
76 21 35
28 21 25
75 60 63
75 76 11
12 48 99
16 48 98
47 51 56
70 58 87
11 87 26
13 52 93
36 15 30
64 47 16
7 49 26
23 71 21
38 80 66
9 41 95
65 51 55
59 64 91
43 3 88
22 23 61
30 64 96
90 39 49
82 79 50
52 81 75
47 1 46
91 34 59
41 69 63
76 58 49
45 12 21
79 34 9
5 64 71
93 36 51
23 66 80
83 43 18
22 8 16
73 30 6
18 72 71
42 8 2
41 81 13
33 42 59
89 56 2
37 22 8
77 14 37
64 12 26
61 50 36
58 73 16
44 48 12
13 75 60
68 69 44
24 49 13
29 50 70
61 65 90
35 32 59
53 60 67
51 97 23
50 54 81
95 92 24
83 18 60
34 52 49
52 44 52
63 79 45
64 18 87
31 76 87
80 2 44
12 82 75
75 13 91
11 88 80
51 75 50
37 35 18
43 90 84
84 39 19
87 79 29
83 92 93
35 9 88
39 5 33
32 90 33
67 65 87
24 27 45
78 33 70
65 22 5
48 86 46
97 55 21
83 66 39
29 45 32
80 32 46
92 22 21
96 36 79
10 98 88
49 92 69
28 82 11
25 37 98
94 22 51
54 9 82
58 83 53
15 93 45
25 23 7
31 70 97
93 20 95
93 37 47
63 22 7
69 97 12
96 9 10
59 28 15
3 86 30
60 66 74
87 62 96
23 36 37
72 74 64
90 42 80
12 51 34
84 50 94
92 14 88
54 50 78
6 3 22
45 10 60
70 2 33
46 92 75
75 65 4
90 26 11
78 24 24
75 3 39
88 52 49
9 61 99
38 24 84
29 53 86
29 28 9
68 24 57
27 18 11
70 44 52
73 11 75
62 51 7
19 83 29
54 94 61
15 59 51
26 86 28
54 68 32
88 21 37
51 46 28
62 35 52
55 68 90
86 27 30
94 67 67
93 61 60
27 1 2
26 73 31
60 75 62
18 48 79
59 16 82
16 82 11
75 3 78
28 49 8
60 93 99
98 36 11
62 27 50
33 47 2
34 75 52
77 72 63
25 90 51
37 75 86
20 81 5
13 44 21
91 12 21
7 66 96
60 45 78
24 72 86
20 77 61
39 8 37
13 7 59
45 34 20
11 89 27
65 51 1
88 30 65
46 21 51
96 58 11
53 23 27
40 8 42
34 81 23
51 38 20
90 62 88
83 88 78
91 81 14
56 53 17
16 2 12
24 14 22
69 13 11
24 98 10
72 47 86
84 70 32
13 58 26
43 71 17
82 77 4
90 70 51
52 20 62
37 23 29
5 34 83
65 17 83
94 83 76
29 77 11
2 62 64
44 29 74
60 26 14
34 92 35
4 59 51
63 35 6
32 74 98
54 66 71
26 10 72
93 52 96
87 79 98
4 97 88
5 16 25
91 93 14
21 74 42
31 12 46
52 18 93
33 12 40
5 51 45
76 3 61
10 53 70
57 75 86
96 69 7
34 72 5
12 66 61
7 97 34
68 78 41
82 6 22
12 92 91
38 6 59
42 88 36
13 42 93
70 1 27
9 21 63
25 31 3
38 22 85
61 93 40
40 6 16
18 23 65
76 27 7
11 61 61
91 10 95
34 74 85
42 19 34
46 86 71
26 42 29
84 27 34
11 85 20
86 14 34
88 39 6
36 8 86
14 10 16
70 19 39
44 66 59
94 2 37
11 73 18
46 64 48
2 64 27
88 91 49
98 9 95
16 8 30
60 92 13
88 43 28
55 42 68
93 8 79
85 74 5
13 32 66
69 46 97
55 31 83
79 84 21
77 19 64
42 35 25
15 68 61
15 78 17
20 91 4
68 89 29
23 35 9
9 20 77
70 75 71
23 29 78
6 13 60
54 16 9
23 49 1
14 43 19
9 1 70
25 91 2
73 20 74
66 40 51
45 66 11
49 65 36
81 55 68
30 23 82
80 75 29
7 30 56
79 61 92
92 62 14
44 69 53
51 4 11
54 33 6
42 65 61
39 95 85
89 58 87
36 15 61
32 37 36
23 49 60
