dfs 0
1 0
2 0
3 0
4 0
cont 0
0 1  0 1
1 0  1 0
	tell t -- 0 1  0 1  (1 0) 1 3 --> -1 -1 3
set 1 - 3
	tell t -- 0 1  0 1  (1 0) 2 2 --> -2 -2 2
set 2 - 3
dfs 0 fin -- (0 1  0 1) 3, (0 1  0 1) 3
whole!
0 1  0 1
1 3  2 2
1 0  1 0
----------
dfs 1
2 1
3 1
4 1
cont 1
0 1  0 1
1 3  2 2
1 0  1 0
	tell t -- 0 1  0 1  (1 3) 3 2 --> -3 -3 -7
forward
	tell t -- 1 3  2 2  (1 0) 3 2 --> -7 -2 2
set 1 - 3
	tell t -- 1 3  2 2  (1 0) 4 1 --> -11 -6 1
set 2 - 3
dfs 1 fin -- (1 3  2 2) 3, (1 3  2 2) 3
whole!
0 1  0 1
1 3  2 2
3 2  4 1
1 0  1 0
----------
dfs 2
3 2
4 2
cont 2
0 1  0 1
1 3  2 2
3 2  4 1
1 0  1 0
	tell t -- 0 1  0 1  (1 3) 2 6 --> -2 -2 0
forward
	tell t -- 1 3  2 2  (3 2) 2 6 --> 0 8 14
set 1 - 0
	tell t -- 1 3  2 2  (3 2) 4 4 --> -8 0 4
set 2 - 2
dfs 2 fin -- (1 3  2 2) 0, (1 3  2 2) 2
0 1  0 1
1 3  2 2
3 2  4 1
1 0  1 0
----------
dfs 3
4 3
cont 3
0 1  0 1
1 3  2 2
3 2  4 1
1 0  1 0
	tell t -- 0 1  0 1  (1 3) 3 8 --> -3 -3 -1
forward
	tell t -- 1 3  2 2  (3 2) 3 8 --> -1 10 18
set 1 - 1
	tell t -- 1 3  2 2  (3 2) 5 7 --> -8 4 11
set 2 - 1
dfs 3 fin -- (1 3  2 2) 1, (1 3  2 2) 1
0 1  0 1
1 3  2 2
3 2  4 1
1 0  1 0
----------
dfs 4
cont 4
0 1  0 1
1 3  2 2
3 2  4 1
1 0  1 0
	tell t -- 0 1  0 1  (1 3) 6 7 --> -6 -6 -11
forward
	tell t -- 1 3  2 2  (3 2) 6 7 --> -11 2 9
set 1 - 1
	tell t -- 1 3  2 2  (3 2) 7 3 --> -18 -8 -5
forward
	tell t -- 3 2  4 1  (1 0) 7 3 --> -5 5 3
set 2 - 1
dfs 4 fin -- (1 3  2 2) 1, (3 2  4 1) 1
part
0 1  0 1
1 3  2 2
1 0  1 0
----------
2
