3421 15
27899
932
31831
9833
19749
1480
16972
21161
9283
27156
24759
31925
24695
10160
28021
12551
12833
27665
25718
11995
607
18285
29286
6209
13008
32114
21132
26736
2718
20023
17394
9309
29883
19315
22982
31116
29546
3565
11008
16166
27906
24371
9541
3405
13806
11151
1803
24236
31737
20535
17663
28754
30409
6596
24227
21440
424
1765
26172
26432
651
9045
16363
10361
16972
3850
23578
5441
6715
1456
28953
3762
6869
31317
30729
29312
4051
7014
28922
24201
1383
21210
12880
21166
12994
5805
18283
9442
28121
7568
8839
31616
3177
19423
9696
16866
22072
27859
18458
19247
27807
3065
22497
6004
19269
738
8909
28407
17965
3868
904
18376
10483
1122
6962
10648
23378
28432
14852
974
12010
15066
15156
10712
14912
12732
22553
27071
25863
26420
13968
28927
2462
25520
13982
29589
20441
9282
17239
18777
9476
17051
11006
30094
29989
22839
17005
19640
2434
30677
22455
11437
12387
15402
14349
31471
4633
25302
19678
23865
22335
25751
5186
24664
1088
29629
30873
316
11802
28126
19311
19535
27745
5578
26532
1798
11398
10689
16073
6069
19033
10724
21964
8103
4557
25322
29912
31598
3579
4372
3703
7544
18794
12131
8698
30435
25486
18184
7450
25234
8078
21276
223
18049
20555
3217
19905
24405
17821
12905
31502
27192
7903
8741
32139
8419
9903
21633
8542
15356
7151
4702
15147
28579
3087
30208
29822
5704
8847
3193
14185
32191
4543
11109
32110
2710
30922
20184
1438
9638
27378
5013
13827
10216
31773
8577
11324
14474
30353
6743
16743
20802
7676
24732
1348
23779
9143
19158
29846
9262
12363
5881
28365
31978
9781
12834
12003
28471
486
10375
19332
17695
31502
20910
625
14446
19226
3294
21286
12995
15611
8660
11451
21480
27178
6582
13064
12895
18665
9293
24332
2621
28619
23918
32400
20028
12918
1721
22279
20235
31656
2439
28601
27880
2168
21789
18208
1905
26847
27942
30610
8119
26998
15456
3873
24725
19073
32661
7872
320
26669
23757
17575
13854
14358
31426
13816
9180
16396
11412
2978
2235
27159
1470
22149
4138
22968
27209
16088
1178
9842
28479
13000
21390
8073
8035
26722
6129
32010
30751
14003
7853
8715
12990
2606
6521
21556
11739
30798
29682
3199
2841
13948
32494
17723
21781
30770
26125
26967
16793
30817
9105
18653
25619
12816
26223
14013
25669
3142
7845
13260
3389
32043
9167
19212
18568
26730
10741
814
22947
15577
30888
2389
28082
5468
6221
31005
21364
24839
27064
26076
28535
22146
23549
2344
16520
14002
13442
15001
2158
8853
7513
5327
27864
2158
28109
27575
9363
27683
24891
30731
1280
3811
12324
23576
966
14859
16255
26052
196
12619
23124
12751
27722
4101
10630
5209
7560
5621
24049
27301
27974
10007
16564
14876
26838
709
7632
16533
12615
30240
15603
22995
23260
3506
23694
24143
24764
2642
25389
24376
235
7495
15112
25529
5241
12208
3029
2938
14330
14627
18145
14953
22582
27028
14687
12730
30497
10872
6400
14892
15629
15147
16068
17295
10782
27791
1039
7555
31742
16375
30207
11650
7123
27971
21245
17953
10350
5196
1682
914
28869
7554
6012
20846
29348
3539
15362
32177
12703
20943
2180
32007
31307
17418
27734
17478
26030
29378
28879
23355
12531
26818
28316
3241
15714
32134
11610
22415
19600
28832
8549
1450
19667
21595
15338
2875
18937
2973
324
5130
22074
24338
22917
25003
32618
28038
20306
24320
9332
31635
12533
3327
16131
26237
18349
11445
30082
15962
6472
19083
2375
19318
26612
3785
29963
757
25683
30552
20382
11962
17869
24268
18136
19592
15658
29858
18131
26727
30048
2757
8535
30282
5801
23639
18838
28398
32729
12719
30746
13317
10735
1438
19195
32660
27114
4087
13909
25242
1246
22862
22777
5874
19014
15359
2403
10362
10396
30323
12013
14709
28711
12958
15170
26158
14357
9932
22548
3039
6601
13214
7442
30416
13942
9039
25108
15299
15085
28220
409
16528
21939
10404
8052
14349
21335
32172
18370
5424
21762
23462
31263
14712
21840
13714
29978
25224
28510
32229
21990
6934
7205
16010
24658
13059
23046
29223
762
715
29349
673
27583
32288
21243
4322
16502
22994
10663
27098
20445
18674
16261
19651
20179
5431
16002
26282
30152
5792
23215
10027
4722
20059
4500
21116
25025
10470
29638
29869
17942
11124
11452
6701
11696
4242
15582
29073
15718
6154
6623
14993
5020
3592
10573
9811
14192
19835
18790
3309
2100
16830
23598
7205
16673
11128
2238
25466
25929
11457
9951
24937
10190
24710
2263
30185
9298
302
6019
24120
31662
25213
29862
7641
10471
17081
6017
30942
8798
14092
6052
25443
6982
14122
6659
2651
31067
3123
5196
22927
21201
9947
23160
8931
2187
8392
10913
19163
20622
27964
11027
7775
17589
31987
3749
13755
18854
22863
21322
2282
25092
31410
20195
6420
16871
24107
32343
21333
13961
7766
19174
4288
13890
4989
14778
22436
11446
16131
14783
16909
22349
1539
949
11662
17891
32564
16516
6206
21441
22544
27087
20225
11468
5429
6347
20745
13053
12811
14162
3228
22545
25511
18227
22807
16258
751
13261
21043
15541
25087
25052
30855
373
4300
29074
15182
4256
21767
26346
20331
18720
22853
11321
30634
7453
22364
8965
8777
18801
16912
14107
32695
8541
12783
10204
30363
17018
6521
31704
6424
17650
1156
21150
32591
15343
26335
2257
11046
6740
15926
25215
22856
20396
2869
12207
25454
12639
26096
7993
6108
1068
12675
13275
10798
14803
13045
3976
8532
14098
3939
2307
26332
13779
30042
16301
23407
6052
30084
8604
5279
15463
20103
6124
10208
12619
12330
19802
9939
19451
14778
17166
12491
1557
14252
10169
15754
11485
25731
9440
1355
14643
12532
5752
10758
25538
22344
24754
1519
18811
15875
22552
17215
13378
28099
28633
8504
23526
7786
8801
2659
13143
8063
18477
24605
5651
8146
20702
8017
27106
6239
4748
17031
2243
24181
9052
1310
1830
8472
29013
27605
10843
21923
3183
13969
9035
22450
22253
8026
24934
16446
4077
2726
4572
14346
27710
3290
7952
18750
12657
26894
17482
29778
1843
27920
2475
3118
29402
20140
15463
7568
12605
28203
14126
26029
25289
8730
3819
7195
15825
28749
30641
5102
15142
22563
30194
30754
28904
4618
12275
10041
3995
26694
29564
29220
13693
3311
17364
16999
3095
4409
1005
27513
25619
25081
4315
11113
17229
28004
24714
7879
6445
22041
30897
11202
3379
22370
20994
10382
7123
16054
31652
16649
30084
7811
4834
24477
21524
7723
25381
7528
14910
2892
16927
32154
20862
4165
31818
30751
23076
13302
26001
6015
25000
1735
25164
11778
13117
8427
31858
26135
13992
21990
22794
12790
12627
16716
8675
24197
7581
4300
14213
19832
3189
12142
16231
6845
17703
13849
25187
12567
6005
17752
20326
4617
5098
11357
22124
21749
7787
327
12204
8581
3855
3744
17167
10570
21809
14890
999
25763
20675
18651
13534
5857
21988
9254
10284
23976
3765
1148
20494
20376
12137
9491
13171
28205
12444
25830
6904
28388
998
30973
2582
8096
30383
5102
22682
27211
14149
9892
86
15296
12331
7775
29463
20969
11701
17404
3287
13604
465
8311
30259
24812
6696
2734
2847
24501
15462
16999
6616
24087
23765
15509
3610
31023
17201
1239
23700
19523
29112
22594
17049
420
640
23904
11800
27353
28429
7544
25038
25593
30243
8976
10682
1625
5081
25009
13265
28263
16367
19178
24820
6358
26209
13463
8735
6908
20028
29796
13795
14968
25265
21644
23062
10263
4712
17895
17865
25081
14615
29475
32634
239
18258
6481
25483
29992
7333
18852
28403
30221
18400
30838
8756
10601
8626
32140
4237
17869
30073
27035
28528
13363
11353
21771
14902
29921
11915
3066
15890
19344
28408
15236
8771
30414
21767
1090
16526
30369
30899
5648
25068
9837
25824
14612
13184
11799
21487
26620
1995
3691
6800
24454
14371
19643
13527
18246
14945
457
10643
22436
16091
20456
14299
8484
27282
1117
745
22762
428
26635
12332
20093
5668
848
11160
28363
3776
22826
1601
30829
6723
23966
9000
17709
25316
11098
9812
19653
5632
15513
23077
17642
5132
11079
32486
649
23757
15461
14497
81
3019
15024
3895
11889
30979
25725
13487
28579
20956
28904
1487
26473
15964
28717
30953
32150
26268
2902
28408
15121
27769
26391
6892
25558
11661
11766
29505
29245
24926
1454
25046
22399
26580
29654
9725
9590
23537
30142
7374
1444
16060
20378
25538
8567
20094
22242
2429
24523
24113
15352
16618
7089
16694
5900
19085
14447
8006
15421
2069
14024
17579
6912
28209
12157
17072
11462
18597
22291
29782
14041
1181
28375
15176
25479
30017
18208
2321
30339
18057
14036
2189
8328
4691
11309
31645
13887
19379
15037
8479
20067
29834
19120
14110
2851
20826
19794
27973
4808
3928
6865
23450
31639
4291
23875
20841
12025
21365
11498
4221
2009
9656
16823
18582
12366
7514
24078
26392
634
1284
22217
3841
28850
13255
23679
19741
14558
760
27142
23677
26403
22078
31798
3877
27584
27113
30448
12037
18486
23429
23391
27435
6060
8367
13182
9526
30353
24616
22235
13070
3459
24872
27802
26834
17264
1269
20156
32530
23291
32435
12962
10559
32545
15742
15052
28767
796
15542
21991
9733
22919
11930
3847
897
1732
13593
13105
18772
4763
7396
28700
29415
15651
20168
20536
21116
31462
27451
14320
10596
31808
17461
18476
4210
17416
10561
18971
17585
4466
14803
2095
11346
8500
12764
14441
10216
2536
25756
23510
984
14258
22967
14170
7690
19234
16524
18860
5093
24412
11714
25250
3195
31606
22307
16303
29440
13089
16814
20906
13697
14988
5607
4048
23506
29061
3698
31757
2761
10722
13536
15479
18345
11551
24777
28187
4065
17736
11547
5373
6391
19737
22449
19802
19647
2917
16168
8752
21968
23988
29422
11521
20536
30256
2459
25299
29295
12482
12677
12923
17034
17272
12174
22555
11185
20010
16449
2538
2003
3421
3870
25139
29080
13415
14385
10913
29336
13012
2026
27833
25034
26889
27944
27560
1599
4135
20887
27455
21008
22834
19516
26684
18837
1907
25166
9675
27351
2586
19016
13388
10568
22824
25916
21847
20914
6540
25194
24829
27246
19596
16657
4177
25558
3687
9349
20776
11516
10297
11906
1820
157
31006
21440
24023
32336
31386
24263
4238
25603
25657
5381
19147
31656
12914
12830
1648
4396
5329
11651
2809
1193
1878
32326
29185
19676
6936
20781
21767
32217
12845
25861
2163
10237
13006
312
2004
8997
30135
15010
30572
6685
29645
31393
24302
27228
30467
31851
390
11246
21118
13477
30490
30129
26104
22321
27344
12740
28770
28487
8912
5693
30157
15815
13643
5658
15498
20941
3772
24187
9616
3974
11629
13326
25631
6467
13885
17610
22691
20172
18082
16864
4827
22263
10218
21998
16186
26489
18374
19318
910
16123
6664
30608
3807
1393
18348
15579
24730
1703
20245
15033
2799
31516
31130
31932
29815
21268
19009
15963
23834
14313
18890
5866
10800
14242
21488
8649
15846
20166
18923
30427
24035
17523
20025
1849
27948
3242
28062
12840
32069
9453
22890
9801
31386
7948
5882
25360
30749
20028
18561
28279
24111
19049
29449
4852
196
15821
26036
14760
24770
12482
9800
13529
7339
18388
1770
3746
21628
10267
18730
12265
1237
30152
29248
29586
7513
8445
13461
31218
22104
29922
4742
20615
2476
7413
7780
16870
4832
5281
31679
25076
31384
13587
1508
10841
28972
21833
16292
15154
23703
12395
28759
5126
32144
1631
4641
22780
28662
10904
30068
30795
2673
29998
15830
17393
24919
18996
7141
21416
28876
11078
26776
17174
12846
1889
1479
8260
8368
15607
10222
7761
28996
579
27950
24680
447
10203
26004
28911
17207
27012
28830
14593
9136
16713
5115
3103
15096
28879
12179
7202
16080
13539
12999
26996
588
22357
14074
896
1149
4873
9040
11623
21069
32331
15797
15093
16297
28515
19746
14803
15334
3945
12571
15102
17757
3931
4733
20599
16473
13165
4470
4925
13620
10400
5333
17784
14780
22678
7812
25847
2523
12197
18770
16860
4984
2346
21494
28054
31128
13856
23889
5648
21193
20977
13812
8488
9920
22923
27362
7267
28481
14519
28055
21727
8255
16806
32073
11145
31557
17101
13677
31119
12820
12020
25981
6425
7310
2953
5625
26164
1490
6457
24236
19470
21673
27330
29232
12905
4897
24066
692
24394
6519
11092
25597
8433
24634
32541
3755
21518
15790
20898
26814
6706
4719
28957
30552
21636
10582
29199
24004
14005
20128
31191
19896
1590
25165
6020
19671
22952
27079
7912
29562
27796
25796
14829
2224
23388
26989
9261
8068
23409
19392
17596
6526
17351
21555
6728
12908
31110
18842
11621
31073
5379
21066
32034
23295
21230
28799
6624
8434
9677
7675
25188
2749
31656
19184
5930
25529
3078
17440
14332
14938
16921
17475
24516
7349
5942
13481
4767
32319
29064
24864
12850
10968
23300
8984
3137
27400
9375
18437
14205
15752
18879
14085
12958
18948
10224
6595
31154
28959
24281
3227
1461
7608
27758
6655
27233
15211
22887
1305
1607
30299
2544
10161
31007
10287
1698
26450
21597
5723
20914
1448
14853
26017
7272
20525
23999
26327
28883
29445
7214
8426
9148
29477
7294
15395
8920
5051
12348
12969
29505
10954
25963
27208
29735
10517
32468
7024
14787
22847
18077
10625
5261
6704
28445
20549
6319
6331
30191
19134
14777
19581
15685
22307
20118
15368
20351
15397
4543
19521
253
13174
29102
7942
25649
23948
17814
17684
17400
8867
14929
18216
6186
9473
2970
19045
10351
10365
23932
21494
20821
4930
18954
28660
8096
27601
30545
16266
13794
30789
18827
12887
12363
25307
1430
28435
31425
1969
30628
12150
19763
20430
29235
4949
16939
15715
14656
12047
15267
3408
11703
22823
2586
4586
19759
31538
2535
11004
22996
27124
10956
32524
16036
2246
5582
23007
991
15418
25924
21567
26552
28674
9007
10491
28497
13326
457
23344
998
13557
609
4551
28745
5014
32357
19519
21134
24575
18113
21676
22023
15246
19815
4864
18803
26197
3375
9610
25970
15299
9186
25276
22332
25217
21137
10289
25491
13211
22572
6895
13814
7392
23120
15593
12312
651
20575
31688
19856
25635
9430
7402
28626
18591
219
10923
9822
13774
30230
18148
18231
14070
31426
1714
27543
14012
27652
15225
9441
12355
2683
19752
32215
31640
9496
2494
7181
14670
26160
3597
5533
8549
30415
11197
20253
14705
27728
28821
30158
13815
13354
13046
27158
2843
29197
18344
11825
28792
1070
17626
11555
23632
8671
30307
28145
14821
18530
26446
1808
24358
27135
9366
26142
1422
4948
7470
16336
19018
31469
17220
15404
31130
12052
21191
13048
10617
21994
24871
3186
26496
13239
6748
6721
32264
27519
20265
31916
5263
11734
14498
26634
12125
18932
5356
24185
21094
21772
324
12755
19315
23514
13634
25054
26493
21116
863
10947
5977
13954
17078
22466
18331
5960
1543
11811
28596
30852
17409
1136
7261
17179
21697
23009
31033
14393
26774
536
7605
6816
23559
14606
8500
576
3351
13134
14953
3592
5575
32353
28163
26621
4061
17801
4240
20361
17892
20146
8091
7701
30068
17317
13848
31194
1715
7039
8195
10995
23836
14433
20803
18103
9599
3434
17364
9543
17737
24802
293
21859
20230
32440
23231
642
8228
28463
5672
289
3066
1492
4103
30043
14345
23731
6792
18362
3457
4042
6914
23629
25607
19646
10968
16378
18869
2765
16285
16406
3170
32516
7803
8243
26660
8370
7893
25145
32532
21020
43
21689
32337
370
22334
23421
5192
22018
22133
9828
7218
15788
30080
19053
8925
28310
15419
28945
10416
12577
13525
4566
17642
1563
18737
27169
3626
32054
3980
10059
27700
20408
19041
30456
14066
4981
8073
29092
18105
6650
19111
4991
22990
20492
20163
14203
29481
12625
27445
18595
5752
9292
22469
7598
1383
21135
3088
13012
25119
20779
5678
13792
23308
11628
17553
6279
17380
12739
10032
7416
16357
30468
11237
4276
24926
5585
23060
10656
25200
3158
29070
14680
23318
11320
28853
10951
6243
9415
17888
32245
30987
32123
12289
13855
29477
5278
4741
28173
10031
30278
16507
1696
9299
8070
761
9131
16872
485
24251
27395
12860
23311
23822
14810
12945
13515
23532
17480
31845
8493
10601
21291
23543
1805
28238
5169
4102
4792
11267
12339
22236
7908
20914
7109
19595
10730
11433
22027
32375
11055
14336
2510
22548
23779
3964
17614
19697
19951
2484
14682
25590
20520
15730
15903
2026
5833
30300
62
16695
6432
23764
7073
15602
3463
21788
3470
17686
4246
22974
13692
3600
19607
21803
22566
32129
13626
16034
22751
20031
11147
32339
7461
13725
7712
23749
20088
28140
31127
373
28269
19009
32064
17600
28926
14201
18454
22786
20772
20091
12788
3840
21416
23485
17669
14723
27701
10
27517
29766
30899
20098
9606
21010
18128
3042
23421
13864
6111
29445
8287
23775
5862
8875
30846
22414
29938
6266
30841
32684
8110
23874
20586
9526
17972
18053
5985
31825
8227
28983
27410
3633
10994
22978
14282
12601
20868
13645
15528
19556
12796
28734
8201
27107
30162
30205
10308
23816
28711
9723
27800
32610
30293
6644
4706
18730
9931
8561
27283
18653
4632
5776
866
15915
31301
28679
574
23568
7272
13415
23047
30273
14454
12958
12669
7625
19289
9152
3577
28916
12098
6663
5723
8812
5697
24856
579
31650
4883
13191
2436
24175
9275
27038
26581
2556
30036
1370
18634
9951
19109
16311
12291
24198
19190
31533
12708
473
7074
16251
3844
795
750
8867
2986
18193
1177
17206
3701
4455
11444
14289
25370
4175
31924
6120
12244
19307
11974
450
29526
31213
17250
16837
7941
1021
3363
32500
8548
13147
11990
4278
29903
22341
16337
25049
1645
24475
2694
1238
2400
13121
6487
23895
2622
17861
1452
758
22213
12353
15683
16712
3530
20867
12744
22810
27507
14700
9894
26362
9638
25494
4380
4858
27841
1337
16019
28080
25740
29264
13615
7809
10604
24055
676
18208
13785
31256
27979
16465
15377
14918
15221
5107
18446
15849
1279
22589
15798
9628
17190
20552
1875
22483
4765
30157
2114
30913
23517
20529
10223
6521
21949
15550
2305
25171
5698
3124
16593
15505
9656
6528
8993
16194
18433
15819
30219
25447
28718
17846
8759
17237
4684
19428
13137
26970
18304
7354
15546
29091
30807
1890
30334
861
343
16406
9863
25883
1498
14235
10768
12408
25884
3083
13148
26877
1426
30424
4007
31301
27261
23566
2397
24926
18368
24280
14986
1395
2030
8006
25489
936
30888
1357
6690
29254
4390
15632
25702
24344
1811
18525
5244
3349
9630
18811
30761
13630
6862
27427
12491
20170
12053
2508
18319
8833
6953
556
20964
11622
28687
18683
14896
5784
17784
12282
193
15482
8785
31796
2310
7442
21398
12675
18175
7599
9575
14167
24818
30159
12893
15027
6496
16703
15646
29048
5431
32132
18479
8934
21065
30330
24586
6496
25085
26171
19313
24943
15428
19522
5633
31242
16079
16337
10506
23061
11392
16783
26270
28455
16670
20598
31464
31120
11596
17900
22463
27035
3772
15664
3707
8720
14496
2552
31752
17405
24673
601
31545
26550
660
8166
4446
26395
5162
15388
18712
7449
21478
27646
12140
15988
20501
16124
10007
12227
29817
25881
1569
31932
13446
77
12725
21681
9681
9512
11312
12379
7877
20153
18808
1239
11671
18862
32143
10222
31613
23228
31080
18841
28699
9282
2553
9924
10558
3881
28049
22867
6861
15118
4972
26979
27389
14755
31109
978
24259
6482
7339
31233
27279
804
11991
28376
15159
28642
1981
21771
19249
14458
929
8860
22534
1443
17516
23970
19459
25284
2303
26184
28722
30738
3783
8728
31369
12281
12689
27770
19552
19390
15776
28791
29993
11106
10237
20419
19803
19657
8463
15099
15791
17948
13675
24363
1679
16235
28909
19603
7115
12183
14344
15019
26767
24687
19290
19812
3986
32281
10628
16305
31631
13748
17208
5958
21497
10043
13716
17823
10731
11948
32430
23109
29022
18538
24688
10829
6814
5344
26022
4385
24575
16232
15701
11907
7115
19563
24654
17870
14976
4809
13572
8831
7480
25723
9627
9717
105
10871
23617
25205
15054
30675
6593
26481
26789
22574
23125
8970
22299
23884
15548
31955
17413
12288
24461
3544
17872
10319
10443
6623
28603
12498
11193
11757
1603
31068
8432
2060
22495
15581
9390
11340
3566
7814
12145
19208
2542
25134
31941
23658
8942
1013
21594
5425
22342
29479
26969
6322
18053
29795
17400
3101
1963
28412
26957
28418
12185
10655
13663
23828
7109
14902
7043
7468
21810
11533
16614
8593
8096
10035
9574
23926
2304
2084
20134
5060
3370
20132
10593
794
8658
17646
5374
4882
16056
14350
19813
26311
13856
16012
10002
30868
29058
21066
20839
8990
26242
16815
4935
15252
22562
15365
13792
8501
14391
32032
4552
26131
15642
23617
29260
29975
32671
16954
17157
22854
13643
19154
15276
2626
23233
5482
32302
25108
25214
2273
23299
8232
15302
3766
12220
7577
17886
2412
5084
5808
892
2611
18409
11687
8828
2500
6851
2738
11220
10381
14644
15680
28618
14862
7111
17021
613
8067
1758
21788
23585
13763
20735
27221
29414
23144
25455
41
24379
19504
10498
8429
25016
27299
24369
16390
23737
6390
32109
21490
5722
18480
9907
20872
22175
27787
22881
27776
13810
25117
20808
16693
12243
1207
20482
19370
19915
32526
16261
20427
32417
5400
25337
5878
28113
28089
2503
9914
28474
8095
30963
21727
21271
1387
32427
23718
13872
7441
25632
22865
8786
30337
12692
18918
4860
30087
30900
561
