

 after 0 : 
  0:    1   1   0   1   1   0   0   0   0   0   0   0   0   0   0   0
  1:    0   0   1   0   0   1   0   0   0   0   0   0   0   0   0   0
  2:    0   1   1   0   1   1   0   0   0   0   0   0   0   0   0   0
  3:    0   0   0   0   0   0   0   0   0   0   0   0   1   1   0   1
  4:    0   0   1   0   0   1   0   0   0   0   0   0   1   1   1   1
  5:    0   1   1   0   1   1   0   0   0   0   0   0   0   1   1   1
  6:    0   0   0   0   0   0   1   1   0   1   1   0   0   0   0   1
  7:    0   0   0   0   0   0   1   1   1   1   1   1   0   0   0   1
  8:    0   0   0   0   0   0   0   1   1   0   1   1   0   0   0   0
  9:    0   0   0   0   0   0   1   1   0   1   1   0   1   1   0   2
 10:    0   0   0   0   0   0   1   1   1   1   1   1   1   1   1   2
 11:    0   0   0   0   0   0   0   1   1   0   1   1   0   1   1   1
 12:    0   0   0   1   1   0   0   0   0   1   1   0   1   1   0   1
 13:    0   0   0   1   1   1   0   0   0   1   1   1   1   1   1   1
 14:    0   0   0   0   1   1   0   0   0   0   1   1   0   1   1   1



 after 1 : 
  0:    1   1   0   1   1   0   0   0   0   0   0   0   0   0   0   0
  1:    0   1   1   0   1   1   0   0   0   0   0   0   0   0   0   0
  2:    0   0   1   0   0   1   0   0   0   0   0   0   0   0   0   0
  3:    0   0   0   0   0   0   0   0   0   0   0   0   1   1   0   1
  4:    0   0   1   0   0   1   0   0   0   0   0   0   1   1   1   1
  5:    0   0   0   0   0   0   0   0   0   0   0   0   0   1   1   1
  6:    0   0   0   0   0   0   1   1   0   1   1   0   0   0   0   1
  7:    0   0   0   0   0   0   1   1   1   1   1   1   0   0   0   1
  8:    0   0   0   0   0   0   0   1   1   0   1   1   0   0   0   0
  9:    0   0   0   0   0   0   1   1   0   1   1   0   1   1   0   2
 10:    0   0   0   0   0   0   1   1   1   1   1   1   1   1   1   2
 11:    0   0   0   0   0   0   0   1   1   0   1   1   0   1   1   1
 12:    0   0   0   1   1   0   0   0   0   1   1   0   1   1   0   1
 13:    0   0   0   1   1   1   0   0   0   1   1   1   1   1   1   1
 14:    0   0   0   0   1   1   0   0   0   0   1   1   0   1   1   1



 after 2 : 
  0:    1   1   0   1   1   0   0   0   0   0   0   0   0   0   0   0
  1:    0   1   1   0   1   1   0   0   0   0   0   0   0   0   0   0
  2:    0   0   1   0   0   1   0   0   0   0   0   0   0   0   0   0
  3:    0   0   0   0   0   0   0   0   0   0   0   0   1   1   0   1
  4:    0   0   0   0   0   0   0   0   0   0   0   0   1   1   1   1
  5:    0   0   0   0   0   0   0   0   0   0   0   0   0   1   1   1
  6:    0   0   0   0   0   0   1   1   0   1   1   0   0   0   0   1
  7:    0   0   0   0   0   0   1   1   1   1   1   1   0   0   0   1
  8:    0   0   0   0   0   0   0   1   1   0   1   1   0   0   0   0
  9:    0   0   0   0   0   0   1   1   0   1   1   0   1   1   0   2
 10:    0   0   0   0   0   0   1   1   1   1   1   1   1   1   1   2
 11:    0   0   0   0   0   0   0   1   1   0   1   1   0   1   1   1
 12:    0   0   0   1   1   0   0   0   0   1   1   0   1   1   0   1
 13:    0   0   0   1   1   1   0   0   0   1   1   1   1   1   1   1
 14:    0   0   0   0   1   1   0   0   0   0   1   1   0   1   1   1



 after 3 : 
  0:    1   1   0   1   1   0   0   0   0   0   0   0   0   0   0   0
  1:    0   1   1   0   1   1   0   0   0   0   0   0   0   0   0   0
  2:    0   0   1   0   0   1   0   0   0   0   0   0   0   0   0   0
  3:    0   0   0   1   1   0   0   0   0   1   1   0   1   1   0   1
  4:    0   0   0   0   0   0   0   0   0   0   0   0   1   1   1   1
  5:    0   0   0   0   0   0   0   0   0   0   0   0   0   1   1   1
  6:    0   0   0   0   0   0   1   1   0   1   1   0   0   0   0   1
  7:    0   0   0   0   0   0   1   1   1   1   1   1   0   0   0   1
  8:    0   0   0   0   0   0   0   1   1   0   1   1   0   0   0   0
  9:    0   0   0   0   0   0   1   1   0   1   1   0   1   1   0   2
 10:    0   0   0   0   0   0   1   1   1   1   1   1   1   1   1   2
 11:    0   0   0   0   0   0   0   1   1   0   1   1   0   1   1   1
 12:    0   0   0   0   0   0   0   0   0   0   0   0   1   1   0   1
 13:    0   0   0   0   0   1   0   0   0   0   0   1   0   0   1   0
 14:    0   0   0   0   1   1   0   0   0   0   1   1   0   1   1   1



 after 4 : 
  0:    1   1   0   1   1   0   0   0   0   0   0   0   0   0   0   0
  1:    0   1   1   0   1   1   0   0   0   0   0   0   0   0   0   0
  2:    0   0   1   0   0   1   0   0   0   0   0   0   0   0   0   0
  3:    0   0   0   1   1   0   0   0   0   1   1   0   1   1   0   1
  4:    0   0   0   0   1   1   0   0   0   0   1   1   0   1   1   1
  5:    0   0   0   0   0   0   0   0   0   0   0   0   0   1   1   1
  6:    0   0   0   0   0   0   1   1   0   1   1   0   0   0   0   1
  7:    0   0   0   0   0   0   1   1   1   1   1   1   0   0   0   1
  8:    0   0   0   0   0   0   0   1   1   0   1   1   0   0   0   0
  9:    0   0   0   0   0   0   1   1   0   1   1   0   1   1   0   2
 10:    0   0   0   0   0   0   1   1   1   1   1   1   1   1   1   2
 11:    0   0   0   0   0   0   0   1   1   0   1   1   0   1   1   1
 12:    0   0   0   0   0   0   0   0   0   0   0   0   1   1   0   1
 13:    0   0   0   0   0   1   0   0   0   0   0   1   0   0   1   0
 14:    0   0   0   0   0   0   0   0   0   0   0   0   1   1   1   1



 after 5 : 
  0:    1   1   0   1   1   0   0   0   0   0   0   0   0   0   0   0
  1:    0   1   1   0   1   1   0   0   0   0   0   0   0   0   0   0
  2:    0   0   1   0   0   1   0   0   0   0   0   0   0   0   0   0
  3:    0   0   0   1   1   0   0   0   0   1   1   0   1   1   0   1
  4:    0   0   0   0   1   1   0   0   0   0   1   1   0   1   1   1
  5:    0   0   0   0   0   1   0   0   0   0   0   1   0   0   1   0
  6:    0   0   0   0   0   0   1   1   0   1   1   0   0   0   0   1
  7:    0   0   0   0   0   0   1   1   1   1   1   1   0   0   0   1
  8:    0   0   0   0   0   0   0   1   1   0   1   1   0   0   0   0
  9:    0   0   0   0   0   0   1   1   0   1   1   0   1   1   0   2
 10:    0   0   0   0   0   0   1   1   1   1   1   1   1   1   1   2
 11:    0   0   0   0   0   0   0   1   1   0   1   1   0   1   1   1
 12:    0   0   0   0   0   0   0   0   0   0   0   0   1   1   0   1
 13:    0   0   0   0   0   0   0   0   0   0   0   0   0   1   1   1
 14:    0   0   0   0   0   0   0   0   0   0   0   0   1   1   1   1



 after 6 : 
  0:    1   1   0   1   1   0   0   0   0   0   0   0   0   0   0   0
  1:    0   1   1   0   1   1   0   0   0   0   0   0   0   0   0   0
  2:    0   0   1   0   0   1   0   0   0   0   0   0   0   0   0   0
  3:    0   0   0   1   1   0   0   0   0   1   1   0   1   1   0   1
  4:    0   0   0   0   1   1   0   0   0   0   1   1   0   1   1   1
  5:    0   0   0   0   0   1   0   0   0   0   0   1   0   0   1   0
  6:    0   0   0   0   0   0   1   1   0   1   1   0   0   0   0   1
  7:    0   0   0   0   0   0   0   0   1   0   0   1   0   0   0   0
  8:    0   0   0   0   0   0   0   1   1   0   1   1   0   0   0   0
  9:    0   0   0   0   0   0   0   0   0   0   0   0   1   1   0   1
 10:    0   0   0   0   0   0   0   0   1   0   0   1   1   1   1   1
 11:    0   0   0   0   0   0   0   1   1   0   1   1   0   1   1   1
 12:    0   0   0   0   0   0   0   0   0   0   0   0   1   1   0   1
 13:    0   0   0   0   0   0   0   0   0   0   0   0   0   1   1   1
 14:    0   0   0   0   0   0   0   0   0   0   0   0   1   1   1   1



 after 7 : 
  0:    1   1   0   1   1   0   0   0   0   0   0   0   0   0   0   0
  1:    0   1   1   0   1   1   0   0   0   0   0   0   0   0   0   0
  2:    0   0   1   0   0   1   0   0   0   0   0   0   0   0   0   0
  3:    0   0   0   1   1   0   0   0   0   1   1   0   1   1   0   1
  4:    0   0   0   0   1   1   0   0   0   0   1   1   0   1   1   1
  5:    0   0   0   0   0   1   0   0   0   0   0   1   0   0   1   0
  6:    0   0   0   0   0   0   1   1   0   1   1   0   0   0   0   1
  7:    0   0   0   0   0   0   0   1   1   0   1   1   0   0   0   0
  8:    0   0   0   0   0   0   0   0   1   0   0   1   0   0   0   0
  9:    0   0   0   0   0   0   0   0   0   0   0   0   1   1   0   1
 10:    0   0   0   0   0   0   0   0   1   0   0   1   1   1   1   1
 11:    0   0   0   0   0   0   0   0   0   0   0   0   0   1   1   1
 12:    0   0   0   0   0   0   0   0   0   0   0   0   1   1   0   1
 13:    0   0   0   0   0   0   0   0   0   0   0   0   0   1   1   1
 14:    0   0   0   0   0   0   0   0   0   0   0   0   1   1   1   1



 after 8 : 
  0:    1   1   0   1   1   0   0   0   0   0   0   0   0   0   0   0
  1:    0   1   1   0   1   1   0   0   0   0   0   0   0   0   0   0
  2:    0   0   1   0   0   1   0   0   0   0   0   0   0   0   0   0
  3:    0   0   0   1   1   0   0   0   0   1   1   0   1   1   0   1
  4:    0   0   0   0   1   1   0   0   0   0   1   1   0   1   1   1
  5:    0   0   0   0   0   1   0   0   0   0   0   1   0   0   1   0
  6:    0   0   0   0   0   0   1   1   0   1   1   0   0   0   0   1
  7:    0   0   0   0   0   0   0   1   1   0   1   1   0   0   0   0
  8:    0   0   0   0   0   0   0   0   1   0   0   1   0   0   0   0
  9:    0   0   0   0   0   0   0   0   0   0   0   0   1   1   0   1
 10:    0   0   0   0   0   0   0   0   0   0   0   0   1   1   1   1
 11:    0   0   0   0   0   0   0   0   0   0   0   0   0   1   1   1
 12:    0   0   0   0   0   0   0   0   0   0   0   0   1   1   0   1
 13:    0   0   0   0   0   0   0   0   0   0   0   0   0   1   1   1
 14:    0   0   0   0   0   0   0   0   0   0   0   0   1   1   1   1



 after 12 : 
  0:    1   1   0   1   1   0   0   0   0   0   0   0   0   0   0   0
  1:    0   1   1   0   1   1   0   0   0   0   0   0   0   0   0   0
  2:    0   0   1   0   0   1   0   0   0   0   0   0   0   0   0   0
  3:    0   0   0   1   1   0   0   0   0   1   1   0   1   1   0   1
  4:    0   0   0   0   1   1   0   0   0   0   1   1   0   1   1   1
  5:    0   0   0   0   0   1   0   0   0   0   0   1   0   0   1   0
  6:    0   0   0   0   0   0   1   1   0   1   1   0   0   0   0   1
  7:    0   0   0   0   0   0   0   1   1   0   1   1   0   0   0   0
  8:    0   0   0   0   0   0   0   0   1   0   0   1   0   0   0   0
  9:    0   0   0   0   0   0   0   0   0   0   0   0   1   1   0   1
 10:    0   0   0   0   0   0   0   0   0   0   0   0   1   1   1   1
 11:    0   0   0   0   0   0   0   0   0   0   0   0   0   1   1   1
 12:    0   0   0   0   0   0   0   0   0   0   0   0   1   1   0   1
 13:    0   0   0   0   0   0   0   0   0   0   0   0   0   1   1   1
 14:    0   0   0   0   0   0   0   0   0   0   0   0   0   0   1   0



 after 13 : 
  0:    1   1   0   1   1   0   0   0   0   0   0   0   0   0   0   0
  1:    0   1   1   0   1   1   0   0   0   0   0   0   0   0   0   0
  2:    0   0   1   0   0   1   0   0   0   0   0   0   0   0   0   0
  3:    0   0   0   1   1   0   0   0   0   1   1   0   1   1   0   1
  4:    0   0   0   0   1   1   0   0   0   0   1   1   0   1   1   1
  5:    0   0   0   0   0   1   0   0   0   0   0   1   0   0   1   0
  6:    0   0   0   0   0   0   1   1   0   1   1   0   0   0   0   1
  7:    0   0   0   0   0   0   0   1   1   0   1   1   0   0   0   0
  8:    0   0   0   0   0   0   0   0   1   0   0   1   0   0   0   0
  9:    0   0   0   0   0   0   0   0   0   0   0   0   1   1   0   1
 10:    0   0   0   0   0   0   0   0   0   0   0   0   1   1   1   1
 11:    0   0   0   0   0   0   0   0   0   0   0   0   0   1   1   1
 12:    0   0   0   0   0   0   0   0   0   0   0   0   1   1   0   1
 13:    0   0   0   0   0   0   0   0   0   0   0   0   0   1   1   1
 14:    0   0   0   0   0   0   0   0   0   0   0   0   0   0   1   0



 after 14 : 
  0:    1   1   0   1   1   0   0   0   0   0   0   0   0   0   0   0
  1:    0   1   1   0   1   1   0   0   0   0   0   0   0   0   0   0
  2:    0   0   1   0   0   1   0   0   0   0   0   0   0   0   0   0
  3:    0   0   0   1   1   0   0   0   0   1   1   0   1   1   0   1
  4:    0   0   0   0   1   1   0   0   0   0   1   1   0   1   1   1
  5:    0   0   0   0   0   1   0   0   0   0   0   1   0   0   1   0
  6:    0   0   0   0   0   0   1   1   0   1   1   0   0   0   0   1
  7:    0   0   0   0   0   0   0   1   1   0   1   1   0   0   0   0
  8:    0   0   0   0   0   0   0   0   1   0   0   1   0   0   0   0
  9:    0   0   0   0   0   0   0   0   0   0   0   0   1   1   0   1
 10:    0   0   0   0   0   0   0   0   0   0   0   0   1   1   1   1
 11:    0   0   0   0   0   0   0   0   0   0   0   0   0   1   1   1
 12:    0   0   0   0   0   0   0   0   0   0   0   0   1   1   0   1
 13:    0   0   0   0   0   0   0   0   0   0   0   0   0   1   1   1
 14:    0   0   0   0   0   0   0   0   0   0   0   0   0   0   1   0

  0:    1   1   0   1   1   0   0   0   0   0   0   0   0   0   0   0
  1:    0   1   1   0   1   1   0   0   0   0   0   0   0   0   0   0
  2:    0   0   1   0   0   1   0   0   0   0   0   0   0   0   0   0
  3:    0   0   0   1   1   0   0   0   0   1   1   0   1   1   0   1
  4:    0   0   0   0   1   1   0   0   0   0   1   1   0   1   1   1
  5:    0   0   0   0   0   1   0   0   0   0   0   1   0   0   1   0
  6:    0   0   0   0   0   0   1   1   0   1   1   0   0   0   0   1
  7:    0   0   0   0   0   0   0   1   1   0   1   1   0   0   0   0
  8:    0   0   0   0   0   0   0   0   1   0   0   1   0   0   0   0
  9:    0   0   0   0   0   0   0   0   0   0   0   0   1   1   0   1
 10:    0   0   0   0   0   0   0   0   0   0   0   0   1   1   1   1
 11:    0   0   0   0   0   0   0   0   0   0   0   0   0   1   1   1
 12:    0   0   0   0   0   0   0   0   0   0   0   0   1   1   0   1
 13:    0   0   0   0   0   0   0   0   0   0   0   0   0   1   1   1
 14:    0   0   0   0   0   0   0   0   0   0   0   0   0   0   1   0

          solve!






         ------------ value 14 = 0
  0:    1   1   0   1   1   0   0   0   0   0   0   0   0   0   0   0
  1:    0   1   1   0   1   1   0   0   0   0   0   0   0   0   0   0
  2:    0   0   1   0   0   1   0   0   0   0   0   0   0   0   0   0
  3:    0   0   0   1   1   0   0   0   0   1   1   0   1   1   0   1
  4:    0   0   0   0   1   1   0   0   0   0   1   1   0   1   1   1
  5:    0   0   0   0   0   1   0   0   0   0   0   1   0   0   1   0
  6:    0   0   0   0   0   0   1   1   0   1   1   0   0   0   0   1
  7:    0   0   0   0   0   0   0   1   1   0   1   1   0   0   0   0
  8:    0   0   0   0   0   0   0   0   1   0   0   1   0   0   0   0
  9:    0   0   0   0   0   0   0   0   0   0   0   0   1   1   0   1
 10:    0   0   0   0   0   0   0   0   0   0   0   0   1   1   1   1
 11:    0   0   0   0   0   0   0   0   0   0   0   0   0   1   1   1
 12:    0   0   0   0   0   0   0   0   0   0   0   0   1   1   0   1
 13:    0   0   0   0   0   0   0   0   0   0   0   0   0   1   1   1
 14:    0   0   0   0   0   0   0   0   0   0   0   0   0   0   1   0

         ------------ value 13 = 1
  0:    1   1   0   1   1   0   0   0   0   0   0   0   0   0   0   0
  1:    0   1   1   0   1   1   0   0   0   0   0   0   0   0   0   0
  2:    0   0   1   0   0   1   0   0   0   0   0   0   0   0   0   0
  3:    0   0   0   1   1   0   0   0   0   1   1   0   1   1   0   0
  4:    0   0   0   0   1   1   0   0   0   0   1   1   0   1   1   0
  5:    0   0   0   0   0   1   0   0   0   0   0   1   0   0   1   0
  6:    0   0   0   0   0   0   1   1   0   1   1   0   0   0   0   1
  7:    0   0   0   0   0   0   0   1   1   0   1   1   0   0   0   0
  8:    0   0   0   0   0   0   0   0   1   0   0   1   0   0   0   0
  9:    0   0   0   0   0   0   0   0   0   0   0   0   1   1   0   0
 10:    0   0   0   0   0   0   0   0   0   0   0   0   1   1   1   0
 11:    0   0   0   0   0   0   0   0   0   0   0   0   0   1   1   0
 12:    0   0   0   0   0   0   0   0   0   0   0   0   1   1   0   0
 13:    0   0   0   0   0   0   0   0   0   0   0   0   0   1   1   1
 14:    0   0   0   0   0   0   0   0   0   0   0   0   0   0   1   0

         ------------ value 12 = 0
  0:    1   1   0   1   1   0   0   0   0   0   0   0   0   0   0   0
  1:    0   1   1   0   1   1   0   0   0   0   0   0   0   0   0   0
  2:    0   0   1   0   0   1   0   0   0   0   0   0   0   0   0   0
  3:    0   0   0   1   1   0   0   0   0   1   1   0   1   1   0   0
  4:    0   0   0   0   1   1   0   0   0   0   1   1   0   1   1   0
  5:    0   0   0   0   0   1   0   0   0   0   0   1   0   0   1   0
  6:    0   0   0   0   0   0   1   1   0   1   1   0   0   0   0   1
  7:    0   0   0   0   0   0   0   1   1   0   1   1   0   0   0   0
  8:    0   0   0   0   0   0   0   0   1   0   0   1   0   0   0   0
  9:    0   0   0   0   0   0   0   0   0   0   0   0   1   1   0   0
 10:    0   0   0   0   0   0   0   0   0   0   0   0   1   1   1   0
 11:    0   0   0   0   0   0   0   0   0   0   0   0   0   1   1   0
 12:    0   0   0   0   0   0   0   0   0   0   0   0   1   1   0   0
 13:    0   0   0   0   0   0   0   0   0   0   0   0   0   1   1   1
 14:    0   0   0   0   0   0   0   0   0   0   0   0   0   0   1   0

         ------------ value 11 = 1
  0:    1   1   0   1   1   0   0   0   0   0   0   0   0   0   0   0
  1:    0   1   1   0   1   1   0   0   0   0   0   0   0   0   0   0
  2:    0   0   1   0   0   1   0   0   0   0   0   0   0   0   0   0
  3:    0   0   0   1   1   0   0   0   0   1   1   0   1   1   0   0
  4:    0   0   0   0   1   1   0   0   0   0   1   1   0   1   1  -1
  5:    0   0   0   0   0   1   0   0   0   0   0   1   0   0   1  -1
  6:    0   0   0   0   0   0   1   1   0   1   1   0   0   0   0   1
  7:    0   0   0   0   0   0   0   1   1   0   1   1   0   0   0  -1
  8:    0   0   0   0   0   0   0   0   1   0   0   1   0   0   0  -1
  9:    0   0   0   0   0   0   0   0   0   0   0   0   1   1   0   0
 10:    0   0   0   0   0   0   0   0   0   0   0   0   1   1   1   0
 11:    0   0   0   0   0   0   0   0   0   0   0   0   0   1   1   0
 12:    0   0   0   0   0   0   0   0   0   0   0   0   1   1   0   0
 13:    0   0   0   0   0   0   0   0   0   0   0   0   0   1   1   1
 14:    0   0   0   0   0   0   0   0   0   0   0   0   0   0   1   0

         ------------ value 10 = 1
  0:    1   1   0   1   1   0   0   0   0   0   0   0   0   0   0   0
  1:    0   1   1   0   1   1   0   0   0   0   0   0   0   0   0   0
  2:    0   0   1   0   0   1   0   0   0   0   0   0   0   0   0   0
  3:    0   0   0   1   1   0   0   0   0   1   1   0   1   1   0  -1
  4:    0   0   0   0   1   1   0   0   0   0   1   1   0   1   1  -2
  5:    0   0   0   0   0   1   0   0   0   0   0   1   0   0   1  -1
  6:    0   0   0   0   0   0   1   1   0   1   1   0   0   0   0   0
  7:    0   0   0   0   0   0   0   1   1   0   1   1   0   0   0  -2
  8:    0   0   0   0   0   0   0   0   1   0   0   1   0   0   0  -1
  9:    0   0   0   0   0   0   0   0   0   0   0   0   1   1   0   0
 10:    0   0   0   0   0   0   0   0   0   0   0   0   1   1   1   0
 11:    0   0   0   0   0   0   0   0   0   0   0   0   0   1   1   0
 12:    0   0   0   0   0   0   0   0   0   0   0   0   1   1   0   0
 13:    0   0   0   0   0   0   0   0   0   0   0   0   0   1   1   1
 14:    0   0   0   0   0   0   0   0   0   0   0   0   0   0   1   0

         ------------ value 9 = 1
  0:    1   1   0   1   1   0   0   0   0   0   0   0   0   0   0   0
  1:    0   1   1   0   1   1   0   0   0   0   0   0   0   0   0   0
  2:    0   0   1   0   0   1   0   0   0   0   0   0   0   0   0   0
  3:    0   0   0   1   1   0   0   0   0   1   1   0   1   1   0  -2
  4:    0   0   0   0   1   1   0   0   0   0   1   1   0   1   1  -2
  5:    0   0   0   0   0   1   0   0   0   0   0   1   0   0   1  -1
  6:    0   0   0   0   0   0   1   1   0   1   1   0   0   0   0  -1
  7:    0   0   0   0   0   0   0   1   1   0   1   1   0   0   0  -2
  8:    0   0   0   0   0   0   0   0   1   0   0   1   0   0   0  -1
  9:    0   0   0   0   0   0   0   0   0   0   0   0   1   1   0   0
 10:    0   0   0   0   0   0   0   0   0   0   0   0   1   1   1   0
 11:    0   0   0   0   0   0   0   0   0   0   0   0   0   1   1   0
 12:    0   0   0   0   0   0   0   0   0   0   0   0   1   1   0   0
 13:    0   0   0   0   0   0   0   0   0   0   0   0   0   1   1   1
 14:    0   0   0   0   0   0   0   0   0   0   0   0   0   0   1   0

         ------------ value 8 = -1
  0:    1   1   0   1   1   0   0   0   0   0   0   0   0   0   0   0
  1:    0   1   1   0   1   1   0   0   0   0   0   0   0   0   0   0
  2:    0   0   1   0   0   1   0   0   0   0   0   0   0   0   0   0
  3:    0   0   0   1   1   0   0   0   0   1   1   0   1   1   0  -2
  4:    0   0   0   0   1   1   0   0   0   0   1   1   0   1   1  -2
  5:    0   0   0   0   0   1   0   0   0   0   0   1   0   0   1  -1
  6:    0   0   0   0   0   0   1   1   0   1   1   0   0   0   0  -1
  7:    0   0   0   0   0   0   0   1   1   0   1   1   0   0   0  -1
  8:    0   0   0   0   0   0   0   0   1   0   0   1   0   0   0  -1
  9:    0   0   0   0   0   0   0   0   0   0   0   0   1   1   0   0
 10:    0   0   0   0   0   0   0   0   0   0   0   0   1   1   1   0
 11:    0   0   0   0   0   0   0   0   0   0   0   0   0   1   1   0
 12:    0   0   0   0   0   0   0   0   0   0   0   0   1   1   0   0
 13:    0   0   0   0   0   0   0   0   0   0   0   0   0   1   1   1
 14:    0   0   0   0   0   0   0   0   0   0   0   0   0   0   1   0

         ------------ value 7 = -1
  0:    1   1   0   1   1   0   0   0   0   0   0   0   0   0   0   0
  1:    0   1   1   0   1   1   0   0   0   0   0   0   0   0   0   0
  2:    0   0   1   0   0   1   0   0   0   0   0   0   0   0   0   0
  3:    0   0   0   1   1   0   0   0   0   1   1   0   1   1   0  -2
  4:    0   0   0   0   1   1   0   0   0   0   1   1   0   1   1  -2
  5:    0   0   0   0   0   1   0   0   0   0   0   1   0   0   1  -1
  6:    0   0   0   0   0   0   1   1   0   1   1   0   0   0   0   0
  7:    0   0   0   0   0   0   0   1   1   0   1   1   0   0   0  -1
  8:    0   0   0   0   0   0   0   0   1   0   0   1   0   0   0  -1
  9:    0   0   0   0   0   0   0   0   0   0   0   0   1   1   0   0
 10:    0   0   0   0   0   0   0   0   0   0   0   0   1   1   1   0
 11:    0   0   0   0   0   0   0   0   0   0   0   0   0   1   1   0
 12:    0   0   0   0   0   0   0   0   0   0   0   0   1   1   0   0
 13:    0   0   0   0   0   0   0   0   0   0   0   0   0   1   1   1
 14:    0   0   0   0   0   0   0   0   0   0   0   0   0   0   1   0

         ------------ value 6 = 0
  0:    1   1   0   1   1   0   0   0   0   0   0   0   0   0   0   0
  1:    0   1   1   0   1   1   0   0   0   0   0   0   0   0   0   0
  2:    0   0   1   0   0   1   0   0   0   0   0   0   0   0   0   0
  3:    0   0   0   1   1   0   0   0   0   1   1   0   1   1   0  -2
  4:    0   0   0   0   1   1   0   0   0   0   1   1   0   1   1  -2
  5:    0   0   0   0   0   1   0   0   0   0   0   1   0   0   1  -1
  6:    0   0   0   0   0   0   1   1   0   1   1   0   0   0   0   0
  7:    0   0   0   0   0   0   0   1   1   0   1   1   0   0   0  -1
  8:    0   0   0   0   0   0   0   0   1   0   0   1   0   0   0  -1
  9:    0   0   0   0   0   0   0   0   0   0   0   0   1   1   0   0
 10:    0   0   0   0   0   0   0   0   0   0   0   0   1   1   1   0
 11:    0   0   0   0   0   0   0   0   0   0   0   0   0   1   1   0
 12:    0   0   0   0   0   0   0   0   0   0   0   0   1   1   0   0
 13:    0   0   0   0   0   0   0   0   0   0   0   0   0   1   1   1
 14:    0   0   0   0   0   0   0   0   0   0   0   0   0   0   1   0

         ------------ value 5 = -1
  0:    1   1   0   1   1   0   0   0   0   0   0   0   0   0   0   0
  1:    0   1   1   0   1   1   0   0   0   0   0   0   0   0   0   1
  2:    0   0   1   0   0   1   0   0   0   0   0   0   0   0   0   1
  3:    0   0   0   1   1   0   0   0   0   1   1   0   1   1   0  -2
  4:    0   0   0   0   1   1   0   0   0   0   1   1   0   1   1  -1
  5:    0   0   0   0   0   1   0   0   0   0   0   1   0   0   1  -1
  6:    0   0   0   0   0   0   1   1   0   1   1   0   0   0   0   0
  7:    0   0   0   0   0   0   0   1   1   0   1   1   0   0   0  -1
  8:    0   0   0   0   0   0   0   0   1   0   0   1   0   0   0  -1
  9:    0   0   0   0   0   0   0   0   0   0   0   0   1   1   0   0
 10:    0   0   0   0   0   0   0   0   0   0   0   0   1   1   1   0
 11:    0   0   0   0   0   0   0   0   0   0   0   0   0   1   1   0
 12:    0   0   0   0   0   0   0   0   0   0   0   0   1   1   0   0
 13:    0   0   0   0   0   0   0   0   0   0   0   0   0   1   1   1
 14:    0   0   0   0   0   0   0   0   0   0   0   0   0   0   1   0

         ------------ value 4 = -1
  0:    1   1   0   1   1   0   0   0   0   0   0   0   0   0   0   1
  1:    0   1   1   0   1   1   0   0   0   0   0   0   0   0   0   2
  2:    0   0   1   0   0   1   0   0   0   0   0   0   0   0   0   1
  3:    0   0   0   1   1   0   0   0   0   1   1   0   1   1   0  -1
  4:    0   0   0   0   1   1   0   0   0   0   1   1   0   1   1  -1
  5:    0   0   0   0   0   1   0   0   0   0   0   1   0   0   1  -1
  6:    0   0   0   0   0   0   1   1   0   1   1   0   0   0   0   0
  7:    0   0   0   0   0   0   0   1   1   0   1   1   0   0   0  -1
  8:    0   0   0   0   0   0   0   0   1   0   0   1   0   0   0  -1
  9:    0   0   0   0   0   0   0   0   0   0   0   0   1   1   0   0
 10:    0   0   0   0   0   0   0   0   0   0   0   0   1   1   1   0
 11:    0   0   0   0   0   0   0   0   0   0   0   0   0   1   1   0
 12:    0   0   0   0   0   0   0   0   0   0   0   0   1   1   0   0
 13:    0   0   0   0   0   0   0   0   0   0   0   0   0   1   1   1
 14:    0   0   0   0   0   0   0   0   0   0   0   0   0   0   1   0

         ------------ value 3 = -1
  0:    1   1   0   1   1   0   0   0   0   0   0   0   0   0   0   2
  1:    0   1   1   0   1   1   0   0   0   0   0   0   0   0   0   2
  2:    0   0   1   0   0   1   0   0   0   0   0   0   0   0   0   1
  3:    0   0   0   1   1   0   0   0   0   1   1   0   1   1   0  -1
  4:    0   0   0   0   1   1   0   0   0   0   1   1   0   1   1  -1
  5:    0   0   0   0   0   1   0   0   0   0   0   1   0   0   1  -1
  6:    0   0   0   0   0   0   1   1   0   1   1   0   0   0   0   0
  7:    0   0   0   0   0   0   0   1   1   0   1   1   0   0   0  -1
  8:    0   0   0   0   0   0   0   0   1   0   0   1   0   0   0  -1
  9:    0   0   0   0   0   0   0   0   0   0   0   0   1   1   0   0
 10:    0   0   0   0   0   0   0   0   0   0   0   0   1   1   1   0
 11:    0   0   0   0   0   0   0   0   0   0   0   0   0   1   1   0
 12:    0   0   0   0   0   0   0   0   0   0   0   0   1   1   0   0
 13:    0   0   0   0   0   0   0   0   0   0   0   0   0   1   1   1
 14:    0   0   0   0   0   0   0   0   0   0   0   0   0   0   1   0

         ------------ value 2 = 1
  0:    1   1   0   1   1   0   0   0   0   0   0   0   0   0   0   2
  1:    0   1   1   0   1   1   0   0   0   0   0   0   0   0   0   1
  2:    0   0   1   0   0   1   0   0   0   0   0   0   0   0   0   1
  3:    0   0   0   1   1   0   0   0   0   1   1   0   1   1   0  -1
  4:    0   0   0   0   1   1   0   0   0   0   1   1   0   1   1  -1
  5:    0   0   0   0   0   1   0   0   0   0   0   1   0   0   1  -1
  6:    0   0   0   0   0   0   1   1   0   1   1   0   0   0   0   0
  7:    0   0   0   0   0   0   0   1   1   0   1   1   0   0   0  -1
  8:    0   0   0   0   0   0   0   0   1   0   0   1   0   0   0  -1
  9:    0   0   0   0   0   0   0   0   0   0   0   0   1   1   0   0
 10:    0   0   0   0   0   0   0   0   0   0   0   0   1   1   1   0
 11:    0   0   0   0   0   0   0   0   0   0   0   0   0   1   1   0
 12:    0   0   0   0   0   0   0   0   0   0   0   0   1   1   0   0
 13:    0   0   0   0   0   0   0   0   0   0   0   0   0   1   1   1
 14:    0   0   0   0   0   0   0   0   0   0   0   0   0   0   1   0

         ------------ value 1 = 1
  0:    1   1   0   1   1   0   0   0   0   0   0   0   0   0   0   1
  1:    0   1   1   0   1   1   0   0   0   0   0   0   0   0   0   1
  2:    0   0   1   0   0   1   0   0   0   0   0   0   0   0   0   1
  3:    0   0   0   1   1   0   0   0   0   1   1   0   1   1   0  -1
  4:    0   0   0   0   1   1   0   0   0   0   1   1   0   1   1  -1
  5:    0   0   0   0   0   1   0   0   0   0   0   1   0   0   1  -1
  6:    0   0   0   0   0   0   1   1   0   1   1   0   0   0   0   0
  7:    0   0   0   0   0   0   0   1   1   0   1   1   0   0   0  -1
  8:    0   0   0   0   0   0   0   0   1   0   0   1   0   0   0  -1
  9:    0   0   0   0   0   0   0   0   0   0   0   0   1   1   0   0
 10:    0   0   0   0   0   0   0   0   0   0   0   0   1   1   1   0
 11:    0   0   0   0   0   0   0   0   0   0   0   0   0   1   1   0
 12:    0   0   0   0   0   0   0   0   0   0   0   0   1   1   0   0
 13:    0   0   0   0   0   0   0   0   0   0   0   0   0   1   1   1
 14:    0   0   0   0   0   0   0   0   0   0   0   0   0   0   1   0

         ------------ value 0 = 1
  0:    1   1   0   1   1   0   0   0   0   0   0   0   0   0   0   1
  1:    0   1   1   0   1   1   0   0   0   0   0   0   0   0   0   1
  2:    0   0   1   0   0   1   0   0   0   0   0   0   0   0   0   1
  3:    0   0   0   1   1   0   0   0   0   1   1   0   1   1   0  -1
  4:    0   0   0   0   1   1   0   0   0   0   1   1   0   1   1  -1
  5:    0   0   0   0   0   1   0   0   0   0   0   1   0   0   1  -1
  6:    0   0   0   0   0   0   1   1   0   1   1   0   0   0   0   0
  7:    0   0   0   0   0   0   0   1   1   0   1   1   0   0   0  -1
  8:    0   0   0   0   0   0   0   0   1   0   0   1   0   0   0  -1
  9:    0   0   0   0   0   0   0   0   0   0   0   0   1   1   0   0
 10:    0   0   0   0   0   0   0   0   0   0   0   0   1   1   1   0
 11:    0   0   0   0   0   0   0   0   0   0   0   0   0   1   1   0
 12:    0   0   0   0   0   0   0   0   0   0   0   0   1   1   0   0
 13:    0   0   0   0   0   0   0   0   0   0   0   0   0   1   1   1
 14:    0   0   0   0   0   0   0   0   0   0   0   0   0   0   1   0

Case #1: 1
