100 100


460 763
122 804
590 852
464 902
272 446
203 699
705 365
725 110
784 999
857 745
782 760
134 139
836 332
309 616
519 726
817 777
251 257
639 59
862 525
214 276
628 61
528 803
156 950
721 192
216 242
880 12
290 926
820 313
358 817
296 381
507 54
906 764
326 331
889 948
664 707
5 53
726 737
107 448
538 999
97 134
992 61
583 549
588 373
863 959
978 703
382 403
301 393
523 344
876 297
735 535
995 358
614 25
542 435
21 585
347 750
556 787
832 792
554 45
783 100
48 127
582 826
199 886
267 446
847 515
986 197
686 941
144 216
36 236
758 782
375 947
827 388
368 355
247 554
973 158
429 456
904 113
321 568
792 342
531 925
398 769
18 853
403 657
652 275
384 337
140 616
782 304
662 643
752 326
800 630
389 664
905 139
26 37
894 167
40 913
658 798
601 658
686 735
409 442
443 525
474 742


329 36
836 647
816 632
217 425
251 250
570 494
182 859
774 398
966 647
321 544
48 672
950 388
264 504
89 371
51 239
630 361
302 630
382 729
608 90
547 217
533 341
345 256
53 730
72 118
428 168
215 267
180 130
128 483
33 502
193 751
895 775
891 71
624 100
245 904
581 97
102 857
765 851
773 262
649 763
61 303
211 158
613 132
297 826
618 202
594 431
444 628
576 950
873 390
575 658
736 310
572 6
917 530
299 149
118 670
204 567
827 183
719 907
769 82
721 526
144 205
929 280
932 657
275 300
223 946
756 851
270 910
464 228
117 227
471 693
678 704
737 919
656 76
800 235
769 50
292 169
539 775
813 892
113 843
646 77
338 45
667 859
605 925
535 31
132 672
29 963
261 842
519 8
804 770
762 480
364 638
161 422
920 263
602 63
812 768
700 562
327 283
154 723
274 226
486 50
967 766
