120
7 13735
43 207
354 1460
391 1989
740 1189
1129 2826
1402 3125
1362 6022
2279 2991
2362 2914
1540 6853
2972 2088
3472 581
4067 48
3372 2863
3430 2908
3994 2060
4163 2805
4793 2347
5716 1143
5789 1880
7175 64
6622 1238
3783 6883
6682 2591
7627 1233
8100 779
8624 398
8651 635
8644 1074
8936 943
9036 1398
9140 1661
8701 3096
9775 2287
11208 1320
8976 4045
12639 563
12661 719
11856 2276
12622 1635
11800 2603
14500 217
10625 4739
11498 4191
10134 5602
11080 5207
12232 4452
11691 5018
13909 3909
17701 1511
18616 906
19011 1044
16034 3168
17488 2422
16796 3023
18264 2163
19835 1550
19421 2402
19876 2730
15723 5254
19579 3541
11136 8094
19184 4147
19462 4179
18934 4890
17942 5404
17472 5898
16339 6535
17625 6117
18896 5765
17965 6418
11876 9703
10482 10401
19900 7834
18607 8449
16739 9777
18274 9547
14699 10624
8505 12059
6547 12475
16295 10780
12852 11486
16907 11242
15383 11719
12049 12222
19055 11874
19996 12400
17028 12947
18972 13179
16081 14063
12583 14309
12688 14586
18788 15681
18031 16328
12187 15632
17860 17282
17548 17266
14550 16873
18432 18204
14955 18380
16823 19262
14646 19271
15171 19893
12821 19374
11435 19105
6194 16856
8602 18573
8530 19500
8043 19448
7869 19760
6126 19133
3477 17134
5313 19145
5894 19814
4456 19683
1295 15616
3153 19095
1236 19573
89 14956
6 15000 0











10
1660 18122
2190 1708
8673 6053
16586 8
18414 584
17859 3100
18431 3562
19273 4625
18355 18571
6629 18824
21853 19239 0



5
0 1
10 5
16 8
11 11
3 15
-39 -56 0


28
-99866 -89697
-96593 -97280
-89767 -99994
-92937 -95757
-80721 -99763
-88009 -94280
-88522 -93995
-76288 -96799
-69784 -97623
-71528 -93614
-72648 -92220
-73030 -91625
-69043 -91307
-69195 -88557
-75716 -87838
-75265 -86088
-77316 -84404
-74542 -80842
-69308 -77788
-72630 -75993
-70001 -71751
-77842 -73551
-79226 -74378
-77299 -70900
-78497 -69177
-83009 -70037
-90225 -72089
-96330 -75434
-99905 -89754 0
