22 17
-87100 -43700
-61200 27500
-62500 -42000
77500 26200
-68400 -62000
-47800 13300
-39600 52500
-75000 -30800
-6500 -18700
2800 -33700
11800 5000
19000 -16600
-68700 84100
-53400 86200
-12800 93300
16500 90000
37800 91200
57500 90400
54600 28300
60000 49100
70900 6200
-29000 32500
-100000 0
-90600 -57900
-63400 -30400
-51200 -50400
-50300 42500
-40300 64100
-35300 54100
-31200 12500
-7500 -31600
10000 15400
15600 12500
17500 -30000
41800 -22900
52800 37000
70900 -3300
77100 38700
100000 0




4 6
-75000 -7500
-40000 5000
3500 10000
60000 23200
-100000 0
-60000 25000
-40000 -40000
-5000 60000
50000 7500
100000 0
