#include <iostream>

using namespace std;

int sol[] = {0, 1, 2, 3, 5, 7, 11,15,22,30,41,55,75,99,130,168,218,280,355,444,557,695,859,1049,1287,1572,1896,2292,2762,3309,3946,4690,5554,
	    6569, 7732,9065,10617,12398,14462,16817,19533,22626,26163,30178,34779,39970,45906,52616,60173,68685,78340,89215,101420,115156,
	    130472, 147717,166967,188464,212448,239251,269021,302291,339307,380435,426066,476770,532971,595093,663922,740242,824482,917693,
	    1020711,1134175,1259306,1396846,1548337,1714931,1898010,2098905, 2319456};

int main() {
  int n;
  scanf("%d", &n);
  printf("%d\n", sol[n]);
  return 0;
}