3999
6 6 -904 5 5 -6 
1 1 -904 3 6 -6 
4 2 -901 6 2 -3 
1 4 -903 1 3 -4 
5 5 -903 3 3 -6 
1 6 -905 1 4 -5 
2 6 -901 1 4 -6 
4 3 -903 3 2 -4 
5 6 -905 3 4 -5 
2 4 -905 4 2 -5 
6 5 -902 1 1 -5 
3 5 -904 5 3 -4 
4 3 -904 3 1 -4 
3 4 -903 6 1 -5 
3 1 -904 3 5 -6 
4 1 -902 2 5 -6 
1 3 -903 6 4 -6 
1 2 -900 1 3 -4 
1 6 -905 6 3 -5 
4 1 -905 4 1 -4 
1 5 -905 1 6 -6 
5 4 -905 5 3 -5 
5 4 -904 5 4 -6 
4 2 -901 6 4 -4 
6 6 -901 3 1 -6 
5 3 -902 5 3 -4 
6 1 -900 6 5 -6 
6 1 -902 4 2 -4 
3 3 -901 3 3 -5 
4 1 -900 4 1 -5 
1 2 -905 2 1 -3 
3 1 -901 6 2 -3 
2 1 -905 4 1 -6 
5 2 -905 3 4 -6 
6 3 -901 3 4 -5 
5 3 -900 6 2 -3 
2 4 -903 4 2 -4 
6 5 -902 1 1 -1 
3 1 -902 6 3 -6 
2 2 -900 1 5 -5 
6 3 -904 6 3 -6 
5 4 -904 4 1 -3 
4 3 -900 3 3 -5 
6 6 -901 1 1 -1 
1 6 -902 4 2 -6 
1 6 -904 6 3 -6 
3 3 -903 2 1 -6 
4 4 -903 2 2 -5 
2 3 -904 5 4 -4 
3 5 -905 1 6 -6 
4 3 -904 1 2 -6 
2 3 -901 3 1 -2 
4 5 -905 4 2 -5 
2 2 -901 2 1 -2 
6 2 -903 5 2 -3 
5 3 -905 1 1 -2 
2 3 -902 6 2 -6 
2 4 -900 3 3 -6 
1 6 -901 5 1 -5 
5 2 -900 3 2 -2 
3 4 -901 3 3 -6 
4 1 -903 3 1 -3 
4 6 -904 4 3 -5 
3 3 -901 6 1 -6 
2 3 -905 5 1 -3 
3 1 -900 6 2 -3 
2 6 -900 6 2 -3 
5 6 -902 6 1 -3 
2 6 -902 2 4 -6 
5 2 -901 3 4 -6 
1 2 -903 6 4 -6 
5 3 -902 3 3 -5 
3 6 -903 3 3 -5 
6 2 -901 3 3 -6 
5 2 -902 3 1 -2 
2 6 -902 5 3 -5 
3 2 -904 4 2 -3 
1 5 -905 5 4 -5 
1 5 -904 6 5 -6 
6 1 -901 1 1 -4 
5 5 -903 2 3 -4 
2 4 -901 3 2 -3 
5 3 -903 3 2 -6 
6 2 -904 5 5 -5 
5 3 -901 4 4 -6 
5 4 -900 3 2 -3 
2 3 -902 6 1 -2 
5 5 -901 6 1 -6 
2 1 -905 5 2 -3 
3 4 -905 2 2 -3 
1 1 -903 1 1 -2 
1 2 -901 5 1 -5 
2 2 -900 3 1 -4 
2 1 -903 4 2 -4 
3 3 -901 3 1 -4 
6 6 -903 4 2 -6 
5 2 -900 6 1 -6 
5 3 -900 5 2 -6 
6 3 -903 6 2 -6 
1 6 -901 3 3 -4 
2 1 -901 4 4 -6 
3 6 -900 3 2 -2 
5 1 -901 4 2 -3 
3 6 -900 2 1 -2 
1 3 -905 1 2 -4 
4 2 -902 3 2 -6 
3 1 -900 6 1 -2 
2 3 -905 3 3 -5 
5 4 -902 6 6 -6 
5 1 -905 5 4 -4 
2 5 -903 1 4 -5 
3 1 -905 6 3 -4 
2 5 -903 2 4 -5 
4 1 -905 1 2 -2 
4 6 -905 5 3 -4 
6 4 -901 2 5 -6 
4 1 -904 4 1 -5 
5 2 -901 1 1 -5 
4 6 -900 6 2 -6 
6 1 -904 2 1 -4 
1 3 -905 4 2 -3 
5 1 -900 6 2 -4 
5 4 -902 4 1 -5 
3 2 -905 6 3 -6 
1 3 -905 5 6 -6 
3 6 -903 1 2 -3 
1 5 -901 4 1 -5 
2 3 -904 4 4 -4 
6 6 -902 6 4 -6 
4 5 -903 1 2 -4 
4 6 -903 2 3 -5 
3 3 -905 1 3 -3 
1 5 -905 4 1 -5 
2 5 -900 6 1 -6 
1 6 -901 4 5 -5 
6 4 -901 5 1 -4 
3 3 -901 2 4 -6 
5 2 -902 6 1 -3 
4 6 -902 3 1 -5 
3 3 -901 4 4 -5 
5 5 -901 4 5 -6 
6 1 -904 1 1 -5 
5 3 -904 6 4 -4 
4 3 -903 2 4 -5 
1 5 -904 5 4 -4 
1 3 -904 3 1 -4 
3 2 -905 1 1 -5 
2 6 -901 5 3 -5 
5 1 -902 6 1 -6 
5 6 -903 6 4 -5 
1 2 -904 4 1 -3 
6 3 -903 2 3 -4 
6 1 -901 4 2 -4 
3 3 -903 6 3 -4 
5 3 -905 3 1 -4 
2 5 -905 2 4 -4 
4 2 -904 1 3 -4 
4 4 -903 4 1 -4 
3 3 -902 5 5 -6 
1 5 -904 2 2 -2 
6 2 -904 3 3 -4 
1 2 -904 4 1 -2 
5 6 -901 4 3 -5 
1 5 -901 2 3 -4 
2 6 -905 4 3 -6 
6 5 -900 1 2 -4 
3 1 -900 4 4 -5 
5 4 -903 6 1 -1 
1 5 -904 6 3 -4 
5 3 -903 5 4 -5 
4 6 -904 6 1 -2 
5 4 -901 4 1 -5 
5 1 -905 2 4 -5 
3 5 -900 2 1 -5 
6 3 -902 5 2 -5 
3 3 -903 3 1 -2 
3 6 -902 5 3 -6 
4 4 -904 6 1 -1 
3 2 -904 5 5 -6 
5 3 -900 3 2 -6 
5 4 -902 4 1 -3 
3 1 -900 4 1 -5 
1 5 -901 4 3 -4 
2 5 -902 2 4 -5 
3 3 -903 6 2 -5 
3 5 -904 4 5 -6 
1 6 -905 3 1 -5 
1 3 -902 4 4 -5 
6 4 -901 2 3 -4 
1 5 -905 3 1 -4 
3 2 -903 4 1 -4 
6 1 -905 3 4 -5 
1 2 -903 5 1 -1 
6 2 -901 4 3 -6 
2 6 -902 5 1 -5 
6 4 -902 2 3 -5 
1 1 -904 1 1 -4 
4 3 -901 2 4 -4 
4 2 -901 2 5 -5 
6 2 -900 5 1 -4 
1 4 -903 4 2 -4 
5 3 -904 4 1 -5 
1 5 -900 2 3 -5 
6 1 -903 5 3 -5 
2 5 -902 1 1 -2 
6 5 -901 4 4 -4 
1 1 -905 5 4 -5 
4 3 -900 3 1 -4 
6 1 -900 4 5 -6 
3 3 -905 5 5 -6 
5 1 -903 5 2 -3 
3 5 -903 6 2 -3 
1 4 -905 3 1 -4 
5 5 -904 2 1 -5 
4 3 -904 1 4 -4 
5 4 -905 1 1 -2 
2 1 -904 6 2 -3 
3 6 -901 6 2 -3 
4 5 -904 4 2 -2 
1 2 -900 6 4 -5 
3 3 -905 4 4 -6 
6 2 -904 3 1 -3 
3 2 -905 6 1 -1 
2 1 -900 4 2 -6 
6 2 -903 6 1 -3 
1 1 -900 2 3 -3 
3 6 -901 3 2 -5 
1 1 -902 1 3 -4 
6 1 -905 2 1 -4 
5 6 -900 5 1 -4 
3 6 -905 5 2 -2 
6 6 -902 1 3 -4 
3 5 -900 3 2 -3 
2 5 -904 2 5 -6 
3 3 -900 6 3 -3 
1 3 -901 3 2 -3 
6 1 -905 2 2 -4 
3 4 -900 1 2 -4 
2 1 -905 3 1 -1 
6 6 -902 1 1 -2 
6 5 -905 2 1 -6 
2 5 -904 4 1 -1 
4 5 -901 2 2 -5 
1 4 -904 2 3 -4 
2 6 -901 4 1 -6 
5 3 -902 1 1 -6 
6 1 -903 6 1 -1 
3 1 -901 3 4 -6 
4 5 -900 3 1 -6 
4 6 -904 3 4 -6 
1 1 -900 6 4 -5 
5 1 -904 6 2 -3 
1 1 -900 3 5 -6 
2 5 -902 1 1 -2 
2 2 -900 4 2 -6 
5 1 -900 3 2 -3 
1 2 -903 6 2 -4 
5 3 -903 2 1 -2 
1 4 -904 6 2 -3 
4 5 -901 4 1 -5 
1 6 -902 1 4 -6 
1 2 -900 6 2 -5 
4 5 -901 6 2 -4 
1 1 -902 2 2 -3 
6 5 -905 1 1 -6 
6 6 -905 4 1 -3 
5 1 -903 4 3 -4 
2 6 -900 6 4 -6 
3 3 -901 1 5 -6 
5 5 -904 2 2 -4 
6 4 -903 5 2 -2 
5 5 -904 2 3 -4 
3 1 -905 1 1 -5 
6 4 -904 6 2 -4 
6 1 -901 3 5 -6 
2 5 -905 6 5 -6 
4 1 -900 5 3 -4 
2 3 -904 4 5 -6 
3 6 -901 1 1 -5 
6 1 -901 4 6 -6 
2 5 -901 2 3 -6 
6 3 -905 4 3 -6 
6 2 -902 4 1 -4 
2 1 -903 5 4 -4 
3 3 -905 3 6 -6 
2 5 -904 5 5 -5 
5 4 -900 6 1 -1 
5 2 -901 3 5 -6 
2 6 -900 1 1 -3 
2 3 -902 1 2 -2 
6 3 -900 5 2 -4 
2 2 -900 5 2 -6 
5 6 -902 6 2 -5 
2 1 -900 2 2 -3 
2 2 -903 1 5 -6 
1 5 -903 3 3 -6 
5 3 -905 6 2 -4 
1 2 -901 4 4 -4 
5 4 -905 6 1 -2 
4 1 -901 6 2 -5 
1 1 -902 2 3 -4 
1 1 -903 4 5 -6 
2 1 -904 1 2 -4 
6 2 -901 2 1 -2 
1 6 -904 4 1 -1 
2 6 -903 5 1 -6 
1 5 -903 1 2 -5 
3 2 -902 1 3 -4 
1 3 -900 5 5 -6 
3 1 -902 6 1 -6 
3 2 -900 6 3 -6 
3 2 -901 3 2 -5 
2 2 -904 5 1 -2 
5 6 -903 1 3 -3 
3 3 -905 1 1 -5 
4 6 -901 2 3 -6 
2 2 -905 6 2 -6 
6 5 -903 2 4 -5 
2 4 -902 5 1 -5 
6 2 -900 1 3 -6 
6 6 -904 2 1 -3 
1 6 -905 3 3 -3 
6 4 -901 1 4 -6 
5 4 -905 3 3 -6 
5 4 -905 1 4 -6 
1 4 -902 6 2 -4 
4 6 -905 3 2 -6 
6 3 -901 5 1 -1 
2 5 -904 3 2 -6 
3 3 -905 6 2 -5 
6 2 -903 2 2 -6 
4 4 -904 4 2 -5 
4 1 -905 4 3 -4 
5 4 -900 1 1 -2 
1 6 -900 1 1 -2 
4 5 -901 3 2 -5 
4 3 -905 3 1 -1 
4 2 -901 1 3 -6 
4 3 -901 4 1 -2 
1 5 -901 1 1 -1 
4 4 -902 4 1 -1 
2 1 -902 2 1 -4 
6 1 -903 2 3 -4 
5 6 -905 5 2 -4 
4 4 -900 2 2 -5 
1 4 -900 3 2 -4 
1 5 -901 1 5 -6 
2 4 -900 1 3 -4 
2 4 -902 6 2 -6 
2 6 -901 6 3 -6 
2 4 -902 1 6 -6 
4 2 -905 5 1 -3 
6 1 -903 3 4 -6 
1 4 -905 6 2 -3 
2 1 -901 1 2 -4 
1 6 -904 5 2 -5 
1 3 -905 1 4 -5 
3 6 -905 5 1 -6 
3 5 -900 6 4 -6 
6 2 -901 1 2 -2 
2 5 -903 4 1 -4 
4 1 -904 3 3 -6 
4 3 -905 5 2 -6 
2 3 -901 5 2 -4 
4 5 -904 2 3 -4 
6 2 -905 1 1 -2 
1 3 -903 2 2 -6 
6 3 -904 2 1 -2 
1 4 -902 6 3 -4 
5 1 -905 1 1 -2 
5 1 -900 6 3 -4 
3 2 -900 6 1 -5 
2 5 -901 6 2 -6 
6 1 -900 1 4 -6 
1 4 -900 4 5 -6 
2 1 -904 5 4 -5 
3 1 -905 1 6 -6 
4 5 -902 2 4 -6 
5 2 -904 6 5 -6 
6 4 -902 3 4 -5 
1 5 -904 6 1 -6 
4 3 -904 3 1 -3 
5 6 -902 2 4 -4 
1 4 -902 3 1 -5 
4 3 -905 3 5 -6 
3 2 -900 6 2 -6 
3 4 -905 2 1 -6 
2 3 -903 5 1 -3 
6 5 -901 1 5 -6 
6 1 -903 1 4 -4 
4 5 -901 2 1 -5 
1 4 -901 2 1 -5 
4 6 -905 4 2 -5 
6 5 -904 6 4 -4 
5 6 -905 6 5 -6 
4 2 -901 1 4 -5 
6 2 -903 2 4 -4 
2 1 -902 3 2 -3 
2 5 -904 1 1 -4 
5 5 -902 6 3 -6 
2 2 -900 4 1 -3 
1 3 -902 4 4 -6 
5 3 -900 2 2 -6 
2 1 -904 4 2 -3 
1 4 -905 4 4 -6 
6 1 -902 3 5 -6 
3 6 -903 2 2 -2 
6 4 -902 4 3 -6 
4 6 -903 5 1 -2 
4 2 -904 6 1 -5 
3 6 -905 1 1 -6 
4 5 -904 2 3 -5 
2 4 -902 4 2 -5 
5 3 -903 1 4 -6 
5 6 -902 5 3 -6 
2 4 -900 1 1 -1 
4 1 -903 5 2 -6 
2 4 -901 3 3 -3 
6 4 -900 3 2 -5 
2 1 -902 5 4 -5 
4 5 -904 6 2 -2 
6 1 -900 2 1 -2 
6 4 -900 6 2 -5 
2 3 -901 5 1 -5 
4 5 -904 4 3 -4 
5 2 -901 3 1 -6 
5 6 -901 5 4 -4 
6 3 -903 2 5 -6 
6 4 -904 4 2 -5 
5 4 -902 4 1 -3 
3 6 -904 4 4 -6 
4 5 -900 5 1 -4 
6 5 -900 2 2 -5 
6 4 -904 2 5 -6 
1 3 -904 4 1 -5 
4 6 -901 3 2 -5 
3 6 -901 5 4 -6 
2 2 -905 5 4 -4 
2 3 -901 6 3 -6 
4 6 -904 1 2 -6 
5 4 -901 3 1 -5 
2 5 -901 3 3 -5 
3 2 -905 5 2 -6 
3 1 -903 6 4 -5 
6 2 -903 3 1 -3 
2 1 -903 2 3 -3 
5 5 -900 3 4 -5 
5 2 -902 6 1 -4 
5 2 -900 1 1 -3 
3 2 -904 3 1 -2 
1 3 -904 1 4 -6 
1 1 -903 5 2 -3 
5 5 -900 2 3 -3 
6 1 -901 3 4 -6 
3 5 -903 3 3 -5 
1 4 -905 3 6 -6 
2 2 -900 4 2 -3 
2 5 -901 4 1 -3 
6 1 -903 5 2 -2 
5 6 -903 3 4 -5 
1 6 -901 1 1 -5 
6 2 -902 4 1 -6 
4 5 -903 2 2 -6 
4 5 -901 1 2 -5 
2 3 -900 2 1 -2 
2 1 -905 3 5 -6 
3 6 -901 1 2 -4 
5 4 -901 3 1 -5 
3 6 -902 6 1 -4 
2 4 -905 1 2 -4 
4 1 -901 3 1 -3 
5 5 -901 5 4 -6 
4 1 -900 3 1 -3 
2 4 -905 1 1 -3 
2 4 -904 6 5 -6 
4 4 -902 1 1 -6 
5 3 -905 3 1 -3 
6 3 -904 4 3 -5 
4 5 -900 2 4 -6 
2 4 -903 5 1 -5 
4 6 -902 5 3 -5 
3 2 -905 3 1 -3 
2 2 -904 2 3 -6 
4 5 -905 6 1 -4 
6 5 -905 1 2 -4 
1 2 -905 2 3 -4 
2 3 -903 6 2 -6 
1 2 -905 6 4 -5 
4 5 -901 4 1 -1 
2 4 -903 4 5 -5 
2 6 -903 3 6 -6 
6 2 -901 1 1 -1 
3 2 -902 4 1 -3 
2 5 -905 3 1 -1 
4 5 -901 6 4 -6 
1 6 -900 1 5 -6 
6 5 -902 6 3 -5 
1 1 -900 6 3 -6 
1 2 -905 6 3 -4 
4 5 -903 3 4 -6 
1 1 -900 5 3 -5 
2 4 -903 5 4 -4 
2 3 -900 4 4 -6 
5 2 -901 4 1 -2 
4 6 -902 2 1 -3 
3 2 -904 2 2 -6 
3 2 -904 6 2 -3 
3 1 -901 1 2 -5 
1 5 -904 4 1 -4 
5 5 -900 6 1 -6 
2 6 -903 2 3 -4 
4 2 -902 6 1 -6 
1 5 -902 6 5 -6 
6 6 -904 3 2 -2 
1 4 -902 5 1 -3 
5 3 -903 3 2 -6 
6 4 -900 6 2 -4 
1 6 -900 2 4 -6 
3 2 -903 5 2 -6 
1 1 -903 4 1 -3 
1 5 -904 5 2 -4 
5 5 -902 3 6 -6 
2 3 -904 1 3 -5 
6 3 -903 4 1 -5 
4 4 -902 1 3 -3 
2 3 -903 2 3 -4 
5 4 -905 2 5 -6 
1 3 -903 2 1 -6 
2 6 -903 1 1 -4 
5 2 -900 6 1 -6 
4 6 -902 1 2 -6 
4 4 -904 1 1 -5 
2 4 -905 4 4 -4 
3 6 -900 4 1 -6 
3 2 -900 1 2 -2 
6 1 -902 3 1 -1 
4 1 -900 4 5 -6 
4 2 -903 1 4 -6 
2 6 -904 6 2 -3 
6 5 -902 2 3 -5 
3 3 -901 2 3 -6 
1 2 -904 2 1 -4 
1 3 -905 6 4 -5 
6 5 -902 4 3 -4 
1 3 -901 4 1 -5 
6 2 -905 2 5 -6 
1 5 -900 4 3 -6 
6 6 -903 5 1 -2 
6 1 -902 1 2 -5 
6 5 -902 2 1 -4 
1 5 -903 2 5 -6 
5 1 -900 4 1 -4 
2 6 -900 2 2 -6 
2 1 -903 6 3 -6 
6 4 -900 1 3 -6 
3 6 -903 6 2 -4 
2 2 -901 2 4 -5 
3 5 -900 3 3 -5 
6 2 -900 6 5 -5 
5 6 -902 4 1 -2 
1 2 -904 2 2 -4 
5 6 -905 5 2 -6 
5 6 -903 4 3 -6 
5 2 -900 1 3 -5 
1 2 -900 5 1 -5 
4 2 -904 1 2 -5 
5 4 -901 6 4 -5 
1 2 -905 2 2 -3 
6 4 -904 5 1 -5 
5 4 -905 4 3 -5 
3 6 -901 3 4 -4 
4 6 -900 1 4 -5 
4 6 -903 3 1 -5 
5 2 -903 5 2 -5 
2 3 -903 5 4 -4 
4 5 -904 2 4 -5 
6 1 -903 1 3 -6 
2 3 -900 6 3 -6 
3 5 -905 1 2 -5 
4 3 -903 6 3 -3 
5 4 -901 3 2 -5 
3 6 -904 6 2 -2 
6 5 -903 5 4 -6 
3 3 -900 2 4 -6 
1 5 -904 5 4 -4 
1 4 -902 2 1 -3 
3 6 -904 1 2 -5 
1 5 -901 4 3 -3 
1 2 -905 2 4 -6 
2 4 -900 1 3 -3 
2 6 -900 3 1 -4 
5 1 -902 5 1 -4 
3 3 -905 5 2 -2 
3 4 -903 1 5 -5 
4 4 -903 4 4 -6 
3 3 -900 6 3 -4 
4 6 -901 3 3 -4 
1 6 -901 6 3 -6 
4 1 -903 2 3 -6 
1 6 -905 1 2 -5 
4 5 -902 3 2 -5 
6 4 -900 5 4 -6 
1 2 -903 3 5 -6 
2 4 -901 6 5 -5 
2 2 -904 1 3 -5 
1 2 -905 3 2 -4 
6 2 -900 1 3 -4 
5 1 -900 4 2 -2 
6 2 -902 1 2 -4 
1 1 -904 5 2 -4 
3 5 -900 1 1 -5 
2 6 -900 6 3 -5 
2 1 -905 3 2 -5 
5 4 -905 4 2 -5 
6 2 -900 3 2 -4 
5 5 -905 3 1 -6 
3 3 -904 6 2 -5 
6 5 -901 2 3 -6 
5 4 -900 6 5 -6 
1 6 -905 2 4 -5 
1 4 -905 4 3 -5 
2 4 -900 1 2 -5 
2 5 -902 1 1 -6 
2 5 -905 6 2 -3 
5 2 -904 2 1 -6 
5 1 -903 3 4 -4 
5 3 -902 3 1 -2 
1 1 -900 3 1 -6 
3 2 -904 3 5 -6 
1 2 -903 1 1 -5 
5 4 -901 5 3 -4 
4 2 -902 1 1 -5 
1 2 -901 4 3 -5 
5 3 -901 1 1 -4 
1 5 -902 6 5 -5 
4 4 -902 1 2 -3 
3 3 -900 5 2 -5 
2 3 -904 2 2 -6 
3 3 -904 2 3 -6 
1 2 -901 2 2 -4 
4 2 -904 2 1 -6 
1 4 -903 5 3 -6 
5 2 -904 3 3 -6 
2 3 -900 4 4 -6 
2 6 -905 3 1 -3 
2 1 -903 6 2 -2 
4 4 -902 3 1 -5 
6 4 -904 6 1 -2 
2 2 -904 2 5 -6 
2 3 -901 1 3 -4 
6 2 -902 1 4 -6 
3 1 -900 1 2 -5 
1 5 -900 2 2 -6 
1 4 -901 1 1 -5 
1 5 -900 6 3 -3 
3 1 -902 2 3 -6 
4 2 -901 4 2 -2 
4 1 -900 6 1 -3 
6 6 -902 5 1 -6 
6 5 -904 4 1 -4 
5 6 -905 5 3 -6 
5 2 -905 3 2 -3 
2 2 -900 3 1 -3 
5 5 -900 3 2 -5 
6 5 -904 4 1 -5 
3 6 -902 3 1 -5 
3 1 -905 5 5 -5 
6 5 -903 1 1 -3 
4 2 -902 3 4 -4 
5 1 -903 3 2 -6 
1 4 -905 5 1 -6 
6 2 -905 2 4 -6 
5 2 -902 2 2 -4 
2 5 -901 4 1 -5 
4 6 -901 3 1 -2 
1 3 -904 4 6 -6 
1 5 -904 3 4 -5 
2 5 -900 5 3 -4 
5 5 -902 5 4 -5 
1 1 -900 1 2 -4 
2 6 -903 2 1 -1 
6 2 -904 6 2 -3 
4 4 -900 6 5 -5 
6 4 -901 4 1 -5 
5 3 -904 2 2 -4 
6 6 -905 3 2 -5 
2 6 -900 6 3 -4 
4 6 -900 1 2 -3 
5 5 -900 2 3 -4 
1 2 -900 4 3 -4 
6 2 -901 2 4 -4 
4 4 -901 1 2 -2 
1 5 -904 3 3 -6 
3 1 -902 5 2 -2 
2 3 -902 2 1 -3 
2 5 -902 5 2 -4 
1 5 -902 6 2 -4 
3 6 -905 3 3 -4 
1 5 -901 5 2 -2 
3 3 -904 5 4 -5 
2 6 -904 6 1 -2 
4 4 -900 3 3 -4 
1 5 -904 1 2 -5 
1 1 -902 5 1 -6 
1 3 -905 2 1 -2 
1 5 -901 6 1 -5 
5 3 -905 2 3 -6 
6 1 -903 1 1 -3 
2 4 -902 2 1 -3 
4 5 -905 2 5 -6 
6 4 -905 4 1 -3 
4 1 -901 4 1 -2 
1 2 -905 4 1 -4 
6 4 -905 6 2 -2 
5 3 -902 4 5 -6 
5 3 -900 3 5 -6 
6 3 -900 5 3 -5 
3 6 -905 2 1 -4 
5 1 -903 5 1 -2 
5 3 -903 5 3 -4 
1 3 -905 2 2 -2 
2 5 -903 3 1 -3 
4 5 -904 4 5 -6 
3 6 -900 3 2 -5 
5 3 -905 4 1 -3 
1 5 -904 1 1 -3 
4 1 -900 6 2 -2 
3 4 -903 4 4 -4 
6 2 -902 6 3 -4 
5 6 -905 6 5 -5 
2 6 -904 6 6 -6 
6 4 -901 5 1 -5 
3 3 -904 6 2 -5 
1 5 -900 3 4 -6 
2 6 -905 4 2 -2 
5 5 -903 2 4 -6 
4 3 -901 6 1 -5 
2 4 -902 6 2 -5 
4 6 -900 6 2 -4 
1 4 -901 4 2 -4 
5 2 -903 3 5 -6 
3 2 -905 2 3 -4 
1 4 -903 2 6 -6 
4 3 -904 4 1 -6 
5 1 -901 4 3 -3 
2 1 -903 5 2 -2 
3 2 -904 6 1 -4 
4 1 -903 2 1 -1 
1 3 -902 2 3 -5 
4 3 -903 1 1 -5 
3 4 -904 5 2 -5 
3 3 -903 5 4 -5 
5 1 -904 1 4 -6 
4 6 -902 6 1 -6 
1 3 -904 5 2 -4 
6 5 -900 1 2 -6 
5 5 -903 1 4 -5 
3 3 -900 2 3 -3 
2 5 -904 3 5 -5 
3 6 -903 2 1 -5 
2 4 -905 2 2 -3 
4 3 -901 2 2 -3 
3 6 -900 6 3 -5 
3 3 -900 6 3 -6 
5 5 -900 1 4 -6 
1 5 -902 5 3 -4 
5 5 -900 6 3 -3 
3 3 -901 5 3 -6 
6 4 -905 3 3 -4 
2 3 -900 2 2 -4 
2 4 -903 1 3 -6 
6 4 -902 3 5 -6 
6 3 -902 4 1 -6 
3 6 -902 5 1 -6 
4 1 -900 5 2 -4 
4 4 -904 1 3 -4 
4 1 -902 1 1 -5 
1 6 -904 1 2 -6 
1 4 -903 6 2 -4 
3 2 -901 6 1 -2 
6 3 -904 5 5 -5 
2 2 -901 6 1 -3 
1 3 -901 3 3 -5 
5 5 -902 2 2 -5 
3 2 -904 1 3 -4 
3 2 -900 6 2 -3 
3 2 -900 4 1 -6 
3 1 -905 1 2 -2 
6 2 -902 4 3 -3 
6 3 -905 2 2 -3 
2 2 -900 6 1 -5 
5 6 -902 1 3 -3 
4 2 -904 1 3 -5 
5 6 -902 1 4 -6 
6 5 -902 4 6 -6 
3 1 -901 3 5 -6 
1 5 -900 5 1 -3 
4 2 -901 1 2 -3 
5 4 -903 5 2 -4 
5 2 -904 3 1 -4 
5 1 -903 4 1 -3 
6 1 -904 3 2 -6 
1 1 -901 2 5 -5 
3 5 -901 6 3 -5 
4 3 -900 5 4 -4 
2 3 -900 5 4 -5 
5 2 -901 4 2 -3 
2 1 -901 4 4 -5 
1 4 -900 4 2 -3 
2 2 -900 1 1 -2 
1 4 -905 2 1 -2 
2 5 -905 4 1 -2 
3 3 -904 6 2 -4 
2 2 -903 3 2 -4 
5 4 -900 1 3 -5 
1 1 -901 4 5 -6 
4 2 -902 4 5 -6 
1 4 -905 1 3 -5 
6 5 -904 2 1 -3 
5 5 -903 3 1 -6 
2 6 -901 6 1 -2 
3 5 -905 5 5 -6 
3 4 -904 2 1 -2 
5 5 -905 4 1 -4 
4 3 -901 6 2 -3 
2 3 -905 3 2 -4 
1 6 -905 4 5 -6 
6 4 -903 6 3 -3 
4 5 -900 6 2 -5 
6 4 -904 5 1 -1 
5 6 -900 3 6 -6 
3 4 -904 5 4 -5 
5 4 -905 1 1 -2 
2 4 -901 2 2 -5 
1 1 -904 2 4 -4 
3 5 -903 3 3 -5 
2 5 -901 5 4 -4 
3 4 -902 5 1 -6 
5 4 -905 4 4 -6 
6 4 -903 6 2 -2 
6 5 -901 5 3 -4 
5 1 -904 5 2 -4 
6 3 -903 6 4 -6 
6 4 -903 2 4 -6 
4 3 -904 6 4 -6 
2 5 -905 3 2 -6 
1 1 -902 4 3 -4 
3 5 -901 5 1 -2 
5 1 -900 5 1 -3 
2 4 -903 5 2 -5 
5 3 -902 3 3 -5 
3 4 -902 2 1 -5 
1 5 -902 3 1 -5 
2 5 -902 2 1 -4 
6 3 -904 5 5 -6 
5 1 -905 2 1 -3 
6 5 -903 5 1 -2 
1 1 -905 4 4 -6 
1 1 -905 5 3 -3 
6 4 -904 3 1 -3 
2 6 -903 6 4 -5 
5 3 -904 2 4 -5 
6 1 -905 4 2 -5 
3 6 -902 1 1 -1 
1 5 -901 2 2 -4 
2 6 -901 3 4 -6 
1 1 -902 5 1 -4 
1 5 -904 3 3 -5 
4 2 -901 2 2 -6 
4 4 -901 5 1 -2 
1 5 -904 6 2 -2 
4 5 -902 2 3 -5 
6 1 -904 6 2 -4 
6 4 -900 2 3 -6 
4 2 -903 3 1 -5 
4 3 -904 6 6 -6 
2 1 -900 2 1 -3 
2 5 -903 1 1 -3 
2 6 -900 4 3 -3 
4 2 -905 4 3 -4 
4 6 -904 5 1 -6 
6 6 -903 1 1 -3 
2 2 -903 5 1 -3 
3 1 -905 5 1 -3 
1 6 -905 3 6 -6 
2 3 -901 4 3 -6 
1 6 -902 1 5 -6 
2 2 -902 4 3 -6 
3 5 -902 3 5 -6 
5 2 -903 6 5 -6 
1 2 -902 4 3 -3 
6 6 -903 6 1 -5 
3 5 -902 4 1 -3 
5 6 -904 5 2 -2 
4 5 -901 2 2 -5 
6 3 -903 5 1 -1 
1 4 -905 2 5 -6 
5 3 -904 4 1 -4 
2 4 -902 5 3 -5 
3 4 -904 1 3 -4 
5 4 -903 4 1 -5 
4 5 -901 2 3 -6 
5 1 -904 4 3 -3 
5 1 -901 1 2 -6 
1 6 -905 6 1 -4 
6 6 -905 1 5 -6 
3 3 -901 2 4 -5 
3 2 -902 5 3 -3 
4 2 -905 2 2 -5 
1 4 -900 5 2 -6 
2 2 -904 5 1 -4 
6 1 -903 6 4 -4 
3 2 -901 6 2 -6 
3 4 -902 2 5 -5 
2 3 -905 1 4 -4 
3 2 -901 2 3 -6 
6 3 -904 6 2 -3 
3 3 -902 5 4 -6 
6 6 -901 1 4 -5 
1 3 -904 5 1 -6 
3 3 -900 5 1 -6 
4 4 -905 4 2 -3 
3 3 -901 1 1 -5 
1 5 -902 4 1 -4 
6 4 -905 2 3 -5 
2 4 -900 6 3 -3 
4 1 -900 6 4 -6 
5 3 -903 5 5 -5 
5 5 -905 3 4 -6 
4 6 -902 1 4 -5 
1 6 -905 4 4 -4 
4 4 -903 1 1 -4 
5 6 -904 3 4 -5 
4 3 -902 5 2 -3 
6 5 -902 4 2 -3 
6 5 -905 2 6 -6 
3 4 -900 2 1 -3 
2 3 -900 6 2 -4 
5 3 -905 3 2 -5 
5 3 -903 2 2 -3 
6 2 -905 4 2 -6 
6 3 -900 3 5 -6 
3 2 -902 3 4 -6 
3 4 -905 3 1 -2 
1 5 -900 2 5 -6 
6 6 -902 6 2 -6 
4 5 -903 5 2 -6 
6 5 -900 3 2 -4 
4 2 -903 4 4 -6 
3 4 -901 3 3 -3 
4 3 -905 1 4 -6 
4 1 -904 2 1 -3 
1 5 -902 1 4 -4 
6 2 -902 2 2 -2 
3 4 -901 6 4 -5 
5 3 -905 2 2 -6 
4 1 -900 3 4 -4 
5 2 -900 4 4 -5 
2 2 -905 5 1 -1 
6 4 -905 4 1 -4 
6 4 -904 1 1 -4 
5 4 -900 1 5 -6 
4 1 -901 4 3 -6 
4 1 -900 4 2 -6 
6 6 -904 5 1 -6 
2 1 -901 2 1 -4 
6 3 -901 4 1 -5 
5 3 -904 2 3 -3 
3 4 -901 2 4 -6 
2 1 -900 5 2 -5 
2 4 -905 3 1 -3 
4 6 -900 5 1 -6 
3 6 -902 3 1 -4 
5 5 -903 2 2 -3 
3 4 -902 2 5 -5 
3 6 -904 1 2 -5 
5 6 -905 6 3 -5 
3 4 -901 5 2 -2 
4 1 -900 2 1 -3 
3 3 -904 5 1 -4 
2 5 -902 5 3 -4 
6 6 -904 4 4 -5 
2 1 -901 4 5 -5 
5 6 -901 6 1 -5 
2 3 -905 5 2 -6 
1 5 -900 2 1 -4 
6 5 -902 4 2 -2 
4 4 -900 4 6 -6 
5 5 -902 3 1 -6 
4 6 -905 6 3 -6 
4 6 -905 5 3 -3 
5 2 -905 3 1 -1 
1 6 -902 2 1 -5 
2 1 -901 3 1 -3 
1 6 -901 3 2 -6 
5 4 -904 5 1 -6 
4 4 -901 4 3 -6 
2 6 -901 1 2 -5 
5 3 -903 3 2 -4 
3 5 -903 1 5 -5 
4 4 -902 4 1 -6 
6 1 -900 5 1 -4 
6 6 -901 2 6 -6 
3 2 -902 6 2 -2 
6 4 -903 6 3 -4 
3 4 -902 1 5 -6 
4 4 -904 4 1 -1 
6 3 -900 3 4 -5 
1 5 -900 3 3 -5 
2 6 -904 1 2 -5 
6 4 -900 5 3 -6 
4 4 -904 1 3 -4 
1 4 -904 4 4 -5 
2 4 -905 4 4 -4 
2 5 -905 1 2 -4 
1 1 -905 3 3 -4 
2 1 -901 1 2 -4 
1 5 -903 3 4 -5 
5 1 -902 6 2 -4 
1 3 -905 5 2 -6 
3 3 -901 6 1 -1 
4 4 -900 6 3 -6 
1 6 -904 1 1 -1 
5 2 -901 2 2 -5 
4 1 -902 4 5 -6 
6 6 -905 5 2 -3 
6 6 -903 2 2 -3 
3 4 -902 4 4 -4 
1 3 -900 3 4 -6 
3 4 -904 1 3 -6 
3 1 -904 6 3 -4 
5 2 -904 5 2 -5 
3 1 -901 1 1 -5 
3 3 -901 3 3 -5 
4 6 -900 6 1 -4 
4 1 -905 4 1 -2 
3 4 -901 5 3 -6 
2 6 -900 4 3 -4 
4 3 -900 4 1 -2 
6 3 -900 4 2 -6 
1 4 -904 6 2 -5 
2 5 -900 6 1 -1 
5 3 -905 6 2 -4 
3 3 -903 5 2 -2 
3 1 -901 3 1 -2 
5 3 -900 3 3 -4 
2 6 -905 6 2 -4 
1 3 -904 6 3 -4 
3 5 -902 4 5 -6 
4 6 -900 4 5 -6 
6 6 -904 6 1 -4 
5 5 -900 3 5 -6 
2 5 -904 6 1 -4 
4 1 -905 4 2 -3 
2 2 -904 1 3 -4 
3 1 -900 4 1 -2 
3 2 -902 1 3 -5 
6 3 -903 2 2 -2 
4 3 -901 1 4 -5 
2 3 -900 3 3 -4 
1 6 -900 5 2 -3 
4 5 -905 2 1 -3 
2 1 -903 3 1 -2 
5 4 -903 5 3 -4 
4 2 -905 1 6 -6 
4 5 -900 5 1 -2 
2 3 -904 5 6 -6 
2 1 -905 3 4 -5 
2 2 -900 2 2 -4 
2 2 -905 3 4 -6 
4 5 -904 2 4 -4 
6 1 -905 6 2 -5 
1 6 -900 6 3 -4 
2 6 -903 4 1 -6 
2 2 -904 1 1 -6 
5 1 -903 6 1 -5 
6 5 -900 6 5 -6 
2 3 -900 6 5 -5 
5 4 -900 5 3 -4 
3 1 -903 1 3 -6 
4 4 -903 5 3 -3 
3 3 -900 3 2 -4 
1 1 -901 4 3 -6 
3 2 -902 4 1 -3 
2 1 -904 3 4 -5 
4 3 -902 6 5 -6 
3 4 -901 1 5 -5 
1 4 -903 4 1 -5 
1 2 -900 4 2 -5 
4 4 -902 3 3 -5 
4 5 -905 4 3 -6 
6 1 -904 5 2 -2 
3 5 -903 2 4 -4 
5 2 -902 6 1 -6 
6 5 -902 5 2 -3 
5 4 -904 3 5 -5 
3 2 -902 3 1 -2 
5 3 -905 1 1 -3 
1 3 -904 5 3 -5 
3 3 -903 6 4 -4 
1 2 -905 6 1 -2 
6 1 -900 3 2 -3 
6 5 -903 1 1 -1 
2 4 -903 5 1 -2 
4 2 -902 4 1 -6 
4 5 -905 3 2 -5 
3 6 -904 4 4 -5 
5 6 -903 2 2 -3 
3 4 -900 6 2 -2 
3 4 -901 3 1 -4 
1 5 -903 3 2 -3 
1 2 -900 2 2 -3 
2 2 -901 2 2 -2 
2 3 -903 5 4 -5 
1 1 -905 5 2 -5 
2 2 -903 1 2 -4 
5 4 -905 1 4 -6 
6 5 -904 3 3 -3 
6 5 -900 6 3 -4 
6 1 -904 6 4 -5 
5 1 -902 3 2 -6 
6 3 -900 4 3 -4 
6 3 -903 2 1 -1 
6 1 -903 2 4 -5 
3 4 -905 4 2 -5 
6 2 -905 1 4 -4 
4 2 -902 2 2 -4 
1 5 -903 2 1 -4 
6 2 -905 6 1 -4 
2 3 -900 2 2 -3 
1 4 -903 4 1 -2 
4 2 -900 4 1 -2 
3 6 -902 6 5 -6 
3 1 -903 1 4 -4 
1 4 -902 4 2 -2 
1 4 -904 4 1 -6 
3 2 -902 3 5 -6 
1 6 -905 2 1 -2 
2 3 -903 2 3 -6 
1 2 -901 3 3 -5 
4 1 -901 2 1 -3 
5 2 -900 2 4 -5 
3 4 -901 5 1 -2 
2 1 -904 2 2 -6 
6 5 -904 2 5 -6 
2 6 -904 2 4 -6 
1 6 -904 6 6 -6 
5 4 -904 5 1 -5 
5 1 -905 3 1 -6 
3 6 -903 6 1 -2 
4 4 -900 3 2 -5 
4 2 -905 4 2 -4 
5 1 -904 3 1 -3 
3 6 -905 1 4 -6 
6 3 -905 4 1 -2 
6 6 -902 2 4 -6 
5 3 -901 2 1 -2 
4 5 -905 1 3 -3 
4 2 -904 2 1 -2 
4 5 -900 1 3 -5 
2 3 -905 1 1 -6 
2 3 -902 1 5 -5 
4 3 -901 1 4 -6 
4 2 -902 5 3 -6 
1 3 -903 4 2 -3 
6 5 -902 5 2 -5 
4 4 -903 3 3 -6 
4 5 -902 4 4 -6 
5 2 -901 5 1 -5 
5 6 -904 2 3 -4 
3 6 -903 4 1 -2 
3 4 -901 6 4 -6 
4 1 -903 2 3 -3 
2 6 -902 2 5 -5 
2 4 -900 1 1 -2 
1 6 -904 4 1 -6 
3 2 -905 1 3 -6 
6 6 -903 6 3 -6 
1 2 -903 5 5 -6 
5 6 -904 5 3 -5 
3 4 -905 5 6 -6 
2 6 -904 1 3 -5 
4 6 -904 2 2 -4 
5 4 -905 4 2 -6 
4 2 -902 3 4 -5 
3 3 -905 2 5 -5 
1 4 -902 6 2 -6 
2 6 -901 5 5 -6 
6 6 -904 4 2 -4 
2 1 -905 4 6 -6 
2 4 -900 4 1 -4 
3 6 -902 4 3 -5 
2 6 -904 5 2 -4 
4 4 -901 6 5 -5 
4 5 -900 2 3 -6 
6 2 -903 3 2 -2 
5 5 -902 2 5 -6 
5 1 -901 5 2 -2 
5 1 -901 6 3 -4 
1 6 -904 5 1 -4 
4 3 -904 1 4 -6 
4 6 -900 5 3 -4 
1 5 -901 1 1 -6 
2 6 -905 4 1 -2 
6 2 -900 3 1 -3 
2 1 -903 4 2 -6 
3 5 -900 1 5 -5 
4 2 -900 4 1 -1 
4 6 -904 5 5 -5 
6 4 -904 6 6 -6 
3 6 -903 4 2 -6 
4 5 -901 3 5 -6 
2 1 -902 2 3 -3 
5 1 -900 3 1 -4 
2 6 -902 3 1 -2 
5 5 -905 1 1 -5 
4 5 -905 1 1 -6 
2 3 -903 6 2 -3 
2 1 -902 4 4 -6 
3 6 -904 3 4 -5 
3 5 -900 1 1 -5 
6 5 -905 3 3 -6 
3 4 -902 1 2 -5 
6 3 -903 3 2 -5 
2 1 -902 1 3 -3 
2 2 -902 1 2 -3 
5 4 -904 4 2 -5 
3 1 -902 6 2 -2 
6 5 -905 5 4 -5 
4 5 -902 6 1 -3 
2 4 -900 3 5 -6 
6 4 -905 5 1 -6 
6 2 -905 3 2 -4 
4 2 -901 3 3 -6 
1 6 -905 1 2 -3 
3 2 -905 1 5 -5 
6 2 -905 1 4 -5 
3 3 -901 4 3 -6 
5 1 -903 4 2 -2 
3 5 -904 3 3 -3 
6 1 -903 4 3 -6 
2 1 -904 3 2 -6 
2 4 -900 2 3 -4 
3 2 -903 1 2 -4 
4 5 -904 1 2 -4 
4 4 -903 6 1 -2 
4 5 -902 5 5 -5 
6 4 -904 6 2 -3 
1 3 -903 5 1 -6 
6 4 -902 6 3 -5 
5 2 -903 1 3 -4 
2 2 -902 6 2 -6 
2 1 -904 6 4 -6 
2 6 -905 6 1 -3 
4 4 -902 6 4 -4 
6 1 -904 3 1 -4 
3 2 -904 2 1 -6 
5 4 -900 2 2 -3 
3 5 -900 5 1 -2 
4 3 -902 4 1 -2 
5 1 -900 6 3 -6 
5 3 -903 5 4 -5 
3 6 -904 1 1 -2 
4 5 -904 5 3 -6 
2 5 -902 3 2 -4 
3 2 -900 5 4 -6 
6 3 -901 4 1 -4 
4 6 -903 5 6 -6 
6 6 -905 2 2 -4 
3 1 -900 2 4 -6 
3 1 -900 3 2 -3 
3 1 -903 1 5 -6 
5 2 -901 4 1 -5 
4 3 -900 6 4 -6 
5 6 -902 2 2 -6 
4 1 -902 5 1 -2 
1 3 -905 2 3 -4 
1 2 -905 4 4 -6 
3 4 -903 3 2 -4 
4 3 -903 1 3 -4 
6 4 -901 3 1 -5 
3 6 -900 5 2 -3 
3 1 -900 2 3 -6 
3 6 -905 5 4 -6 
4 4 -904 1 2 -2 
3 2 -902 4 1 -5 
3 4 -904 1 3 -4 
2 2 -901 6 3 -4 
2 4 -904 6 1 -4 
1 3 -903 4 1 -6 
3 2 -901 3 3 -5 
3 2 -905 5 5 -6 
4 3 -902 3 3 -6 
1 5 -903 6 3 -5 
1 3 -902 3 2 -4 
4 1 -903 2 2 -4 
4 4 -904 2 1 -2 
1 3 -904 2 2 -5 
2 4 -905 1 5 -5 
3 6 -902 1 3 -4 
1 1 -900 1 3 -5 
2 6 -903 3 1 -6 
2 4 -902 6 2 -3 
1 3 -904 4 4 -6 
1 6 -905 1 4 -4 
5 3 -902 3 3 -3 
2 4 -900 4 1 -6 
1 4 -905 6 1 -3 
2 1 -904 1 1 -2 
3 1 -901 5 4 -4 
4 5 -901 5 3 -3 
6 6 -901 1 2 -5 
4 1 -905 4 5 -6 
5 4 -904 1 2 -3 
6 6 -904 1 1 -5 
1 1 -902 4 1 -2 
1 4 -904 2 2 -5 
2 1 -903 6 3 -3 
3 2 -900 6 4 -4 
6 2 -904 1 1 -4 
5 6 -901 5 2 -5 
4 3 -901 4 5 -6 
1 5 -903 2 1 -5 
5 2 -903 5 3 -5 
3 1 -903 6 5 -5 
3 3 -904 5 1 -6 
5 5 -901 4 4 -6 
6 3 -900 6 3 -4 
5 2 -900 5 5 -6 
3 1 -905 2 1 -5 
1 1 -905 2 1 -1 
1 2 -904 2 1 -2 
4 5 -903 1 2 -2 
5 2 -901 2 4 -6 
2 6 -903 3 1 -3 
1 4 -900 1 5 -6 
5 6 -900 4 4 -6 
4 5 -900 6 2 -4 
1 4 -905 4 6 -6 
3 4 -903 5 1 -2 
4 5 -905 2 2 -4 
5 1 -902 1 4 -6 
3 5 -905 5 1 -2 
2 5 -903 3 2 -4 
1 1 -905 5 5 -6 
1 1 -905 6 1 -4 
2 1 -903 3 3 -6 
5 2 -900 6 5 -6 
5 4 -903 2 1 -4 
1 6 -900 2 3 -4 
6 6 -904 3 2 -5 
6 6 -904 1 2 -5 
2 4 -902 2 1 -4 
3 2 -903 1 3 -3 
4 1 -903 6 3 -3 
5 4 -905 5 5 -6 
5 5 -903 2 1 -5 
1 2 -900 1 2 -5 
6 2 -903 4 5 -6 
2 4 -904 5 2 -5 
4 2 -902 4 3 -6 
5 5 -905 2 4 -4 
6 3 -903 4 5 -5 
1 3 -901 4 2 -3 
3 4 -905 5 1 -6 
6 5 -905 5 5 -5 
3 3 -904 3 2 -4 
3 2 -904 1 4 -5 
6 1 -903 3 3 -5 
5 3 -904 1 1 -3 
1 2 -901 5 1 -4 
3 6 -904 4 2 -5 
5 4 -901 4 4 -5 
6 1 -904 4 1 -3 
3 2 -905 6 5 -6 
4 6 -905 5 5 -6 
5 6 -900 3 4 -5 
6 3 -903 3 2 -2 
4 2 -905 4 1 -3 
3 2 -901 2 1 -4 
4 3 -900 4 2 -3 
2 2 -905 2 4 -4 
4 5 -903 3 2 -6 
6 4 -902 5 2 -2 
1 2 -902 6 3 -5 
3 3 -905 5 2 -4 
4 5 -902 1 5 -6 
1 1 -902 4 1 -3 
2 3 -901 6 2 -3 
5 2 -900 1 4 -4 
4 1 -904 1 4 -6 
3 6 -901 6 2 -3 
1 1 -902 5 3 -6 
3 6 -905 2 1 -3 
1 4 -902 6 1 -6 
5 3 -900 3 2 -6 
2 6 -904 1 2 -5 
2 1 -905 3 4 -5 
4 6 -903 2 2 -5 
4 4 -905 1 4 -5 
2 4 -905 6 3 -6 
3 4 -902 1 4 -6 
5 5 -902 6 1 -4 
3 2 -901 2 1 -2 
4 5 -903 6 6 -6 
2 1 -903 3 3 -4 
4 2 -902 5 4 -5 
1 3 -900 3 1 -5 
5 2 -903 4 1 -5 
2 5 -900 6 3 -4 
5 1 -901 4 2 -6 
5 2 -903 2 3 -3 
4 1 -901 4 1 -5 
2 3 -904 1 3 -5 
5 5 -904 1 5 -6 
3 6 -901 6 1 -5 
3 3 -904 3 3 -3 
2 4 -905 2 2 -6 
1 3 -902 6 1 -3 
5 3 -900 2 2 -4 
4 6 -902 4 3 -4 
4 3 -905 1 3 -5 
3 1 -903 6 2 -3 
1 3 -902 4 4 -4 
6 6 -905 5 2 -2 
2 4 -902 4 2 -3 
5 6 -902 4 1 -5 
1 1 -902 1 3 -4 
4 2 -904 5 1 -4 
5 5 -905 6 4 -4 
6 6 -902 5 1 -2 
5 6 -902 6 2 -6 
5 3 -905 6 4 -6 
5 1 -900 3 6 -6 
5 3 -905 3 4 -6 
5 6 -905 3 3 -5 
1 6 -904 2 2 -2 
5 1 -900 2 5 -6 
2 4 -903 2 3 -5 
2 3 -900 5 1 -1 
6 2 -903 4 3 -4 
3 2 -902 4 3 -3 
4 5 -900 2 4 -5 
5 3 -905 2 2 -5 
1 6 -904 2 3 -4 
6 1 -901 1 6 -6 
5 5 -901 5 2 -4 
2 6 -901 3 2 -5 
3 5 -905 1 1 -4 
2 3 -903 1 2 -5 
5 3 -905 1 3 -4 
6 1 -901 3 2 -5 
1 4 -902 3 1 -3 
1 2 -903 5 1 -5 
6 3 -905 1 5 -5 
3 6 -900 1 1 -2 
5 6 -902 3 3 -3 
1 5 -904 1 2 -3 
1 6 -902 6 3 -6 
2 2 -903 4 3 -4 
1 5 -904 5 2 -3 
3 6 -902 2 2 -3 
3 1 -903 5 2 -6 
6 2 -905 1 2 -6 
6 5 -903 4 1 -2 
1 4 -905 3 1 -6 
1 1 -903 4 2 -4 
2 4 -902 1 2 -5 
6 1 -901 5 1 -2 
4 1 -902 2 2 -6 
6 1 -905 5 2 -4 
5 2 -903 2 4 -6 
5 2 -902 6 1 -4 
6 3 -902 5 5 -5 
1 5 -904 5 1 -4 
2 4 -903 4 2 -3 
4 3 -900 6 1 -5 
4 3 -902 4 5 -6 
6 3 -904 2 1 -4 
5 4 -904 3 6 -6 
3 3 -904 5 5 -5 
4 2 -901 5 1 -3 
6 6 -901 1 3 -5 
4 2 -900 4 1 -4 
3 4 -902 5 4 -5 
2 6 -901 6 6 -6 
5 5 -902 1 2 -4 
4 6 -901 5 5 -6 
1 6 -901 3 1 -4 
2 2 -905 6 2 -6 
3 3 -901 1 3 -5 
2 4 -900 4 2 -4 
5 2 -900 2 2 -2 
4 4 -900 4 1 -4 
1 2 -902 3 3 -3 
5 6 -900 5 6 -6 
4 4 -902 4 5 -6 
1 1 -903 4 4 -5 
6 6 -900 4 1 -4 
3 4 -902 6 1 -6 
6 3 -905 4 3 -5 
5 1 -905 1 2 -4 
5 1 -905 3 5 -6 
1 3 -900 3 2 -3 
5 6 -904 4 2 -6 
3 1 -901 3 1 -6 
2 5 -902 6 4 -6 
5 1 -900 5 1 -6 
5 1 -900 1 2 -5 
2 2 -905 6 3 -5 
5 1 -902 4 2 -2 
5 6 -900 6 2 -6 
6 2 -905 2 1 -2 
3 3 -905 2 2 -3 
2 3 -901 2 3 -5 
1 6 -904 4 2 -4 
6 2 -904 2 5 -5 
4 1 -901 3 4 -6 
3 3 -902 6 4 -6 
3 3 -905 5 3 -6 
3 4 -904 1 1 -2 
2 2 -900 3 3 -3 
1 1 -901 3 2 -5 
2 1 -901 3 5 -6 
2 3 -904 3 2 -3 
2 2 -902 1 1 -5 
5 1 -903 2 3 -4 
1 6 -900 6 5 -6 
5 1 -904 3 2 -3 
2 5 -904 2 4 -5 
3 2 -902 4 5 -6 
4 2 -903 2 4 -5 
6 1 -903 5 2 -3 
3 1 -903 5 2 -5 
5 1 -902 5 2 -4 
4 1 -902 4 4 -5 
3 6 -903 5 1 -1 
5 1 -903 6 4 -6 
3 1 -904 6 6 -6 
2 1 -901 6 3 -5 
4 2 -900 4 3 -6 
3 4 -901 3 3 -5 
6 3 -900 3 2 -3 
1 5 -902 4 2 -3 
6 6 -900 4 1 -2 
3 6 -900 6 1 -6 
2 3 -902 2 3 -6 
1 1 -901 1 4 -6 
3 2 -900 5 1 -4 
5 1 -901 6 4 -6 
6 4 -904 2 4 -5 
5 3 -902 4 6 -6 
2 5 -904 4 2 -6 
3 5 -900 6 3 -6 
4 1 -904 2 1 -4 
3 2 -904 6 2 -4 
2 2 -902 2 4 -4 
1 5 -900 5 1 -4 
3 6 -905 3 2 -5 
5 6 -900 3 1 -6 
1 2 -901 4 2 -5 
2 1 -901 5 5 -6 
6 5 -904 6 4 -5 
4 2 -902 3 4 -6 
4 4 -901 4 2 -4 
3 4 -903 6 2 -6 
6 3 -904 1 2 -3 
6 4 -901 4 2 -5 
6 4 -900 2 4 -6 
5 5 -901 4 2 -6 
3 4 -900 2 1 -3 
6 6 -905 4 2 -6 
6 1 -900 4 4 -6 
4 1 -901 5 1 -3 
2 5 -904 6 2 -4 
1 2 -905 6 3 -6 
3 3 -904 3 3 -5 
4 2 -900 4 2 -5 
2 1 -902 3 1 -4 
6 5 -905 3 1 -3 
2 4 -902 3 1 -5 
5 1 -903 3 1 -4 
4 6 -901 1 1 -3 
5 5 -905 4 1 -2 
2 5 -901 3 5 -6 
5 1 -905 2 2 -6 
1 4 -905 6 4 -6 
2 1 -902 2 4 -6 
5 4 -900 3 5 -6 
6 3 -904 2 1 -5 
4 2 -900 5 2 -4 
1 3 -902 4 4 -5 
1 1 -904 1 2 -6 
5 2 -905 6 1 -4 
5 2 -903 4 1 -3 
5 5 -902 6 1 -5 
4 5 -905 1 1 -4 
3 2 -901 6 5 -6 
5 1 -900 3 5 -6 
2 6 -905 4 5 -5 
4 6 -904 1 1 -1 
1 4 -902 3 1 -2 
5 3 -902 3 2 -2 
5 2 -903 1 2 -6 
2 6 -903 1 2 -6 
3 6 -903 5 2 -4 
3 1 -900 6 2 -5 
1 1 -903 4 2 -6 
5 6 -905 4 3 -5 
3 1 -902 4 2 -4 
3 4 -904 1 2 -3 
2 1 -905 5 1 -6 
4 6 -902 6 2 -5 
1 6 -903 1 4 -5 
5 6 -901 1 4 -6 
6 2 -905 5 1 -2 
5 2 -900 4 3 -4 
4 5 -901 6 1 -6 
4 4 -905 3 3 -6 
4 2 -904 5 1 -4 
6 3 -900 1 4 -4 
5 6 -904 3 6 -6 
3 4 -902 2 1 -5 
5 3 -904 3 1 -4 
2 1 -902 2 5 -5 
5 1 -904 4 1 -4 
1 3 -905 1 3 -6 
1 4 -903 1 4 -6 
1 5 -900 5 1 -2 
1 4 -900 1 1 -2 
5 5 -901 2 1 -6 
5 1 -905 6 4 -5 
4 1 -901 6 3 -5 
3 2 -900 4 3 -6 
3 4 -900 1 4 -5 
3 2 -900 5 6 -6 
2 3 -900 1 2 -4 
2 2 -902 3 4 -4 
3 2 -905 4 4 -6 
4 2 -905 5 2 -5 
4 6 -900 3 1 -3 
3 2 -901 5 3 -3 
3 1 -905 6 2 -2 
2 2 -902 3 3 -6 
5 2 -902 6 1 -5 
6 4 -901 4 3 -4 
3 3 -905 6 3 -5 
4 6 -901 4 3 -4 
2 3 -904 6 4 -5 
4 6 -905 6 2 -6 
1 3 -904 3 4 -4 
6 1 -903 6 1 -4 
6 6 -903 3 3 -5 
5 2 -902 3 1 -3 
4 4 -900 2 1 -4 
6 2 -901 1 1 -3 
6 1 -901 5 2 -6 
2 3 -904 6 2 -5 
5 2 -902 4 1 -6 
3 5 -900 2 3 -4 
6 1 -903 1 1 -5 
4 5 -903 4 2 -4 
4 1 -903 5 1 -1 
4 6 -900 6 6 -6 
2 3 -902 1 1 -5 
4 2 -903 3 5 -6 
5 5 -902 5 2 -3 
4 5 -901 5 1 -6 
1 3 -903 3 3 -3 
4 1 -904 4 1 -5 
3 4 -905 4 5 -6 
2 2 -902 6 2 -4 
2 1 -904 5 2 -5 
6 6 -903 6 2 -6 
6 6 -905 5 5 -5 
4 4 -902 2 4 -5 
3 5 -903 4 1 -2 
6 4 -900 5 1 -4 
2 3 -905 3 2 -5 
1 5 -901 4 4 -6 
1 3 -901 3 1 -3 
3 4 -902 6 2 -6 
4 5 -902 5 1 -2 
5 4 -901 5 5 -6 
1 2 -905 1 1 -4 
4 2 -900 3 1 -6 
3 2 -903 4 2 -5 
1 1 -900 5 1 -6 
5 2 -901 3 1 -1 
6 1 -904 4 4 -5 
1 3 -903 1 1 -4 
2 6 -900 2 2 -4 
1 5 -904 5 3 -5 
6 5 -901 3 1 -5 
6 3 -902 4 3 -5 
6 6 -904 4 2 -2 
6 3 -904 3 1 -5 
3 2 -903 3 2 -4 
6 5 -905 1 2 -2 
4 5 -902 5 1 -1 
1 3 -900 1 1 -2 
4 3 -903 5 4 -4 
6 6 -901 2 2 -4 
3 3 -902 1 4 -6 
4 5 -901 1 2 -3 
6 3 -904 3 2 -3 
2 4 -900 2 2 -6 
3 6 -901 3 2 -4 
4 3 -903 1 3 -5 
1 2 -902 1 3 -5 
1 6 -903 2 2 -5 
4 4 -901 5 3 -4 
3 6 -901 3 2 -6 
2 3 -904 5 3 -5 
4 3 -902 6 3 -5 
5 3 -900 6 5 -6 
1 1 -903 4 5 -5 
4 5 -905 2 2 -5 
5 5 -903 1 3 -5 
6 5 -901 1 2 -5 
2 6 -903 1 1 -5 
6 3 -905 2 2 -5 
3 2 -905 6 5 -5 
6 2 -903 2 3 -4 
6 5 -903 4 5 -6 
3 2 -903 4 4 -6 
4 6 -903 4 3 -4 
4 5 -900 1 1 -5 
3 6 -905 5 1 -5 
4 4 -905 6 1 -4 
5 5 -905 1 3 -6 
5 2 -903 2 4 -6 
6 2 -900 4 3 -4 
2 3 -900 2 2 -2 
1 5 -900 2 2 -3 
3 4 -905 4 2 -3 
6 5 -901 5 1 -4 
4 5 -901 6 2 -6 
1 3 -900 4 2 -2 
4 6 -900 4 5 -5 
4 1 -904 5 1 -6 
1 6 -901 4 4 -5 
6 1 -900 4 3 -4 
5 6 -904 1 5 -6 
1 6 -905 3 5 -5 
5 4 -905 4 5 -5 
2 6 -904 2 2 -6 
2 5 -902 6 2 -6 
1 5 -902 2 5 -6 
5 3 -901 1 3 -5 
5 4 -905 5 4 -6 
1 4 -900 6 6 -6 
4 1 -900 5 1 -3 
4 6 -901 2 1 -4 
2 5 -902 4 1 -6 
5 6 -903 2 6 -6 
6 4 -901 1 5 -5 
1 5 -904 4 2 -4 
1 4 -902 5 2 -4 
1 2 -904 6 1 -2 
6 4 -905 6 4 -6 
5 3 -902 3 3 -6 
4 1 -902 2 4 -4 
4 3 -903 2 1 -5 
1 6 -900 5 2 -3 
2 4 -902 5 1 -5 
6 3 -904 5 4 -6 
6 4 -903 2 2 -6 
1 4 -900 3 4 -6 
1 6 -901 4 2 -5 
1 3 -904 3 1 -2 
1 2 -900 1 2 -3 
3 5 -905 4 1 -5 
6 2 -902 4 1 -3 
6 1 -901 6 1 -2 
3 5 -900 5 3 -4 
1 4 -902 6 2 -3 
4 2 -900 5 2 -3 
1 2 -900 5 1 -1 
3 4 -904 6 3 -5 
1 3 -900 5 3 -6 
5 5 -901 3 6 -6 
5 1 -904 4 5 -6 
5 3 -900 6 2 -3 
3 1 -900 6 4 -6 
1 4 -903 5 1 -5 
3 1 -900 2 4 -5 
2 2 -904 1 2 -5 
4 1 -904 4 2 -5 
2 5 -903 6 4 -5 
4 3 -901 1 1 -5 
1 6 -902 1 1 -6 
5 1 -904 6 1 -5 
5 2 -902 5 1 -6 
4 1 -905 3 3 -6 
5 3 -904 4 1 -6 
5 5 -904 2 4 -4 
1 2 -903 5 5 -5 
5 4 -903 2 1 -4 
4 3 -905 1 1 -2 
1 4 -903 6 3 -6 
6 3 -904 6 1 -4 
3 3 -905 3 1 -3 
4 4 -903 3 5 -6 
6 1 -901 5 4 -5 
2 2 -904 5 4 -5 
2 4 -904 6 3 -3 
5 6 -904 4 4 -6 
5 3 -904 6 1 -5 
6 1 -902 4 4 -6 
1 2 -900 4 5 -5 
1 5 -901 6 2 -5 
4 3 -901 1 3 -6 
2 4 -904 2 5 -6 
5 2 -902 3 4 -6 
5 2 -900 1 1 -3 
3 3 -904 4 3 -6 
5 1 -905 6 2 -5 
4 6 -900 4 1 -6 
6 4 -901 2 2 -5 
4 4 -903 1 1 -3 
4 2 -902 4 5 -6 
6 6 -904 1 5 -6 
5 1 -901 1 6 -6 
4 1 -901 1 4 -4 
1 6 -904 1 2 -3 
1 2 -903 2 3 -4 
4 2 -905 5 2 -2 
3 1 -904 5 3 -4 
4 1 -901 4 3 -3 
6 2 -904 1 2 -5 
6 3 -900 3 4 -5 
4 1 -903 3 3 -3 
2 3 -902 6 3 -5 
1 4 -905 1 3 -5 
4 4 -901 3 2 -6 
3 4 -904 5 3 -4 
2 4 -901 5 1 -3 
4 6 -903 4 4 -5 
5 3 -903 4 5 -6 
4 1 -905 3 1 -2 
4 5 -901 6 1 -6 
4 2 -900 5 4 -4 
6 3 -901 2 4 -5 
3 6 -903 4 2 -3 
1 4 -900 5 3 -3 
2 6 -903 2 4 -5 
5 3 -900 2 1 -1 
5 4 -902 3 3 -5 
4 6 -901 1 2 -3 
1 1 -901 2 1 -5 
3 5 -905 4 3 -4 
2 5 -901 2 1 -5 
2 2 -903 3 5 -6 
4 6 -903 2 5 -6 
5 1 -900 1 4 -6 
4 1 -905 6 1 -5 
1 3 -905 2 1 -1 
3 1 -902 3 3 -6 
4 1 -901 6 3 -5 
3 5 -904 1 2 -6 
5 6 -905 2 6 -6 
6 4 -902 1 2 -5 
4 5 -902 4 3 -4 
2 2 -901 4 1 -3 
4 1 -900 6 4 -5 
4 6 -903 2 3 -6 
3 6 -903 3 5 -5 
5 1 -905 4 1 -2 
4 3 -900 2 1 -5 
4 2 -903 6 1 -4 
3 2 -905 3 3 -4 
6 4 -900 1 3 -6 
4 1 -903 2 3 -6 
3 2 -904 5 6 -6 
6 4 -902 3 4 -6 
2 3 -905 4 1 -5 
4 1 -901 4 3 -5 
3 4 -901 6 2 -6 
1 6 -904 4 2 -5 
1 2 -900 5 1 -2 
6 4 -903 2 1 -6 
1 5 -901 5 2 -4 
5 6 -902 2 2 -2 
3 1 -902 2 3 -5 
4 6 -901 4 1 -1 
5 3 -904 4 2 -4 
3 6 -901 5 1 -4 
4 4 -902 3 1 -5 
5 3 -903 5 1 -1 
5 2 -905 1 1 -5 
4 4 -904 2 1 -2 
3 2 -904 3 1 -2 
6 2 -904 1 2 -3 
4 5 -901 4 4 -6 
5 2 -900 2 2 -5 
3 1 -905 1 1 -2 
1 1 -904 3 1 -6 
2 1 -904 3 1 -6 
3 5 -900 3 4 -5 
1 1 -904 2 2 -5 
6 5 -904 6 3 -4 
5 2 -905 1 1 -1 
2 6 -902 4 1 -6 
5 1 -900 2 2 -2 
1 5 -903 6 1 -4 
6 2 -901 3 3 -6 
4 4 -901 2 2 -4 
5 3 -902 4 4 -4 
1 1 -905 5 4 -4 
4 4 -901 2 5 -6 
6 5 -903 5 3 -4 
2 2 -905 4 1 -3 
5 5 -905 2 3 -3 
1 6 -902 6 6 -6 
4 5 -905 3 5 -6 
2 5 -904 2 3 -4 
5 6 -903 3 5 -5 
1 2 -902 3 2 -3 
6 5 -900 5 1 -4 
6 2 -901 5 3 -5 
2 6 -902 2 2 -4 
4 1 -904 1 2 -4 
4 3 -902 6 3 -4 
3 6 -900 5 2 -3 
6 3 -900 1 1 -5 
2 5 -901 6 4 -5 
1 2 -904 1 4 -4 
5 3 -903 5 2 -4 
5 1 -900 5 3 -5 
3 4 -904 2 3 -4 
4 5 -902 4 4 -4 
3 2 -905 6 1 -1 
3 4 -904 2 1 -5 
3 3 -902 4 1 -1 
1 2 -904 6 2 -4 
3 5 -903 2 1 -4 
5 6 -904 6 2 -3 
4 2 -900 5 1 -3 
1 2 -905 3 4 -4 
3 5 -900 6 2 -6 
1 3 -905 3 2 -3 
3 6 -904 6 2 -3 
1 6 -905 1 3 -5 
5 2 -900 2 3 -5 
1 1 -905 6 1 -6 
1 6 -903 5 4 -4 
2 6 -903 1 1 -6 
3 5 -900 4 3 -4 
4 4 -903 4 5 -5 
3 1 -901 6 4 -5 
5 3 -900 3 3 -3 
5 6 -903 5 1 -5 
2 5 -902 4 1 -2 
5 1 -905 3 2 -4 
1 5 -904 4 5 -6 
2 1 -902 3 2 -2 
4 1 -901 4 1 -6 
1 5 -905 3 3 -4 
6 5 -900 2 2 -5 
5 5 -904 5 2 -6 
3 6 -904 2 1 -6 
3 4 -903 3 1 -3 
4 5 -905 1 4 -5 
5 6 -904 1 2 -3 
6 5 -903 3 5 -6 
4 2 -903 5 2 -4 
4 6 -904 1 1 -2 
2 4 -903 2 3 -5 
2 1 -904 3 2 -3 
2 6 -903 3 3 -4 
3 3 -902 2 1 -3 
1 4 -900 6 2 -6 
3 2 -904 1 2 -5 
5 3 -902 4 2 -4 
2 6 -905 2 1 -3 
2 2 -904 4 1 -2 
5 5 -904 2 6 -6 
3 2 -901 6 3 -5 
3 2 -904 1 1 -3 
2 1 -903 3 2 -6 
3 6 -903 1 3 -4 
1 4 -900 6 1 -3 
2 5 -900 4 2 -4 
3 5 -903 3 1 -2 
5 1 -900 2 4 -5 
4 2 -901 2 4 -4 
2 5 -905 3 1 -3 
1 4 -901 6 3 -5 
6 3 -902 3 1 -4 
5 6 -900 5 2 -5 
4 2 -904 4 5 -5 
1 2 -904 5 3 -6 
3 6 -904 4 2 -5 
6 1 -903 2 2 -6 
3 3 -904 4 2 -3 
5 1 -905 3 4 -6 
1 3 -902 3 1 -4 
4 6 -905 3 3 -4 
5 4 -905 1 2 -5 
6 6 -903 6 6 -6 
4 5 -905 4 1 -2 
2 3 -904 3 2 -3 
4 5 -905 4 1 -6 
3 3 -901 3 3 -6 
1 6 -905 1 2 -3 
5 4 -904 3 1 -3 
3 1 -900 6 1 -1 
3 1 -900 2 2 -5 
5 6 -904 1 4 -5 
6 2 -900 4 1 -5 
4 6 -900 3 3 -6 
2 4 -901 4 6 -6 
6 2 -900 1 3 -6 
3 4 -904 1 2 -3 
2 1 -901 5 1 -2 
2 3 -902 3 2 -6 
1 6 -905 2 1 -2 
5 3 -905 6 3 -4 
5 4 -903 4 1 -2 
4 6 -900 2 2 -6 
6 6 -900 4 1 -6 
6 6 -902 4 4 -6 
5 2 -900 3 5 -5 
1 5 -902 1 2 -4 
3 2 -902 3 3 -6 
2 2 -903 6 3 -6 
2 1 -900 3 1 -5 
2 4 -900 6 4 -6 
4 6 -901 2 1 -3 
3 6 -905 3 4 -6 
5 3 -902 3 3 -6 
6 2 -904 2 4 -5 
5 3 -900 5 1 -5 
2 5 -904 4 3 -6 
1 6 -902 6 1 -4 
5 4 -903 4 1 -5 
6 4 -900 3 1 -4 
5 1 -904 6 4 -5 
5 5 -904 5 4 -5 
5 2 -901 6 5 -6 
6 4 -901 3 3 -5 
1 3 -902 6 2 -4 
3 6 -904 2 3 -3 
6 5 -904 1 1 -4 
4 2 -900 1 1 -4 
6 2 -903 1 1 -5 
5 1 -904 4 1 -6 
5 2 -901 5 3 -5 
2 3 -903 2 1 -2 
2 3 -905 3 1 -2 
2 5 -904 1 1 -5 
6 1 -903 5 2 -4 
5 4 -903 4 1 -6 
2 1 -901 3 3 -4 
3 5 -902 3 5 -5 
4 1 -905 6 4 -4 
4 5 -901 3 5 -5 
2 3 -902 6 2 -4 
5 3 -905 5 1 -5 
5 6 -902 1 2 -4 
4 5 -901 1 1 -3 
5 5 -901 5 1 -6 
2 4 -901 4 2 -2 
4 1 -902 1 2 -4 
1 6 -902 4 1 -5 
3 3 -903 5 3 -6 
3 6 -903 6 1 -6 
2 1 -904 1 4 -6 
1 1 -903 4 6 -6 
3 2 -900 3 5 -5 
5 1 -901 6 1 -4 
1 2 -904 5 3 -5 
3 3 -902 2 1 -5 
6 6 -900 6 3 -5 
2 2 -904 6 1 -6 
4 2 -901 2 1 -6 
4 3 -904 5 1 -4 
3 5 -903 3 3 -6 
3 6 -904 2 1 -1 
3 3 -902 4 4 -4 
2 2 -903 4 1 -5 
6 2 -901 4 3 -5 
3 3 -901 4 5 -6 
3 6 -901 5 5 -6 
2 3 -905 4 2 -5 
3 1 -904 2 1 -6 
5 5 -901 5 1 -6 
3 5 -903 3 1 -2 
3 1 -905 1 6 -6 
2 4 -904 4 1 -6 
3 1 -905 4 5 -6 
4 5 -903 1 4 -5 
2 6 -904 3 4 -6 
5 2 -904 5 2 -6 
2 3 -904 2 1 -4 
5 5 -901 6 1 -2 
5 1 -903 2 2 -6 
5 1 -904 1 2 -5 
6 6 -902 3 2 -4 
2 5 -900 5 1 -1 
2 1 -901 5 2 -4 
2 2 -902 2 4 -5 
5 4 -900 3 2 -3 
5 3 -905 2 5 -6 
4 4 -900 2 4 -4 
1 4 -905 6 1 -4 
4 1 -902 5 2 -4 
4 1 -904 1 4 -4 
6 6 -905 6 4 -6 
2 3 -905 4 4 -5 
2 4 -902 4 3 -5 
4 6 -900 1 3 -6 
6 5 -902 3 1 -2 
6 2 -901 4 2 -3 
5 1 -900 6 5 -6 
5 5 -904 2 2 -5 
1 2 -905 2 5 -6 
5 5 -900 1 2 -3 
3 3 -905 3 3 -5 
2 1 -900 2 5 -6 
4 6 -903 4 1 -6 
1 6 -904 5 2 -4 
1 3 -903 5 1 -6 
4 4 -903 6 5 -5 
4 3 -905 2 2 -4 
5 3 -902 6 3 -5 
5 2 -902 1 3 -6 
6 6 -904 1 4 -6 
5 4 -905 4 1 -5 
5 1 -904 6 1 -4 
6 1 -901 5 1 -4 
2 6 -904 4 3 -6 
5 2 -902 2 4 -6 
6 6 -904 2 1 -3 
5 6 -900 4 4 -5 
5 1 -901 5 5 -6 
1 2 -905 3 1 -3 
3 4 -905 3 4 -6 
2 2 -904 4 1 -5 
5 3 -905 3 2 -6 
2 5 -903 2 4 -5 
3 4 -903 4 4 -4 
6 6 -902 2 4 -5 
2 1 -905 4 1 -5 
1 2 -900 2 3 -6 
6 2 -903 2 3 -5 
3 3 -900 1 1 -6 
3 6 -902 6 5 -6 
4 2 -904 6 1 -6 
3 2 -901 5 2 -4 
2 5 -904 2 3 -4 
4 3 -901 5 1 -6 
3 6 -902 6 2 -5 
3 6 -905 2 1 -5 
5 2 -904 5 2 -6 
6 2 -901 4 4 -4 
3 1 -900 4 1 -3 
2 6 -903 6 2 -6 
5 6 -901 6 2 -3 
3 3 -902 4 1 -3 
1 3 -903 6 2 -5 
2 4 -903 6 6 -6 
6 4 -904 4 4 -6 
5 1 -903 2 1 -6 
6 6 -901 2 1 -5 
4 6 -900 1 3 -6 
6 2 -901 2 2 -4 
6 6 -902 3 1 -4 
4 3 -901 1 3 -5 
5 5 -904 4 4 -5 
4 5 -902 2 4 -4 
2 3 -900 3 2 -3 
2 6 -900 5 3 -3 
1 4 -901 1 4 -4 
1 2 -905 2 1 -2 
1 4 -904 4 2 -3 
5 1 -905 5 1 -2 
6 1 -903 4 1 -6 
5 6 -900 5 1 -3 
4 4 -904 6 1 -5 
6 1 -902 5 3 -6 
1 4 -901 5 1 -4 
4 1 -905 5 1 -3 
6 2 -904 5 4 -5 
3 6 -900 1 3 -4 
2 4 -903 3 2 -3 
5 2 -900 3 1 -5 
2 3 -902 2 1 -5 
3 3 -903 4 4 -4 
5 4 -904 5 2 -3 
6 2 -904 2 6 -6 
4 5 -901 2 2 -5 
6 3 -900 4 2 -3 
3 5 -901 4 6 -6 
4 1 -902 3 1 -3 
4 3 -904 4 1 -6 
6 4 -902 1 1 -2 
1 6 -901 6 1 -2 
5 4 -903 6 1 -3 
3 3 -900 5 1 -4 
2 6 -903 3 2 -2 
1 5 -903 3 4 -6 
4 2 -900 2 2 -4 
5 3 -901 5 3 -4 
5 6 -903 5 2 -6 
3 6 -903 2 4 -4 
6 2 -901 4 4 -6 
3 3 -901 4 5 -6 
6 4 -901 1 4 -5 
1 3 -900 2 1 -4 
2 2 -903 2 5 -6 
1 4 -903 1 5 -6 
6 5 -904 5 5 -6 
5 2 -905 3 2 -5 
5 5 -901 4 3 -3 
6 5 -903 5 1 -4 
3 1 -905 6 1 -6 
6 2 -904 6 5 -6 
4 3 -905 6 3 -5 
2 5 -900 1 1 -2 
4 3 -905 3 1 -6 
4 5 -904 3 3 -5 
1 6 -902 3 1 -2 
4 2 -901 4 5 -6 
1 1 -904 1 2 -4 
1 3 -905 6 1 -3 
3 4 -903 1 1 -6 
4 6 -905 5 1 -6 
4 3 -901 1 2 -4 
4 3 -905 4 3 -5 
2 2 -905 2 5 -6 
6 1 -900 5 2 -6 
2 5 -904 5 6 -6 
5 5 -903 2 3 -6 
5 6 -905 2 5 -5 
4 1 -902 4 2 -5 
6 3 -903 2 2 -3 
3 1 -903 2 3 -5 
3 2 -902 1 3 -5 
6 4 -902 6 1 -2 
3 4 -905 3 1 -2 
2 2 -902 2 3 -5 
4 1 -900 4 1 -2 
4 2 -901 1 3 -5 
6 1 -904 5 3 -4 
6 3 -903 6 1 -2 
5 3 -904 1 4 -6 
4 4 -904 3 3 -5 
5 3 -900 1 3 -3 
5 1 -900 5 4 -5 
4 6 -904 5 1 -3 
4 6 -900 5 2 -2 
1 5 -905 1 1 -2 
5 2 -901 6 2 -5 
4 4 -903 3 2 -3 
3 3 -901 2 1 -5 
4 1 -903 6 5 -6 
3 4 -901 1 2 -4 
2 4 -903 2 4 -4 
6 6 -900 2 1 -5 
2 5 -904 1 1 -6 
6 6 -900 6 2 -4 
5 2 -904 3 3 -5 
3 6 -901 5 2 -6 
1 6 -900 3 6 -6 
2 6 -902 2 1 -4 
2 4 -905 6 3 -5 
2 2 -900 5 2 -3 
6 6 -902 6 1 -4 
1 3 -901 2 1 -6 
4 6 -905 4 3 -4 
3 6 -905 6 1 -6 
1 5 -900 3 6 -6 
1 3 -905 3 4 -4 
1 4 -900 5 4 -5 
5 4 -902 6 2 -3 
4 2 -904 4 3 -6 
1 1 -904 4 2 -6 
6 3 -905 5 5 -5 
2 3 -903 1 1 -5 
1 5 -902 5 3 -3 
5 2 -900 1 4 -5 
1 6 -900 1 3 -4 
3 1 -900 4 2 -6 
1 1 -902 2 1 -6 
6 6 -905 2 3 -6 
2 3 -901 1 3 -6 
5 2 -900 2 1 -3 
2 3 -904 5 2 -6 
4 6 -901 6 2 -3 
1 1 -901 2 5 -5 
5 6 -902 2 3 -4 
1 1 -905 2 5 -6 
6 5 -901 3 1 -6 
1 6 -900 1 2 -3 
3 1 -903 3 2 -2 
5 2 -902 2 3 -4 
5 2 -904 4 5 -5 
1 6 -901 2 1 -5 
2 1 -902 4 1 -3 
5 6 -900 2 2 -3 
6 4 -904 5 1 -2 
2 4 -903 1 4 -5 
4 1 -904 3 2 -3 
6 4 -900 1 4 -6 
5 5 -904 2 2 -4 
1 4 -900 4 3 -6 
4 6 -905 1 1 -2 
1 6 -901 5 4 -5 
6 6 -901 3 2 -3 
4 6 -905 4 1 -6 
1 1 -902 4 2 -4 
4 2 -905 1 2 -6 
5 6 -903 5 2 -6 
1 1 -903 6 3 -4 
4 5 -900 5 6 -6 
1 5 -902 3 3 -4 
2 3 -903 6 2 -2 
4 4 -904 4 6 -6 
2 1 -900 1 1 -4 
3 6 -900 4 1 -6 
6 1 -903 5 4 -4 
6 6 -904 6 3 -4 
3 6 -905 2 1 -1 
2 6 -902 6 1 -5 
1 2 -901 6 4 -6 
3 2 -905 2 2 -6 
3 2 -902 6 1 -2 
4 4 -900 3 5 -5 
2 3 -904 4 2 -5 
2 4 -905 1 2 -4 
6 2 -904 1 4 -6 
5 3 -900 4 1 -4 
3 1 -904 4 2 -5 
4 1 -902 3 2 -2 
3 2 -905 3 5 -6 
4 5 -904 6 3 -5 
6 2 -900 1 1 -5 
4 3 -904 5 3 -6 
2 2 -901 4 4 -6 
4 1 -902 5 2 -6 
6 6 -904 5 1 -6 
2 1 -900 4 5 -5 
6 6 -902 2 2 -3 
3 6 -901 5 1 -2 
1 4 -901 5 4 -6 
6 6 -901 4 2 -6 
4 6 -905 1 1 -5 
2 5 -905 3 6 -6 
4 1 -902 6 1 -6 
2 3 -903 2 3 -4 
6 5 -903 2 1 -2 
5 3 -901 2 3 -5 
1 2 -905 4 3 -4 
2 6 -902 5 2 -2 
4 6 -904 5 3 -6 
1 6 -902 1 1 -3 
5 4 -904 4 4 -5 
3 5 -902 5 2 -4 
1 3 -905 5 1 -5 
3 6 -900 6 1 -6 
3 2 -905 4 3 -4 
6 1 -905 6 2 -3 
4 5 -904 2 1 -6 
3 3 -905 1 3 -4 
4 1 -904 2 6 -6 
6 1 -900 2 2 -4 
5 4 -903 5 5 -6 
4 2 -900 6 2 -6 
4 4 -901 2 3 -4 
2 3 -902 5 2 -5 
2 4 -902 6 2 -6 
3 6 -901 1 2 -3 
3 4 -901 2 1 -6 
2 6 -902 3 2 -3 
5 1 -903 6 4 -4 
4 3 -902 5 3 -5 
6 5 -903 6 1 -3 
2 6 -901 4 5 -6 
3 1 -904 2 1 -3 
3 2 -903 4 3 -4 
4 3 -902 5 3 -6 
6 6 -903 5 1 -2 
1 1 -902 3 3 -5 
4 2 -905 6 1 -2 
6 4 -903 4 2 -2 
4 5 -904 3 1 -6 
1 4 -901 1 1 -3 
6 5 -903 5 1 -6 
4 4 -903 1 2 -4 
1 3 -904 3 1 -5 
1 6 -905 4 2 -4 
4 6 -905 6 3 -3 
3 1 -905 5 4 -5 
6 6 -903 3 2 -5 
1 1 -905 6 5 -6 
3 1 -901 3 2 -6 
5 6 -905 5 1 -1 
5 1 -902 6 3 -4 
3 5 -904 4 3 -4 
6 4 -902 3 1 -4 
2 6 -902 2 1 -4 
2 1 -905 1 5 -6 
4 3 -904 2 2 -4 
6 2 -900 5 3 -5 
3 5 -900 4 3 -4 
5 3 -903 3 1 -6 
1 1 -902 1 1 -2 
5 6 -901 6 2 -4 
4 6 -902 5 4 -5 
6 1 -900 1 2 -6 
5 1 -900 4 2 -2 
3 2 -903 6 2 -4 
3 2 -901 4 2 -5 
1 1 -901 2 3 -6 
4 3 -902 1 2 -2 
4 5 -905 4 1 -3 
1 1 -902 5 4 -5 
4 3 -902 4 4 -5 
4 2 -900 1 2 -2 
3 5 -900 6 3 -5 
1 6 -904 1 1 -3 
4 4 -901 2 4 -6 
2 3 -902 4 6 -6 
4 5 -902 3 2 -3 
1 3 -904 2 1 -5 
4 5 -903 1 3 -4 
6 1 -903 2 4 -6 
6 5 -900 4 1 -2 
3 1 -903 2 1 -4 
1 4 -901 5 3 -6 
5 1 -905 3 2 -3 
5 4 -900 5 4 -5 
1 5 -903 4 2 -3 
2 6 -901 3 4 -6 
2 5 -902 6 5 -5 
6 3 -900 2 1 -2 
4 2 -905 6 1 -4 
3 1 -902 4 1 -5 
4 4 -904 1 1 -4 
5 5 -903 1 1 -4 
1 3 -904 4 2 -6 
2 5 -902 1 3 -6 
3 4 -905 2 3 -6 
6 5 -900 6 4 -5 
6 6 -904 5 2 -6 
6 6 -903 6 4 -4 
1 5 -903 4 3 -6 
1 3 -900 1 3 -5 
3 2 -901 3 3 -4 
4 5 -902 5 1 -5 
4 2 -901 3 2 -5 
3 5 -902 2 5 -6 
3 2 -901 3 1 -4 
1 1 -901 2 2 -4 
3 4 -903 3 2 -5 
1 2 -900 5 2 -6 
5 3 -905 1 3 -6 
3 2 -905 2 2 -4 
1 1 -903 3 4 -6 
3 4 -903 6 4 -6 
3 2 -904 5 2 -5 
2 2 -901 1 1 -3 
3 4 -904 5 3 -4 
6 5 -902 6 2 -6 
4 1 -902 6 5 -6 
4 2 -903 5 4 -6 
3 2 -905 6 1 -2 
6 1 -902 3 1 -3 
4 3 -902 6 2 -3 
6 4 -904 5 4 -5 
6 2 -905 4 1 -5 
5 6 -905 4 1 -4 
1 3 -901 5 3 -5 
1 6 -904 2 1 -6 
3 4 -901 1 3 -5 
1 4 -904 5 2 -6 
3 5 -904 4 3 -3 
1 5 -901 1 3 -6 
3 2 -905 6 1 -6 
4 6 -900 1 3 -4 
3 6 -902 2 2 -4 
3 3 -904 5 1 -3 
2 5 -902 5 4 -6 
5 4 -901 6 1 -3 
4 3 -904 6 2 -6 
6 5 -903 1 1 -6 
4 6 -902 5 5 -5 
1 5 -900 6 3 -4 
3 6 -901 6 5 -5 
5 2 -900 6 2 -3 
3 1 -904 3 1 -5 
4 3 -904 3 2 -4 
3 5 -902 2 4 -4 
1 3 -905 6 6 -6 
6 3 -903 1 1 -2 
5 3 -902 6 2 -4 
6 4 -904 3 1 -4 
1 2 -900 3 1 -5 
4 1 -901 5 1 -2 
2 1 -900 2 1 -3 
1 6 -903 2 5 -6 
2 3 -901 3 4 -6 
5 6 -905 2 2 -4 
3 1 -901 1 2 -4 
2 2 -903 6 1 -4 
6 3 -900 3 4 -6 
4 5 -904 1 5 -6 
2 2 -904 1 1 -3 
2 6 -903 3 5 -6 
2 2 -904 1 2 -3 
5 3 -901 6 4 -6 
5 3 -903 6 1 -2 
3 1 -901 4 4 -5 
4 1 -902 1 1 -6 
4 4 -903 6 1 -4 
3 4 -901 6 1 -6 
4 6 -905 2 5 -6 
5 2 -900 1 2 -5 
5 5 -901 4 1 -4 
4 6 -905 4 2 -4 
6 5 -904 4 2 -3 
6 5 -900 1 3 -4 
6 4 -904 2 3 -6 
3 5 -900 5 2 -3 
6 2 -900 2 1 -4 
5 5 -905 3 1 -6 
5 3 -902 5 2 -3 
6 4 -903 4 4 -4 
6 5 -900 5 1 -6 
4 6 -902 4 2 -6 
5 1 -900 4 1 -2 
6 6 -902 5 4 -6 
2 4 -905 1 2 -3 
3 3 -900 6 2 -2 
1 3 -905 3 3 -4 
3 4 -905 3 2 -6 
2 4 -901 2 2 -4 
3 3 -902 5 4 -5 
4 6 -903 4 1 -6 
5 5 -902 4 5 -6 
2 1 -902 1 1 -3 
6 2 -900 1 3 -4 
1 4 -904 5 5 -6 
6 3 -902 3 1 -2 
5 5 -903 5 2 -6 
5 5 -900 6 1 -3 
2 5 -901 3 1 -6 
4 2 -902 6 1 -2 
2 4 -900 5 2 -3 
5 3 -900 6 5 -6 
3 3 -903 4 3 -5 
6 3 -902 3 1 -6 
3 3 -904 4 5 -5 
3 6 -902 1 4 -5 
4 5 -903 3 6 -6 
5 1 -902 5 3 -5 
4 5 -903 2 3 -6 
6 3 -905 4 1 -6 
2 6 -905 2 5 -6 
6 2 -905 2 2 -5 
5 5 -903 6 2 -5 
5 2 -905 3 4 -6 
3 4 -905 5 2 -4 
3 6 -903 3 5 -6 
1 3 -903 2 2 -3 
5 6 -901 2 2 -4 
6 5 -901 1 1 -2 
6 1 -904 4 4 -6 
6 6 -902 6 1 -4 
6 6 -903 4 3 -5 
5 4 -901 1 3 -4 
1 4 -904 5 5 -5 
1 5 -903 3 3 -4 
1 6 -900 6 6 -6 
1 5 -904 5 1 -3 
4 4 -904 5 3 -3 
6 2 -900 4 4 -5 
6 1 -905 5 5 -5 
5 6 -902 6 1 -2 
5 5 -901 5 4 -4 
4 4 -902 6 1 -5 
5 4 -903 1 1 -4 
5 1 -901 1 4 -6 
3 4 -905 6 1 -3 
6 6 -902 6 1 -4 
5 2 -904 2 2 -5 
4 2 -904 6 2 -5 
4 2 -905 5 3 -3 
5 6 -900 2 4 -6 
6 2 -902 2 3 -5 
6 1 -904 3 3 -6 
6 2 -905 1 2 -5 
1 4 -900 3 6 -6 
3 3 -904 5 5 -5 
2 1 -905 2 5 -6 
4 1 -900 3 6 -6 
6 4 -903 1 2 -3 
5 6 -900 2 2 -3 
5 4 -904 4 3 -4 
1 5 -902 4 5 -6 
6 3 -902 4 5 -5 
2 1 -900 4 5 -6 
5 5 -904 1 1 -1 
5 3 -903 2 1 -4 
1 1 -902 3 4 -4 
5 6 -901 6 4 -5 
2 6 -903 6 1 -5 
4 6 -905 4 3 -4 
6 5 -903 4 1 -1 
4 3 -903 3 3 -6 
2 2 -901 2 2 -5 
4 5 -905 2 1 -4 
1 3 -903 1 4 -5 
3 1 -900 6 1 -6 
3 2 -903 2 1 -6 
6 1 -903 5 1 -1 
5 1 -901 6 1 -3 
2 1 -902 3 2 -5 
3 5 -904 6 2 -3 
4 3 -904 1 1 -5 
2 2 -905 4 1 -2 
3 4 -903 3 3 -5 
5 5 -900 4 2 -4 
4 1 -905 3 2 -3 
1 2 -900 5 3 -5 
3 2 -904 2 3 -5 
4 6 -902 5 2 -6 
5 4 -902 3 1 -1 
4 1 -903 5 3 -4 
3 4 -903 2 1 -2 
2 1 -905 3 3 -6 
4 4 -902 5 2 -4 
1 1 -902 3 1 -1 
1 5 -901 2 2 -3 
6 2 -901 2 3 -6 
5 2 -900 4 1 -2 
6 6 -900 6 2 -2 
6 3 -901 3 5 -5 
2 5 -902 5 2 -4 
4 4 -903 2 1 -6 
4 3 -901 1 3 -5 
6 6 -902 6 6 -6 
5 1 -901 5 2 -4 
3 2 -905 1 3 -6 
6 6 -900 5 1 -5 
5 4 -904 5 3 -4 
1 6 -901 1 4 -5 
3 5 -900 4 4 -5 
5 1 -901 1 3 -3 
4 5 -904 6 1 -2 
5 5 -905 1 1 -5 
5 6 -902 4 6 -6 
6 3 -904 3 3 -3 
1 6 -902 3 2 -3 
1 6 -903 3 2 -5 
6 3 -905 2 3 -5 
3 4 -900 6 3 -4 
5 2 -905 4 1 -3 
5 1 -900 1 3 -4 
2 2 -902 1 1 -1 
2 2 -900 2 3 -6 
4 1 -904 3 3 -6 
6 5 -903 1 4 -6 
6 5 -901 3 5 -6 
3 6 -901 4 5 -6 
5 6 -902 2 1 -5 
2 4 -900 6 1 -4 
3 4 -900 6 4 -6 
6 1 -904 3 1 -5 
6 5 -904 6 5 -6 
3 6 -900 1 1 -3 
1 3 -903 2 3 -4 
5 6 -902 5 1 -5 
6 4 -905 5 2 -6 
6 2 -900 3 1 -3 
4 4 -903 6 4 -6 
5 3 -903 3 4 -6 
6 5 -905 5 1 -5 
6 4 -905 4 1 -4 
5 4 -900 6 5 -6 
5 2 -904 1 2 -3 
4 1 -902 1 1 -2 
4 5 -903 1 4 -5 
5 3 -900 1 1 -4 
1 3 -904 2 1 -1 
6 1 -905 4 2 -5 
3 6 -901 3 3 -6 
1 3 -901 2 2 -4 
1 2 -904 4 4 -6 
5 4 -903 2 1 -6 
1 5 -902 5 1 -4 
4 5 -901 5 4 -5 
6 1 -903 2 4 -5 
2 3 -905 4 2 -4 
1 4 -905 4 2 -6 
5 3 -903 6 4 -6 
2 3 -905 3 3 -3 
2 2 -902 5 4 -5 
4 3 -903 4 3 -6 
4 2 -905 2 5 -5 
3 1 -904 6 1 -2 
5 4 -904 4 2 -6 
3 3 -901 3 1 -4 
5 5 -900 5 1 -6 
2 1 -904 3 4 -4 
6 4 -903 4 1 -4 
6 6 -900 3 5 -5 
6 4 -901 6 3 -6 
2 6 -900 1 3 -6 
1 2 -901 1 2 -6 
5 4 -903 4 4 -4 
3 4 -904 2 5 -6 
1 6 -901 5 3 -4 
5 4 -902 5 5 -5 
1 5 -905 6 1 -3 
6 3 -900 4 1 -2 
3 1 -901 3 1 -5 
1 5 -905 2 4 -4 
4 6 -901 4 1 -6 
3 5 -901 1 6 -6 
2 3 -903 1 1 -3 
1 5 -903 4 2 -4 
2 1 -903 2 6 -6 
3 3 -902 6 2 -5 
5 4 -904 1 1 -4 
3 6 -905 3 4 -4 
3 4 -902 6 1 -5 
3 6 -904 3 4 -4 
4 5 -904 4 5 -6 
2 3 -900 6 2 -3 
6 1 -903 1 4 -5 
1 5 -903 6 3 -5 
2 3 -904 5 4 -6 
2 3 -900 5 1 -4 
4 3 -905 4 3 -6 
6 2 -904 5 4 -4 
6 2 -902 3 6 -6 
1 1 -904 1 2 -5 
3 1 -905 4 1 -5 
4 1 -902 4 4 -6 
4 6 -904 5 3 -5 
6 6 -905 5 3 -4 
4 2 -901 4 3 -4 
3 2 -905 2 3 -5 
1 2 -903 6 1 -3 
6 6 -901 1 2 -5 
1 5 -904 6 2 -6 
1 2 -900 2 1 -3 
3 6 -900 6 4 -4 
4 2 -903 5 3 -6 
2 4 -900 2 2 -6 
3 3 -901 3 4 -6 
5 6 -905 3 2 -3 
4 2 -903 5 3 -4 
1 3 -901 2 1 -3 
2 1 -901 5 1 -5 
6 5 -905 5 1 -6 
5 5 -904 6 1 -3 
6 6 -901 6 6 -6 
5 2 -901 5 3 -6 
5 4 -900 3 1 -5 
5 4 -904 1 3 -6 
3 6 -903 1 4 -5 
2 6 -902 1 2 -4 
3 3 -901 1 4 -6 
6 5 -901 1 3 -4 
6 5 -901 3 4 -5 
6 1 -903 2 2 -6 
2 1 -902 4 5 -5 
1 3 -901 5 1 -2 
4 5 -900 3 5 -6 
2 5 -904 6 2 -4 
4 2 -900 2 2 -3 
5 3 -901 2 4 -6 
1 2 -904 4 1 -4 
3 1 -903 3 2 -5 
2 2 -900 4 1 -2 
2 1 -905 3 5 -5 
6 4 -902 5 3 -3 
6 5 -901 2 1 -3 
6 2 -901 6 2 -3 
5 5 -904 4 1 -5 
3 6 -904 1 1 -4 
4 1 -902 5 2 -5 
6 3 -904 4 1 -5 
5 3 -901 1 1 -6 
6 5 -902 3 4 -6 
2 2 -905 5 3 -6 
3 5 -905 6 2 -5 
4 4 -901 2 2 -5 
4 2 -902 3 3 -6 
6 2 -900 4 2 -5 
1 1 -902 3 3 -3 
6 4 -902 4 1 -2 
1 5 -900 2 3 -6 
6 6 -903 2 6 -6 
3 5 -902 4 2 -6 
5 2 -900 1 3 -6 
2 3 -900 3 4 -5 
3 3 -900 1 2 -6 
1 4 -905 3 4 -5 
5 2 -904 3 4 -4 
4 5 -904 6 4 -6 
1 5 -900 1 2 -4 
2 2 -901 3 1 -4 
5 1 -904 4 5 -6 
1 4 -900 3 5 -5 
1 1 -905 3 4 -5 
5 3 -903 3 5 -6 
2 4 -901 6 2 -5 
4 1 -903 6 1 -4 
2 5 -902 6 1 -4 
4 2 -903 4 4 -5 
5 6 -901 1 1 -4 
1 6 -900 1 1 -2 
5 1 -900 1 1 -6 
6 4 -901 1 3 -4 
6 3 -901 4 1 -2 
3 1 -903 6 2 -6 
5 2 -904 2 3 -5 
6 6 -904 1 4 -5 
6 6 -904 1 2 -5 
1 1 -903 3 1 -1 
4 4 -901 6 3 -5 
3 6 -905 3 5 -6 
3 5 -903 6 2 -6 
4 3 -902 1 2 -5 
1 2 -905 3 4 -6 
5 2 -904 4 2 -5 
3 6 -901 2 4 -4 
4 4 -900 2 2 -6 
5 4 -900 3 2 -4 
1 3 -902 4 2 -4 
2 1 -905 1 5 -6 
6 5 -905 1 3 -5 
5 2 -902 3 2 -3 
2 6 -903 4 2 -2 
5 3 -901 5 3 -4 
4 2 -905 6 5 -6 
4 6 -901 6 3 -6 
6 2 -902 6 3 -4 
5 4 -902 4 1 -3 
4 2 -902 1 2 -5 
6 6 -901 2 1 -3 
5 2 -903 4 1 -5 
5 5 -903 1 4 -6 
2 4 -905 6 3 -6 
3 3 -902 6 1 -5 
1 6 -901 2 1 -6 
4 6 -905 6 2 -3 
3 5 -905 5 1 -4 
1 2 -904 2 1 -4 
1 1 -905 4 5 -6 
2 6 -905 3 2 -4 
4 6 -901 6 4 -6 
3 2 -904 4 1 -5 
5 1 -901 3 2 -5 
3 4 -904 2 1 -3 
4 4 -903 1 4 -6 
1 2 -902 2 1 -4 
3 6 -900 1 1 -4 
3 2 -900 2 1 -4 
1 2 -903 5 4 -6 
3 4 -905 4 3 -4 
6 2 -900 3 4 -5 
4 2 -905 1 3 -6 
5 3 -904 2 2 -6 
6 6 -901 4 1 -4 
5 1 -902 1 2 -5 
3 4 -905 6 5 -5 
3 3 -900 1 4 -6 
3 5 -903 3 5 -5 
5 2 -903 4 4 -6 
3 3 -900 3 3 -6 
1 1 -903 3 1 -1 
4 6 -904 6 3 -4 
3 4 -902 6 3 -5 
3 4 -901 4 2 -2 
4 4 -905 1 2 -4 
1 6 -904 3 1 -6 
5 4 -900 3 3 -6 
5 2 -901 5 2 -6 
1 5 -904 5 3 -4 
1 2 -904 4 1 -3 
5 6 -905 5 2 -5 
6 3 -902 2 1 -6 
3 2 -900 3 1 -4 
6 2 -905 2 4 -5 
4 1 -901 6 5 -6 
3 5 -905 6 2 -4 
5 1 -901 2 2 -2 
3 3 -905 2 1 -2 
5 6 -901 1 4 -5 
5 3 -900 5 2 -5 
6 1 -900 4 4 -5 
5 2 -903 4 2 -4 
1 6 -900 6 2 -3 
3 1 -901 6 1 -5 
4 5 -900 6 1 -2 
2 5 -900 3 4 -5 
2 6 -902 3 1 -6 
5 6 -903 6 2 -2 
5 5 -900 2 1 -5 
4 3 -904 3 3 -4 
1 2 -905 5 3 -6 
1 1 -905 5 3 -5 
1 5 -902 4 3 -4 
4 4 -902 1 1 -6 
4 3 -905 1 5 -6 
6 1 -903 4 4 -5 
6 5 -904 6 5 -6 
6 6 -900 6 1 -3 
1 5 -903 5 2 -2 
1 2 -900 1 1 -2 
1 2 -901 3 3 -4 
2 2 -903 4 2 -3 
5 5 -904 1 4 -5 
1 4 -903 4 1 -4 
6 6 -905 3 2 -6 
4 6 -902 5 5 -6 
2 3 -904 4 1 -6 
5 6 -902 6 1 -4 
3 3 -903 2 2 -5 
4 5 -904 6 2 -3 
4 1 -900 6 2 -3 
4 5 -903 2 1 -4 
5 2 -901 1 3 -4 
3 3 -905 2 2 -5 
4 3 -905 2 4 -5 
3 6 -904 5 1 -4 
2 1 -905 4 4 -5 
3 3 -900 3 3 -3 
5 1 -904 5 1 -5 
2 6 -904 3 3 -5 
4 2 -903 5 2 -4 
4 6 -903 5 1 -5 
5 1 -901 1 2 -5 
1 5 -901 4 1 -2 
6 1 -903 6 1 -5 
5 2 -903 2 1 -5 
4 2 -903 4 3 -5 
6 2 -900 1 3 -4 
4 3 -900 4 3 -6 
2 5 -902 1 3 -4 
4 4 -902 1 5 -6 
4 5 -903 1 4 -4 
4 2 -902 5 1 -3 
6 5 -901 1 3 -3 
3 2 -902 5 1 -4 
6 6 -902 3 5 -6 
2 1 -905 2 1 -5 
5 2 -902 2 1 -3 
1 1 -902 1 3 -3 
3 5 -900 3 3 -6 
5 6 -904 6 2 -6 
5 6 -901 2 2 -3 
6 3 -905 3 5 -5 
1 2 -902 4 2 -6 
6 6 -901 5 2 -6 
6 3 -901 3 3 -6 
6 1 -900 6 5 -6 
4 1 -905 4 3 -3 
5 1 -903 6 2 -5 
3 3 -902 2 1 -4 
4 1 -903 5 2 -4 
5 6 -905 3 3 -3 
2 5 -903 1 1 -4 
4 6 -904 5 1 -5 
3 3 -903 3 1 -2 
3 4 -901 2 2 -3 
5 3 -902 5 3 -5 
4 5 -904 3 4 -6 
4 2 -904 1 4 -5 
5 2 -902 3 3 -3 
2 3 -902 2 2 -5 
5 4 -900 4 5 -6 
3 2 -901 5 5 -5 
4 5 -904 1 3 -6 
2 1 -905 3 1 -2 
5 4 -900 2 5 -6 
2 3 -904 1 5 -6 
3 2 -902 2 1 -6 
6 2 -902 6 2 -5 
1 3 -902 3 3 -5 
3 3 -903 5 2 -6 
1 2 -904 6 4 -4 
1 6 -900 5 4 -4 
6 3 -900 4 1 -3 
3 2 -905 2 4 -4 
6 3 -902 1 5 -6 
2 5 -901 3 2 -4 
1 6 -900 5 1 -3 
4 1 -901 1 2 -5 
4 6 -903 1 2 -4 
5 6 -904 6 1 -4 
5 4 -903 2 1 -2 
4 2 -905 3 5 -6 
4 4 -900 2 3 -6 
6 5 -901 1 2 -5 
6 4 -901 1 1 -5 
1 1 -905 2 4 -6 
4 2 -902 2 1 -4 
5 3 -903 1 1 -3 
5 4 -900 1 3 -3 
2 3 -903 6 2 -5 
4 5 -903 2 1 -4 
1 6 -903 4 2 -6 
4 4 -904 2 4 -5 
3 2 -901 3 3 -5 
5 6 -905 2 2 -6 
1 2 -905 2 1 -1 
6 3 -903 5 1 -5 
2 2 -905 2 5 -6 
6 4 -905 2 1 -5 
4 5 -902 6 3 -6 
5 5 -900 4 3 -6 
2 2 -903 4 2 -6 
6 3 -900 1 5 -6 
6 1 -902 5 1 -4 
5 5 -901 5 4 -5 
1 5 -904 4 4 -5 
3 3 -905 5 3 -6 
5 1 -901 1 1 -6 
2 5 -903 6 1 -2 
4 2 -902 5 2 -5 
5 4 -901 5 1 -2 
5 2 -903 5 6 -6 
3 4 -905 6 3 -5 
6 4 -903 6 3 -4 
6 6 -905 2 3 -6 
3 2 -904 5 5 -6 
4 3 -900 1 1 -1 
2 4 -900 4 5 -6 
5 1 -904 4 1 -3 
4 2 -903 6 6 -6 
6 4 -905 2 1 -1 
2 3 -901 4 2 -5 
6 4 -904 5 2 -4 
6 6 -901 4 3 -4 
4 5 -905 6 2 -6 
3 2 -905 4 2 -3 
2 3 -903 5 3 -6 
1 6 -903 1 2 -5 
4 6 -905 6 2 -5 
3 2 -901 6 3 -6 
1 2 -903 1 1 -3 
1 4 -905 2 3 -5 
2 3 -900 2 4 -5 
2 3 -903 4 2 -3 
5 3 -902 2 4 -4 
5 4 -900 4 2 -2 
4 4 -904 4 1 -5 
4 3 -900 3 2 -6 
5 4 -903 1 5 -6 
4 5 -901 5 3 -4 
4 2 -902 3 3 -3 
4 6 -902 2 2 -2 
2 1 -903 5 3 -4 
4 2 -905 4 2 -5 
6 4 -901 1 1 -5 
6 6 -903 6 3 -5 
1 2 -903 5 2 -4 
2 3 -900 4 2 -6 
5 5 -905 6 3 -5 
1 6 -901 5 3 -5 
4 4 -900 3 2 -3 
6 5 -903 5 3 -4 
3 6 -905 2 3 -6 
3 4 -900 6 5 -6 
2 3 -900 2 3 -4 
3 3 -903 5 3 -3 
3 6 -903 2 4 -6 
2 6 -904 1 4 -4 
1 5 -900 6 6 -6 
6 3 -905 2 1 -6 
4 6 -902 3 1 -1 
4 5 -902 1 5 -6 
5 3 -903 5 1 -5 
2 6 -902 3 3 -4 
4 2 -901 2 1 -6 
6 5 -900 2 3 -5 
5 6 -903 6 2 -6 
2 6 -904 5 3 -6 
2 1 -900 1 2 -5 
6 6 -900 6 5 -6 
1 6 -904 6 2 -2 
6 4 -902 4 3 -5 
4 6 -905 1 1 -6 
1 2 -903 3 5 -5 
2 4 -904 3 1 -2 
2 3 -905 1 2 -6 
4 1 -900 2 4 -5 
2 3 -905 1 3 -3 
3 2 -905 4 4 -5 
4 1 -902 6 5 -6 
1 4 -900 5 2 -6 
6 5 -900 1 4 -6 
1 2 -901 1 1 -4 
6 2 -901 2 1 -3 
1 3 -905 1 2 -5 
6 3 -904 2 3 -5 
4 4 -905 4 5 -5 
6 5 -902 5 3 -6 
1 2 -901 1 1 -5 
4 1 -902 6 2 -4 
4 4 -903 5 1 -5 
2 5 -903 1 4 -6 
1 6 -902 1 1 -2 
6 6 -903 5 1 -2 
3 2 -904 3 2 -4 
3 4 -900 2 2 -6 
3 6 -905 6 2 -5 
4 4 -902 4 1 -1 
4 5 -902 5 5 -6 
3 1 -901 1 6 -6 
2 2 -905 4 1 -1 
6 4 -903 2 1 -5 
1 6 -905 6 1 -5 
6 4 -901 5 3 -5 
3 6 -905 2 2 -4 
3 1 -904 6 5 -5 
1 4 -902 1 2 -3 
1 5 -901 3 1 -6 
3 1 -902 2 3 -6 
5 1 -901 3 2 -3 
5 1 -901 5 2 -5 
2 5 -902 1 3 -5 
6 3 -904 6 2 -3 
1 4 -905 4 2 -4 
5 3 -903 4 1 -3 
1 5 -901 6 2 -5 
3 4 -900 5 1 -6 
5 3 -900 3 3 -4 
2 3 -905 1 1 -5 
4 1 -904 4 2 -4 
1 1 -903 4 4 -6 
2 6 -905 4 1 -6 
4 5 -901 1 3 -4 
4 5 -902 5 2 -4 
2 2 -902 1 1 -5 
6 6 -901 2 3 -4 
5 1 -900 3 6 -6 
4 6 -904 5 4 -6 
2 5 -905 2 1 -1 
3 6 -900 5 3 -6 
2 2 -901 2 5 -6 
6 4 -902 5 3 -4 
2 5 -903 2 1 -1 
4 2 -903 4 3 -3 
3 3 -905 1 4 -5 
5 3 -901 6 1 -5 
4 3 -901 4 1 -5 
1 5 -904 6 3 -5 
5 1 -901 2 1 -3 
4 2 -903 4 2 -6 
1 4 -905 4 3 -6 
3 2 -905 2 1 -2 
4 3 -905 4 2 -2 
1 4 -904 1 5 -6 
6 3 -901 6 2 -2 
3 3 -901 4 1 -3 
1 5 -904 5 3 -6 
5 5 -902 3 3 -6 
2 3 -900 4 4 -4 
2 4 -902 1 2 -4 
6 6 -903 3 3 -6 
4 6 -903 2 1 -3 
3 5 -903 5 3 -6 
6 1 -905 1 2 -6 
2 6 -902 2 1 -6 
2 4 -901 4 2 -6 
4 4 -905 6 2 -3 
4 3 -900 4 1 -2 
2 2 -902 2 3 -4 
3 2 -902 2 4 -5 
2 5 -904 3 2 -4 
3 3 -901 3 2 -4 
4 3 -900 4 1 -5 
2 2 -902 6 4 -4 
4 1 -905 6 3 -6 
5 2 -900 5 2 -4 
5 3 -905 4 1 -5 
6 2 -903 3 1 -4 
6 6 -901 4 1 -4 
2 6 -901 4 4 -5 
5 3 -900 5 1 -5 
3 5 -900 4 3 -5 
4 2 -902 5 6 -6 
6 3 -901 6 6 -6 
2 6 -900 2 6 -6 
5 5 -905 6 1 -3 
1 2 -903 1 2 -3 
1 1 -903 3 1 -3 
3 1 -902 3 3 -3 
4 1 -904 3 2 -4 
6 6 -903 5 2 -4 
2 1 -902 6 4 -6 
5 1 -900 4 2 -5 
2 1 -901 1 1 -3 
6 4 -901 4 2 -5 
2 4 -905 3 3 -5 
4 5 -904 2 4 -4 
4 6 -904 4 5 -5 
5 5 -901 2 1 -3 
6 5 -902 6 1 -1 
5 2 -905 1 1 -5 
1 3 -904 2 3 -5 
6 5 -904 5 2 -2 
2 2 -901 4 2 -5 
4 4 -902 2 2 -4 
2 5 -903 5 1 -6 
1 3 -904 2 1 -3 
2 2 -903 2 1 -6 
2 4 -901 2 4 -4 
3 2 -902 1 1 -1 
3 4 -905 5 2 -6 
3 2 -905 6 3 -5 
4 1 -900 2 3 -4 
1 1 -904 3 1 -6 
6 6 -903 3 2 -4 
6 3 -904 2 1 -3 
1 5 -905 2 1 -1 
2 6 -900 6 1 -1 
3 1 -903 1 3 -6 
3 5 -901 6 3 -3 
6 4 -900 1 2 -3 
4 5 -900 6 4 -4 
1 2 -900 2 2 -6 
2 6 -902 5 1 -6 
6 1 -902 2 4 -6 
4 6 -903 1 1 -5 
3 3 -903 3 4 -4 
3 6 -904 1 2 -5 
1 5 -902 1 1 -6 
3 2 -903 3 4 -5 
3 2 -900 3 2 -3 
6 6 -902 4 3 -6 
6 1 -901 2 4 -5 
3 1 -901 4 2 -3 
1 6 -901 5 3 -4 
6 4 -900 6 3 -4 
5 5 -900 1 2 -2 
6 1 -901 5 2 -4 
2 2 -902 6 5 -6 
5 6 -901 5 1 -5 
1 3 -903 5 4 -4 
1 1 -905 5 1 -4 
6 6 -900 4 2 -5 
5 4 -903 6 4 -5 
4 4 -901 6 2 -5 
5 4 -902 5 1 -5 
6 5 -904 1 3 -3 
3 6 -902 1 2 -5 
6 1 -902 4 1 -2 
3 6 -903 4 1 -2 
5 2 -904 1 1 -2 
1 4 -903 2 3 -6 
2 2 -901 5 2 -2 
5 5 -903 4 4 -5 
2 5 -904 2 2 -3 
6 3 -902 3 1 -2 
1 6 -904 3 5 -6 
3 1 -902 5 2 -4 
6 5 -905 3 1 -4 
6 4 -902 4 3 -4 
6 5 -905 3 3 -6 
6 4 -903 1 2 -5 
5 5 -903 2 1 -4 
3 3 -903 4 5 -5 
5 2 -902 5 2 -2 
1 3 -905 4 3 -4 
2 3 -904 4 3 -5 
3 1 -900 3 2 -4 
2 2 -904 2 2 -5 
3 4 -900 4 4 -5 
3 6 -902 5 3 -6 
2 2 -900 5 1 -5 
3 5 -902 3 1 -4 
3 5 -902 5 2 -5 
1 4 -903 2 5 -6 
5 3 -904 1 1 -3 
5 4 -902 3 3 -3 
1 2 -900 2 1 -4 
4 5 -903 5 2 -6 
3 6 -901 3 1 -4 
4 6 -903 5 1 -1 
1 3 -902 6 5 -6 
5 5 -902 4 1 -2 
4 3 -900 1 2 -6 
1 5 -901 3 6 -6 
1 2 -905 3 4 -5 
1 4 -903 1 1 -6 
4 3 -900 6 2 -3 
2 3 -902 6 1 -5 
6 3 -900 3 2 -6 
3 6 -900 3 4 -4 
1 4 -901 3 1 -5 
5 2 -903 6 1 -2 
5 2 -901 6 1 -2 
6 2 -905 1 1 -2 
6 3 -903 5 1 -4 
4 4 -902 1 5 -6 
2 2 -903 6 5 -6 
2 6 -903 3 3 -5 
3 5 -902 5 4 -5 
3 2 -904 4 1 -5 
4 5 -901 6 2 -4 
1 5 -900 6 5 -5 
3 2 -904 3 1 -5 
6 2 -902 5 2 -4 
1 3 -905 4 4 -5 
2 2 -900 4 5 -6 
6 1 -902 5 3 -4 
4 1 -901 1 4 -6 
1 5 -904 5 2 -5 
3 5 -900 5 2 -6 
1 4 -902 6 4 -6 
5 1 -903 5 1 -4 
6 6 -901 2 3 -4 
6 3 -903 3 4 -5 
3 5 -903 1 1 -3 
6 2 -901 5 2 -6 
6 1 -904 4 3 -4 
3 2 -903 5 2 -3 
3 5 -901 4 1 -6 
6 5 -900 5 2 -3 
5 6 -902 4 3 -5 
5 3 -902 1 2 -5 
5 2 -900 1 1 -5 
4 1 -902 1 1 -5 
5 1 -905 3 2 -6 
4 2 -904 3 4 -5 
1 2 -902 4 2 -2 
6 1 -902 2 2 -5 
5 2 -904 3 1 -2 
1 3 -900 1 3 -4 
5 5 -901 3 1 -4 
6 5 -905 1 1 -4 
3 3 -905 6 3 -6 
6 5 -904 3 1 -3 
5 3 -900 5 1 -4 
4 6 -904 4 2 -4 
3 6 -901 6 3 -4 
2 3 -903 5 2 -3 
2 5 -901 2 1 -6 
2 3 -904 5 1 -5 
2 4 -904 4 1 -4 
3 2 -901 2 5 -6 
2 3 -904 1 2 -6 
5 4 -903 2 5 -6 
4 3 -904 5 1 -6 
5 5 -902 6 1 -6 
4 4 -902 5 2 -4 
2 4 -900 6 1 -3 
3 4 -901 1 2 -2 
3 1 -905 4 4 -5 
6 6 -903 4 2 -6 
6 6 -901 1 6 -6 
1 5 -900 5 4 -6 
1 6 -900 4 4 -5 
6 5 -904 5 4 -6 
5 5 -903 6 2 -5 
2 4 -903 3 1 -6 
1 4 -901 5 1 -2 
3 5 -905 3 3 -6 
4 3 -903 2 1 -5 
1 5 -900 6 1 -5 
2 5 -905 1 1 -2 
3 6 -901 5 5 -6 
1 4 -900 1 1 -2 
4 2 -904 5 1 -2 
6 3 -902 6 6 -6 
3 4 -903 3 1 -2 
4 4 -903 2 1 -1 
6 4 -903 1 2 -4 
6 2 -901 3 2 -3 
1 1 -901 4 2 -2 
3 3 -903 2 3 -3 
5 6 -902 5 1 -2 
4 6 -905 5 4 -5 
2 1 -905 6 3 -6 
5 1 -901 5 4 -6 
4 6 -903 4 5 -6 
2 3 -902 3 1 -6 
3 3 -901 6 3 -6 
3 5 -904 1 1 -1 
5 3 -901 3 4 -4 
1 5 -903 2 1 -1 
3 3 -903 3 2 -4 
2 2 -904 4 6 -6 
2 6 -900 6 6 -6 
5 1 -904 1 5 -6 
6 4 -905 2 1 -1 
1 3 -900 4 4 -6 
2 4 -904 6 2 -4 
6 2 -904 5 4 -5 
4 1 -902 3 4 -6 
4 3 -905 5 3 -6 
5 2 -905 5 3 -5 
5 4 -900 6 6 -6 
4 4 -905 2 6 -6 
3 1 -905 1 1 -1 
4 5 -901 3 1 -4 
2 6 -904 4 4 -4 
5 3 -903 1 1 -2 
6 5 -901 3 2 -5 
1 2 -901 4 4 -6 
4 3 -903 4 1 -4 
2 5 -901 1 2 -3 
1 6 -900 4 2 -5 
2 4 -902 3 1 -3 
2 3 -904 2 2 -3 
3 4 -900 2 3 -5 
4 4 -903 3 3 -3 
5 4 -905 5 1 -4 
3 3 -901 2 4 -5 
5 5 -905 6 1 -1 
1 3 -905 4 2 -2 
4 5 -904 6 2 -6 
5 3 -900 3 5 -6 
2 1 -902 3 1 -4 
1 5 -901 6 2 -5 
2 5 -904 1 5 -5 
1 2 -904 4 1 -3 
4 1 -900 4 2 -5 
1 5 -905 2 2 -4 
4 3 -903 6 2 -5 
4 4 -901 5 5 -6 
6 4 -902 6 3 -6 
1 6 -903 1 5 -6 
2 6 -904 6 2 -5 
4 1 -901 6 1 -3 
4 1 -900 4 3 -5 
3 6 -904 2 3 -6 
1 2 -902 4 2 -2 
5 2 -900 6 3 -3 
2 4 -901 6 1 -6 
5 1 -904 6 3 -5 
4 2 -905 4 2 -3 
3 2 -901 3 4 -4 
1 5 -902 3 2 -2 
3 3 -901 5 4 -5 
5 2 -903 1 2 -2 
3 1 -901 3 1 -4 
2 1 -900 2 1 -3 
6 1 -902 6 2 -5 
3 6 -904 1 1 -5 
2 2 -902 2 2 -4 
1 6 -903 3 4 -6 
1 1 -900 2 3 -5 
6 5 -902 4 4 -5 
2 6 -901 2 4 -4 
6 5 -900 6 2 -4 
1 6 -900 1 4 -5 
6 2 -900 5 4 -5 
4 1 -904 3 2 -4 
3 2 -901 2 5 -6 
3 6 -900 4 3 -5 
5 1 -902 4 1 -4 
5 5 -905 4 1 -2 
1 6 -900 6 1 -5 
2 2 -903 2 4 -5 
6 3 -901 4 1 -2 
2 3 -903 5 2 -6 
5 6 -902 1 3 -4 
4 2 -904 4 1 -6 
5 5 -905 1 1 -2 
5 1 -905 4 2 -4 
3 4 -901 5 6 -6 
4 5 -902 4 4 -4 
1 4 -900 5 4 -4 
4 6 -903 5 2 -3 
1 5 -905 1 1 -4 
1 6 -903 6 5 -6 
1 6 -903 5 2 -6 
1 3 -901 1 1 -3 
4 5 -905 4 4 -4 
1 2 -902 4 2 -2 
4 3 -900 3 1 -4 
4 5 -903 4 1 -2 
1 6 -901 6 1 -2 
4 6 -901 1 1 -5 
6 1 -904 1 3 -4 
6 2 -901 1 5 -5 
2 5 -901 3 3 -6 
2 6 -900 1 3 -5 
1 1 -900 4 3 -5 
6 6 -904 5 2 -2 
2 2 -904 2 1 -3 
6 2 -903 4 3 -3 
4 4 -905 4 2 -4 
3 4 -905 6 3 -6 
1 1 -903 5 1 -3 
3 5 -903 1 4 -5 
6 5 -904 6 1 -2 
4 6 -904 6 3 -4 
5 6 -905 3 1 -4 
6 6 -900 1 3 -3 
6 2 -903 1 3 -6 
4 2 -901 2 3 -6 
6 3 -903 1 3 -6 
5 5 -904 3 4 -6 
4 5 -905 5 3 -6 
4 6 -904 4 3 -5 
3 3 -900 2 3 -5 
4 1 -904 2 4 -6 
4 3 -905 2 2 -4 
5 4 -900 5 2 -4 
3 6 -903 2 3 -6 
4 2 -904 1 1 -2 
5 3 -900 5 4 -4 
2 1 -902 4 3 -6 
1 2 -905 2 3 -4 
4 4 -902 3 3 -4 
1 5 -900 1 4 -5 
3 3 -905 4 3 -4 
2 4 -900 1 1 -6 
4 3 -900 4 3 -4 
2 4 -901 4 2 -6 
2 2 -904 6 2 -6 
4 5 -900 4 1 -6 
6 3 -902 4 2 -6 
1 3 -901 5 3 -5 
1 3 -903 3 1 -4 
2 6 -902 1 1 -3 
2 2 -905 6 4 -6 
6 3 -905 4 5 -6 
2 2 -905 3 2 -4 
2 1 -901 6 3 -4 
3 5 -905 4 5 -5 
4 3 -905 2 5 -5 
6 6 -902 5 3 -6 
5 6 -900 4 2 -5 
4 5 -905 5 3 -4 
6 6 -904 5 2 -3 
6 2 -903 1 1 -3 
5 4 -901 2 2 -6 
5 1 -904 4 2 -5 
4 5 -902 4 1 -6 
3 6 -902 5 1 -4 
3 4 -904 3 2 -3 
4 3 -905 3 5 -6 
1 2 -905 5 2 -4 
2 3 -901 6 2 -3 
4 6 -900 5 2 -3 
1 3 -903 4 5 -6 
5 2 -905 4 1 -5 
5 3 -902 4 1 -2 
3 2 -905 2 2 -6 
3 6 -903 1 2 -6 
2 6 -905 5 2 -4 
1 5 -901 6 1 -2 
4 2 -900 1 1 -1 
5 4 -900 5 1 -3 
4 3 -905 6 4 -6 
6 6 -903 3 2 -2 
3 6 -902 6 3 -4 
3 1 -901 6 2 -6 
3 6 -900 6 2 -6 
4 1 -905 1 4 -5 
6 2 -905 4 1 -6 
2 3 -902 3 1 -4 
5 4 -900 2 1 -3 
5 3 -901 5 2 -5 
3 4 -901 2 1 -5 
4 4 -900 1 4 -6 
6 5 -901 4 4 -6 
3 2 -900 4 1 -3 
3 2 -903 1 1 -5 
6 2 -902 3 4 -6 
1 5 -904 5 1 -3 
2 6 -903 2 3 -5 
3 6 -901 4 5 -6 
3 1 -905 2 3 -5 
6 6 -903 5 4 -6 
5 2 -900 5 2 -4 
3 3 -903 5 2 -4 
3 6 -902 4 1 -4 
1 1 -900 1 1 -4 
6 3 -901 4 3 -4 
3 1 -902 4 5 -5 
3 2 -904 6 1 -2 
6 3 -903 3 3 -4 
4 1 -903 3 1 -2 
1 2 -905 4 1 -4 
1 6 -900 4 3 -4 
5 6 -904 5 6 -6 
2 6 -900 4 4 -5 
2 5 -904 3 4 -6 
5 2 -901 2 2 -6 
1 4 -901 5 1 -5 
5 6 -900 5 2 -4 
6 5 -900 6 4 -6 
5 2 -904 3 4 -6 
2 2 -900 4 5 -5 
3 2 -903 3 3 -6 
6 3 -900 6 4 -6 
4 5 -905 2 2 -2 
3 6 -901 1 3 -6 
1 5 -901 5 2 -3 
6 4 -904 6 1 -1 
5 1 -901 6 4 -6 
3 2 -905 6 6 -6 
6 5 -900 2 3 -6 
3 1 -903 5 1 -5 
5 1 -900 1 1 -6 
2 2 -904 4 1 -2 
2 1 -901 2 3 -4 
2 6 -902 3 1 -4 
2 4 -901 5 3 -5 
3 4 -902 4 4 -5 
6 6 -900 4 5 -6 
4 4 -901 2 2 -4 
1 1 -902 2 1 -1 
1 4 -901 4 2 -4 
4 3 -901 1 5 -5 
3 3 -901 5 4 -5 
2 5 -904 5 2 -2 
3 6 -901 2 3 -4 
5 4 -901 2 2 -4 
3 6 -902 4 1 -5 
3 1 -900 4 1 -5 
2 3 -903 3 4 -5 
4 4 -900 1 1 -5 
2 2 -904 2 2 -2 
5 2 -900 3 2 -5 
3 3 -905 5 2 -3 
3 1 -902 2 4 -4 
4 1 -901 6 4 -6 
6 4 -904 6 1 -1 
5 2 -903 5 3 -4 
5 5 -903 1 1 -4 
2 2 -905 3 4 -5 
5 3 -903 6 2 -3 
4 4 -901 6 3 -5 
5 5 -900 5 2 -4 
2 3 -900 6 5 -6 
5 6 -903 6 2 -6 
6 1 -901 1 2 -6 
3 4 -901 5 3 -4 
3 2 -905 6 2 -2 
4 3 -903 4 2 -3 
1 3 -904 6 1 -5 
6 3 -903 3 2 -3 
1 2 -900 5 2 -2 
5 3 -904 5 3 -5 
5 6 -901 5 4 -5 
4 6 -903 4 2 -5 
3 5 -904 2 3 -4 
4 3 -900 5 4 -4 
5 6 -905 4 2 -3 
2 4 -902 4 3 -6 
1 2 -904 1 2 -6 
5 2 -900 6 1 -1 
6 4 -904 1 3 -3 
1 3 -902 1 3 -4 
1 4 -904 6 4 -5 
3 2 -902 5 5 -6 
3 4 -901 3 2 -4 
1 4 -905 6 3 -4 
1 5 -905 1 2 -3 
2 1 -904 3 1 -2 
4 6 -905 3 3 -5 
5 1 -901 5 5 -5 
4 2 -905 3 2 -5 
5 2 -905 3 3 -3 
5 5 -905 6 1 -2 
2 2 -901 6 1 -4 
3 6 -903 6 4 -6 
6 6 -903 5 1 -1 
1 5 -903 6 2 -5 
2 4 -902 1 1 -4 
1 2 -905 2 3 -6 
4 3 -902 3 4 -5 
2 1 -901 6 1 -3 
6 2 -905 2 1 -5 
3 5 -903 4 3 -3 
3 1 -902 5 3 -4 
1 1 -905 6 3 -5 
3 2 -901 5 5 -5 
1 3 -900 4 2 -6 
6 5 -901 5 2 -6 
3 3 -901 2 1 -6 
4 6 -901 6 5 -5 
1 1 -903 3 1 -2 
2 3 -904 5 4 -4 
3 3 -901 4 1 -4 
2 6 -905 2 1 -2 
1 2 -901 1 4 -5 
1 3 -900 5 6 -6 
4 1 -903 4 1 -3 
5 1 -900 3 2 -6 
3 2 -903 5 2 -2 
3 5 -905 6 1 -5 
1 2 -903 4 2 -6 
6 6 -903 3 1 -1 
1 5 -904 3 3 -6 
5 6 -903 6 5 -5 
1 4 -902 6 4 -5 
6 4 -904 2 1 -2 
6 1 -904 6 6 -6 
4 6 -904 5 5 -5 
1 5 -904 2 2 -6 
2 5 -904 6 4 -6 
1 5 -903 1 6 -6 
4 5 -905 6 2 -5 
5 3 -900 6 2 -3 
5 1 -901 5 1 -6 
4 6 -903 2 5 -5 
4 5 -905 2 1 -4 
3 5 -901 2 5 -6 
5 4 -901 6 3 -6 
3 6 -902 2 3 -5 
6 2 -905 1 2 -5 
4 1 -901 2 3 -3 
3 5 -901 3 4 -6 
3 5 -904 3 1 -3 
1 1 -900 4 1 -2 
1 1 -903 2 2 -3 
4 4 -905 1 5 -5 
6 6 -903 4 2 -6 
3 1 -903 4 1 -1 
4 4 -900 3 4 -6 
6 2 -901 1 1 -2 
6 4 -905 2 1 -6 
5 3 -900 6 4 -6 
4 4 -900 6 1 -4 
6 6 -905 3 2 -3 
4 2 -900 5 1 -1 
5 6 -901 1 3 -6 
2 1 -904 2 2 -5 
4 4 -902 1 4 -6 
5 5 -901 4 5 -5 
1 4 -900 3 6 -6 
4 3 -901 3 1 -2 
5 3 -902 2 3 -6 
5 1 -901 4 2 -3 
4 1 -902 6 4 -6 
6 1 -901 4 2 -3 
4 3 -901 6 1 -1 
4 3 -902 2 2 -3 
1 3 -903 2 3 -4 
5 2 -901 6 1 -5 
6 2 -903 4 2 -3 
2 6 -903 6 1 -3 
3 2 -903 3 2 -3 
6 5 -904 2 1 -6 
3 6 -905 2 3 -3 
2 6 -901 5 1 -5 
2 1 -902 5 1 -4 
5 5 -902 5 4 -4 
6 5 -902 6 2 -6 
2 4 -900 1 3 -3 
5 3 -902 5 2 -5 
5 1 -900 1 1 -6 
5 3 -902 6 2 -4 
3 1 -905 2 2 -6 
4 5 -902 1 2 -4 
4 3 -905 4 1 -4 
1 1 -905 4 4 -6 
6 2 -904 3 1 -2 
2 4 -900 2 4 -4 
2 1 -904 6 1 -6 
6 1 -901 3 1 -5 
1 6 -900 4 2 -5 
6 4 -904 1 1 -6 
1 3 -904 5 3 -3 
5 3 -905 3 3 -3 
3 3 -903 6 4 -6 
1 4 -903 6 3 -6 
3 3 -900 6 3 -6 
5 2 -905 5 1 -3 
4 4 -905 3 3 -4 
2 1 -900 1 2 -5 
6 3 -902 6 2 -3 
3 6 -905 1 1 -4 
3 1 -905 5 5 -5 
1 6 -900 4 1 -1 
5 5 -900 6 3 -5 
1 5 -903 5 4 -5 
3 1 -904 4 1 -3 
5 1 -903 6 3 -5 
1 2 -904 1 4 -5 
6 5 -900 5 2 -4 
1 4 -905 5 1 -6 
4 2 -901 4 1 -4 
5 2 -902 2 1 -1 
4 1 -905 2 1 -3 
6 2 -903 5 2 -4 
2 1 -903 3 3 -6 
2 6 -902 4 1 -3 
4 4 -905 1 1 -6 
6 3 -903 5 2 -3 
1 4 -901 6 2 -3 
4 5 -901 5 1 -5 
6 4 -903 2 1 -2 
1 6 -903 3 2 -3 
2 3 -901 1 4 -6 
4 6 -903 2 3 -6 
2 4 -905 5 3 -5 
6 2 -900 1 1 -4 
6 5 -900 2 1 -6 
1 6 -904 1 1 -6 
4 5 -900 5 1 -6 
3 5 -903 3 3 -5 
6 1 -905 4 3 -5 
1 5 -904 6 4 -6 
1 4 -900 5 2 -6 
2 2 -900 3 5 -6 
6 6 -900 4 1 -6 
6 1 -903 1 2 -3 
6 2 -901 4 4 -6 
4 5 -904 2 1 -4 
2 3 -900 6 5 -6 
2 1 -904 6 2 -6 
4 1 -904 1 3 -6 
5 6 -904 5 6 -6 
3 4 -900 1 1 -5 
2 1 -902 1 3 -5 
5 4 -904 1 2 -3 
2 5 -903 5 2 -4 
1 2 -901 1 4 -4 
6 4 -905 2 1 -3 
6 2 -901 2 2 -4 
1 3 -903 4 4 -5 
2 2 -901 4 1 -4 
4 6 -901 2 2 -3 
6 1 -901 2 1 -5 
1 2 -904 5 1 -4 
5 4 -901 2 1 -4 
4 3 -903 6 3 -4 
2 4 -904 4 2 -4 
3 4 -903 3 3 -6 
5 6 -901 5 4 -5 
1 3 -900 6 2 -6 
2 5 -904 1 2 -6 
5 4 -900 5 2 -5 
5 1 -903 3 2 -6 
6 5 -904 5 1 -6 
4 4 -900 2 4 -4 
6 2 -905 6 1 -2 
5 4 -901 1 1 -1 
6 2 -900 4 3 -6 
6 4 -905 2 6 -6 
3 6 -900 1 4 -6 
6 6 -900 3 1 -5 
6 5 -900 6 2 -2 
5 5 -905 2 5 -5 
1 4 -903 5 2 -3 
5 3 -902 5 1 -5 
3 5 -902 4 3 -5 
5 4 -902 2 1 -5 
2 6 -905 3 1 -6 
5 5 -900 2 4 -6 
2 6 -901 1 5 -6 
6 5 -905 5 3 -5 
1 2 -904 3 5 -6 
3 6 -900 4 2 -4 
3 1 -904 5 1 -5 
5 4 -903 3 2 -5 
5 5 -904 2 6 -6 
3 6 -904 5 6 -6 
6 5 -905 3 4 -4 
3 5 -903 5 2 -6 
4 3 -900 1 4 -5 
2 3 -900 5 2 -4 
5 6 -902 5 1 -5 
2 6 -904 5 4 -6 
4 1 -902 1 3 -6 
1 4 -902 3 1 -2 
3 1 -904 3 2 -6 
4 6 -902 4 5 -5 
1 1 -905 5 4 -6 
3 5 -902 3 1 -4 
6 1 -904 6 6 -6 
5 6 -905 3 4 -6 
4 3 -900 1 3 -5 
2 6 -905 3 4 -6 
1 5 -900 3 1 -2 
4 1 -904 5 2 -6 
1 1 -900 5 3 -4 
2 5 -904 3 4 -4 
4 4 -903 3 2 -6 
5 4 -901 6 4 -5 
2 1 -902 3 1 -3 
3 4 -901 2 1 -1 
2 3 -903 4 1 -6 
4 3 -900 1 1 -3 
2 5 -905 5 4 -5 
5 6 -900 2 1 -1 
6 5 -902 2 3 -6 
4 4 -901 6 1 -3 
4 5 -905 2 2 -5 
1 1 -905 4 3 -5 
6 6 -903 2 3 -4 
2 6 -903 6 1 -3 
5 4 -905 6 2 -4 
6 3 -904 4 1 -2 
3 5 -904 5 1 -2 
2 6 -903 4 4 -6 
4 3 -905 5 1 -5 
1 6 -904 6 2 -4 
3 1 -900 4 4 -5 
6 1 -900 3 4 -4 
1 1 -904 1 3 -4 
5 6 -904 4 1 -5 
2 2 -905 3 6 -6 
4 6 -903 3 2 -3 
2 3 -900 2 2 -2 
6 4 -903 2 1 -2 
4 3 -902 6 2 -5 
5 5 -901 1 1 -6 
6 5 -901 5 1 -5 
4 5 -904 1 3 -5 
4 1 -900 3 4 -4 
3 1 -901 1 5 -6 
6 4 -904 4 2 -3 
4 3 -905 3 3 -4 
3 4 -901 3 2 -4 
2 3 -901 5 2 -2 
5 3 -900 2 2 -3 
1 5 -905 3 1 -6 
5 1 -902 4 1 -5 
5 3 -905 5 4 -4 
1 2 -903 1 1 -5 
4 3 -903 2 6 -6 
2 4 -905 5 1 -2 
3 4 -904 5 2 -6 
3 5 -901 6 3 -6 
6 5 -901 6 2 -4 
6 5 -901 3 1 -6 
2 2 -905 3 1 -5 
5 4 -902 4 1 -2 
2 6 -902 2 2 -5 
5 6 -901 6 1 -3 
2 5 -902 4 2 -5 
3 3 -901 5 2 -4 
3 6 -905 4 1 -6 
4 5 -901 5 2 -4 
2 2 -901 6 3 -5 
4 2 -905 6 1 -2 
3 5 -902 4 3 -4 
6 5 -902 2 5 -5 
4 1 -904 5 5 -6 
4 2 -900 2 1 -3 
4 4 -903 5 1 -6 
6 2 -902 5 1 -3 
6 5 -901 1 2 -6 
4 5 -903 3 1 -6 
4 1 -903 6 3 -5 
2 3 -903 4 2 -3 
2 6 -900 5 1 -2 
2 2 -903 4 6 -6 
3 1 -904 4 5 -5 
4 3 -901 6 2 -2 
1 4 -901 4 3 -4 
4 3 -901 3 3 -5 
6 4 -900 5 1 -4 
3 1 -903 5 2 -3 
5 1 -903 3 2 -2 
4 5 -901 5 1 -4 
2 5 -904 3 1 -2 
5 1 -905 1 1 -3 
2 1 -904 2 4 -5 
3 6 -900 5 2 -5 
1 2 -903 5 4 -4 
5 4 -904 1 1 -6 
1 5 -903 3 3 -4 
6 2 -900 5 1 -4 
3 4 -905 2 5 -5 
6 4 -905 1 5 -5 
5 3 -902 2 2 -6 
4 4 -903 2 1 -3 
4 1 -901 5 4 -5 
6 6 -904 5 1 -6 
6 5 -904 6 2 -5 
3 3 -900 3 3 -4 
4 6 -905 6 1 -6 
4 5 -904 1 2 -6 
2 4 -900 1 1 -5 
3 5 -900 4 3 -5 
1 3 -903 4 4 -6 
2 5 -904 4 1 -5 
5 2 -901 5 1 -1 
2 1 -900 6 4 -6 
1 5 -902 3 2 -2 
6 1 -902 2 2 -5 
5 5 -901 2 3 -5 
5 5 -902 3 6 -6 
1 5 -900 5 1 -6 
6 6 -905 4 5 -6 
6 1 -904 5 5 -5 
1 1 -901 2 1 -6 
2 1 -903 3 2 -4 
6 3 -901 3 3 -5 
3 1 -901 5 2 -5 
4 2 -902 2 1 -2 
