2999
6 6 -904 904 5 -6 
1 1 -904 902 6 -6 
4 2 -905 901 2 -3 
1 4 -903 900 3 -4 
5 5 -903 902 3 -6 
1 6 -905 900 4 -5 
2 6 -901 900 4 -6 
4 3 -903 902 2 -4 
5 6 -905 902 4 -5 
2 4 -905 903 2 -5 
6 5 -902 900 1 -5 
3 5 -904 904 3 -4 
4 3 -904 902 1 -4 
3 4 -905 903 1 -5 
3 1 -904 902 5 -6 
4 1 -902 901 5 -6 
1 3 -905 903 4 -6 
1 2 -900 900 3 -4 
1 6 -905 905 3 -5 
4 1 -905 903 1 -4 
1 5 -905 900 6 -6 
5 4 -905 904 3 -5 
5 4 -904 904 4 -6 
4 2 -905 901 4 -4 
6 6 -902 901 1 -6 
5 3 -904 902 3 -4 
6 1 -905 900 5 -6 
6 1 -903 902 2 -4 
3 3 -902 901 3 -5 
4 1 -903 900 1 -5 
1 2 -905 901 1 -3 
3 1 -905 901 2 -3 
2 1 -905 903 1 -6 
5 2 -905 902 4 -6 
6 3 -902 901 4 -5 
5 3 -905 900 2 -3 
2 4 -903 903 2 -4 
6 5 -902 900 1 -1 
3 1 -905 902 3 -6 
2 2 -900 900 5 -5 
6 3 -905 904 3 -6 
5 4 -904 903 1 -3 
4 3 -902 900 3 -5 
6 6 -901 900 1 -1 
1 6 -903 902 2 -6 
1 6 -905 904 3 -6 
3 3 -903 901 1 -6 
4 4 -903 901 2 -5 
2 3 -904 904 4 -4 
3 5 -905 900 6 -6 
4 3 -904 900 2 -6 
2 3 -902 901 1 -2 
4 5 -905 903 2 -5 
2 2 -901 901 1 -2 
6 2 -904 903 2 -3 
5 3 -905 900 1 -2 
2 3 -905 902 2 -6 
2 4 -902 900 3 -6 
1 6 -904 901 1 -5 
5 2 -902 900 2 -2 
3 4 -902 901 3 -6 
4 1 -903 902 1 -3 
4 6 -904 903 3 -5 
3 3 -905 901 1 -6 
2 3 -905 904 1 -3 
3 1 -905 900 2 -3 
2 6 -905 900 2 -3 
5 6 -905 902 1 -3 
2 6 -902 901 4 -6 
5 2 -902 901 4 -6 
1 2 -905 903 4 -6 
5 3 -902 902 3 -5 
3 6 -903 902 3 -5 
6 2 -902 901 3 -6 
5 2 -902 902 1 -2 
2 6 -904 902 3 -5 
3 2 -904 903 2 -3 
1 5 -905 904 4 -5 
1 5 -905 904 5 -6 
6 1 -901 900 1 -4 
5 5 -903 901 3 -4 
2 4 -902 901 2 -3 
5 3 -903 902 2 -6 
6 2 -904 904 5 -5 
5 3 -903 901 4 -6 
5 4 -902 900 2 -3 
2 3 -905 902 1 -2 
5 5 -905 901 1 -6 
2 1 -905 904 2 -3 
3 4 -905 901 2 -3 
1 1 -903 900 1 -2 
1 2 -904 901 1 -5 
2 2 -902 900 1 -4 
2 1 -903 903 2 -4 
3 3 -902 901 1 -4 
6 6 -903 903 2 -6 
5 2 -905 900 1 -6 
5 3 -904 900 2 -6 
6 3 -905 903 2 -6 
1 6 -902 901 3 -4 
2 1 -903 901 4 -6 
3 6 -902 900 2 -2 
5 1 -903 901 2 -3 
3 6 -901 900 1 -2 
1 3 -905 900 2 -4 
4 2 -902 902 2 -6 
3 1 -905 900 1 -2 
2 3 -905 902 3 -5 
5 4 -905 902 6 -6 
5 1 -905 904 4 -4 
2 5 -903 900 4 -5 
3 1 -905 905 3 -4 
2 5 -903 901 4 -5 
4 1 -905 900 2 -2 
4 6 -905 904 3 -4 
6 4 -901 901 5 -6 
4 1 -904 903 1 -5 
5 2 -901 900 1 -5 
4 6 -905 900 2 -6 
6 1 -904 901 1 -4 
1 3 -905 903 2 -3 
5 1 -905 900 2 -4 
5 4 -903 902 1 -5 
3 2 -905 905 3 -6 
1 3 -905 904 6 -6 
3 6 -903 900 2 -3 
1 5 -903 901 1 -5 
2 3 -904 903 4 -4 
6 6 -905 902 4 -6 
4 5 -903 900 2 -4 
4 6 -903 901 3 -5 
3 3 -905 900 3 -3 
1 5 -905 903 1 -5 
2 5 -905 900 1 -6 
1 6 -903 901 5 -5 
6 4 -904 901 1 -4 
3 3 -901 901 4 -6 
5 2 -905 902 1 -3 
4 6 -902 902 1 -5 
3 3 -903 901 4 -5 
5 5 -903 901 5 -6 
6 1 -904 900 1 -5 
5 3 -905 904 4 -4 
4 3 -903 901 4 -5 
1 5 -904 904 4 -4 
1 3 -904 902 1 -4 
3 2 -905 900 1 -5 
2 6 -904 901 3 -5 
5 1 -905 902 1 -6 
5 6 -905 903 4 -5 
1 2 -904 903 1 -3 
6 3 -903 901 3 -4 
6 1 -903 901 2 -4 
3 3 -905 903 3 -4 
5 3 -905 902 1 -4 
2 5 -905 901 4 -4 
4 2 -904 900 3 -4 
4 4 -903 903 1 -4 
3 3 -904 902 5 -6 
1 5 -904 901 2 -2 
6 2 -904 902 3 -4 
1 2 -904 903 1 -2 
5 6 -903 901 3 -5 
1 5 -901 901 3 -4 
2 6 -905 903 3 -6 
6 5 -900 900 2 -4 
3 1 -903 900 4 -5 
5 4 -905 903 1 -1 
1 5 -905 904 3 -4 
5 3 -904 903 4 -5 
4 6 -905 904 1 -2 
5 4 -903 901 1 -5 
5 1 -905 901 4 -5 
3 5 -901 900 1 -5 
6 3 -904 902 2 -5 
3 3 -903 902 1 -2 
3 6 -904 902 3 -6 
4 4 -905 904 1 -1 
3 2 -904 904 5 -6 
5 3 -902 900 2 -6 
5 4 -903 902 1 -3 
3 1 -903 900 1 -5 
1 5 -903 901 3 -4 
2 5 -902 901 4 -5 
3 3 -905 903 2 -5 
3 5 -904 903 5 -6 
1 6 -905 902 1 -5 
1 3 -903 902 4 -5 
6 4 -901 901 3 -4 
1 5 -905 902 1 -4 
3 2 -903 903 1 -4 
6 1 -905 902 4 -5 
1 2 -904 903 1 -1 
6 2 -903 901 3 -6 
2 6 -904 902 1 -5 
6 4 -902 901 3 -5 
1 1 -904 900 1 -4 
4 3 -901 901 4 -4 
4 2 -901 901 5 -5 
6 2 -904 900 1 -4 
1 4 -903 903 2 -4 
5 3 -904 903 1 -5 
1 5 -901 900 3 -5 
6 1 -904 903 3 -5 
2 5 -902 900 1 -2 
6 5 -903 901 4 -4 
1 1 -905 904 4 -5 
4 3 -902 900 1 -4 
6 1 -903 900 5 -6 
3 3 -905 904 5 -6 
5 1 -904 903 2 -3 
3 5 -905 903 2 -3 
1 4 -905 902 1 -4 
5 5 -904 901 1 -5 
4 3 -904 900 4 -4 
5 4 -905 900 1 -2 
2 1 -905 904 2 -3 
3 6 -905 901 2 -3 
4 5 -904 903 2 -2 
1 2 -905 900 4 -5 
3 3 -905 903 4 -6 
6 2 -904 902 1 -3 
3 2 -905 905 1 -1 
2 1 -903 900 2 -6 
6 2 -905 903 1 -3 
1 1 -901 900 3 -3 
3 6 -902 901 2 -5 
1 1 -902 900 3 -4 
6 1 -905 901 1 -4 
5 6 -904 900 1 -4 
3 6 -905 904 2 -2 
6 6 -902 900 3 -4 
3 5 -902 900 2 -3 
2 5 -904 901 5 -6 
3 3 -905 900 3 -3 
1 3 -902 901 2 -3 
6 1 -905 901 2 -4 
3 4 -900 900 2 -4 
2 1 -905 902 1 -1 
6 6 -902 900 1 -2 
6 5 -905 901 1 -6 
2 5 -904 903 1 -1 
4 5 -901 901 2 -5 
1 4 -904 901 3 -4 
2 6 -903 901 1 -6 
5 3 -902 900 1 -6 
6 1 -905 903 1 -1 
3 1 -902 901 4 -6 
4 5 -902 900 1 -6 
4 6 -904 902 4 -6 
1 1 -905 900 4 -5 
5 1 -905 904 2 -3 
1 1 -902 900 5 -6 
2 5 -902 900 1 -2 
2 2 -903 900 2 -6 
5 1 -902 900 2 -3 
1 2 -905 903 2 -4 
5 3 -903 901 1 -2 
1 4 -905 904 2 -3 
4 5 -903 901 1 -5 
1 6 -902 900 4 -6 
1 2 -905 900 2 -5 
4 5 -905 901 2 -4 
1 1 -902 901 2 -3 
6 5 -905 900 1 -6 
6 6 -905 903 1 -3 
5 1 -903 903 3 -4 
2 6 -905 900 4 -6 
3 3 -901 900 5 -6 
5 5 -904 901 2 -4 
6 4 -904 903 2 -2 
5 5 -904 901 3 -4 
3 1 -905 900 1 -5 
6 4 -905 904 2 -4 
6 1 -902 901 5 -6 
2 5 -905 905 5 -6 
4 1 -904 900 3 -4 
2 3 -904 903 5 -6 
3 6 -901 900 1 -5 
6 1 -903 901 6 -6 
2 5 -901 901 3 -6 
6 3 -905 903 3 -6 
6 2 -903 902 1 -4 
2 1 -904 903 4 -4 
3 3 -905 902 6 -6 
2 5 -904 904 5 -5 
5 4 -905 900 1 -1 
5 2 -902 901 5 -6 
2 6 -900 900 1 -3 
2 3 -902 900 2 -2 
6 3 -904 900 2 -4 
2 2 -904 900 2 -6 
5 6 -905 902 2 -5 
2 1 -901 900 2 -3 
2 2 -903 900 5 -6 
1 5 -903 902 3 -6 
5 3 -905 905 2 -4 
1 2 -903 901 4 -4 
5 4 -905 905 1 -2 
4 1 -905 901 2 -5 
1 1 -902 901 3 -4 
1 1 -903 903 5 -6 
2 1 -904 900 2 -4 
6 2 -901 901 1 -2 
1 6 -904 903 1 -1 
2 6 -904 903 1 -6 
1 5 -903 900 2 -5 
3 2 -902 900 3 -4 
1 3 -904 900 5 -6 
3 1 -905 902 1 -6 
3 2 -905 900 3 -6 
3 2 -902 901 2 -5 
2 2 -904 904 1 -2 
5 6 -903 900 3 -3 
3 3 -905 900 1 -5 
4 6 -901 901 3 -6 
2 2 -905 905 2 -6 
6 5 -903 901 4 -5 
2 4 -904 902 1 -5 
6 2 -900 900 3 -6 
6 6 -904 901 1 -3 
1 6 -905 902 3 -3 
6 4 -901 900 4 -6 
5 4 -905 902 3 -6 
5 4 -905 900 4 -6 
1 4 -905 902 2 -4 
4 6 -905 902 2 -6 
6 3 -904 901 1 -1 
2 5 -904 902 2 -6 
3 3 -905 905 2 -5 
6 2 -903 901 2 -6 
4 4 -904 903 2 -5 
4 1 -905 903 3 -4 
5 4 -900 900 1 -2 
1 6 -900 900 1 -2 
4 5 -902 901 2 -5 
4 3 -905 902 1 -1 
4 2 -901 900 3 -6 
4 3 -903 901 1 -2 
1 5 -901 900 1 -1 
4 4 -903 902 1 -1 
2 1 -902 901 1 -4 
6 1 -903 901 3 -4 
5 6 -905 904 2 -4 
4 4 -901 900 2 -5 
1 4 -902 900 2 -4 
1 5 -901 900 5 -6 
2 4 -900 900 3 -4 
2 4 -905 902 2 -6 
2 6 -905 901 3 -6 
2 4 -902 900 6 -6 
4 2 -905 904 1 -3 
6 1 -903 902 4 -6 
1 4 -905 905 2 -3 
2 1 -901 900 2 -4 
1 6 -904 904 2 -5 
1 3 -905 900 4 -5 
3 6 -905 904 1 -6 
3 5 -905 900 4 -6 
6 2 -901 900 2 -2 
2 5 -903 903 1 -4 
4 1 -904 902 3 -6 
4 3 -905 904 2 -6 
2 3 -904 901 2 -4 
4 5 -904 901 3 -4 
6 2 -905 900 1 -2 
1 3 -903 901 2 -6 
6 3 -904 901 1 -2 
1 4 -905 902 3 -4 
5 1 -905 900 1 -2 
5 1 -905 900 3 -4 
3 2 -905 900 1 -5 
2 5 -905 901 2 -6 
6 1 -900 900 4 -6 
1 4 -903 900 5 -6 
2 1 -904 904 4 -5 
3 1 -905 900 6 -6 
4 5 -902 901 4 -6 
5 2 -905 904 5 -6 
6 4 -902 902 4 -5 
1 5 -905 904 1 -6 
4 3 -904 902 1 -3 
5 6 -902 901 4 -4 
1 4 -902 902 1 -5 
4 3 -905 902 5 -6 
3 2 -905 900 2 -6 
3 4 -905 901 1 -6 
2 3 -904 903 1 -3 
6 5 -901 900 5 -6 
6 1 -903 900 4 -4 
4 5 -901 901 1 -5 
1 4 -901 901 1 -5 
4 6 -905 903 2 -5 
6 5 -905 904 4 -4 
5 6 -905 905 5 -6 
4 2 -901 900 4 -5 
6 2 -903 901 4 -4 
2 1 -902 902 2 -3 
2 5 -904 900 1 -4 
5 5 -905 902 3 -6 
2 2 -903 900 1 -3 
1 3 -903 902 4 -6 
5 3 -901 900 2 -6 
2 1 -904 903 2 -3 
1 4 -905 903 4 -6 
6 1 -902 902 5 -6 
3 6 -903 901 2 -2 
6 4 -903 902 3 -6 
4 6 -904 903 1 -2 
4 2 -905 904 1 -5 
3 6 -905 900 1 -6 
4 5 -904 901 3 -5 
2 4 -903 902 2 -5 
5 3 -903 900 4 -6 
5 6 -904 902 3 -6 
2 4 -900 900 1 -1 
4 1 -904 903 2 -6 
2 4 -902 901 3 -3 
6 4 -902 900 2 -5 
2 1 -904 902 4 -5 
4 5 -905 904 2 -2 
6 1 -901 900 1 -2 
6 4 -905 900 2 -5 
2 3 -904 901 1 -5 
4 5 -904 903 3 -4 
5 2 -902 901 1 -6 
5 6 -904 901 4 -4 
6 3 -903 901 5 -6 
6 4 -904 903 2 -5 
5 4 -903 902 1 -3 
3 6 -904 903 4 -6 
4 5 -904 900 1 -4 
6 5 -901 900 2 -5 
6 4 -904 901 5 -6 
1 3 -904 903 1 -5 
4 6 -902 901 2 -5 
3 6 -904 901 4 -6 
2 2 -905 904 4 -4 
2 3 -905 901 3 -6 
4 6 -904 900 2 -6 
5 4 -902 901 1 -5 
2 5 -902 901 3 -5 
3 2 -905 904 2 -6 
3 1 -905 903 4 -5 
6 2 -903 902 1 -3 
2 1 -903 901 3 -3 
5 5 -902 900 4 -5 
5 2 -905 902 1 -4 
5 2 -900 900 1 -3 
3 2 -904 902 1 -2 
1 3 -904 900 4 -6 
1 1 -904 903 2 -3 
5 5 -901 900 3 -3 
6 1 -902 901 4 -6 
3 5 -903 902 3 -5 
1 4 -905 902 6 -6 
2 2 -903 900 2 -3 
2 5 -903 901 1 -3 
6 1 -904 903 2 -2 
5 6 -903 902 4 -5 
1 6 -901 900 1 -5 
6 2 -903 902 1 -6 
4 5 -903 901 2 -6 
4 5 -901 900 2 -5 
2 3 -901 900 1 -2 
2 1 -905 902 5 -6 
3 6 -901 900 2 -4 
5 4 -902 901 1 -5 
3 6 -905 902 1 -4 
2 4 -905 900 2 -4 
4 1 -902 901 1 -3 
5 5 -904 901 4 -6 
4 1 -902 900 1 -3 
2 4 -905 900 1 -3 
2 4 -905 904 5 -6 
4 4 -902 900 1 -6 
5 3 -905 902 1 -3 
6 3 -904 903 3 -5 
4 5 -901 900 4 -6 
2 4 -904 903 1 -5 
4 6 -904 902 3 -5 
3 2 -905 902 1 -3 
2 2 -904 901 3 -6 
4 5 -905 905 1 -4 
6 5 -905 900 2 -4 
1 2 -905 901 3 -4 
2 3 -905 903 2 -6 
1 2 -905 905 4 -5 
4 5 -903 901 1 -1 
2 4 -903 903 5 -5 
2 6 -903 902 6 -6 
6 2 -901 900 1 -1 
3 2 -903 902 1 -3 
2 5 -905 902 1 -1 
4 5 -905 901 4 -6 
1 6 -900 900 5 -6 
6 5 -905 902 3 -5 
1 1 -905 900 3 -6 
1 2 -905 905 3 -4 
4 5 -903 902 4 -6 
1 1 -904 900 3 -5 
2 4 -904 903 4 -4 
2 3 -903 900 4 -6 
5 2 -903 901 1 -2 
4 6 -902 901 1 -3 
3 2 -904 901 2 -6 
3 2 -905 904 2 -3 
3 1 -901 900 2 -5 
1 5 -904 903 1 -4 
5 5 -905 900 1 -6 
2 6 -903 901 3 -4 
4 2 -905 902 1 -6 
1 5 -905 902 5 -6 
6 6 -904 902 2 -2 
1 4 -904 902 1 -3 
5 3 -903 902 2 -6 
6 4 -905 900 2 -4 
1 6 -901 900 4 -6 
3 2 -904 903 2 -6 
1 1 -903 903 1 -3 
1 5 -904 904 2 -4 
5 5 -902 902 6 -6 
2 3 -904 900 3 -5 
6 3 -903 903 1 -5 
4 4 -902 900 3 -3 
2 3 -903 901 3 -4 
5 4 -905 901 5 -6 
1 3 -903 901 1 -6 
2 6 -903 900 1 -4 
5 2 -905 900 1 -6 
4 6 -902 900 2 -6 
4 4 -904 900 1 -5 
2 4 -905 903 4 -4 
3 6 -903 900 1 -6 
3 2 -900 900 2 -2 
6 1 -902 902 1 -1 
4 1 -903 900 5 -6 
4 2 -903 900 4 -6 
2 6 -905 904 2 -3 
6 5 -902 901 3 -5 
3 3 -901 901 3 -6 
1 2 -904 901 1 -4 
1 3 -905 905 4 -5 
6 5 -903 902 3 -4 
1 3 -903 901 1 -5 
6 2 -905 901 5 -6 
1 5 -903 900 3 -6 
6 6 -904 903 1 -2 
6 1 -902 900 2 -5 
6 5 -902 901 1 -4 
1 5 -903 901 5 -6 
5 1 -903 900 1 -4 
2 6 -901 900 2 -6 
2 1 -905 903 3 -6 
6 4 -900 900 3 -6 
3 6 -905 903 2 -4 
2 2 -901 901 4 -5 
3 5 -902 900 3 -5 
6 2 -905 900 5 -5 
5 6 -903 902 1 -2 
1 2 -904 901 2 -4 
5 6 -905 904 2 -6 
5 6 -903 903 3 -6 
5 2 -900 900 3 -5 
1 2 -904 900 1 -5 
4 2 -904 900 2 -5 
5 4 -905 901 4 -5 
1 2 -905 901 2 -3 
6 4 -904 904 1 -5 
5 4 -905 903 3 -5 
3 6 -902 901 4 -4 
4 6 -900 900 4 -5 
4 6 -903 902 1 -5 
5 2 -904 903 2 -5 
2 3 -904 903 4 -4 
4 5 -904 901 4 -5 
6 1 -903 900 3 -6 
2 3 -905 900 3 -6 
3 5 -905 900 2 -5 
4 3 -905 903 3 -3 
5 4 -902 901 2 -5 
3 6 -905 904 2 -2 
6 5 -904 903 4 -6 
3 3 -901 900 4 -6 
1 5 -904 904 4 -4 
1 4 -902 901 1 -3 
3 6 -904 900 2 -5 
1 5 -903 901 3 -3 
1 2 -905 901 4 -6 
2 4 -900 900 3 -3 
2 6 -902 900 1 -4 
5 1 -904 902 1 -4 
3 3 -905 904 2 -2 
3 4 -903 900 5 -5 
4 4 -903 903 4 -6 
3 3 -905 900 3 -4 
4 6 -902 901 3 -4 
1 6 -905 901 3 -6 
4 1 -903 901 3 -6 
1 6 -905 900 2 -5 
4 5 -902 902 2 -5 
6 4 -904 900 4 -6 
1 2 -903 902 5 -6 
2 4 -905 901 5 -5 
2 2 -904 900 3 -5 
1 2 -905 902 2 -4 
6 2 -900 900 3 -4 
5 1 -903 900 2 -2 
6 2 -902 900 2 -4 
1 1 -904 904 2 -4 
3 5 -900 900 1 -5 
2 6 -905 900 3 -5 
2 1 -905 902 2 -5 
5 4 -905 903 2 -5 
6 2 -902 900 2 -4 
5 5 -905 902 1 -6 
3 3 -905 904 2 -5 
6 5 -901 901 3 -6 
5 4 -905 900 5 -6 
1 6 -905 901 4 -5 
1 4 -905 903 3 -5 
2 4 -900 900 2 -5 
2 5 -902 900 1 -6 
2 5 -905 905 2 -3 
5 2 -904 901 1 -6 
5 1 -903 902 4 -4 
5 3 -902 902 1 -2 
1 1 -902 900 1 -6 
3 2 -904 902 5 -6 
1 2 -903 900 1 -5 
5 4 -904 901 3 -4 
4 2 -902 900 1 -5 
1 2 -903 901 3 -5 
5 3 -901 900 1 -4 
1 5 -905 902 5 -5 
4 4 -902 900 2 -3 
3 3 -904 900 2 -5 
2 3 -904 901 2 -6 
3 3 -904 901 3 -6 
1 2 -901 901 2 -4 
4 2 -904 901 1 -6 
1 4 -904 903 3 -6 
5 2 -904 902 3 -6 
2 3 -903 900 4 -6 
2 6 -905 902 1 -3 
2 1 -905 903 2 -2 
4 4 -902 902 1 -5 
6 4 -905 904 1 -2 
2 2 -904 901 5 -6 
2 3 -901 900 3 -4 
6 2 -902 900 4 -6 
3 1 -900 900 2 -5 
1 5 -901 900 2 -6 
1 4 -901 900 1 -5 
1 5 -905 900 3 -3 
3 1 -902 901 3 -6 
4 2 -903 901 2 -2 
4 1 -905 900 1 -3 
6 6 -904 902 1 -6 
6 5 -904 903 1 -4 
5 6 -905 904 3 -6 
5 2 -905 902 2 -3 
2 2 -902 900 1 -3 
5 5 -902 900 2 -5 
6 5 -904 903 1 -5 
3 6 -902 902 1 -5 
3 1 -905 904 5 -5 
6 5 -903 900 1 -3 
4 2 -902 902 4 -4 
5 1 -903 902 2 -6 
1 4 -905 904 1 -6 
6 2 -905 901 4 -6 
5 2 -902 901 2 -4 
2 5 -903 901 1 -5 
4 6 -902 901 1 -2 
1 3 -904 903 6 -6 
1 5 -904 902 4 -5 
2 5 -904 900 3 -4 
5 5 -904 902 4 -5 
1 1 -900 900 2 -4 
2 6 -903 901 1 -1 
6 2 -905 904 2 -3 
4 4 -905 900 5 -5 
6 4 -903 901 1 -5 
5 3 -904 901 2 -4 
6 6 -905 902 2 -5 
2 6 -905 900 3 -4 
4 6 -900 900 2 -3 
5 5 -901 900 3 -4 
1 2 -903 900 3 -4 
6 2 -901 901 4 -4 
4 4 -901 900 2 -2 
1 5 -904 902 3 -6 
3 1 -904 902 2 -2 
2 3 -902 901 1 -3 
2 5 -904 902 2 -4 
1 5 -905 902 2 -4 
3 6 -905 902 3 -4 
1 5 -904 901 2 -2 
3 3 -904 904 4 -5 
2 6 -905 904 1 -2 
4 4 -902 900 3 -4 
1 5 -904 900 2 -5 
1 1 -904 902 1 -6 
1 3 -905 901 1 -2 
1 5 -905 901 1 -5 
5 3 -905 901 3 -6 
6 1 -903 900 1 -3 
2 4 -902 901 1 -3 
4 5 -905 901 5 -6 
6 4 -905 903 1 -3 
4 1 -903 901 1 -2 
1 2 -905 903 1 -4 
6 4 -905 905 2 -2 
5 3 -903 902 5 -6 
5 3 -902 900 5 -6 
6 3 -904 900 3 -5 
3 6 -905 901 1 -4 
5 1 -904 903 1 -2 
5 3 -904 903 3 -4 
1 3 -905 901 2 -2 
2 5 -903 902 1 -3 
4 5 -904 903 5 -6 
3 6 -902 900 2 -5 
5 3 -905 903 1 -3 
1 5 -904 900 1 -3 
4 1 -905 900 2 -2 
3 4 -903 903 4 -4 
6 2 -905 902 3 -4 
5 6 -905 905 5 -5 
2 6 -905 904 6 -6 
6 4 -904 901 1 -5 
3 3 -905 904 2 -5 
1 5 -902 900 4 -6 
2 6 -905 903 2 -2 
5 5 -903 901 4 -6 
4 3 -905 901 1 -5 
2 4 -905 902 2 -5 
4 6 -905 900 2 -4 
1 4 -903 901 2 -4 
5 2 -903 902 5 -6 
3 2 -905 901 3 -4 
1 4 -903 901 6 -6 
4 3 -904 903 1 -6 
5 1 -903 901 3 -3 
2 1 -904 903 2 -2 
3 2 -905 904 1 -4 
4 1 -903 901 1 -1 
1 3 -902 901 3 -5 
4 3 -903 900 1 -5 
3 4 -904 904 2 -5 
3 3 -904 903 4 -5 
5 1 -904 900 4 -6 
4 6 -905 902 1 -6 
1 3 -904 904 2 -4 
6 5 -900 900 2 -6 
5 5 -903 900 4 -5 
3 3 -901 900 3 -3 
2 5 -904 902 5 -5 
3 6 -903 901 1 -5 
2 4 -905 901 2 -3 
4 3 -901 901 2 -3 
3 6 -905 900 3 -5 
3 3 -905 900 3 -6 
5 5 -900 900 4 -6 
1 5 -904 902 3 -4 
5 5 -905 900 3 -3 
3 3 -904 901 3 -6 
6 4 -905 902 3 -4 
2 3 -901 900 2 -4 
2 4 -903 900 3 -6 
6 4 -902 902 5 -6 
6 3 -903 902 1 -6 
3 6 -904 902 1 -6 
4 1 -904 900 2 -4 
4 4 -904 900 3 -4 
4 1 -902 900 1 -5 
1 6 -904 900 2 -6 
1 4 -905 903 2 -4 
3 2 -905 901 1 -2 
6 3 -904 904 5 -5 
2 2 -905 901 1 -3 
1 3 -902 901 3 -5 
5 5 -902 901 2 -5 
3 2 -904 900 3 -4 
3 2 -905 900 2 -3 
3 2 -903 900 1 -6 
3 1 -905 900 2 -2 
6 2 -903 902 3 -3 
6 3 -905 901 2 -3 
2 2 -905 900 1 -5 
5 6 -902 900 3 -3 
4 2 -904 900 3 -5 
5 6 -902 900 4 -6 
6 5 -903 902 6 -6 
3 1 -902 901 5 -6 
1 5 -904 900 1 -3 
4 2 -901 900 2 -3 
5 4 -904 903 2 -4 
5 2 -904 902 1 -4 
5 1 -903 903 1 -3 
6 1 -904 902 2 -6 
1 1 -901 901 5 -5 
3 5 -905 901 3 -5 
4 3 -904 900 4 -4 
2 3 -904 900 4 -5 
5 2 -903 901 2 -3 
2 1 -903 901 4 -5 
1 4 -903 900 2 -3 
2 2 -900 900 1 -2 
1 4 -905 901 1 -2 
2 5 -905 903 1 -2 
3 3 -905 904 2 -4 
2 2 -903 902 2 -4 
5 4 -900 900 3 -5 
1 1 -903 901 5 -6 
4 2 -903 902 5 -6 
1 4 -905 900 3 -5 
6 5 -904 901 1 -3 
5 5 -903 902 1 -6 
2 6 -905 901 1 -2 
3 5 -905 904 5 -6 
3 4 -904 901 1 -2 
5 5 -905 903 1 -4 
4 3 -905 901 2 -3 
2 3 -905 902 2 -4 
1 6 -905 903 5 -6 
6 4 -905 903 3 -3 
4 5 -905 900 2 -5 
6 4 -904 904 1 -1 
5 6 -902 900 6 -6 
3 4 -904 904 4 -5 
5 4 -905 900 1 -2 
2 4 -901 901 2 -5 
1 1 -904 901 4 -4 
3 5 -903 902 3 -5 
2 5 -904 901 4 -4 
3 4 -904 902 1 -6 
5 4 -905 903 4 -6 
6 4 -905 903 2 -2 
6 5 -904 901 3 -4 
5 1 -904 904 2 -4 
6 3 -905 903 4 -6 
6 4 -903 901 4 -6 
4 3 -905 904 4 -6 
2 5 -905 902 2 -6 
1 1 -903 902 3 -4 
3 5 -904 901 1 -2 
5 1 -904 900 1 -3 
2 4 -904 903 2 -5 
5 3 -902 902 3 -5 
3 4 -902 901 1 -5 
1 5 -902 902 1 -5 
2 5 -902 901 1 -4 
6 3 -904 904 5 -6 
5 1 -905 901 1 -3 
6 5 -904 903 1 -2 
1 1 -905 903 4 -6 
1 1 -905 904 3 -3 
6 4 -904 902 1 -3 
2 6 -905 903 4 -5 
5 3 -904 901 4 -5 
6 1 -905 903 2 -5 
3 6 -902 900 1 -1 
1 5 -901 901 2 -4 
2 6 -902 901 4 -6 
1 1 -904 902 1 -4 
1 5 -904 902 3 -5 
4 2 -901 901 2 -6 
4 4 -904 901 1 -2 
1 5 -905 904 2 -2 
4 5 -902 901 3 -5 
6 1 -905 904 2 -4 
6 4 -901 900 3 -6 
4 2 -903 902 1 -5 
4 3 -905 904 6 -6 
2 1 -901 900 1 -3 
2 5 -903 900 1 -3 
2 6 -903 900 3 -3 
4 2 -905 903 3 -4 
4 6 -904 904 1 -6 
6 6 -903 900 1 -3 
2 2 -904 903 1 -3 
3 1 -905 904 1 -3 
1 6 -905 902 6 -6 
2 3 -903 901 3 -6 
1 6 -902 900 5 -6 
2 2 -903 902 3 -6 
3 5 -902 902 5 -6 
5 2 -905 903 5 -6 
1 2 -903 902 3 -3 
6 6 -905 903 1 -5 
3 5 -903 902 1 -3 
5 6 -904 904 2 -2 
4 5 -901 901 2 -5 
6 3 -904 903 1 -1 
1 4 -905 901 5 -6 
5 3 -904 903 1 -4 
2 4 -904 902 3 -5 
3 4 -904 900 3 -4 
5 4 -903 903 1 -5 
4 5 -901 901 3 -6 
5 1 -904 903 3 -3 
5 1 -901 900 2 -6 
1 6 -905 905 1 -4 
6 6 -905 900 5 -6 
3 3 -901 901 4 -5 
3 2 -904 902 3 -3 
4 2 -905 901 2 -5 
1 4 -904 900 2 -6 
2 2 -904 904 1 -4 
6 1 -905 903 4 -4 
3 2 -905 901 2 -6 
3 4 -902 901 5 -5 
2 3 -905 900 4 -4 
3 2 -901 901 3 -6 
6 3 -905 904 2 -3 
3 3 -904 902 4 -6 
6 6 -901 900 4 -5 
1 3 -904 904 1 -6 
3 3 -904 900 1 -6 
4 4 -905 903 2 -3 
3 3 -901 900 1 -5 
1 5 -903 902 1 -4 
6 4 -905 901 3 -5 
2 4 -905 900 3 -3 
4 1 -905 900 4 -6 
5 3 -904 903 5 -5 
5 5 -905 902 4 -6 
4 6 -902 900 4 -5 
1 6 -905 903 4 -4 
4 4 -903 900 1 -4 
5 6 -904 902 4 -5 
4 3 -904 902 2 -3 
6 5 -903 902 2 -3 
6 5 -905 901 6 -6 
3 4 -901 900 1 -3 
2 3 -905 900 2 -4 
5 3 -905 902 2 -5 
5 3 -903 901 2 -3 
6 2 -905 903 2 -6 
6 3 -902 900 5 -6 
3 2 -902 902 4 -6 
3 4 -905 902 1 -2 
1 5 -901 900 5 -6 
6 6 -905 902 2 -6 
4 5 -904 903 2 -6 
6 5 -902 900 2 -4 
4 2 -903 903 4 -6 
3 4 -902 901 3 -3 
4 3 -905 900 4 -6 
4 1 -904 901 1 -3 
1 5 -902 900 4 -4 
6 2 -902 901 2 -2 
3 4 -905 901 4 -5 
5 3 -905 901 2 -6 
4 1 -902 900 4 -4 
5 2 -903 900 4 -5 
2 2 -905 904 1 -1 
6 4 -905 903 1 -4 
6 4 -904 900 1 -4 
5 4 -900 900 5 -6 
4 1 -903 901 3 -6 
4 1 -903 900 2 -6 
6 6 -904 904 1 -6 
2 1 -901 901 1 -4 
6 3 -903 901 1 -5 
5 3 -904 901 3 -3 
3 4 -901 901 4 -6 
2 1 -904 900 2 -5 
2 4 -905 902 1 -3 
4 6 -904 900 1 -6 
3 6 -902 902 1 -4 
5 5 -903 901 2 -3 
3 4 -902 901 5 -5 
3 6 -904 900 2 -5 
5 6 -905 905 3 -5 
3 4 -904 901 2 -2 
4 1 -901 900 1 -3 
3 3 -904 904 1 -4 
2 5 -904 902 3 -4 
6 6 -904 903 4 -5 
2 1 -903 901 5 -5 
5 6 -905 901 1 -5 
2 3 -905 904 2 -6 
1 5 -901 900 1 -4 
6 5 -903 902 2 -2 
4 4 -903 900 6 -6 
5 5 -902 902 1 -6 
4 6 -905 905 3 -6 
4 6 -905 904 3 -3 
5 2 -905 902 1 -1 
1 6 -902 901 1 -5 
2 1 -902 901 1 -3 
1 6 -902 901 2 -6 
5 4 -904 904 1 -6 
4 4 -903 901 3 -6 
2 6 -901 900 2 -5 
5 3 -903 902 2 -4 
3 5 -903 900 5 -5 
4 4 -903 902 1 -6 
6 1 -904 900 1 -4 
6 6 -901 901 6 -6 
3 2 -905 902 2 -2 
6 4 -905 903 3 -4 
3 4 -902 900 5 -6 
4 4 -904 903 1 -1 
6 3 -902 900 4 -5 
1 5 -902 900 3 -5 
2 6 -904 900 2 -5 
6 4 -904 900 3 -6 
4 4 -904 900 3 -4 
1 4 -904 903 4 -5 
2 4 -905 903 4 -4 
2 5 -905 900 2 -4 
1 1 -905 902 3 -4 
2 1 -901 900 2 -4 
1 5 -903 902 4 -5 
5 1 -905 902 2 -4 
1 3 -905 904 2 -6 
3 3 -905 901 1 -1 
4 4 -905 900 3 -6 
1 6 -904 900 1 -1 
5 2 -901 901 2 -5 
4 1 -903 902 5 -6 
6 6 -905 904 2 -3 
6 6 -903 901 2 -3 
3 4 -903 902 4 -4 
1 3 -902 900 4 -6 
3 4 -904 900 3 -6 
3 1 -905 904 3 -4 
5 2 -904 904 2 -5 
3 1 -901 900 1 -5 
3 3 -902 901 3 -5 
4 6 -905 900 1 -4 
4 1 -905 903 1 -2 
3 4 -904 901 3 -6 
2 6 -903 900 3 -4 
4 3 -903 900 1 -2 
6 3 -903 900 2 -6 
1 4 -905 904 2 -5 
2 5 -905 900 1 -1 
5 3 -905 905 2 -4 
3 3 -904 903 2 -2 
3 1 -902 901 1 -2 
5 3 -902 900 3 -4 
2 6 -905 905 2 -4 
1 3 -905 904 3 -4 
3 5 -903 902 5 -6 
4 6 -903 900 5 -6 
6 6 -905 904 1 -4 
5 5 -902 900 5 -6 
2 5 -905 904 1 -4 
4 1 -905 903 2 -3 
2 2 -904 900 3 -4 
3 1 -903 900 1 -2 
3 2 -902 900 3 -5 
6 3 -903 901 2 -2 
4 3 -901 900 4 -5 
2 3 -902 900 3 -4 
1 6 -904 900 2 -3 
4 5 -905 901 1 -3 
2 1 -903 902 1 -2 
5 4 -904 903 3 -4 
4 2 -905 900 6 -6 
4 5 -904 900 1 -2 
2 3 -904 904 6 -6 
2 1 -905 902 4 -5 
2 2 -901 900 2 -4 
2 2 -905 902 4 -6 
4 5 -904 901 4 -4 
6 1 -905 905 2 -5 
1 6 -905 900 3 -4 
2 6 -903 903 1 -6 
2 2 -904 900 1 -6 
5 1 -905 903 1 -5 
6 5 -905 900 5 -6 
2 3 -905 900 5 -5 
5 4 -904 900 3 -4 
3 1 -903 900 3 -6 
4 4 -904 903 3 -3 
3 3 -902 900 2 -4 
1 1 -903 901 3 -6 
3 2 -903 902 1 -3 
2 1 -904 902 4 -5 
4 3 -905 902 5 -6 
3 4 -901 900 5 -5 
1 4 -903 903 1 -5 
1 2 -903 900 2 -5 
4 4 -902 902 3 -5 
4 5 -905 903 3 -6 
6 1 -904 904 2 -2 
3 5 -903 901 4 -4 
5 2 -905 902 1 -6 
6 5 -904 902 2 -3 
5 4 -904 902 5 -5 
3 2 -902 902 1 -2 
5 3 -905 900 1 -3 
1 3 -904 904 3 -5 
3 3 -905 903 4 -4 
1 2 -905 905 1 -2 
6 1 -902 900 2 -3 
6 5 -903 900 1 -1 
2 4 -904 903 1 -2 
4 2 -903 902 1 -6 
4 5 -905 902 2 -5 
3 6 -904 903 4 -5 
5 6 -903 901 2 -3 
3 4 -905 900 2 -2 
3 4 -902 901 1 -4 
1 5 -903 902 2 -3 
1 2 -901 900 2 -3 
2 2 -901 901 2 -2 
2 3 -904 903 4 -5 
1 1 -905 904 2 -5 
2 2 -903 900 2 -4 
5 4 -905 900 4 -6 
6 5 -904 902 3 -3 
6 5 -905 900 3 -4 
6 1 -905 904 4 -5 
5 1 -902 902 2 -6 
6 3 -903 900 3 -4 
6 3 -903 901 1 -1 
6 1 -903 901 4 -5 
3 4 -905 903 2 -5 
6 2 -905 900 4 -4 
4 2 -902 901 2 -4 
1 5 -903 901 1 -4 
6 2 -905 905 1 -4 
2 3 -901 900 2 -3 
1 4 -903 903 1 -2 
4 2 -903 900 1 -2 
3 6 -905 902 5 -6 
3 1 -903 900 4 -4 
1 4 -903 902 2 -2 
1 4 -904 903 1 -6 
3 2 -902 902 5 -6 
1 6 -905 901 1 -2 
2 3 -903 901 3 -6 
1 2 -902 901 3 -5 
4 1 -901 901 1 -3 
5 2 -901 900 4 -5 
3 4 -904 901 1 -2 
2 1 -904 901 2 -6 
6 5 -904 901 5 -6 
2 6 -904 901 4 -6 
1 6 -905 904 6 -6 
5 4 -904 904 1 -5 
5 1 -905 902 1 -6 
3 6 -905 903 1 -2 
4 4 -902 900 2 -5 
4 2 -905 903 2 -4 
5 1 -904 902 1 -3 
3 6 -905 900 4 -6 
6 3 -905 903 1 -2 
6 6 -902 901 4 -6 
5 3 -901 901 1 -2 
4 5 -905 900 3 -3 
4 2 -904 901 1 -2 
4 5 -900 900 3 -5 
2 3 -905 900 1 -6 
2 3 -902 900 5 -5 
4 3 -901 900 4 -6 
4 2 -904 902 3 -6 
1 3 -903 903 2 -3 
6 5 -904 902 2 -5 
4 4 -903 902 3 -6 
4 5 -903 902 4 -6 
5 2 -904 901 1 -5 
5 6 -904 901 3 -4 
3 6 -903 903 1 -2 
3 4 -905 901 4 -6 
4 1 -903 901 3 -3 
2 6 -902 901 5 -5 
2 4 -900 900 1 -2 
1 6 -904 903 1 -6 
3 2 -905 900 3 -6 
6 6 -905 903 3 -6 
1 2 -904 903 5 -6 
5 6 -904 904 3 -5 
3 4 -905 904 6 -6 
2 6 -904 900 3 -5 
4 6 -904 901 2 -4 
5 4 -905 903 2 -6 
4 2 -902 902 4 -5 
3 3 -905 901 5 -5 
1 4 -905 902 2 -6 
2 6 -904 901 5 -6 
6 6 -904 903 2 -4 
2 1 -905 903 6 -6 
2 4 -903 900 1 -4 
3 6 -903 902 3 -5 
2 6 -904 904 2 -4 
4 4 -905 901 5 -5 
4 5 -901 900 3 -6 
6 2 -903 902 2 -2 
5 5 -902 901 5 -6 
5 1 -904 901 2 -2 
5 1 -905 901 3 -4 
1 6 -904 904 1 -4 
4 3 -904 900 4 -6 
4 6 -904 900 3 -4 
1 5 -901 900 1 -6 
2 6 -905 903 1 -2 
6 2 -902 900 1 -3 
2 1 -903 903 2 -6 
3 5 -900 900 5 -5 
4 2 -903 900 1 -1 
4 6 -904 904 5 -5 
6 4 -905 904 6 -6 
3 6 -903 903 2 -6 
4 5 -902 901 5 -6 
2 1 -902 901 3 -3 
5 1 -902 900 1 -4 
2 6 -902 902 1 -2 
5 5 -905 900 1 -5 
4 5 -905 900 1 -6 
2 3 -905 903 2 -3 
2 1 -903 902 4 -6 
3 6 -904 902 4 -5 
3 5 -900 900 1 -5 
6 5 -905 902 3 -6 
3 4 -902 900 2 -5 
6 3 -903 902 2 -5 
2 1 -902 900 3 -3 
2 2 -902 900 2 -3 
5 4 -904 903 2 -5 
3 1 -905 902 2 -2 
6 5 -905 904 4 -5 
4 5 -905 902 1 -3 
2 4 -902 900 5 -6 
6 4 -905 904 1 -6 
6 2 -905 902 2 -4 
4 2 -902 901 3 -6 
1 6 -905 900 2 -3 
3 2 -905 900 5 -5 
6 2 -905 900 4 -5 
3 3 -903 901 3 -6 
5 1 -903 903 2 -2 
3 5 -904 902 3 -3 
6 1 -903 903 3 -6 
2 1 -904 902 2 -6 
2 4 -901 900 3 -4 
3 2 -903 900 2 -4 
4 5 -904 900 2 -4 
4 4 -905 903 1 -2 
4 5 -904 902 5 -5 
6 4 -905 904 2 -3 
1 3 -904 903 1 -6 
6 4 -905 902 3 -5 
5 2 -903 900 3 -4 
2 2 -905 902 2 -6 
2 1 -905 904 4 -6 
2 6 -905 905 1 -3 
4 4 -905 902 4 -4 
6 1 -904 902 1 -4 
3 2 -904 901 1 -6 
5 4 -901 900 2 -3 
3 5 -904 900 1 -2 
4 3 -903 902 1 -2 
5 1 -905 900 3 -6 
5 3 -904 903 4 -5 
3 6 -904 900 1 -2 
4 5 -904 904 3 -6 
2 5 -902 902 2 -4 
3 2 -904 900 4 -6 
6 3 -903 901 1 -4 
4 6 -904 903 6 -6 
6 6 -905 901 2 -4 
3 1 -901 900 4 -6 
3 1 -902 900 2 -3 
3 1 -903 900 5 -6 
5 2 -903 901 1 -5 
4 3 -905 900 4 -6 
5 6 -902 901 2 -6 
4 1 -904 902 1 -2 
1 3 -905 901 3 -4 
1 2 -905 903 4 -6 
3 4 -903 902 2 -4 
4 3 -903 900 3 -4 
6 4 -902 901 1 -5 
3 6 -904 900 2 -3 
3 1 -901 900 3 -6 
3 6 -905 904 4 -6 
4 4 -904 900 2 -2 
3 2 -903 902 1 -5 
3 4 -904 900 3 -4 
2 2 -905 901 3 -4 
2 4 -905 904 1 -4 
1 3 -903 903 1 -6 
3 2 -902 901 3 -5 
3 2 -905 904 5 -6 
4 3 -902 902 3 -6 
1 5 -905 903 3 -5 
1 3 -902 902 2 -4 
4 1 -903 901 2 -4 
4 4 -904 901 1 -2 
1 3 -904 901 2 -5 
2 4 -905 900 5 -5 
3 6 -902 900 3 -4 
1 1 -900 900 3 -5 
2 6 -903 902 1 -6 
2 4 -905 902 2 -3 
1 3 -904 903 4 -6 
1 6 -905 900 4 -4 
5 3 -902 902 3 -3 
2 4 -903 900 1 -6 
1 4 -905 905 1 -3 
2 1 -904 900 1 -2 
3 1 -904 901 4 -4 
4 5 -904 901 3 -3 
6 6 -901 900 2 -5 
4 1 -905 903 5 -6 
5 4 -904 900 2 -3 
6 6 -904 900 1 -5 
1 1 -903 902 1 -2 
1 4 -904 901 2 -5 
2 1 -905 903 3 -3 
3 2 -905 900 4 -4 
6 2 -904 900 1 -4 
5 6 -904 901 2 -5 
4 3 -903 901 5 -6 
1 5 -903 901 1 -5 
5 2 -904 903 3 -5 
3 1 -905 903 5 -5 
3 3 -904 904 1 -6 
5 5 -903 901 4 -6 
6 3 -905 900 3 -4 
5 2 -904 900 5 -6 
3 1 -905 901 1 -5 
1 1 -905 901 1 -1 
1 2 -904 901 1 -2 
4 5 -903 900 2 -2 
5 2 -901 901 4 -6 
2 6 -903 902 1 -3 
1 4 -900 900 5 -6 
5 6 -903 900 4 -6 
4 5 -905 900 2 -4 
1 4 -905 903 6 -6 
3 4 -904 903 1 -2 
4 5 -905 901 2 -4 
5 1 -902 900 4 -6 
3 5 -905 904 1 -2 
2 5 -903 902 2 -4 
1 1 -905 904 5 -6 
1 1 -905 905 1 -4 
2 1 -903 902 3 -6 
5 2 -905 900 5 -6 
5 4 -903 901 1 -4 
1 6 -901 900 3 -4 
6 6 -904 902 2 -5 
6 6 -904 900 2 -5 
2 4 -902 901 1 -4 
3 2 -903 900 3 -3 
4 1 -905 903 3 -3 
5 4 -905 904 5 -6 
5 5 -903 901 1 -5 
1 2 -900 900 2 -5 
6 2 -903 903 5 -6 
2 4 -904 904 2 -5 
4 2 -903 902 3 -6 
5 5 -905 901 4 -4 
6 3 -903 903 5 -5 
1 3 -903 901 2 -3 
3 4 -905 904 1 -6 
6 5 -905 904 5 -5 
3 3 -904 902 2 -4 
3 2 -904 900 4 -5 
6 1 -903 902 3 -5 
5 3 -904 900 1 -3 
1 2 -904 901 1 -4 
3 6 -904 903 2 -5 
5 4 -903 901 4 -5 
6 1 -904 903 1 -3 
3 2 -905 905 5 -6 
4 6 -905 904 5 -6 
5 6 -902 900 4 -5 
6 3 -903 902 2 -2 
4 2 -905 903 1 -3 
3 2 -901 901 1 -4 
4 3 -903 900 2 -3 
2 2 -905 901 4 -4 
4 5 -903 902 2 -6 
6 4 -904 902 2 -2 
1 2 -905 902 3 -5 
3 3 -905 904 2 -4 
4 5 -902 900 5 -6 
1 1 -903 902 1 -3 
2 3 -905 901 2 -3 
5 2 -900 900 4 -4 
4 1 -904 900 4 -6 
3 6 -905 901 2 -3 
1 1 -904 902 3 -6 
3 6 -905 901 1 -3 
1 4 -905 902 1 -6 
5 3 -902 900 2 -6 
2 6 -904 900 2 -5 
2 1 -905 902 4 -5 
4 6 -903 901 2 -5 
4 4 -905 900 4 -5 
2 4 -905 905 3 -6 
3 4 -902 900 4 -6 
5 5 -905 902 1 -4 
3 2 -901 901 1 -2 
4 5 -905 903 6 -6 
2 1 -903 902 3 -4 
4 2 -904 902 4 -5 
1 3 -902 900 1 -5 
5 2 -903 903 1 -5 
2 5 -905 900 3 -4 
5 1 -903 901 2 -6 
5 2 -903 901 3 -3 
4 1 -903 901 1 -5 
2 3 -904 900 3 -5 
5 5 -904 900 5 -6 
3 6 -905 901 1 -5 
3 3 -904 902 3 -3 
2 4 -905 901 2 -6 
1 3 -905 902 1 -3 
5 3 -901 900 2 -4 
4 6 -903 902 3 -4 
4 3 -905 900 3 -5 
3 1 -905 903 2 -3 
1 3 -903 902 4 -4 
6 6 -905 904 2 -2 
2 4 -903 902 2 -3 
5 6 -903 902 1 -5 
1 1 -902 900 3 -4 
4 2 -904 904 1 -4 
5 5 -905 905 4 -4 
6 6 -904 902 1 -2 
5 6 -905 902 2 -6 
5 3 -905 905 4 -6 
5 1 -902 900 6 -6 
5 3 -905 902 4 -6 
5 6 -905 902 3 -5 
1 6 -904 901 2 -2 
5 1 -901 900 5 -6 
2 4 -903 901 3 -5 
2 3 -904 900 1 -1 
6 2 -903 903 3 -4 
3 2 -903 902 3 -3 
4 5 -901 900 4 -5 
5 3 -905 901 2 -5 
1 6 -904 901 3 -4 
6 1 -901 900 6 -6 
5 5 -904 901 2 -4 
2 6 -902 901 2 -5 
3 5 -905 900 1 -4 
2 3 -903 900 2 -5 
5 3 -905 900 3 -4 
6 1 -902 901 2 -5 
1 4 -902 902 1 -3 
1 2 -904 903 1 -5 
6 3 -905 900 5 -5 
3 6 -900 900 1 -2 
5 6 -902 902 3 -3 
1 5 -904 900 2 -3 
1 6 -905 902 3 -6 
2 2 -903 903 3 -4 
1 5 -904 904 2 -3 
3 6 -902 901 2 -3 
3 1 -904 903 2 -6 
6 2 -905 900 2 -6 
6 5 -903 903 1 -2 
1 4 -905 902 1 -6 
1 1 -903 903 2 -4 
2 4 -902 900 2 -5 
6 1 -904 901 1 -2 
4 1 -902 901 2 -6 
6 1 -905 904 2 -4 
5 2 -903 901 4 -6 
5 2 -905 902 1 -4 
6 3 -904 902 5 -5 
1 5 -904 904 1 -4 
2 4 -903 903 2 -3 
4 3 -905 900 1 -5 
4 3 -903 902 5 -6 
6 3 -904 901 1 -4 
5 4 -904 902 6 -6 
3 3 -904 904 5 -5 
4 2 -904 901 1 -3 
6 6 -901 900 3 -5 
4 2 -903 900 1 -4 
3 4 -904 902 4 -5 
2 6 -905 901 6 -6 
5 5 -902 900 2 -4 
4 6 -904 901 5 -6 
1 6 -902 901 1 -4 
2 2 -905 905 2 -6 
3 3 -901 900 3 -5 
2 4 -903 900 2 -4 
5 2 -901 900 2 -2 
4 4 -903 900 1 -4 
1 2 -902 902 3 -3 
5 6 -904 900 6 -6 
4 4 -903 902 5 -6 
1 1 -903 903 4 -5 
6 6 -903 900 1 -4 
3 4 -905 902 1 -6 
6 3 -905 903 3 -5 
5 1 -905 900 2 -4 
5 1 -905 902 5 -6 
1 3 -902 900 2 -3 
5 6 -904 903 2 -6 
3 1 -902 901 1 -6 
2 5 -905 902 4 -6 
5 1 -904 900 1 -6 
5 1 -900 900 2 -5 
2 2 -905 905 3 -5 
5 1 -903 902 2 -2 
5 6 -905 900 2 -6 
6 2 -905 901 1 -2 
3 3 -905 901 2 -3 
2 3 -901 901 3 -5 
1 6 -904 903 2 -4 
6 2 -904 901 5 -5 
4 1 -902 901 4 -6 
3 3 -905 902 4 -6 
3 3 -905 904 3 -6 
3 4 -904 900 1 -2 
2 2 -902 900 3 -3 
1 1 -902 901 2 -5 
2 1 -902 901 5 -6 
2 3 -904 902 2 -3 
2 2 -902 900 1 -5 
5 1 -903 901 3 -4 
1 6 -905 900 5 -6 
5 1 -904 902 2 -3 
2 5 -904 901 4 -5 
3 2 -903 902 5 -6 
4 2 -903 901 4 -5 
6 1 -904 903 2 -3 
3 1 -904 903 2 -5 
5 1 -904 902 2 -4 
4 1 -903 902 4 -5 
3 6 -904 903 1 -1 
5 1 -905 903 4 -6 
3 1 -905 904 6 -6 
2 1 -905 901 3 -5 
4 2 -903 900 3 -6 
3 4 -902 901 3 -5 
6 3 -902 900 2 -3 
1 5 -903 902 2 -3 
6 6 -903 900 1 -2 
3 6 -905 900 1 -6 
2 3 -902 901 3 -6 
1 1 -901 900 4 -6 
3 2 -904 900 1 -4 
5 1 -905 901 4 -6 
6 4 -904 901 4 -5 
5 3 -903 902 6 -6 
2 5 -904 903 2 -6 
3 5 -905 900 3 -6 
4 1 -904 901 1 -4 
3 2 -905 904 2 -4 
2 2 -902 901 4 -4 
1 5 -904 900 1 -4 
3 6 -905 902 2 -5 
5 6 -902 900 1 -6 
1 2 -903 901 2 -5 
2 1 -904 901 5 -6 
6 5 -905 904 4 -5 
4 2 -902 902 4 -6 
4 4 -903 901 2 -4 
3 4 -905 903 2 -6 
6 3 -904 900 2 -3 
6 4 -903 901 2 -5 
6 4 -901 900 4 -6 
5 5 -903 901 2 -6 
3 4 -901 900 1 -3 
6 6 -905 903 2 -6 
6 1 -903 900 4 -6 
4 1 -904 901 1 -3 
2 5 -905 904 2 -4 
1 2 -905 905 3 -6 
3 3 -904 902 3 -5 
4 2 -903 900 2 -5 
2 1 -902 902 1 -4 
6 5 -905 902 1 -3 
2 4 -902 902 1 -5 
5 1 -903 902 1 -4 
4 6 -901 900 1 -3 
5 5 -905 903 1 -2 
2 5 -902 901 5 -6 
5 1 -905 901 2 -6 
1 4 -905 905 4 -6 
2 1 -902 901 4 -6 
5 4 -902 900 5 -6 
6 3 -904 901 1 -5 
4 2 -904 900 2 -4 
1 3 -903 902 4 -5 
1 1 -904 900 2 -6 
5 2 -905 905 1 -4 
5 2 -903 903 1 -3 
5 5 -905 902 1 -5 
4 5 -905 900 1 -4 
3 2 -905 901 5 -6 
5 1 -902 900 5 -6 
2 6 -905 903 5 -5 
4 6 -904 900 1 -1 
1 4 -902 902 1 -2 
5 3 -902 902 2 -2 
5 2 -903 900 2 -6 
2 6 -903 900 2 -6 
3 6 -904 903 2 -4 
3 1 -905 900 2 -5 
1 1 -903 903 2 -6 
5 6 -905 903 3 -5 
3 1 -903 902 2 -4 
3 4 -904 900 2 -3 
2 1 -905 904 1 -6 
4 6 -905 902 2 -5 
1 6 -903 900 4 -5 
5 6 -901 900 4 -6 
6 2 -905 904 1 -2 
5 2 -903 900 3 -4 
4 5 -905 901 1 -6 
4 4 -905 902 3 -6 
4 2 -904 904 1 -4 
6 3 -900 900 4 -4 
5 6 -904 902 6 -6 
3 4 -902 901 1 -5 
5 3 -904 902 1 -4 
2 1 -902 901 5 -5 
5 1 -904 903 1 -4 
1 3 -905 900 3 -6 
1 4 -903 900 4 -6 
1 5 -904 900 1 -2 
1 4 -900 900 1 -2 
5 5 -901 901 1 -6 
5 1 -905 905 4 -5 
4 1 -905 901 3 -5 
3 2 -903 900 3 -6 
3 4 -900 900 4 -5 
3 2 -904 900 6 -6 
2 3 -900 900 2 -4 
2 2 -902 902 4 -4 
3 2 -905 903 4 -6 
4 2 -905 904 2 -5 
4 6 -902 900 1 -3 
3 2 -904 901 3 -3 
3 1 -905 905 2 -2 
2 2 -902 902 3 -6 
5 2 -905 902 1 -5 
6 4 -903 901 3 -4 
3 3 -905 905 3 -5 
4 6 -903 901 3 -4 
2 3 -905 904 4 -5 
4 6 -905 905 2 -6 
1 3 -904 902 4 -4 
6 1 -905 903 1 -4 
6 6 -903 902 3 -5 
5 2 -902 902 1 -3 
4 4 -901 900 1 -4 
6 2 -901 900 1 -3 
6 1 -904 901 2 -6 
2 3 -905 904 2 -5 
5 2 -903 902 1 -6 
3 5 -901 900 3 -4 
6 1 -903 900 1 -5 
4 5 -903 903 2 -4 
4 1 -904 903 1 -1 
4 6 -905 900 6 -6 
2 3 -902 900 1 -5 
4 2 -903 902 5 -6 
5 5 -904 902 2 -3 
4 5 -904 901 1 -6 
1 3 -903 902 3 -3 
4 1 -904 903 1 -5 
3 4 -905 903 5 -6 
2 2 -905 902 2 -4 
2 1 -904 904 2 -5 
6 6 -905 903 2 -6 
6 6 -905 904 5 -5 
4 4 -902 901 4 -5 
3 5 -903 903 1 -2 
6 4 -904 900 1 -4 
2 3 -905 902 2 -5 
1 5 -903 901 4 -6 
1 3 -902 901 1 -3 
3 4 -905 902 2 -6 
4 5 -904 902 1 -2 
5 4 -904 901 5 -6 
1 2 -905 900 1 -4 
4 2 -902 900 1 -6 
3 2 -903 903 2 -5 
1 1 -904 900 1 -6 
5 2 -902 901 1 -1 
6 1 -904 903 4 -5 
1 3 -903 900 1 -4 
2 6 -901 900 2 -4 
1 5 -904 904 3 -5 
6 5 -902 901 1 -5 
6 3 -903 902 3 -5 
6 6 -904 903 2 -2 
6 3 -904 902 1 -5 
3 2 -903 902 2 -4 
6 5 -905 900 2 -2 
4 5 -904 902 1 -1 
1 3 -900 900 1 -2 
4 3 -904 903 4 -4 
6 6 -901 901 2 -4 
3 3 -902 900 4 -6 
4 5 -901 900 2 -3 
6 3 -904 902 2 -3 
2 4 -901 900 2 -6 
3 6 -902 901 2 -4 
4 3 -903 900 3 -5 
1 2 -902 900 3 -5 
1 6 -903 901 2 -5 
4 4 -904 901 3 -4 
3 6 -902 901 2 -6 
2 3 -904 904 3 -5 
4 3 -905 902 3 -5 
5 3 -905 900 5 -6 
1 1 -903 903 5 -5 
4 5 -905 901 2 -5 
5 5 -903 900 3 -5 
6 5 -901 900 2 -5 
2 6 -903 900 1 -5 
6 3 -905 901 2 -5 
3 2 -905 905 5 -5 
6 2 -903 901 3 -4 
6 5 -903 903 5 -6 
3 2 -903 903 4 -6 
4 6 -903 903 3 -4 
4 5 -900 900 1 -5 
3 6 -905 904 1 -5 
4 4 -905 905 1 -4 
5 5 -905 900 3 -6 
5 2 -903 901 4 -6 
6 2 -903 900 3 -4 
2 3 -901 900 2 -2 
1 5 -901 900 2 -3 
3 4 -905 903 2 -3 
6 5 -904 901 1 -4 
4 5 -905 901 2 -6 
1 3 -903 900 2 -2 
4 6 -903 900 5 -5 
4 1 -904 904 1 -6 
1 6 -903 901 4 -5 
6 1 -903 900 3 -4 
5 6 -904 900 5 -6 
1 6 -905 902 5 -5 
5 4 -905 903 5 -5 
2 6 -904 901 2 -6 
2 5 -905 902 2 -6 
1 5 -902 901 5 -6 
5 3 -901 900 3 -5 
5 4 -905 904 4 -6 
1 4 -905 900 6 -6 
4 1 -904 900 1 -3 
4 6 -901 901 1 -4 
2 5 -903 902 1 -6 
5 6 -903 901 6 -6 
6 4 -901 900 5 -5 
1 5 -904 903 2 -4 
1 4 -904 902 2 -4 
1 2 -905 904 1 -2 
6 4 -905 905 4 -6 
5 3 -902 902 3 -6 
4 1 -902 901 4 -4 
4 3 -903 901 1 -5 
1 6 -904 900 2 -3 
2 4 -904 902 1 -5 
6 3 -904 904 4 -6 
6 4 -903 901 2 -6 
1 4 -902 900 4 -6 
1 6 -903 901 2 -5 
1 3 -904 902 1 -2 
1 2 -900 900 2 -3 
3 5 -905 903 1 -5 
6 2 -903 902 1 -3 
6 1 -905 901 1 -2 
3 5 -904 900 3 -4 
1 4 -905 902 2 -3 
4 2 -904 900 2 -3 
1 2 -904 900 1 -1 
3 4 -905 904 3 -5 
1 3 -904 900 3 -6 
5 5 -902 901 6 -6 
5 1 -904 903 5 -6 
5 3 -905 900 2 -3 
3 1 -905 900 4 -6 
1 4 -904 903 1 -5 
3 1 -901 900 4 -5 
2 2 -904 900 2 -5 
4 1 -904 903 2 -5 
2 5 -905 903 4 -5 
4 3 -901 900 1 -5 
1 6 -902 900 1 -6 
5 1 -905 904 1 -5 
5 2 -904 902 1 -6 
4 1 -905 902 3 -6 
5 3 -904 903 1 -6 
5 5 -904 901 4 -4 
1 2 -904 903 5 -5 
5 4 -903 901 1 -4 
4 3 -905 900 1 -2 
1 4 -905 903 3 -6 
6 3 -905 904 1 -4 
3 3 -905 902 1 -3 
4 4 -903 902 5 -6 
6 1 -904 901 4 -5 
2 2 -904 904 4 -5 
2 4 -905 904 3 -3 
5 6 -904 903 4 -6 
5 3 -905 904 1 -5 
6 1 -903 902 4 -6 
1 2 -903 900 5 -5 
1 5 -905 901 2 -5 
4 3 -901 900 3 -6 
2 4 -904 901 5 -6 
5 2 -902 902 4 -6 
5 2 -900 900 1 -3 
3 3 -904 903 3 -6 
5 1 -905 905 2 -5 
4 6 -903 900 1 -6 
6 4 -901 901 2 -5 
4 4 -903 900 1 -3 
4 2 -903 902 5 -6 
6 6 -904 900 5 -6 
5 1 -901 900 6 -6 
4 1 -901 900 4 -4 
1 6 -904 900 2 -3 
1 2 -903 901 3 -4 
4 2 -905 904 2 -2 
3 1 -904 904 3 -4 
4 1 -903 901 3 -3 
6 2 -904 900 2 -5 
6 3 -902 900 4 -5 
4 1 -903 902 3 -3 
2 3 -905 902 3 -5 
1 4 -905 900 3 -5 
4 4 -902 901 2 -6 
3 4 -904 904 3 -4 
2 4 -904 901 1 -3 
4 6 -903 903 4 -5 
5 3 -903 903 5 -6 
4 1 -905 902 1 -2 
4 5 -905 901 1 -6 
4 2 -904 900 4 -4 
6 3 -901 901 4 -5 
3 6 -903 903 2 -3 
1 4 -904 900 3 -3 
2 6 -903 901 4 -5 
5 3 -901 900 1 -1 
5 4 -902 902 3 -5 
4 6 -901 900 2 -3 
1 1 -901 901 1 -5 
3 5 -905 903 3 -4 
2 5 -901 901 1 -5 
2 2 -903 902 5 -6 
4 6 -903 901 5 -6 
5 1 -900 900 4 -6 
4 1 -905 905 1 -5 
1 3 -905 901 1 -1 
3 1 -902 902 3 -6 
4 1 -905 901 3 -5 
3 5 -904 900 2 -6 
5 6 -905 901 6 -6 
6 4 -902 900 2 -5 
4 5 -903 902 3 -4 
2 2 -903 901 1 -3 
4 1 -905 900 4 -5 
4 6 -903 901 3 -6 
3 6 -903 902 5 -5 
5 1 -905 903 1 -2 
4 3 -901 900 1 -5 
4 2 -905 903 1 -4 
3 2 -905 902 3 -4 
6 4 -900 900 3 -6 
4 1 -903 901 3 -6 
3 2 -904 904 6 -6 
6 4 -902 902 4 -6 
2 3 -905 903 1 -5 
4 1 -903 901 3 -5 
3 4 -905 901 2 -6 
1 6 -904 903 2 -5 
1 2 -904 900 1 -2 
6 4 -903 901 1 -6 
1 5 -904 901 2 -4 
5 6 -902 901 2 -2 
3 1 -902 901 3 -5 
4 6 -903 901 1 -1 
5 3 -904 903 2 -4 
3 6 -904 901 1 -4 
4 4 -902 902 1 -5 
5 3 -904 903 1 -1 
5 2 -905 900 1 -5 
4 4 -904 901 1 -2 
3 2 -904 902 1 -2 
6 2 -904 900 2 -3 
4 5 -903 901 4 -6 
5 2 -901 900 2 -5 
3 1 -905 900 1 -2 
1 1 -904 902 1 -6 
2 1 -904 902 1 -6 
3 5 -902 900 4 -5 
1 1 -904 901 2 -5 
6 5 -905 904 3 -4 
5 2 -905 900 1 -1 
2 6 -903 902 1 -6 
5 1 -901 900 2 -2 
1 5 -905 903 1 -4 
6 2 -902 901 3 -6 
4 4 -901 901 2 -4 
5 3 -903 902 4 -4 
1 1 -905 904 4 -4 
4 4 -901 901 5 -6 
6 5 -904 903 3 -4 
2 2 -905 903 1 -3 
5 5 -905 901 3 -3 
1 6 -905 902 6 -6 
4 5 -905 902 5 -6 
2 5 -904 901 3 -4 
5 6 -903 902 5 -5 
1 2 -902 902 2 -3 
6 5 -904 900 1 -4 
6 2 -904 901 3 -5 
2 6 -902 901 2 -4 
4 1 -904 900 2 -4 
4 3 -905 902 3 -4 
3 6 -904 900 2 -3 
6 3 -900 900 1 -5 
2 5 -905 901 4 -5 
1 2 -904 900 4 -4 
5 3 -904 903 2 -4 
5 1 -904 900 3 -5 
3 4 -904 901 3 -4 
4 5 -903 902 4 -4 
3 2 -905 905 1 -1 
3 4 -904 901 1 -5 
3 3 -903 902 1 -1 
1 2 -905 904 2 -4 
3 5 -903 901 1 -4 
5 6 -905 904 2 -3 
4 2 -904 900 1 -3 
1 2 -905 902 4 -4 
3 5 -905 900 2 -6 
1 3 -905 902 2 -3 
3 6 -905 904 2 -3 
1 6 -905 900 3 -5 
5 2 -901 900 3 -5 
1 1 -905 905 1 -6 
1 6 -904 903 4 -4 
2 6 -903 900 1 -6 
3 5 -903 900 3 -4 
4 4 -903 903 5 -5 
3 1 -905 901 4 -5 
5 3 -902 900 3 -3 
5 6 -904 903 1 -5 
2 5 -903 902 1 -2 
5 1 -905 902 2 -4 
1 5 -904 903 5 -6 
2 1 -902 902 2 -2 
4 1 -903 901 1 -6 
1 5 -905 902 3 -4 
6 5 -901 900 2 -5 
5 5 -904 904 2 -6 
3 6 -904 901 1 -6 
3 4 -903 902 1 -3 
4 5 -905 900 4 -5 
5 6 -904 900 2 -3 
6 5 -903 902 5 -6 
4 2 -904 903 2 -4 
4 6 -904 900 1 -2 
2 4 -903 901 3 -5 
2 1 -904 902 2 -3 
2 6 -903 902 3 -4 
3 3 -902 901 1 -3 
1 4 -905 900 2 -6 
3 2 -904 900 2 -5 
5 3 -903 902 2 -4 
2 6 -905 901 1 -3 
2 2 -904 903 1 -2 
5 5 -904 901 6 -6 
3 2 -905 901 3 -5 
3 2 -904 900 1 -3 
2 1 -903 902 2 -6 
3 6 -903 900 3 -4 
1 4 -905 900 1 -3 
2 5 -903 900 2 -4 
3 5 -903 902 1 -2 
5 1 -901 900 4 -5 
4 2 -901 901 4 -4 
2 5 -905 902 1 -3 
1 4 -905 901 3 -5 
6 3 -902 902 1 -4 
5 6 -904 900 2 -5 
4 2 -904 903 5 -5 
1 2 -904 904 3 -6 
3 6 -904 903 2 -5 
6 1 -903 901 2 -6 
3 3 -904 903 2 -3 
5 1 -905 902 4 -6 
1 3 -902 902 1 -4 
4 6 -905 902 3 -4 
5 4 -905 900 2 -5 
6 6 -905 903 6 -6 
4 5 -905 903 1 -2 
2 3 -904 902 2 -3 
4 5 -905 903 1 -6 
3 3 -902 901 3 -6 
1 6 -905 900 2 -3 
5 4 -904 902 1 -3 
3 1 -905 900 1 -1 
3 1 -901 900 2 -5 
5 6 -904 900 4 -5 
6 2 -903 900 1 -5 
4 6 -902 900 3 -6 
2 4 -903 901 6 -6 
6 2 -900 900 3 -6 
3 4 -904 900 2 -3 
2 1 -904 901 1 -2 
2 3 -902 902 2 -6 
1 6 -905 901 1 -2 
5 3 -905 905 3 -4 
5 4 -903 903 1 -2 
4 6 -901 900 2 -6 
6 6 -903 900 1 -6 
6 6 -903 902 4 -6 
5 2 -902 900 5 -5 
1 5 -902 900 2 -4 
3 2 -902 902 3 -6 
2 2 -905 903 3 -6 
2 1 -902 900 1 -5 
2 4 -905 900 4 -6 
4 6 -901 901 1 -3 
3 6 -905 902 4 -6 
5 3 -902 902 3 -6 
6 2 -904 901 4 -5 
5 3 -904 900 1 -5 
2 5 -904 903 3 -6 
1 6 -905 902 1 -4 
5 4 -903 903 1 -5 
6 4 -902 900 1 -4 
5 1 -905 904 4 -5 
5 5 -904 904 4 -5 
5 2 -905 901 5 -6 
6 4 -902 901 3 -5 
1 3 -905 902 2 -4 
3 6 -904 901 3 -3 
6 5 -904 900 1 -4 
4 2 -900 900 1 -4 
6 2 -903 900 1 -5 
5 1 -904 903 1 -6 
5 2 -904 901 3 -5 
2 3 -903 901 1 -2 
2 3 -905 902 1 -2 
2 5 -904 900 1 -5 
6 1 -904 903 2 -4 
5 4 -903 903 1 -6 
2 1 -902 901 3 -4 
3 5 -902 902 5 -5 
4 1 -905 905 4 -4 
4 5 -902 901 5 -5 
2 3 -905 902 2 -4 
5 3 -905 904 1 -5 
5 6 -902 900 2 -4 
4 5 -901 900 1 -3 
5 5 -904 901 1 -6 
2 4 -903 901 2 -2 
4 1 -902 900 2 -4 
1 6 -903 902 1 -5 
3 3 -904 903 3 -6 
3 6 -905 903 1 -6 
2 1 -904 900 4 -6 
1 1 -903 903 6 -6 
3 2 -902 900 5 -5 
5 1 -905 901 1 -4 
1 2 -904 904 3 -5 
3 3 -902 901 1 -5 
6 6 -905 900 3 -5 
2 2 -905 904 1 -6 
4 2 -901 901 1 -6 
4 3 -904 904 1 -4 
3 5 -903 902 3 -6 
3 6 -904 901 1 -1 
3 3 -903 902 4 -4 
2 2 -903 903 1 -5 
6 2 -903 901 3 -5 
3 3 -903 901 5 -6 
3 6 -904 901 5 -6 
2 3 -905 903 2 -5 
3 1 -904 901 1 -6 
5 5 -904 901 1 -6 
3 5 -903 902 1 -2 
3 1 -905 900 6 -6 
2 4 -904 903 1 -6 
3 1 -905 903 5 -6 
4 5 -903 900 4 -5 
2 6 -904 902 4 -6 
5 2 -904 904 2 -6 
2 3 -904 901 1 -4 
5 5 -905 901 1 -2 
5 1 -903 901 2 -6 
5 1 -904 900 2 -5 
6 6 -902 902 2 -4 
2 5 -904 900 1 -1 
2 1 -904 901 2 -4 
2 2 -902 901 4 -5 
5 4 -902 900 2 -3 
5 3 -905 901 5 -6 
4 4 -901 900 4 -4 
1 4 -905 905 1 -4 
4 1 -904 902 2 -4 
4 1 -904 900 4 -4 
6 6 -905 905 4 -6 
2 3 -905 903 4 -5 
2 4 -903 902 3 -5 
4 6 -900 900 3 -6 
6 5 -902 902 1 -2 
6 2 -903 901 2 -3 
5 1 -905 900 5 -6 
5 5 -904 901 2 -5 
1 2 -905 901 5 -6 
5 5 -900 900 2 -3 
3 3 -905 902 3 -5 
2 1 -901 900 5 -6 
4 6 -903 903 1 -6 
1 6 -904 904 2 -4 
1 3 -904 903 1 -6 
4 4 -905 903 5 -5 
4 3 -905 901 2 -4 
5 3 -905 902 3 -5 
5 2 -902 900 3 -6 
6 6 -904 900 4 -6 
5 4 -905 903 1 -5 
5 1 -905 904 1 -4 
6 1 -904 901 1 -4 
2 6 -904 903 3 -6 
5 2 -902 901 4 -6 
6 6 -904 901 1 -3 
5 6 -903 900 4 -5 
5 1 -904 901 5 -6 
1 2 -905 902 1 -3 
3 4 -905 902 4 -6 
2 2 -904 903 1 -5 
5 3 -905 902 2 -6 
2 5 -903 901 4 -5 
3 4 -903 903 4 -4 
6 6 -902 901 4 -5 
2 1 -905 903 1 -5 
1 2 -901 900 3 -6 
6 2 -903 901 3 -5 
3 3 -900 900 1 -6 
3 6 -905 902 5 -6 
4 2 -905 904 1 -6 
3 2 -904 901 2 -4 
2 5 -904 901 3 -4 
4 3 -904 901 1 -6 
3 6 -905 902 2 -5 
3 6 -905 901 1 -5 
5 2 -904 904 2 -6 
6 2 -903 901 4 -4 
3 1 -903 900 1 -3 
2 6 -905 903 2 -6 
5 6 -905 901 2 -3 
3 3 -903 902 1 -3 
1 3 -905 903 2 -5 
2 4 -905 903 6 -6 
6 4 -904 903 4 -6 
5 1 -903 901 1 -6 
6 6 -901 901 1 -5 
4 6 -900 900 3 -6 
6 2 -901 901 2 -4 
6 6 -902 902 1 -4 
4 3 -901 900 3 -5 
5 5 -904 903 4 -5 
4 5 -902 901 4 -4 
2 3 -902 900 2 -3 
2 6 -904 900 3 -3 
1 4 -901 900 4 -4 
1 2 -905 901 1 -2 
1 4 -904 903 2 -3 
5 1 -905 904 1 -2 
6 1 -903 903 1 -6 
5 6 -904 900 1 -3 
4 4 -905 904 1 -5 
6 1 -904 902 3 -6 
1 4 -904 901 1 -4 
4 1 -905 904 1 -3 
6 2 -904 904 4 -5 
3 6 -900 900 3 -4 
2 4 -903 902 2 -3 
5 2 -902 900 1 -5 
2 3 -902 901 1 -5 
3 3 -903 903 4 -4 
5 4 -904 904 2 -3 
6 2 -904 901 6 -6 
4 5 -901 901 2 -5 
6 3 -903 900 2 -3 
3 5 -903 901 6 -6 
4 1 -902 902 1 -3 
4 3 -904 903 1 -6 
6 4 -902 900 1 -2 
1 6 -905 901 1 -2 
5 4 -905 903 1 -3 
3 3 -904 900 1 -4 
2 6 -903 902 2 -2 
1 5 -903 902 4 -6 
4 2 -901 900 2 -4 
5 3 -904 901 3 -4 
5 6 -904 903 2 -6 
3 6 -903 901 4 -4 
6 2 -903 901 4 -6 
3 3 -903 901 5 -6 
6 4 -901 900 4 -5 
1 3 -901 900 1 -4 
2 2 -903 901 5 -6 
1 4 -903 900 5 -6 
6 5 -904 904 5 -6 
5 2 -905 902 2 -5 
5 5 -903 901 3 -3 
6 5 -904 903 1 -4 
3 1 -905 905 1 -6 
6 2 -905 904 5 -6 
4 3 -905 905 3 -5 
2 5 -900 900 1 -2 
4 3 -905 902 1 -6 
4 5 -904 902 3 -5 
1 6 -902 902 1 -2 
4 2 -903 901 5 -6 
1 1 -904 900 2 -4 
1 3 -905 905 1 -3 
3 4 -903 900 1 -6 
4 6 -905 904 1 -6 
4 3 -901 900 2 -4 
4 3 -905 903 3 -5 
2 2 -905 901 5 -6 
6 1 -904 900 2 -6 
2 5 -904 904 6 -6 
5 5 -903 901 3 -6 
5 6 -905 901 5 -5 
4 1 -903 902 2 -5 
6 3 -903 901 2 -3 
3 1 -903 901 3 -5 
3 2 -902 900 3 -5 
6 4 -905 902 1 -2 
3 4 -905 902 1 -2 
2 2 -902 901 3 -5 
4 1 -903 900 1 -2 
4 2 -901 900 3 -5 
6 1 -904 904 3 -4 
6 3 -905 903 1 -2 
5 3 -904 900 4 -6 
4 4 -904 902 3 -5 
5 3 -900 900 3 -3 
5 1 -904 900 4 -5 
4 6 -904 904 1 -3 
4 6 -904 900 2 -2 
1 5 -905 900 1 -2 
5 2 -905 901 2 -5 
4 4 -903 902 2 -3 
3 3 -901 901 1 -5 
4 1 -905 903 5 -6 
3 4 -901 900 2 -4 
2 4 -903 901 4 -4 
6 6 -901 900 1 -5 
2 5 -904 900 1 -6 
6 6 -905 900 2 -4 
5 2 -904 902 3 -5 
3 6 -904 901 2 -6 
1 6 -902 900 6 -6 
2 6 -902 901 1 -4 
2 4 -905 905 3 -5 
2 2 -904 900 2 -3 
6 6 -905 902 1 -4 
1 3 -901 901 1 -6 
4 6 -905 903 3 -4 
3 6 -905 905 1 -6 
1 5 -902 900 6 -6 
1 3 -905 902 4 -4 
1 4 -904 900 4 -5 
5 4 -905 902 2 -3 
4 2 -904 903 3 -6 
1 1 -904 903 2 -6 
6 3 -905 904 5 -5 
2 3 -903 900 1 -5 
1 5 -904 902 3 -3 
5 2 -900 900 4 -5 
1 6 -900 900 3 -4 
3 1 -903 900 2 -6 
1 1 -902 901 1 -6 
6 6 -905 901 3 -6 
2 3 -901 900 3 -6 
5 2 -901 900 1 -3 
2 3 -904 904 2 -6 
4 6 -905 901 2 -3 
1 1 -901 901 5 -5 
5 6 -902 901 3 -4 
1 1 -905 901 5 -6 
6 5 -902 901 1 -6 
1 6 -900 900 2 -3 
3 1 -903 902 2 -2 
5 2 -902 901 3 -4 
5 2 -904 903 5 -5 
1 6 -901 901 1 -5 
2 1 -903 902 1 -3 
5 6 -901 900 2 -3 
6 4 -904 904 1 -2 
2 4 -903 900 4 -5 
4 1 -904 902 2 -3 
6 4 -900 900 4 -6 
5 5 -904 901 2 -4 
1 4 -903 900 3 -6 
4 6 -905 900 1 -2 
1 6 -904 901 4 -5 
6 6 -902 901 2 -3 
4 6 -905 903 1 -6 
1 1 -903 902 2 -4 
4 2 -905 900 2 -6 
5 6 -904 903 2 -6 
1 1 -905 903 3 -4 
4 5 -904 900 6 -6 
1 5 -902 902 3 -4 
2 3 -905 903 2 -2 
4 4 -904 903 6 -6 
2 1 -900 900 1 -4 
3 6 -903 900 1 -6 
6 1 -904 903 4 -4 
6 6 -905 904 3 -4 
3 6 -905 901 1 -1 
2 6 -905 902 1 -5 
1 2 -905 901 4 -6 
3 2 -905 901 2 -6 
3 2 -905 902 1 -2 
4 4 -902 900 5 -5 
2 3 -904 903 2 -5 
2 4 -905 900 2 -4 
6 2 -904 900 4 -6 
5 3 -903 900 1 -4 
3 1 -904 903 2 -5 
4 1 -902 902 2 -2 
3 2 -905 902 5 -6 
4 5 -905 904 3 -5 
6 2 -900 900 1 -5 
4 3 -904 904 3 -6 
2 2 -903 901 4 -6 
4 1 -904 902 2 -6 
6 6 -904 904 1 -6 
2 1 -903 900 5 -5 
6 6 -902 901 2 -3 
3 6 -904 901 1 -2 
1 4 -904 901 4 -6 
6 6 -903 901 2 -6 
4 6 -905 900 1 -5 
2 5 -905 902 6 -6 
4 1 -905 902 1 -6 
2 3 -903 901 3 -4 
6 5 -903 901 1 -2 
5 3 -901 901 3 -5 
1 2 -905 903 3 -4 
2 6 -904 902 2 -2 
4 6 -904 904 3 -6 
1 6 -902 900 1 -3 
5 4 -904 903 4 -5 
3 5 -904 902 2 -4 
1 3 -905 904 1 -5 
3 6 -905 900 1 -6 
3 2 -905 903 3 -4 
6 1 -905 905 2 -3 
4 5 -904 901 1 -6 
3 3 -905 900 3 -4 
4 1 -904 901 6 -6 
6 1 -901 900 2 -4 
5 4 -904 903 5 -6 
4 2 -905 900 2 -6 
4 4 -901 901 3 -4 
2 3 -904 902 2 -5 
2 4 -905 902 2 -6 
3 6 -901 900 2 -3 
3 4 -901 901 1 -6 
2 6 -902 902 2 -3 
5 1 -905 903 4 -4 
4 3 -904 902 3 -5 
6 5 -905 903 1 -3 
2 6 -903 901 5 -6 
3 1 -904 901 1 -3 
3 2 -903 903 3 -4 
4 3 -904 902 3 -6 
6 6 -904 903 1 -2 
1 1 -902 902 3 -5 
4 2 -905 905 1 -2 
6 4 -903 903 2 -2 
4 5 -904 902 1 -6 
1 4 -901 900 1 -3 
6 5 -904 903 1 -6 
4 4 -903 900 2 -4 
1 3 -904 902 1 -5 
1 6 -905 903 2 -4 
4 6 -905 905 3 -3 
3 1 -905 904 4 -5 
6 6 -903 902 2 -5 
1 1 -905 905 5 -6 
3 1 -902 901 2 -6 
5 6 -905 904 1 -1 
5 1 -905 902 3 -4 
3 5 -904 903 3 -4 
6 4 -902 902 1 -4 
2 6 -902 901 1 -4 
2 1 -905 900 5 -6 
4 3 -904 901 2 -4 
6 2 -904 900 3 -5 
3 5 -903 900 3 -4 
5 3 -903 902 1 -6 
1 1 -902 900 1 -2 
5 6 -905 901 2 -4 
4 6 -904 902 4 -5 
6 1 -900 900 2 -6 
5 1 -903 900 2 -2 
3 2 -905 903 2 -4 
3 2 -903 901 2 -5 
1 1 -901 901 3 -6 
4 3 -902 900 2 -2 
4 5 -905 903 1 -3 
1 1 -904 902 4 -5 
4 3 -903 902 4 -5 
4 2 -900 900 2 -2 
3 5 -905 900 3 -5 
1 6 -904 900 1 -3 
4 4 -901 901 4 -6 
2 3 -903 902 6 -6 
4 5 -902 902 2 -3 
1 3 -904 901 1 -5 
4 5 -903 900 3 -4 
6 1 -903 901 4 -6 
6 5 -903 900 1 -2 
3 1 -903 901 1 -4 
1 4 -904 901 3 -6 
5 1 -905 902 2 -3 
5 4 -904 900 4 -5 
1 5 -903 903 2 -3 
2 6 -902 901 4 -6 
2 5 -905 902 5 -5 
6 3 -901 900 1 -2 
4 2 -905 905 1 -4 
3 1 -903 902 1 -5 
4 4 -904 900 1 -4 
5 5 -903 900 1 -4 
1 3 -904 903 2 -6 
2 5 -902 900 3 -6 
3 4 -905 901 3 -6 
6 5 -905 900 4 -5 
6 6 -904 904 2 -6 
6 6 -905 903 4 -4 
1 5 -903 903 3 -6 
1 3 -900 900 3 -5 
3 2 -902 901 3 -4 
4 5 -904 902 1 -5 
4 2 -902 901 2 -5 
3 5 -902 901 5 -6 
3 2 -902 901 1 -4 
1 1 -901 901 2 -4 
3 4 -903 902 2 -5 
1 2 -904 900 2 -6 
5 3 -905 900 3 -6 
3 2 -905 901 2 -4 
1 1 -903 902 4 -6 
3 4 -905 903 4 -6 
3 2 -904 904 2 -5 
2 2 -901 900 1 -3 
3 4 -904 904 3 -4 
6 5 -905 902 2 -6 
4 1 -905 902 5 -6 
4 2 -904 903 4 -6 
3 2 -905 905 1 -2 
6 1 -902 902 1 -3 
4 3 -905 902 2 -3 
6 4 -904 904 4 -5 
6 2 -905 903 1 -5 
5 6 -905 903 1 -4 
1 3 -904 901 3 -5 
1 6 -904 901 1 -6 
3 4 -901 900 3 -5 
1 4 -904 904 2 -6 
3 5 -904 903 3 -3 
1 5 -901 900 3 -6 
3 2 -905 905 1 -6 
4 6 -900 900 3 -4 
3 6 -902 901 2 -4 
3 3 -904 904 1 -3 
2 5 -904 902 4 -6 
5 4 -905 901 1 -3 
4 3 -905 904 2 -6 
6 5 -903 900 1 -6 
4 6 -904 902 5 -5 
1 5 -905 900 3 -4 
3 6 -905 901 5 -5 
5 2 -905 900 2 -3 
3 1 -904 902 1 -5 
4 3 -904 902 2 -4 
3 5 -902 901 4 -4 
1 3 -905 905 6 -6 
6 3 -903 900 1 -2 
5 3 -905 902 2 -4 
6 4 -904 902 1 -4 
1 2 -902 900 1 -5 
4 1 -904 901 1 -2 
2 1 -901 900 1 -3 
1 6 -903 901 5 -6 
2 3 -902 901 4 -6 
5 6 -905 901 2 -4 
3 1 -901 900 2 -4 
2 2 -905 903 1 -4 
6 3 -902 900 4 -6 
4 5 -904 900 5 -6 
2 2 -904 900 1 -3 
2 6 -903 902 5 -6 
2 2 -904 900 2 -3 
5 3 -905 901 4 -6 
5 3 -905 903 1 -2 
3 1 -903 901 4 -5 
4 1 -902 900 1 -6 
4 4 -905 903 1 -4 
3 4 -905 901 1 -6 
4 6 -905 901 5 -6 
5 2 -900 900 2 -5 
5 5 -903 901 1 -4 
4 6 -905 903 2 -4 
6 5 -904 903 2 -3 
6 5 -900 900 3 -4 
6 4 -904 901 3 -6 
3 5 -904 900 2 -3 
6 2 -901 900 1 -4 
5 5 -905 902 1 -6 
5 3 -904 902 2 -3 
6 4 -903 903 4 -4 
6 5 -904 900 1 -6 
4 6 -903 902 2 -6 
5 1 -903 900 1 -2 
6 6 -904 902 4 -6 
2 4 -905 900 2 -3 
3 3 -905 900 2 -2 
1 3 -905 902 3 -4 
3 4 -905 902 2 -6 
2 4 -901 901 2 -4 
3 3 -904 902 4 -5 
4 6 -903 903 1 -6 
5 5 -903 902 5 -6 
2 1 -902 900 1 -3 
6 2 -900 900 3 -4 
1 4 -904 904 5 -6 
6 3 -902 902 1 -2 
5 5 -904 903 2 -6 
5 5 -905 900 1 -3 
2 5 -902 901 1 -6 
4 2 -905 902 1 -2 
2 4 -904 900 2 -3 
5 3 -905 900 5 -6 
3 3 -903 903 3 -5 
6 3 -902 902 1 -6 
3 3 -904 903 5 -5 
3 6 -902 900 4 -5 
4 5 -903 902 6 -6 
5 1 -904 902 3 -5 
4 5 -903 901 3 -6 
6 3 -905 903 1 -6 
2 6 -905 901 5 -6 
6 2 -905 901 2 -5 
5 5 -905 903 2 -5 
5 2 -905 902 4 -6 
3 4 -905 904 2 -4 
3 6 -903 902 5 -6 
1 3 -903 901 2 -3 
5 6 -901 901 2 -4 
6 5 -901 900 1 -2 
6 1 -904 903 4 -6 
6 6 -905 902 1 -4 
6 6 -903 903 3 -5 
5 4 -901 900 3 -4 
1 4 -904 904 5 -5 
1 5 -903 902 3 -4 
1 6 -905 900 6 -6 
1 5 -904 904 1 -3 
4 4 -904 904 3 -3 
6 2 -903 900 4 -5 
6 1 -905 904 5 -5 
5 6 -905 902 1 -2 
5 5 -904 901 4 -4 
4 4 -905 902 1 -5 
5 4 -903 900 1 -4 
5 1 -901 900 4 -6 
3 4 -905 905 1 -3 
6 6 -905 902 1 -4 
5 2 -904 901 2 -5 
4 2 -905 904 2 -5 
4 2 -905 904 3 -3 
5 6 -901 900 4 -6 
6 2 -902 901 3 -5 
6 1 -904 902 3 -6 
6 2 -905 900 2 -5 
1 4 -902 900 6 -6 
3 3 -904 904 5 -5 
2 1 -905 901 5 -6 
4 1 -902 900 6 -6 
6 4 -903 900 2 -3 
5 6 -901 900 2 -3 
5 4 -904 903 3 -4 
1 5 -903 902 5 -6 
6 3 -903 902 5 -5 
2 1 -903 900 5 -6 
5 5 -904 900 1 -1 
5 3 -903 901 1 -4 
1 1 -902 902 4 -4 
5 6 -905 901 4 -5 
2 6 -905 903 1 -5 
4 6 -905 903 3 -4 
6 5 -903 903 1 -1 
4 3 -903 902 3 -6 
2 2 -901 901 2 -5 
4 5 -905 901 1 -4 
1 3 -903 900 4 -5 
3 1 -905 900 1 -6 
3 2 -903 901 1 -6 
6 1 -904 903 1 -1 
5 1 -905 901 1 -3 
2 1 -902 902 2 -5 
3 5 -905 904 2 -3 
4 3 -904 900 1 -5 
2 2 -905 903 1 -2 
3 4 -903 902 3 -5 
5 5 -903 900 2 -4 
4 1 -905 902 2 -3 
1 2 -904 900 3 -5 
3 2 -904 901 3 -5 
4 6 -904 902 2 -6 
5 4 -902 902 1 -1 
4 1 -904 903 3 -4 
3 4 -903 901 1 -2 
2 1 -905 902 3 -6 
4 4 -904 902 2 -4 
1 1 -902 902 1 -1 
1 5 -901 901 2 -3 
6 2 -901 901 3 -6 
5 2 -903 900 1 -2 
6 6 -905 900 2 -2 
6 3 -902 901 5 -5 
2 5 -904 902 2 -4 
4 4 -903 901 1 -6 
4 3 -901 900 3 -5 
6 6 -905 902 6 -6 
5 1 -904 901 2 -4 
3 2 -905 900 3 -6 
6 6 -904 900 1 -5 
5 4 -904 904 3 -4 
1 6 -901 900 4 -5 
3 5 -903 900 4 -5 
5 1 -901 900 3 -3 
4 5 -905 904 1 -2 
5 5 -905 900 1 -5 
5 6 -903 902 6 -6 
6 3 -904 902 3 -3 
1 6 -902 902 2 -3 
1 6 -903 902 2 -5 
6 3 -905 901 3 -5 
3 4 -905 900 3 -4 
5 2 -905 903 1 -3 
5 1 -900 900 3 -4 
2 2 -902 900 1 -1 
2 2 -901 900 3 -6 
4 1 -904 902 3 -6 
6 5 -903 900 4 -6 
6 5 -902 901 5 -6 
3 6 -903 901 5 -6 
5 6 -902 901 1 -5 
2 4 -905 900 1 -4 
3 4 -905 900 4 -6 
6 1 -904 902 1 -5 
6 5 -905 904 5 -6 
3 6 -900 900 1 -3 
1 3 -903 901 3 -4 
5 6 -904 902 1 -5 
6 4 -905 904 2 -6 
6 2 -902 900 1 -3 
4 4 -905 903 4 -6 
5 3 -903 902 4 -6 
6 5 -905 904 1 -5 
6 4 -905 903 1 -4 
5 4 -905 900 5 -6 
5 2 -904 900 2 -3 
4 1 -902 900 1 -2 
4 5 -903 900 4 -5 
5 3 -900 900 1 -4 
1 3 -904 901 1 -1 
6 1 -905 903 2 -5 
3 6 -902 901 3 -6 
1 3 -901 901 2 -4 
1 2 -904 903 4 -6 
5 4 -903 901 1 -6 
1 5 -904 902 1 -4 
4 5 -904 901 4 -5 
6 1 -903 901 4 -5 
2 3 -905 903 2 -4 
1 4 -905 903 2 -6 
5 3 -905 903 4 -6 
2 3 -905 902 3 -3 
2 2 -904 902 4 -5 
4 3 -903 903 3 -6 
4 2 -905 901 5 -5 
3 1 -905 904 1 -2 
5 4 -904 903 2 -6 
3 3 -902 901 1 -4 
5 5 -904 900 1 -6 
2 1 -904 902 4 -4 
6 4 -903 903 1 -4 
6 6 -902 900 5 -5 
6 4 -905 901 3 -6 
2 6 -900 900 3 -6 
1 2 -901 900 2 -6 
5 4 -903 903 4 -4 
3 4 -904 901 5 -6 
1 6 -904 901 3 -4 
5 4 -904 902 5 -5 
1 5 -905 905 1 -3 
6 3 -903 900 1 -2 
3 1 -902 901 1 -5 
1 5 -905 901 4 -4 
4 6 -903 901 1 -6 
3 5 -901 900 6 -6 
2 3 -903 900 1 -3 
1 5 -903 903 2 -4 
2 1 -903 901 6 -6 
3 3 -905 902 2 -5 
5 4 -904 900 1 -4 
3 6 -905 902 4 -4 
3 4 -905 902 1 -5 
3 6 -904 902 4 -4 
4 5 -904 903 5 -6 
2 3 -905 900 2 -3 
6 1 -903 900 4 -5 
1 5 -905 903 3 -5 
2 3 -904 904 4 -6 
2 3 -904 900 1 -4 
4 3 -905 903 3 -6 
6 2 -904 904 4 -4 
6 2 -902 902 6 -6 
1 1 -904 900 2 -5 
3 1 -905 903 1 -5 
4 1 -903 902 4 -6 
4 6 -904 904 3 -5 
6 6 -905 904 3 -4 
4 2 -903 901 3 -4 
3 2 -905 901 3 -5 
1 2 -905 903 1 -3 
6 6 -901 900 2 -5 
1 5 -905 904 2 -6 
1 2 -901 900 1 -3 
3 6 -905 900 4 -4 
4 2 -904 903 3 -6 
2 4 -901 900 2 -6 
3 3 -902 901 4 -6 
5 6 -905 902 2 -3 
4 2 -904 903 3 -4 
1 3 -901 901 1 -3 
2 1 -904 901 1 -5 
6 5 -905 904 1 -6 
5 5 -905 904 1 -3 
6 6 -905 901 6 -6 
5 2 -904 901 3 -6 
5 4 -902 900 1 -5 
5 4 -904 900 3 -6 
3 6 -903 900 4 -5 
2 6 -902 900 2 -4 
3 3 -901 900 4 -6 
6 5 -901 900 3 -4 
6 5 -902 901 4 -5 
6 1 -903 901 2 -6 
2 1 -903 902 5 -5 
1 3 -904 901 1 -2 
4 5 -902 900 5 -6 
2 5 -905 904 2 -4 
4 2 -901 900 2 -3 
5 3 -901 901 4 -6 
1 2 -904 903 1 -4 
3 1 -903 902 2 -5 
2 2 -903 900 1 -2 
2 1 -905 902 5 -5 
6 4 -904 902 3 -3 
6 5 -901 901 1 -3 
6 2 -905 901 2 -3 
5 5 -904 903 1 -5 
3 6 -904 900 1 -4 
4 1 -904 902 2 -5 
6 3 -904 903 1 -5 
5 3 -901 900 1 -6 
6 5 -902 902 4 -6 
2 2 -905 904 3 -6 
3 5 -905 905 2 -5 
4 4 -901 901 2 -5 
4 2 -902 902 3 -6 
6 2 -903 900 2 -5 
1 1 -902 902 3 -3 
6 4 -903 902 1 -2 
1 5 -901 900 3 -6 
6 6 -903 901 6 -6 
3 5 -903 902 2 -6 
5 2 -900 900 3 -6 
2 3 -902 900 4 -5 
3 3 -900 900 2 -6 
1 4 -905 902 4 -5 
5 2 -904 902 4 -4 
4 5 -905 904 4 -6 
1 5 -900 900 2 -4 
2 2 -902 901 1 -4 
5 1 -904 903 5 -6 
1 4 -902 900 5 -5 
1 1 -905 902 4 -5 
5 3 -903 902 5 -6 
2 4 -905 901 2 -5 
4 1 -905 903 1 -4 
2 5 -905 902 1 -4 
4 2 -903 903 4 -5 
5 6 -901 900 1 -4 
1 6 -900 900 1 -2 
5 1 -900 900 1 -6 
6 4 -901 900 3 -4 
6 3 -903 901 1 -2 
3 1 -905 903 2 -6 
5 2 -904 901 3 -5 
6 6 -904 900 4 -5 
6 6 -904 900 2 -5 
1 1 -903 902 1 -1 
4 4 -905 901 3 -5 
3 6 -905 902 5 -6 
3 5 -905 903 2 -6 
4 3 -902 900 2 -5 
1 2 -905 902 4 -6 
5 2 -904 903 2 -5 
3 6 -901 901 4 -4 
4 4 -901 900 2 -6 
5 4 -902 900 2 -4 
1 3 -903 902 2 -4 
2 1 -905 900 5 -6 
6 5 -905 900 3 -5 
5 2 -902 902 2 -3 
2 6 -903 903 2 -2 
5 3 -904 901 3 -4 
4 2 -905 905 5 -6 
4 6 -905 901 3 -6 
6 2 -905 902 3 -4 
5 4 -903 902 1 -3 
4 2 -902 900 2 -5 
6 6 -901 901 1 -3 
5 2 -903 903 1 -5 
5 5 -903 900 4 -6 
2 4 -905 905 3 -6 
3 3 -905 902 1 -5 
1 6 -901 901 1 -6 
4 6 -905 905 2 -3 
3 5 -905 904 1 -4 
1 2 -904 901 1 -4 
1 1 -905 903 5 -6 
2 6 -905 902 2 -4 
4 6 -905 901 4 -6 
3 2 -904 903 1 -5 
5 1 -902 901 2 -5 
3 4 -904 901 1 -3 
4 4 -903 900 4 -6 
1 2 -902 901 1 -4 
3 6 -900 900 1 -4 
3 2 -901 900 1 -4 
1 2 -904 903 4 -6 
3 4 -905 903 3 -4 
6 2 -902 900 4 -5 
4 2 -905 900 3 -6 
5 3 -904 901 2 -6 
6 6 -903 901 1 -4 
5 1 -902 900 2 -5 
3 4 -905 905 5 -5 
3 3 -900 900 4 -6 
3 5 -903 902 5 -5 
5 2 -903 903 4 -6 
3 3 -902 900 3 -6 
1 1 -903 902 1 -1 
4 6 -905 904 3 -4 
3 4 -905 902 3 -5 
3 4 -903 901 2 -2 
4 4 -905 900 2 -4 
1 6 -904 902 1 -6 
5 4 -902 900 3 -6 
5 2 -904 901 2 -6 
1 5 -904 904 3 -4 
1 2 -904 903 1 -3 
5 6 -905 904 2 -5 
6 3 -902 901 1 -6 
3 2 -902 900 1 -4 
6 2 -905 901 4 -5 
4 1 -905 901 5 -6 
3 5 -905 905 2 -4 
5 1 -901 901 2 -2 
3 3 -905 901 1 -2 
5 6 -901 900 4 -5 
5 3 -904 900 2 -5 
6 1 -903 900 4 -5 
5 2 -903 903 2 -4 
1 6 -905 900 2 -3 
3 1 -905 901 1 -5 
4 5 -905 900 1 -2 
2 5 -902 900 4 -5 
2 6 -902 902 1 -6 
5 6 -905 903 2 -2 
5 5 -901 900 1 -5 
4 3 -904 902 3 -4 
1 2 -905 904 3 -6 
1 1 -905 904 3 -5 
1 5 -903 902 3 -4 
4 4 -902 900 1 -6 
4 3 -905 900 5 -6 
6 1 -903 903 4 -5 
6 5 -905 904 5 -6 
6 6 -905 900 1 -3 
1 5 -904 903 2 -2 
1 2 -900 900 1 -2 
1 2 -902 901 3 -4 
2 2 -903 903 2 -3 
5 5 -904 900 4 -5 
1 4 -903 903 1 -4 
6 6 -905 902 2 -6 
4 6 -904 902 5 -6 
2 3 -904 903 1 -6 
5 6 -905 902 1 -4 
3 3 -903 901 2 -5 
4 5 -905 904 2 -3 
4 1 -905 900 2 -3 
4 5 -903 901 1 -4 
5 2 -901 900 3 -4 
3 3 -905 901 2 -5 
4 3 -905 901 4 -5 
3 6 -904 904 1 -4 
2 1 -905 903 4 -5 
3 3 -902 900 3 -3 
5 1 -904 904 1 -5 
2 6 -904 902 3 -5 
4 2 -904 903 2 -4 
4 6 -904 903 1 -5 
5 1 -901 900 2 -5 
1 5 -903 901 1 -2 
6 1 -905 903 1 -5 
5 2 -903 901 1 -5 
4 2 -903 903 3 -5 
6 2 -900 900 3 -4 
4 3 -903 900 3 -6 
2 5 -902 900 3 -4 
4 4 -902 900 5 -6 
4 5 -903 900 4 -4 
4 2 -904 902 1 -3 
6 5 -901 900 3 -3 
3 2 -904 902 1 -4 
6 6 -902 902 5 -6 
2 1 -905 901 1 -5 
5 2 -902 901 1 -3 
1 1 -902 900 3 -3 
3 5 -902 900 3 -6 
5 6 -905 904 2 -6 
5 6 -901 901 2 -3 
6 3 -905 902 5 -5 
1 2 -903 902 2 -6 
6 6 -904 901 2 -6 
6 3 -902 901 3 -6 
6 1 -905 900 5 -6 
4 1 -905 903 3 -3 
5 1 -905 903 2 -5 
3 3 -902 901 1 -4 
4 1 -904 903 2 -4 
5 6 -905 902 3 -3 
2 5 -903 900 1 -4 
4 6 -904 904 1 -5 
3 3 -903 902 1 -2 
3 4 -901 901 2 -3 
5 3 -904 902 3 -5 
4 5 -904 902 4 -6 
4 2 -904 900 4 -5 
5 2 -902 902 3 -3 
2 3 -902 901 2 -5 
5 4 -903 900 5 -6 
3 2 -904 901 5 -5 
4 5 -904 900 3 -6 
2 1 -905 902 1 -2 
5 4 -901 900 5 -6 
2 3 -904 900 5 -6 
3 2 -902 901 1 -6 
6 2 -905 902 2 -5 
1 3 -902 902 3 -5 
3 3 -904 903 2 -6 
1 2 -905 904 4 -4 
1 6 -904 900 4 -4 
6 3 -903 900 1 -3 
3 2 -905 901 4 -4 
6 3 -902 900 5 -6 
2 5 -902 901 2 -4 
1 6 -904 900 1 -3 
4 1 -901 900 2 -5 
4 6 -903 900 2 -4 
5 6 -905 904 1 -4 
5 4 -903 901 1 -2 
4 2 -905 902 5 -6 
