1 : 3 (3000 3000)
    8 - 0
    2 - 1
    6 - 2
2 : 2 (3030 3000)
    3 - 0
    1 - 1
3 : 3 (3040 3020)
    2 - 0
    10 - 1
    4 - 2
4 : 2 (3030 3040)
    3 - 0
    5 - 1
5 : 3 (3000 3040)
    12 - 0
    6 - 1
    4 - 2
6 : 2 (2990 3020)
    1 - 0
    5 - 1
7 : 3 (3000 2990)
    14 - 0
    8 - 1
    12 - 2
8 : 3 (3030 2990)
    9 - 0
    1 - 1
    7 - 2
9 : 3 (3050 3020)
    8 - 0
    16 - 1
    10 - 2
10 : 3 (3030 3050)
    3 - 0
    9 - 1
    11 - 2
11 : 3 (3000 3050)
    18 - 0
    12 - 1
    10 - 2
12 : 3 (2980 3020)
    7 - 0
    5 - 1
    11 - 2
13 : 3 (3000 2980)
    20 - 0
    14 - 1
    18 - 2
14 : 3 (3030 2980)
    15 - 0
    7 - 1
    13 - 2
15 : 3 (3060 3020)
    14 - 0
    22 - 1
    16 - 2
16 : 3 (3030 3060)
    9 - 0
    15 - 1
    17 - 2
17 : 3 (3000 3060)
    24 - 0
    18 - 1
    16 - 2
18 : 3 (2970 3020)
    13 - 0
    11 - 1
    17 - 2
19 : 3 (3000 2970)
    26 - 0
    20 - 1
    24 - 2
20 : 3 (3030 2970)
    21 - 0
    13 - 1
    19 - 2
21 : 3 (3070 3020)
    20 - 0
    28 - 1
    22 - 2
22 : 3 (3030 3070)
    15 - 0
    21 - 1
    23 - 2
23 : 3 (3000 3070)
    30 - 0
    24 - 1
    22 - 2
24 : 3 (2960 3020)
    19 - 0
    17 - 1
    23 - 2
25 : 3 (3000 2960)
    32 - 0
    26 - 1
    30 - 2
26 : 3 (3030 2960)
    27 - 0
    19 - 1
    25 - 2
27 : 3 (3080 3020)
    26 - 0
    34 - 1
    28 - 2
28 : 3 (3030 3080)
    21 - 0
    27 - 1
    29 - 2
29 : 3 (3000 3080)
    36 - 0
    30 - 1
    28 - 2
30 : 3 (2950 3020)
    25 - 0
    23 - 1
    29 - 2
31 : 3 (3000 2950)
    38 - 0
    32 - 1
    36 - 2
32 : 3 (3030 2950)
    33 - 0
    25 - 1
    31 - 2
33 : 3 (3090 3020)
    32 - 0
    40 - 1
    34 - 2
34 : 3 (3030 3090)
    27 - 0
    33 - 1
    35 - 2
35 : 3 (3000 3090)
    42 - 0
    36 - 1
    34 - 2
36 : 3 (2940 3020)
    31 - 0
    29 - 1
    35 - 2
37 : 3 (3000 2940)
    44 - 0
    38 - 1
    42 - 2
38 : 3 (3030 2940)
    39 - 0
    31 - 1
    37 - 2
39 : 3 (3100 3020)
    38 - 0
    46 - 1
    40 - 2
40 : 3 (3030 3100)
    33 - 0
    39 - 1
    41 - 2
41 : 3 (3000 3100)
    48 - 0
    42 - 1
    40 - 2
42 : 3 (2930 3020)
    37 - 0
    35 - 1
    41 - 2
43 : 3 (3000 2930)
    50 - 0
    44 - 1
    48 - 2
44 : 3 (3030 2930)
    45 - 0
    37 - 1
    43 - 2
45 : 3 (3110 3020)
    44 - 0
    52 - 1
    46 - 2
46 : 3 (3030 3110)
    39 - 0
    45 - 1
    47 - 2
47 : 3 (3000 3110)
    54 - 0
    48 - 1
    46 - 2
48 : 3 (2920 3020)
    43 - 0
    41 - 1
    47 - 2
49 : 3 (3000 2920)
    56 - 0
    50 - 1
    54 - 2
50 : 3 (3030 2920)
    51 - 0
    43 - 1
    49 - 2
51 : 3 (3120 3020)
    50 - 0
    58 - 1
    52 - 2
52 : 3 (3030 3120)
    45 - 0
    51 - 1
    53 - 2
53 : 3 (3000 3120)
    60 - 0
    54 - 1
    52 - 2
54 : 3 (2910 3020)
    49 - 0
    47 - 1
    53 - 2
55 : 3 (3000 2910)
    62 - 0
    56 - 1
    60 - 2
56 : 3 (3030 2910)
    57 - 0
    49 - 1
    55 - 2
57 : 3 (3130 3020)
    56 - 0
    64 - 1
    58 - 2
58 : 3 (3030 3130)
    51 - 0
    57 - 1
    59 - 2
59 : 3 (3000 3130)
    66 - 0
    60 - 1
    58 - 2
60 : 3 (2900 3020)
    55 - 0
    53 - 1
    59 - 2
61 : 3 (3000 2900)
    68 - 0
    62 - 1
    66 - 2
62 : 3 (3030 2900)
    63 - 0
    55 - 1
    61 - 2
63 : 3 (3140 3020)
    62 - 0
    70 - 1
    64 - 2
64 : 3 (3030 3140)
    57 - 0
    63 - 1
    65 - 2
65 : 3 (3000 3140)
    72 - 0
    66 - 1
    64 - 2
66 : 3 (2890 3020)
    61 - 0
    59 - 1
    65 - 2
67 : 3 (3000 2890)
    74 - 0
    68 - 1
    72 - 2
68 : 3 (3030 2890)
    69 - 0
    61 - 1
    67 - 2
69 : 3 (3150 3020)
    68 - 0
    76 - 1
    70 - 2
70 : 3 (3030 3150)
    63 - 0
    69 - 1
    71 - 2
71 : 3 (3000 3150)
    78 - 0
    72 - 1
    70 - 2
72 : 3 (2880 3020)
    67 - 0
    65 - 1
    71 - 2
73 : 3 (3000 2880)
    80 - 0
    74 - 1
    78 - 2
74 : 3 (3030 2880)
    75 - 0
    67 - 1
    73 - 2
75 : 3 (3160 3020)
    74 - 0
    82 - 1
    76 - 2
76 : 3 (3030 3160)
    69 - 0
    75 - 1
    77 - 2
77 : 3 (3000 3160)
    84 - 0
    78 - 1
    76 - 2
78 : 3 (2870 3020)
    73 - 0
    71 - 1
    77 - 2
79 : 3 (3000 2870)
    86 - 0
    80 - 1
    84 - 2
80 : 3 (3030 2870)
    81 - 0
    73 - 1
    79 - 2
81 : 3 (3170 3020)
    80 - 0
    88 - 1
    82 - 2
82 : 3 (3030 3170)
    75 - 0
    81 - 1
    83 - 2
83 : 3 (3000 3170)
    90 - 0
    84 - 1
    82 - 2
84 : 3 (2860 3020)
    79 - 0
    77 - 1
    83 - 2
85 : 3 (3000 2860)
    92 - 0
    86 - 1
    90 - 2
86 : 3 (3030 2860)
    87 - 0
    79 - 1
    85 - 2
87 : 3 (3180 3020)
    86 - 0
    94 - 1
    88 - 2
88 : 3 (3030 3180)
    81 - 0
    87 - 1
    89 - 2
89 : 3 (3000 3180)
    96 - 0
    90 - 1
    88 - 2
90 : 3 (2850 3020)
    85 - 0
    83 - 1
    89 - 2
91 : 3 (3000 2850)
    98 - 0
    92 - 1
    96 - 2
92 : 3 (3030 2850)
    93 - 0
    85 - 1
    91 - 2
93 : 3 (3190 3020)
    92 - 0
    100 - 1
    94 - 2
94 : 3 (3030 3190)
    87 - 0
    93 - 1
    95 - 2
95 : 3 (3000 3190)
    102 - 0
    96 - 1
    94 - 2
96 : 3 (2840 3020)
    91 - 0
    89 - 1
    95 - 2
97 : 3 (3000 2840)
    104 - 0
    98 - 1
    102 - 2
98 : 3 (3030 2840)
    99 - 0
    91 - 1
    97 - 2
99 : 3 (3200 3020)
    98 - 0
    106 - 1
    100 - 2
100 : 3 (3030 3200)
    93 - 0
    99 - 1
    101 - 2
101 : 3 (3000 3200)
    108 - 0
    102 - 1
    100 - 2
102 : 3 (2830 3020)
    97 - 0
    95 - 1
    101 - 2
103 : 3 (3000 2830)
    110 - 0
    104 - 1
    108 - 2
104 : 3 (3030 2830)
    105 - 0
    97 - 1
    103 - 2
105 : 3 (3210 3020)
    104 - 0
    112 - 1
    106 - 2
106 : 3 (3030 3210)
    99 - 0
    105 - 1
    107 - 2
107 : 3 (3000 3210)
    114 - 0
    108 - 1
    106 - 2
108 : 3 (2820 3020)
    103 - 0
    101 - 1
    107 - 2
109 : 3 (3000 2820)
    116 - 0
    110 - 1
    114 - 2
110 : 3 (3030 2820)
    111 - 0
    103 - 1
    109 - 2
111 : 3 (3220 3020)
    110 - 0
    118 - 1
    112 - 2
112 : 3 (3030 3220)
    105 - 0
    111 - 1
    113 - 2
113 : 3 (3000 3220)
    120 - 0
    114 - 1
    112 - 2
114 : 3 (2810 3020)
    109 - 0
    107 - 1
    113 - 2
115 : 3 (3000 2810)
    122 - 0
    116 - 1
    120 - 2
116 : 3 (3030 2810)
    117 - 0
    109 - 1
    115 - 2
117 : 3 (3230 3020)
    116 - 0
    124 - 1
    118 - 2
118 : 3 (3030 3230)
    111 - 0
    117 - 1
    119 - 2
119 : 3 (3000 3230)
    126 - 0
    120 - 1
    118 - 2
120 : 3 (2800 3020)
    115 - 0
    113 - 1
    119 - 2
121 : 3 (3000 2800)
    128 - 0
    122 - 1
    126 - 2
122 : 3 (3030 2800)
    123 - 0
    115 - 1
    121 - 2
123 : 3 (3240 3020)
    122 - 0
    130 - 1
    124 - 2
124 : 3 (3030 3240)
    117 - 0
    123 - 1
    125 - 2
125 : 3 (3000 3240)
    132 - 0
    126 - 1
    124 - 2
126 : 3 (2790 3020)
    121 - 0
    119 - 1
    125 - 2
127 : 3 (3000 2790)
    134 - 0
    128 - 1
    132 - 2
128 : 3 (3030 2790)
    129 - 0
    121 - 1
    127 - 2
129 : 3 (3250 3020)
    128 - 0
    136 - 1
    130 - 2
130 : 3 (3030 3250)
    123 - 0
    129 - 1
    131 - 2
131 : 3 (3000 3250)
    138 - 0
    132 - 1
    130 - 2
132 : 3 (2780 3020)
    127 - 0
    125 - 1
    131 - 2
133 : 3 (3000 2780)
    140 - 0
    134 - 1
    138 - 2
134 : 3 (3030 2780)
    135 - 0
    127 - 1
    133 - 2
135 : 3 (3260 3020)
    134 - 0
    142 - 1
    136 - 2
136 : 3 (3030 3260)
    129 - 0
    135 - 1
    137 - 2
137 : 3 (3000 3260)
    144 - 0
    138 - 1
    136 - 2
138 : 3 (2770 3020)
    133 - 0
    131 - 1
    137 - 2
139 : 3 (3000 2770)
    146 - 0
    140 - 1
    144 - 2
140 : 3 (3030 2770)
    141 - 0
    133 - 1
    139 - 2
141 : 3 (3270 3020)
    140 - 0
    148 - 1
    142 - 2
142 : 3 (3030 3270)
    135 - 0
    141 - 1
    143 - 2
143 : 3 (3000 3270)
    150 - 0
    144 - 1
    142 - 2
144 : 3 (2760 3020)
    139 - 0
    137 - 1
    143 - 2
145 : 3 (3000 2760)
    152 - 0
    146 - 1
    150 - 2
146 : 3 (3030 2760)
    147 - 0
    139 - 1
    145 - 2
147 : 3 (3280 3020)
    146 - 0
    154 - 1
    148 - 2
148 : 3 (3030 3280)
    141 - 0
    147 - 1
    149 - 2
149 : 3 (3000 3280)
    156 - 0
    150 - 1
    148 - 2
150 : 3 (2750 3020)
    145 - 0
    143 - 1
    149 - 2
151 : 3 (3000 2750)
    158 - 0
    152 - 1
    156 - 2
152 : 3 (3030 2750)
    153 - 0
    145 - 1
    151 - 2
153 : 3 (3290 3020)
    152 - 0
    160 - 1
    154 - 2
154 : 3 (3030 3290)
    147 - 0
    153 - 1
    155 - 2
155 : 3 (3000 3290)
    162 - 0
    156 - 1
    154 - 2
156 : 3 (2740 3020)
    151 - 0
    149 - 1
    155 - 2
157 : 3 (3000 2740)
    164 - 0
    158 - 1
    162 - 2
158 : 3 (3030 2740)
    159 - 0
    151 - 1
    157 - 2
159 : 3 (3300 3020)
    158 - 0
    166 - 1
    160 - 2
160 : 3 (3030 3300)
    153 - 0
    159 - 1
    161 - 2
161 : 3 (3000 3300)
    168 - 0
    162 - 1
    160 - 2
162 : 3 (2730 3020)
    157 - 0
    155 - 1
    161 - 2
163 : 3 (3000 2730)
    170 - 0
    164 - 1
    168 - 2
164 : 3 (3030 2730)
    165 - 0
    157 - 1
    163 - 2
165 : 3 (3310 3020)
    164 - 0
    172 - 1
    166 - 2
166 : 3 (3030 3310)
    159 - 0
    165 - 1
    167 - 2
167 : 3 (3000 3310)
    174 - 0
    168 - 1
    166 - 2
168 : 3 (2720 3020)
    163 - 0
    161 - 1
    167 - 2
169 : 3 (3000 2720)
    176 - 0
    170 - 1
    174 - 2
170 : 3 (3030 2720)
    171 - 0
    163 - 1
    169 - 2
171 : 3 (3320 3020)
    170 - 0
    178 - 1
    172 - 2
172 : 3 (3030 3320)
    165 - 0
    171 - 1
    173 - 2
173 : 3 (3000 3320)
    180 - 0
    174 - 1
    172 - 2
174 : 3 (2710 3020)
    169 - 0
    167 - 1
    173 - 2
175 : 3 (3000 2710)
    182 - 0
    176 - 1
    180 - 2
176 : 3 (3030 2710)
    177 - 0
    169 - 1
    175 - 2
177 : 3 (3330 3020)
    176 - 0
    184 - 1
    178 - 2
178 : 3 (3030 3330)
    171 - 0
    177 - 1
    179 - 2
179 : 3 (3000 3330)
    186 - 0
    180 - 1
    178 - 2
180 : 3 (2700 3020)
    175 - 0
    173 - 1
    179 - 2
181 : 3 (3000 2700)
    188 - 0
    182 - 1
    186 - 2
182 : 3 (3030 2700)
    183 - 0
    175 - 1
    181 - 2
183 : 3 (3340 3020)
    182 - 0
    190 - 1
    184 - 2
184 : 3 (3030 3340)
    177 - 0
    183 - 1
    185 - 2
185 : 3 (3000 3340)
    192 - 0
    186 - 1
    184 - 2
186 : 3 (2690 3020)
    181 - 0
    179 - 1
    185 - 2
187 : 3 (3000 2690)
    194 - 0
    188 - 1
    192 - 2
188 : 3 (3030 2690)
    189 - 0
    181 - 1
    187 - 2
189 : 3 (3350 3020)
    188 - 0
    196 - 1
    190 - 2
190 : 3 (3030 3350)
    183 - 0
    189 - 1
    191 - 2
191 : 3 (3000 3350)
    198 - 0
    192 - 1
    190 - 2
192 : 3 (2680 3020)
    187 - 0
    185 - 1
    191 - 2
193 : 3 (3000 2680)
    200 - 0
    194 - 1
    198 - 2
194 : 3 (3030 2680)
    195 - 0
    187 - 1
    193 - 2
195 : 3 (3360 3020)
    194 - 0
    202 - 1
    196 - 2
196 : 3 (3030 3360)
    189 - 0
    195 - 1
    197 - 2
197 : 3 (3000 3360)
    204 - 0
    198 - 1
    196 - 2
198 : 3 (2670 3020)
    193 - 0
    191 - 1
    197 - 2
199 : 3 (3000 2670)
    206 - 0
    200 - 1
    204 - 2
200 : 3 (3030 2670)
    201 - 0
    193 - 1
    199 - 2
201 : 3 (3370 3020)
    200 - 0
    208 - 1
    202 - 2
202 : 3 (3030 3370)
    195 - 0
    201 - 1
    203 - 2
203 : 3 (3000 3370)
    210 - 0
    204 - 1
    202 - 2
204 : 3 (2660 3020)
    199 - 0
    197 - 1
    203 - 2
205 : 3 (3000 2660)
    212 - 0
    206 - 1
    210 - 2
206 : 3 (3030 2660)
    207 - 0
    199 - 1
    205 - 2
207 : 3 (3380 3020)
    206 - 0
    214 - 1
    208 - 2
208 : 3 (3030 3380)
    201 - 0
    207 - 1
    209 - 2
209 : 3 (3000 3380)
    216 - 0
    210 - 1
    208 - 2
210 : 3 (2650 3020)
    205 - 0
    203 - 1
    209 - 2
211 : 3 (3000 2650)
    218 - 0
    212 - 1
    216 - 2
212 : 3 (3030 2650)
    213 - 0
    205 - 1
    211 - 2
213 : 3 (3390 3020)
    212 - 0
    220 - 1
    214 - 2
214 : 3 (3030 3390)
    207 - 0
    213 - 1
    215 - 2
215 : 3 (3000 3390)
    222 - 0
    216 - 1
    214 - 2
216 : 3 (2640 3020)
    211 - 0
    209 - 1
    215 - 2
217 : 3 (3000 2640)
    224 - 0
    218 - 1
    222 - 2
218 : 3 (3030 2640)
    219 - 0
    211 - 1
    217 - 2
219 : 3 (3400 3020)
    218 - 0
    226 - 1
    220 - 2
220 : 3 (3030 3400)
    213 - 0
    219 - 1
    221 - 2
221 : 3 (3000 3400)
    228 - 0
    222 - 1
    220 - 2
222 : 3 (2630 3020)
    217 - 0
    215 - 1
    221 - 2
223 : 3 (3000 2630)
    230 - 0
    224 - 1
    228 - 2
224 : 3 (3030 2630)
    225 - 0
    217 - 1
    223 - 2
225 : 3 (3410 3020)
    224 - 0
    232 - 1
    226 - 2
226 : 3 (3030 3410)
    219 - 0
    225 - 1
    227 - 2
227 : 3 (3000 3410)
    234 - 0
    228 - 1
    226 - 2
228 : 3 (2620 3020)
    223 - 0
    221 - 1
    227 - 2
229 : 3 (3000 2620)
    236 - 0
    230 - 1
    234 - 2
230 : 3 (3030 2620)
    231 - 0
    223 - 1
    229 - 2
231 : 3 (3420 3020)
    230 - 0
    238 - 1
    232 - 2
232 : 3 (3030 3420)
    225 - 0
    231 - 1
    233 - 2
233 : 3 (3000 3420)
    240 - 0
    234 - 1
    232 - 2
234 : 3 (2610 3020)
    229 - 0
    227 - 1
    233 - 2
235 : 3 (3000 2610)
    242 - 0
    236 - 1
    240 - 2
236 : 3 (3030 2610)
    237 - 0
    229 - 1
    235 - 2
237 : 3 (3430 3020)
    236 - 0
    244 - 1
    238 - 2
238 : 3 (3030 3430)
    231 - 0
    237 - 1
    239 - 2
239 : 3 (3000 3430)
    246 - 0
    240 - 1
    238 - 2
240 : 3 (2600 3020)
    235 - 0
    233 - 1
    239 - 2
241 : 3 (3000 2600)
    248 - 0
    242 - 1
    246 - 2
242 : 3 (3030 2600)
    243 - 0
    235 - 1
    241 - 2
243 : 3 (3440 3020)
    242 - 0
    250 - 1
    244 - 2
244 : 3 (3030 3440)
    237 - 0
    243 - 1
    245 - 2
245 : 3 (3000 3440)
    252 - 0
    246 - 1
    244 - 2
246 : 3 (2590 3020)
    241 - 0
    239 - 1
    245 - 2
247 : 3 (3000 2590)
    254 - 0
    248 - 1
    252 - 2
248 : 3 (3030 2590)
    249 - 0
    241 - 1
    247 - 2
249 : 3 (3450 3020)
    248 - 0
    256 - 1
    250 - 2
250 : 3 (3030 3450)
    243 - 0
    249 - 1
    251 - 2
251 : 3 (3000 3450)
    258 - 0
    252 - 1
    250 - 2
252 : 3 (2580 3020)
    247 - 0
    245 - 1
    251 - 2
253 : 3 (3000 2580)
    260 - 0
    254 - 1
    258 - 2
254 : 3 (3030 2580)
    255 - 0
    247 - 1
    253 - 2
255 : 3 (3460 3020)
    254 - 0
    262 - 1
    256 - 2
256 : 3 (3030 3460)
    249 - 0
    255 - 1
    257 - 2
257 : 3 (3000 3460)
    264 - 0
    258 - 1
    256 - 2
258 : 3 (2570 3020)
    253 - 0
    251 - 1
    257 - 2
259 : 3 (3000 2570)
    266 - 0
    260 - 1
    264 - 2
260 : 3 (3030 2570)
    261 - 0
    253 - 1
    259 - 2
261 : 3 (3470 3020)
    260 - 0
    268 - 1
    262 - 2
262 : 3 (3030 3470)
    255 - 0
    261 - 1
    263 - 2
263 : 3 (3000 3470)
    270 - 0
    264 - 1
    262 - 2
264 : 3 (2560 3020)
    259 - 0
    257 - 1
    263 - 2
265 : 3 (3000 2560)
    272 - 0
    266 - 1
    270 - 2
266 : 3 (3030 2560)
    267 - 0
    259 - 1
    265 - 2
267 : 3 (3480 3020)
    266 - 0
    274 - 1
    268 - 2
268 : 3 (3030 3480)
    261 - 0
    267 - 1
    269 - 2
269 : 3 (3000 3480)
    276 - 0
    270 - 1
    268 - 2
270 : 3 (2550 3020)
    265 - 0
    263 - 1
    269 - 2
271 : 3 (3000 2550)
    278 - 0
    272 - 1
    276 - 2
272 : 3 (3030 2550)
    273 - 0
    265 - 1
    271 - 2
273 : 3 (3490 3020)
    272 - 0
    280 - 1
    274 - 2
274 : 3 (3030 3490)
    267 - 0
    273 - 1
    275 - 2
275 : 3 (3000 3490)
    282 - 0
    276 - 1
    274 - 2
276 : 3 (2540 3020)
    271 - 0
    269 - 1
    275 - 2
277 : 3 (3000 2540)
    284 - 0
    278 - 1
    282 - 2
278 : 3 (3030 2540)
    279 - 0
    271 - 1
    277 - 2
279 : 3 (3500 3020)
    278 - 0
    286 - 1
    280 - 2
280 : 3 (3030 3500)
    273 - 0
    279 - 1
    281 - 2
281 : 3 (3000 3500)
    288 - 0
    282 - 1
    280 - 2
282 : 3 (2530 3020)
    277 - 0
    275 - 1
    281 - 2
283 : 3 (3000 2530)
    290 - 0
    284 - 1
    288 - 2
284 : 3 (3030 2530)
    285 - 0
    277 - 1
    283 - 2
285 : 3 (3510 3020)
    284 - 0
    292 - 1
    286 - 2
286 : 3 (3030 3510)
    279 - 0
    285 - 1
    287 - 2
287 : 3 (3000 3510)
    294 - 0
    288 - 1
    286 - 2
288 : 3 (2520 3020)
    283 - 0
    281 - 1
    287 - 2
289 : 3 (3000 2520)
    296 - 0
    290 - 1
    294 - 2
290 : 3 (3030 2520)
    291 - 0
    283 - 1
    289 - 2
291 : 3 (3520 3020)
    290 - 0
    298 - 1
    292 - 2
292 : 3 (3030 3520)
    285 - 0
    291 - 1
    293 - 2
293 : 3 (3000 3520)
    300 - 0
    294 - 1
    292 - 2
294 : 3 (2510 3020)
    289 - 0
    287 - 1
    293 - 2
295 : 3 (3000 2510)
    302 - 0
    296 - 1
    300 - 2
296 : 3 (3030 2510)
    297 - 0
    289 - 1
    295 - 2
297 : 3 (3530 3020)
    296 - 0
    304 - 1
    298 - 2
298 : 3 (3030 3530)
    291 - 0
    297 - 1
    299 - 2
299 : 3 (3000 3530)
    306 - 0
    300 - 1
    298 - 2
300 : 3 (2500 3020)
    295 - 0
    293 - 1
    299 - 2
301 : 3 (3000 2500)
    308 - 0
    302 - 1
    306 - 2
302 : 3 (3030 2500)
    303 - 0
    295 - 1
    301 - 2
303 : 3 (3540 3020)
    302 - 0
    310 - 1
    304 - 2
304 : 3 (3030 3540)
    297 - 0
    303 - 1
    305 - 2
305 : 3 (3000 3540)
    312 - 0
    306 - 1
    304 - 2
306 : 3 (2490 3020)
    301 - 0
    299 - 1
    305 - 2
307 : 3 (3000 2490)
    314 - 0
    308 - 1
    312 - 2
308 : 3 (3030 2490)
    309 - 0
    301 - 1
    307 - 2
309 : 3 (3550 3020)
    308 - 0
    316 - 1
    310 - 2
310 : 3 (3030 3550)
    303 - 0
    309 - 1
    311 - 2
311 : 3 (3000 3550)
    318 - 0
    312 - 1
    310 - 2
312 : 3 (2480 3020)
    307 - 0
    305 - 1
    311 - 2
313 : 3 (3000 2480)
    320 - 0
    314 - 1
    318 - 2
314 : 3 (3030 2480)
    315 - 0
    307 - 1
    313 - 2
315 : 3 (3560 3020)
    314 - 0
    322 - 1
    316 - 2
316 : 3 (3030 3560)
    309 - 0
    315 - 1
    317 - 2
317 : 3 (3000 3560)
    324 - 0
    318 - 1
    316 - 2
318 : 3 (2470 3020)
    313 - 0
    311 - 1
    317 - 2
319 : 3 (3000 2470)
    326 - 0
    320 - 1
    324 - 2
320 : 3 (3030 2470)
    321 - 0
    313 - 1
    319 - 2
321 : 3 (3570 3020)
    320 - 0
    328 - 1
    322 - 2
322 : 3 (3030 3570)
    315 - 0
    321 - 1
    323 - 2
323 : 3 (3000 3570)
    330 - 0
    324 - 1
    322 - 2
324 : 3 (2460 3020)
    319 - 0
    317 - 1
    323 - 2
325 : 3 (3000 2460)
    332 - 0
    326 - 1
    330 - 2
326 : 3 (3030 2460)
    327 - 0
    319 - 1
    325 - 2
327 : 3 (3580 3020)
    326 - 0
    334 - 1
    328 - 2
328 : 3 (3030 3580)
    321 - 0
    327 - 1
    329 - 2
329 : 3 (3000 3580)
    336 - 0
    330 - 1
    328 - 2
330 : 3 (2450 3020)
    325 - 0
    323 - 1
    329 - 2
331 : 3 (3000 2450)
    338 - 0
    332 - 1
    336 - 2
332 : 3 (3030 2450)
    333 - 0
    325 - 1
    331 - 2
333 : 3 (3590 3020)
    332 - 0
    340 - 1
    334 - 2
334 : 3 (3030 3590)
    327 - 0
    333 - 1
    335 - 2
335 : 3 (3000 3590)
    342 - 0
    336 - 1
    334 - 2
336 : 3 (2440 3020)
    331 - 0
    329 - 1
    335 - 2
337 : 3 (3000 2440)
    344 - 0
    338 - 1
    342 - 2
338 : 3 (3030 2440)
    339 - 0
    331 - 1
    337 - 2
339 : 3 (3600 3020)
    338 - 0
    346 - 1
    340 - 2
340 : 3 (3030 3600)
    333 - 0
    339 - 1
    341 - 2
341 : 3 (3000 3600)
    348 - 0
    342 - 1
    340 - 2
342 : 3 (2430 3020)
    337 - 0
    335 - 1
    341 - 2
343 : 3 (3000 2430)
    350 - 0
    344 - 1
    348 - 2
344 : 3 (3030 2430)
    345 - 0
    337 - 1
    343 - 2
345 : 3 (3610 3020)
    344 - 0
    352 - 1
    346 - 2
346 : 3 (3030 3610)
    339 - 0
    345 - 1
    347 - 2
347 : 3 (3000 3610)
    354 - 0
    348 - 1
    346 - 2
348 : 3 (2420 3020)
    343 - 0
    341 - 1
    347 - 2
349 : 3 (3000 2420)
    356 - 0
    350 - 1
    354 - 2
350 : 3 (3030 2420)
    351 - 0
    343 - 1
    349 - 2
351 : 3 (3620 3020)
    350 - 0
    358 - 1
    352 - 2
352 : 3 (3030 3620)
    345 - 0
    351 - 1
    353 - 2
353 : 3 (3000 3620)
    360 - 0
    354 - 1
    352 - 2
354 : 3 (2410 3020)
    349 - 0
    347 - 1
    353 - 2
355 : 3 (3000 2410)
    362 - 0
    356 - 1
    360 - 2
356 : 3 (3030 2410)
    357 - 0
    349 - 1
    355 - 2
357 : 3 (3630 3020)
    356 - 0
    364 - 1
    358 - 2
358 : 3 (3030 3630)
    351 - 0
    357 - 1
    359 - 2
359 : 3 (3000 3630)
    366 - 0
    360 - 1
    358 - 2
360 : 3 (2400 3020)
    355 - 0
    353 - 1
    359 - 2
361 : 3 (3000 2400)
    368 - 0
    362 - 1
    366 - 2
362 : 3 (3030 2400)
    363 - 0
    355 - 1
    361 - 2
363 : 3 (3640 3020)
    362 - 0
    370 - 1
    364 - 2
364 : 3 (3030 3640)
    357 - 0
    363 - 1
    365 - 2
365 : 3 (3000 3640)
    372 - 0
    366 - 1
    364 - 2
366 : 3 (2390 3020)
    361 - 0
    359 - 1
    365 - 2
367 : 3 (3000 2390)
    374 - 0
    368 - 1
    372 - 2
368 : 3 (3030 2390)
    369 - 0
    361 - 1
    367 - 2
369 : 3 (3650 3020)
    368 - 0
    376 - 1
    370 - 2
370 : 3 (3030 3650)
    363 - 0
    369 - 1
    371 - 2
371 : 3 (3000 3650)
    378 - 0
    372 - 1
    370 - 2
372 : 3 (2380 3020)
    367 - 0
    365 - 1
    371 - 2
373 : 3 (3000 2380)
    380 - 0
    374 - 1
    378 - 2
374 : 3 (3030 2380)
    375 - 0
    367 - 1
    373 - 2
375 : 3 (3660 3020)
    374 - 0
    382 - 1
    376 - 2
376 : 3 (3030 3660)
    369 - 0
    375 - 1
    377 - 2
377 : 3 (3000 3660)
    384 - 0
    378 - 1
    376 - 2
378 : 3 (2370 3020)
    373 - 0
    371 - 1
    377 - 2
379 : 3 (3000 2370)
    386 - 0
    380 - 1
    384 - 2
380 : 3 (3030 2370)
    381 - 0
    373 - 1
    379 - 2
381 : 3 (3670 3020)
    380 - 0
    388 - 1
    382 - 2
382 : 3 (3030 3670)
    375 - 0
    381 - 1
    383 - 2
383 : 3 (3000 3670)
    390 - 0
    384 - 1
    382 - 2
384 : 3 (2360 3020)
    379 - 0
    377 - 1
    383 - 2
385 : 3 (3000 2360)
    392 - 0
    386 - 1
    390 - 2
386 : 3 (3030 2360)
    387 - 0
    379 - 1
    385 - 2
387 : 3 (3680 3020)
    386 - 0
    394 - 1
    388 - 2
388 : 3 (3030 3680)
    381 - 0
    387 - 1
    389 - 2
389 : 3 (3000 3680)
    396 - 0
    390 - 1
    388 - 2
390 : 3 (2350 3020)
    385 - 0
    383 - 1
    389 - 2
391 : 3 (3000 2350)
    398 - 0
    392 - 1
    396 - 2
392 : 3 (3030 2350)
    393 - 0
    385 - 1
    391 - 2
393 : 3 (3690 3020)
    392 - 0
    400 - 1
    394 - 2
394 : 3 (3030 3690)
    387 - 0
    393 - 1
    395 - 2
395 : 3 (3000 3690)
    402 - 0
    396 - 1
    394 - 2
396 : 3 (2340 3020)
    391 - 0
    389 - 1
    395 - 2
397 : 3 (3000 2340)
    404 - 0
    398 - 1
    402 - 2
398 : 3 (3030 2340)
    399 - 0
    391 - 1
    397 - 2
399 : 3 (3700 3020)
    398 - 0
    406 - 1
    400 - 2
400 : 3 (3030 3700)
    393 - 0
    399 - 1
    401 - 2
401 : 3 (3000 3700)
    408 - 0
    402 - 1
    400 - 2
402 : 3 (2330 3020)
    397 - 0
    395 - 1
    401 - 2
403 : 3 (3000 2330)
    410 - 0
    404 - 1
    408 - 2
404 : 3 (3030 2330)
    405 - 0
    397 - 1
    403 - 2
405 : 3 (3710 3020)
    404 - 0
    412 - 1
    406 - 2
406 : 3 (3030 3710)
    399 - 0
    405 - 1
    407 - 2
407 : 3 (3000 3710)
    414 - 0
    408 - 1
    406 - 2
408 : 3 (2320 3020)
    403 - 0
    401 - 1
    407 - 2
409 : 3 (3000 2320)
    416 - 0
    410 - 1
    414 - 2
410 : 3 (3030 2320)
    411 - 0
    403 - 1
    409 - 2
411 : 3 (3720 3020)
    410 - 0
    418 - 1
    412 - 2
412 : 3 (3030 3720)
    405 - 0
    411 - 1
    413 - 2
413 : 3 (3000 3720)
    420 - 0
    414 - 1
    412 - 2
414 : 3 (2310 3020)
    409 - 0
    407 - 1
    413 - 2
415 : 3 (3000 2310)
    422 - 0
    416 - 1
    420 - 2
416 : 3 (3030 2310)
    417 - 0
    409 - 1
    415 - 2
417 : 3 (3730 3020)
    416 - 0
    424 - 1
    418 - 2
418 : 3 (3030 3730)
    411 - 0
    417 - 1
    419 - 2
419 : 3 (3000 3730)
    426 - 0
    420 - 1
    418 - 2
420 : 3 (2300 3020)
    415 - 0
    413 - 1
    419 - 2
421 : 3 (3000 2300)
    428 - 0
    422 - 1
    426 - 2
422 : 3 (3030 2300)
    423 - 0
    415 - 1
    421 - 2
423 : 3 (3740 3020)
    422 - 0
    430 - 1
    424 - 2
424 : 3 (3030 3740)
    417 - 0
    423 - 1
    425 - 2
425 : 3 (3000 3740)
    432 - 0
    426 - 1
    424 - 2
426 : 3 (2290 3020)
    421 - 0
    419 - 1
    425 - 2
427 : 3 (3000 2290)
    434 - 0
    428 - 1
    432 - 2
428 : 3 (3030 2290)
    429 - 0
    421 - 1
    427 - 2
429 : 3 (3750 3020)
    428 - 0
    436 - 1
    430 - 2
430 : 3 (3030 3750)
    423 - 0
    429 - 1
    431 - 2
431 : 3 (3000 3750)
    438 - 0
    432 - 1
    430 - 2
432 : 3 (2280 3020)
    427 - 0
    425 - 1
    431 - 2
433 : 3 (3000 2280)
    440 - 0
    434 - 1
    438 - 2
434 : 3 (3030 2280)
    435 - 0
    427 - 1
    433 - 2
435 : 3 (3760 3020)
    434 - 0
    442 - 1
    436 - 2
436 : 3 (3030 3760)
    429 - 0
    435 - 1
    437 - 2
437 : 3 (3000 3760)
    444 - 0
    438 - 1
    436 - 2
438 : 3 (2270 3020)
    433 - 0
    431 - 1
    437 - 2
439 : 3 (3000 2270)
    446 - 0
    440 - 1
    444 - 2
440 : 3 (3030 2270)
    441 - 0
    433 - 1
    439 - 2
441 : 3 (3770 3020)
    440 - 0
    448 - 1
    442 - 2
442 : 3 (3030 3770)
    435 - 0
    441 - 1
    443 - 2
443 : 3 (3000 3770)
    450 - 0
    444 - 1
    442 - 2
444 : 3 (2260 3020)
    439 - 0
    437 - 1
    443 - 2
445 : 3 (3000 2260)
    452 - 0
    446 - 1
    450 - 2
446 : 3 (3030 2260)
    447 - 0
    439 - 1
    445 - 2
447 : 3 (3780 3020)
    446 - 0
    454 - 1
    448 - 2
448 : 3 (3030 3780)
    441 - 0
    447 - 1
    449 - 2
449 : 3 (3000 3780)
    456 - 0
    450 - 1
    448 - 2
450 : 3 (2250 3020)
    445 - 0
    443 - 1
    449 - 2
451 : 3 (3000 2250)
    458 - 0
    452 - 1
    456 - 2
452 : 3 (3030 2250)
    453 - 0
    445 - 1
    451 - 2
453 : 3 (3790 3020)
    452 - 0
    460 - 1
    454 - 2
454 : 3 (3030 3790)
    447 - 0
    453 - 1
    455 - 2
455 : 3 (3000 3790)
    462 - 0
    456 - 1
    454 - 2
456 : 3 (2240 3020)
    451 - 0
    449 - 1
    455 - 2
457 : 3 (3000 2240)
    464 - 0
    458 - 1
    462 - 2
458 : 3 (3030 2240)
    459 - 0
    451 - 1
    457 - 2
459 : 3 (3800 3020)
    458 - 0
    466 - 1
    460 - 2
460 : 3 (3030 3800)
    453 - 0
    459 - 1
    461 - 2
461 : 3 (3000 3800)
    468 - 0
    462 - 1
    460 - 2
462 : 3 (2230 3020)
    457 - 0
    455 - 1
    461 - 2
463 : 3 (3000 2230)
    470 - 0
    464 - 1
    468 - 2
464 : 3 (3030 2230)
    465 - 0
    457 - 1
    463 - 2
465 : 3 (3810 3020)
    464 - 0
    472 - 1
    466 - 2
466 : 3 (3030 3810)
    459 - 0
    465 - 1
    467 - 2
467 : 3 (3000 3810)
    474 - 0
    468 - 1
    466 - 2
468 : 3 (2220 3020)
    463 - 0
    461 - 1
    467 - 2
469 : 3 (3000 2220)
    476 - 0
    470 - 1
    474 - 2
470 : 3 (3030 2220)
    471 - 0
    463 - 1
    469 - 2
471 : 3 (3820 3020)
    470 - 0
    478 - 1
    472 - 2
472 : 3 (3030 3820)
    465 - 0
    471 - 1
    473 - 2
473 : 3 (3000 3820)
    480 - 0
    474 - 1
    472 - 2
474 : 3 (2210 3020)
    469 - 0
    467 - 1
    473 - 2
475 : 3 (3000 2210)
    482 - 0
    476 - 1
    480 - 2
476 : 3 (3030 2210)
    477 - 0
    469 - 1
    475 - 2
477 : 3 (3830 3020)
    476 - 0
    484 - 1
    478 - 2
478 : 3 (3030 3830)
    471 - 0
    477 - 1
    479 - 2
479 : 3 (3000 3830)
    486 - 0
    480 - 1
    478 - 2
480 : 3 (2200 3020)
    475 - 0
    473 - 1
    479 - 2
481 : 3 (3000 2200)
    488 - 0
    482 - 1
    486 - 2
482 : 3 (3030 2200)
    483 - 0
    475 - 1
    481 - 2
483 : 3 (3840 3020)
    482 - 0
    490 - 1
    484 - 2
484 : 3 (3030 3840)
    477 - 0
    483 - 1
    485 - 2
485 : 3 (3000 3840)
    492 - 0
    486 - 1
    484 - 2
486 : 3 (2190 3020)
    481 - 0
    479 - 1
    485 - 2
487 : 3 (3000 2190)
    494 - 0
    488 - 1
    492 - 2
488 : 3 (3030 2190)
    489 - 0
    481 - 1
    487 - 2
489 : 3 (3850 3020)
    488 - 0
    496 - 1
    490 - 2
490 : 3 (3030 3850)
    483 - 0
    489 - 1
    491 - 2
491 : 3 (3000 3850)
    498 - 0
    492 - 1
    490 - 2
492 : 3 (2180 3020)
    487 - 0
    485 - 1
    491 - 2
493 : 3 (3000 2180)
    500 - 0
    494 - 1
    498 - 2
494 : 3 (3030 2180)
    495 - 0
    487 - 1
    493 - 2
495 : 3 (3860 3020)
    494 - 0
    502 - 1
    496 - 2
496 : 3 (3030 3860)
    489 - 0
    495 - 1
    497 - 2
497 : 3 (3000 3860)
    504 - 0
    498 - 1
    496 - 2
498 : 3 (2170 3020)
    493 - 0
    491 - 1
    497 - 2
499 : 3 (3000 2170)
    506 - 0
    500 - 1
    504 - 2
500 : 3 (3030 2170)
    501 - 0
    493 - 1
    499 - 2
501 : 3 (3870 3020)
    500 - 0
    508 - 1
    502 - 2
502 : 3 (3030 3870)
    495 - 0
    501 - 1
    503 - 2
503 : 3 (3000 3870)
    510 - 0
    504 - 1
    502 - 2
504 : 3 (2160 3020)
    499 - 0
    497 - 1
    503 - 2
505 : 3 (3000 2160)
    512 - 0
    506 - 1
    510 - 2
506 : 3 (3030 2160)
    507 - 0
    499 - 1
    505 - 2
507 : 3 (3880 3020)
    506 - 0
    514 - 1
    508 - 2
508 : 3 (3030 3880)
    501 - 0
    507 - 1
    509 - 2
509 : 3 (3000 3880)
    516 - 0
    510 - 1
    508 - 2
510 : 3 (2150 3020)
    505 - 0
    503 - 1
    509 - 2
511 : 3 (3000 2150)
    518 - 0
    512 - 1
    516 - 2
512 : 3 (3030 2150)
    513 - 0
    505 - 1
    511 - 2
513 : 3 (3890 3020)
    512 - 0
    520 - 1
    514 - 2
514 : 3 (3030 3890)
    507 - 0
    513 - 1
    515 - 2
515 : 3 (3000 3890)
    522 - 0
    516 - 1
    514 - 2
516 : 3 (2140 3020)
    511 - 0
    509 - 1
    515 - 2
517 : 3 (3000 2140)
    524 - 0
    518 - 1
    522 - 2
518 : 3 (3030 2140)
    519 - 0
    511 - 1
    517 - 2
519 : 3 (3900 3020)
    518 - 0
    526 - 1
    520 - 2
520 : 3 (3030 3900)
    513 - 0
    519 - 1
    521 - 2
521 : 3 (3000 3900)
    528 - 0
    522 - 1
    520 - 2
522 : 3 (2130 3020)
    517 - 0
    515 - 1
    521 - 2
523 : 3 (3000 2130)
    530 - 0
    524 - 1
    528 - 2
524 : 3 (3030 2130)
    525 - 0
    517 - 1
    523 - 2
525 : 3 (3910 3020)
    524 - 0
    532 - 1
    526 - 2
526 : 3 (3030 3910)
    519 - 0
    525 - 1
    527 - 2
527 : 3 (3000 3910)
    534 - 0
    528 - 1
    526 - 2
528 : 3 (2120 3020)
    523 - 0
    521 - 1
    527 - 2
529 : 3 (3000 2120)
    536 - 0
    530 - 1
    534 - 2
530 : 3 (3030 2120)
    531 - 0
    523 - 1
    529 - 2
531 : 3 (3920 3020)
    530 - 0
    538 - 1
    532 - 2
532 : 3 (3030 3920)
    525 - 0
    531 - 1
    533 - 2
533 : 3 (3000 3920)
    540 - 0
    534 - 1
    532 - 2
534 : 3 (2110 3020)
    529 - 0
    527 - 1
    533 - 2
535 : 3 (3000 2110)
    542 - 0
    536 - 1
    540 - 2
536 : 3 (3030 2110)
    537 - 0
    529 - 1
    535 - 2
537 : 3 (3930 3020)
    536 - 0
    544 - 1
    538 - 2
538 : 3 (3030 3930)
    531 - 0
    537 - 1
    539 - 2
539 : 3 (3000 3930)
    546 - 0
    540 - 1
    538 - 2
540 : 3 (2100 3020)
    535 - 0
    533 - 1
    539 - 2
541 : 3 (3000 2100)
    548 - 0
    542 - 1
    546 - 2
542 : 3 (3030 2100)
    543 - 0
    535 - 1
    541 - 2
543 : 3 (3940 3020)
    542 - 0
    550 - 1
    544 - 2
544 : 3 (3030 3940)
    537 - 0
    543 - 1
    545 - 2
545 : 3 (3000 3940)
    552 - 0
    546 - 1
    544 - 2
546 : 3 (2090 3020)
    541 - 0
    539 - 1
    545 - 2
547 : 3 (3000 2090)
    554 - 0
    548 - 1
    552 - 2
548 : 3 (3030 2090)
    549 - 0
    541 - 1
    547 - 2
549 : 3 (3950 3020)
    548 - 0
    556 - 1
    550 - 2
550 : 3 (3030 3950)
    543 - 0
    549 - 1
    551 - 2
551 : 3 (3000 3950)
    558 - 0
    552 - 1
    550 - 2
552 : 3 (2080 3020)
    547 - 0
    545 - 1
    551 - 2
553 : 3 (3000 2080)
    560 - 0
    554 - 1
    558 - 2
554 : 3 (3030 2080)
    555 - 0
    547 - 1
    553 - 2
555 : 3 (3960 3020)
    554 - 0
    562 - 1
    556 - 2
556 : 3 (3030 3960)
    549 - 0
    555 - 1
    557 - 2
557 : 3 (3000 3960)
    564 - 0
    558 - 1
    556 - 2
558 : 3 (2070 3020)
    553 - 0
    551 - 1
    557 - 2
559 : 3 (3000 2070)
    566 - 0
    560 - 1
    564 - 2
560 : 3 (3030 2070)
    561 - 0
    553 - 1
    559 - 2
561 : 3 (3970 3020)
    560 - 0
    568 - 1
    562 - 2
562 : 3 (3030 3970)
    555 - 0
    561 - 1
    563 - 2
563 : 3 (3000 3970)
    570 - 0
    564 - 1
    562 - 2
564 : 3 (2060 3020)
    559 - 0
    557 - 1
    563 - 2
565 : 3 (3000 2060)
    572 - 0
    566 - 1
    570 - 2
566 : 3 (3030 2060)
    567 - 0
    559 - 1
    565 - 2
567 : 3 (3980 3020)
    566 - 0
    574 - 1
    568 - 2
568 : 3 (3030 3980)
    561 - 0
    567 - 1
    569 - 2
569 : 3 (3000 3980)
    576 - 0
    570 - 1
    568 - 2
570 : 3 (2050 3020)
    565 - 0
    563 - 1
    569 - 2
571 : 3 (3000 2050)
    578 - 0
    572 - 1
    576 - 2
572 : 3 (3030 2050)
    573 - 0
    565 - 1
    571 - 2
573 : 3 (3990 3020)
    572 - 0
    580 - 1
    574 - 2
574 : 3 (3030 3990)
    567 - 0
    573 - 1
    575 - 2
575 : 3 (3000 3990)
    582 - 0
    576 - 1
    574 - 2
576 : 3 (2040 3020)
    571 - 0
    569 - 1
    575 - 2
577 : 3 (3000 2040)
    584 - 0
    578 - 1
    582 - 2
578 : 3 (3030 2040)
    579 - 0
    571 - 1
    577 - 2
579 : 3 (4000 3020)
    578 - 0
    586 - 1
    580 - 2
580 : 3 (3030 4000)
    573 - 0
    579 - 1
    581 - 2
581 : 3 (3000 4000)
    588 - 0
    582 - 1
    580 - 2
582 : 3 (2030 3020)
    577 - 0
    575 - 1
    581 - 2
583 : 3 (3000 2030)
    590 - 0
    584 - 1
    588 - 2
584 : 3 (3030 2030)
    585 - 0
    577 - 1
    583 - 2
585 : 3 (4010 3020)
    584 - 0
    592 - 1
    586 - 2
586 : 3 (3030 4010)
    579 - 0
    585 - 1
    587 - 2
587 : 3 (3000 4010)
    594 - 0
    588 - 1
    586 - 2
588 : 3 (2020 3020)
    583 - 0
    581 - 1
    587 - 2
589 : 3 (3000 2020)
    596 - 0
    590 - 1
    594 - 2
590 : 3 (3030 2020)
    591 - 0
    583 - 1
    589 - 2
591 : 3 (4020 3020)
    590 - 0
    598 - 1
    592 - 2
592 : 3 (3030 4020)
    585 - 0
    591 - 1
    593 - 2
593 : 3 (3000 4020)
    600 - 0
    594 - 1
    592 - 2
594 : 3 (2010 3020)
    589 - 0
    587 - 1
    593 - 2
595 : 2 (3000 2010)
    596 - 0
    600 - 1
596 : 3 (3030 2010)
    597 - 0
    589 - 1
    595 - 2
597 : 2 (4030 3020)
    596 - 0
    598 - 1
598 : 3 (3030 4030)
    591 - 0
    597 - 1
    599 - 2
599 : 2 (3000 4030)
    600 - 0
    598 - 1
600 : 3 (2000 3020)
    595 - 0
    593 - 1
    599 - 2
 1 8 9 10 3 2  ; tot---------------------------- 6
 1 2 3 4 5 6  ; tot---------------------------- 6
 1 6 5 12 7 8  ; tot---------------------------- 6
 2 3 4 5 6  !! fial - 1 ; 6
 2  !! fial - 1 ; 2
 3  !! fial - 2 ; 2
 3 10 11 12 5 4  ; tot---------------------------- 6
 3 4 5 6  !! fial - 1 ; 5
 4  !! fial - 3 ; 2
 4 5 6  !! fial - 1 ; 4
 5 12 7 8  !! fial - 1 ; 5
 5 6  !! fial - 1 ; 3
 5  !! fial - 4 ; 2
 6  !! fial - 1 ; 2
 6  !! fial - 5 ; 2
 7 14 15 16 9 8  ; tot---------------------------- 6
 7 8  !! fial - 1 ; 3
 7 12 11 18 13 14  ; tot---------------------------- 6
 8 9 10  !! fial - 3 ; 4
 8  !! fial - 1 ; 2
 8  !! fial - 7 ; 2
 9  !! fial - 8 ; 2
 9 16 17 18 11 10  ; tot---------------------------- 6
 9 10  !! fial - 3 ; 3
 10  !! fial - 3 ; 2
 10  !! fial - 9 ; 2
 10 11 12  !! fial - 5 ; 4
 11 18 13 14  !! fial - 7 ; 5
 11 12  !! fial - 5 ; 3
 11  !! fial - 10 ; 2
 12  !! fial - 7 ; 2
 12  !! fial - 5 ; 2
 12  !! fial - 11 ; 2
 13 20 21 22 15 14  ; tot---------------------------- 6
 13 14  !! fial - 7 ; 3
 13 18 17 24 19 20  ; tot---------------------------- 6
 14 15 16  !! fial - 9 ; 4
 14  !! fial - 7 ; 2
 14  !! fial - 13 ; 2
 15  !! fial - 14 ; 2
 15 22 23 24 17 16  ; tot---------------------------- 6
 15 16  !! fial - 9 ; 3
 16  !! fial - 9 ; 2
 16  !! fial - 15 ; 2
 16 17 18  !! fial - 11 ; 4
 17 24 19 20  !! fial - 13 ; 5
 17 18  !! fial - 11 ; 3
 17  !! fial - 16 ; 2
 18  !! fial - 13 ; 2
 18  !! fial - 11 ; 2
 18  !! fial - 17 ; 2
 19 26 27 28 21 20  ; tot---------------------------- 6
 19 20  !! fial - 13 ; 3
 19 24 23 30 25 26  ; tot---------------------------- 6
 20 21 22  !! fial - 15 ; 4
 20  !! fial - 13 ; 2
 20  !! fial - 19 ; 2
 21  !! fial - 20 ; 2
 21 28 29 30 23 22  ; tot---------------------------- 6
 21 22  !! fial - 15 ; 3
 22  !! fial - 15 ; 2
 22  !! fial - 21 ; 2
 22 23 24  !! fial - 17 ; 4
 23 30 25 26  !! fial - 19 ; 5
 23 24  !! fial - 17 ; 3
 23  !! fial - 22 ; 2
 24  !! fial - 19 ; 2
 24  !! fial - 17 ; 2
 24  !! fial - 23 ; 2
 25 32 33 34 27 26  ; tot---------------------------- 6
 25 26  !! fial - 19 ; 3
 25 30 29 36 31 32  ; tot---------------------------- 6
 26 27 28  !! fial - 21 ; 4
 26  !! fial - 19 ; 2
 26  !! fial - 25 ; 2
 27  !! fial - 26 ; 2
 27 34 35 36 29 28  ; tot---------------------------- 6
 27 28  !! fial - 21 ; 3
 28  !! fial - 21 ; 2
 28  !! fial - 27 ; 2
 28 29 30  !! fial - 23 ; 4
 29 36 31 32  !! fial - 25 ; 5
 29 30  !! fial - 23 ; 3
 29  !! fial - 28 ; 2
 30  !! fial - 25 ; 2
 30  !! fial - 23 ; 2
 30  !! fial - 29 ; 2
 31 38 39 40 33 32  ; tot---------------------------- 6
 31 32  !! fial - 25 ; 3
 31 36 35 42 37 38  ; tot---------------------------- 6
 32 33 34  !! fial - 27 ; 4
 32  !! fial - 25 ; 2
 32  !! fial - 31 ; 2
 33  !! fial - 32 ; 2
 33 40 41 42 35 34  ; tot---------------------------- 6
 33 34  !! fial - 27 ; 3
 34  !! fial - 27 ; 2
 34  !! fial - 33 ; 2
 34 35 36  !! fial - 29 ; 4
 35 42 37 38  !! fial - 31 ; 5
 35 36  !! fial - 29 ; 3
 35  !! fial - 34 ; 2
 36  !! fial - 31 ; 2
 36  !! fial - 29 ; 2
 36  !! fial - 35 ; 2
 37 44 45 46 39 38  ; tot---------------------------- 6
 37 38  !! fial - 31 ; 3
 37 42 41 48 43 44  ; tot---------------------------- 6
 38 39 40  !! fial - 33 ; 4
 38  !! fial - 31 ; 2
 38  !! fial - 37 ; 2
 39  !! fial - 38 ; 2
 39 46 47 48 41 40  ; tot---------------------------- 6
 39 40  !! fial - 33 ; 3
 40  !! fial - 33 ; 2
 40  !! fial - 39 ; 2
 40 41 42  !! fial - 35 ; 4
 41 48 43 44  !! fial - 37 ; 5
 41 42  !! fial - 35 ; 3
 41  !! fial - 40 ; 2
 42  !! fial - 37 ; 2
 42  !! fial - 35 ; 2
 42  !! fial - 41 ; 2
 43 50 51 52 45 44  ; tot---------------------------- 6
 43 44  !! fial - 37 ; 3
 43 48 47 54 49 50  ; tot---------------------------- 6
 44 45 46  !! fial - 39 ; 4
 44  !! fial - 37 ; 2
 44  !! fial - 43 ; 2
 45  !! fial - 44 ; 2
 45 52 53 54 47 46  ; tot---------------------------- 6
 45 46  !! fial - 39 ; 3
 46  !! fial - 39 ; 2
 46  !! fial - 45 ; 2
 46 47 48  !! fial - 41 ; 4
 47 54 49 50  !! fial - 43 ; 5
 47 48  !! fial - 41 ; 3
 47  !! fial - 46 ; 2
 48  !! fial - 43 ; 2
 48  !! fial - 41 ; 2
 48  !! fial - 47 ; 2
 49 56 57 58 51 50  ; tot---------------------------- 6
 49 50  !! fial - 43 ; 3
 49 54 53 60 55 56  ; tot---------------------------- 6
 50 51 52  !! fial - 45 ; 4
 50  !! fial - 43 ; 2
 50  !! fial - 49 ; 2
 51  !! fial - 50 ; 2
 51 58 59 60 53 52  ; tot---------------------------- 6
 51 52  !! fial - 45 ; 3
 52  !! fial - 45 ; 2
 52  !! fial - 51 ; 2
 52 53 54  !! fial - 47 ; 4
 53 60 55 56  !! fial - 49 ; 5
 53 54  !! fial - 47 ; 3
 53  !! fial - 52 ; 2
 54  !! fial - 49 ; 2
 54  !! fial - 47 ; 2
 54  !! fial - 53 ; 2
 55 62 63 64 57 56  ; tot---------------------------- 6
 55 56  !! fial - 49 ; 3
 55 60 59 66 61 62  ; tot---------------------------- 6
 56 57 58  !! fial - 51 ; 4
 56  !! fial - 49 ; 2
 56  !! fial - 55 ; 2
 57  !! fial - 56 ; 2
 57 64 65 66 59 58  ; tot---------------------------- 6
 57 58  !! fial - 51 ; 3
 58  !! fial - 51 ; 2
 58  !! fial - 57 ; 2
 58 59 60  !! fial - 53 ; 4
 59 66 61 62  !! fial - 55 ; 5
 59 60  !! fial - 53 ; 3
 59  !! fial - 58 ; 2
 60  !! fial - 55 ; 2
 60  !! fial - 53 ; 2
 60  !! fial - 59 ; 2
 61 68 69 70 63 62  ; tot---------------------------- 6
 61 62  !! fial - 55 ; 3
 61 66 65 72 67 68  ; tot---------------------------- 6
 62 63 64  !! fial - 57 ; 4
 62  !! fial - 55 ; 2
 62  !! fial - 61 ; 2
 63  !! fial - 62 ; 2
 63 70 71 72 65 64  ; tot---------------------------- 6
 63 64  !! fial - 57 ; 3
 64  !! fial - 57 ; 2
 64  !! fial - 63 ; 2
 64 65 66  !! fial - 59 ; 4
 65 72 67 68  !! fial - 61 ; 5
 65 66  !! fial - 59 ; 3
 65  !! fial - 64 ; 2
 66  !! fial - 61 ; 2
 66  !! fial - 59 ; 2
 66  !! fial - 65 ; 2
 67 74 75 76 69 68  ; tot---------------------------- 6
 67 68  !! fial - 61 ; 3
 67 72 71 78 73 74  ; tot---------------------------- 6
 68 69 70  !! fial - 63 ; 4
 68  !! fial - 61 ; 2
 68  !! fial - 67 ; 2
 69  !! fial - 68 ; 2
 69 76 77 78 71 70  ; tot---------------------------- 6
 69 70  !! fial - 63 ; 3
 70  !! fial - 63 ; 2
 70  !! fial - 69 ; 2
 70 71 72  !! fial - 65 ; 4
 71 78 73 74  !! fial - 67 ; 5
 71 72  !! fial - 65 ; 3
 71  !! fial - 70 ; 2
 72  !! fial - 67 ; 2
 72  !! fial - 65 ; 2
 72  !! fial - 71 ; 2
 73 80 81 82 75 74  ; tot---------------------------- 6
 73 74  !! fial - 67 ; 3
 73 78 77 84 79 80  ; tot---------------------------- 6
 74 75 76  !! fial - 69 ; 4
 74  !! fial - 67 ; 2
 74  !! fial - 73 ; 2
 75  !! fial - 74 ; 2
 75 82 83 84 77 76  ; tot---------------------------- 6
 75 76  !! fial - 69 ; 3
 76  !! fial - 69 ; 2
 76  !! fial - 75 ; 2
 76 77 78  !! fial - 71 ; 4
 77 84 79 80  !! fial - 73 ; 5
 77 78  !! fial - 71 ; 3
 77  !! fial - 76 ; 2
 78  !! fial - 73 ; 2
 78  !! fial - 71 ; 2
 78  !! fial - 77 ; 2
 79 86 87 88 81 80  ; tot---------------------------- 6
 79 80  !! fial - 73 ; 3
 79 84 83 90 85 86  ; tot---------------------------- 6
 80 81 82  !! fial - 75 ; 4
 80  !! fial - 73 ; 2
 80  !! fial - 79 ; 2
 81  !! fial - 80 ; 2
 81 88 89 90 83 82  ; tot---------------------------- 6
 81 82  !! fial - 75 ; 3
 82  !! fial - 75 ; 2
 82  !! fial - 81 ; 2
 82 83 84  !! fial - 77 ; 4
 83 90 85 86  !! fial - 79 ; 5
 83 84  !! fial - 77 ; 3
 83  !! fial - 82 ; 2
 84  !! fial - 79 ; 2
 84  !! fial - 77 ; 2
 84  !! fial - 83 ; 2
 85 92 93 94 87 86  ; tot---------------------------- 6
 85 86  !! fial - 79 ; 3
 85 90 89 96 91 92  ; tot---------------------------- 6
 86 87 88  !! fial - 81 ; 4
 86  !! fial - 79 ; 2
 86  !! fial - 85 ; 2
 87  !! fial - 86 ; 2
 87 94 95 96 89 88  ; tot---------------------------- 6
 87 88  !! fial - 81 ; 3
 88  !! fial - 81 ; 2
 88  !! fial - 87 ; 2
 88 89 90  !! fial - 83 ; 4
 89 96 91 92  !! fial - 85 ; 5
 89 90  !! fial - 83 ; 3
 89  !! fial - 88 ; 2
 90  !! fial - 85 ; 2
 90  !! fial - 83 ; 2
 90  !! fial - 89 ; 2
 91 98 99 100 93 92  ; tot---------------------------- 6
 91 92  !! fial - 85 ; 3
 91 96 95 102 97 98  ; tot---------------------------- 6
 92 93 94  !! fial - 87 ; 4
 92  !! fial - 85 ; 2
 92  !! fial - 91 ; 2
 93  !! fial - 92 ; 2
 93 100 101 102 95 94  ; tot---------------------------- 6
 93 94  !! fial - 87 ; 3
 94  !! fial - 87 ; 2
 94  !! fial - 93 ; 2
 94 95 96  !! fial - 89 ; 4
 95 102 97 98  !! fial - 91 ; 5
 95 96  !! fial - 89 ; 3
 95  !! fial - 94 ; 2
 96  !! fial - 91 ; 2
 96  !! fial - 89 ; 2
 96  !! fial - 95 ; 2
 97 104 105 106 99 98  ; tot---------------------------- 6
 97 98  !! fial - 91 ; 3
 97 102 101 108 103 104  ; tot---------------------------- 6
 98 99 100  !! fial - 93 ; 4
 98  !! fial - 91 ; 2
 98  !! fial - 97 ; 2
 99  !! fial - 98 ; 2
 99 106 107 108 101 100  ; tot---------------------------- 6
 99 100  !! fial - 93 ; 3
 100  !! fial - 93 ; 2
 100  !! fial - 99 ; 2
 100 101 102  !! fial - 95 ; 4
 101 108 103 104  !! fial - 97 ; 5
 101 102  !! fial - 95 ; 3
 101  !! fial - 100 ; 2
 102  !! fial - 97 ; 2
 102  !! fial - 95 ; 2
 102  !! fial - 101 ; 2
 103 110 111 112 105 104  ; tot---------------------------- 6
 103 104  !! fial - 97 ; 3
 103 108 107 114 109 110  ; tot---------------------------- 6
 104 105 106  !! fial - 99 ; 4
 104  !! fial - 97 ; 2
 104  !! fial - 103 ; 2
 105  !! fial - 104 ; 2
 105 112 113 114 107 106  ; tot---------------------------- 6
 105 106  !! fial - 99 ; 3
 106  !! fial - 99 ; 2
 106  !! fial - 105 ; 2
 106 107 108  !! fial - 101 ; 4
 107 114 109 110  !! fial - 103 ; 5
 107 108  !! fial - 101 ; 3
 107  !! fial - 106 ; 2
 108  !! fial - 103 ; 2
 108  !! fial - 101 ; 2
 108  !! fial - 107 ; 2
 109 116 117 118 111 110  ; tot---------------------------- 6
 109 110  !! fial - 103 ; 3
 109 114 113 120 115 116  ; tot---------------------------- 6
 110 111 112  !! fial - 105 ; 4
 110  !! fial - 103 ; 2
 110  !! fial - 109 ; 2
 111  !! fial - 110 ; 2
 111 118 119 120 113 112  ; tot---------------------------- 6
 111 112  !! fial - 105 ; 3
 112  !! fial - 105 ; 2
 112  !! fial - 111 ; 2
 112 113 114  !! fial - 107 ; 4
 113 120 115 116  !! fial - 109 ; 5
 113 114  !! fial - 107 ; 3
 113  !! fial - 112 ; 2
 114  !! fial - 109 ; 2
 114  !! fial - 107 ; 2
 114  !! fial - 113 ; 2
 115 122 123 124 117 116  ; tot---------------------------- 6
 115 116  !! fial - 109 ; 3
 115 120 119 126 121 122  ; tot---------------------------- 6
 116 117 118  !! fial - 111 ; 4
 116  !! fial - 109 ; 2
 116  !! fial - 115 ; 2
 117  !! fial - 116 ; 2
 117 124 125 126 119 118  ; tot---------------------------- 6
 117 118  !! fial - 111 ; 3
 118  !! fial - 111 ; 2
 118  !! fial - 117 ; 2
 118 119 120  !! fial - 113 ; 4
 119 126 121 122  !! fial - 115 ; 5
 119 120  !! fial - 113 ; 3
 119  !! fial - 118 ; 2
 120  !! fial - 115 ; 2
 120  !! fial - 113 ; 2
 120  !! fial - 119 ; 2
 121 128 129 130 123 122  ; tot---------------------------- 6
 121 122  !! fial - 115 ; 3
 121 126 125 132 127 128  ; tot---------------------------- 6
 122 123 124  !! fial - 117 ; 4
 122  !! fial - 115 ; 2
 122  !! fial - 121 ; 2
 123  !! fial - 122 ; 2
 123 130 131 132 125 124  ; tot---------------------------- 6
 123 124  !! fial - 117 ; 3
 124  !! fial - 117 ; 2
 124  !! fial - 123 ; 2
 124 125 126  !! fial - 119 ; 4
 125 132 127 128  !! fial - 121 ; 5
 125 126  !! fial - 119 ; 3
 125  !! fial - 124 ; 2
 126  !! fial - 121 ; 2
 126  !! fial - 119 ; 2
 126  !! fial - 125 ; 2
 127 134 135 136 129 128  ; tot---------------------------- 6
 127 128  !! fial - 121 ; 3
 127 132 131 138 133 134  ; tot---------------------------- 6
 128 129 130  !! fial - 123 ; 4
 128  !! fial - 121 ; 2
 128  !! fial - 127 ; 2
 129  !! fial - 128 ; 2
 129 136 137 138 131 130  ; tot---------------------------- 6
 129 130  !! fial - 123 ; 3
 130  !! fial - 123 ; 2
 130  !! fial - 129 ; 2
 130 131 132  !! fial - 125 ; 4
 131 138 133 134  !! fial - 127 ; 5
 131 132  !! fial - 125 ; 3
 131  !! fial - 130 ; 2
 132  !! fial - 127 ; 2
 132  !! fial - 125 ; 2
 132  !! fial - 131 ; 2
 133 140 141 142 135 134  ; tot---------------------------- 6
 133 134  !! fial - 127 ; 3
 133 138 137 144 139 140  ; tot---------------------------- 6
 134 135 136  !! fial - 129 ; 4
 134  !! fial - 127 ; 2
 134  !! fial - 133 ; 2
 135  !! fial - 134 ; 2
 135 142 143 144 137 136  ; tot---------------------------- 6
 135 136  !! fial - 129 ; 3
 136  !! fial - 129 ; 2
 136  !! fial - 135 ; 2
 136 137 138  !! fial - 131 ; 4
 137 144 139 140  !! fial - 133 ; 5
 137 138  !! fial - 131 ; 3
 137  !! fial - 136 ; 2
 138  !! fial - 133 ; 2
 138  !! fial - 131 ; 2
 138  !! fial - 137 ; 2
 139 146 147 148 141 140  ; tot---------------------------- 6
 139 140  !! fial - 133 ; 3
 139 144 143 150 145 146  ; tot---------------------------- 6
 140 141 142  !! fial - 135 ; 4
 140  !! fial - 133 ; 2
 140  !! fial - 139 ; 2
 141  !! fial - 140 ; 2
 141 148 149 150 143 142  ; tot---------------------------- 6
 141 142  !! fial - 135 ; 3
 142  !! fial - 135 ; 2
 142  !! fial - 141 ; 2
 142 143 144  !! fial - 137 ; 4
 143 150 145 146  !! fial - 139 ; 5
 143 144  !! fial - 137 ; 3
 143  !! fial - 142 ; 2
 144  !! fial - 139 ; 2
 144  !! fial - 137 ; 2
 144  !! fial - 143 ; 2
 145 152 153 154 147 146  ; tot---------------------------- 6
 145 146  !! fial - 139 ; 3
 145 150 149 156 151 152  ; tot---------------------------- 6
 146 147 148  !! fial - 141 ; 4
 146  !! fial - 139 ; 2
 146  !! fial - 145 ; 2
 147  !! fial - 146 ; 2
 147 154 155 156 149 148  ; tot---------------------------- 6
 147 148  !! fial - 141 ; 3
 148  !! fial - 141 ; 2
 148  !! fial - 147 ; 2
 148 149 150  !! fial - 143 ; 4
 149 156 151 152  !! fial - 145 ; 5
 149 150  !! fial - 143 ; 3
 149  !! fial - 148 ; 2
 150  !! fial - 145 ; 2
 150  !! fial - 143 ; 2
 150  !! fial - 149 ; 2
 151 158 159 160 153 152  ; tot---------------------------- 6
 151 152  !! fial - 145 ; 3
 151 156 155 162 157 158  ; tot---------------------------- 6
 152 153 154  !! fial - 147 ; 4
 152  !! fial - 145 ; 2
 152  !! fial - 151 ; 2
 153  !! fial - 152 ; 2
 153 160 161 162 155 154  ; tot---------------------------- 6
 153 154  !! fial - 147 ; 3
 154  !! fial - 147 ; 2
 154  !! fial - 153 ; 2
 154 155 156  !! fial - 149 ; 4
 155 162 157 158  !! fial - 151 ; 5
 155 156  !! fial - 149 ; 3
 155  !! fial - 154 ; 2
 156  !! fial - 151 ; 2
 156  !! fial - 149 ; 2
 156  !! fial - 155 ; 2
 157 164 165 166 159 158  ; tot---------------------------- 6
 157 158  !! fial - 151 ; 3
 157 162 161 168 163 164  ; tot---------------------------- 6
 158 159 160  !! fial - 153 ; 4
 158  !! fial - 151 ; 2
 158  !! fial - 157 ; 2
 159  !! fial - 158 ; 2
 159 166 167 168 161 160  ; tot---------------------------- 6
 159 160  !! fial - 153 ; 3
 160  !! fial - 153 ; 2
 160  !! fial - 159 ; 2
 160 161 162  !! fial - 155 ; 4
 161 168 163 164  !! fial - 157 ; 5
 161 162  !! fial - 155 ; 3
 161  !! fial - 160 ; 2
 162  !! fial - 157 ; 2
 162  !! fial - 155 ; 2
 162  !! fial - 161 ; 2
 163 170 171 172 165 164  ; tot---------------------------- 6
 163 164  !! fial - 157 ; 3
 163 168 167 174 169 170  ; tot---------------------------- 6
 164 165 166  !! fial - 159 ; 4
 164  !! fial - 157 ; 2
 164  !! fial - 163 ; 2
 165  !! fial - 164 ; 2
 165 172 173 174 167 166  ; tot---------------------------- 6
 165 166  !! fial - 159 ; 3
 166  !! fial - 159 ; 2
 166  !! fial - 165 ; 2
 166 167 168  !! fial - 161 ; 4
 167 174 169 170  !! fial - 163 ; 5
 167 168  !! fial - 161 ; 3
 167  !! fial - 166 ; 2
 168  !! fial - 163 ; 2
 168  !! fial - 161 ; 2
 168  !! fial - 167 ; 2
 169 176 177 178 171 170  ; tot---------------------------- 6
 169 170  !! fial - 163 ; 3
 169 174 173 180 175 176  ; tot---------------------------- 6
 170 171 172  !! fial - 165 ; 4
 170  !! fial - 163 ; 2
 170  !! fial - 169 ; 2
 171  !! fial - 170 ; 2
 171 178 179 180 173 172  ; tot---------------------------- 6
 171 172  !! fial - 165 ; 3
 172  !! fial - 165 ; 2
 172  !! fial - 171 ; 2
 172 173 174  !! fial - 167 ; 4
 173 180 175 176  !! fial - 169 ; 5
 173 174  !! fial - 167 ; 3
 173  !! fial - 172 ; 2
 174  !! fial - 169 ; 2
 174  !! fial - 167 ; 2
 174  !! fial - 173 ; 2
 175 182 183 184 177 176  ; tot---------------------------- 6
 175 176  !! fial - 169 ; 3
 175 180 179 186 181 182  ; tot---------------------------- 6
 176 177 178  !! fial - 171 ; 4
 176  !! fial - 169 ; 2
 176  !! fial - 175 ; 2
 177  !! fial - 176 ; 2
 177 184 185 186 179 178  ; tot---------------------------- 6
 177 178  !! fial - 171 ; 3
 178  !! fial - 171 ; 2
 178  !! fial - 177 ; 2
 178 179 180  !! fial - 173 ; 4
 179 186 181 182  !! fial - 175 ; 5
 179 180  !! fial - 173 ; 3
 179  !! fial - 178 ; 2
 180  !! fial - 175 ; 2
 180  !! fial - 173 ; 2
 180  !! fial - 179 ; 2
 181 188 189 190 183 182  ; tot---------------------------- 6
 181 182  !! fial - 175 ; 3
 181 186 185 192 187 188  ; tot---------------------------- 6
 182 183 184  !! fial - 177 ; 4
 182  !! fial - 175 ; 2
 182  !! fial - 181 ; 2
 183  !! fial - 182 ; 2
 183 190 191 192 185 184  ; tot---------------------------- 6
 183 184  !! fial - 177 ; 3
 184  !! fial - 177 ; 2
 184  !! fial - 183 ; 2
 184 185 186  !! fial - 179 ; 4
 185 192 187 188  !! fial - 181 ; 5
 185 186  !! fial - 179 ; 3
 185  !! fial - 184 ; 2
 186  !! fial - 181 ; 2
 186  !! fial - 179 ; 2
 186  !! fial - 185 ; 2
 187 194 195 196 189 188  ; tot---------------------------- 6
 187 188  !! fial - 181 ; 3
 187 192 191 198 193 194  ; tot---------------------------- 6
 188 189 190  !! fial - 183 ; 4
 188  !! fial - 181 ; 2
 188  !! fial - 187 ; 2
 189  !! fial - 188 ; 2
 189 196 197 198 191 190  ; tot---------------------------- 6
 189 190  !! fial - 183 ; 3
 190  !! fial - 183 ; 2
 190  !! fial - 189 ; 2
 190 191 192  !! fial - 185 ; 4
 191 198 193 194  !! fial - 187 ; 5
 191 192  !! fial - 185 ; 3
 191  !! fial - 190 ; 2
 192  !! fial - 187 ; 2
 192  !! fial - 185 ; 2
 192  !! fial - 191 ; 2
 193 200 201 202 195 194  ; tot---------------------------- 6
 193 194  !! fial - 187 ; 3
 193 198 197 204 199 200  ; tot---------------------------- 6
 194 195 196  !! fial - 189 ; 4
 194  !! fial - 187 ; 2
 194  !! fial - 193 ; 2
 195  !! fial - 194 ; 2
 195 202 203 204 197 196  ; tot---------------------------- 6
 195 196  !! fial - 189 ; 3
 196  !! fial - 189 ; 2
 196  !! fial - 195 ; 2
 196 197 198  !! fial - 191 ; 4
 197 204 199 200  !! fial - 193 ; 5
 197 198  !! fial - 191 ; 3
 197  !! fial - 196 ; 2
 198  !! fial - 193 ; 2
 198  !! fial - 191 ; 2
 198  !! fial - 197 ; 2
 199 206 207 208 201 200  ; tot---------------------------- 6
 199 200  !! fial - 193 ; 3
 199 204 203 210 205 206  ; tot---------------------------- 6
 200 201 202  !! fial - 195 ; 4
 200  !! fial - 193 ; 2
 200  !! fial - 199 ; 2
 201  !! fial - 200 ; 2
 201 208 209 210 203 202  ; tot---------------------------- 6
 201 202  !! fial - 195 ; 3
 202  !! fial - 195 ; 2
 202  !! fial - 201 ; 2
 202 203 204  !! fial - 197 ; 4
 203 210 205 206  !! fial - 199 ; 5
 203 204  !! fial - 197 ; 3
 203  !! fial - 202 ; 2
 204  !! fial - 199 ; 2
 204  !! fial - 197 ; 2
 204  !! fial - 203 ; 2
 205 212 213 214 207 206  ; tot---------------------------- 6
 205 206  !! fial - 199 ; 3
 205 210 209 216 211 212  ; tot---------------------------- 6
 206 207 208  !! fial - 201 ; 4
 206  !! fial - 199 ; 2
 206  !! fial - 205 ; 2
 207  !! fial - 206 ; 2
 207 214 215 216 209 208  ; tot---------------------------- 6
 207 208  !! fial - 201 ; 3
 208  !! fial - 201 ; 2
 208  !! fial - 207 ; 2
 208 209 210  !! fial - 203 ; 4
 209 216 211 212  !! fial - 205 ; 5
 209 210  !! fial - 203 ; 3
 209  !! fial - 208 ; 2
 210  !! fial - 205 ; 2
 210  !! fial - 203 ; 2
 210  !! fial - 209 ; 2
 211 218 219 220 213 212  ; tot---------------------------- 6
 211 212  !! fial - 205 ; 3
 211 216 215 222 217 218  ; tot---------------------------- 6
 212 213 214  !! fial - 207 ; 4
 212  !! fial - 205 ; 2
 212  !! fial - 211 ; 2
 213  !! fial - 212 ; 2
 213 220 221 222 215 214  ; tot---------------------------- 6
 213 214  !! fial - 207 ; 3
 214  !! fial - 207 ; 2
 214  !! fial - 213 ; 2
 214 215 216  !! fial - 209 ; 4
 215 222 217 218  !! fial - 211 ; 5
 215 216  !! fial - 209 ; 3
 215  !! fial - 214 ; 2
 216  !! fial - 211 ; 2
 216  !! fial - 209 ; 2
 216  !! fial - 215 ; 2
 217 224 225 226 219 218  ; tot---------------------------- 6
 217 218  !! fial - 211 ; 3
 217 222 221 228 223 224  ; tot---------------------------- 6
 218 219 220  !! fial - 213 ; 4
 218  !! fial - 211 ; 2
 218  !! fial - 217 ; 2
 219  !! fial - 218 ; 2
 219 226 227 228 221 220  ; tot---------------------------- 6
 219 220  !! fial - 213 ; 3
 220  !! fial - 213 ; 2
 220  !! fial - 219 ; 2
 220 221 222  !! fial - 215 ; 4
 221 228 223 224  !! fial - 217 ; 5
 221 222  !! fial - 215 ; 3
 221  !! fial - 220 ; 2
 222  !! fial - 217 ; 2
 222  !! fial - 215 ; 2
 222  !! fial - 221 ; 2
 223 230 231 232 225 224  ; tot---------------------------- 6
 223 224  !! fial - 217 ; 3
 223 228 227 234 229 230  ; tot---------------------------- 6
 224 225 226  !! fial - 219 ; 4
 224  !! fial - 217 ; 2
 224  !! fial - 223 ; 2
 225  !! fial - 224 ; 2
 225 232 233 234 227 226  ; tot---------------------------- 6
 225 226  !! fial - 219 ; 3
 226  !! fial - 219 ; 2
 226  !! fial - 225 ; 2
 226 227 228  !! fial - 221 ; 4
 227 234 229 230  !! fial - 223 ; 5
 227 228  !! fial - 221 ; 3
 227  !! fial - 226 ; 2
 228  !! fial - 223 ; 2
 228  !! fial - 221 ; 2
 228  !! fial - 227 ; 2
 229 236 237 238 231 230  ; tot---------------------------- 6
 229 230  !! fial - 223 ; 3
 229 234 233 240 235 236  ; tot---------------------------- 6
 230 231 232  !! fial - 225 ; 4
 230  !! fial - 223 ; 2
 230  !! fial - 229 ; 2
 231  !! fial - 230 ; 2
 231 238 239 240 233 232  ; tot---------------------------- 6
 231 232  !! fial - 225 ; 3
 232  !! fial - 225 ; 2
 232  !! fial - 231 ; 2
 232 233 234  !! fial - 227 ; 4
 233 240 235 236  !! fial - 229 ; 5
 233 234  !! fial - 227 ; 3
 233  !! fial - 232 ; 2
 234  !! fial - 229 ; 2
 234  !! fial - 227 ; 2
 234  !! fial - 233 ; 2
 235 242 243 244 237 236  ; tot---------------------------- 6
 235 236  !! fial - 229 ; 3
 235 240 239 246 241 242  ; tot---------------------------- 6
 236 237 238  !! fial - 231 ; 4
 236  !! fial - 229 ; 2
 236  !! fial - 235 ; 2
 237  !! fial - 236 ; 2
 237 244 245 246 239 238  ; tot---------------------------- 6
 237 238  !! fial - 231 ; 3
 238  !! fial - 231 ; 2
 238  !! fial - 237 ; 2
 238 239 240  !! fial - 233 ; 4
 239 246 241 242  !! fial - 235 ; 5
 239 240  !! fial - 233 ; 3
 239  !! fial - 238 ; 2
 240  !! fial - 235 ; 2
 240  !! fial - 233 ; 2
 240  !! fial - 239 ; 2
 241 248 249 250 243 242  ; tot---------------------------- 6
 241 242  !! fial - 235 ; 3
 241 246 245 252 247 248  ; tot---------------------------- 6
 242 243 244  !! fial - 237 ; 4
 242  !! fial - 235 ; 2
 242  !! fial - 241 ; 2
 243  !! fial - 242 ; 2
 243 250 251 252 245 244  ; tot---------------------------- 6
 243 244  !! fial - 237 ; 3
 244  !! fial - 237 ; 2
 244  !! fial - 243 ; 2
 244 245 246  !! fial - 239 ; 4
 245 252 247 248  !! fial - 241 ; 5
 245 246  !! fial - 239 ; 3
 245  !! fial - 244 ; 2
 246  !! fial - 241 ; 2
 246  !! fial - 239 ; 2
 246  !! fial - 245 ; 2
 247 254 255 256 249 248  ; tot---------------------------- 6
 247 248  !! fial - 241 ; 3
 247 252 251 258 253 254  ; tot---------------------------- 6
 248 249 250  !! fial - 243 ; 4
 248  !! fial - 241 ; 2
 248  !! fial - 247 ; 2
 249  !! fial - 248 ; 2
 249 256 257 258 251 250  ; tot---------------------------- 6
 249 250  !! fial - 243 ; 3
 250  !! fial - 243 ; 2
 250  !! fial - 249 ; 2
 250 251 252  !! fial - 245 ; 4
 251 258 253 254  !! fial - 247 ; 5
 251 252  !! fial - 245 ; 3
 251  !! fial - 250 ; 2
 252  !! fial - 247 ; 2
 252  !! fial - 245 ; 2
 252  !! fial - 251 ; 2
 253 260 261 262 255 254  ; tot---------------------------- 6
 253 254  !! fial - 247 ; 3
 253 258 257 264 259 260  ; tot---------------------------- 6
 254 255 256  !! fial - 249 ; 4
 254  !! fial - 247 ; 2
 254  !! fial - 253 ; 2
 255  !! fial - 254 ; 2
 255 262 263 264 257 256  ; tot---------------------------- 6
 255 256  !! fial - 249 ; 3
 256  !! fial - 249 ; 2
 256  !! fial - 255 ; 2
 256 257 258  !! fial - 251 ; 4
 257 264 259 260  !! fial - 253 ; 5
 257 258  !! fial - 251 ; 3
 257  !! fial - 256 ; 2
 258  !! fial - 253 ; 2
 258  !! fial - 251 ; 2
 258  !! fial - 257 ; 2
 259 266 267 268 261 260  ; tot---------------------------- 6
 259 260  !! fial - 253 ; 3
 259 264 263 270 265 266  ; tot---------------------------- 6
 260 261 262  !! fial - 255 ; 4
 260  !! fial - 253 ; 2
 260  !! fial - 259 ; 2
 261  !! fial - 260 ; 2
 261 268 269 270 263 262  ; tot---------------------------- 6
 261 262  !! fial - 255 ; 3
 262  !! fial - 255 ; 2
 262  !! fial - 261 ; 2
 262 263 264  !! fial - 257 ; 4
 263 270 265 266  !! fial - 259 ; 5
 263 264  !! fial - 257 ; 3
 263  !! fial - 262 ; 2
 264  !! fial - 259 ; 2
 264  !! fial - 257 ; 2
 264  !! fial - 263 ; 2
 265 272 273 274 267 266  ; tot---------------------------- 6
 265 266  !! fial - 259 ; 3
 265 270 269 276 271 272  ; tot---------------------------- 6
 266 267 268  !! fial - 261 ; 4
 266  !! fial - 259 ; 2
 266  !! fial - 265 ; 2
 267  !! fial - 266 ; 2
 267 274 275 276 269 268  ; tot---------------------------- 6
 267 268  !! fial - 261 ; 3
 268  !! fial - 261 ; 2
 268  !! fial - 267 ; 2
 268 269 270  !! fial - 263 ; 4
 269 276 271 272  !! fial - 265 ; 5
 269 270  !! fial - 263 ; 3
 269  !! fial - 268 ; 2
 270  !! fial - 265 ; 2
 270  !! fial - 263 ; 2
 270  !! fial - 269 ; 2
 271 278 279 280 273 272  ; tot---------------------------- 6
 271 272  !! fial - 265 ; 3
 271 276 275 282 277 278  ; tot---------------------------- 6
 272 273 274  !! fial - 267 ; 4
 272  !! fial - 265 ; 2
 272  !! fial - 271 ; 2
 273  !! fial - 272 ; 2
 273 280 281 282 275 274  ; tot---------------------------- 6
 273 274  !! fial - 267 ; 3
 274  !! fial - 267 ; 2
 274  !! fial - 273 ; 2
 274 275 276  !! fial - 269 ; 4
 275 282 277 278  !! fial - 271 ; 5
 275 276  !! fial - 269 ; 3
 275  !! fial - 274 ; 2
 276  !! fial - 271 ; 2
 276  !! fial - 269 ; 2
 276  !! fial - 275 ; 2
 277 284 285 286 279 278  ; tot---------------------------- 6
 277 278  !! fial - 271 ; 3
 277 282 281 288 283 284  ; tot---------------------------- 6
 278 279 280  !! fial - 273 ; 4
 278  !! fial - 271 ; 2
 278  !! fial - 277 ; 2
 279  !! fial - 278 ; 2
 279 286 287 288 281 280  ; tot---------------------------- 6
 279 280  !! fial - 273 ; 3
 280  !! fial - 273 ; 2
 280  !! fial - 279 ; 2
 280 281 282  !! fial - 275 ; 4
 281 288 283 284  !! fial - 277 ; 5
 281 282  !! fial - 275 ; 3
 281  !! fial - 280 ; 2
 282  !! fial - 277 ; 2
 282  !! fial - 275 ; 2
 282  !! fial - 281 ; 2
 283 290 291 292 285 284  ; tot---------------------------- 6
 283 284  !! fial - 277 ; 3
 283 288 287 294 289 290  ; tot---------------------------- 6
 284 285 286  !! fial - 279 ; 4
 284  !! fial - 277 ; 2
 284  !! fial - 283 ; 2
 285  !! fial - 284 ; 2
 285 292 293 294 287 286  ; tot---------------------------- 6
 285 286  !! fial - 279 ; 3
 286  !! fial - 279 ; 2
 286  !! fial - 285 ; 2
 286 287 288  !! fial - 281 ; 4
 287 294 289 290  !! fial - 283 ; 5
 287 288  !! fial - 281 ; 3
 287  !! fial - 286 ; 2
 288  !! fial - 283 ; 2
 288  !! fial - 281 ; 2
 288  !! fial - 287 ; 2
 289 296 297 298 291 290  ; tot---------------------------- 6
 289 290  !! fial - 283 ; 3
 289 294 293 300 295 296  ; tot---------------------------- 6
 290 291 292  !! fial - 285 ; 4
 290  !! fial - 283 ; 2
 290  !! fial - 289 ; 2
 291  !! fial - 290 ; 2
 291 298 299 300 293 292  ; tot---------------------------- 6
 291 292  !! fial - 285 ; 3
 292  !! fial - 285 ; 2
 292  !! fial - 291 ; 2
 292 293 294  !! fial - 287 ; 4
 293 300 295 296  !! fial - 289 ; 5
 293 294  !! fial - 287 ; 3
 293  !! fial - 292 ; 2
 294  !! fial - 289 ; 2
 294  !! fial - 287 ; 2
 294  !! fial - 293 ; 2
 295 302 303 304 297 296  ; tot---------------------------- 6
 295 296  !! fial - 289 ; 3
 295 300 299 306 301 302  ; tot---------------------------- 6
 296 297 298  !! fial - 291 ; 4
 296  !! fial - 289 ; 2
 296  !! fial - 295 ; 2
 297  !! fial - 296 ; 2
 297 304 305 306 299 298  ; tot---------------------------- 6
 297 298  !! fial - 291 ; 3
 298  !! fial - 291 ; 2
 298  !! fial - 297 ; 2
 298 299 300  !! fial - 293 ; 4
 299 306 301 302  !! fial - 295 ; 5
 299 300  !! fial - 293 ; 3
 299  !! fial - 298 ; 2
 300  !! fial - 295 ; 2
 300  !! fial - 293 ; 2
 300  !! fial - 299 ; 2
 301 308 309 310 303 302  ; tot---------------------------- 6
 301 302  !! fial - 295 ; 3
 301 306 305 312 307 308  ; tot---------------------------- 6
 302 303 304  !! fial - 297 ; 4
 302  !! fial - 295 ; 2
 302  !! fial - 301 ; 2
 303  !! fial - 302 ; 2
 303 310 311 312 305 304  ; tot---------------------------- 6
 303 304  !! fial - 297 ; 3
 304  !! fial - 297 ; 2
 304  !! fial - 303 ; 2
 304 305 306  !! fial - 299 ; 4
 305 312 307 308  !! fial - 301 ; 5
 305 306  !! fial - 299 ; 3
 305  !! fial - 304 ; 2
 306  !! fial - 301 ; 2
 306  !! fial - 299 ; 2
 306  !! fial - 305 ; 2
 307 314 315 316 309 308  ; tot---------------------------- 6
 307 308  !! fial - 301 ; 3
 307 312 311 318 313 314  ; tot---------------------------- 6
 308 309 310  !! fial - 303 ; 4
 308  !! fial - 301 ; 2
 308  !! fial - 307 ; 2
 309  !! fial - 308 ; 2
 309 316 317 318 311 310  ; tot---------------------------- 6
 309 310  !! fial - 303 ; 3
 310  !! fial - 303 ; 2
 310  !! fial - 309 ; 2
 310 311 312  !! fial - 305 ; 4
 311 318 313 314  !! fial - 307 ; 5
 311 312  !! fial - 305 ; 3
 311  !! fial - 310 ; 2
 312  !! fial - 307 ; 2
 312  !! fial - 305 ; 2
 312  !! fial - 311 ; 2
 313 320 321 322 315 314  ; tot---------------------------- 6
 313 314  !! fial - 307 ; 3
 313 318 317 324 319 320  ; tot---------------------------- 6
 314 315 316  !! fial - 309 ; 4
 314  !! fial - 307 ; 2
 314  !! fial - 313 ; 2
 315  !! fial - 314 ; 2
 315 322 323 324 317 316  ; tot---------------------------- 6
 315 316  !! fial - 309 ; 3
 316  !! fial - 309 ; 2
 316  !! fial - 315 ; 2
 316 317 318  !! fial - 311 ; 4
 317 324 319 320  !! fial - 313 ; 5
 317 318  !! fial - 311 ; 3
 317  !! fial - 316 ; 2
 318  !! fial - 313 ; 2
 318  !! fial - 311 ; 2
 318  !! fial - 317 ; 2
 319 326 327 328 321 320  ; tot---------------------------- 6
 319 320  !! fial - 313 ; 3
 319 324 323 330 325 326  ; tot---------------------------- 6
 320 321 322  !! fial - 315 ; 4
 320  !! fial - 313 ; 2
 320  !! fial - 319 ; 2
 321  !! fial - 320 ; 2
 321 328 329 330 323 322  ; tot---------------------------- 6
 321 322  !! fial - 315 ; 3
 322  !! fial - 315 ; 2
 322  !! fial - 321 ; 2
 322 323 324  !! fial - 317 ; 4
 323 330 325 326  !! fial - 319 ; 5
 323 324  !! fial - 317 ; 3
 323  !! fial - 322 ; 2
 324  !! fial - 319 ; 2
 324  !! fial - 317 ; 2
 324  !! fial - 323 ; 2
 325 332 333 334 327 326  ; tot---------------------------- 6
 325 326  !! fial - 319 ; 3
 325 330 329 336 331 332  ; tot---------------------------- 6
 326 327 328  !! fial - 321 ; 4
 326  !! fial - 319 ; 2
 326  !! fial - 325 ; 2
 327  !! fial - 326 ; 2
 327 334 335 336 329 328  ; tot---------------------------- 6
 327 328  !! fial - 321 ; 3
 328  !! fial - 321 ; 2
 328  !! fial - 327 ; 2
 328 329 330  !! fial - 323 ; 4
 329 336 331 332  !! fial - 325 ; 5
 329 330  !! fial - 323 ; 3
 329  !! fial - 328 ; 2
 330  !! fial - 325 ; 2
 330  !! fial - 323 ; 2
 330  !! fial - 329 ; 2
 331 338 339 340 333 332  ; tot---------------------------- 6
 331 332  !! fial - 325 ; 3
 331 336 335 342 337 338  ; tot---------------------------- 6
 332 333 334  !! fial - 327 ; 4
 332  !! fial - 325 ; 2
 332  !! fial - 331 ; 2
 333  !! fial - 332 ; 2
 333 340 341 342 335 334  ; tot---------------------------- 6
 333 334  !! fial - 327 ; 3
 334  !! fial - 327 ; 2
 334  !! fial - 333 ; 2
 334 335 336  !! fial - 329 ; 4
 335 342 337 338  !! fial - 331 ; 5
 335 336  !! fial - 329 ; 3
 335  !! fial - 334 ; 2
 336  !! fial - 331 ; 2
 336  !! fial - 329 ; 2
 336  !! fial - 335 ; 2
 337 344 345 346 339 338  ; tot---------------------------- 6
 337 338  !! fial - 331 ; 3
 337 342 341 348 343 344  ; tot---------------------------- 6
 338 339 340  !! fial - 333 ; 4
 338  !! fial - 331 ; 2
 338  !! fial - 337 ; 2
 339  !! fial - 338 ; 2
 339 346 347 348 341 340  ; tot---------------------------- 6
 339 340  !! fial - 333 ; 3
 340  !! fial - 333 ; 2
 340  !! fial - 339 ; 2
 340 341 342  !! fial - 335 ; 4
 341 348 343 344  !! fial - 337 ; 5
 341 342  !! fial - 335 ; 3
 341  !! fial - 340 ; 2
 342  !! fial - 337 ; 2
 342  !! fial - 335 ; 2
 342  !! fial - 341 ; 2
 343 350 351 352 345 344  ; tot---------------------------- 6
 343 344  !! fial - 337 ; 3
 343 348 347 354 349 350  ; tot---------------------------- 6
 344 345 346  !! fial - 339 ; 4
 344  !! fial - 337 ; 2
 344  !! fial - 343 ; 2
 345  !! fial - 344 ; 2
 345 352 353 354 347 346  ; tot---------------------------- 6
 345 346  !! fial - 339 ; 3
 346  !! fial - 339 ; 2
 346  !! fial - 345 ; 2
 346 347 348  !! fial - 341 ; 4
 347 354 349 350  !! fial - 343 ; 5
 347 348  !! fial - 341 ; 3
 347  !! fial - 346 ; 2
 348  !! fial - 343 ; 2
 348  !! fial - 341 ; 2
 348  !! fial - 347 ; 2
 349 356 357 358 351 350  ; tot---------------------------- 6
 349 350  !! fial - 343 ; 3
 349 354 353 360 355 356  ; tot---------------------------- 6
 350 351 352  !! fial - 345 ; 4
 350  !! fial - 343 ; 2
 350  !! fial - 349 ; 2
 351  !! fial - 350 ; 2
 351 358 359 360 353 352  ; tot---------------------------- 6
 351 352  !! fial - 345 ; 3
 352  !! fial - 345 ; 2
 352  !! fial - 351 ; 2
 352 353 354  !! fial - 347 ; 4
 353 360 355 356  !! fial - 349 ; 5
 353 354  !! fial - 347 ; 3
 353  !! fial - 352 ; 2
 354  !! fial - 349 ; 2
 354  !! fial - 347 ; 2
 354  !! fial - 353 ; 2
 355 362 363 364 357 356  ; tot---------------------------- 6
 355 356  !! fial - 349 ; 3
 355 360 359 366 361 362  ; tot---------------------------- 6
 356 357 358  !! fial - 351 ; 4
 356  !! fial - 349 ; 2
 356  !! fial - 355 ; 2
 357  !! fial - 356 ; 2
 357 364 365 366 359 358  ; tot---------------------------- 6
 357 358  !! fial - 351 ; 3
 358  !! fial - 351 ; 2
 358  !! fial - 357 ; 2
 358 359 360  !! fial - 353 ; 4
 359 366 361 362  !! fial - 355 ; 5
 359 360  !! fial - 353 ; 3
 359  !! fial - 358 ; 2
 360  !! fial - 355 ; 2
 360  !! fial - 353 ; 2
 360  !! fial - 359 ; 2
 361 368 369 370 363 362  ; tot---------------------------- 6
 361 362  !! fial - 355 ; 3
 361 366 365 372 367 368  ; tot---------------------------- 6
 362 363 364  !! fial - 357 ; 4
 362  !! fial - 355 ; 2
 362  !! fial - 361 ; 2
 363  !! fial - 362 ; 2
 363 370 371 372 365 364  ; tot---------------------------- 6
 363 364  !! fial - 357 ; 3
 364  !! fial - 357 ; 2
 364  !! fial - 363 ; 2
 364 365 366  !! fial - 359 ; 4
 365 372 367 368  !! fial - 361 ; 5
 365 366  !! fial - 359 ; 3
 365  !! fial - 364 ; 2
 366  !! fial - 361 ; 2
 366  !! fial - 359 ; 2
 366  !! fial - 365 ; 2
 367 374 375 376 369 368  ; tot---------------------------- 6
 367 368  !! fial - 361 ; 3
 367 372 371 378 373 374  ; tot---------------------------- 6
 368 369 370  !! fial - 363 ; 4
 368  !! fial - 361 ; 2
 368  !! fial - 367 ; 2
 369  !! fial - 368 ; 2
 369 376 377 378 371 370  ; tot---------------------------- 6
 369 370  !! fial - 363 ; 3
 370  !! fial - 363 ; 2
 370  !! fial - 369 ; 2
 370 371 372  !! fial - 365 ; 4
 371 378 373 374  !! fial - 367 ; 5
 371 372  !! fial - 365 ; 3
 371  !! fial - 370 ; 2
 372  !! fial - 367 ; 2
 372  !! fial - 365 ; 2
 372  !! fial - 371 ; 2
 373 380 381 382 375 374  ; tot---------------------------- 6
 373 374  !! fial - 367 ; 3
 373 378 377 384 379 380  ; tot---------------------------- 6
 374 375 376  !! fial - 369 ; 4
 374  !! fial - 367 ; 2
 374  !! fial - 373 ; 2
 375  !! fial - 374 ; 2
 375 382 383 384 377 376  ; tot---------------------------- 6
 375 376  !! fial - 369 ; 3
 376  !! fial - 369 ; 2
 376  !! fial - 375 ; 2
 376 377 378  !! fial - 371 ; 4
 377 384 379 380  !! fial - 373 ; 5
 377 378  !! fial - 371 ; 3
 377  !! fial - 376 ; 2
 378  !! fial - 373 ; 2
 378  !! fial - 371 ; 2
 378  !! fial - 377 ; 2
 379 386 387 388 381 380  ; tot---------------------------- 6
 379 380  !! fial - 373 ; 3
 379 384 383 390 385 386  ; tot---------------------------- 6
 380 381 382  !! fial - 375 ; 4
 380  !! fial - 373 ; 2
 380  !! fial - 379 ; 2
 381  !! fial - 380 ; 2
 381 388 389 390 383 382  ; tot---------------------------- 6
 381 382  !! fial - 375 ; 3
 382  !! fial - 375 ; 2
 382  !! fial - 381 ; 2
 382 383 384  !! fial - 377 ; 4
 383 390 385 386  !! fial - 379 ; 5
 383 384  !! fial - 377 ; 3
 383  !! fial - 382 ; 2
 384  !! fial - 379 ; 2
 384  !! fial - 377 ; 2
 384  !! fial - 383 ; 2
 385 392 393 394 387 386  ; tot---------------------------- 6
 385 386  !! fial - 379 ; 3
 385 390 389 396 391 392  ; tot---------------------------- 6
 386 387 388  !! fial - 381 ; 4
 386  !! fial - 379 ; 2
 386  !! fial - 385 ; 2
 387  !! fial - 386 ; 2
 387 394 395 396 389 388  ; tot---------------------------- 6
 387 388  !! fial - 381 ; 3
 388  !! fial - 381 ; 2
 388  !! fial - 387 ; 2
 388 389 390  !! fial - 383 ; 4
 389 396 391 392  !! fial - 385 ; 5
 389 390  !! fial - 383 ; 3
 389  !! fial - 388 ; 2
 390  !! fial - 385 ; 2
 390  !! fial - 383 ; 2
 390  !! fial - 389 ; 2
 391 398 399 400 393 392  ; tot---------------------------- 6
 391 392  !! fial - 385 ; 3
 391 396 395 402 397 398  ; tot---------------------------- 6
 392 393 394  !! fial - 387 ; 4
 392  !! fial - 385 ; 2
 392  !! fial - 391 ; 2
 393  !! fial - 392 ; 2
 393 400 401 402 395 394  ; tot---------------------------- 6
 393 394  !! fial - 387 ; 3
 394  !! fial - 387 ; 2
 394  !! fial - 393 ; 2
 394 395 396  !! fial - 389 ; 4
 395 402 397 398  !! fial - 391 ; 5
 395 396  !! fial - 389 ; 3
 395  !! fial - 394 ; 2
 396  !! fial - 391 ; 2
 396  !! fial - 389 ; 2
 396  !! fial - 395 ; 2
 397 404 405 406 399 398  ; tot---------------------------- 6
 397 398  !! fial - 391 ; 3
 397 402 401 408 403 404  ; tot---------------------------- 6
 398 399 400  !! fial - 393 ; 4
 398  !! fial - 391 ; 2
 398  !! fial - 397 ; 2
 399  !! fial - 398 ; 2
 399 406 407 408 401 400  ; tot---------------------------- 6
 399 400  !! fial - 393 ; 3
 400  !! fial - 393 ; 2
 400  !! fial - 399 ; 2
 400 401 402  !! fial - 395 ; 4
 401 408 403 404  !! fial - 397 ; 5
 401 402  !! fial - 395 ; 3
 401  !! fial - 400 ; 2
 402  !! fial - 397 ; 2
 402  !! fial - 395 ; 2
 402  !! fial - 401 ; 2
 403 410 411 412 405 404  ; tot---------------------------- 6
 403 404  !! fial - 397 ; 3
 403 408 407 414 409 410  ; tot---------------------------- 6
 404 405 406  !! fial - 399 ; 4
 404  !! fial - 397 ; 2
 404  !! fial - 403 ; 2
 405  !! fial - 404 ; 2
 405 412 413 414 407 406  ; tot---------------------------- 6
 405 406  !! fial - 399 ; 3
 406  !! fial - 399 ; 2
 406  !! fial - 405 ; 2
 406 407 408  !! fial - 401 ; 4
 407 414 409 410  !! fial - 403 ; 5
 407 408  !! fial - 401 ; 3
 407  !! fial - 406 ; 2
 408  !! fial - 403 ; 2
 408  !! fial - 401 ; 2
 408  !! fial - 407 ; 2
 409 416 417 418 411 410  ; tot---------------------------- 6
 409 410  !! fial - 403 ; 3
 409 414 413 420 415 416  ; tot---------------------------- 6
 410 411 412  !! fial - 405 ; 4
 410  !! fial - 403 ; 2
 410  !! fial - 409 ; 2
 411  !! fial - 410 ; 2
 411 418 419 420 413 412  ; tot---------------------------- 6
 411 412  !! fial - 405 ; 3
 412  !! fial - 405 ; 2
 412  !! fial - 411 ; 2
 412 413 414  !! fial - 407 ; 4
 413 420 415 416  !! fial - 409 ; 5
 413 414  !! fial - 407 ; 3
 413  !! fial - 412 ; 2
 414  !! fial - 409 ; 2
 414  !! fial - 407 ; 2
 414  !! fial - 413 ; 2
 415 422 423 424 417 416  ; tot---------------------------- 6
 415 416  !! fial - 409 ; 3
 415 420 419 426 421 422  ; tot---------------------------- 6
 416 417 418  !! fial - 411 ; 4
 416  !! fial - 409 ; 2
 416  !! fial - 415 ; 2
 417  !! fial - 416 ; 2
 417 424 425 426 419 418  ; tot---------------------------- 6
 417 418  !! fial - 411 ; 3
 418  !! fial - 411 ; 2
 418  !! fial - 417 ; 2
 418 419 420  !! fial - 413 ; 4
 419 426 421 422  !! fial - 415 ; 5
 419 420  !! fial - 413 ; 3
 419  !! fial - 418 ; 2
 420  !! fial - 415 ; 2
 420  !! fial - 413 ; 2
 420  !! fial - 419 ; 2
 421 428 429 430 423 422  ; tot---------------------------- 6
 421 422  !! fial - 415 ; 3
 421 426 425 432 427 428  ; tot---------------------------- 6
 422 423 424  !! fial - 417 ; 4
 422  !! fial - 415 ; 2
 422  !! fial - 421 ; 2
 423  !! fial - 422 ; 2
 423 430 431 432 425 424  ; tot---------------------------- 6
 423 424  !! fial - 417 ; 3
 424  !! fial - 417 ; 2
 424  !! fial - 423 ; 2
 424 425 426  !! fial - 419 ; 4
 425 432 427 428  !! fial - 421 ; 5
 425 426  !! fial - 419 ; 3
 425  !! fial - 424 ; 2
 426  !! fial - 421 ; 2
 426  !! fial - 419 ; 2
 426  !! fial - 425 ; 2
 427 434 435 436 429 428  ; tot---------------------------- 6
 427 428  !! fial - 421 ; 3
 427 432 431 438 433 434  ; tot---------------------------- 6
 428 429 430  !! fial - 423 ; 4
 428  !! fial - 421 ; 2
 428  !! fial - 427 ; 2
 429  !! fial - 428 ; 2
 429 436 437 438 431 430  ; tot---------------------------- 6
 429 430  !! fial - 423 ; 3
 430  !! fial - 423 ; 2
 430  !! fial - 429 ; 2
 430 431 432  !! fial - 425 ; 4
 431 438 433 434  !! fial - 427 ; 5
 431 432  !! fial - 425 ; 3
 431  !! fial - 430 ; 2
 432  !! fial - 427 ; 2
 432  !! fial - 425 ; 2
 432  !! fial - 431 ; 2
 433 440 441 442 435 434  ; tot---------------------------- 6
 433 434  !! fial - 427 ; 3
 433 438 437 444 439 440  ; tot---------------------------- 6
 434 435 436  !! fial - 429 ; 4
 434  !! fial - 427 ; 2
 434  !! fial - 433 ; 2
 435  !! fial - 434 ; 2
 435 442 443 444 437 436  ; tot---------------------------- 6
 435 436  !! fial - 429 ; 3
 436  !! fial - 429 ; 2
 436  !! fial - 435 ; 2
 436 437 438  !! fial - 431 ; 4
 437 444 439 440  !! fial - 433 ; 5
 437 438  !! fial - 431 ; 3
 437  !! fial - 436 ; 2
 438  !! fial - 433 ; 2
 438  !! fial - 431 ; 2
 438  !! fial - 437 ; 2
 439 446 447 448 441 440  ; tot---------------------------- 6
 439 440  !! fial - 433 ; 3
 439 444 443 450 445 446  ; tot---------------------------- 6
 440 441 442  !! fial - 435 ; 4
 440  !! fial - 433 ; 2
 440  !! fial - 439 ; 2
 441  !! fial - 440 ; 2
 441 448 449 450 443 442  ; tot---------------------------- 6
 441 442  !! fial - 435 ; 3
 442  !! fial - 435 ; 2
 442  !! fial - 441 ; 2
 442 443 444  !! fial - 437 ; 4
 443 450 445 446  !! fial - 439 ; 5
 443 444  !! fial - 437 ; 3
 443  !! fial - 442 ; 2
 444  !! fial - 439 ; 2
 444  !! fial - 437 ; 2
 444  !! fial - 443 ; 2
 445 452 453 454 447 446  ; tot---------------------------- 6
 445 446  !! fial - 439 ; 3
 445 450 449 456 451 452  ; tot---------------------------- 6
 446 447 448  !! fial - 441 ; 4
 446  !! fial - 439 ; 2
 446  !! fial - 445 ; 2
 447  !! fial - 446 ; 2
 447 454 455 456 449 448  ; tot---------------------------- 6
 447 448  !! fial - 441 ; 3
 448  !! fial - 441 ; 2
 448  !! fial - 447 ; 2
 448 449 450  !! fial - 443 ; 4
 449 456 451 452  !! fial - 445 ; 5
 449 450  !! fial - 443 ; 3
 449  !! fial - 448 ; 2
 450  !! fial - 445 ; 2
 450  !! fial - 443 ; 2
 450  !! fial - 449 ; 2
 451 458 459 460 453 452  ; tot---------------------------- 6
 451 452  !! fial - 445 ; 3
 451 456 455 462 457 458  ; tot---------------------------- 6
 452 453 454  !! fial - 447 ; 4
 452  !! fial - 445 ; 2
 452  !! fial - 451 ; 2
 453  !! fial - 452 ; 2
 453 460 461 462 455 454  ; tot---------------------------- 6
 453 454  !! fial - 447 ; 3
 454  !! fial - 447 ; 2
 454  !! fial - 453 ; 2
 454 455 456  !! fial - 449 ; 4
 455 462 457 458  !! fial - 451 ; 5
 455 456  !! fial - 449 ; 3
 455  !! fial - 454 ; 2
 456  !! fial - 451 ; 2
 456  !! fial - 449 ; 2
 456  !! fial - 455 ; 2
 457 464 465 466 459 458  ; tot---------------------------- 6
 457 458  !! fial - 451 ; 3
 457 462 461 468 463 464  ; tot---------------------------- 6
 458 459 460  !! fial - 453 ; 4
 458  !! fial - 451 ; 2
 458  !! fial - 457 ; 2
 459  !! fial - 458 ; 2
 459 466 467 468 461 460  ; tot---------------------------- 6
 459 460  !! fial - 453 ; 3
 460  !! fial - 453 ; 2
 460  !! fial - 459 ; 2
 460 461 462  !! fial - 455 ; 4
 461 468 463 464  !! fial - 457 ; 5
 461 462  !! fial - 455 ; 3
 461  !! fial - 460 ; 2
 462  !! fial - 457 ; 2
 462  !! fial - 455 ; 2
 462  !! fial - 461 ; 2
 463 470 471 472 465 464  ; tot---------------------------- 6
 463 464  !! fial - 457 ; 3
 463 468 467 474 469 470  ; tot---------------------------- 6
 464 465 466  !! fial - 459 ; 4
 464  !! fial - 457 ; 2
 464  !! fial - 463 ; 2
 465  !! fial - 464 ; 2
 465 472 473 474 467 466  ; tot---------------------------- 6
 465 466  !! fial - 459 ; 3
 466  !! fial - 459 ; 2
 466  !! fial - 465 ; 2
 466 467 468  !! fial - 461 ; 4
 467 474 469 470  !! fial - 463 ; 5
 467 468  !! fial - 461 ; 3
 467  !! fial - 466 ; 2
 468  !! fial - 463 ; 2
 468  !! fial - 461 ; 2
 468  !! fial - 467 ; 2
 469 476 477 478 471 470  ; tot---------------------------- 6
 469 470  !! fial - 463 ; 3
 469 474 473 480 475 476  ; tot---------------------------- 6
 470 471 472  !! fial - 465 ; 4
 470  !! fial - 463 ; 2
 470  !! fial - 469 ; 2
 471  !! fial - 470 ; 2
 471 478 479 480 473 472  ; tot---------------------------- 6
 471 472  !! fial - 465 ; 3
 472  !! fial - 465 ; 2
 472  !! fial - 471 ; 2
 472 473 474  !! fial - 467 ; 4
 473 480 475 476  !! fial - 469 ; 5
 473 474  !! fial - 467 ; 3
 473  !! fial - 472 ; 2
 474  !! fial - 469 ; 2
 474  !! fial - 467 ; 2
 474  !! fial - 473 ; 2
 475 482 483 484 477 476  ; tot---------------------------- 6
 475 476  !! fial - 469 ; 3
 475 480 479 486 481 482  ; tot---------------------------- 6
 476 477 478  !! fial - 471 ; 4
 476  !! fial - 469 ; 2
 476  !! fial - 475 ; 2
 477  !! fial - 476 ; 2
 477 484 485 486 479 478  ; tot---------------------------- 6
 477 478  !! fial - 471 ; 3
 478  !! fial - 471 ; 2
 478  !! fial - 477 ; 2
 478 479 480  !! fial - 473 ; 4
 479 486 481 482  !! fial - 475 ; 5
 479 480  !! fial - 473 ; 3
 479  !! fial - 478 ; 2
 480  !! fial - 475 ; 2
 480  !! fial - 473 ; 2
 480  !! fial - 479 ; 2
 481 488 489 490 483 482  ; tot---------------------------- 6
 481 482  !! fial - 475 ; 3
 481 486 485 492 487 488  ; tot---------------------------- 6
 482 483 484  !! fial - 477 ; 4
 482  !! fial - 475 ; 2
 482  !! fial - 481 ; 2
 483  !! fial - 482 ; 2
 483 490 491 492 485 484  ; tot---------------------------- 6
 483 484  !! fial - 477 ; 3
 484  !! fial - 477 ; 2
 484  !! fial - 483 ; 2
 484 485 486  !! fial - 479 ; 4
 485 492 487 488  !! fial - 481 ; 5
 485 486  !! fial - 479 ; 3
 485  !! fial - 484 ; 2
 486  !! fial - 481 ; 2
 486  !! fial - 479 ; 2
 486  !! fial - 485 ; 2
 487 494 495 496 489 488  ; tot---------------------------- 6
 487 488  !! fial - 481 ; 3
 487 492 491 498 493 494  ; tot---------------------------- 6
 488 489 490  !! fial - 483 ; 4
 488  !! fial - 481 ; 2
 488  !! fial - 487 ; 2
 489  !! fial - 488 ; 2
 489 496 497 498 491 490  ; tot---------------------------- 6
 489 490  !! fial - 483 ; 3
 490  !! fial - 483 ; 2
 490  !! fial - 489 ; 2
 490 491 492  !! fial - 485 ; 4
 491 498 493 494  !! fial - 487 ; 5
 491 492  !! fial - 485 ; 3
 491  !! fial - 490 ; 2
 492  !! fial - 487 ; 2
 492  !! fial - 485 ; 2
 492  !! fial - 491 ; 2
 493 500 501 502 495 494  ; tot---------------------------- 6
 493 494  !! fial - 487 ; 3
 493 498 497 504 499 500  ; tot---------------------------- 6
 494 495 496  !! fial - 489 ; 4
 494  !! fial - 487 ; 2
 494  !! fial - 493 ; 2
 495  !! fial - 494 ; 2
 495 502 503 504 497 496  ; tot---------------------------- 6
 495 496  !! fial - 489 ; 3
 496  !! fial - 489 ; 2
 496  !! fial - 495 ; 2
 496 497 498  !! fial - 491 ; 4
 497 504 499 500  !! fial - 493 ; 5
 497 498  !! fial - 491 ; 3
 497  !! fial - 496 ; 2
 498  !! fial - 493 ; 2
 498  !! fial - 491 ; 2
 498  !! fial - 497 ; 2
 499 506 507 508 501 500  ; tot---------------------------- 6
 499 500  !! fial - 493 ; 3
 499 504 503 510 505 506  ; tot---------------------------- 6
 500 501 502  !! fial - 495 ; 4
 500  !! fial - 493 ; 2
 500  !! fial - 499 ; 2
 501  !! fial - 500 ; 2
 501 508 509 510 503 502  ; tot---------------------------- 6
 501 502  !! fial - 495 ; 3
 502  !! fial - 495 ; 2
 502  !! fial - 501 ; 2
 502 503 504  !! fial - 497 ; 4
 503 510 505 506  !! fial - 499 ; 5
 503 504  !! fial - 497 ; 3
 503  !! fial - 502 ; 2
 504  !! fial - 499 ; 2
 504  !! fial - 497 ; 2
 504  !! fial - 503 ; 2
 505 512 513 514 507 506  ; tot---------------------------- 6
 505 506  !! fial - 499 ; 3
 505 510 509 516 511 512  ; tot---------------------------- 6
 506 507 508  !! fial - 501 ; 4
 506  !! fial - 499 ; 2
 506  !! fial - 505 ; 2
 507  !! fial - 506 ; 2
 507 514 515 516 509 508  ; tot---------------------------- 6
 507 508  !! fial - 501 ; 3
 508  !! fial - 501 ; 2
 508  !! fial - 507 ; 2
 508 509 510  !! fial - 503 ; 4
 509 516 511 512  !! fial - 505 ; 5
 509 510  !! fial - 503 ; 3
 509  !! fial - 508 ; 2
 510  !! fial - 505 ; 2
 510  !! fial - 503 ; 2
 510  !! fial - 509 ; 2
 511 518 519 520 513 512  ; tot---------------------------- 6
 511 512  !! fial - 505 ; 3
 511 516 515 522 517 518  ; tot---------------------------- 6
 512 513 514  !! fial - 507 ; 4
 512  !! fial - 505 ; 2
 512  !! fial - 511 ; 2
 513  !! fial - 512 ; 2
 513 520 521 522 515 514  ; tot---------------------------- 6
 513 514  !! fial - 507 ; 3
 514  !! fial - 507 ; 2
 514  !! fial - 513 ; 2
 514 515 516  !! fial - 509 ; 4
 515 522 517 518  !! fial - 511 ; 5
 515 516  !! fial - 509 ; 3
 515  !! fial - 514 ; 2
 516  !! fial - 511 ; 2
 516  !! fial - 509 ; 2
 516  !! fial - 515 ; 2
 517 524 525 526 519 518  ; tot---------------------------- 6
 517 518  !! fial - 511 ; 3
 517 522 521 528 523 524  ; tot---------------------------- 6
 518 519 520  !! fial - 513 ; 4
 518  !! fial - 511 ; 2
 518  !! fial - 517 ; 2
 519  !! fial - 518 ; 2
 519 526 527 528 521 520  ; tot---------------------------- 6
 519 520  !! fial - 513 ; 3
 520  !! fial - 513 ; 2
 520  !! fial - 519 ; 2
 520 521 522  !! fial - 515 ; 4
 521 528 523 524  !! fial - 517 ; 5
 521 522  !! fial - 515 ; 3
 521  !! fial - 520 ; 2
 522  !! fial - 517 ; 2
 522  !! fial - 515 ; 2
 522  !! fial - 521 ; 2
 523 530 531 532 525 524  ; tot---------------------------- 6
 523 524  !! fial - 517 ; 3
 523 528 527 534 529 530  ; tot---------------------------- 6
 524 525 526  !! fial - 519 ; 4
 524  !! fial - 517 ; 2
 524  !! fial - 523 ; 2
 525  !! fial - 524 ; 2
 525 532 533 534 527 526  ; tot---------------------------- 6
 525 526  !! fial - 519 ; 3
 526  !! fial - 519 ; 2
 526  !! fial - 525 ; 2
 526 527 528  !! fial - 521 ; 4
 527 534 529 530  !! fial - 523 ; 5
 527 528  !! fial - 521 ; 3
 527  !! fial - 526 ; 2
 528  !! fial - 523 ; 2
 528  !! fial - 521 ; 2
 528  !! fial - 527 ; 2
 529 536 537 538 531 530  ; tot---------------------------- 6
 529 530  !! fial - 523 ; 3
 529 534 533 540 535 536  ; tot---------------------------- 6
 530 531 532  !! fial - 525 ; 4
 530  !! fial - 523 ; 2
 530  !! fial - 529 ; 2
 531  !! fial - 530 ; 2
 531 538 539 540 533 532  ; tot---------------------------- 6
 531 532  !! fial - 525 ; 3
 532  !! fial - 525 ; 2
 532  !! fial - 531 ; 2
 532 533 534  !! fial - 527 ; 4
 533 540 535 536  !! fial - 529 ; 5
 533 534  !! fial - 527 ; 3
 533  !! fial - 532 ; 2
 534  !! fial - 529 ; 2
 534  !! fial - 527 ; 2
 534  !! fial - 533 ; 2
 535 542 543 544 537 536  ; tot---------------------------- 6
 535 536  !! fial - 529 ; 3
 535 540 539 546 541 542  ; tot---------------------------- 6
 536 537 538  !! fial - 531 ; 4
 536  !! fial - 529 ; 2
 536  !! fial - 535 ; 2
 537  !! fial - 536 ; 2
 537 544 545 546 539 538  ; tot---------------------------- 6
 537 538  !! fial - 531 ; 3
 538  !! fial - 531 ; 2
 538  !! fial - 537 ; 2
 538 539 540  !! fial - 533 ; 4
 539 546 541 542  !! fial - 535 ; 5
 539 540  !! fial - 533 ; 3
 539  !! fial - 538 ; 2
 540  !! fial - 535 ; 2
 540  !! fial - 533 ; 2
 540  !! fial - 539 ; 2
 541 548 549 550 543 542  ; tot---------------------------- 6
 541 542  !! fial - 535 ; 3
 541 546 545 552 547 548  ; tot---------------------------- 6
 542 543 544  !! fial - 537 ; 4
 542  !! fial - 535 ; 2
 542  !! fial - 541 ; 2
 543  !! fial - 542 ; 2
 543 550 551 552 545 544  ; tot---------------------------- 6
 543 544  !! fial - 537 ; 3
 544  !! fial - 537 ; 2
 544  !! fial - 543 ; 2
 544 545 546  !! fial - 539 ; 4
 545 552 547 548  !! fial - 541 ; 5
 545 546  !! fial - 539 ; 3
 545  !! fial - 544 ; 2
 546  !! fial - 541 ; 2
 546  !! fial - 539 ; 2
 546  !! fial - 545 ; 2
 547 554 555 556 549 548  ; tot---------------------------- 6
 547 548  !! fial - 541 ; 3
 547 552 551 558 553 554  ; tot---------------------------- 6
 548 549 550  !! fial - 543 ; 4
 548  !! fial - 541 ; 2
 548  !! fial - 547 ; 2
 549  !! fial - 548 ; 2
 549 556 557 558 551 550  ; tot---------------------------- 6
 549 550  !! fial - 543 ; 3
 550  !! fial - 543 ; 2
 550  !! fial - 549 ; 2
 550 551 552  !! fial - 545 ; 4
 551 558 553 554  !! fial - 547 ; 5
 551 552  !! fial - 545 ; 3
 551  !! fial - 550 ; 2
 552  !! fial - 547 ; 2
 552  !! fial - 545 ; 2
 552  !! fial - 551 ; 2
 553 560 561 562 555 554  ; tot---------------------------- 6
 553 554  !! fial - 547 ; 3
 553 558 557 564 559 560  ; tot---------------------------- 6
 554 555 556  !! fial - 549 ; 4
 554  !! fial - 547 ; 2
 554  !! fial - 553 ; 2
 555  !! fial - 554 ; 2
 555 562 563 564 557 556  ; tot---------------------------- 6
 555 556  !! fial - 549 ; 3
 556  !! fial - 549 ; 2
 556  !! fial - 555 ; 2
 556 557 558  !! fial - 551 ; 4
 557 564 559 560  !! fial - 553 ; 5
 557 558  !! fial - 551 ; 3
 557  !! fial - 556 ; 2
 558  !! fial - 553 ; 2
 558  !! fial - 551 ; 2
 558  !! fial - 557 ; 2
 559 566 567 568 561 560  ; tot---------------------------- 6
 559 560  !! fial - 553 ; 3
 559 564 563 570 565 566  ; tot---------------------------- 6
 560 561 562  !! fial - 555 ; 4
 560  !! fial - 553 ; 2
 560  !! fial - 559 ; 2
 561  !! fial - 560 ; 2
 561 568 569 570 563 562  ; tot---------------------------- 6
 561 562  !! fial - 555 ; 3
 562  !! fial - 555 ; 2
 562  !! fial - 561 ; 2
 562 563 564  !! fial - 557 ; 4
 563 570 565 566  !! fial - 559 ; 5
 563 564  !! fial - 557 ; 3
 563  !! fial - 562 ; 2
 564  !! fial - 559 ; 2
 564  !! fial - 557 ; 2
 564  !! fial - 563 ; 2
 565 572 573 574 567 566  ; tot---------------------------- 6
 565 566  !! fial - 559 ; 3
 565 570 569 576 571 572  ; tot---------------------------- 6
 566 567 568  !! fial - 561 ; 4
 566  !! fial - 559 ; 2
 566  !! fial - 565 ; 2
 567  !! fial - 566 ; 2
 567 574 575 576 569 568  ; tot---------------------------- 6
 567 568  !! fial - 561 ; 3
 568  !! fial - 561 ; 2
 568  !! fial - 567 ; 2
 568 569 570  !! fial - 563 ; 4
 569 576 571 572  !! fial - 565 ; 5
 569 570  !! fial - 563 ; 3
 569  !! fial - 568 ; 2
 570  !! fial - 565 ; 2
 570  !! fial - 563 ; 2
 570  !! fial - 569 ; 2
 571 578 579 580 573 572  ; tot---------------------------- 6
 571 572  !! fial - 565 ; 3
 571 576 575 582 577 578  ; tot---------------------------- 6
 572 573 574  !! fial - 567 ; 4
 572  !! fial - 565 ; 2
 572  !! fial - 571 ; 2
 573  !! fial - 572 ; 2
 573 580 581 582 575 574  ; tot---------------------------- 6
 573 574  !! fial - 567 ; 3
 574  !! fial - 567 ; 2
 574  !! fial - 573 ; 2
 574 575 576  !! fial - 569 ; 4
 575 582 577 578  !! fial - 571 ; 5
 575 576  !! fial - 569 ; 3
 575  !! fial - 574 ; 2
 576  !! fial - 571 ; 2
 576  !! fial - 569 ; 2
 576  !! fial - 575 ; 2
 577 584 585 586 579 578  ; tot---------------------------- 6
 577 578  !! fial - 571 ; 3
 577 582 581 588 583 584  ; tot---------------------------- 6
 578 579 580  !! fial - 573 ; 4
 578  !! fial - 571 ; 2
 578  !! fial - 577 ; 2
 579  !! fial - 578 ; 2
 579 586 587 588 581 580  ; tot---------------------------- 6
 579 580  !! fial - 573 ; 3
 580  !! fial - 573 ; 2
 580  !! fial - 579 ; 2
 580 581 582  !! fial - 575 ; 4
 581 588 583 584  !! fial - 577 ; 5
 581 582  !! fial - 575 ; 3
 581  !! fial - 580 ; 2
 582  !! fial - 577 ; 2
 582  !! fial - 575 ; 2
 582  !! fial - 581 ; 2
 583 590 591 592 585 584  ; tot---------------------------- 6
 583 584  !! fial - 577 ; 3
 583 588 587 594 589 590  ; tot---------------------------- 6
 584 585 586  !! fial - 579 ; 4
 584  !! fial - 577 ; 2
 584  !! fial - 583 ; 2
 585  !! fial - 584 ; 2
 585 592 593 594 587 586  ; tot---------------------------- 6
 585 586  !! fial - 579 ; 3
 586  !! fial - 579 ; 2
 586  !! fial - 585 ; 2
 586 587 588  !! fial - 581 ; 4
 587 594 589 590  !! fial - 583 ; 5
 587 588  !! fial - 581 ; 3
 587  !! fial - 586 ; 2
 588  !! fial - 583 ; 2
 588  !! fial - 581 ; 2
 588  !! fial - 587 ; 2
 589 596 597 598 591 590  ; tot---------------------------- 6
 589 590  !! fial - 583 ; 3
 589 594 593 600 595 596  ; tot---------------------------- 6
 590 591 592  !! fial - 585 ; 4
 590  !! fial - 583 ; 2
 590  !! fial - 589 ; 2
 591  !! fial - 590 ; 2
 591 598 599 600 593 592  ; tot---------------------------- 6
 591 592  !! fial - 585 ; 3
 592  !! fial - 585 ; 2
 592  !! fial - 591 ; 2
 592 593 594  !! fial - 587 ; 4
 593 600 595 596  !! fial - 589 ; 5
 593 594  !! fial - 587 ; 3
 593  !! fial - 592 ; 2
 594  !! fial - 589 ; 2
 594  !! fial - 587 ; 2
 594  !! fial - 593 ; 2
 595 596  !! fial - 589 ; 3
 595 600 599 598 597 596  ; tot---------------------------- 6
 596 597 598  !! fial - 591 ; 4
 596  !! fial - 589 ; 2
 596  !! fial - 595 ; 2
 597  !! fial - 596 ; 2
 597 598  !! fial - 591 ; 3
 598  !! fial - 591 ; 2
 598  !! fial - 597 ; 2
 598 599 600  !! fial - 593 ; 4
 599 600  !! fial - 593 ; 3
 599  !! fial - 598 ; 2
 600  !! fial - 595 ; 2
 600  !! fial - 593 ; 2
 600  !! fial - 599 ; 2
299
