200
0 0 149 30000
0 0 30000 149
29851 0 30000 29702
298 29553 30000 29702
298 298 447 29702
298 298 29702 447
29553 298 29702 29404
596 29255 29702 29404
596 596 745 29404
596 596 29404 745
29255 596 29404 29106
894 28957 29404 29106
894 894 1043 29106
894 894 29106 1043
28957 894 29106 28808
1192 28659 29106 28808
1192 1192 1341 28808
1192 1192 28808 1341
28659 1192 28808 28510
1490 28361 28808 28510
1490 1490 1639 28510
1490 1490 28510 1639
28361 1490 28510 28212
1788 28063 28510 28212
1788 1788 1937 28212
1788 1788 28212 1937
28063 1788 28212 27914
2086 27765 28212 27914
2086 2086 2235 27914
2086 2086 27914 2235
27765 2086 27914 27616
2384 27467 27914 27616
2384 2384 2533 27616
2384 2384 27616 2533
27467 2384 27616 27318
2682 27169 27616 27318
2682 2682 2831 27318
2682 2682 27318 2831
27169 2682 27318 27020
2980 26871 27318 27020
2980 2980 3129 27020
2980 2980 27020 3129
26871 2980 27020 26722
3278 26573 27020 26722
3278 3278 3427 26722
3278 3278 26722 3427
26573 3278 26722 26424
3576 26275 26722 26424
3576 3576 3725 26424
3576 3576 26424 3725
26275 3576 26424 26126
3874 25977 26424 26126
3874 3874 4023 26126
3874 3874 26126 4023
25977 3874 26126 25828
4172 25679 26126 25828
4172 4172 4321 25828
4172 4172 25828 4321
25679 4172 25828 25530
4470 25381 25828 25530
4470 4470 4619 25530
4470 4470 25530 4619
25381 4470 25530 25232
4768 25083 25530 25232
4768 4768 4917 25232
4768 4768 25232 4917
25083 4768 25232 24934
5066 24785 25232 24934
5066 5066 5215 24934
5066 5066 24934 5215
24785 5066 24934 24636
5364 24487 24934 24636
5364 5364 5513 24636
5364 5364 24636 5513
24487 5364 24636 24338
5662 24189 24636 24338
5662 5662 5811 24338
5662 5662 24338 5811
24189 5662 24338 24040
5960 23891 24338 24040
5960 5960 6109 24040
5960 5960 24040 6109
23891 5960 24040 23742
6258 23593 24040 23742
6258 6258 6407 23742
6258 6258 23742 6407
23593 6258 23742 23444
6556 23295 23742 23444
6556 6556 6705 23444
6556 6556 23444 6705
23295 6556 23444 23146
6854 22997 23444 23146
6854 6854 7003 23146
6854 6854 23146 7003
22997 6854 23146 22848
7152 22699 23146 22848
7152 7152 7301 22848
7152 7152 22848 7301
22699 7152 22848 22550
7450 22401 22848 22550
7450 7450 7599 22550
7450 7450 22550 7599
22401 7450 22550 22252
7748 22103 22550 22252
7748 7748 7897 22252
7748 7748 22252 7897
22103 7748 22252 21954
8046 21805 22252 21954
8046 8046 8195 21954
8046 8046 21954 8195
21805 8046 21954 21656
8344 21507 21954 21656
8344 8344 8493 21656
8344 8344 21656 8493
21507 8344 21656 21358
8642 21209 21656 21358
8642 8642 8791 21358
8642 8642 21358 8791
21209 8642 21358 21060
8940 20911 21358 21060
8940 8940 9089 21060
8940 8940 21060 9089
20911 8940 21060 20762
9238 20613 21060 20762
9238 9238 9387 20762
9238 9238 20762 9387
20613 9238 20762 20464
9536 20315 20762 20464
9536 9536 9685 20464
9536 9536 20464 9685
20315 9536 20464 20166
9834 20017 20464 20166
9834 9834 9983 20166
9834 9834 20166 9983
20017 9834 20166 19868
10132 19719 20166 19868
10132 10132 10281 19868
10132 10132 19868 10281
19719 10132 19868 19570
10430 19421 19868 19570
10430 10430 10579 19570
10430 10430 19570 10579
19421 10430 19570 19272
10728 19123 19570 19272
10728 10728 10877 19272
10728 10728 19272 10877
19123 10728 19272 18974
11026 18825 19272 18974
11026 11026 11175 18974
11026 11026 18974 11175
18825 11026 18974 18676
11324 18527 18974 18676
11324 11324 11473 18676
11324 11324 18676 11473
18527 11324 18676 18378
11622 18229 18676 18378
11622 11622 11771 18378
11622 11622 18378 11771
18229 11622 18378 18080
11920 17931 18378 18080
11920 11920 12069 18080
11920 11920 18080 12069
17931 11920 18080 17782
12218 17633 18080 17782
12218 12218 12367 17782
12218 12218 17782 12367
17633 12218 17782 17484
12516 17335 17782 17484
12516 12516 12665 17484
12516 12516 17484 12665
17335 12516 17484 17186
12814 17037 17484 17186
12814 12814 12963 17186
12814 12814 17186 12963
17037 12814 17186 16888
13112 16739 17186 16888
13112 13112 13261 16888
13112 13112 16888 13261
16739 13112 16888 16590
13410 16441 16888 16590
13410 13410 13559 16590
13410 13410 16590 13559
16441 13410 16590 16292
13708 16143 16590 16292
13708 13708 13857 16292
13708 13708 16292 13857
16143 13708 16292 15994
14006 15845 16292 15994
14006 14006 14155 15994
14006 14006 15994 14155
15845 14006 15994 15696
14304 15547 15994 15696
14304 14304 14453 15696
14304 14304 15696 14453
15547 14304 15696 15398
14602 15249 15696 15398
14602 14602 14751 15398
14602 14602 15398 14751
15249 14602 15398 15100
14900 14951 15398 15100
