1000
0 1 30000 2
1 0 2 30000
29136 394 29538 1972
9150 16837 11526 28165
2235 13997 10165 20529
4698 7220 20938 14953
24432 9801 24936 27763
2366 19425 20525 29851
6712 12685 6959 15872
4667 19561 23643 24269
3805 17053 9309 24835
8042 7141 8925 26694
2417 17818 2658 18372
10595 15331 16197 20924
1336 25201 7801 26559
604 29347 18202 29482
5516 18203 8917 19636
21224 24723 21994 26786
21423 1414 29283 26813
5943 22501 12168 25035
7814 22977 21632 27129
12517 16511 29086 24468
14004 25984 15811 27579
20545 16979 28380 23109
20692 17858 29557 17898
21399 10214 24005 28086
17852 4513 23798 24643
12080 12151 22722 21169
7736 23765 28564 25041
16481 21737 27503 26405
20741 16386 27369 20366
25774 25315 26179 25892
10821 3964 22860 6524
3788 16644 26250 27011
3126 14660 29591 16717
196 5479 19734 14752
3965 3042 16407 12727
25041 13924 26353 26802
17500 7248 25943 24018
16597 11231 29221 21091
20099 28074 23719 29478
12621 19145 13453 27871
20574 29966 25717 29972
7796 8459 23451 19637
7824 12815 24758 13046
18725 18067 24309 25537
2810 8608 9050 20586
19947 7987 23501 11160
2785 9890 28278 11213
12319 8847 25631 18425
20949 11122 25555 14316
16356 2360 25277 17418
2444 10373 19396 26942
201 25807 29551 27666
12003 9283 22164 14227
12133 6780 24532 16399
29450 4937 29671 24926
22434 12106 29466 20216
7020 1801 28373 3086
1007 12350 28010 17602
10139 23623 23240 26954
17312 22967 25666 29224
13831 5309 15099 7432
6557 5497 26211 6958
1781 28749 22933 28902
8644 20103 12878 24979
15130 14550 27634 23786
24733 3845 25099 11647
15779 7470 24577 24736
17569 15287 22094 26869
28358 14113 28458 24562
796 18322 2400 19417
20648 24606 21909 24966
25012 15275 26986 23372
3741 15639 21257 18622
12076 10051 26377 16711
2651 21572 16865 29342
5323 18042 9158 29370
28078 15877 28424 20574
6287 24328 21729 25788
8294 11285 17703 24338
29401 21604 29751 24708
10795 3212 16898 21088
5600 722 10116 9531
13274 4616 14062 5405
9853 4311 10978 13726
13485 7822 26095 18317
2526 25293 26697 26013
19668 22302 21076 22696
29226 5407 29738 28527
12329 20917 19085 21667
11174 13150 14918 19122
25371 28935 29444 29809
18486 20940 21040 21363
3063 2323 11828 2809
28274 15286 29584 22119
12183 28911 12205 28962
14854 9260 17042 10763
4077 4322 22665 13977
4400 168 20614 15436
19803 1591 26756 8798
16102 15684 24760 27596
19153 15534 27202 18452
8617 883 14173 23320
22842 13089 25089 16732
3214 630 12756 6184
16099 22169 26194 25255
21999 25525 22059 27299
2856 7121 17207 17022
12870 11095 14952 26227
21261 8116 29196 16401
21323 1119 27799 26460
17576 13226 17915 26880
12484 21621 24433 29199
16570 25781 24223 28419
25938 28976 29277 29811
16854 15384 18080 29826
21899 5414 26371 27446
3074 5449 7878 21663
21717 24199 22226 29218
15076 19088 21114 29425
29300 6104 29791 8828
22139 23615 23074 26080
3336 18617 12999 25992
10694 22231 22985 24307
19090 6251 23166 26903
18957 12385 23549 22035
27394 23353 28917 27069
6101 12896 22363 29767
8443 21342 9306 27879
21203 2145 21771 2565
13204 16487 27715 29491
4788 18026 23054 20111
25254 13348 25866 15421
8282 18780 14661 25336
13111 13107 26453 15189
20366 26939 26760 29096
11114 14555 13822 23530
20221 11856 24624 26812
6847 22743 17944 26284
11059 16339 18452 20910
11722 26038 19585 27608
26865 10575 28440 21148
23388 10506 26666 11856
24701 15920 29187 26767
2672 18645 13910 29775
15789 18445 21782 18669
11201 403 25877 1534
26978 8621 27773 16174
11759 1411 12940 25540
12127 28935 17917 29545
15462 21719 16402 28411
22671 6193 29468 20566
12085 3463 13106 6362
13482 28557 23314 29028
15229 27750 23504 29951
24561 22254 28575 25594
22672 13225 23020 14881
23430 15502 24546 29388
17020 3680 17839 5520
24569 17005 26448 27716
8604 26174 11779 27350
21919 21750 27838 28790
25978 3488 27705 3566
25878 8681 28260 26254
22608 24651 29568 25443
3214 7541 8883 27792
15907 12313 19724 25267
25379 20582 26642 24879
2047 1040 5518 27482
23780 1162 23890 17482
11130 6240 17260 16515
25499 14855 27478 24444
14440 21781 27249 24638
4440 1508 23601 3954
407 13632 22991 22141
20201 19231 23181 24439
10522 9037 22952 17680
7809 25706 20674 29859
5208 6127 8468 21785
27192 28520 28195 28886
22329 28232 27600 29906
13012 15933 28462 20237
20887 17193 27261 27126
7266 9286 26795 21558
8653 7420 23998 21476
26096 6255 26951 25713
28357 4439 29622 9008
2909 17530 9432 21633
27099 15470 28359 21136
6348 14653 23067 28214
19303 22477 22418 26563
18795 20365 21380 23375
5823 24469 24322 25165
5478 19049 14880 28545
16777 27205 18548 29175
6971 21085 21218 21110
470 7176 25782 18120
24795 8929 27558 23686
13700 24521 15627 27811
2130 25635 11234 28286
14614 2362 23542 5703
23278 23518 29001 28018
15955 20836 21921 28827
6098 28249 19770 28994
19094 7370 27583 18188
13099 462 25811 24668
7746 8206 20347 22218
23634 5800 28027 24664
17648 17534 24461 17816
1643 15682 27917 20634
18922 23203 28401 27216
11116 8044 25613 27325
21699 6540 26149 7791
19314 10687 27275 11355
12098 5880 29421 18684
8575 25304 12669 25955
1556 27246 11211 27617
22801 4244 24120 26393
8465 20234 18245 23615
10902 8192 28830 11626
26840 15553 27713 20490
8953 13660 21634 21955
11361 15112 22484 29217
18585 8816 20663 16801
21947 26315 29786 28290
23675 21177 28154 24240
25018 14642 28830 23030
19735 24744 22434 27328
25614 10271 25878 21394
18930 1291 21742 9148
2531 13465 28063 23113
15747 25429 23207 29855
29963 6760 29987 24311
3911 26887 20859 29416
1672 239 28120 301
10768 7259 27167 25306
16933 18054 17782 24285
14801 1270 23023 6904
10415 6409 27448 25014
16263 1825 21973 28352
18198 11082 29510 24446
12518 28392 12932 28681
16096 21738 28862 27162
16866 17620 23654 27241
17817 24054 26648 26603
29806 3863 29993 11631
27833 12691 28545 21216
4875 14701 16304 29327
15787 25683 24548 29951
25725 9214 27307 29565
29619 26614 29680 28406
9622 2368 27383 6952
272 29009 28358 29881
5687 5557 14584 12376
15340 2291 24288 3532
18995 7415 28406 16939
4711 26652 23535 28992
4522 370 23476 28186
13125 12229 29135 17177
19432 27673 22521 29829
23041 21628 25922 27502
22357 11257 28878 13015
12728 23862 25947 24953
20077 9265 21484 21432
22063 10590 23338 10774
4583 19222 26854 28611
21119 19213 27975 24936
16724 16082 18355 28945
16378 22946 23947 24921
11623 6696 24787 12838
389 10777 15343 19889
22538 19446 29034 22812
17042 22525 18715 28917
29397 28856 29666 28904
20685 5798 25334 28910
24506 4840 26823 6920
12299 18750 14254 27851
26990 11798 29976 18838
25246 19242 27469 19961
26096 3019 29199 14082
19349 21544 25835 26131
1423 23591 18914 24081
3335 15281 25734 16258
3849 23563 7922 29729
22434 8555 23978 27503
29271 20376 29821 25657
13712 24089 21428 26392
17555 8650 23201 18754
20859 5344 24137 28408
4729 6810 26461 27907
20978 16670 21221 25156
14908 25579 18717 28171
13757 22872 20035 27114
16175 24413 17959 28089
28562 7593 28588 29516
19319 14563 24957 17791
16953 10161 17159 28531
4546 15456 19166 18398
28076 23752 29035 24933
7452 13617 7674 29080
19313 8280 19719 23838
7495 19632 15126 20782
28831 11871 29017 17908
29868 2805 29961 15480
10141 11339 16398 12857
9507 16916 22638 19230
23652 10849 29860 17825
2134 19590 26207 29318
16836 21162 29203 22527
2656 28579 21990 29100
9058 15634 19244 20282
25246 16736 26642 25926
17820 25829 20696 26610
14800 13546 21654 16628
8511 10161 22324 27599
19128 10276 27120 13182
16624 25490 28347 26531
6966 10733 16997 14850
75 13517 26218 29847
6387 10613 27466 13413
22653 21930 27210 29222
11547 19296 29972 29249
24147 13081 27411 24707
20628 3868 27237 24141
2134 17121 25186 21907
23789 16114 24532 16959
20877 23498 23766 28040
3143 8920 26809 22509
18327 21044 25493 22684
24127 20150 27741 28069
22020 4577 23186 8196
24849 10870 27461 13256
24667 6062 26793 23550
25852 551 28424 14131
8138 20502 27244 29725
209 988 25654 28090
14302 15481 14794 21880
10049 9108 24969 16232
28205 7401 29797 29709
7637 17397 25458 26886
15208 27865 18765 29569
10433 10738 24997 24397
29862 1580 29990 23906
22577 26671 25282 28202
27506 4751 29602 12118
10929 9992 13073 28432
3415 16592 4588 17519
11400 6680 16283 27379
25152 19623 28731 21105
21622 24450 25157 28800
11435 18017 16021 23163
1288 22586 20456 29414
5880 29547 19286 29727
12614 4343 20576 10095
20677 16091 21554 27822
17105 17847 20381 21885
20626 22293 22334 29399
24514 17510 28478 21928
8751 12740 23365 15682
3532 27256 28648 28898
2733 21591 4982 28281
14608 19176 23231 19934
21545 20515 24918 27143
20432 2724 29758 28738
8690 22087 16247 23603
28551 26849 28985 29866
29156 5514 29448 10034
8527 1690 24979 27973
22424 7779 29327 24180
12871 12914 20070 20720
12812 3596 28476 14993
11296 26126 15674 28749
12469 28894 27944 29415
21700 20620 28270 21097
10620 9162 16326 22842
25664 24607 25674 25886
22101 28980 28008 29088
53 743 2190 15489
26381 14090 28594 14175
406 4957 23812 23793
21939 4055 24690 27653
7646 8361 17343 28882
13888 1444 23199 13665
21384 7781 24038 22718
4551 14908 19934 26133
28428 20389 28854 21545
1057 4052 10908 10795
16387 16456 21185 20626
17015 16093 20478 19973
26285 9401 26883 16821
22153 19661 29522 26116
22665 9810 29523 16566
21173 176 23115 12336
21634 3473 24733 26700
11517 11274 24011 20482
19819 842 21521 14976
28930 5462 29495 28174
3137 7060 11526 18351
4915 11439 14237 14476
13996 4867 19679 26152
7494 15224 25215 19120
9997 29474 21856 29534
16963 23763 23506 24108
26027 22237 27321 23145
24848 22939 28100 29331
29710 26419 29765 26742
9298 16801 28616 20956
11352 29030 27953 29250
15048 25643 27221 28587
1893 29134 20977 29661
28772 6067 29210 10433
11981 10485 24915 14876
14778 28966 26116 29669
29590 9762 29866 23938
276 27969 16175 29806
18871 19697 25356 20879
14548 21333 26382 28229
24187 16690 28999 24218
7290 3841 25375 26248
11605 12571 18104 25933
17668 19221 17684 23095
907 29745 20255 29941
12900 6516 24992 7105
29952 9558 29986 23249
26839 6128 27792 25227
29507 17049 29590 29162
17624 21044 28422 27072
967 20976 19292 21966
28589 23594 29519 26842
29539 22517 29783 23378
29809 1845 29986 9993
8904 5972 20349 14799
1544 29073 3583 29845
25805 11510 28649 27291
13290 1942 27397 22014
17589 25217 20305 25259
10800 23182 12182 28524
7940 9060 26228 25905
24849 18260 25062 21431
6711 4885 25201 24311
6695 18598 20492 19423
25284 10495 28492 21745
6611 13854 22415 17447
16327 23381 19045 24009
27067 448 28528 20023
11034 10713 17791 27018
22610 28848 29761 29034
3640 20995 12971 24794
15684 1370 22423 19954
1418 916 16749 26656
21111 2549 26253 19451
29215 12673 29758 17894
3848 17230 17988 17675
8983 23900 12597 29290
3927 6441 4088 20164
25172 17459 26243 27632
5399 19437 5752 19530
15654 26062 23032 26998
8932 23197 25598 25970
20954 24300 25276 26806
22861 12737 24303 14852
12195 26420 23393 29799
20705 25969 28155 28885
1212 21377 15809 22716
16577 18178 25274 20229
9067 24458 16614 25629
29885 13835 29928 28552
0 10584 16800 26090
4311 16583 27955 30000
8837 17045 24198 22520
12072 10683 16383 24712
0 8625 28318 23708
1753 2109 3957 5760
5956 14341 15514 28489
23390 759 29586 4677
10461 22737 14092 28883
15142 22046 18044 26634
21514 7802 23613 29981
18248 1599 21702 3922
14448 11286 20958 27525
22923 27125 29610 28865
4522 12105 13155 24292
22254 15510 23850 24446
8909 20700 25707 27936
18611 14087 19367 14508
4446 13529 29078 14409
21946 16927 23570 26875
15049 21835 28662 26211
27755 12453 28927 26822
5774 416 14879 3205
2390 23032 14445 27517
7614 359 13231 24558
2386 1360 25671 14489
29968 25253 29969 25864
27438 16503 29115 24525
27357 15068 29931 28469
651 24760 3386 28353
16349 23649 16546 28544
5311 6755 11198 20760
10129 16314 13096 25417
2109 23535 6403 28790
19425 3227 25655 8934
15375 25037 23997 28619
26972 11718 28857 16732
848 1131 27000 12432
14379 28851 17955 29105
22766 26074 24955 28203
15288 15065 27207 22433
9330 11844 17399 22612
2151 2972 6612 29456
18409 9732 21824 16682
7837 963 26244 15509
11221 14168 17182 22575
20945 10680 29849 16544
6619 15335 28454 23625
23795 29549 27110 29974
436 10358 28549 15264
17393 3971 26342 25372
25842 2793 27124 8091
535 24885 10855 25944
9648 20075 21107 29174
13585 18589 15058 25034
19797 29975 20957 29989
19469 23018 23298 28704
5489 16866 22532 25611
1588 8565 20713 22169
4864 22384 28304 25691
27661 21773 28252 21910
13883 26296 27435 27491
12873 4874 28832 28054
16829 17675 25653 23161
26207 5938 26640 10692
16007 2701 19296 2940
26519 20246 28877 20259
20336 22404 21175 29866
16499 19334 29419 21002
2726 10906 11082 15986
7620 23833 16142 27476
8480 4526 24897 25944
12439 29775 28599 29989
4649 20817 18838 25974
19097 5020 27422 5593
21143 2265 24374 29407
29692 12355 29923 22876
16347 16174 23109 23296
6749 20436 27915 29673
23041 11184 26518 12120
26882 16378 29265 26333
12766 17994 22596 22266
16364 25643 22134 25775
20660 16459 27723 25214
26848 23917 28492 27410
27034 10975 27578 13714
4376 18194 23963 23097
24990 2850 27372 8224
25892 5472 26880 28515
21916 14953 22496 17196
17999 18273 19825 28656
18251 1153 19109 25389
9280 18147 19067 25682
29329 9909 29626 20361
26203 192 29602 17068
6485 24329 7307 26116
431 17578 22549 19438
4143 3779 21692 19911
3662 15056 12405 26535
9110 304 29567 14869
4941 11687 24554 12626
1434 18914 16146 23954
14206 279 21764 3691
22310 17433 27845 18034
6905 18010 11726 28258
22117 7749 26757 23280
9457 25095 9989 26776
26577 20130 28773 28470
24163 20088 26031 29343
28870 8332 29260 26428
2625 13522 7443 27622
13522 10049 26257 14678
21099 29231 26116 29748
4923 14041 6155 25384
26435 12982 28559 29383
24892 27276 26959 29305
19366 24719 22023 28248
5100 1057 22264 1084
23068 27252 23420 28982
21807 9705 22472 22215
18855 22489 22722 28883
5949 28979 21911 29909
24425 19991 27266 21930
26077 29714 26687 29943
4600 9118 25311 21835
1690 27575 14855 28415
15985 11718 23006 27364
25205 9364 27528 15306
1424 2932 27317 6412
177 5931 880 26045
15486 24686 28878 24748
26012 18062 28206 26666
3433 21493 11425 27520
29680 25083 29738 25773
5230 14012 5418 14098
1864 4262 29387 4920
1220 1413 1779 28275
24708 12556 29867 17811
18944 25145 23221 28138
25818 23229 27692 29409
14354 23499 23423 25469
20688 10957 24364 22328
28751 12613 29926 16123
13617 26153 29033 29506
6115 22507 27457 23701
9104 17655 19816 26109
13006 1257 20965 6774
13961 23384 22316 25923
27601 12543 29495 19068
2462 15597 24598 25641
2953 23726 13064 25868
2691 21240 18349 25788
27836 23915 28801 29603
6822 27300 9554 28909
10021 9882 13871 11739
22062 3304 29032 15271
16188 18179 20517 26389
2954 19582 28862 20700
28544 1419 28668 27058
9782 11377 22297 16792
1409 27189 3911 27863
15962 26598 23204 28205
6994 27659 28308 27951
28097 4782 29201 23540
7573 3674 13367 6516
12749 24268 22750 28312
28337 21030 28429 21407
6681 28760 13088 28917
20860 12805 26110 27151
18549 18708 22276 25244
28341 6226 29959 10144
12987 24615 28747 28261
23275 5594 28473 27105
5709 15511 19515 21210
23261 16037 25564 16875
21757 21019 25330 24729
20527 22650 29455 29643
4252 7313 29368 11780
11351 27470 25717 28354
11195 22879 21599 27483
12037 4253 14655 13947
28244 17169 28394 23802
24253 15472 27164 28033
26330 9592 29559 12055
7982 20077 10082 23152
3830 25455 19666 25542
28335 1024 29867 14387
7194 21880 19257 21903
7781 10425 16069 27899
2625 17006 22622 22172
17801 27210 23851 27894
18844 28754 24829 29986
24286 23511 24475 27034
24921 2360 26098 12897
18126 10860 18855 26978
11186 4818 18859 17782
10203 13628 10342 22679
3553 25092 21195 28677
22976 20871 26103 27316
17831 23109 19678 24219
20555 28090 21526 28103
28072 27584 28326 28372
8051 28498 10466 28592
22410 11683 29811 23638
5140 2075 21859 3865
20068 502 28454 24535
4431 297 22639 23262
13303 26335 14170 28763
23224 15347 26264 28740
10596 5459 22893 29702
3776 7269 7569 15398
28492 5035 29300 19171
4693 536 10728 29894
21181 29498 22131 29966
27767 8296 28283 29870
3028 7933 18147 19132
16885 1203 29347 18490
2707 2574 24606 6803
3960 8692 28445 18043
19889 25567 26113 26225
15422 1675 21240 10031
27450 23326 29653 24421
19331 15204 19466 27610
7213 23411 22904 24679
9929 22136 21405 26322
17341 9811 20930 25530
16021 25316 27714 26455
24005 27555 29094 28126
5016 23014 11498 26959
23684 24195 26743 28093
4093 11068 8810 20031
462 22329 16271 28076
21273 19259 26032 24057
27116 2905 29190 8776
27706 20389 28803 21463
21845 15100 28499 26870
19185 16409 27877 29672
11101 23949 25618 25287
22036 15217 22272 25381
20590 22679 27479 23293
20245 29659 26830 29940
22163 18472 29792 27435
24410 15268 27065 17461
22344 9528 24082 19535
5977 8660 22196 17899
13577 14020 24591 15892
2397 3150 2565 15680
26217 7338 28706 8891
9743 28303 22050 28923
27247 3935 28382 17868
11975 17794 23238 22535
29390 21281 29542 28375
1194 1544 27778 6868
25578 13736 26767 17217
7022 10614 7606 16690
4896 12582 17012 15124
18594 56 26775 21224
19131 9989 19399 12604
22631 26846 27282 29395
8843 27351 14613 28020
5031 14289 23238 24435
20010 21788 27145 27241
14270 9142 29884 28137
14043 1588 14713 10623
4468 25192 28706 27939
1623 20637 6786 25810
13242 5038 29982 10626
10531 19218 16854 28744
12688 23041 29841 26818
2650 2815 10995 10126
1030 14733 8045 26876
21661 17253 24915 22251
2932 11560 21173 11804
25381 21646 28681 28269
3932 10828 15741 27814
3382 225 4076 20468
10757 28308 14008 28425
8769 22183 23526 22716
22237 7473 23984 11492
12404 1104 29695 14534
29474 22429 29661 29026
27995 24730 29020 28879
9407 608 29026 20562
14403 15713 19655 18481
29337 10138 29626 11139
13168 14346 20491 23345
23234 10412 23908 28407
19969 20959 28715 23963
24037 28578 25611 29294
15237 6789 27111 22632
2307 17178 8044 21570
24613 20948 25179 23577
25744 11903 27178 18445
10984 13785 28164 14807
26605 28361 27453 29818
27211 4617 28677 14471
26168 12504 26221 23611
2588 4875 27295 22194
23597 10290 25669 15035
14772 18670 25794 27158
10446 11842 27180 13032
11759 23574 29323 26263
16373 21199 17618 25833
10278 6201 11074 26268
21661 20560 24049 29403
12678 12572 16146 29104
29931 10259 29935 29594
11896 17713 14184 25889
9247 25533 18714 27536
2679 13737 12711 17960
4477 24388 19625 25500
8064 13828 14954 21934
16502 18912 21592 18947
23416 1512 29529 26643
11608 10033 18388 26837
3810 10245 26339 29391
28973 13207 29892 17988
6232 2190 13070 9367
17493 18765 18391 26374
23333 21946 23470 26712
3036 28498 6100 29097
27480 21307 28909 27064
268 14620 7539 20694
10702 14017 26051 25883
8210 6672 19249 16263
7174 16892 12344 27459
22934 23840 25347 25073
22533 5611 29058 20593
18052 12174 19366 25684
17017 2709 20436 6707
2508 29378 16637 29389
285 28074 22614 28473
12290 14616 22119 28844
3682 22296 4293 29269
24709 28686 27390 28927
27936 17493 29377 17739
22898 29623 29683 29806
28495 20074 29884 21036
11784 6988 13686 11491
21651 5994 25730 18117
15211 25720 27564 28839
18336 18134 22817 25368
10346 29299 10348 29475
3046 22502 12762 23413
1708 25030 8225 25373
24392 19509 25350 29064
17377 28513 26898 28783
11034 1553 29981 12288
15565 10601 16762 13837
4602 23621 21854 29135
16649 7025 28543 27986
24876 27816 25645 27994
29427 16756 29639 26410
8885 27346 13108 29098
5528 325 9264 8039
16814 10304 27980 19584
26638 8589 27927 26299
29613 20585 29848 21765
12477 183 15931 28136
24573 14939 27128 27826
23569 12074 29315 25495
5272 2357 19620 24895
9487 3295 16390 9407
9221 13 28270 21886
3189 11772 7785 24147
599 8810 4129 20208
20291 11548 24677 11858
2243 21647 24102 25109
6355 22675 25619 28878
13565 17330 19234 26853
4097 6200 9073 29225
24621 20607 27052 21180
16533 265 20315 16557
15673 14939 24089 16097
25454 27661 28117 28932
23046 17897 24344 27554
21814 25040 28934 25966
28756 16881 29695 29069
2869 14551 15536 17370
19706 21182 23687 21715
5968 22166 7670 28995
19776 1469 24395 4042
21335 29457 26356 29577
21932 1397 26058 24177
28941 4424 29439 23860
17706 2541 20581 23367
21575 6453 28540 25514
7530 14687 20504 21057
27679 6472 29542 17981
17871 20528 26204 25462
11565 14949 15827 25717
2038 3641 23945 11710
24386 2021 27972 3306
11497 10740 29270 27704
22722 21246 27803 25968
6068 17360 8464 20935
23721 24351 29522 29128
2208 7575 20079 13257
2765 8844 25776 12371
21755 6399 27404 27778
13774 16232 17478 25058
22111 4342 27851 5360
2166 12558 17455 27670
12933 29602 25064 29681
22962 21931 25696 24295
22240 8843 26934 19114
29873 22433 29956 25385
8827 24553 11045 28952
11653 19340 25109 24974
12612 9341 27296 28128
14426 8030 18329 18310
4414 377 26505 25404
2808 10598 4453 18357
27746 28463 28765 29675
21788 11969 21885 22824
27526 14452 28456 25582
12785 1561 17768 23478
3811 24875 10645 27559
7484 24768 14027 25710
4800 18469 25123 27143
18196 12918 27305 19802
19330 14693 21290 16607
16910 25494 17841 26120
73 29605 17925 29749
17444 16862 29024 22276
28181 25516 29422 25542
25592 18126 27430 26059
4475 2302 26512 16331
6835 898 9542 25972
25778 11456 29319 28699
28590 11042 28818 14112
27102 7805 28161 25598
17722 12343 18724 24521
20981 24382 26165 25205
22588 29243 28856 29934
29742 29518 29941 29986
6725 6163 18710 23478
4098 19471 8646 22865
8611 24820 21185 25199
12146 15515 20360 26903
4725 15483 19766 28618
24531 150 28769 23357
26262 112 27618 26124
12270 8160 21233 23240
25986 27493 27079 29677
629 11366 13934 21985
14486 18747 15457 26082
15207 10191 22880 16146
15669 9312 25125 13297
6436 6466 16775 16780
7933 16349 26497 17406
13676 11380 22387 18089
2849 10329 14570 22887
24988 20363 25996 29136
29835 1623 29915 13629
15180 13598 29530 24061
5153 20883 10878 24268
13493 12853 25748 16453
26819 15371 27392 15643
17561 7637 18396 27762
28132 13533 28668 28475
20791 7161 28207 24371
16983 1358 20061 9691
10950 19012 23311 21184
24050 7169 24323 27167
6392 946 22208 7203
13506 25641 16733 28366
23117 3695 25326 19604
12776 26357 26360 26702
14934 7312 27472 10878
5289 8939 29322 13772
14043 3263 27763 6654
15681 25578 16988 28903
16378 6563 24247 13151
24252 27914 28189 28687
8207 23137 11908 28163
16111 7782 20433 11332
6864 11414 8205 21972
638 15941 8192 22492
26739 25941 29747 29837
13751 13199 18343 27355
28627 3275 29701 25336
7979 18748 10058 21701
21888 27372 27798 28345
21756 11102 22996 23630
16645 14595 20384 21382
6236 23408 18467 26856
4789 28949 19362 29893
21950 5681 22568 28800
9594 11311 16747 17615
12113 14056 15532 17298
22909 25634 26757 29670
21265 2323 23103 28234
18086 14450 28307 14690
11184 24599 19502 26345
17832 4727 23412 24228
9931 13617 23322 21193
6222 20849 19276 21614
14650 808 28875 26793
7587 26037 13609 28461
28310 19598 29083 27133
2937 14375 28860 17842
26211 3438 27886 28800
11870 19219 29505 24431
18201 8976 28499 13731
12347 8816 25863 11143
8893 861 14454 15806
19321 10782 27782 27102
11008 11175 29415 23632
7397 12053 28750 15891
962 23220 27079 29748
18690 15980 22921 17380
13412 15030 24368 29422
23397 15806 28568 29974
8902 23867 9566 28780
4887 26808 28704 27431
12641 10057 23319 27733
9952 4681 25654 15997
4387 11129 15602 16117
27983 61 28719 5949
3364 18648 6442 24169
24081 9205 29429 15993
24687 13971 28311 21017
3389 11942 24100 25763
7891 27228 24541 28300
4278 742 25186 28396
11127 19921 17791 25126
3752 20631 16861 22074
15550 14041 20948 15688
19050 17413 20926 26930
21069 13308 24692 26296
14321 14829 26974 21895
