2000
0 0 12000 12000
15 15 12015 12015
30 30 12030 12030
45 45 12045 12045
60 60 12060 12060
75 75 12075 12075
90 90 12090 12090
105 105 12105 12105
120 120 12120 12120
135 135 12135 12135
150 150 12150 12150
165 165 12165 12165
180 180 12180 12180
195 195 12195 12195
210 210 12210 12210
225 225 12225 12225
240 240 12240 12240
255 255 12255 12255
270 270 12270 12270
285 285 12285 12285
300 300 12300 12300
315 315 12315 12315
330 330 12330 12330
345 345 12345 12345
360 360 12360 12360
375 375 12375 12375
390 390 12390 12390
405 405 12405 12405
420 420 12420 12420
435 435 12435 12435
450 450 12450 12450
465 465 12465 12465
480 480 12480 12480
495 495 12495 12495
510 510 12510 12510
525 525 12525 12525
540 540 12540 12540
555 555 12555 12555
570 570 12570 12570
585 585 12585 12585
600 600 12600 12600
615 615 12615 12615
630 630 12630 12630
645 645 12645 12645
660 660 12660 12660
675 675 12675 12675
690 690 12690 12690
705 705 12705 12705
720 720 12720 12720
735 735 12735 12735
750 750 12750 12750
765 765 12765 12765
780 780 12780 12780
795 795 12795 12795
810 810 12810 12810
825 825 12825 12825
840 840 12840 12840
855 855 12855 12855
870 870 12870 12870
885 885 12885 12885
900 900 12900 12900
915 915 12915 12915
930 930 12930 12930
945 945 12945 12945
960 960 12960 12960
975 975 12975 12975
990 990 12990 12990
1005 1005 13005 13005
1020 1020 13020 13020
1035 1035 13035 13035
1050 1050 13050 13050
1065 1065 13065 13065
1080 1080 13080 13080
1095 1095 13095 13095
1110 1110 13110 13110
1125 1125 13125 13125
1140 1140 13140 13140
1155 1155 13155 13155
1170 1170 13170 13170
1185 1185 13185 13185
1200 1200 13200 13200
1215 1215 13215 13215
1230 1230 13230 13230
1245 1245 13245 13245
1260 1260 13260 13260
1275 1275 13275 13275
1290 1290 13290 13290
1305 1305 13305 13305
1320 1320 13320 13320
1335 1335 13335 13335
1350 1350 13350 13350
1365 1365 13365 13365
1380 1380 13380 13380
1395 1395 13395 13395
1410 1410 13410 13410
1425 1425 13425 13425
1440 1440 13440 13440
1455 1455 13455 13455
1470 1470 13470 13470
1485 1485 13485 13485
1500 1500 13500 13500
1515 1515 13515 13515
1530 1530 13530 13530
1545 1545 13545 13545
1560 1560 13560 13560
1575 1575 13575 13575
1590 1590 13590 13590
1605 1605 13605 13605
1620 1620 13620 13620
1635 1635 13635 13635
1650 1650 13650 13650
1665 1665 13665 13665
1680 1680 13680 13680
1695 1695 13695 13695
1710 1710 13710 13710
1725 1725 13725 13725
1740 1740 13740 13740
1755 1755 13755 13755
1770 1770 13770 13770
1785 1785 13785 13785
1800 1800 13800 13800
1815 1815 13815 13815
1830 1830 13830 13830
1845 1845 13845 13845
1860 1860 13860 13860
1875 1875 13875 13875
1890 1890 13890 13890
1905 1905 13905 13905
1920 1920 13920 13920
1935 1935 13935 13935
1950 1950 13950 13950
1965 1965 13965 13965
1980 1980 13980 13980
1995 1995 13995 13995
2010 2010 14010 14010
2025 2025 14025 14025
2040 2040 14040 14040
2055 2055 14055 14055
2070 2070 14070 14070
2085 2085 14085 14085
2100 2100 14100 14100
2115 2115 14115 14115
2130 2130 14130 14130
2145 2145 14145 14145
2160 2160 14160 14160
2175 2175 14175 14175
2190 2190 14190 14190
2205 2205 14205 14205
2220 2220 14220 14220
2235 2235 14235 14235
2250 2250 14250 14250
2265 2265 14265 14265
2280 2280 14280 14280
2295 2295 14295 14295
2310 2310 14310 14310
2325 2325 14325 14325
2340 2340 14340 14340
2355 2355 14355 14355
2370 2370 14370 14370
2385 2385 14385 14385
2400 2400 14400 14400
2415 2415 14415 14415
2430 2430 14430 14430
2445 2445 14445 14445
2460 2460 14460 14460
2475 2475 14475 14475
2490 2490 14490 14490
2505 2505 14505 14505
2520 2520 14520 14520
2535 2535 14535 14535
2550 2550 14550 14550
2565 2565 14565 14565
2580 2580 14580 14580
2595 2595 14595 14595
2610 2610 14610 14610
2625 2625 14625 14625
2640 2640 14640 14640
2655 2655 14655 14655
2670 2670 14670 14670
2685 2685 14685 14685
2700 2700 14700 14700
2715 2715 14715 14715
2730 2730 14730 14730
2745 2745 14745 14745
2760 2760 14760 14760
2775 2775 14775 14775
2790 2790 14790 14790
2805 2805 14805 14805
2820 2820 14820 14820
2835 2835 14835 14835
2850 2850 14850 14850
2865 2865 14865 14865
2880 2880 14880 14880
2895 2895 14895 14895
2910 2910 14910 14910
2925 2925 14925 14925
2940 2940 14940 14940
2955 2955 14955 14955
2970 2970 14970 14970
2985 2985 14985 14985
3000 3000 15000 15000
3015 3015 15015 15015
3030 3030 15030 15030
3045 3045 15045 15045
3060 3060 15060 15060
3075 3075 15075 15075
3090 3090 15090 15090
3105 3105 15105 15105
3120 3120 15120 15120
3135 3135 15135 15135
3150 3150 15150 15150
3165 3165 15165 15165
3180 3180 15180 15180
3195 3195 15195 15195
3210 3210 15210 15210
3225 3225 15225 15225
3240 3240 15240 15240
3255 3255 15255 15255
3270 3270 15270 15270
3285 3285 15285 15285
3300 3300 15300 15300
3315 3315 15315 15315
3330 3330 15330 15330
3345 3345 15345 15345
3360 3360 15360 15360
3375 3375 15375 15375
3390 3390 15390 15390
3405 3405 15405 15405
3420 3420 15420 15420
3435 3435 15435 15435
3450 3450 15450 15450
3465 3465 15465 15465
3480 3480 15480 15480
3495 3495 15495 15495
3510 3510 15510 15510
3525 3525 15525 15525
3540 3540 15540 15540
3555 3555 15555 15555
3570 3570 15570 15570
3585 3585 15585 15585
3600 3600 15600 15600
3615 3615 15615 15615
3630 3630 15630 15630
3645 3645 15645 15645
3660 3660 15660 15660
3675 3675 15675 15675
3690 3690 15690 15690
3705 3705 15705 15705
3720 3720 15720 15720
3735 3735 15735 15735
3750 3750 15750 15750
3765 3765 15765 15765
3780 3780 15780 15780
3795 3795 15795 15795
3810 3810 15810 15810
3825 3825 15825 15825
3840 3840 15840 15840
3855 3855 15855 15855
3870 3870 15870 15870
3885 3885 15885 15885
3900 3900 15900 15900
3915 3915 15915 15915
3930 3930 15930 15930
3945 3945 15945 15945
3960 3960 15960 15960
3975 3975 15975 15975
3990 3990 15990 15990
4005 4005 16005 16005
4020 4020 16020 16020
4035 4035 16035 16035
4050 4050 16050 16050
4065 4065 16065 16065
4080 4080 16080 16080
4095 4095 16095 16095
4110 4110 16110 16110
4125 4125 16125 16125
4140 4140 16140 16140
4155 4155 16155 16155
4170 4170 16170 16170
4185 4185 16185 16185
4200 4200 16200 16200
4215 4215 16215 16215
4230 4230 16230 16230
4245 4245 16245 16245
4260 4260 16260 16260
4275 4275 16275 16275
4290 4290 16290 16290
4305 4305 16305 16305
4320 4320 16320 16320
4335 4335 16335 16335
4350 4350 16350 16350
4365 4365 16365 16365
4380 4380 16380 16380
4395 4395 16395 16395
4410 4410 16410 16410
4425 4425 16425 16425
4440 4440 16440 16440
4455 4455 16455 16455
4470 4470 16470 16470
4485 4485 16485 16485
4500 4500 16500 16500
4515 4515 16515 16515
4530 4530 16530 16530
4545 4545 16545 16545
4560 4560 16560 16560
4575 4575 16575 16575
4590 4590 16590 16590
4605 4605 16605 16605
4620 4620 16620 16620
4635 4635 16635 16635
4650 4650 16650 16650
4665 4665 16665 16665
4680 4680 16680 16680
4695 4695 16695 16695
4710 4710 16710 16710
4725 4725 16725 16725
4740 4740 16740 16740
4755 4755 16755 16755
4770 4770 16770 16770
4785 4785 16785 16785
4800 4800 16800 16800
4815 4815 16815 16815
4830 4830 16830 16830
4845 4845 16845 16845
4860 4860 16860 16860
4875 4875 16875 16875
4890 4890 16890 16890
4905 4905 16905 16905
4920 4920 16920 16920
4935 4935 16935 16935
4950 4950 16950 16950
4965 4965 16965 16965
4980 4980 16980 16980
4995 4995 16995 16995
5010 5010 17010 17010
5025 5025 17025 17025
5040 5040 17040 17040
5055 5055 17055 17055
5070 5070 17070 17070
5085 5085 17085 17085
5100 5100 17100 17100
5115 5115 17115 17115
5130 5130 17130 17130
5145 5145 17145 17145
5160 5160 17160 17160
5175 5175 17175 17175
5190 5190 17190 17190
5205 5205 17205 17205
5220 5220 17220 17220
5235 5235 17235 17235
5250 5250 17250 17250
5265 5265 17265 17265
5280 5280 17280 17280
5295 5295 17295 17295
5310 5310 17310 17310
5325 5325 17325 17325
5340 5340 17340 17340
5355 5355 17355 17355
5370 5370 17370 17370
5385 5385 17385 17385
5400 5400 17400 17400
5415 5415 17415 17415
5430 5430 17430 17430
5445 5445 17445 17445
5460 5460 17460 17460
5475 5475 17475 17475
5490 5490 17490 17490
5505 5505 17505 17505
5520 5520 17520 17520
5535 5535 17535 17535
5550 5550 17550 17550
5565 5565 17565 17565
5580 5580 17580 17580
5595 5595 17595 17595
5610 5610 17610 17610
5625 5625 17625 17625
5640 5640 17640 17640
5655 5655 17655 17655
5670 5670 17670 17670
5685 5685 17685 17685
5700 5700 17700 17700
5715 5715 17715 17715
5730 5730 17730 17730
5745 5745 17745 17745
5760 5760 17760 17760
5775 5775 17775 17775
5790 5790 17790 17790
5805 5805 17805 17805
5820 5820 17820 17820
5835 5835 17835 17835
5850 5850 17850 17850
5865 5865 17865 17865
5880 5880 17880 17880
5895 5895 17895 17895
5910 5910 17910 17910
5925 5925 17925 17925
5940 5940 17940 17940
5955 5955 17955 17955
5970 5970 17970 17970
5985 5985 17985 17985
6000 6000 18000 18000
6015 6015 18015 18015
6030 6030 18030 18030
6045 6045 18045 18045
6060 6060 18060 18060
6075 6075 18075 18075
6090 6090 18090 18090
6105 6105 18105 18105
6120 6120 18120 18120
6135 6135 18135 18135
6150 6150 18150 18150
6165 6165 18165 18165
6180 6180 18180 18180
6195 6195 18195 18195
6210 6210 18210 18210
6225 6225 18225 18225
6240 6240 18240 18240
6255 6255 18255 18255
6270 6270 18270 18270
6285 6285 18285 18285
6300 6300 18300 18300
6315 6315 18315 18315
6330 6330 18330 18330
6345 6345 18345 18345
6360 6360 18360 18360
6375 6375 18375 18375
6390 6390 18390 18390
6405 6405 18405 18405
6420 6420 18420 18420
6435 6435 18435 18435
6450 6450 18450 18450
6465 6465 18465 18465
6480 6480 18480 18480
6495 6495 18495 18495
6510 6510 18510 18510
6525 6525 18525 18525
6540 6540 18540 18540
6555 6555 18555 18555
6570 6570 18570 18570
6585 6585 18585 18585
6600 6600 18600 18600
6615 6615 18615 18615
6630 6630 18630 18630
6645 6645 18645 18645
6660 6660 18660 18660
6675 6675 18675 18675
6690 6690 18690 18690
6705 6705 18705 18705
6720 6720 18720 18720
6735 6735 18735 18735
6750 6750 18750 18750
6765 6765 18765 18765
6780 6780 18780 18780
6795 6795 18795 18795
6810 6810 18810 18810
6825 6825 18825 18825
6840 6840 18840 18840
6855 6855 18855 18855
6870 6870 18870 18870
6885 6885 18885 18885
6900 6900 18900 18900
6915 6915 18915 18915
6930 6930 18930 18930
6945 6945 18945 18945
6960 6960 18960 18960
6975 6975 18975 18975
6990 6990 18990 18990
7005 7005 19005 19005
7020 7020 19020 19020
7035 7035 19035 19035
7050 7050 19050 19050
7065 7065 19065 19065
7080 7080 19080 19080
7095 7095 19095 19095
7110 7110 19110 19110
7125 7125 19125 19125
7140 7140 19140 19140
7155 7155 19155 19155
7170 7170 19170 19170
7185 7185 19185 19185
7200 7200 19200 19200
7215 7215 19215 19215
7230 7230 19230 19230
7245 7245 19245 19245
7260 7260 19260 19260
7275 7275 19275 19275
7290 7290 19290 19290
7305 7305 19305 19305
7320 7320 19320 19320
7335 7335 19335 19335
7350 7350 19350 19350
7365 7365 19365 19365
7380 7380 19380 19380
7395 7395 19395 19395
7410 7410 19410 19410
7425 7425 19425 19425
7440 7440 19440 19440
7455 7455 19455 19455
7470 7470 19470 19470
7485 7485 19485 19485
7500 7500 19500 19500
7515 7515 19515 19515
7530 7530 19530 19530
7545 7545 19545 19545
7560 7560 19560 19560
7575 7575 19575 19575
7590 7590 19590 19590
7605 7605 19605 19605
7620 7620 19620 19620
7635 7635 19635 19635
7650 7650 19650 19650
7665 7665 19665 19665
7680 7680 19680 19680
7695 7695 19695 19695
7710 7710 19710 19710
7725 7725 19725 19725
7740 7740 19740 19740
7755 7755 19755 19755
7770 7770 19770 19770
7785 7785 19785 19785
7800 7800 19800 19800
7815 7815 19815 19815
7830 7830 19830 19830
7845 7845 19845 19845
7860 7860 19860 19860
7875 7875 19875 19875
7890 7890 19890 19890
7905 7905 19905 19905
7920 7920 19920 19920
7935 7935 19935 19935
7950 7950 19950 19950
7965 7965 19965 19965
7980 7980 19980 19980
7995 7995 19995 19995
8010 8010 20010 20010
8025 8025 20025 20025
8040 8040 20040 20040
8055 8055 20055 20055
8070 8070 20070 20070
8085 8085 20085 20085
8100 8100 20100 20100
8115 8115 20115 20115
8130 8130 20130 20130
8145 8145 20145 20145
8160 8160 20160 20160
8175 8175 20175 20175
8190 8190 20190 20190
8205 8205 20205 20205
8220 8220 20220 20220
8235 8235 20235 20235
8250 8250 20250 20250
8265 8265 20265 20265
8280 8280 20280 20280
8295 8295 20295 20295
8310 8310 20310 20310
8325 8325 20325 20325
8340 8340 20340 20340
8355 8355 20355 20355
8370 8370 20370 20370
8385 8385 20385 20385
8400 8400 20400 20400
8415 8415 20415 20415
8430 8430 20430 20430
8445 8445 20445 20445
8460 8460 20460 20460
8475 8475 20475 20475
8490 8490 20490 20490
8505 8505 20505 20505
8520 8520 20520 20520
8535 8535 20535 20535
8550 8550 20550 20550
8565 8565 20565 20565
8580 8580 20580 20580
8595 8595 20595 20595
8610 8610 20610 20610
8625 8625 20625 20625
8640 8640 20640 20640
8655 8655 20655 20655
8670 8670 20670 20670
8685 8685 20685 20685
8700 8700 20700 20700
8715 8715 20715 20715
8730 8730 20730 20730
8745 8745 20745 20745
8760 8760 20760 20760
8775 8775 20775 20775
8790 8790 20790 20790
8805 8805 20805 20805
8820 8820 20820 20820
8835 8835 20835 20835
8850 8850 20850 20850
8865 8865 20865 20865
8880 8880 20880 20880
8895 8895 20895 20895
8910 8910 20910 20910
8925 8925 20925 20925
8940 8940 20940 20940
8955 8955 20955 20955
8970 8970 20970 20970
8985 8985 20985 20985
9000 9000 21000 21000
9015 9015 21015 21015
9030 9030 21030 21030
9045 9045 21045 21045
9060 9060 21060 21060
9075 9075 21075 21075
9090 9090 21090 21090
9105 9105 21105 21105
9120 9120 21120 21120
9135 9135 21135 21135
9150 9150 21150 21150
9165 9165 21165 21165
9180 9180 21180 21180
9195 9195 21195 21195
9210 9210 21210 21210
9225 9225 21225 21225
9240 9240 21240 21240
9255 9255 21255 21255
9270 9270 21270 21270
9285 9285 21285 21285
9300 9300 21300 21300
9315 9315 21315 21315
9330 9330 21330 21330
9345 9345 21345 21345
9360 9360 21360 21360
9375 9375 21375 21375
9390 9390 21390 21390
9405 9405 21405 21405
9420 9420 21420 21420
9435 9435 21435 21435
9450 9450 21450 21450
9465 9465 21465 21465
9480 9480 21480 21480
9495 9495 21495 21495
9510 9510 21510 21510
9525 9525 21525 21525
9540 9540 21540 21540
9555 9555 21555 21555
9570 9570 21570 21570
9585 9585 21585 21585
9600 9600 21600 21600
9615 9615 21615 21615
9630 9630 21630 21630
9645 9645 21645 21645
9660 9660 21660 21660
9675 9675 21675 21675
9690 9690 21690 21690
9705 9705 21705 21705
9720 9720 21720 21720
9735 9735 21735 21735
9750 9750 21750 21750
9765 9765 21765 21765
9780 9780 21780 21780
9795 9795 21795 21795
9810 9810 21810 21810
9825 9825 21825 21825
9840 9840 21840 21840
9855 9855 21855 21855
9870 9870 21870 21870
9885 9885 21885 21885
9900 9900 21900 21900
9915 9915 21915 21915
9930 9930 21930 21930
9945 9945 21945 21945
9960 9960 21960 21960
9975 9975 21975 21975
9990 9990 21990 21990
10005 10005 22005 22005
10020 10020 22020 22020
10035 10035 22035 22035
10050 10050 22050 22050
10065 10065 22065 22065
10080 10080 22080 22080
10095 10095 22095 22095
10110 10110 22110 22110
10125 10125 22125 22125
10140 10140 22140 22140
10155 10155 22155 22155
10170 10170 22170 22170
10185 10185 22185 22185
10200 10200 22200 22200
10215 10215 22215 22215
10230 10230 22230 22230
10245 10245 22245 22245
10260 10260 22260 22260
10275 10275 22275 22275
10290 10290 22290 22290
10305 10305 22305 22305
10320 10320 22320 22320
10335 10335 22335 22335
10350 10350 22350 22350
10365 10365 22365 22365
10380 10380 22380 22380
10395 10395 22395 22395
10410 10410 22410 22410
10425 10425 22425 22425
10440 10440 22440 22440
10455 10455 22455 22455
10470 10470 22470 22470
10485 10485 22485 22485
10500 10500 22500 22500
10515 10515 22515 22515
10530 10530 22530 22530
10545 10545 22545 22545
10560 10560 22560 22560
10575 10575 22575 22575
10590 10590 22590 22590
10605 10605 22605 22605
10620 10620 22620 22620
10635 10635 22635 22635
10650 10650 22650 22650
10665 10665 22665 22665
10680 10680 22680 22680
10695 10695 22695 22695
10710 10710 22710 22710
10725 10725 22725 22725
10740 10740 22740 22740
10755 10755 22755 22755
10770 10770 22770 22770
10785 10785 22785 22785
10800 10800 22800 22800
10815 10815 22815 22815
10830 10830 22830 22830
10845 10845 22845 22845
10860 10860 22860 22860
10875 10875 22875 22875
10890 10890 22890 22890
10905 10905 22905 22905
10920 10920 22920 22920
10935 10935 22935 22935
10950 10950 22950 22950
10965 10965 22965 22965
10980 10980 22980 22980
10995 10995 22995 22995
11010 11010 23010 23010
11025 11025 23025 23025
11040 11040 23040 23040
11055 11055 23055 23055
11070 11070 23070 23070
11085 11085 23085 23085
11100 11100 23100 23100
11115 11115 23115 23115
11130 11130 23130 23130
11145 11145 23145 23145
11160 11160 23160 23160
11175 11175 23175 23175
11190 11190 23190 23190
11205 11205 23205 23205
11220 11220 23220 23220
11235 11235 23235 23235
11250 11250 23250 23250
11265 11265 23265 23265
11280 11280 23280 23280
11295 11295 23295 23295
11310 11310 23310 23310
11325 11325 23325 23325
11340 11340 23340 23340
11355 11355 23355 23355
11370 11370 23370 23370
11385 11385 23385 23385
11400 11400 23400 23400
11415 11415 23415 23415
11430 11430 23430 23430
11445 11445 23445 23445
11460 11460 23460 23460
11475 11475 23475 23475
11490 11490 23490 23490
11505 11505 23505 23505
11520 11520 23520 23520
11535 11535 23535 23535
11550 11550 23550 23550
11565 11565 23565 23565
11580 11580 23580 23580
11595 11595 23595 23595
11610 11610 23610 23610
11625 11625 23625 23625
11640 11640 23640 23640
11655 11655 23655 23655
11670 11670 23670 23670
11685 11685 23685 23685
11700 11700 23700 23700
11715 11715 23715 23715
11730 11730 23730 23730
11745 11745 23745 23745
11760 11760 23760 23760
11775 11775 23775 23775
11790 11790 23790 23790
11805 11805 23805 23805
11820 11820 23820 23820
11835 11835 23835 23835
11850 11850 23850 23850
11865 11865 23865 23865
11880 11880 23880 23880
11895 11895 23895 23895
11910 11910 23910 23910
11925 11925 23925 23925
11940 11940 23940 23940
11955 11955 23955 23955
11970 11970 23970 23970
11985 11985 23985 23985
12000 12000 24000 24000
12015 12015 24015 24015
12030 12030 24030 24030
12045 12045 24045 24045
12060 12060 24060 24060
12075 12075 24075 24075
12090 12090 24090 24090
12105 12105 24105 24105
12120 12120 24120 24120
12135 12135 24135 24135
12150 12150 24150 24150
12165 12165 24165 24165
12180 12180 24180 24180
12195 12195 24195 24195
12210 12210 24210 24210
12225 12225 24225 24225
12240 12240 24240 24240
12255 12255 24255 24255
12270 12270 24270 24270
12285 12285 24285 24285
12300 12300 24300 24300
12315 12315 24315 24315
12330 12330 24330 24330
12345 12345 24345 24345
12360 12360 24360 24360
12375 12375 24375 24375
12390 12390 24390 24390
12405 12405 24405 24405
12420 12420 24420 24420
12435 12435 24435 24435
12450 12450 24450 24450
12465 12465 24465 24465
12480 12480 24480 24480
12495 12495 24495 24495
12510 12510 24510 24510
12525 12525 24525 24525
12540 12540 24540 24540
12555 12555 24555 24555
12570 12570 24570 24570
12585 12585 24585 24585
12600 12600 24600 24600
12615 12615 24615 24615
12630 12630 24630 24630
12645 12645 24645 24645
12660 12660 24660 24660
12675 12675 24675 24675
12690 12690 24690 24690
12705 12705 24705 24705
12720 12720 24720 24720
12735 12735 24735 24735
12750 12750 24750 24750
12765 12765 24765 24765
12780 12780 24780 24780
12795 12795 24795 24795
12810 12810 24810 24810
12825 12825 24825 24825
12840 12840 24840 24840
12855 12855 24855 24855
12870 12870 24870 24870
12885 12885 24885 24885
12900 12900 24900 24900
12915 12915 24915 24915
12930 12930 24930 24930
12945 12945 24945 24945
12960 12960 24960 24960
12975 12975 24975 24975
12990 12990 24990 24990
13005 13005 25005 25005
13020 13020 25020 25020
13035 13035 25035 25035
13050 13050 25050 25050
13065 13065 25065 25065
13080 13080 25080 25080
13095 13095 25095 25095
13110 13110 25110 25110
13125 13125 25125 25125
13140 13140 25140 25140
13155 13155 25155 25155
13170 13170 25170 25170
13185 13185 25185 25185
13200 13200 25200 25200
13215 13215 25215 25215
13230 13230 25230 25230
13245 13245 25245 25245
13260 13260 25260 25260
13275 13275 25275 25275
13290 13290 25290 25290
13305 13305 25305 25305
13320 13320 25320 25320
13335 13335 25335 25335
13350 13350 25350 25350
13365 13365 25365 25365
13380 13380 25380 25380
13395 13395 25395 25395
13410 13410 25410 25410
13425 13425 25425 25425
13440 13440 25440 25440
13455 13455 25455 25455
13470 13470 25470 25470
13485 13485 25485 25485
13500 13500 25500 25500
13515 13515 25515 25515
13530 13530 25530 25530
13545 13545 25545 25545
13560 13560 25560 25560
13575 13575 25575 25575
13590 13590 25590 25590
13605 13605 25605 25605
13620 13620 25620 25620
13635 13635 25635 25635
13650 13650 25650 25650
13665 13665 25665 25665
13680 13680 25680 25680
13695 13695 25695 25695
13710 13710 25710 25710
13725 13725 25725 25725
13740 13740 25740 25740
13755 13755 25755 25755
13770 13770 25770 25770
13785 13785 25785 25785
13800 13800 25800 25800
13815 13815 25815 25815
13830 13830 25830 25830
13845 13845 25845 25845
13860 13860 25860 25860
13875 13875 25875 25875
13890 13890 25890 25890
13905 13905 25905 25905
13920 13920 25920 25920
13935 13935 25935 25935
13950 13950 25950 25950
13965 13965 25965 25965
13980 13980 25980 25980
13995 13995 25995 25995
14010 14010 26010 26010
14025 14025 26025 26025
14040 14040 26040 26040
14055 14055 26055 26055
14070 14070 26070 26070
14085 14085 26085 26085
14100 14100 26100 26100
14115 14115 26115 26115
14130 14130 26130 26130
14145 14145 26145 26145
14160 14160 26160 26160
14175 14175 26175 26175
14190 14190 26190 26190
14205 14205 26205 26205
14220 14220 26220 26220
14235 14235 26235 26235
14250 14250 26250 26250
14265 14265 26265 26265
14280 14280 26280 26280
14295 14295 26295 26295
14310 14310 26310 26310
14325 14325 26325 26325
14340 14340 26340 26340
14355 14355 26355 26355
14370 14370 26370 26370
14385 14385 26385 26385
14400 14400 26400 26400
14415 14415 26415 26415
14430 14430 26430 26430
14445 14445 26445 26445
14460 14460 26460 26460
14475 14475 26475 26475
14490 14490 26490 26490
14505 14505 26505 26505
14520 14520 26520 26520
14535 14535 26535 26535
14550 14550 26550 26550
14565 14565 26565 26565
14580 14580 26580 26580
14595 14595 26595 26595
14610 14610 26610 26610
14625 14625 26625 26625
14640 14640 26640 26640
14655 14655 26655 26655
14670 14670 26670 26670
14685 14685 26685 26685
14700 14700 26700 26700
14715 14715 26715 26715
14730 14730 26730 26730
14745 14745 26745 26745
14760 14760 26760 26760
14775 14775 26775 26775
14790 14790 26790 26790
14805 14805 26805 26805
14820 14820 26820 26820
14835 14835 26835 26835
14850 14850 26850 26850
14865 14865 26865 26865
14880 14880 26880 26880
14895 14895 26895 26895
14910 14910 26910 26910
14925 14925 26925 26925
14940 14940 26940 26940
14955 14955 26955 26955
14970 14970 26970 26970
14985 14985 26985 26985
0 18000 12000 30000
15 17985 12015 29985
30 17970 12030 29970
45 17955 12045 29955
60 17940 12060 29940
75 17925 12075 29925
90 17910 12090 29910
105 17895 12105 29895
120 17880 12120 29880
135 17865 12135 29865
150 17850 12150 29850
165 17835 12165 29835
180 17820 12180 29820
195 17805 12195 29805
210 17790 12210 29790
225 17775 12225 29775
240 17760 12240 29760
255 17745 12255 29745
270 17730 12270 29730
285 17715 12285 29715
300 17700 12300 29700
315 17685 12315 29685
330 17670 12330 29670
345 17655 12345 29655
360 17640 12360 29640
375 17625 12375 29625
390 17610 12390 29610
405 17595 12405 29595
420 17580 12420 29580
435 17565 12435 29565
450 17550 12450 29550
465 17535 12465 29535
480 17520 12480 29520
495 17505 12495 29505
510 17490 12510 29490
525 17475 12525 29475
540 17460 12540 29460
555 17445 12555 29445
570 17430 12570 29430
585 17415 12585 29415
600 17400 12600 29400
615 17385 12615 29385
630 17370 12630 29370
645 17355 12645 29355
660 17340 12660 29340
675 17325 12675 29325
690 17310 12690 29310
705 17295 12705 29295
720 17280 12720 29280
735 17265 12735 29265
750 17250 12750 29250
765 17235 12765 29235
780 17220 12780 29220
795 17205 12795 29205
810 17190 12810 29190
825 17175 12825 29175
840 17160 12840 29160
855 17145 12855 29145
870 17130 12870 29130
885 17115 12885 29115
900 17100 12900 29100
915 17085 12915 29085
930 17070 12930 29070
945 17055 12945 29055
960 17040 12960 29040
975 17025 12975 29025
990 17010 12990 29010
1005 16995 13005 28995
1020 16980 13020 28980
1035 16965 13035 28965
1050 16950 13050 28950
1065 16935 13065 28935
1080 16920 13080 28920
1095 16905 13095 28905
1110 16890 13110 28890
1125 16875 13125 28875
1140 16860 13140 28860
1155 16845 13155 28845
1170 16830 13170 28830
1185 16815 13185 28815
1200 16800 13200 28800
1215 16785 13215 28785
1230 16770 13230 28770
1245 16755 13245 28755
1260 16740 13260 28740
1275 16725 13275 28725
1290 16710 13290 28710
1305 16695 13305 28695
1320 16680 13320 28680
1335 16665 13335 28665
1350 16650 13350 28650
1365 16635 13365 28635
1380 16620 13380 28620
1395 16605 13395 28605
1410 16590 13410 28590
1425 16575 13425 28575
1440 16560 13440 28560
1455 16545 13455 28545
1470 16530 13470 28530
1485 16515 13485 28515
1500 16500 13500 28500
1515 16485 13515 28485
1530 16470 13530 28470
1545 16455 13545 28455
1560 16440 13560 28440
1575 16425 13575 28425
1590 16410 13590 28410
1605 16395 13605 28395
1620 16380 13620 28380
1635 16365 13635 28365
1650 16350 13650 28350
1665 16335 13665 28335
1680 16320 13680 28320
1695 16305 13695 28305
1710 16290 13710 28290
1725 16275 13725 28275
1740 16260 13740 28260
1755 16245 13755 28245
1770 16230 13770 28230
1785 16215 13785 28215
1800 16200 13800 28200
1815 16185 13815 28185
1830 16170 13830 28170
1845 16155 13845 28155
1860 16140 13860 28140
1875 16125 13875 28125
1890 16110 13890 28110
1905 16095 13905 28095
1920 16080 13920 28080
1935 16065 13935 28065
1950 16050 13950 28050
1965 16035 13965 28035
1980 16020 13980 28020
1995 16005 13995 28005
2010 15990 14010 27990
2025 15975 14025 27975
2040 15960 14040 27960
2055 15945 14055 27945
2070 15930 14070 27930
2085 15915 14085 27915
2100 15900 14100 27900
2115 15885 14115 27885
2130 15870 14130 27870
2145 15855 14145 27855
2160 15840 14160 27840
2175 15825 14175 27825
2190 15810 14190 27810
2205 15795 14205 27795
2220 15780 14220 27780
2235 15765 14235 27765
2250 15750 14250 27750
2265 15735 14265 27735
2280 15720 14280 27720
2295 15705 14295 27705
2310 15690 14310 27690
2325 15675 14325 27675
2340 15660 14340 27660
2355 15645 14355 27645
2370 15630 14370 27630
2385 15615 14385 27615
2400 15600 14400 27600
2415 15585 14415 27585
2430 15570 14430 27570
2445 15555 14445 27555
2460 15540 14460 27540
2475 15525 14475 27525
2490 15510 14490 27510
2505 15495 14505 27495
2520 15480 14520 27480
2535 15465 14535 27465
2550 15450 14550 27450
2565 15435 14565 27435
2580 15420 14580 27420
2595 15405 14595 27405
2610 15390 14610 27390
2625 15375 14625 27375
2640 15360 14640 27360
2655 15345 14655 27345
2670 15330 14670 27330
2685 15315 14685 27315
2700 15300 14700 27300
2715 15285 14715 27285
2730 15270 14730 27270
2745 15255 14745 27255
2760 15240 14760 27240
2775 15225 14775 27225
2790 15210 14790 27210
2805 15195 14805 27195
2820 15180 14820 27180
2835 15165 14835 27165
2850 15150 14850 27150
2865 15135 14865 27135
2880 15120 14880 27120
2895 15105 14895 27105
2910 15090 14910 27090
2925 15075 14925 27075
2940 15060 14940 27060
2955 15045 14955 27045
2970 15030 14970 27030
2985 15015 14985 27015
3000 15000 15000 27000
3015 14985 15015 26985
3030 14970 15030 26970
3045 14955 15045 26955
3060 14940 15060 26940
3075 14925 15075 26925
3090 14910 15090 26910
3105 14895 15105 26895
3120 14880 15120 26880
3135 14865 15135 26865
3150 14850 15150 26850
3165 14835 15165 26835
3180 14820 15180 26820
3195 14805 15195 26805
3210 14790 15210 26790
3225 14775 15225 26775
3240 14760 15240 26760
3255 14745 15255 26745
3270 14730 15270 26730
3285 14715 15285 26715
3300 14700 15300 26700
3315 14685 15315 26685
3330 14670 15330 26670
3345 14655 15345 26655
3360 14640 15360 26640
3375 14625 15375 26625
3390 14610 15390 26610
3405 14595 15405 26595
3420 14580 15420 26580
3435 14565 15435 26565
3450 14550 15450 26550
3465 14535 15465 26535
3480 14520 15480 26520
3495 14505 15495 26505
3510 14490 15510 26490
3525 14475 15525 26475
3540 14460 15540 26460
3555 14445 15555 26445
3570 14430 15570 26430
3585 14415 15585 26415
3600 14400 15600 26400
3615 14385 15615 26385
3630 14370 15630 26370
3645 14355 15645 26355
3660 14340 15660 26340
3675 14325 15675 26325
3690 14310 15690 26310
3705 14295 15705 26295
3720 14280 15720 26280
3735 14265 15735 26265
3750 14250 15750 26250
3765 14235 15765 26235
3780 14220 15780 26220
3795 14205 15795 26205
3810 14190 15810 26190
3825 14175 15825 26175
3840 14160 15840 26160
3855 14145 15855 26145
3870 14130 15870 26130
3885 14115 15885 26115
3900 14100 15900 26100
3915 14085 15915 26085
3930 14070 15930 26070
3945 14055 15945 26055
3960 14040 15960 26040
3975 14025 15975 26025
3990 14010 15990 26010
4005 13995 16005 25995
4020 13980 16020 25980
4035 13965 16035 25965
4050 13950 16050 25950
4065 13935 16065 25935
4080 13920 16080 25920
4095 13905 16095 25905
4110 13890 16110 25890
4125 13875 16125 25875
4140 13860 16140 25860
4155 13845 16155 25845
4170 13830 16170 25830
4185 13815 16185 25815
4200 13800 16200 25800
4215 13785 16215 25785
4230 13770 16230 25770
4245 13755 16245 25755
4260 13740 16260 25740
4275 13725 16275 25725
4290 13710 16290 25710
4305 13695 16305 25695
4320 13680 16320 25680
4335 13665 16335 25665
4350 13650 16350 25650
4365 13635 16365 25635
4380 13620 16380 25620
4395 13605 16395 25605
4410 13590 16410 25590
4425 13575 16425 25575
4440 13560 16440 25560
4455 13545 16455 25545
4470 13530 16470 25530
4485 13515 16485 25515
4500 13500 16500 25500
4515 13485 16515 25485
4530 13470 16530 25470
4545 13455 16545 25455
4560 13440 16560 25440
4575 13425 16575 25425
4590 13410 16590 25410
4605 13395 16605 25395
4620 13380 16620 25380
4635 13365 16635 25365
4650 13350 16650 25350
4665 13335 16665 25335
4680 13320 16680 25320
4695 13305 16695 25305
4710 13290 16710 25290
4725 13275 16725 25275
4740 13260 16740 25260
4755 13245 16755 25245
4770 13230 16770 25230
4785 13215 16785 25215
4800 13200 16800 25200
4815 13185 16815 25185
4830 13170 16830 25170
4845 13155 16845 25155
4860 13140 16860 25140
4875 13125 16875 25125
4890 13110 16890 25110
4905 13095 16905 25095
4920 13080 16920 25080
4935 13065 16935 25065
4950 13050 16950 25050
4965 13035 16965 25035
4980 13020 16980 25020
4995 13005 16995 25005
5010 12990 17010 24990
5025 12975 17025 24975
5040 12960 17040 24960
5055 12945 17055 24945
5070 12930 17070 24930
5085 12915 17085 24915
5100 12900 17100 24900
5115 12885 17115 24885
5130 12870 17130 24870
5145 12855 17145 24855
5160 12840 17160 24840
5175 12825 17175 24825
5190 12810 17190 24810
5205 12795 17205 24795
5220 12780 17220 24780
5235 12765 17235 24765
5250 12750 17250 24750
5265 12735 17265 24735
5280 12720 17280 24720
5295 12705 17295 24705
5310 12690 17310 24690
5325 12675 17325 24675
5340 12660 17340 24660
5355 12645 17355 24645
5370 12630 17370 24630
5385 12615 17385 24615
5400 12600 17400 24600
5415 12585 17415 24585
5430 12570 17430 24570
5445 12555 17445 24555
5460 12540 17460 24540
5475 12525 17475 24525
5490 12510 17490 24510
5505 12495 17505 24495
5520 12480 17520 24480
5535 12465 17535 24465
5550 12450 17550 24450
5565 12435 17565 24435
5580 12420 17580 24420
5595 12405 17595 24405
5610 12390 17610 24390
5625 12375 17625 24375
5640 12360 17640 24360
5655 12345 17655 24345
5670 12330 17670 24330
5685 12315 17685 24315
5700 12300 17700 24300
5715 12285 17715 24285
5730 12270 17730 24270
5745 12255 17745 24255
5760 12240 17760 24240
5775 12225 17775 24225
5790 12210 17790 24210
5805 12195 17805 24195
5820 12180 17820 24180
5835 12165 17835 24165
5850 12150 17850 24150
5865 12135 17865 24135
5880 12120 17880 24120
5895 12105 17895 24105
5910 12090 17910 24090
5925 12075 17925 24075
5940 12060 17940 24060
5955 12045 17955 24045
5970 12030 17970 24030
5985 12015 17985 24015
6000 12000 18000 24000
6015 11985 18015 23985
6030 11970 18030 23970
6045 11955 18045 23955
6060 11940 18060 23940
6075 11925 18075 23925
6090 11910 18090 23910
6105 11895 18105 23895
6120 11880 18120 23880
6135 11865 18135 23865
6150 11850 18150 23850
6165 11835 18165 23835
6180 11820 18180 23820
6195 11805 18195 23805
6210 11790 18210 23790
6225 11775 18225 23775
6240 11760 18240 23760
6255 11745 18255 23745
6270 11730 18270 23730
6285 11715 18285 23715
6300 11700 18300 23700
6315 11685 18315 23685
6330 11670 18330 23670
6345 11655 18345 23655
6360 11640 18360 23640
6375 11625 18375 23625
6390 11610 18390 23610
6405 11595 18405 23595
6420 11580 18420 23580
6435 11565 18435 23565
6450 11550 18450 23550
6465 11535 18465 23535
6480 11520 18480 23520
6495 11505 18495 23505
6510 11490 18510 23490
6525 11475 18525 23475
6540 11460 18540 23460
6555 11445 18555 23445
6570 11430 18570 23430
6585 11415 18585 23415
6600 11400 18600 23400
6615 11385 18615 23385
6630 11370 18630 23370
6645 11355 18645 23355
6660 11340 18660 23340
6675 11325 18675 23325
6690 11310 18690 23310
6705 11295 18705 23295
6720 11280 18720 23280
6735 11265 18735 23265
6750 11250 18750 23250
6765 11235 18765 23235
6780 11220 18780 23220
6795 11205 18795 23205
6810 11190 18810 23190
6825 11175 18825 23175
6840 11160 18840 23160
6855 11145 18855 23145
6870 11130 18870 23130
6885 11115 18885 23115
6900 11100 18900 23100
6915 11085 18915 23085
6930 11070 18930 23070
6945 11055 18945 23055
6960 11040 18960 23040
6975 11025 18975 23025
6990 11010 18990 23010
7005 10995 19005 22995
7020 10980 19020 22980
7035 10965 19035 22965
7050 10950 19050 22950
7065 10935 19065 22935
7080 10920 19080 22920
7095 10905 19095 22905
7110 10890 19110 22890
7125 10875 19125 22875
7140 10860 19140 22860
7155 10845 19155 22845
7170 10830 19170 22830
7185 10815 19185 22815
7200 10800 19200 22800
7215 10785 19215 22785
7230 10770 19230 22770
7245 10755 19245 22755
7260 10740 19260 22740
7275 10725 19275 22725
7290 10710 19290 22710
7305 10695 19305 22695
7320 10680 19320 22680
7335 10665 19335 22665
7350 10650 19350 22650
7365 10635 19365 22635
7380 10620 19380 22620
7395 10605 19395 22605
7410 10590 19410 22590
7425 10575 19425 22575
7440 10560 19440 22560
7455 10545 19455 22545
7470 10530 19470 22530
7485 10515 19485 22515
7500 10500 19500 22500
7515 10485 19515 22485
7530 10470 19530 22470
7545 10455 19545 22455
7560 10440 19560 22440
7575 10425 19575 22425
7590 10410 19590 22410
7605 10395 19605 22395
7620 10380 19620 22380
7635 10365 19635 22365
7650 10350 19650 22350
7665 10335 19665 22335
7680 10320 19680 22320
7695 10305 19695 22305
7710 10290 19710 22290
7725 10275 19725 22275
7740 10260 19740 22260
7755 10245 19755 22245
7770 10230 19770 22230
7785 10215 19785 22215
7800 10200 19800 22200
7815 10185 19815 22185
7830 10170 19830 22170
7845 10155 19845 22155
7860 10140 19860 22140
7875 10125 19875 22125
7890 10110 19890 22110
7905 10095 19905 22095
7920 10080 19920 22080
7935 10065 19935 22065
7950 10050 19950 22050
7965 10035 19965 22035
7980 10020 19980 22020
7995 10005 19995 22005
8010 9990 20010 21990
8025 9975 20025 21975
8040 9960 20040 21960
8055 9945 20055 21945
8070 9930 20070 21930
8085 9915 20085 21915
8100 9900 20100 21900
8115 9885 20115 21885
8130 9870 20130 21870
8145 9855 20145 21855
8160 9840 20160 21840
8175 9825 20175 21825
8190 9810 20190 21810
8205 9795 20205 21795
8220 9780 20220 21780
8235 9765 20235 21765
8250 9750 20250 21750
8265 9735 20265 21735
8280 9720 20280 21720
8295 9705 20295 21705
8310 9690 20310 21690
8325 9675 20325 21675
8340 9660 20340 21660
8355 9645 20355 21645
8370 9630 20370 21630
8385 9615 20385 21615
8400 9600 20400 21600
8415 9585 20415 21585
8430 9570 20430 21570
8445 9555 20445 21555
8460 9540 20460 21540
8475 9525 20475 21525
8490 9510 20490 21510
8505 9495 20505 21495
8520 9480 20520 21480
8535 9465 20535 21465
8550 9450 20550 21450
8565 9435 20565 21435
8580 9420 20580 21420
8595 9405 20595 21405
8610 9390 20610 21390
8625 9375 20625 21375
8640 9360 20640 21360
8655 9345 20655 21345
8670 9330 20670 21330
8685 9315 20685 21315
8700 9300 20700 21300
8715 9285 20715 21285
8730 9270 20730 21270
8745 9255 20745 21255
8760 9240 20760 21240
8775 9225 20775 21225
8790 9210 20790 21210
8805 9195 20805 21195
8820 9180 20820 21180
8835 9165 20835 21165
8850 9150 20850 21150
8865 9135 20865 21135
8880 9120 20880 21120
8895 9105 20895 21105
8910 9090 20910 21090
8925 9075 20925 21075
8940 9060 20940 21060
8955 9045 20955 21045
8970 9030 20970 21030
8985 9015 20985 21015
9000 9000 21000 21000
9015 8985 21015 20985
9030 8970 21030 20970
9045 8955 21045 20955
9060 8940 21060 20940
9075 8925 21075 20925
9090 8910 21090 20910
9105 8895 21105 20895
9120 8880 21120 20880
9135 8865 21135 20865
9150 8850 21150 20850
9165 8835 21165 20835
9180 8820 21180 20820
9195 8805 21195 20805
9210 8790 21210 20790
9225 8775 21225 20775
9240 8760 21240 20760
9255 8745 21255 20745
9270 8730 21270 20730
9285 8715 21285 20715
9300 8700 21300 20700
9315 8685 21315 20685
9330 8670 21330 20670
9345 8655 21345 20655
9360 8640 21360 20640
9375 8625 21375 20625
9390 8610 21390 20610
9405 8595 21405 20595
9420 8580 21420 20580
9435 8565 21435 20565
9450 8550 21450 20550
9465 8535 21465 20535
9480 8520 21480 20520
9495 8505 21495 20505
9510 8490 21510 20490
9525 8475 21525 20475
9540 8460 21540 20460
9555 8445 21555 20445
9570 8430 21570 20430
9585 8415 21585 20415
9600 8400 21600 20400
9615 8385 21615 20385
9630 8370 21630 20370
9645 8355 21645 20355
9660 8340 21660 20340
9675 8325 21675 20325
9690 8310 21690 20310
9705 8295 21705 20295
9720 8280 21720 20280
9735 8265 21735 20265
9750 8250 21750 20250
9765 8235 21765 20235
9780 8220 21780 20220
9795 8205 21795 20205
9810 8190 21810 20190
9825 8175 21825 20175
9840 8160 21840 20160
9855 8145 21855 20145
9870 8130 21870 20130
9885 8115 21885 20115
9900 8100 21900 20100
9915 8085 21915 20085
9930 8070 21930 20070
9945 8055 21945 20055
9960 8040 21960 20040
9975 8025 21975 20025
9990 8010 21990 20010
10005 7995 22005 19995
10020 7980 22020 19980
10035 7965 22035 19965
10050 7950 22050 19950
10065 7935 22065 19935
10080 7920 22080 19920
10095 7905 22095 19905
10110 7890 22110 19890
10125 7875 22125 19875
10140 7860 22140 19860
10155 7845 22155 19845
10170 7830 22170 19830
10185 7815 22185 19815
10200 7800 22200 19800
10215 7785 22215 19785
10230 7770 22230 19770
10245 7755 22245 19755
10260 7740 22260 19740
10275 7725 22275 19725
10290 7710 22290 19710
10305 7695 22305 19695
10320 7680 22320 19680
10335 7665 22335 19665
10350 7650 22350 19650
10365 7635 22365 19635
10380 7620 22380 19620
10395 7605 22395 19605
10410 7590 22410 19590
10425 7575 22425 19575
10440 7560 22440 19560
10455 7545 22455 19545
10470 7530 22470 19530
10485 7515 22485 19515
10500 7500 22500 19500
10515 7485 22515 19485
10530 7470 22530 19470
10545 7455 22545 19455
10560 7440 22560 19440
10575 7425 22575 19425
10590 7410 22590 19410
10605 7395 22605 19395
10620 7380 22620 19380
10635 7365 22635 19365
10650 7350 22650 19350
10665 7335 22665 19335
10680 7320 22680 19320
10695 7305 22695 19305
10710 7290 22710 19290
10725 7275 22725 19275
10740 7260 22740 19260
10755 7245 22755 19245
10770 7230 22770 19230
10785 7215 22785 19215
10800 7200 22800 19200
10815 7185 22815 19185
10830 7170 22830 19170
10845 7155 22845 19155
10860 7140 22860 19140
10875 7125 22875 19125
10890 7110 22890 19110
10905 7095 22905 19095
10920 7080 22920 19080
10935 7065 22935 19065
10950 7050 22950 19050
10965 7035 22965 19035
10980 7020 22980 19020
10995 7005 22995 19005
11010 6990 23010 18990
11025 6975 23025 18975
11040 6960 23040 18960
11055 6945 23055 18945
11070 6930 23070 18930
11085 6915 23085 18915
11100 6900 23100 18900
11115 6885 23115 18885
11130 6870 23130 18870
11145 6855 23145 18855
11160 6840 23160 18840
11175 6825 23175 18825
11190 6810 23190 18810
11205 6795 23205 18795
11220 6780 23220 18780
11235 6765 23235 18765
11250 6750 23250 18750
11265 6735 23265 18735
11280 6720 23280 18720
11295 6705 23295 18705
11310 6690 23310 18690
11325 6675 23325 18675
11340 6660 23340 18660
11355 6645 23355 18645
11370 6630 23370 18630
11385 6615 23385 18615
11400 6600 23400 18600
11415 6585 23415 18585
11430 6570 23430 18570
11445 6555 23445 18555
11460 6540 23460 18540
11475 6525 23475 18525
11490 6510 23490 18510
11505 6495 23505 18495
11520 6480 23520 18480
11535 6465 23535 18465
11550 6450 23550 18450
11565 6435 23565 18435
11580 6420 23580 18420
11595 6405 23595 18405
11610 6390 23610 18390
11625 6375 23625 18375
11640 6360 23640 18360
11655 6345 23655 18345
11670 6330 23670 18330
11685 6315 23685 18315
11700 6300 23700 18300
11715 6285 23715 18285
11730 6270 23730 18270
11745 6255 23745 18255
11760 6240 23760 18240
11775 6225 23775 18225
11790 6210 23790 18210
11805 6195 23805 18195
11820 6180 23820 18180
11835 6165 23835 18165
11850 6150 23850 18150
11865 6135 23865 18135
11880 6120 23880 18120
11895 6105 23895 18105
11910 6090 23910 18090
11925 6075 23925 18075
11940 6060 23940 18060
11955 6045 23955 18045
11970 6030 23970 18030
11985 6015 23985 18015
12000 6000 24000 18000
12015 5985 24015 17985
12030 5970 24030 17970
12045 5955 24045 17955
12060 5940 24060 17940
12075 5925 24075 17925
12090 5910 24090 17910
12105 5895 24105 17895
12120 5880 24120 17880
12135 5865 24135 17865
12150 5850 24150 17850
12165 5835 24165 17835
12180 5820 24180 17820
12195 5805 24195 17805
12210 5790 24210 17790
12225 5775 24225 17775
12240 5760 24240 17760
12255 5745 24255 17745
12270 5730 24270 17730
12285 5715 24285 17715
12300 5700 24300 17700
12315 5685 24315 17685
12330 5670 24330 17670
12345 5655 24345 17655
12360 5640 24360 17640
12375 5625 24375 17625
12390 5610 24390 17610
12405 5595 24405 17595
12420 5580 24420 17580
12435 5565 24435 17565
12450 5550 24450 17550
12465 5535 24465 17535
12480 5520 24480 17520
12495 5505 24495 17505
12510 5490 24510 17490
12525 5475 24525 17475
12540 5460 24540 17460
12555 5445 24555 17445
12570 5430 24570 17430
12585 5415 24585 17415
12600 5400 24600 17400
12615 5385 24615 17385
12630 5370 24630 17370
12645 5355 24645 17355
12660 5340 24660 17340
12675 5325 24675 17325
12690 5310 24690 17310
12705 5295 24705 17295
12720 5280 24720 17280
12735 5265 24735 17265
12750 5250 24750 17250
12765 5235 24765 17235
12780 5220 24780 17220
12795 5205 24795 17205
12810 5190 24810 17190
12825 5175 24825 17175
12840 5160 24840 17160
12855 5145 24855 17145
12870 5130 24870 17130
12885 5115 24885 17115
12900 5100 24900 17100
12915 5085 24915 17085
12930 5070 24930 17070
12945 5055 24945 17055
12960 5040 24960 17040
12975 5025 24975 17025
12990 5010 24990 17010
13005 4995 25005 16995
13020 4980 25020 16980
13035 4965 25035 16965
13050 4950 25050 16950
13065 4935 25065 16935
13080 4920 25080 16920
13095 4905 25095 16905
13110 4890 25110 16890
13125 4875 25125 16875
13140 4860 25140 16860
13155 4845 25155 16845
13170 4830 25170 16830
13185 4815 25185 16815
13200 4800 25200 16800
13215 4785 25215 16785
13230 4770 25230 16770
13245 4755 25245 16755
13260 4740 25260 16740
13275 4725 25275 16725
13290 4710 25290 16710
13305 4695 25305 16695
13320 4680 25320 16680
13335 4665 25335 16665
13350 4650 25350 16650
13365 4635 25365 16635
13380 4620 25380 16620
13395 4605 25395 16605
13410 4590 25410 16590
13425 4575 25425 16575
13440 4560 25440 16560
13455 4545 25455 16545
13470 4530 25470 16530
13485 4515 25485 16515
13500 4500 25500 16500
13515 4485 25515 16485
13530 4470 25530 16470
13545 4455 25545 16455
13560 4440 25560 16440
13575 4425 25575 16425
13590 4410 25590 16410
13605 4395 25605 16395
13620 4380 25620 16380
13635 4365 25635 16365
13650 4350 25650 16350
13665 4335 25665 16335
13680 4320 25680 16320
13695 4305 25695 16305
13710 4290 25710 16290
13725 4275 25725 16275
13740 4260 25740 16260
13755 4245 25755 16245
13770 4230 25770 16230
13785 4215 25785 16215
13800 4200 25800 16200
13815 4185 25815 16185
13830 4170 25830 16170
13845 4155 25845 16155
13860 4140 25860 16140
13875 4125 25875 16125
13890 4110 25890 16110
13905 4095 25905 16095
13920 4080 25920 16080
13935 4065 25935 16065
13950 4050 25950 16050
13965 4035 25965 16035
13980 4020 25980 16020
13995 4005 25995 16005
14010 3990 26010 15990
14025 3975 26025 15975
14040 3960 26040 15960
14055 3945 26055 15945
14070 3930 26070 15930
14085 3915 26085 15915
14100 3900 26100 15900
14115 3885 26115 15885
14130 3870 26130 15870
14145 3855 26145 15855
14160 3840 26160 15840
14175 3825 26175 15825
14190 3810 26190 15810
14205 3795 26205 15795
14220 3780 26220 15780
14235 3765 26235 15765
14250 3750 26250 15750
14265 3735 26265 15735
14280 3720 26280 15720
14295 3705 26295 15705
14310 3690 26310 15690
14325 3675 26325 15675
14340 3660 26340 15660
14355 3645 26355 15645
14370 3630 26370 15630
14385 3615 26385 15615
14400 3600 26400 15600
14415 3585 26415 15585
14430 3570 26430 15570
14445 3555 26445 15555
14460 3540 26460 15540
14475 3525 26475 15525
14490 3510 26490 15510
14505 3495 26505 15495
14520 3480 26520 15480
14535 3465 26535 15465
14550 3450 26550 15450
14565 3435 26565 15435
14580 3420 26580 15420
14595 3405 26595 15405
14610 3390 26610 15390
14625 3375 26625 15375
14640 3360 26640 15360
14655 3345 26655 15345
14670 3330 26670 15330
14685 3315 26685 15315
14700 3300 26700 15300
14715 3285 26715 15285
14730 3270 26730 15270
14745 3255 26745 15255
14760 3240 26760 15240
14775 3225 26775 15225
14790 3210 26790 15210
14805 3195 26805 15195
14820 3180 26820 15180
14835 3165 26835 15165
14850 3150 26850 15150
14865 3135 26865 15135
14880 3120 26880 15120
14895 3105 26895 15105
14910 3090 26910 15090
14925 3075 26925 15075
14940 3060 26940 15060
14955 3045 26955 15045
14970 3030 26970 15030
14985 3015 26985 15015
