5000
0 0 30000 3
0 6 30000 9
0 12 30000 15
0 18 30000 21
0 24 30000 27
0 30 30000 33
0 36 30000 39
0 42 30000 45
0 48 30000 51
0 54 30000 57
0 60 30000 63
0 66 30000 69
0 72 30000 75
0 78 30000 81
0 84 30000 87
0 90 30000 93
0 96 30000 99
0 102 30000 105
0 108 30000 111
0 114 30000 117
0 120 30000 123
0 126 30000 129
0 132 30000 135
0 138 30000 141
0 144 30000 147
0 150 30000 153
0 156 30000 159
0 162 30000 165
0 168 30000 171
0 174 30000 177
0 180 30000 183
0 186 30000 189
0 192 30000 195
0 198 30000 201
0 204 30000 207
0 210 30000 213
0 216 30000 219
0 222 30000 225
0 228 30000 231
0 234 30000 237
0 240 30000 243
0 246 30000 249
0 252 30000 255
0 258 30000 261
0 264 30000 267
0 270 30000 273
0 276 30000 279
0 282 30000 285
0 288 30000 291
0 294 30000 297
0 300 30000 303
0 306 30000 309
0 312 30000 315
0 318 30000 321
0 324 30000 327
0 330 30000 333
0 336 30000 339
0 342 30000 345
0 348 30000 351
0 354 30000 357
0 360 30000 363
0 366 30000 369
0 372 30000 375
0 378 30000 381
0 384 30000 387
0 390 30000 393
0 396 30000 399
0 402 30000 405
0 408 30000 411
0 414 30000 417
0 420 30000 423
0 426 30000 429
0 432 30000 435
0 438 30000 441
0 444 30000 447
0 450 30000 453
0 456 30000 459
0 462 30000 465
0 468 30000 471
0 474 30000 477
0 480 30000 483
0 486 30000 489
0 492 30000 495
0 498 30000 501
0 504 30000 507
0 510 30000 513
0 516 30000 519
0 522 30000 525
0 528 30000 531
0 534 30000 537
0 540 30000 543
0 546 30000 549
0 552 30000 555
0 558 30000 561
0 564 30000 567
0 570 30000 573
0 576 30000 579
0 582 30000 585
0 588 30000 591
0 594 30000 597
0 600 30000 603
0 606 30000 609
0 612 30000 615
0 618 30000 621
0 624 30000 627
0 630 30000 633
0 636 30000 639
0 642 30000 645
0 648 30000 651
0 654 30000 657
0 660 30000 663
0 666 30000 669
0 672 30000 675
0 678 30000 681
0 684 30000 687
0 690 30000 693
0 696 30000 699
0 702 30000 705
0 708 30000 711
0 714 30000 717
0 720 30000 723
0 726 30000 729
0 732 30000 735
0 738 30000 741
0 744 30000 747
0 750 30000 753
0 756 30000 759
0 762 30000 765
0 768 30000 771
0 774 30000 777
0 780 30000 783
0 786 30000 789
0 792 30000 795
0 798 30000 801
0 804 30000 807
0 810 30000 813
0 816 30000 819
0 822 30000 825
0 828 30000 831
0 834 30000 837
0 840 30000 843
0 846 30000 849
0 852 30000 855
0 858 30000 861
0 864 30000 867
0 870 30000 873
0 876 30000 879
0 882 30000 885
0 888 30000 891
0 894 30000 897
0 900 30000 903
0 906 30000 909
0 912 30000 915
0 918 30000 921
0 924 30000 927
0 930 30000 933
0 936 30000 939
0 942 30000 945
0 948 30000 951
0 954 30000 957
0 960 30000 963
0 966 30000 969
0 972 30000 975
0 978 30000 981
0 984 30000 987
0 990 30000 993
0 996 30000 999
0 1002 30000 1005
0 1008 30000 1011
0 1014 30000 1017
0 1020 30000 1023
0 1026 30000 1029
0 1032 30000 1035
0 1038 30000 1041
0 1044 30000 1047
0 1050 30000 1053
0 1056 30000 1059
0 1062 30000 1065
0 1068 30000 1071
0 1074 30000 1077
0 1080 30000 1083
0 1086 30000 1089
0 1092 30000 1095
0 1098 30000 1101
0 1104 30000 1107
0 1110 30000 1113
0 1116 30000 1119
0 1122 30000 1125
0 1128 30000 1131
0 1134 30000 1137
0 1140 30000 1143
0 1146 30000 1149
0 1152 30000 1155
0 1158 30000 1161
0 1164 30000 1167
0 1170 30000 1173
0 1176 30000 1179
0 1182 30000 1185
0 1188 30000 1191
0 1194 30000 1197
0 1200 30000 1203
0 1206 30000 1209
0 1212 30000 1215
0 1218 30000 1221
0 1224 30000 1227
0 1230 30000 1233
0 1236 30000 1239
0 1242 30000 1245
0 1248 30000 1251
0 1254 30000 1257
0 1260 30000 1263
0 1266 30000 1269
0 1272 30000 1275
0 1278 30000 1281
0 1284 30000 1287
0 1290 30000 1293
0 1296 30000 1299
0 1302 30000 1305
0 1308 30000 1311
0 1314 30000 1317
0 1320 30000 1323
0 1326 30000 1329
0 1332 30000 1335
0 1338 30000 1341
0 1344 30000 1347
0 1350 30000 1353
0 1356 30000 1359
0 1362 30000 1365
0 1368 30000 1371
0 1374 30000 1377
0 1380 30000 1383
0 1386 30000 1389
0 1392 30000 1395
0 1398 30000 1401
0 1404 30000 1407
0 1410 30000 1413
0 1416 30000 1419
0 1422 30000 1425
0 1428 30000 1431
0 1434 30000 1437
0 1440 30000 1443
0 1446 30000 1449
0 1452 30000 1455
0 1458 30000 1461
0 1464 30000 1467
0 1470 30000 1473
0 1476 30000 1479
0 1482 30000 1485
0 1488 30000 1491
0 1494 30000 1497
0 1500 30000 1503
0 1506 30000 1509
0 1512 30000 1515
0 1518 30000 1521
0 1524 30000 1527
0 1530 30000 1533
0 1536 30000 1539
0 1542 30000 1545
0 1548 30000 1551
0 1554 30000 1557
0 1560 30000 1563
0 1566 30000 1569
0 1572 30000 1575
0 1578 30000 1581
0 1584 30000 1587
0 1590 30000 1593
0 1596 30000 1599
0 1602 30000 1605
0 1608 30000 1611
0 1614 30000 1617
0 1620 30000 1623
0 1626 30000 1629
0 1632 30000 1635
0 1638 30000 1641
0 1644 30000 1647
0 1650 30000 1653
0 1656 30000 1659
0 1662 30000 1665
0 1668 30000 1671
0 1674 30000 1677
0 1680 30000 1683
0 1686 30000 1689
0 1692 30000 1695
0 1698 30000 1701
0 1704 30000 1707
0 1710 30000 1713
0 1716 30000 1719
0 1722 30000 1725
0 1728 30000 1731
0 1734 30000 1737
0 1740 30000 1743
0 1746 30000 1749
0 1752 30000 1755
0 1758 30000 1761
0 1764 30000 1767
0 1770 30000 1773
0 1776 30000 1779
0 1782 30000 1785
0 1788 30000 1791
0 1794 30000 1797
0 1800 30000 1803
0 1806 30000 1809
0 1812 30000 1815
0 1818 30000 1821
0 1824 30000 1827
0 1830 30000 1833
0 1836 30000 1839
0 1842 30000 1845
0 1848 30000 1851
0 1854 30000 1857
0 1860 30000 1863
0 1866 30000 1869
0 1872 30000 1875
0 1878 30000 1881
0 1884 30000 1887
0 1890 30000 1893
0 1896 30000 1899
0 1902 30000 1905
0 1908 30000 1911
0 1914 30000 1917
0 1920 30000 1923
0 1926 30000 1929
0 1932 30000 1935
0 1938 30000 1941
0 1944 30000 1947
0 1950 30000 1953
0 1956 30000 1959
0 1962 30000 1965
0 1968 30000 1971
0 1974 30000 1977
0 1980 30000 1983
0 1986 30000 1989
0 1992 30000 1995
0 1998 30000 2001
0 2004 30000 2007
0 2010 30000 2013
0 2016 30000 2019
0 2022 30000 2025
0 2028 30000 2031
0 2034 30000 2037
0 2040 30000 2043
0 2046 30000 2049
0 2052 30000 2055
0 2058 30000 2061
0 2064 30000 2067
0 2070 30000 2073
0 2076 30000 2079
0 2082 30000 2085
0 2088 30000 2091
0 2094 30000 2097
0 2100 30000 2103
0 2106 30000 2109
0 2112 30000 2115
0 2118 30000 2121
0 2124 30000 2127
0 2130 30000 2133
0 2136 30000 2139
0 2142 30000 2145
0 2148 30000 2151
0 2154 30000 2157
0 2160 30000 2163
0 2166 30000 2169
0 2172 30000 2175
0 2178 30000 2181
0 2184 30000 2187
0 2190 30000 2193
0 2196 30000 2199
0 2202 30000 2205
0 2208 30000 2211
0 2214 30000 2217
0 2220 30000 2223
0 2226 30000 2229
0 2232 30000 2235
0 2238 30000 2241
0 2244 30000 2247
0 2250 30000 2253
0 2256 30000 2259
0 2262 30000 2265
0 2268 30000 2271
0 2274 30000 2277
0 2280 30000 2283
0 2286 30000 2289
0 2292 30000 2295
0 2298 30000 2301
0 2304 30000 2307
0 2310 30000 2313
0 2316 30000 2319
0 2322 30000 2325
0 2328 30000 2331
0 2334 30000 2337
0 2340 30000 2343
0 2346 30000 2349
0 2352 30000 2355
0 2358 30000 2361
0 2364 30000 2367
0 2370 30000 2373
0 2376 30000 2379
0 2382 30000 2385
0 2388 30000 2391
0 2394 30000 2397
0 2400 30000 2403
0 2406 30000 2409
0 2412 30000 2415
0 2418 30000 2421
0 2424 30000 2427
0 2430 30000 2433
0 2436 30000 2439
0 2442 30000 2445
0 2448 30000 2451
0 2454 30000 2457
0 2460 30000 2463
0 2466 30000 2469
0 2472 30000 2475
0 2478 30000 2481
0 2484 30000 2487
0 2490 30000 2493
0 2496 30000 2499
0 2502 30000 2505
0 2508 30000 2511
0 2514 30000 2517
0 2520 30000 2523
0 2526 30000 2529
0 2532 30000 2535
0 2538 30000 2541
0 2544 30000 2547
0 2550 30000 2553
0 2556 30000 2559
0 2562 30000 2565
0 2568 30000 2571
0 2574 30000 2577
0 2580 30000 2583
0 2586 30000 2589
0 2592 30000 2595
0 2598 30000 2601
0 2604 30000 2607
0 2610 30000 2613
0 2616 30000 2619
0 2622 30000 2625
0 2628 30000 2631
0 2634 30000 2637
0 2640 30000 2643
0 2646 30000 2649
0 2652 30000 2655
0 2658 30000 2661
0 2664 30000 2667
0 2670 30000 2673
0 2676 30000 2679
0 2682 30000 2685
0 2688 30000 2691
0 2694 30000 2697
0 2700 30000 2703
0 2706 30000 2709
0 2712 30000 2715
0 2718 30000 2721
0 2724 30000 2727
0 2730 30000 2733
0 2736 30000 2739
0 2742 30000 2745
0 2748 30000 2751
0 2754 30000 2757
0 2760 30000 2763
0 2766 30000 2769
0 2772 30000 2775
0 2778 30000 2781
0 2784 30000 2787
0 2790 30000 2793
0 2796 30000 2799
0 2802 30000 2805
0 2808 30000 2811
0 2814 30000 2817
0 2820 30000 2823
0 2826 30000 2829
0 2832 30000 2835
0 2838 30000 2841
0 2844 30000 2847
0 2850 30000 2853
0 2856 30000 2859
0 2862 30000 2865
0 2868 30000 2871
0 2874 30000 2877
0 2880 30000 2883
0 2886 30000 2889
0 2892 30000 2895
0 2898 30000 2901
0 2904 30000 2907
0 2910 30000 2913
0 2916 30000 2919
0 2922 30000 2925
0 2928 30000 2931
0 2934 30000 2937
0 2940 30000 2943
0 2946 30000 2949
0 2952 30000 2955
0 2958 30000 2961
0 2964 30000 2967
0 2970 30000 2973
0 2976 30000 2979
0 2982 30000 2985
0 2988 30000 2991
0 2994 30000 2997
0 3000 30000 3003
0 3006 30000 3009
0 3012 30000 3015
0 3018 30000 3021
0 3024 30000 3027
0 3030 30000 3033
0 3036 30000 3039
0 3042 30000 3045
0 3048 30000 3051
0 3054 30000 3057
0 3060 30000 3063
0 3066 30000 3069
0 3072 30000 3075
0 3078 30000 3081
0 3084 30000 3087
0 3090 30000 3093
0 3096 30000 3099
0 3102 30000 3105
0 3108 30000 3111
0 3114 30000 3117
0 3120 30000 3123
0 3126 30000 3129
0 3132 30000 3135
0 3138 30000 3141
0 3144 30000 3147
0 3150 30000 3153
0 3156 30000 3159
0 3162 30000 3165
0 3168 30000 3171
0 3174 30000 3177
0 3180 30000 3183
0 3186 30000 3189
0 3192 30000 3195
0 3198 30000 3201
0 3204 30000 3207
0 3210 30000 3213
0 3216 30000 3219
0 3222 30000 3225
0 3228 30000 3231
0 3234 30000 3237
0 3240 30000 3243
0 3246 30000 3249
0 3252 30000 3255
0 3258 30000 3261
0 3264 30000 3267
0 3270 30000 3273
0 3276 30000 3279
0 3282 30000 3285
0 3288 30000 3291
0 3294 30000 3297
0 3300 30000 3303
0 3306 30000 3309
0 3312 30000 3315
0 3318 30000 3321
0 3324 30000 3327
0 3330 30000 3333
0 3336 30000 3339
0 3342 30000 3345
0 3348 30000 3351
0 3354 30000 3357
0 3360 30000 3363
0 3366 30000 3369
0 3372 30000 3375
0 3378 30000 3381
0 3384 30000 3387
0 3390 30000 3393
0 3396 30000 3399
0 3402 30000 3405
0 3408 30000 3411
0 3414 30000 3417
0 3420 30000 3423
0 3426 30000 3429
0 3432 30000 3435
0 3438 30000 3441
0 3444 30000 3447
0 3450 30000 3453
0 3456 30000 3459
0 3462 30000 3465
0 3468 30000 3471
0 3474 30000 3477
0 3480 30000 3483
0 3486 30000 3489
0 3492 30000 3495
0 3498 30000 3501
0 3504 30000 3507
0 3510 30000 3513
0 3516 30000 3519
0 3522 30000 3525
0 3528 30000 3531
0 3534 30000 3537
0 3540 30000 3543
0 3546 30000 3549
0 3552 30000 3555
0 3558 30000 3561
0 3564 30000 3567
0 3570 30000 3573
0 3576 30000 3579
0 3582 30000 3585
0 3588 30000 3591
0 3594 30000 3597
0 3600 30000 3603
0 3606 30000 3609
0 3612 30000 3615
0 3618 30000 3621
0 3624 30000 3627
0 3630 30000 3633
0 3636 30000 3639
0 3642 30000 3645
0 3648 30000 3651
0 3654 30000 3657
0 3660 30000 3663
0 3666 30000 3669
0 3672 30000 3675
0 3678 30000 3681
0 3684 30000 3687
0 3690 30000 3693
0 3696 30000 3699
0 3702 30000 3705
0 3708 30000 3711
0 3714 30000 3717
0 3720 30000 3723
0 3726 30000 3729
0 3732 30000 3735
0 3738 30000 3741
0 3744 30000 3747
0 3750 30000 3753
0 3756 30000 3759
0 3762 30000 3765
0 3768 30000 3771
0 3774 30000 3777
0 3780 30000 3783
0 3786 30000 3789
0 3792 30000 3795
0 3798 30000 3801
0 3804 30000 3807
0 3810 30000 3813
0 3816 30000 3819
0 3822 30000 3825
0 3828 30000 3831
0 3834 30000 3837
0 3840 30000 3843
0 3846 30000 3849
0 3852 30000 3855
0 3858 30000 3861
0 3864 30000 3867
0 3870 30000 3873
0 3876 30000 3879
0 3882 30000 3885
0 3888 30000 3891
0 3894 30000 3897
0 3900 30000 3903
0 3906 30000 3909
0 3912 30000 3915
0 3918 30000 3921
0 3924 30000 3927
0 3930 30000 3933
0 3936 30000 3939
0 3942 30000 3945
0 3948 30000 3951
0 3954 30000 3957
0 3960 30000 3963
0 3966 30000 3969
0 3972 30000 3975
0 3978 30000 3981
0 3984 30000 3987
0 3990 30000 3993
0 3996 30000 3999
0 4002 30000 4005
0 4008 30000 4011
0 4014 30000 4017
0 4020 30000 4023
0 4026 30000 4029
0 4032 30000 4035
0 4038 30000 4041
0 4044 30000 4047
0 4050 30000 4053
0 4056 30000 4059
0 4062 30000 4065
0 4068 30000 4071
0 4074 30000 4077
0 4080 30000 4083
0 4086 30000 4089
0 4092 30000 4095
0 4098 30000 4101
0 4104 30000 4107
0 4110 30000 4113
0 4116 30000 4119
0 4122 30000 4125
0 4128 30000 4131
0 4134 30000 4137
0 4140 30000 4143
0 4146 30000 4149
0 4152 30000 4155
0 4158 30000 4161
0 4164 30000 4167
0 4170 30000 4173
0 4176 30000 4179
0 4182 30000 4185
0 4188 30000 4191
0 4194 30000 4197
0 4200 30000 4203
0 4206 30000 4209
0 4212 30000 4215
0 4218 30000 4221
0 4224 30000 4227
0 4230 30000 4233
0 4236 30000 4239
0 4242 30000 4245
0 4248 30000 4251
0 4254 30000 4257
0 4260 30000 4263
0 4266 30000 4269
0 4272 30000 4275
0 4278 30000 4281
0 4284 30000 4287
0 4290 30000 4293
0 4296 30000 4299
0 4302 30000 4305
0 4308 30000 4311
0 4314 30000 4317
0 4320 30000 4323
0 4326 30000 4329
0 4332 30000 4335
0 4338 30000 4341
0 4344 30000 4347
0 4350 30000 4353
0 4356 30000 4359
0 4362 30000 4365
0 4368 30000 4371
0 4374 30000 4377
0 4380 30000 4383
0 4386 30000 4389
0 4392 30000 4395
0 4398 30000 4401
0 4404 30000 4407
0 4410 30000 4413
0 4416 30000 4419
0 4422 30000 4425
0 4428 30000 4431
0 4434 30000 4437
0 4440 30000 4443
0 4446 30000 4449
0 4452 30000 4455
0 4458 30000 4461
0 4464 30000 4467
0 4470 30000 4473
0 4476 30000 4479
0 4482 30000 4485
0 4488 30000 4491
0 4494 30000 4497
0 4500 30000 4503
0 4506 30000 4509
0 4512 30000 4515
0 4518 30000 4521
0 4524 30000 4527
0 4530 30000 4533
0 4536 30000 4539
0 4542 30000 4545
0 4548 30000 4551
0 4554 30000 4557
0 4560 30000 4563
0 4566 30000 4569
0 4572 30000 4575
0 4578 30000 4581
0 4584 30000 4587
0 4590 30000 4593
0 4596 30000 4599
0 4602 30000 4605
0 4608 30000 4611
0 4614 30000 4617
0 4620 30000 4623
0 4626 30000 4629
0 4632 30000 4635
0 4638 30000 4641
0 4644 30000 4647
0 4650 30000 4653
0 4656 30000 4659
0 4662 30000 4665
0 4668 30000 4671
0 4674 30000 4677
0 4680 30000 4683
0 4686 30000 4689
0 4692 30000 4695
0 4698 30000 4701
0 4704 30000 4707
0 4710 30000 4713
0 4716 30000 4719
0 4722 30000 4725
0 4728 30000 4731
0 4734 30000 4737
0 4740 30000 4743
0 4746 30000 4749
0 4752 30000 4755
0 4758 30000 4761
0 4764 30000 4767
0 4770 30000 4773
0 4776 30000 4779
0 4782 30000 4785
0 4788 30000 4791
0 4794 30000 4797
0 4800 30000 4803
0 4806 30000 4809
0 4812 30000 4815
0 4818 30000 4821
0 4824 30000 4827
0 4830 30000 4833
0 4836 30000 4839
0 4842 30000 4845
0 4848 30000 4851
0 4854 30000 4857
0 4860 30000 4863
0 4866 30000 4869
0 4872 30000 4875
0 4878 30000 4881
0 4884 30000 4887
0 4890 30000 4893
0 4896 30000 4899
0 4902 30000 4905
0 4908 30000 4911
0 4914 30000 4917
0 4920 30000 4923
0 4926 30000 4929
0 4932 30000 4935
0 4938 30000 4941
0 4944 30000 4947
0 4950 30000 4953
0 4956 30000 4959
0 4962 30000 4965
0 4968 30000 4971
0 4974 30000 4977
0 4980 30000 4983
0 4986 30000 4989
0 4992 30000 4995
0 4998 30000 5001
0 5004 30000 5007
0 5010 30000 5013
0 5016 30000 5019
0 5022 30000 5025
0 5028 30000 5031
0 5034 30000 5037
0 5040 30000 5043
0 5046 30000 5049
0 5052 30000 5055
0 5058 30000 5061
0 5064 30000 5067
0 5070 30000 5073
0 5076 30000 5079
0 5082 30000 5085
0 5088 30000 5091
0 5094 30000 5097
0 5100 30000 5103
0 5106 30000 5109
0 5112 30000 5115
0 5118 30000 5121
0 5124 30000 5127
0 5130 30000 5133
0 5136 30000 5139
0 5142 30000 5145
0 5148 30000 5151
0 5154 30000 5157
0 5160 30000 5163
0 5166 30000 5169
0 5172 30000 5175
0 5178 30000 5181
0 5184 30000 5187
0 5190 30000 5193
0 5196 30000 5199
0 5202 30000 5205
0 5208 30000 5211
0 5214 30000 5217
0 5220 30000 5223
0 5226 30000 5229
0 5232 30000 5235
0 5238 30000 5241
0 5244 30000 5247
0 5250 30000 5253
0 5256 30000 5259
0 5262 30000 5265
0 5268 30000 5271
0 5274 30000 5277
0 5280 30000 5283
0 5286 30000 5289
0 5292 30000 5295
0 5298 30000 5301
0 5304 30000 5307
0 5310 30000 5313
0 5316 30000 5319
0 5322 30000 5325
0 5328 30000 5331
0 5334 30000 5337
0 5340 30000 5343
0 5346 30000 5349
0 5352 30000 5355
0 5358 30000 5361
0 5364 30000 5367
0 5370 30000 5373
0 5376 30000 5379
0 5382 30000 5385
0 5388 30000 5391
0 5394 30000 5397
0 5400 30000 5403
0 5406 30000 5409
0 5412 30000 5415
0 5418 30000 5421
0 5424 30000 5427
0 5430 30000 5433
0 5436 30000 5439
0 5442 30000 5445
0 5448 30000 5451
0 5454 30000 5457
0 5460 30000 5463
0 5466 30000 5469
0 5472 30000 5475
0 5478 30000 5481
0 5484 30000 5487
0 5490 30000 5493
0 5496 30000 5499
0 5502 30000 5505
0 5508 30000 5511
0 5514 30000 5517
0 5520 30000 5523
0 5526 30000 5529
0 5532 30000 5535
0 5538 30000 5541
0 5544 30000 5547
0 5550 30000 5553
0 5556 30000 5559
0 5562 30000 5565
0 5568 30000 5571
0 5574 30000 5577
0 5580 30000 5583
0 5586 30000 5589
0 5592 30000 5595
0 5598 30000 5601
0 5604 30000 5607
0 5610 30000 5613
0 5616 30000 5619
0 5622 30000 5625
0 5628 30000 5631
0 5634 30000 5637
0 5640 30000 5643
0 5646 30000 5649
0 5652 30000 5655
0 5658 30000 5661
0 5664 30000 5667
0 5670 30000 5673
0 5676 30000 5679
0 5682 30000 5685
0 5688 30000 5691
0 5694 30000 5697
0 5700 30000 5703
0 5706 30000 5709
0 5712 30000 5715
0 5718 30000 5721
0 5724 30000 5727
0 5730 30000 5733
0 5736 30000 5739
0 5742 30000 5745
0 5748 30000 5751
0 5754 30000 5757
0 5760 30000 5763
0 5766 30000 5769
0 5772 30000 5775
0 5778 30000 5781
0 5784 30000 5787
0 5790 30000 5793
0 5796 30000 5799
0 5802 30000 5805
0 5808 30000 5811
0 5814 30000 5817
0 5820 30000 5823
0 5826 30000 5829
0 5832 30000 5835
0 5838 30000 5841
0 5844 30000 5847
0 5850 30000 5853
0 5856 30000 5859
0 5862 30000 5865
0 5868 30000 5871
0 5874 30000 5877
0 5880 30000 5883
0 5886 30000 5889
0 5892 30000 5895
0 5898 30000 5901
0 5904 30000 5907
0 5910 30000 5913
0 5916 30000 5919
0 5922 30000 5925
0 5928 30000 5931
0 5934 30000 5937
0 5940 30000 5943
0 5946 30000 5949
0 5952 30000 5955
0 5958 30000 5961
0 5964 30000 5967
0 5970 30000 5973
0 5976 30000 5979
0 5982 30000 5985
0 5988 30000 5991
0 5994 30000 5997
0 6000 30000 6003
0 6006 30000 6009
0 6012 30000 6015
0 6018 30000 6021
0 6024 30000 6027
0 6030 30000 6033
0 6036 30000 6039
0 6042 30000 6045
0 6048 30000 6051
0 6054 30000 6057
0 6060 30000 6063
0 6066 30000 6069
0 6072 30000 6075
0 6078 30000 6081
0 6084 30000 6087
0 6090 30000 6093
0 6096 30000 6099
0 6102 30000 6105
0 6108 30000 6111
0 6114 30000 6117
0 6120 30000 6123
0 6126 30000 6129
0 6132 30000 6135
0 6138 30000 6141
0 6144 30000 6147
0 6150 30000 6153
0 6156 30000 6159
0 6162 30000 6165
0 6168 30000 6171
0 6174 30000 6177
0 6180 30000 6183
0 6186 30000 6189
0 6192 30000 6195
0 6198 30000 6201
0 6204 30000 6207
0 6210 30000 6213
0 6216 30000 6219
0 6222 30000 6225
0 6228 30000 6231
0 6234 30000 6237
0 6240 30000 6243
0 6246 30000 6249
0 6252 30000 6255
0 6258 30000 6261
0 6264 30000 6267
0 6270 30000 6273
0 6276 30000 6279
0 6282 30000 6285
0 6288 30000 6291
0 6294 30000 6297
0 6300 30000 6303
0 6306 30000 6309
0 6312 30000 6315
0 6318 30000 6321
0 6324 30000 6327
0 6330 30000 6333
0 6336 30000 6339
0 6342 30000 6345
0 6348 30000 6351
0 6354 30000 6357
0 6360 30000 6363
0 6366 30000 6369
0 6372 30000 6375
0 6378 30000 6381
0 6384 30000 6387
0 6390 30000 6393
0 6396 30000 6399
0 6402 30000 6405
0 6408 30000 6411
0 6414 30000 6417
0 6420 30000 6423
0 6426 30000 6429
0 6432 30000 6435
0 6438 30000 6441
0 6444 30000 6447
0 6450 30000 6453
0 6456 30000 6459
0 6462 30000 6465
0 6468 30000 6471
0 6474 30000 6477
0 6480 30000 6483
0 6486 30000 6489
0 6492 30000 6495
0 6498 30000 6501
0 6504 30000 6507
0 6510 30000 6513
0 6516 30000 6519
0 6522 30000 6525
0 6528 30000 6531
0 6534 30000 6537
0 6540 30000 6543
0 6546 30000 6549
0 6552 30000 6555
0 6558 30000 6561
0 6564 30000 6567
0 6570 30000 6573
0 6576 30000 6579
0 6582 30000 6585
0 6588 30000 6591
0 6594 30000 6597
0 6600 30000 6603
0 6606 30000 6609
0 6612 30000 6615
0 6618 30000 6621
0 6624 30000 6627
0 6630 30000 6633
0 6636 30000 6639
0 6642 30000 6645
0 6648 30000 6651
0 6654 30000 6657
0 6660 30000 6663
0 6666 30000 6669
0 6672 30000 6675
0 6678 30000 6681
0 6684 30000 6687
0 6690 30000 6693
0 6696 30000 6699
0 6702 30000 6705
0 6708 30000 6711
0 6714 30000 6717
0 6720 30000 6723
0 6726 30000 6729
0 6732 30000 6735
0 6738 30000 6741
0 6744 30000 6747
0 6750 30000 6753
0 6756 30000 6759
0 6762 30000 6765
0 6768 30000 6771
0 6774 30000 6777
0 6780 30000 6783
0 6786 30000 6789
0 6792 30000 6795
0 6798 30000 6801
0 6804 30000 6807
0 6810 30000 6813
0 6816 30000 6819
0 6822 30000 6825
0 6828 30000 6831
0 6834 30000 6837
0 6840 30000 6843
0 6846 30000 6849
0 6852 30000 6855
0 6858 30000 6861
0 6864 30000 6867
0 6870 30000 6873
0 6876 30000 6879
0 6882 30000 6885
0 6888 30000 6891
0 6894 30000 6897
0 6900 30000 6903
0 6906 30000 6909
0 6912 30000 6915
0 6918 30000 6921
0 6924 30000 6927
0 6930 30000 6933
0 6936 30000 6939
0 6942 30000 6945
0 6948 30000 6951
0 6954 30000 6957
0 6960 30000 6963
0 6966 30000 6969
0 6972 30000 6975
0 6978 30000 6981
0 6984 30000 6987
0 6990 30000 6993
0 6996 30000 6999
0 7002 30000 7005
0 7008 30000 7011
0 7014 30000 7017
0 7020 30000 7023
0 7026 30000 7029
0 7032 30000 7035
0 7038 30000 7041
0 7044 30000 7047
0 7050 30000 7053
0 7056 30000 7059
0 7062 30000 7065
0 7068 30000 7071
0 7074 30000 7077
0 7080 30000 7083
0 7086 30000 7089
0 7092 30000 7095
0 7098 30000 7101
0 7104 30000 7107
0 7110 30000 7113
0 7116 30000 7119
0 7122 30000 7125
0 7128 30000 7131
0 7134 30000 7137
0 7140 30000 7143
0 7146 30000 7149
0 7152 30000 7155
0 7158 30000 7161
0 7164 30000 7167
0 7170 30000 7173
0 7176 30000 7179
0 7182 30000 7185
0 7188 30000 7191
0 7194 30000 7197
0 7200 30000 7203
0 7206 30000 7209
0 7212 30000 7215
0 7218 30000 7221
0 7224 30000 7227
0 7230 30000 7233
0 7236 30000 7239
0 7242 30000 7245
0 7248 30000 7251
0 7254 30000 7257
0 7260 30000 7263
0 7266 30000 7269
0 7272 30000 7275
0 7278 30000 7281
0 7284 30000 7287
0 7290 30000 7293
0 7296 30000 7299
0 7302 30000 7305
0 7308 30000 7311
0 7314 30000 7317
0 7320 30000 7323
0 7326 30000 7329
0 7332 30000 7335
0 7338 30000 7341
0 7344 30000 7347
0 7350 30000 7353
0 7356 30000 7359
0 7362 30000 7365
0 7368 30000 7371
0 7374 30000 7377
0 7380 30000 7383
0 7386 30000 7389
0 7392 30000 7395
0 7398 30000 7401
0 7404 30000 7407
0 7410 30000 7413
0 7416 30000 7419
0 7422 30000 7425
0 7428 30000 7431
0 7434 30000 7437
0 7440 30000 7443
0 7446 30000 7449
0 7452 30000 7455
0 7458 30000 7461
0 7464 30000 7467
0 7470 30000 7473
0 7476 30000 7479
0 7482 30000 7485
0 7488 30000 7491
0 7494 30000 7497
0 7500 30000 7503
0 7506 30000 7509
0 7512 30000 7515
0 7518 30000 7521
0 7524 30000 7527
0 7530 30000 7533
0 7536 30000 7539
0 7542 30000 7545
0 7548 30000 7551
0 7554 30000 7557
0 7560 30000 7563
0 7566 30000 7569
0 7572 30000 7575
0 7578 30000 7581
0 7584 30000 7587
0 7590 30000 7593
0 7596 30000 7599
0 7602 30000 7605
0 7608 30000 7611
0 7614 30000 7617
0 7620 30000 7623
0 7626 30000 7629
0 7632 30000 7635
0 7638 30000 7641
0 7644 30000 7647
0 7650 30000 7653
0 7656 30000 7659
0 7662 30000 7665
0 7668 30000 7671
0 7674 30000 7677
0 7680 30000 7683
0 7686 30000 7689
0 7692 30000 7695
0 7698 30000 7701
0 7704 30000 7707
0 7710 30000 7713
0 7716 30000 7719
0 7722 30000 7725
0 7728 30000 7731
0 7734 30000 7737
0 7740 30000 7743
0 7746 30000 7749
0 7752 30000 7755
0 7758 30000 7761
0 7764 30000 7767
0 7770 30000 7773
0 7776 30000 7779
0 7782 30000 7785
0 7788 30000 7791
0 7794 30000 7797
0 7800 30000 7803
0 7806 30000 7809
0 7812 30000 7815
0 7818 30000 7821
0 7824 30000 7827
0 7830 30000 7833
0 7836 30000 7839
0 7842 30000 7845
0 7848 30000 7851
0 7854 30000 7857
0 7860 30000 7863
0 7866 30000 7869
0 7872 30000 7875
0 7878 30000 7881
0 7884 30000 7887
0 7890 30000 7893
0 7896 30000 7899
0 7902 30000 7905
0 7908 30000 7911
0 7914 30000 7917
0 7920 30000 7923
0 7926 30000 7929
0 7932 30000 7935
0 7938 30000 7941
0 7944 30000 7947
0 7950 30000 7953
0 7956 30000 7959
0 7962 30000 7965
0 7968 30000 7971
0 7974 30000 7977
0 7980 30000 7983
0 7986 30000 7989
0 7992 30000 7995
0 7998 30000 8001
0 8004 30000 8007
0 8010 30000 8013
0 8016 30000 8019
0 8022 30000 8025
0 8028 30000 8031
0 8034 30000 8037
0 8040 30000 8043
0 8046 30000 8049
0 8052 30000 8055
0 8058 30000 8061
0 8064 30000 8067
0 8070 30000 8073
0 8076 30000 8079
0 8082 30000 8085
0 8088 30000 8091
0 8094 30000 8097
0 8100 30000 8103
0 8106 30000 8109
0 8112 30000 8115
0 8118 30000 8121
0 8124 30000 8127
0 8130 30000 8133
0 8136 30000 8139
0 8142 30000 8145
0 8148 30000 8151
0 8154 30000 8157
0 8160 30000 8163
0 8166 30000 8169
0 8172 30000 8175
0 8178 30000 8181
0 8184 30000 8187
0 8190 30000 8193
0 8196 30000 8199
0 8202 30000 8205
0 8208 30000 8211
0 8214 30000 8217
0 8220 30000 8223
0 8226 30000 8229
0 8232 30000 8235
0 8238 30000 8241
0 8244 30000 8247
0 8250 30000 8253
0 8256 30000 8259
0 8262 30000 8265
0 8268 30000 8271
0 8274 30000 8277
0 8280 30000 8283
0 8286 30000 8289
0 8292 30000 8295
0 8298 30000 8301
0 8304 30000 8307
0 8310 30000 8313
0 8316 30000 8319
0 8322 30000 8325
0 8328 30000 8331
0 8334 30000 8337
0 8340 30000 8343
0 8346 30000 8349
0 8352 30000 8355
0 8358 30000 8361
0 8364 30000 8367
0 8370 30000 8373
0 8376 30000 8379
0 8382 30000 8385
0 8388 30000 8391
0 8394 30000 8397
0 8400 30000 8403
0 8406 30000 8409
0 8412 30000 8415
0 8418 30000 8421
0 8424 30000 8427
0 8430 30000 8433
0 8436 30000 8439
0 8442 30000 8445
0 8448 30000 8451
0 8454 30000 8457
0 8460 30000 8463
0 8466 30000 8469
0 8472 30000 8475
0 8478 30000 8481
0 8484 30000 8487
0 8490 30000 8493
0 8496 30000 8499
0 8502 30000 8505
0 8508 30000 8511
0 8514 30000 8517
0 8520 30000 8523
0 8526 30000 8529
0 8532 30000 8535
0 8538 30000 8541
0 8544 30000 8547
0 8550 30000 8553
0 8556 30000 8559
0 8562 30000 8565
0 8568 30000 8571
0 8574 30000 8577
0 8580 30000 8583
0 8586 30000 8589
0 8592 30000 8595
0 8598 30000 8601
0 8604 30000 8607
0 8610 30000 8613
0 8616 30000 8619
0 8622 30000 8625
0 8628 30000 8631
0 8634 30000 8637
0 8640 30000 8643
0 8646 30000 8649
0 8652 30000 8655
0 8658 30000 8661
0 8664 30000 8667
0 8670 30000 8673
0 8676 30000 8679
0 8682 30000 8685
0 8688 30000 8691
0 8694 30000 8697
0 8700 30000 8703
0 8706 30000 8709
0 8712 30000 8715
0 8718 30000 8721
0 8724 30000 8727
0 8730 30000 8733
0 8736 30000 8739
0 8742 30000 8745
0 8748 30000 8751
0 8754 30000 8757
0 8760 30000 8763
0 8766 30000 8769
0 8772 30000 8775
0 8778 30000 8781
0 8784 30000 8787
0 8790 30000 8793
0 8796 30000 8799
0 8802 30000 8805
0 8808 30000 8811
0 8814 30000 8817
0 8820 30000 8823
0 8826 30000 8829
0 8832 30000 8835
0 8838 30000 8841
0 8844 30000 8847
0 8850 30000 8853
0 8856 30000 8859
0 8862 30000 8865
0 8868 30000 8871
0 8874 30000 8877
0 8880 30000 8883
0 8886 30000 8889
0 8892 30000 8895
0 8898 30000 8901
0 8904 30000 8907
0 8910 30000 8913
0 8916 30000 8919
0 8922 30000 8925
0 8928 30000 8931
0 8934 30000 8937
0 8940 30000 8943
0 8946 30000 8949
0 8952 30000 8955
0 8958 30000 8961
0 8964 30000 8967
0 8970 30000 8973
0 8976 30000 8979
0 8982 30000 8985
0 8988 30000 8991
0 8994 30000 8997
0 9000 30000 9003
0 9006 30000 9009
0 9012 30000 9015
0 9018 30000 9021
0 9024 30000 9027
0 9030 30000 9033
0 9036 30000 9039
0 9042 30000 9045
0 9048 30000 9051
0 9054 30000 9057
0 9060 30000 9063
0 9066 30000 9069
0 9072 30000 9075
0 9078 30000 9081
0 9084 30000 9087
0 9090 30000 9093
0 9096 30000 9099
0 9102 30000 9105
0 9108 30000 9111
0 9114 30000 9117
0 9120 30000 9123
0 9126 30000 9129
0 9132 30000 9135
0 9138 30000 9141
0 9144 30000 9147
0 9150 30000 9153
0 9156 30000 9159
0 9162 30000 9165
0 9168 30000 9171
0 9174 30000 9177
0 9180 30000 9183
0 9186 30000 9189
0 9192 30000 9195
0 9198 30000 9201
0 9204 30000 9207
0 9210 30000 9213
0 9216 30000 9219
0 9222 30000 9225
0 9228 30000 9231
0 9234 30000 9237
0 9240 30000 9243
0 9246 30000 9249
0 9252 30000 9255
0 9258 30000 9261
0 9264 30000 9267
0 9270 30000 9273
0 9276 30000 9279
0 9282 30000 9285
0 9288 30000 9291
0 9294 30000 9297
0 9300 30000 9303
0 9306 30000 9309
0 9312 30000 9315
0 9318 30000 9321
0 9324 30000 9327
0 9330 30000 9333
0 9336 30000 9339
0 9342 30000 9345
0 9348 30000 9351
0 9354 30000 9357
0 9360 30000 9363
0 9366 30000 9369
0 9372 30000 9375
0 9378 30000 9381
0 9384 30000 9387
0 9390 30000 9393
0 9396 30000 9399
0 9402 30000 9405
0 9408 30000 9411
0 9414 30000 9417
0 9420 30000 9423
0 9426 30000 9429
0 9432 30000 9435
0 9438 30000 9441
0 9444 30000 9447
0 9450 30000 9453
0 9456 30000 9459
0 9462 30000 9465
0 9468 30000 9471
0 9474 30000 9477
0 9480 30000 9483
0 9486 30000 9489
0 9492 30000 9495
0 9498 30000 9501
0 9504 30000 9507
0 9510 30000 9513
0 9516 30000 9519
0 9522 30000 9525
0 9528 30000 9531
0 9534 30000 9537
0 9540 30000 9543
0 9546 30000 9549
0 9552 30000 9555
0 9558 30000 9561
0 9564 30000 9567
0 9570 30000 9573
0 9576 30000 9579
0 9582 30000 9585
0 9588 30000 9591
0 9594 30000 9597
0 9600 30000 9603
0 9606 30000 9609
0 9612 30000 9615
0 9618 30000 9621
0 9624 30000 9627
0 9630 30000 9633
0 9636 30000 9639
0 9642 30000 9645
0 9648 30000 9651
0 9654 30000 9657
0 9660 30000 9663
0 9666 30000 9669
0 9672 30000 9675
0 9678 30000 9681
0 9684 30000 9687
0 9690 30000 9693
0 9696 30000 9699
0 9702 30000 9705
0 9708 30000 9711
0 9714 30000 9717
0 9720 30000 9723
0 9726 30000 9729
0 9732 30000 9735
0 9738 30000 9741
0 9744 30000 9747
0 9750 30000 9753
0 9756 30000 9759
0 9762 30000 9765
0 9768 30000 9771
0 9774 30000 9777
0 9780 30000 9783
0 9786 30000 9789
0 9792 30000 9795
0 9798 30000 9801
0 9804 30000 9807
0 9810 30000 9813
0 9816 30000 9819
0 9822 30000 9825
0 9828 30000 9831
0 9834 30000 9837
0 9840 30000 9843
0 9846 30000 9849
0 9852 30000 9855
0 9858 30000 9861
0 9864 30000 9867
0 9870 30000 9873
0 9876 30000 9879
0 9882 30000 9885
0 9888 30000 9891
0 9894 30000 9897
0 9900 30000 9903
0 9906 30000 9909
0 9912 30000 9915
0 9918 30000 9921
0 9924 30000 9927
0 9930 30000 9933
0 9936 30000 9939
0 9942 30000 9945
0 9948 30000 9951
0 9954 30000 9957
0 9960 30000 9963
0 9966 30000 9969
0 9972 30000 9975
0 9978 30000 9981
0 9984 30000 9987
0 9990 30000 9993
0 9996 30000 9999
0 10002 30000 10005
0 10008 30000 10011
0 10014 30000 10017
0 10020 30000 10023
0 10026 30000 10029
0 10032 30000 10035
0 10038 30000 10041
0 10044 30000 10047
0 10050 30000 10053
0 10056 30000 10059
0 10062 30000 10065
0 10068 30000 10071
0 10074 30000 10077
0 10080 30000 10083
0 10086 30000 10089
0 10092 30000 10095
0 10098 30000 10101
0 10104 30000 10107
0 10110 30000 10113
0 10116 30000 10119
0 10122 30000 10125
0 10128 30000 10131
0 10134 30000 10137
0 10140 30000 10143
0 10146 30000 10149
0 10152 30000 10155
0 10158 30000 10161
0 10164 30000 10167
0 10170 30000 10173
0 10176 30000 10179
0 10182 30000 10185
0 10188 30000 10191
0 10194 30000 10197
0 10200 30000 10203
0 10206 30000 10209
0 10212 30000 10215
0 10218 30000 10221
0 10224 30000 10227
0 10230 30000 10233
0 10236 30000 10239
0 10242 30000 10245
0 10248 30000 10251
0 10254 30000 10257
0 10260 30000 10263
0 10266 30000 10269
0 10272 30000 10275
0 10278 30000 10281
0 10284 30000 10287
0 10290 30000 10293
0 10296 30000 10299
0 10302 30000 10305
0 10308 30000 10311
0 10314 30000 10317
0 10320 30000 10323
0 10326 30000 10329
0 10332 30000 10335
0 10338 30000 10341
0 10344 30000 10347
0 10350 30000 10353
0 10356 30000 10359
0 10362 30000 10365
0 10368 30000 10371
0 10374 30000 10377
0 10380 30000 10383
0 10386 30000 10389
0 10392 30000 10395
0 10398 30000 10401
0 10404 30000 10407
0 10410 30000 10413
0 10416 30000 10419
0 10422 30000 10425
0 10428 30000 10431
0 10434 30000 10437
0 10440 30000 10443
0 10446 30000 10449
0 10452 30000 10455
0 10458 30000 10461
0 10464 30000 10467
0 10470 30000 10473
0 10476 30000 10479
0 10482 30000 10485
0 10488 30000 10491
0 10494 30000 10497
0 10500 30000 10503
0 10506 30000 10509
0 10512 30000 10515
0 10518 30000 10521
0 10524 30000 10527
0 10530 30000 10533
0 10536 30000 10539
0 10542 30000 10545
0 10548 30000 10551
0 10554 30000 10557
0 10560 30000 10563
0 10566 30000 10569
0 10572 30000 10575
0 10578 30000 10581
0 10584 30000 10587
0 10590 30000 10593
0 10596 30000 10599
0 10602 30000 10605
0 10608 30000 10611
0 10614 30000 10617
0 10620 30000 10623
0 10626 30000 10629
0 10632 30000 10635
0 10638 30000 10641
0 10644 30000 10647
0 10650 30000 10653
0 10656 30000 10659
0 10662 30000 10665
0 10668 30000 10671
0 10674 30000 10677
0 10680 30000 10683
0 10686 30000 10689
0 10692 30000 10695
0 10698 30000 10701
0 10704 30000 10707
0 10710 30000 10713
0 10716 30000 10719
0 10722 30000 10725
0 10728 30000 10731
0 10734 30000 10737
0 10740 30000 10743
0 10746 30000 10749
0 10752 30000 10755
0 10758 30000 10761
0 10764 30000 10767
0 10770 30000 10773
0 10776 30000 10779
0 10782 30000 10785
0 10788 30000 10791
0 10794 30000 10797
0 10800 30000 10803
0 10806 30000 10809
0 10812 30000 10815
0 10818 30000 10821
0 10824 30000 10827
0 10830 30000 10833
0 10836 30000 10839
0 10842 30000 10845
0 10848 30000 10851
0 10854 30000 10857
0 10860 30000 10863
0 10866 30000 10869
0 10872 30000 10875
0 10878 30000 10881
0 10884 30000 10887
0 10890 30000 10893
0 10896 30000 10899
0 10902 30000 10905
0 10908 30000 10911
0 10914 30000 10917
0 10920 30000 10923
0 10926 30000 10929
0 10932 30000 10935
0 10938 30000 10941
0 10944 30000 10947
0 10950 30000 10953
0 10956 30000 10959
0 10962 30000 10965
0 10968 30000 10971
0 10974 30000 10977
0 10980 30000 10983
0 10986 30000 10989
0 10992 30000 10995
0 10998 30000 11001
0 11004 30000 11007
0 11010 30000 11013
0 11016 30000 11019
0 11022 30000 11025
0 11028 30000 11031
0 11034 30000 11037
0 11040 30000 11043
0 11046 30000 11049
0 11052 30000 11055
0 11058 30000 11061
0 11064 30000 11067
0 11070 30000 11073
0 11076 30000 11079
0 11082 30000 11085
0 11088 30000 11091
0 11094 30000 11097
0 11100 30000 11103
0 11106 30000 11109
0 11112 30000 11115
0 11118 30000 11121
0 11124 30000 11127
0 11130 30000 11133
0 11136 30000 11139
0 11142 30000 11145
0 11148 30000 11151
0 11154 30000 11157
0 11160 30000 11163
0 11166 30000 11169
0 11172 30000 11175
0 11178 30000 11181
0 11184 30000 11187
0 11190 30000 11193
0 11196 30000 11199
0 11202 30000 11205
0 11208 30000 11211
0 11214 30000 11217
0 11220 30000 11223
0 11226 30000 11229
0 11232 30000 11235
0 11238 30000 11241
0 11244 30000 11247
0 11250 30000 11253
0 11256 30000 11259
0 11262 30000 11265
0 11268 30000 11271
0 11274 30000 11277
0 11280 30000 11283
0 11286 30000 11289
0 11292 30000 11295
0 11298 30000 11301
0 11304 30000 11307
0 11310 30000 11313
0 11316 30000 11319
0 11322 30000 11325
0 11328 30000 11331
0 11334 30000 11337
0 11340 30000 11343
0 11346 30000 11349
0 11352 30000 11355
0 11358 30000 11361
0 11364 30000 11367
0 11370 30000 11373
0 11376 30000 11379
0 11382 30000 11385
0 11388 30000 11391
0 11394 30000 11397
0 11400 30000 11403
0 11406 30000 11409
0 11412 30000 11415
0 11418 30000 11421
0 11424 30000 11427
0 11430 30000 11433
0 11436 30000 11439
0 11442 30000 11445
0 11448 30000 11451
0 11454 30000 11457
0 11460 30000 11463
0 11466 30000 11469
0 11472 30000 11475
0 11478 30000 11481
0 11484 30000 11487
0 11490 30000 11493
0 11496 30000 11499
0 11502 30000 11505
0 11508 30000 11511
0 11514 30000 11517
0 11520 30000 11523
0 11526 30000 11529
0 11532 30000 11535
0 11538 30000 11541
0 11544 30000 11547
0 11550 30000 11553
0 11556 30000 11559
0 11562 30000 11565
0 11568 30000 11571
0 11574 30000 11577
0 11580 30000 11583
0 11586 30000 11589
0 11592 30000 11595
0 11598 30000 11601
0 11604 30000 11607
0 11610 30000 11613
0 11616 30000 11619
0 11622 30000 11625
0 11628 30000 11631
0 11634 30000 11637
0 11640 30000 11643
0 11646 30000 11649
0 11652 30000 11655
0 11658 30000 11661
0 11664 30000 11667
0 11670 30000 11673
0 11676 30000 11679
0 11682 30000 11685
0 11688 30000 11691
0 11694 30000 11697
0 11700 30000 11703
0 11706 30000 11709
0 11712 30000 11715
0 11718 30000 11721
0 11724 30000 11727
0 11730 30000 11733
0 11736 30000 11739
0 11742 30000 11745
0 11748 30000 11751
0 11754 30000 11757
0 11760 30000 11763
0 11766 30000 11769
0 11772 30000 11775
0 11778 30000 11781
0 11784 30000 11787
0 11790 30000 11793
0 11796 30000 11799
0 11802 30000 11805
0 11808 30000 11811
0 11814 30000 11817
0 11820 30000 11823
0 11826 30000 11829
0 11832 30000 11835
0 11838 30000 11841
0 11844 30000 11847
0 11850 30000 11853
0 11856 30000 11859
0 11862 30000 11865
0 11868 30000 11871
0 11874 30000 11877
0 11880 30000 11883
0 11886 30000 11889
0 11892 30000 11895
0 11898 30000 11901
0 11904 30000 11907
0 11910 30000 11913
0 11916 30000 11919
0 11922 30000 11925
0 11928 30000 11931
0 11934 30000 11937
0 11940 30000 11943
0 11946 30000 11949
0 11952 30000 11955
0 11958 30000 11961
0 11964 30000 11967
0 11970 30000 11973
0 11976 30000 11979
0 11982 30000 11985
0 11988 30000 11991
0 11994 30000 11997
0 12000 30000 12003
0 12006 30000 12009
0 12012 30000 12015
0 12018 30000 12021
0 12024 30000 12027
0 12030 30000 12033
0 12036 30000 12039
0 12042 30000 12045
0 12048 30000 12051
0 12054 30000 12057
0 12060 30000 12063
0 12066 30000 12069
0 12072 30000 12075
0 12078 30000 12081
0 12084 30000 12087
0 12090 30000 12093
0 12096 30000 12099
0 12102 30000 12105
0 12108 30000 12111
0 12114 30000 12117
0 12120 30000 12123
0 12126 30000 12129
0 12132 30000 12135
0 12138 30000 12141
0 12144 30000 12147
0 12150 30000 12153
0 12156 30000 12159
0 12162 30000 12165
0 12168 30000 12171
0 12174 30000 12177
0 12180 30000 12183
0 12186 30000 12189
0 12192 30000 12195
0 12198 30000 12201
0 12204 30000 12207
0 12210 30000 12213
0 12216 30000 12219
0 12222 30000 12225
0 12228 30000 12231
0 12234 30000 12237
0 12240 30000 12243
0 12246 30000 12249
0 12252 30000 12255
0 12258 30000 12261
0 12264 30000 12267
0 12270 30000 12273
0 12276 30000 12279
0 12282 30000 12285
0 12288 30000 12291
0 12294 30000 12297
0 12300 30000 12303
0 12306 30000 12309
0 12312 30000 12315
0 12318 30000 12321
0 12324 30000 12327
0 12330 30000 12333
0 12336 30000 12339
0 12342 30000 12345
0 12348 30000 12351
0 12354 30000 12357
0 12360 30000 12363
0 12366 30000 12369
0 12372 30000 12375
0 12378 30000 12381
0 12384 30000 12387
0 12390 30000 12393
0 12396 30000 12399
0 12402 30000 12405
0 12408 30000 12411
0 12414 30000 12417
0 12420 30000 12423
0 12426 30000 12429
0 12432 30000 12435
0 12438 30000 12441
0 12444 30000 12447
0 12450 30000 12453
0 12456 30000 12459
0 12462 30000 12465
0 12468 30000 12471
0 12474 30000 12477
0 12480 30000 12483
0 12486 30000 12489
0 12492 30000 12495
0 12498 30000 12501
0 12504 30000 12507
0 12510 30000 12513
0 12516 30000 12519
0 12522 30000 12525
0 12528 30000 12531
0 12534 30000 12537
0 12540 30000 12543
0 12546 30000 12549
0 12552 30000 12555
0 12558 30000 12561
0 12564 30000 12567
0 12570 30000 12573
0 12576 30000 12579
0 12582 30000 12585
0 12588 30000 12591
0 12594 30000 12597
0 12600 30000 12603
0 12606 30000 12609
0 12612 30000 12615
0 12618 30000 12621
0 12624 30000 12627
0 12630 30000 12633
0 12636 30000 12639
0 12642 30000 12645
0 12648 30000 12651
0 12654 30000 12657
0 12660 30000 12663
0 12666 30000 12669
0 12672 30000 12675
0 12678 30000 12681
0 12684 30000 12687
0 12690 30000 12693
0 12696 30000 12699
0 12702 30000 12705
0 12708 30000 12711
0 12714 30000 12717
0 12720 30000 12723
0 12726 30000 12729
0 12732 30000 12735
0 12738 30000 12741
0 12744 30000 12747
0 12750 30000 12753
0 12756 30000 12759
0 12762 30000 12765
0 12768 30000 12771
0 12774 30000 12777
0 12780 30000 12783
0 12786 30000 12789
0 12792 30000 12795
0 12798 30000 12801
0 12804 30000 12807
0 12810 30000 12813
0 12816 30000 12819
0 12822 30000 12825
0 12828 30000 12831
0 12834 30000 12837
0 12840 30000 12843
0 12846 30000 12849
0 12852 30000 12855
0 12858 30000 12861
0 12864 30000 12867
0 12870 30000 12873
0 12876 30000 12879
0 12882 30000 12885
0 12888 30000 12891
0 12894 30000 12897
0 12900 30000 12903
0 12906 30000 12909
0 12912 30000 12915
0 12918 30000 12921
0 12924 30000 12927
0 12930 30000 12933
0 12936 30000 12939
0 12942 30000 12945
0 12948 30000 12951
0 12954 30000 12957
0 12960 30000 12963
0 12966 30000 12969
0 12972 30000 12975
0 12978 30000 12981
0 12984 30000 12987
0 12990 30000 12993
0 12996 30000 12999
0 13002 30000 13005
0 13008 30000 13011
0 13014 30000 13017
0 13020 30000 13023
0 13026 30000 13029
0 13032 30000 13035
0 13038 30000 13041
0 13044 30000 13047
0 13050 30000 13053
0 13056 30000 13059
0 13062 30000 13065
0 13068 30000 13071
0 13074 30000 13077
0 13080 30000 13083
0 13086 30000 13089
0 13092 30000 13095
0 13098 30000 13101
0 13104 30000 13107
0 13110 30000 13113
0 13116 30000 13119
0 13122 30000 13125
0 13128 30000 13131
0 13134 30000 13137
0 13140 30000 13143
0 13146 30000 13149
0 13152 30000 13155
0 13158 30000 13161
0 13164 30000 13167
0 13170 30000 13173
0 13176 30000 13179
0 13182 30000 13185
0 13188 30000 13191
0 13194 30000 13197
0 13200 30000 13203
0 13206 30000 13209
0 13212 30000 13215
0 13218 30000 13221
0 13224 30000 13227
0 13230 30000 13233
0 13236 30000 13239
0 13242 30000 13245
0 13248 30000 13251
0 13254 30000 13257
0 13260 30000 13263
0 13266 30000 13269
0 13272 30000 13275
0 13278 30000 13281
0 13284 30000 13287
0 13290 30000 13293
0 13296 30000 13299
0 13302 30000 13305
0 13308 30000 13311
0 13314 30000 13317
0 13320 30000 13323
0 13326 30000 13329
0 13332 30000 13335
0 13338 30000 13341
0 13344 30000 13347
0 13350 30000 13353
0 13356 30000 13359
0 13362 30000 13365
0 13368 30000 13371
0 13374 30000 13377
0 13380 30000 13383
0 13386 30000 13389
0 13392 30000 13395
0 13398 30000 13401
0 13404 30000 13407
0 13410 30000 13413
0 13416 30000 13419
0 13422 30000 13425
0 13428 30000 13431
0 13434 30000 13437
0 13440 30000 13443
0 13446 30000 13449
0 13452 30000 13455
0 13458 30000 13461
0 13464 30000 13467
0 13470 30000 13473
0 13476 30000 13479
0 13482 30000 13485
0 13488 30000 13491
0 13494 30000 13497
0 13500 30000 13503
0 13506 30000 13509
0 13512 30000 13515
0 13518 30000 13521
0 13524 30000 13527
0 13530 30000 13533
0 13536 30000 13539
0 13542 30000 13545
0 13548 30000 13551
0 13554 30000 13557
0 13560 30000 13563
0 13566 30000 13569
0 13572 30000 13575
0 13578 30000 13581
0 13584 30000 13587
0 13590 30000 13593
0 13596 30000 13599
0 13602 30000 13605
0 13608 30000 13611
0 13614 30000 13617
0 13620 30000 13623
0 13626 30000 13629
0 13632 30000 13635
0 13638 30000 13641
0 13644 30000 13647
0 13650 30000 13653
0 13656 30000 13659
0 13662 30000 13665
0 13668 30000 13671
0 13674 30000 13677
0 13680 30000 13683
0 13686 30000 13689
0 13692 30000 13695
0 13698 30000 13701
0 13704 30000 13707
0 13710 30000 13713
0 13716 30000 13719
0 13722 30000 13725
0 13728 30000 13731
0 13734 30000 13737
0 13740 30000 13743
0 13746 30000 13749
0 13752 30000 13755
0 13758 30000 13761
0 13764 30000 13767
0 13770 30000 13773
0 13776 30000 13779
0 13782 30000 13785
0 13788 30000 13791
0 13794 30000 13797
0 13800 30000 13803
0 13806 30000 13809
0 13812 30000 13815
0 13818 30000 13821
0 13824 30000 13827
0 13830 30000 13833
0 13836 30000 13839
0 13842 30000 13845
0 13848 30000 13851
0 13854 30000 13857
0 13860 30000 13863
0 13866 30000 13869
0 13872 30000 13875
0 13878 30000 13881
0 13884 30000 13887
0 13890 30000 13893
0 13896 30000 13899
0 13902 30000 13905
0 13908 30000 13911
0 13914 30000 13917
0 13920 30000 13923
0 13926 30000 13929
0 13932 30000 13935
0 13938 30000 13941
0 13944 30000 13947
0 13950 30000 13953
0 13956 30000 13959
0 13962 30000 13965
0 13968 30000 13971
0 13974 30000 13977
0 13980 30000 13983
0 13986 30000 13989
0 13992 30000 13995
0 13998 30000 14001
0 14004 30000 14007
0 14010 30000 14013
0 14016 30000 14019
0 14022 30000 14025
0 14028 30000 14031
0 14034 30000 14037
0 14040 30000 14043
0 14046 30000 14049
0 14052 30000 14055
0 14058 30000 14061
0 14064 30000 14067
0 14070 30000 14073
0 14076 30000 14079
0 14082 30000 14085
0 14088 30000 14091
0 14094 30000 14097
0 14100 30000 14103
0 14106 30000 14109
0 14112 30000 14115
0 14118 30000 14121
0 14124 30000 14127
0 14130 30000 14133
0 14136 30000 14139
0 14142 30000 14145
0 14148 30000 14151
0 14154 30000 14157
0 14160 30000 14163
0 14166 30000 14169
0 14172 30000 14175
0 14178 30000 14181
0 14184 30000 14187
0 14190 30000 14193
0 14196 30000 14199
0 14202 30000 14205
0 14208 30000 14211
0 14214 30000 14217
0 14220 30000 14223
0 14226 30000 14229
0 14232 30000 14235
0 14238 30000 14241
0 14244 30000 14247
0 14250 30000 14253
0 14256 30000 14259
0 14262 30000 14265
0 14268 30000 14271
0 14274 30000 14277
0 14280 30000 14283
0 14286 30000 14289
0 14292 30000 14295
0 14298 30000 14301
0 14304 30000 14307
0 14310 30000 14313
0 14316 30000 14319
0 14322 30000 14325
0 14328 30000 14331
0 14334 30000 14337
0 14340 30000 14343
0 14346 30000 14349
0 14352 30000 14355
0 14358 30000 14361
0 14364 30000 14367
0 14370 30000 14373
0 14376 30000 14379
0 14382 30000 14385
0 14388 30000 14391
0 14394 30000 14397
0 14400 30000 14403
0 14406 30000 14409
0 14412 30000 14415
0 14418 30000 14421
0 14424 30000 14427
0 14430 30000 14433
0 14436 30000 14439
0 14442 30000 14445
0 14448 30000 14451
0 14454 30000 14457
0 14460 30000 14463
0 14466 30000 14469
0 14472 30000 14475
0 14478 30000 14481
0 14484 30000 14487
0 14490 30000 14493
0 14496 30000 14499
0 14502 30000 14505
0 14508 30000 14511
0 14514 30000 14517
0 14520 30000 14523
0 14526 30000 14529
0 14532 30000 14535
0 14538 30000 14541
0 14544 30000 14547
0 14550 30000 14553
0 14556 30000 14559
0 14562 30000 14565
0 14568 30000 14571
0 14574 30000 14577
0 14580 30000 14583
0 14586 30000 14589
0 14592 30000 14595
0 14598 30000 14601
0 14604 30000 14607
0 14610 30000 14613
0 14616 30000 14619
0 14622 30000 14625
0 14628 30000 14631
0 14634 30000 14637
0 14640 30000 14643
0 14646 30000 14649
0 14652 30000 14655
0 14658 30000 14661
0 14664 30000 14667
0 14670 30000 14673
0 14676 30000 14679
0 14682 30000 14685
0 14688 30000 14691
0 14694 30000 14697
0 14700 30000 14703
0 14706 30000 14709
0 14712 30000 14715
0 14718 30000 14721
0 14724 30000 14727
0 14730 30000 14733
0 14736 30000 14739
0 14742 30000 14745
0 14748 30000 14751
0 14754 30000 14757
0 14760 30000 14763
0 14766 30000 14769
0 14772 30000 14775
0 14778 30000 14781
0 14784 30000 14787
0 14790 30000 14793
0 14796 30000 14799
0 14802 30000 14805
0 14808 30000 14811
0 14814 30000 14817
0 14820 30000 14823
0 14826 30000 14829
0 14832 30000 14835
0 14838 30000 14841
0 14844 30000 14847
0 14850 30000 14853
0 14856 30000 14859
0 14862 30000 14865
0 14868 30000 14871
0 14874 30000 14877
0 14880 30000 14883
0 14886 30000 14889
0 14892 30000 14895
0 14898 30000 14901
0 14904 30000 14907
0 14910 30000 14913
0 14916 30000 14919
0 14922 30000 14925
0 14928 30000 14931
0 14934 30000 14937
0 14940 30000 14943
0 14946 30000 14949
0 14952 30000 14955
0 14958 30000 14961
0 14964 30000 14967
0 14970 30000 14973
0 14976 30000 14979
0 14982 30000 14985
0 14988 30000 14991
0 14994 30000 14997
0 0 3 30000
6 0 9 30000
12 0 15 30000
18 0 21 30000
24 0 27 30000
30 0 33 30000
36 0 39 30000
42 0 45 30000
48 0 51 30000
54 0 57 30000
60 0 63 30000
66 0 69 30000
72 0 75 30000
78 0 81 30000
84 0 87 30000
90 0 93 30000
96 0 99 30000
102 0 105 30000
108 0 111 30000
114 0 117 30000
120 0 123 30000
126 0 129 30000
132 0 135 30000
138 0 141 30000
144 0 147 30000
150 0 153 30000
156 0 159 30000
162 0 165 30000
168 0 171 30000
174 0 177 30000
180 0 183 30000
186 0 189 30000
192 0 195 30000
198 0 201 30000
204 0 207 30000
210 0 213 30000
216 0 219 30000
222 0 225 30000
228 0 231 30000
234 0 237 30000
240 0 243 30000
246 0 249 30000
252 0 255 30000
258 0 261 30000
264 0 267 30000
270 0 273 30000
276 0 279 30000
282 0 285 30000
288 0 291 30000
294 0 297 30000
300 0 303 30000
306 0 309 30000
312 0 315 30000
318 0 321 30000
324 0 327 30000
330 0 333 30000
336 0 339 30000
342 0 345 30000
348 0 351 30000
354 0 357 30000
360 0 363 30000
366 0 369 30000
372 0 375 30000
378 0 381 30000
384 0 387 30000
390 0 393 30000
396 0 399 30000
402 0 405 30000
408 0 411 30000
414 0 417 30000
420 0 423 30000
426 0 429 30000
432 0 435 30000
438 0 441 30000
444 0 447 30000
450 0 453 30000
456 0 459 30000
462 0 465 30000
468 0 471 30000
474 0 477 30000
480 0 483 30000
486 0 489 30000
492 0 495 30000
498 0 501 30000
504 0 507 30000
510 0 513 30000
516 0 519 30000
522 0 525 30000
528 0 531 30000
534 0 537 30000
540 0 543 30000
546 0 549 30000
552 0 555 30000
558 0 561 30000
564 0 567 30000
570 0 573 30000
576 0 579 30000
582 0 585 30000
588 0 591 30000
594 0 597 30000
600 0 603 30000
606 0 609 30000
612 0 615 30000
618 0 621 30000
624 0 627 30000
630 0 633 30000
636 0 639 30000
642 0 645 30000
648 0 651 30000
654 0 657 30000
660 0 663 30000
666 0 669 30000
672 0 675 30000
678 0 681 30000
684 0 687 30000
690 0 693 30000
696 0 699 30000
702 0 705 30000
708 0 711 30000
714 0 717 30000
720 0 723 30000
726 0 729 30000
732 0 735 30000
738 0 741 30000
744 0 747 30000
750 0 753 30000
756 0 759 30000
762 0 765 30000
768 0 771 30000
774 0 777 30000
780 0 783 30000
786 0 789 30000
792 0 795 30000
798 0 801 30000
804 0 807 30000
810 0 813 30000
816 0 819 30000
822 0 825 30000
828 0 831 30000
834 0 837 30000
840 0 843 30000
846 0 849 30000
852 0 855 30000
858 0 861 30000
864 0 867 30000
870 0 873 30000
876 0 879 30000
882 0 885 30000
888 0 891 30000
894 0 897 30000
900 0 903 30000
906 0 909 30000
912 0 915 30000
918 0 921 30000
924 0 927 30000
930 0 933 30000
936 0 939 30000
942 0 945 30000
948 0 951 30000
954 0 957 30000
960 0 963 30000
966 0 969 30000
972 0 975 30000
978 0 981 30000
984 0 987 30000
990 0 993 30000
996 0 999 30000
1002 0 1005 30000
1008 0 1011 30000
1014 0 1017 30000
1020 0 1023 30000
1026 0 1029 30000
1032 0 1035 30000
1038 0 1041 30000
1044 0 1047 30000
1050 0 1053 30000
1056 0 1059 30000
1062 0 1065 30000
1068 0 1071 30000
1074 0 1077 30000
1080 0 1083 30000
1086 0 1089 30000
1092 0 1095 30000
1098 0 1101 30000
1104 0 1107 30000
1110 0 1113 30000
1116 0 1119 30000
1122 0 1125 30000
1128 0 1131 30000
1134 0 1137 30000
1140 0 1143 30000
1146 0 1149 30000
1152 0 1155 30000
1158 0 1161 30000
1164 0 1167 30000
1170 0 1173 30000
1176 0 1179 30000
1182 0 1185 30000
1188 0 1191 30000
1194 0 1197 30000
1200 0 1203 30000
1206 0 1209 30000
1212 0 1215 30000
1218 0 1221 30000
1224 0 1227 30000
1230 0 1233 30000
1236 0 1239 30000
1242 0 1245 30000
1248 0 1251 30000
1254 0 1257 30000
1260 0 1263 30000
1266 0 1269 30000
1272 0 1275 30000
1278 0 1281 30000
1284 0 1287 30000
1290 0 1293 30000
1296 0 1299 30000
1302 0 1305 30000
1308 0 1311 30000
1314 0 1317 30000
1320 0 1323 30000
1326 0 1329 30000
1332 0 1335 30000
1338 0 1341 30000
1344 0 1347 30000
1350 0 1353 30000
1356 0 1359 30000
1362 0 1365 30000
1368 0 1371 30000
1374 0 1377 30000
1380 0 1383 30000
1386 0 1389 30000
1392 0 1395 30000
1398 0 1401 30000
1404 0 1407 30000
1410 0 1413 30000
1416 0 1419 30000
1422 0 1425 30000
1428 0 1431 30000
1434 0 1437 30000
1440 0 1443 30000
1446 0 1449 30000
1452 0 1455 30000
1458 0 1461 30000
1464 0 1467 30000
1470 0 1473 30000
1476 0 1479 30000
1482 0 1485 30000
1488 0 1491 30000
1494 0 1497 30000
1500 0 1503 30000
1506 0 1509 30000
1512 0 1515 30000
1518 0 1521 30000
1524 0 1527 30000
1530 0 1533 30000
1536 0 1539 30000
1542 0 1545 30000
1548 0 1551 30000
1554 0 1557 30000
1560 0 1563 30000
1566 0 1569 30000
1572 0 1575 30000
1578 0 1581 30000
1584 0 1587 30000
1590 0 1593 30000
1596 0 1599 30000
1602 0 1605 30000
1608 0 1611 30000
1614 0 1617 30000
1620 0 1623 30000
1626 0 1629 30000
1632 0 1635 30000
1638 0 1641 30000
1644 0 1647 30000
1650 0 1653 30000
1656 0 1659 30000
1662 0 1665 30000
1668 0 1671 30000
1674 0 1677 30000
1680 0 1683 30000
1686 0 1689 30000
1692 0 1695 30000
1698 0 1701 30000
1704 0 1707 30000
1710 0 1713 30000
1716 0 1719 30000
1722 0 1725 30000
1728 0 1731 30000
1734 0 1737 30000
1740 0 1743 30000
1746 0 1749 30000
1752 0 1755 30000
1758 0 1761 30000
1764 0 1767 30000
1770 0 1773 30000
1776 0 1779 30000
1782 0 1785 30000
1788 0 1791 30000
1794 0 1797 30000
1800 0 1803 30000
1806 0 1809 30000
1812 0 1815 30000
1818 0 1821 30000
1824 0 1827 30000
1830 0 1833 30000
1836 0 1839 30000
1842 0 1845 30000
1848 0 1851 30000
1854 0 1857 30000
1860 0 1863 30000
1866 0 1869 30000
1872 0 1875 30000
1878 0 1881 30000
1884 0 1887 30000
1890 0 1893 30000
1896 0 1899 30000
1902 0 1905 30000
1908 0 1911 30000
1914 0 1917 30000
1920 0 1923 30000
1926 0 1929 30000
1932 0 1935 30000
1938 0 1941 30000
1944 0 1947 30000
1950 0 1953 30000
1956 0 1959 30000
1962 0 1965 30000
1968 0 1971 30000
1974 0 1977 30000
1980 0 1983 30000
1986 0 1989 30000
1992 0 1995 30000
1998 0 2001 30000
2004 0 2007 30000
2010 0 2013 30000
2016 0 2019 30000
2022 0 2025 30000
2028 0 2031 30000
2034 0 2037 30000
2040 0 2043 30000
2046 0 2049 30000
2052 0 2055 30000
2058 0 2061 30000
2064 0 2067 30000
2070 0 2073 30000
2076 0 2079 30000
2082 0 2085 30000
2088 0 2091 30000
2094 0 2097 30000
2100 0 2103 30000
2106 0 2109 30000
2112 0 2115 30000
2118 0 2121 30000
2124 0 2127 30000
2130 0 2133 30000
2136 0 2139 30000
2142 0 2145 30000
2148 0 2151 30000
2154 0 2157 30000
2160 0 2163 30000
2166 0 2169 30000
2172 0 2175 30000
2178 0 2181 30000
2184 0 2187 30000
2190 0 2193 30000
2196 0 2199 30000
2202 0 2205 30000
2208 0 2211 30000
2214 0 2217 30000
2220 0 2223 30000
2226 0 2229 30000
2232 0 2235 30000
2238 0 2241 30000
2244 0 2247 30000
2250 0 2253 30000
2256 0 2259 30000
2262 0 2265 30000
2268 0 2271 30000
2274 0 2277 30000
2280 0 2283 30000
2286 0 2289 30000
2292 0 2295 30000
2298 0 2301 30000
2304 0 2307 30000
2310 0 2313 30000
2316 0 2319 30000
2322 0 2325 30000
2328 0 2331 30000
2334 0 2337 30000
2340 0 2343 30000
2346 0 2349 30000
2352 0 2355 30000
2358 0 2361 30000
2364 0 2367 30000
2370 0 2373 30000
2376 0 2379 30000
2382 0 2385 30000
2388 0 2391 30000
2394 0 2397 30000
2400 0 2403 30000
2406 0 2409 30000
2412 0 2415 30000
2418 0 2421 30000
2424 0 2427 30000
2430 0 2433 30000
2436 0 2439 30000
2442 0 2445 30000
2448 0 2451 30000
2454 0 2457 30000
2460 0 2463 30000
2466 0 2469 30000
2472 0 2475 30000
2478 0 2481 30000
2484 0 2487 30000
2490 0 2493 30000
2496 0 2499 30000
2502 0 2505 30000
2508 0 2511 30000
2514 0 2517 30000
2520 0 2523 30000
2526 0 2529 30000
2532 0 2535 30000
2538 0 2541 30000
2544 0 2547 30000
2550 0 2553 30000
2556 0 2559 30000
2562 0 2565 30000
2568 0 2571 30000
2574 0 2577 30000
2580 0 2583 30000
2586 0 2589 30000
2592 0 2595 30000
2598 0 2601 30000
2604 0 2607 30000
2610 0 2613 30000
2616 0 2619 30000
2622 0 2625 30000
2628 0 2631 30000
2634 0 2637 30000
2640 0 2643 30000
2646 0 2649 30000
2652 0 2655 30000
2658 0 2661 30000
2664 0 2667 30000
2670 0 2673 30000
2676 0 2679 30000
2682 0 2685 30000
2688 0 2691 30000
2694 0 2697 30000
2700 0 2703 30000
2706 0 2709 30000
2712 0 2715 30000
2718 0 2721 30000
2724 0 2727 30000
2730 0 2733 30000
2736 0 2739 30000
2742 0 2745 30000
2748 0 2751 30000
2754 0 2757 30000
2760 0 2763 30000
2766 0 2769 30000
2772 0 2775 30000
2778 0 2781 30000
2784 0 2787 30000
2790 0 2793 30000
2796 0 2799 30000
2802 0 2805 30000
2808 0 2811 30000
2814 0 2817 30000
2820 0 2823 30000
2826 0 2829 30000
2832 0 2835 30000
2838 0 2841 30000
2844 0 2847 30000
2850 0 2853 30000
2856 0 2859 30000
2862 0 2865 30000
2868 0 2871 30000
2874 0 2877 30000
2880 0 2883 30000
2886 0 2889 30000
2892 0 2895 30000
2898 0 2901 30000
2904 0 2907 30000
2910 0 2913 30000
2916 0 2919 30000
2922 0 2925 30000
2928 0 2931 30000
2934 0 2937 30000
2940 0 2943 30000
2946 0 2949 30000
2952 0 2955 30000
2958 0 2961 30000
2964 0 2967 30000
2970 0 2973 30000
2976 0 2979 30000
2982 0 2985 30000
2988 0 2991 30000
2994 0 2997 30000
3000 0 3003 30000
3006 0 3009 30000
3012 0 3015 30000
3018 0 3021 30000
3024 0 3027 30000
3030 0 3033 30000
3036 0 3039 30000
3042 0 3045 30000
3048 0 3051 30000
3054 0 3057 30000
3060 0 3063 30000
3066 0 3069 30000
3072 0 3075 30000
3078 0 3081 30000
3084 0 3087 30000
3090 0 3093 30000
3096 0 3099 30000
3102 0 3105 30000
3108 0 3111 30000
3114 0 3117 30000
3120 0 3123 30000
3126 0 3129 30000
3132 0 3135 30000
3138 0 3141 30000
3144 0 3147 30000
3150 0 3153 30000
3156 0 3159 30000
3162 0 3165 30000
3168 0 3171 30000
3174 0 3177 30000
3180 0 3183 30000
3186 0 3189 30000
3192 0 3195 30000
3198 0 3201 30000
3204 0 3207 30000
3210 0 3213 30000
3216 0 3219 30000
3222 0 3225 30000
3228 0 3231 30000
3234 0 3237 30000
3240 0 3243 30000
3246 0 3249 30000
3252 0 3255 30000
3258 0 3261 30000
3264 0 3267 30000
3270 0 3273 30000
3276 0 3279 30000
3282 0 3285 30000
3288 0 3291 30000
3294 0 3297 30000
3300 0 3303 30000
3306 0 3309 30000
3312 0 3315 30000
3318 0 3321 30000
3324 0 3327 30000
3330 0 3333 30000
3336 0 3339 30000
3342 0 3345 30000
3348 0 3351 30000
3354 0 3357 30000
3360 0 3363 30000
3366 0 3369 30000
3372 0 3375 30000
3378 0 3381 30000
3384 0 3387 30000
3390 0 3393 30000
3396 0 3399 30000
3402 0 3405 30000
3408 0 3411 30000
3414 0 3417 30000
3420 0 3423 30000
3426 0 3429 30000
3432 0 3435 30000
3438 0 3441 30000
3444 0 3447 30000
3450 0 3453 30000
3456 0 3459 30000
3462 0 3465 30000
3468 0 3471 30000
3474 0 3477 30000
3480 0 3483 30000
3486 0 3489 30000
3492 0 3495 30000
3498 0 3501 30000
3504 0 3507 30000
3510 0 3513 30000
3516 0 3519 30000
3522 0 3525 30000
3528 0 3531 30000
3534 0 3537 30000
3540 0 3543 30000
3546 0 3549 30000
3552 0 3555 30000
3558 0 3561 30000
3564 0 3567 30000
3570 0 3573 30000
3576 0 3579 30000
3582 0 3585 30000
3588 0 3591 30000
3594 0 3597 30000
3600 0 3603 30000
3606 0 3609 30000
3612 0 3615 30000
3618 0 3621 30000
3624 0 3627 30000
3630 0 3633 30000
3636 0 3639 30000
3642 0 3645 30000
3648 0 3651 30000
3654 0 3657 30000
3660 0 3663 30000
3666 0 3669 30000
3672 0 3675 30000
3678 0 3681 30000
3684 0 3687 30000
3690 0 3693 30000
3696 0 3699 30000
3702 0 3705 30000
3708 0 3711 30000
3714 0 3717 30000
3720 0 3723 30000
3726 0 3729 30000
3732 0 3735 30000
3738 0 3741 30000
3744 0 3747 30000
3750 0 3753 30000
3756 0 3759 30000
3762 0 3765 30000
3768 0 3771 30000
3774 0 3777 30000
3780 0 3783 30000
3786 0 3789 30000
3792 0 3795 30000
3798 0 3801 30000
3804 0 3807 30000
3810 0 3813 30000
3816 0 3819 30000
3822 0 3825 30000
3828 0 3831 30000
3834 0 3837 30000
3840 0 3843 30000
3846 0 3849 30000
3852 0 3855 30000
3858 0 3861 30000
3864 0 3867 30000
3870 0 3873 30000
3876 0 3879 30000
3882 0 3885 30000
3888 0 3891 30000
3894 0 3897 30000
3900 0 3903 30000
3906 0 3909 30000
3912 0 3915 30000
3918 0 3921 30000
3924 0 3927 30000
3930 0 3933 30000
3936 0 3939 30000
3942 0 3945 30000
3948 0 3951 30000
3954 0 3957 30000
3960 0 3963 30000
3966 0 3969 30000
3972 0 3975 30000
3978 0 3981 30000
3984 0 3987 30000
3990 0 3993 30000
3996 0 3999 30000
4002 0 4005 30000
4008 0 4011 30000
4014 0 4017 30000
4020 0 4023 30000
4026 0 4029 30000
4032 0 4035 30000
4038 0 4041 30000
4044 0 4047 30000
4050 0 4053 30000
4056 0 4059 30000
4062 0 4065 30000
4068 0 4071 30000
4074 0 4077 30000
4080 0 4083 30000
4086 0 4089 30000
4092 0 4095 30000
4098 0 4101 30000
4104 0 4107 30000
4110 0 4113 30000
4116 0 4119 30000
4122 0 4125 30000
4128 0 4131 30000
4134 0 4137 30000
4140 0 4143 30000
4146 0 4149 30000
4152 0 4155 30000
4158 0 4161 30000
4164 0 4167 30000
4170 0 4173 30000
4176 0 4179 30000
4182 0 4185 30000
4188 0 4191 30000
4194 0 4197 30000
4200 0 4203 30000
4206 0 4209 30000
4212 0 4215 30000
4218 0 4221 30000
4224 0 4227 30000
4230 0 4233 30000
4236 0 4239 30000
4242 0 4245 30000
4248 0 4251 30000
4254 0 4257 30000
4260 0 4263 30000
4266 0 4269 30000
4272 0 4275 30000
4278 0 4281 30000
4284 0 4287 30000
4290 0 4293 30000
4296 0 4299 30000
4302 0 4305 30000
4308 0 4311 30000
4314 0 4317 30000
4320 0 4323 30000
4326 0 4329 30000
4332 0 4335 30000
4338 0 4341 30000
4344 0 4347 30000
4350 0 4353 30000
4356 0 4359 30000
4362 0 4365 30000
4368 0 4371 30000
4374 0 4377 30000
4380 0 4383 30000
4386 0 4389 30000
4392 0 4395 30000
4398 0 4401 30000
4404 0 4407 30000
4410 0 4413 30000
4416 0 4419 30000
4422 0 4425 30000
4428 0 4431 30000
4434 0 4437 30000
4440 0 4443 30000
4446 0 4449 30000
4452 0 4455 30000
4458 0 4461 30000
4464 0 4467 30000
4470 0 4473 30000
4476 0 4479 30000
4482 0 4485 30000
4488 0 4491 30000
4494 0 4497 30000
4500 0 4503 30000
4506 0 4509 30000
4512 0 4515 30000
4518 0 4521 30000
4524 0 4527 30000
4530 0 4533 30000
4536 0 4539 30000
4542 0 4545 30000
4548 0 4551 30000
4554 0 4557 30000
4560 0 4563 30000
4566 0 4569 30000
4572 0 4575 30000
4578 0 4581 30000
4584 0 4587 30000
4590 0 4593 30000
4596 0 4599 30000
4602 0 4605 30000
4608 0 4611 30000
4614 0 4617 30000
4620 0 4623 30000
4626 0 4629 30000
4632 0 4635 30000
4638 0 4641 30000
4644 0 4647 30000
4650 0 4653 30000
4656 0 4659 30000
4662 0 4665 30000
4668 0 4671 30000
4674 0 4677 30000
4680 0 4683 30000
4686 0 4689 30000
4692 0 4695 30000
4698 0 4701 30000
4704 0 4707 30000
4710 0 4713 30000
4716 0 4719 30000
4722 0 4725 30000
4728 0 4731 30000
4734 0 4737 30000
4740 0 4743 30000
4746 0 4749 30000
4752 0 4755 30000
4758 0 4761 30000
4764 0 4767 30000
4770 0 4773 30000
4776 0 4779 30000
4782 0 4785 30000
4788 0 4791 30000
4794 0 4797 30000
4800 0 4803 30000
4806 0 4809 30000
4812 0 4815 30000
4818 0 4821 30000
4824 0 4827 30000
4830 0 4833 30000
4836 0 4839 30000
4842 0 4845 30000
4848 0 4851 30000
4854 0 4857 30000
4860 0 4863 30000
4866 0 4869 30000
4872 0 4875 30000
4878 0 4881 30000
4884 0 4887 30000
4890 0 4893 30000
4896 0 4899 30000
4902 0 4905 30000
4908 0 4911 30000
4914 0 4917 30000
4920 0 4923 30000
4926 0 4929 30000
4932 0 4935 30000
4938 0 4941 30000
4944 0 4947 30000
4950 0 4953 30000
4956 0 4959 30000
4962 0 4965 30000
4968 0 4971 30000
4974 0 4977 30000
4980 0 4983 30000
4986 0 4989 30000
4992 0 4995 30000
4998 0 5001 30000
5004 0 5007 30000
5010 0 5013 30000
5016 0 5019 30000
5022 0 5025 30000
5028 0 5031 30000
5034 0 5037 30000
5040 0 5043 30000
5046 0 5049 30000
5052 0 5055 30000
5058 0 5061 30000
5064 0 5067 30000
5070 0 5073 30000
5076 0 5079 30000
5082 0 5085 30000
5088 0 5091 30000
5094 0 5097 30000
5100 0 5103 30000
5106 0 5109 30000
5112 0 5115 30000
5118 0 5121 30000
5124 0 5127 30000
5130 0 5133 30000
5136 0 5139 30000
5142 0 5145 30000
5148 0 5151 30000
5154 0 5157 30000
5160 0 5163 30000
5166 0 5169 30000
5172 0 5175 30000
5178 0 5181 30000
5184 0 5187 30000
5190 0 5193 30000
5196 0 5199 30000
5202 0 5205 30000
5208 0 5211 30000
5214 0 5217 30000
5220 0 5223 30000
5226 0 5229 30000
5232 0 5235 30000
5238 0 5241 30000
5244 0 5247 30000
5250 0 5253 30000
5256 0 5259 30000
5262 0 5265 30000
5268 0 5271 30000
5274 0 5277 30000
5280 0 5283 30000
5286 0 5289 30000
5292 0 5295 30000
5298 0 5301 30000
5304 0 5307 30000
5310 0 5313 30000
5316 0 5319 30000
5322 0 5325 30000
5328 0 5331 30000
5334 0 5337 30000
5340 0 5343 30000
5346 0 5349 30000
5352 0 5355 30000
5358 0 5361 30000
5364 0 5367 30000
5370 0 5373 30000
5376 0 5379 30000
5382 0 5385 30000
5388 0 5391 30000
5394 0 5397 30000
5400 0 5403 30000
5406 0 5409 30000
5412 0 5415 30000
5418 0 5421 30000
5424 0 5427 30000
5430 0 5433 30000
5436 0 5439 30000
5442 0 5445 30000
5448 0 5451 30000
5454 0 5457 30000
5460 0 5463 30000
5466 0 5469 30000
5472 0 5475 30000
5478 0 5481 30000
5484 0 5487 30000
5490 0 5493 30000
5496 0 5499 30000
5502 0 5505 30000
5508 0 5511 30000
5514 0 5517 30000
5520 0 5523 30000
5526 0 5529 30000
5532 0 5535 30000
5538 0 5541 30000
5544 0 5547 30000
5550 0 5553 30000
5556 0 5559 30000
5562 0 5565 30000
5568 0 5571 30000
5574 0 5577 30000
5580 0 5583 30000
5586 0 5589 30000
5592 0 5595 30000
5598 0 5601 30000
5604 0 5607 30000
5610 0 5613 30000
5616 0 5619 30000
5622 0 5625 30000
5628 0 5631 30000
5634 0 5637 30000
5640 0 5643 30000
5646 0 5649 30000
5652 0 5655 30000
5658 0 5661 30000
5664 0 5667 30000
5670 0 5673 30000
5676 0 5679 30000
5682 0 5685 30000
5688 0 5691 30000
5694 0 5697 30000
5700 0 5703 30000
5706 0 5709 30000
5712 0 5715 30000
5718 0 5721 30000
5724 0 5727 30000
5730 0 5733 30000
5736 0 5739 30000
5742 0 5745 30000
5748 0 5751 30000
5754 0 5757 30000
5760 0 5763 30000
5766 0 5769 30000
5772 0 5775 30000
5778 0 5781 30000
5784 0 5787 30000
5790 0 5793 30000
5796 0 5799 30000
5802 0 5805 30000
5808 0 5811 30000
5814 0 5817 30000
5820 0 5823 30000
5826 0 5829 30000
5832 0 5835 30000
5838 0 5841 30000
5844 0 5847 30000
5850 0 5853 30000
5856 0 5859 30000
5862 0 5865 30000
5868 0 5871 30000
5874 0 5877 30000
5880 0 5883 30000
5886 0 5889 30000
5892 0 5895 30000
5898 0 5901 30000
5904 0 5907 30000
5910 0 5913 30000
5916 0 5919 30000
5922 0 5925 30000
5928 0 5931 30000
5934 0 5937 30000
5940 0 5943 30000
5946 0 5949 30000
5952 0 5955 30000
5958 0 5961 30000
5964 0 5967 30000
5970 0 5973 30000
5976 0 5979 30000
5982 0 5985 30000
5988 0 5991 30000
5994 0 5997 30000
6000 0 6003 30000
6006 0 6009 30000
6012 0 6015 30000
6018 0 6021 30000
6024 0 6027 30000
6030 0 6033 30000
6036 0 6039 30000
6042 0 6045 30000
6048 0 6051 30000
6054 0 6057 30000
6060 0 6063 30000
6066 0 6069 30000
6072 0 6075 30000
6078 0 6081 30000
6084 0 6087 30000
6090 0 6093 30000
6096 0 6099 30000
6102 0 6105 30000
6108 0 6111 30000
6114 0 6117 30000
6120 0 6123 30000
6126 0 6129 30000
6132 0 6135 30000
6138 0 6141 30000
6144 0 6147 30000
6150 0 6153 30000
6156 0 6159 30000
6162 0 6165 30000
6168 0 6171 30000
6174 0 6177 30000
6180 0 6183 30000
6186 0 6189 30000
6192 0 6195 30000
6198 0 6201 30000
6204 0 6207 30000
6210 0 6213 30000
6216 0 6219 30000
6222 0 6225 30000
6228 0 6231 30000
6234 0 6237 30000
6240 0 6243 30000
6246 0 6249 30000
6252 0 6255 30000
6258 0 6261 30000
6264 0 6267 30000
6270 0 6273 30000
6276 0 6279 30000
6282 0 6285 30000
6288 0 6291 30000
6294 0 6297 30000
6300 0 6303 30000
6306 0 6309 30000
6312 0 6315 30000
6318 0 6321 30000
6324 0 6327 30000
6330 0 6333 30000
6336 0 6339 30000
6342 0 6345 30000
6348 0 6351 30000
6354 0 6357 30000
6360 0 6363 30000
6366 0 6369 30000
6372 0 6375 30000
6378 0 6381 30000
6384 0 6387 30000
6390 0 6393 30000
6396 0 6399 30000
6402 0 6405 30000
6408 0 6411 30000
6414 0 6417 30000
6420 0 6423 30000
6426 0 6429 30000
6432 0 6435 30000
6438 0 6441 30000
6444 0 6447 30000
6450 0 6453 30000
6456 0 6459 30000
6462 0 6465 30000
6468 0 6471 30000
6474 0 6477 30000
6480 0 6483 30000
6486 0 6489 30000
6492 0 6495 30000
6498 0 6501 30000
6504 0 6507 30000
6510 0 6513 30000
6516 0 6519 30000
6522 0 6525 30000
6528 0 6531 30000
6534 0 6537 30000
6540 0 6543 30000
6546 0 6549 30000
6552 0 6555 30000
6558 0 6561 30000
6564 0 6567 30000
6570 0 6573 30000
6576 0 6579 30000
6582 0 6585 30000
6588 0 6591 30000
6594 0 6597 30000
6600 0 6603 30000
6606 0 6609 30000
6612 0 6615 30000
6618 0 6621 30000
6624 0 6627 30000
6630 0 6633 30000
6636 0 6639 30000
6642 0 6645 30000
6648 0 6651 30000
6654 0 6657 30000
6660 0 6663 30000
6666 0 6669 30000
6672 0 6675 30000
6678 0 6681 30000
6684 0 6687 30000
6690 0 6693 30000
6696 0 6699 30000
6702 0 6705 30000
6708 0 6711 30000
6714 0 6717 30000
6720 0 6723 30000
6726 0 6729 30000
6732 0 6735 30000
6738 0 6741 30000
6744 0 6747 30000
6750 0 6753 30000
6756 0 6759 30000
6762 0 6765 30000
6768 0 6771 30000
6774 0 6777 30000
6780 0 6783 30000
6786 0 6789 30000
6792 0 6795 30000
6798 0 6801 30000
6804 0 6807 30000
6810 0 6813 30000
6816 0 6819 30000
6822 0 6825 30000
6828 0 6831 30000
6834 0 6837 30000
6840 0 6843 30000
6846 0 6849 30000
6852 0 6855 30000
6858 0 6861 30000
6864 0 6867 30000
6870 0 6873 30000
6876 0 6879 30000
6882 0 6885 30000
6888 0 6891 30000
6894 0 6897 30000
6900 0 6903 30000
6906 0 6909 30000
6912 0 6915 30000
6918 0 6921 30000
6924 0 6927 30000
6930 0 6933 30000
6936 0 6939 30000
6942 0 6945 30000
6948 0 6951 30000
6954 0 6957 30000
6960 0 6963 30000
6966 0 6969 30000
6972 0 6975 30000
6978 0 6981 30000
6984 0 6987 30000
6990 0 6993 30000
6996 0 6999 30000
7002 0 7005 30000
7008 0 7011 30000
7014 0 7017 30000
7020 0 7023 30000
7026 0 7029 30000
7032 0 7035 30000
7038 0 7041 30000
7044 0 7047 30000
7050 0 7053 30000
7056 0 7059 30000
7062 0 7065 30000
7068 0 7071 30000
7074 0 7077 30000
7080 0 7083 30000
7086 0 7089 30000
7092 0 7095 30000
7098 0 7101 30000
7104 0 7107 30000
7110 0 7113 30000
7116 0 7119 30000
7122 0 7125 30000
7128 0 7131 30000
7134 0 7137 30000
7140 0 7143 30000
7146 0 7149 30000
7152 0 7155 30000
7158 0 7161 30000
7164 0 7167 30000
7170 0 7173 30000
7176 0 7179 30000
7182 0 7185 30000
7188 0 7191 30000
7194 0 7197 30000
7200 0 7203 30000
7206 0 7209 30000
7212 0 7215 30000
7218 0 7221 30000
7224 0 7227 30000
7230 0 7233 30000
7236 0 7239 30000
7242 0 7245 30000
7248 0 7251 30000
7254 0 7257 30000
7260 0 7263 30000
7266 0 7269 30000
7272 0 7275 30000
7278 0 7281 30000
7284 0 7287 30000
7290 0 7293 30000
7296 0 7299 30000
7302 0 7305 30000
7308 0 7311 30000
7314 0 7317 30000
7320 0 7323 30000
7326 0 7329 30000
7332 0 7335 30000
7338 0 7341 30000
7344 0 7347 30000
7350 0 7353 30000
7356 0 7359 30000
7362 0 7365 30000
7368 0 7371 30000
7374 0 7377 30000
7380 0 7383 30000
7386 0 7389 30000
7392 0 7395 30000
7398 0 7401 30000
7404 0 7407 30000
7410 0 7413 30000
7416 0 7419 30000
7422 0 7425 30000
7428 0 7431 30000
7434 0 7437 30000
7440 0 7443 30000
7446 0 7449 30000
7452 0 7455 30000
7458 0 7461 30000
7464 0 7467 30000
7470 0 7473 30000
7476 0 7479 30000
7482 0 7485 30000
7488 0 7491 30000
7494 0 7497 30000
7500 0 7503 30000
7506 0 7509 30000
7512 0 7515 30000
7518 0 7521 30000
7524 0 7527 30000
7530 0 7533 30000
7536 0 7539 30000
7542 0 7545 30000
7548 0 7551 30000
7554 0 7557 30000
7560 0 7563 30000
7566 0 7569 30000
7572 0 7575 30000
7578 0 7581 30000
7584 0 7587 30000
7590 0 7593 30000
7596 0 7599 30000
7602 0 7605 30000
7608 0 7611 30000
7614 0 7617 30000
7620 0 7623 30000
7626 0 7629 30000
7632 0 7635 30000
7638 0 7641 30000
7644 0 7647 30000
7650 0 7653 30000
7656 0 7659 30000
7662 0 7665 30000
7668 0 7671 30000
7674 0 7677 30000
7680 0 7683 30000
7686 0 7689 30000
7692 0 7695 30000
7698 0 7701 30000
7704 0 7707 30000
7710 0 7713 30000
7716 0 7719 30000
7722 0 7725 30000
7728 0 7731 30000
7734 0 7737 30000
7740 0 7743 30000
7746 0 7749 30000
7752 0 7755 30000
7758 0 7761 30000
7764 0 7767 30000
7770 0 7773 30000
7776 0 7779 30000
7782 0 7785 30000
7788 0 7791 30000
7794 0 7797 30000
7800 0 7803 30000
7806 0 7809 30000
7812 0 7815 30000
7818 0 7821 30000
7824 0 7827 30000
7830 0 7833 30000
7836 0 7839 30000
7842 0 7845 30000
7848 0 7851 30000
7854 0 7857 30000
7860 0 7863 30000
7866 0 7869 30000
7872 0 7875 30000
7878 0 7881 30000
7884 0 7887 30000
7890 0 7893 30000
7896 0 7899 30000
7902 0 7905 30000
7908 0 7911 30000
7914 0 7917 30000
7920 0 7923 30000
7926 0 7929 30000
7932 0 7935 30000
7938 0 7941 30000
7944 0 7947 30000
7950 0 7953 30000
7956 0 7959 30000
7962 0 7965 30000
7968 0 7971 30000
7974 0 7977 30000
7980 0 7983 30000
7986 0 7989 30000
7992 0 7995 30000
7998 0 8001 30000
8004 0 8007 30000
8010 0 8013 30000
8016 0 8019 30000
8022 0 8025 30000
8028 0 8031 30000
8034 0 8037 30000
8040 0 8043 30000
8046 0 8049 30000
8052 0 8055 30000
8058 0 8061 30000
8064 0 8067 30000
8070 0 8073 30000
8076 0 8079 30000
8082 0 8085 30000
8088 0 8091 30000
8094 0 8097 30000
8100 0 8103 30000
8106 0 8109 30000
8112 0 8115 30000
8118 0 8121 30000
8124 0 8127 30000
8130 0 8133 30000
8136 0 8139 30000
8142 0 8145 30000
8148 0 8151 30000
8154 0 8157 30000
8160 0 8163 30000
8166 0 8169 30000
8172 0 8175 30000
8178 0 8181 30000
8184 0 8187 30000
8190 0 8193 30000
8196 0 8199 30000
8202 0 8205 30000
8208 0 8211 30000
8214 0 8217 30000
8220 0 8223 30000
8226 0 8229 30000
8232 0 8235 30000
8238 0 8241 30000
8244 0 8247 30000
8250 0 8253 30000
8256 0 8259 30000
8262 0 8265 30000
8268 0 8271 30000
8274 0 8277 30000
8280 0 8283 30000
8286 0 8289 30000
8292 0 8295 30000
8298 0 8301 30000
8304 0 8307 30000
8310 0 8313 30000
8316 0 8319 30000
8322 0 8325 30000
8328 0 8331 30000
8334 0 8337 30000
8340 0 8343 30000
8346 0 8349 30000
8352 0 8355 30000
8358 0 8361 30000
8364 0 8367 30000
8370 0 8373 30000
8376 0 8379 30000
8382 0 8385 30000
8388 0 8391 30000
8394 0 8397 30000
8400 0 8403 30000
8406 0 8409 30000
8412 0 8415 30000
8418 0 8421 30000
8424 0 8427 30000
8430 0 8433 30000
8436 0 8439 30000
8442 0 8445 30000
8448 0 8451 30000
8454 0 8457 30000
8460 0 8463 30000
8466 0 8469 30000
8472 0 8475 30000
8478 0 8481 30000
8484 0 8487 30000
8490 0 8493 30000
8496 0 8499 30000
8502 0 8505 30000
8508 0 8511 30000
8514 0 8517 30000
8520 0 8523 30000
8526 0 8529 30000
8532 0 8535 30000
8538 0 8541 30000
8544 0 8547 30000
8550 0 8553 30000
8556 0 8559 30000
8562 0 8565 30000
8568 0 8571 30000
8574 0 8577 30000
8580 0 8583 30000
8586 0 8589 30000
8592 0 8595 30000
8598 0 8601 30000
8604 0 8607 30000
8610 0 8613 30000
8616 0 8619 30000
8622 0 8625 30000
8628 0 8631 30000
8634 0 8637 30000
8640 0 8643 30000
8646 0 8649 30000
8652 0 8655 30000
8658 0 8661 30000
8664 0 8667 30000
8670 0 8673 30000
8676 0 8679 30000
8682 0 8685 30000
8688 0 8691 30000
8694 0 8697 30000
8700 0 8703 30000
8706 0 8709 30000
8712 0 8715 30000
8718 0 8721 30000
8724 0 8727 30000
8730 0 8733 30000
8736 0 8739 30000
8742 0 8745 30000
8748 0 8751 30000
8754 0 8757 30000
8760 0 8763 30000
8766 0 8769 30000
8772 0 8775 30000
8778 0 8781 30000
8784 0 8787 30000
8790 0 8793 30000
8796 0 8799 30000
8802 0 8805 30000
8808 0 8811 30000
8814 0 8817 30000
8820 0 8823 30000
8826 0 8829 30000
8832 0 8835 30000
8838 0 8841 30000
8844 0 8847 30000
8850 0 8853 30000
8856 0 8859 30000
8862 0 8865 30000
8868 0 8871 30000
8874 0 8877 30000
8880 0 8883 30000
8886 0 8889 30000
8892 0 8895 30000
8898 0 8901 30000
8904 0 8907 30000
8910 0 8913 30000
8916 0 8919 30000
8922 0 8925 30000
8928 0 8931 30000
8934 0 8937 30000
8940 0 8943 30000
8946 0 8949 30000
8952 0 8955 30000
8958 0 8961 30000
8964 0 8967 30000
8970 0 8973 30000
8976 0 8979 30000
8982 0 8985 30000
8988 0 8991 30000
8994 0 8997 30000
9000 0 9003 30000
9006 0 9009 30000
9012 0 9015 30000
9018 0 9021 30000
9024 0 9027 30000
9030 0 9033 30000
9036 0 9039 30000
9042 0 9045 30000
9048 0 9051 30000
9054 0 9057 30000
9060 0 9063 30000
9066 0 9069 30000
9072 0 9075 30000
9078 0 9081 30000
9084 0 9087 30000
9090 0 9093 30000
9096 0 9099 30000
9102 0 9105 30000
9108 0 9111 30000
9114 0 9117 30000
9120 0 9123 30000
9126 0 9129 30000
9132 0 9135 30000
9138 0 9141 30000
9144 0 9147 30000
9150 0 9153 30000
9156 0 9159 30000
9162 0 9165 30000
9168 0 9171 30000
9174 0 9177 30000
9180 0 9183 30000
9186 0 9189 30000
9192 0 9195 30000
9198 0 9201 30000
9204 0 9207 30000
9210 0 9213 30000
9216 0 9219 30000
9222 0 9225 30000
9228 0 9231 30000
9234 0 9237 30000
9240 0 9243 30000
9246 0 9249 30000
9252 0 9255 30000
9258 0 9261 30000
9264 0 9267 30000
9270 0 9273 30000
9276 0 9279 30000
9282 0 9285 30000
9288 0 9291 30000
9294 0 9297 30000
9300 0 9303 30000
9306 0 9309 30000
9312 0 9315 30000
9318 0 9321 30000
9324 0 9327 30000
9330 0 9333 30000
9336 0 9339 30000
9342 0 9345 30000
9348 0 9351 30000
9354 0 9357 30000
9360 0 9363 30000
9366 0 9369 30000
9372 0 9375 30000
9378 0 9381 30000
9384 0 9387 30000
9390 0 9393 30000
9396 0 9399 30000
9402 0 9405 30000
9408 0 9411 30000
9414 0 9417 30000
9420 0 9423 30000
9426 0 9429 30000
9432 0 9435 30000
9438 0 9441 30000
9444 0 9447 30000
9450 0 9453 30000
9456 0 9459 30000
9462 0 9465 30000
9468 0 9471 30000
9474 0 9477 30000
9480 0 9483 30000
9486 0 9489 30000
9492 0 9495 30000
9498 0 9501 30000
9504 0 9507 30000
9510 0 9513 30000
9516 0 9519 30000
9522 0 9525 30000
9528 0 9531 30000
9534 0 9537 30000
9540 0 9543 30000
9546 0 9549 30000
9552 0 9555 30000
9558 0 9561 30000
9564 0 9567 30000
9570 0 9573 30000
9576 0 9579 30000
9582 0 9585 30000
9588 0 9591 30000
9594 0 9597 30000
9600 0 9603 30000
9606 0 9609 30000
9612 0 9615 30000
9618 0 9621 30000
9624 0 9627 30000
9630 0 9633 30000
9636 0 9639 30000
9642 0 9645 30000
9648 0 9651 30000
9654 0 9657 30000
9660 0 9663 30000
9666 0 9669 30000
9672 0 9675 30000
9678 0 9681 30000
9684 0 9687 30000
9690 0 9693 30000
9696 0 9699 30000
9702 0 9705 30000
9708 0 9711 30000
9714 0 9717 30000
9720 0 9723 30000
9726 0 9729 30000
9732 0 9735 30000
9738 0 9741 30000
9744 0 9747 30000
9750 0 9753 30000
9756 0 9759 30000
9762 0 9765 30000
9768 0 9771 30000
9774 0 9777 30000
9780 0 9783 30000
9786 0 9789 30000
9792 0 9795 30000
9798 0 9801 30000
9804 0 9807 30000
9810 0 9813 30000
9816 0 9819 30000
9822 0 9825 30000
9828 0 9831 30000
9834 0 9837 30000
9840 0 9843 30000
9846 0 9849 30000
9852 0 9855 30000
9858 0 9861 30000
9864 0 9867 30000
9870 0 9873 30000
9876 0 9879 30000
9882 0 9885 30000
9888 0 9891 30000
9894 0 9897 30000
9900 0 9903 30000
9906 0 9909 30000
9912 0 9915 30000
9918 0 9921 30000
9924 0 9927 30000
9930 0 9933 30000
9936 0 9939 30000
9942 0 9945 30000
9948 0 9951 30000
9954 0 9957 30000
9960 0 9963 30000
9966 0 9969 30000
9972 0 9975 30000
9978 0 9981 30000
9984 0 9987 30000
9990 0 9993 30000
9996 0 9999 30000
10002 0 10005 30000
10008 0 10011 30000
10014 0 10017 30000
10020 0 10023 30000
10026 0 10029 30000
10032 0 10035 30000
10038 0 10041 30000
10044 0 10047 30000
10050 0 10053 30000
10056 0 10059 30000
10062 0 10065 30000
10068 0 10071 30000
10074 0 10077 30000
10080 0 10083 30000
10086 0 10089 30000
10092 0 10095 30000
10098 0 10101 30000
10104 0 10107 30000
10110 0 10113 30000
10116 0 10119 30000
10122 0 10125 30000
10128 0 10131 30000
10134 0 10137 30000
10140 0 10143 30000
10146 0 10149 30000
10152 0 10155 30000
10158 0 10161 30000
10164 0 10167 30000
10170 0 10173 30000
10176 0 10179 30000
10182 0 10185 30000
10188 0 10191 30000
10194 0 10197 30000
10200 0 10203 30000
10206 0 10209 30000
10212 0 10215 30000
10218 0 10221 30000
10224 0 10227 30000
10230 0 10233 30000
10236 0 10239 30000
10242 0 10245 30000
10248 0 10251 30000
10254 0 10257 30000
10260 0 10263 30000
10266 0 10269 30000
10272 0 10275 30000
10278 0 10281 30000
10284 0 10287 30000
10290 0 10293 30000
10296 0 10299 30000
10302 0 10305 30000
10308 0 10311 30000
10314 0 10317 30000
10320 0 10323 30000
10326 0 10329 30000
10332 0 10335 30000
10338 0 10341 30000
10344 0 10347 30000
10350 0 10353 30000
10356 0 10359 30000
10362 0 10365 30000
10368 0 10371 30000
10374 0 10377 30000
10380 0 10383 30000
10386 0 10389 30000
10392 0 10395 30000
10398 0 10401 30000
10404 0 10407 30000
10410 0 10413 30000
10416 0 10419 30000
10422 0 10425 30000
10428 0 10431 30000
10434 0 10437 30000
10440 0 10443 30000
10446 0 10449 30000
10452 0 10455 30000
10458 0 10461 30000
10464 0 10467 30000
10470 0 10473 30000
10476 0 10479 30000
10482 0 10485 30000
10488 0 10491 30000
10494 0 10497 30000
10500 0 10503 30000
10506 0 10509 30000
10512 0 10515 30000
10518 0 10521 30000
10524 0 10527 30000
10530 0 10533 30000
10536 0 10539 30000
10542 0 10545 30000
10548 0 10551 30000
10554 0 10557 30000
10560 0 10563 30000
10566 0 10569 30000
10572 0 10575 30000
10578 0 10581 30000
10584 0 10587 30000
10590 0 10593 30000
10596 0 10599 30000
10602 0 10605 30000
10608 0 10611 30000
10614 0 10617 30000
10620 0 10623 30000
10626 0 10629 30000
10632 0 10635 30000
10638 0 10641 30000
10644 0 10647 30000
10650 0 10653 30000
10656 0 10659 30000
10662 0 10665 30000
10668 0 10671 30000
10674 0 10677 30000
10680 0 10683 30000
10686 0 10689 30000
10692 0 10695 30000
10698 0 10701 30000
10704 0 10707 30000
10710 0 10713 30000
10716 0 10719 30000
10722 0 10725 30000
10728 0 10731 30000
10734 0 10737 30000
10740 0 10743 30000
10746 0 10749 30000
10752 0 10755 30000
10758 0 10761 30000
10764 0 10767 30000
10770 0 10773 30000
10776 0 10779 30000
10782 0 10785 30000
10788 0 10791 30000
10794 0 10797 30000
10800 0 10803 30000
10806 0 10809 30000
10812 0 10815 30000
10818 0 10821 30000
10824 0 10827 30000
10830 0 10833 30000
10836 0 10839 30000
10842 0 10845 30000
10848 0 10851 30000
10854 0 10857 30000
10860 0 10863 30000
10866 0 10869 30000
10872 0 10875 30000
10878 0 10881 30000
10884 0 10887 30000
10890 0 10893 30000
10896 0 10899 30000
10902 0 10905 30000
10908 0 10911 30000
10914 0 10917 30000
10920 0 10923 30000
10926 0 10929 30000
10932 0 10935 30000
10938 0 10941 30000
10944 0 10947 30000
10950 0 10953 30000
10956 0 10959 30000
10962 0 10965 30000
10968 0 10971 30000
10974 0 10977 30000
10980 0 10983 30000
10986 0 10989 30000
10992 0 10995 30000
10998 0 11001 30000
11004 0 11007 30000
11010 0 11013 30000
11016 0 11019 30000
11022 0 11025 30000
11028 0 11031 30000
11034 0 11037 30000
11040 0 11043 30000
11046 0 11049 30000
11052 0 11055 30000
11058 0 11061 30000
11064 0 11067 30000
11070 0 11073 30000
11076 0 11079 30000
11082 0 11085 30000
11088 0 11091 30000
11094 0 11097 30000
11100 0 11103 30000
11106 0 11109 30000
11112 0 11115 30000
11118 0 11121 30000
11124 0 11127 30000
11130 0 11133 30000
11136 0 11139 30000
11142 0 11145 30000
11148 0 11151 30000
11154 0 11157 30000
11160 0 11163 30000
11166 0 11169 30000
11172 0 11175 30000
11178 0 11181 30000
11184 0 11187 30000
11190 0 11193 30000
11196 0 11199 30000
11202 0 11205 30000
11208 0 11211 30000
11214 0 11217 30000
11220 0 11223 30000
11226 0 11229 30000
11232 0 11235 30000
11238 0 11241 30000
11244 0 11247 30000
11250 0 11253 30000
11256 0 11259 30000
11262 0 11265 30000
11268 0 11271 30000
11274 0 11277 30000
11280 0 11283 30000
11286 0 11289 30000
11292 0 11295 30000
11298 0 11301 30000
11304 0 11307 30000
11310 0 11313 30000
11316 0 11319 30000
11322 0 11325 30000
11328 0 11331 30000
11334 0 11337 30000
11340 0 11343 30000
11346 0 11349 30000
11352 0 11355 30000
11358 0 11361 30000
11364 0 11367 30000
11370 0 11373 30000
11376 0 11379 30000
11382 0 11385 30000
11388 0 11391 30000
11394 0 11397 30000
11400 0 11403 30000
11406 0 11409 30000
11412 0 11415 30000
11418 0 11421 30000
11424 0 11427 30000
11430 0 11433 30000
11436 0 11439 30000
11442 0 11445 30000
11448 0 11451 30000
11454 0 11457 30000
11460 0 11463 30000
11466 0 11469 30000
11472 0 11475 30000
11478 0 11481 30000
11484 0 11487 30000
11490 0 11493 30000
11496 0 11499 30000
11502 0 11505 30000
11508 0 11511 30000
11514 0 11517 30000
11520 0 11523 30000
11526 0 11529 30000
11532 0 11535 30000
11538 0 11541 30000
11544 0 11547 30000
11550 0 11553 30000
11556 0 11559 30000
11562 0 11565 30000
11568 0 11571 30000
11574 0 11577 30000
11580 0 11583 30000
11586 0 11589 30000
11592 0 11595 30000
11598 0 11601 30000
11604 0 11607 30000
11610 0 11613 30000
11616 0 11619 30000
11622 0 11625 30000
11628 0 11631 30000
11634 0 11637 30000
11640 0 11643 30000
11646 0 11649 30000
11652 0 11655 30000
11658 0 11661 30000
11664 0 11667 30000
11670 0 11673 30000
11676 0 11679 30000
11682 0 11685 30000
11688 0 11691 30000
11694 0 11697 30000
11700 0 11703 30000
11706 0 11709 30000
11712 0 11715 30000
11718 0 11721 30000
11724 0 11727 30000
11730 0 11733 30000
11736 0 11739 30000
11742 0 11745 30000
11748 0 11751 30000
11754 0 11757 30000
11760 0 11763 30000
11766 0 11769 30000
11772 0 11775 30000
11778 0 11781 30000
11784 0 11787 30000
11790 0 11793 30000
11796 0 11799 30000
11802 0 11805 30000
11808 0 11811 30000
11814 0 11817 30000
11820 0 11823 30000
11826 0 11829 30000
11832 0 11835 30000
11838 0 11841 30000
11844 0 11847 30000
11850 0 11853 30000
11856 0 11859 30000
11862 0 11865 30000
11868 0 11871 30000
11874 0 11877 30000
11880 0 11883 30000
11886 0 11889 30000
11892 0 11895 30000
11898 0 11901 30000
11904 0 11907 30000
11910 0 11913 30000
11916 0 11919 30000
11922 0 11925 30000
11928 0 11931 30000
11934 0 11937 30000
11940 0 11943 30000
11946 0 11949 30000
11952 0 11955 30000
11958 0 11961 30000
11964 0 11967 30000
11970 0 11973 30000
11976 0 11979 30000
11982 0 11985 30000
11988 0 11991 30000
11994 0 11997 30000
12000 0 12003 30000
12006 0 12009 30000
12012 0 12015 30000
12018 0 12021 30000
12024 0 12027 30000
12030 0 12033 30000
12036 0 12039 30000
12042 0 12045 30000
12048 0 12051 30000
12054 0 12057 30000
12060 0 12063 30000
12066 0 12069 30000
12072 0 12075 30000
12078 0 12081 30000
12084 0 12087 30000
12090 0 12093 30000
12096 0 12099 30000
12102 0 12105 30000
12108 0 12111 30000
12114 0 12117 30000
12120 0 12123 30000
12126 0 12129 30000
12132 0 12135 30000
12138 0 12141 30000
12144 0 12147 30000
12150 0 12153 30000
12156 0 12159 30000
12162 0 12165 30000
12168 0 12171 30000
12174 0 12177 30000
12180 0 12183 30000
12186 0 12189 30000
12192 0 12195 30000
12198 0 12201 30000
12204 0 12207 30000
12210 0 12213 30000
12216 0 12219 30000
12222 0 12225 30000
12228 0 12231 30000
12234 0 12237 30000
12240 0 12243 30000
12246 0 12249 30000
12252 0 12255 30000
12258 0 12261 30000
12264 0 12267 30000
12270 0 12273 30000
12276 0 12279 30000
12282 0 12285 30000
12288 0 12291 30000
12294 0 12297 30000
12300 0 12303 30000
12306 0 12309 30000
12312 0 12315 30000
12318 0 12321 30000
12324 0 12327 30000
12330 0 12333 30000
12336 0 12339 30000
12342 0 12345 30000
12348 0 12351 30000
12354 0 12357 30000
12360 0 12363 30000
12366 0 12369 30000
12372 0 12375 30000
12378 0 12381 30000
12384 0 12387 30000
12390 0 12393 30000
12396 0 12399 30000
12402 0 12405 30000
12408 0 12411 30000
12414 0 12417 30000
12420 0 12423 30000
12426 0 12429 30000
12432 0 12435 30000
12438 0 12441 30000
12444 0 12447 30000
12450 0 12453 30000
12456 0 12459 30000
12462 0 12465 30000
12468 0 12471 30000
12474 0 12477 30000
12480 0 12483 30000
12486 0 12489 30000
12492 0 12495 30000
12498 0 12501 30000
12504 0 12507 30000
12510 0 12513 30000
12516 0 12519 30000
12522 0 12525 30000
12528 0 12531 30000
12534 0 12537 30000
12540 0 12543 30000
12546 0 12549 30000
12552 0 12555 30000
12558 0 12561 30000
12564 0 12567 30000
12570 0 12573 30000
12576 0 12579 30000
12582 0 12585 30000
12588 0 12591 30000
12594 0 12597 30000
12600 0 12603 30000
12606 0 12609 30000
12612 0 12615 30000
12618 0 12621 30000
12624 0 12627 30000
12630 0 12633 30000
12636 0 12639 30000
12642 0 12645 30000
12648 0 12651 30000
12654 0 12657 30000
12660 0 12663 30000
12666 0 12669 30000
12672 0 12675 30000
12678 0 12681 30000
12684 0 12687 30000
12690 0 12693 30000
12696 0 12699 30000
12702 0 12705 30000
12708 0 12711 30000
12714 0 12717 30000
12720 0 12723 30000
12726 0 12729 30000
12732 0 12735 30000
12738 0 12741 30000
12744 0 12747 30000
12750 0 12753 30000
12756 0 12759 30000
12762 0 12765 30000
12768 0 12771 30000
12774 0 12777 30000
12780 0 12783 30000
12786 0 12789 30000
12792 0 12795 30000
12798 0 12801 30000
12804 0 12807 30000
12810 0 12813 30000
12816 0 12819 30000
12822 0 12825 30000
12828 0 12831 30000
12834 0 12837 30000
12840 0 12843 30000
12846 0 12849 30000
12852 0 12855 30000
12858 0 12861 30000
12864 0 12867 30000
12870 0 12873 30000
12876 0 12879 30000
12882 0 12885 30000
12888 0 12891 30000
12894 0 12897 30000
12900 0 12903 30000
12906 0 12909 30000
12912 0 12915 30000
12918 0 12921 30000
12924 0 12927 30000
12930 0 12933 30000
12936 0 12939 30000
12942 0 12945 30000
12948 0 12951 30000
12954 0 12957 30000
12960 0 12963 30000
12966 0 12969 30000
12972 0 12975 30000
12978 0 12981 30000
12984 0 12987 30000
12990 0 12993 30000
12996 0 12999 30000
13002 0 13005 30000
13008 0 13011 30000
13014 0 13017 30000
13020 0 13023 30000
13026 0 13029 30000
13032 0 13035 30000
13038 0 13041 30000
13044 0 13047 30000
13050 0 13053 30000
13056 0 13059 30000
13062 0 13065 30000
13068 0 13071 30000
13074 0 13077 30000
13080 0 13083 30000
13086 0 13089 30000
13092 0 13095 30000
13098 0 13101 30000
13104 0 13107 30000
13110 0 13113 30000
13116 0 13119 30000
13122 0 13125 30000
13128 0 13131 30000
13134 0 13137 30000
13140 0 13143 30000
13146 0 13149 30000
13152 0 13155 30000
13158 0 13161 30000
13164 0 13167 30000
13170 0 13173 30000
13176 0 13179 30000
13182 0 13185 30000
13188 0 13191 30000
13194 0 13197 30000
13200 0 13203 30000
13206 0 13209 30000
13212 0 13215 30000
13218 0 13221 30000
13224 0 13227 30000
13230 0 13233 30000
13236 0 13239 30000
13242 0 13245 30000
13248 0 13251 30000
13254 0 13257 30000
13260 0 13263 30000
13266 0 13269 30000
13272 0 13275 30000
13278 0 13281 30000
13284 0 13287 30000
13290 0 13293 30000
13296 0 13299 30000
13302 0 13305 30000
13308 0 13311 30000
13314 0 13317 30000
13320 0 13323 30000
13326 0 13329 30000
13332 0 13335 30000
13338 0 13341 30000
13344 0 13347 30000
13350 0 13353 30000
13356 0 13359 30000
13362 0 13365 30000
13368 0 13371 30000
13374 0 13377 30000
13380 0 13383 30000
13386 0 13389 30000
13392 0 13395 30000
13398 0 13401 30000
13404 0 13407 30000
13410 0 13413 30000
13416 0 13419 30000
13422 0 13425 30000
13428 0 13431 30000
13434 0 13437 30000
13440 0 13443 30000
13446 0 13449 30000
13452 0 13455 30000
13458 0 13461 30000
13464 0 13467 30000
13470 0 13473 30000
13476 0 13479 30000
13482 0 13485 30000
13488 0 13491 30000
13494 0 13497 30000
13500 0 13503 30000
13506 0 13509 30000
13512 0 13515 30000
13518 0 13521 30000
13524 0 13527 30000
13530 0 13533 30000
13536 0 13539 30000
13542 0 13545 30000
13548 0 13551 30000
13554 0 13557 30000
13560 0 13563 30000
13566 0 13569 30000
13572 0 13575 30000
13578 0 13581 30000
13584 0 13587 30000
13590 0 13593 30000
13596 0 13599 30000
13602 0 13605 30000
13608 0 13611 30000
13614 0 13617 30000
13620 0 13623 30000
13626 0 13629 30000
13632 0 13635 30000
13638 0 13641 30000
13644 0 13647 30000
13650 0 13653 30000
13656 0 13659 30000
13662 0 13665 30000
13668 0 13671 30000
13674 0 13677 30000
13680 0 13683 30000
13686 0 13689 30000
13692 0 13695 30000
13698 0 13701 30000
13704 0 13707 30000
13710 0 13713 30000
13716 0 13719 30000
13722 0 13725 30000
13728 0 13731 30000
13734 0 13737 30000
13740 0 13743 30000
13746 0 13749 30000
13752 0 13755 30000
13758 0 13761 30000
13764 0 13767 30000
13770 0 13773 30000
13776 0 13779 30000
13782 0 13785 30000
13788 0 13791 30000
13794 0 13797 30000
13800 0 13803 30000
13806 0 13809 30000
13812 0 13815 30000
13818 0 13821 30000
13824 0 13827 30000
13830 0 13833 30000
13836 0 13839 30000
13842 0 13845 30000
13848 0 13851 30000
13854 0 13857 30000
13860 0 13863 30000
13866 0 13869 30000
13872 0 13875 30000
13878 0 13881 30000
13884 0 13887 30000
13890 0 13893 30000
13896 0 13899 30000
13902 0 13905 30000
13908 0 13911 30000
13914 0 13917 30000
13920 0 13923 30000
13926 0 13929 30000
13932 0 13935 30000
13938 0 13941 30000
13944 0 13947 30000
13950 0 13953 30000
13956 0 13959 30000
13962 0 13965 30000
13968 0 13971 30000
13974 0 13977 30000
13980 0 13983 30000
13986 0 13989 30000
13992 0 13995 30000
13998 0 14001 30000
14004 0 14007 30000
14010 0 14013 30000
14016 0 14019 30000
14022 0 14025 30000
14028 0 14031 30000
14034 0 14037 30000
14040 0 14043 30000
14046 0 14049 30000
14052 0 14055 30000
14058 0 14061 30000
14064 0 14067 30000
14070 0 14073 30000
14076 0 14079 30000
14082 0 14085 30000
14088 0 14091 30000
14094 0 14097 30000
14100 0 14103 30000
14106 0 14109 30000
14112 0 14115 30000
14118 0 14121 30000
14124 0 14127 30000
14130 0 14133 30000
14136 0 14139 30000
14142 0 14145 30000
14148 0 14151 30000
14154 0 14157 30000
14160 0 14163 30000
14166 0 14169 30000
14172 0 14175 30000
14178 0 14181 30000
14184 0 14187 30000
14190 0 14193 30000
14196 0 14199 30000
14202 0 14205 30000
14208 0 14211 30000
14214 0 14217 30000
14220 0 14223 30000
14226 0 14229 30000
14232 0 14235 30000
14238 0 14241 30000
14244 0 14247 30000
14250 0 14253 30000
14256 0 14259 30000
14262 0 14265 30000
14268 0 14271 30000
14274 0 14277 30000
14280 0 14283 30000
14286 0 14289 30000
14292 0 14295 30000
14298 0 14301 30000
14304 0 14307 30000
14310 0 14313 30000
14316 0 14319 30000
14322 0 14325 30000
14328 0 14331 30000
14334 0 14337 30000
14340 0 14343 30000
14346 0 14349 30000
14352 0 14355 30000
14358 0 14361 30000
14364 0 14367 30000
14370 0 14373 30000
14376 0 14379 30000
14382 0 14385 30000
14388 0 14391 30000
14394 0 14397 30000
14400 0 14403 30000
14406 0 14409 30000
14412 0 14415 30000
14418 0 14421 30000
14424 0 14427 30000
14430 0 14433 30000
14436 0 14439 30000
14442 0 14445 30000
14448 0 14451 30000
14454 0 14457 30000
14460 0 14463 30000
14466 0 14469 30000
14472 0 14475 30000
14478 0 14481 30000
14484 0 14487 30000
14490 0 14493 30000
14496 0 14499 30000
14502 0 14505 30000
14508 0 14511 30000
14514 0 14517 30000
14520 0 14523 30000
14526 0 14529 30000
14532 0 14535 30000
14538 0 14541 30000
14544 0 14547 30000
14550 0 14553 30000
14556 0 14559 30000
14562 0 14565 30000
14568 0 14571 30000
14574 0 14577 30000
14580 0 14583 30000
14586 0 14589 30000
14592 0 14595 30000
14598 0 14601 30000
14604 0 14607 30000
14610 0 14613 30000
14616 0 14619 30000
14622 0 14625 30000
14628 0 14631 30000
14634 0 14637 30000
14640 0 14643 30000
14646 0 14649 30000
14652 0 14655 30000
14658 0 14661 30000
14664 0 14667 30000
14670 0 14673 30000
14676 0 14679 30000
14682 0 14685 30000
14688 0 14691 30000
14694 0 14697 30000
14700 0 14703 30000
14706 0 14709 30000
14712 0 14715 30000
14718 0 14721 30000
14724 0 14727 30000
14730 0 14733 30000
14736 0 14739 30000
14742 0 14745 30000
14748 0 14751 30000
14754 0 14757 30000
14760 0 14763 30000
14766 0 14769 30000
14772 0 14775 30000
14778 0 14781 30000
14784 0 14787 30000
14790 0 14793 30000
14796 0 14799 30000
14802 0 14805 30000
14808 0 14811 30000
14814 0 14817 30000
14820 0 14823 30000
14826 0 14829 30000
14832 0 14835 30000
14838 0 14841 30000
14844 0 14847 30000
14850 0 14853 30000
14856 0 14859 30000
14862 0 14865 30000
14868 0 14871 30000
14874 0 14877 30000
14880 0 14883 30000
14886 0 14889 30000
14892 0 14895 30000
14898 0 14901 30000
14904 0 14907 30000
14910 0 14913 30000
14916 0 14919 30000
14922 0 14925 30000
14928 0 14931 30000
14934 0 14937 30000
14940 0 14943 30000
14946 0 14949 30000
14952 0 14955 30000
14958 0 14961 30000
14964 0 14967 30000
14970 0 14973 30000
14976 0 14979 30000
14982 0 14985 30000
14988 0 14991 30000
14994 0 14997 30000
