0 0 5000 5000
4000 2500
49
38 7719 1240 2437
8855 1798 8365 2288
451 615 5853 8102
1142 281 539 5922
8945 6287 2997 4681
978 1894 1657 5908
8458 1323 8883 2240
9725 2281 2446 590
840 8588 6908 1239
3613 2618 2457 867
9535 6878 8225 7888
1600 586 2213 1114
7578 7067 7629 9406
2280 3506 4390 1650
2330 7176 2331 9265
2116 4137 6930 1102
1654 8404 4339 7858
5598 4774 4098 3214
4683 6704 5261 5943
2747 7377 8873 8005
6674 3152 1820 3506
239 4186 2804 8939
3023 336 535 1395
6021 1575 5985 3962
624 7065 7571 2831
4169 2237 1252 3638
5620 5729 2701 4325
4923 2776 6811 2063
3565 5193 119 8748
6052 9621 6335 5968
7525 3577 5047 5533
4459 9274 6532 2137
2584 435 1668 9162
6816 9642 976 2530
3823 1096 1768 9244
3825 4022 810 9298
6728 4264 3642 1062
9047 5081 748 5329
114 1183 6760 2744
6892 1495 7361 9135
8572 8653 8256 8472
3019 3976 8821 824
1910 1453 251 2159
9912 3476 6436 719
6388 1257 3447 8841
8854 6494 4756 1842
6206 6167 4818 6558
2004 5927 217 4553
9083 2281 1677 4848
