100 2000000
51210
83501
793545
301761
398099
73737
344168
394945
359297
12685
865981
125603
3591
531073
144261
122835
64711
446956
28889
159001
853024
573776
333546
450722
439421
360587
204195
728839
692177
287801
90857
641040
751232
823911
546609
587169
547708
598751
682541
996721
199681
726069
516545
157361
324145
454201
97419
439644
64828
909727
783315
9191
168581
22680
918626
422578
284212
465639
96023
780383
696832
605786
138755
555751
727071
645794
666001
587042
658001
166601
615711
944076
857425
705013
806097
424896
463301
320601
490697
54843
803580
514555
74753
597365
126272
270329
833204
135260
54273
803652
298911
642055
69661
314937
652785
868459
488081
95753
108141
628738
