300 350 17 1
154 1
71 13
93 7
102 4
281 3
14 7
4 8
329 11
98 6
343 3
85 11
205 13
137 12
222 13
316 5
173 17
283 13
337 6
52 14
199 3
95 4
147 2
271 10
25 15
265 13
216 7
47 17
210 11
145 8
88 12
249 7
157 12
4 2
231 7
291 8
90 6
15 6
187 5
310 6
144 7
23 10
2 17
67 8
201 17
206 17
10 7
264 14
173 8
293 2
169 5
322 6
338 4
269 14
158 1
139 4
272 5
135 12
92 10
202 5
113 14
319 3
228 2
337 9
209 1
348 2
74 14
181 1
247 4
278 1
31 16
174 12
137 3
167 11
292 7
250 8
23 5
290 1
226 6
96 10
220 4
52 16
298 10
37 3
319 10
98 7
248 5
86 5
315 5
271 15
186 4
53 10
153 13
75 17
178 1
220 15
85 17
140 8
4 13
281 12
148 13
203 12
106 8
251 17
341 1
16 7
2 10
330 10
123 17
183 9
76 1
296 15
311 14
190 8
135 9
123 4
343 5
170 4
288 14
211 3
246 14
214 1
176 16
51 10
94 9
312 1
119 15
177 3
318 8
240 5
227 6
43 11
86 8
82 15
160 10
299 14
71 13
173 15
130 1
288 17
324 8
10 17
104 12
236 9
288 17
222 4
113 2
40 1
275 15
307 5
213 6
281 6
220 16
9 11
240 2
318 7
31 10
114 4
168 13
68 15
281 17
218 16
184 15
118 6
203 11
231 7
54 16
142 4
323 14
255 6
212 10
254 10
113 1
46 4
131 15
52 12
281 12
30 6
78 16
147 9
269 9
312 13
112 4
176 13
109 2
332 5
184 16
211 14
295 17
164 4
155 9
305 14
156 16
230 10
212 9
88 17
139 15
244 14
149 13
239 6
149 9
164 7
151 13
342 10
229 14
65 13
349 13
30 2
265 12
94 8
28 9
253 13
106 4
6 2
269 11
146 15
24 17
311 16
320 13
68 4
148 12
113 17
66 14
49 17
281 15
284 10
233 9
124 3
122 8
83 9
41 2
195 3
110 7
87 15
96 13
248 7
209 6
125 15
185 15
90 4
19 6
298 4
160 10
102 2
70 1
327 2
74 10
289 2
317 9
273 6
59 4
343 12
319 5
75 10
82 7
146 3
7 4
319 9
321 8
24 9
143 1
262 2
93 15
118 16
175 5
275 4
167 11
36 12
308 13
219 1
93 16
301 10
86 17
68 4
121 9
118 3
29 9
312 10
162 3
156 16
315 14
45 6
325 4
193 9
22 1
52 16
320 17
23 14
238 9
123 14
180 3
92 9
211 15
308 6
31 9
182 9
291 12
128 8
164 3
236 5
149 5
