9199
1 2
2 3
3 4
2 5
5 6
4 7
1 8
4 9
5 10
1 11
3 12
8 13
12 14
4 15
12 16
15 17
6 18
9 19
18 20
19 21
2 22
10 23
3 24
3 25
21 26
4 27
18 28
8 29
23 30
17 31
12 32
23 33
25 34
20 35
35 36
33 37
24 38
34 39
16 40
39 41
40 42
35 43
26 44
34 45
10 46
1 47
25 48
33 49
47 50
22 51
29 52
4 53
26 54
48 55
34 56
1 57
53 58
58 59
57 60
5 61
29 62
40 63
16 64
54 65
17 66
25 67
57 68
26 69
67 70
30 71
33 72
2 73
13 74
18 75
51 76
60 77
5 78
17 79
36 80
62 81
47 82
16 83
32 84
24 85
45 86
61 87
57 88
43 89
66 90
29 91
26 92
47 93
73 94
63 95
91 96
2 97
94 98
91 99
85 100
6 101
67 102
12 103
14 104
37 105
27 106
41 107
33 108
31 109
2 110
78 111
74 112
44 113
109 114
92 115
19 116
34 117
110 118
17 119
60 120
33 121
36 122
2 123
20 124
89 125
79 126
125 127
22 128
36 129
121 130
70 131
115 132
33 133
83 134
64 135
27 136
128 137
32 138
130 139
107 140
58 141
9 142
49 143
48 144
67 145
40 146
132 147
113 148
143 149
104 150
55 151
22 152
10 153
50 154
7 155
20 156
56 157
117 158
132 159
17 160
4 161
71 162
137 163
117 164
26 165
28 166
31 167
128 168
34 169
165 170
97 171
145 172
35 173
5 174
34 175
66 176
125 177
113 178
18 179
102 180
143 181
73 182
156 183
146 184
40 185
1 186
33 187
16 188
172 189
133 190
137 191
136 192
137 193
166 194
127 195
28 196
7 197
140 198
30 199
72 200
124 201
142 202
71 203
196 204
76 205
189 206
206 207
111 208
177 209
3 210
205 211
97 212
154 213
79 214
28 215
39 216
9 217
169 218
181 219
157 220
165 221
31 222
50 223
182 224
157 225
53 226
192 227
143 228
190 229
116 230
180 231
43 232
31 233
27 234
3 235
203 236
166 237
93 238
104 239
150 240
118 241
101 242
201 243
44 244
203 245
72 246
173 247
114 248
78 249
173 250
241 251
191 252
182 253
221 254
8 255
223 256
38 257
118 258
53 259
172 260
120 261
193 262
49 263
43 264
105 265
238 266
74 267
222 268
265 269
213 270
196 271
169 272
37 273
211 274
175 275
140 276
64 277
255 278
38 279
266 280
159 281
172 282
66 283
252 284
109 285
220 286
66 287
216 288
237 289
167 290
41 291
150 292
277 293
66 294
266 295
211 296
178 297
79 298
142 299
120 300
129 301
149 302
215 303
77 304
278 305
17 306
58 307
52 308
15 309
130 310
240 311
93 312
148 313
28 314
263 315
4 316
268 317
137 318
162 319
256 320
250 321
137 322
92 323
192 324
248 325
258 326
155 327
37 328
172 329
87 330
56 331
169 332
30 333
9 334
193 335
104 336
257 337
259 338
330 339
151 340
89 341
155 342
74 343
299 344
236 345
39 346
164 347
200 348
128 349
252 350
213 351
151 352
340 353
311 354
319 355
299 356
315 357
146 358
31 359
52 360
165 361
246 362
163 363
14 364
291 365
117 366
189 367
237 368
125 369
86 370
170 371
327 372
186 373
249 374
37 375
172 376
184 377
205 378
165 379
298 380
285 381
232 382
189 383
141 384
5 385
21 386
280 387
26 388
32 389
123 390
291 391
49 392
30 393
46 394
369 395
161 396
201 397
231 398
118 399
278 400
4 401
352 402
187 403
380 404
166 405
294 406
145 407
185 408
112 409
143 410
11 411
143 412
90 413
289 414
171 415
412 416
147 417
269 418
174 419
314 420
180 421
278 422
249 423
257 424
7 425
238 426
141 427
161 428
276 429
306 430
1 431
27 432
284 433
224 434
324 435
333 436
424 437
398 438
268 439
231 440
252 441
56 442
101 443
361 444
197 445
115 446
240 447
238 448
135 449
333 450
322 451
84 452
239 453
348 454
20 455
176 456
352 457
356 458
455 459
239 460
404 461
302 462
112 463
442 464
238 465
165 466
221 467
457 468
250 469
198 470
77 471
69 472
340 473
391 474
466 475
212 476
356 477
282 478
182 479
403 480
73 481
180 482
478 483
474 484
429 485
271 486
140 487
4 488
1 489
399 490
230 491
297 492
313 493
174 494
161 495
34 496
210 497
474 498
58 499
42 500
186 501
494 502
305 503
469 504
128 505
298 506
115 507
42 508
420 509
225 510
264 511
153 512
193 513
456 514
231 515
474 516
141 517
123 518
70 519
95 520
137 521
113 522
72 523
305 524
286 525
397 526
194 527
332 528
320 529
252 530
108 531
319 532
93 533
128 534
310 535
75 536
87 537
106 538
74 539
259 540
277 541
77 542
181 543
242 544
407 545
150 546
86 547
264 548
437 549
467 550
63 551
548 552
114 553
74 554
100 555
500 556
125 557
90 558
495 559
428 560
319 561
42 562
178 563
158 564
30 565
480 566
127 567
30 568
34 569
85 570
479 571
499 572
19 573
390 574
47 575
341 576
370 577
198 578
513 579
377 580
39 581
161 582
535 583
293 584
426 585
559 586
187 587
253 588
68 589
522 590
272 591
173 592
152 593
154 594
439 595
305 596
235 597
118 598
471 599
286 600
321 601
157 602
189 603
499 604
77 605
321 606
431 607
125 608
155 609
157 610
20 611
226 612
236 613
597 614
341 615
577 616
33 617
110 618
315 619
35 620
616 621
606 622
418 623
503 624
339 625
164 626
13 627
425 628
158 629
87 630
244 631
28 632
460 633
456 634
401 635
470 636
541 637
175 638
228 639
284 640
90 641
187 642
162 643
49 644
80 645
57 646
178 647
79 648
609 649
142 650
203 651
99 652
352 653
380 654
576 655
519 656
552 657
94 658
278 659
158 660
32 661
63 662
635 663
442 664
322 665
16 666
109 667
399 668
445 669
227 670
172 671
284 672
471 673
67 674
474 675
30 676
554 677
550 678
26 679
198 680
569 681
252 682
576 683
178 684
314 685
156 686
91 687
396 688
591 689
405 690
288 691
380 692
185 693
299 694
195 695
309 696
109 697
672 698
470 699
129 700
590 701
564 702
271 703
63 704
249 705
235 706
197 707
382 708
112 709
664 710
208 711
694 712
360 713
390 714
593 715
85 716
292 717
145 718
527 719
57 720
575 721
208 722
139 723
118 724
185 725
468 726
316 727
669 728
435 729
725 730
579 731
252 732
491 733
193 734
136 735
574 736
138 737
422 738
682 739
355 740
604 741
526 742
369 743
218 744
223 745
668 746
194 747
699 748
60 749
63 750
482 751
18 752
194 753
586 754
393 755
422 756
292 757
576 758
601 759
359 760
597 761
222 762
624 763
483 764
38 765
539 766
418 767
244 768
464 769
87 770
503 771
665 772
415 773
212 774
359 775
642 776
566 777
644 778
483 779
3 780
76 781
416 782
545 783
416 784
366 785
326 786
500 787
560 788
101 789
274 790
255 791
557 792
715 793
715 794
290 795
710 796
125 797
266 798
540 799
170 800
500 801
274 802
560 803
566 804
613 805
705 806
43 807
502 808
253 809
95 810
585 811
250 812
188 813
339 814
23 815
86 816
76 817
144 818
618 819
306 820
70 821
5 822
436 823
124 824
621 825
178 826
182 827
663 828
537 829
402 830
69 831
34 832
222 833
272 834
54 835
810 836
621 837
157 838
751 839
739 840
419 841
668 842
119 843
479 844
770 845
188 846
723 847
147 848
836 849
381 850
457 851
270 852
293 853
595 854
244 855
104 856
106 857
653 858
136 859
383 860
338 861
860 862
619 863
228 864
310 865
719 866
534 867
171 868
629 869
211 870
46 871
547 872
354 873
463 874
835 875
296 876
696 877
304 878
285 879
152 880
13 881
560 882
668 883
313 884
154 885
122 886
54 887
7 888
547 889
300 890
617 891
576 892
504 893
277 894
88 895
146 896
803 897
52 898
390 899
387 900
579 901
587 902
357 903
112 904
776 905
433 906
202 907
448 908
904 909
357 910
767 911
35 912
337 913
383 914
154 915
768 916
287 917
401 918
569 919
224 920
48 921
420 922
865 923
559 924
131 925
84 926
387 927
839 928
174 929
775 930
131 931
36 932
584 933
265 934
386 935
122 936
566 937
720 938
501 939
430 940
344 941
556 942
59 943
609 944
310 945
164 946
252 947
68 948
907 949
344 950
922 951
714 952
513 953
738 954
89 955
200 956
98 957
679 958
415 959
675 960
800 961
392 962
242 963
269 964
60 965
240 966
236 967
15 968
564 969
354 970
136 971
749 972
880 973
344 974
673 975
545 976
741 977
874 978
774 979
416 980
25 981
194 982
119 983
341 984
174 985
283 986
746 987
125 988
879 989
702 990
976 991
521 992
895 993
760 994
503 995
490 996
647 997
93 998
651 999
336 1000
81 1001
898 1002
838 1003
732 1004
426 1005
405 1006
67 1007
832 1008
694 1009
817 1010
922 1011
551 1012
106 1013
328 1014
347 1015
302 1016
119 1017
257 1018
986 1019
329 1020
892 1021
397 1022
331 1023
686 1024
83 1025
671 1026
549 1027
691 1028
676 1029
217 1030
946 1031
330 1032
79 1033
824 1034
556 1035
796 1036
249 1037
705 1038
417 1039
374 1040
512 1041
441 1042
989 1043
932 1044
42 1045
955 1046
315 1047
419 1048
347 1049
628 1050
706 1051
499 1052
342 1053
961 1054
329 1055
841 1056
454 1057
470 1058
113 1059
670 1060
849 1061
597 1062
908 1063
5 1064
300 1065
766 1066
870 1067
836 1068
476 1069
865 1070
267 1071
590 1072
173 1073
595 1074
438 1075
1012 1076
117 1077
473 1078
125 1079
330 1080
307 1081
563 1082
254 1083
955 1084
100 1085
1073 1086
456 1087
927 1088
254 1089
580 1090
117 1091
246 1092
1008 1093
84 1094
297 1095
362 1096
953 1097
80 1098
55 1099
519 1100
460 1101
436 1102
695 1103
929 1104
339 1105
205 1106
657 1107
672 1108
898 1109
1030 1110
368 1111
309 1112
623 1113
1065 1114
281 1115
699 1116
1028 1117
988 1118
318 1119
667 1120
548 1121
769 1122
342 1123
213 1124
774 1125
881 1126
1100 1127
1023 1128
118 1129
315 1130
400 1131
598 1132
445 1133
556 1134
526 1135
113 1136
235 1137
1031 1138
1113 1139
442 1140
391 1141
43 1142
420 1143
404 1144
151 1145
381 1146
54 1147
724 1148
616 1149
468 1150
988 1151
432 1152
864 1153
79 1154
797 1155
695 1156
606 1157
222 1158
1096 1159
610 1160
1091 1161
998 1162
903 1163
881 1164
155 1165
697 1166
747 1167
784 1168
45 1169
523 1170
499 1171
597 1172
934 1173
611 1174
158 1175
713 1176
770 1177
798 1178
1141 1179
768 1180
633 1181
34 1182
164 1183
476 1184
762 1185
100 1186
394 1187
472 1188
122 1189
141 1190
1139 1191
684 1192
831 1193
1190 1194
140 1195
496 1196
869 1197
627 1198
1111 1199
650 1200
465 1201
100 1202
858 1203
361 1204
852 1205
449 1206
866 1207
136 1208
1162 1209
301 1210
873 1211
1047 1212
803 1213
577 1214
104 1215
614 1216
378 1217
708 1218
801 1219
400 1220
248 1221
242 1222
802 1223
739 1224
315 1225
148 1226
286 1227
1120 1228
1024 1229
901 1230
970 1231
129 1232
814 1233
85 1234
1230 1235
837 1236
697 1237
14 1238
1137 1239
948 1240
925 1241
1140 1242
1107 1243
1217 1244
890 1245
195 1246
116 1247
930 1248
871 1249
1191 1250
777 1251
816 1252
146 1253
898 1254
828 1255
933 1256
32 1257
692 1258
1040 1259
896 1260
569 1261
939 1262
553 1263
448 1264
606 1265
1182 1266
1173 1267
125 1268
496 1269
560 1270
608 1271
34 1272
900 1273
443 1274
579 1275
1027 1276
858 1277
1149 1278
177 1279
8 1280
74 1281
897 1282
49 1283
1105 1284
2 1285
580 1286
1219 1287
674 1288
692 1289
951 1290
395 1291
640 1292
666 1293
195 1294
346 1295
466 1296
199 1297
1165 1298
920 1299
1016 1300
559 1301
307 1302
223 1303
1146 1304
79 1305
59 1306
542 1307
493 1308
470 1309
712 1310
643 1311
971 1312
363 1313
112 1314
934 1315
797 1316
508 1317
1081 1318
502 1319
1242 1320
559 1321
613 1322
552 1323
248 1324
143 1325
209 1326
113 1327
925 1328
754 1329
251 1330
1248 1331
947 1332
456 1333
436 1334
1221 1335
504 1336
758 1337
557 1338
271 1339
1197 1340
463 1341
626 1342
1109 1343
1259 1344
786 1345
1231 1346
888 1347
432 1348
1330 1349
662 1350
183 1351
647 1352
875 1353
701 1354
179 1355
1101 1356
618 1357
350 1358
804 1359
1167 1360
1078 1361
1120 1362
1092 1363
550 1364
304 1365
923 1366
81 1367
899 1368
312 1369
1033 1370
850 1371
321 1372
697 1373
380 1374
924 1375
691 1376
263 1377
584 1378
1031 1379
1086 1380
115 1381
135 1382
513 1383
751 1384
334 1385
551 1386
228 1387
43 1388
201 1389
434 1390
424 1391
1253 1392
45 1393
1237 1394
490 1395
845 1396
571 1397
352 1398
736 1399
1386 1400
1182 1401
157 1402
162 1403
502 1404
140 1405
1365 1406
857 1407
602 1408
529 1409
894 1410
77 1411
25 1412
542 1413
986 1414
223 1415
1009 1416
1393 1417
765 1418
1178 1419
774 1420
542 1421
25 1422
1083 1423
609 1424
637 1425
927 1426
1157 1427
968 1428
189 1429
564 1430
942 1431
187 1432
48 1433
871 1434
645 1435
188 1436
1308 1437
647 1438
1384 1439
333 1440
1338 1441
283 1442
900 1443
403 1444
868 1445
1439 1446
21 1447
3 1448
1108 1449
594 1450
1306 1451
797 1452
19 1453
1193 1454
601 1455
420 1456
624 1457
1427 1458
225 1459
567 1460
49 1461
341 1462
1289 1463
770 1464
294 1465
398 1466
528 1467
587 1468
1468 1469
844 1470
631 1471
282 1472
72 1473
917 1474
334 1475
994 1476
1053 1477
1239 1478
606 1479
1350 1480
1071 1481
1189 1482
1296 1483
968 1484
1093 1485
276 1486
87 1487
526 1488
1180 1489
390 1490
861 1491
567 1492
820 1493
499 1494
148 1495
586 1496
1152 1497
543 1498
688 1499
1396 1500
293 1501
1184 1502
358 1503
405 1504
36 1505
1375 1506
845 1507
478 1508
937 1509
771 1510
1118 1511
1134 1512
706 1513
109 1514
205 1515
234 1516
803 1517
920 1518
374 1519
402 1520
409 1521
686 1522
652 1523
1188 1524
414 1525
1079 1526
222 1527
223 1528
294 1529
585 1530
1279 1531
848 1532
1095 1533
460 1534
783 1535
256 1536
438 1537
502 1538
349 1539
1195 1540
1335 1541
228 1542
592 1543
847 1544
836 1545
1141 1546
468 1547
1321 1548
943 1549
606 1550
632 1551
673 1552
449 1553
466 1554
288 1555
1191 1556
231 1557
844 1558
1283 1559
1315 1560
951 1561
644 1562
1202 1563
473 1564
690 1565
370 1566
1144 1567
1549 1568
1381 1569
1264 1570
1312 1571
1269 1572
380 1573
954 1574
95 1575
117 1576
439 1577
1460 1578
235 1579
1562 1580
363 1581
1000 1582
1078 1583
425 1584
235 1585
949 1586
978 1587
101 1588
107 1589
778 1590
890 1591
333 1592
1444 1593
956 1594
939 1595
780 1596
354 1597
1143 1598
377 1599
293 1600
794 1601
765 1602
1522 1603
1344 1604
113 1605
1144 1606
645 1607
506 1608
1337 1609
334 1610
650 1611
647 1612
808 1613
1313 1614
1546 1615
49 1616
574 1617
1608 1618
726 1619
632 1620
82 1621
366 1622
542 1623
232 1624
525 1625
381 1626
65 1627
614 1628
690 1629
522 1630
176 1631
708 1632
1470 1633
1040 1634
787 1635
820 1636
1232 1637
272 1638
147 1639
61 1640
130 1641
940 1642
106 1643
80 1644
982 1645
656 1646
717 1647
1203 1648
1267 1649
877 1650
465 1651
1137 1652
1519 1653
1044 1654
1407 1655
331 1656
1362 1657
1157 1658
1027 1659
1045 1660
1040 1661
1548 1662
881 1663
1009 1664
951 1665
868 1666
1299 1667
1291 1668
333 1669
1372 1670
1168 1671
1091 1672
764 1673
1478 1674
1287 1675
844 1676
337 1677
228 1678
1404 1679
100 1680
626 1681
951 1682
158 1683
189 1684
439 1685
944 1686
926 1687
801 1688
170 1689
194 1690
817 1691
667 1692
574 1693
664 1694
1167 1695
279 1696
1133 1697
1195 1698
1443 1699
624 1700
1086 1701
888 1702
16 1703
1675 1704
1398 1705
1560 1706
1323 1707
1081 1708
1596 1709
1429 1710
1339 1711
1094 1712
802 1713
433 1714
1529 1715
818 1716
1434 1717
1233 1718
1432 1719
17 1720
743 1721
633 1722
1588 1723
1521 1724
769 1725
1643 1726
727 1727
1172 1728
330 1729
731 1730
36 1731
1371 1732
801 1733
180 1734
818 1735
1028 1736
15 1737
347 1738
1258 1739
627 1740
1333 1741
1133 1742
1531 1743
53 1744
1421 1745
1507 1746
1377 1747
716 1748
264 1749
264 1750
749 1751
813 1752
687 1753
1489 1754
625 1755
847 1756
1477 1757
1481 1758
418 1759
607 1760
1428 1761
978 1762
510 1763
235 1764
123 1765
792 1766
703 1767
297 1768
448 1769
766 1770
227 1771
811 1772
1046 1773
868 1774
303 1775
315 1776
1033 1777
1258 1778
21 1779
326 1780
53 1781
567 1782
180 1783
1436 1784
435 1785
685 1786
1340 1787
235 1788
97 1789
665 1790
276 1791
352 1792
661 1793
1567 1794
1184 1795
727 1796
1317 1797
4 1798
1675 1799
1357 1800
1353 1801
415 1802
492 1803
1682 1804
1612 1805
1746 1806
772 1807
321 1808
255 1809
33 1810
115 1811
1571 1812
1344 1813
816 1814
1756 1815
1094 1816
1267 1817
971 1818
1386 1819
359 1820
1495 1821
1548 1822
967 1823
670 1824
691 1825
392 1826
1301 1827
1657 1828
1428 1829
606 1830
966 1831
1001 1832
170 1833
846 1834
422 1835
599 1836
303 1837
304 1838
54 1839
454 1840
1431 1841
982 1842
110 1843
1755 1844
1782 1845
588 1846
1103 1847
1722 1848
439 1849
1590 1850
1552 1851
154 1852
1293 1853
420 1854
982 1855
1393 1856
343 1857
1752 1858
589 1859
319 1860
1423 1861
1401 1862
235 1863
941 1864
1826 1865
1611 1866
626 1867
1214 1868
606 1869
813 1870
441 1871
415 1872
1097 1873
388 1874
1653 1875
1325 1876
1543 1877
1146 1878
1439 1879
1699 1880
990 1881
867 1882
328 1883
599 1884
1712 1885
626 1886
1112 1887
220 1888
520 1889
1423 1890
35 1891
1433 1892
1540 1893
1525 1894
1669 1895
1842 1896
43 1897
13 1898
1739 1899
434 1900
495 1901
706 1902
532 1903
1585 1904
1325 1905
551 1906
1506 1907
77 1908
1575 1909
1670 1910
431 1911
184 1912
1569 1913
889 1914
1247 1915
1245 1916
744 1917
222 1918
1889 1919
1562 1920
336 1921
1757 1922
1639 1923
19 1924
265 1925
288 1926
1501 1927
1270 1928
1003 1929
1026 1930
1051 1931
347 1932
368 1933
1726 1934
542 1935
1372 1936
1322 1937
855 1938
741 1939
1213 1940
110 1941
967 1942
60 1943
350 1944
1736 1945
1145 1946
1026 1947
1517 1948
620 1949
549 1950
388 1951
1530 1952
1429 1953
384 1954
538 1955
1925 1956
1872 1957
770 1958
138 1959
1324 1960
843 1961
1722 1962
1928 1963
1003 1964
674 1965
70 1966
1009 1967
66 1968
1385 1969
1218 1970
425 1971
1651 1972
1351 1973
1149 1974
1881 1975
402 1976
83 1977
972 1978
1655 1979
1315 1980
1270 1981
1543 1982
76 1983
1182 1984
1280 1985
948 1986
757 1987
1431 1988
1738 1989
768 1990
1834 1991
1848 1992
1403 1993
1881 1994
304 1995
1776 1996
89 1997
297 1998
972 1999
1667 2000
1298 2001
797 2002
509 2003
1424 2004
1588 2005
564 2006
906 2007
1258 2008
618 2009
1620 2010
1716 2011
1495 2012
704 2013
1541 2014
1441 2015
289 2016
761 2017
970 2018
1086 2019
1511 2020
362 2021
637 2022
393 2023
1050 2024
1570 2025
1741 2026
1991 2027
1180 2028
1008 2029
263 2030
72 2031
703 2032
909 2033
1301 2034
308 2035
744 2036
467 2037
1497 2038
593 2039
321 2040
1757 2041
1211 2042
1038 2043
1709 2044
1515 2045
971 2046
2032 2047
1355 2048
1256 2049
2026 2050
1266 2051
1510 2052
770 2053
1081 2054
1502 2055
307 2056
346 2057
568 2058
941 2059
808 2060
1845 2061
92 2062
713 2063
402 2064
1058 2065
173 2066
1139 2067
14 2068
1341 2069
1918 2070
760 2071
156 2072
435 2073
1278 2074
34 2075
287 2076
363 2077
1348 2078
1724 2079
737 2080
148 2081
964 2082
1054 2083
753 2084
1548 2085
238 2086
908 2087
1659 2088
1977 2089
43 2090
1525 2091
769 2092
206 2093
645 2094
1908 2095
2093 2096
904 2097
837 2098
848 2099
2017 2100
678 2101
1076 2102
2099 2103
1891 2104
373 2105
241 2106
1868 2107
916 2108
1424 2109
162 2110
743 2111
1526 2112
647 2113
193 2114
164 2115
20 2116
409 2117
1679 2118
725 2119
98 2120
864 2121
1461 2122
1456 2123
1245 2124
1936 2125
311 2126
652 2127
1820 2128
1705 2129
139 2130
1287 2131
1377 2132
289 2133
275 2134
1466 2135
17 2136
1699 2137
1489 2138
587 2139
2052 2140
389 2141
1760 2142
1550 2143
1013 2144
1031 2145
319 2146
1018 2147
228 2148
61 2149
359 2150
150 2151
757 2152
215 2153
1341 2154
1851 2155
110 2156
59 2157
524 2158
553 2159
1193 2160
1483 2161
495 2162
2057 2163
1936 2164
1415 2165
1757 2166
1349 2167
1156 2168
365 2169
1342 2170
104 2171
1472 2172
1359 2173
1879 2174
2094 2175
970 2176
605 2177
757 2178
711 2179
730 2180
1044 2181
1932 2182
1442 2183
676 2184
1678 2185
401 2186
1710 2187
510 2188
123 2189
1005 2190
1511 2191
37 2192
1111 2193
2161 2194
2083 2195
423 2196
961 2197
2116 2198
1228 2199
401 2200
434 2201
452 2202
670 2203
1363 2204
683 2205
2022 2206
1983 2207
1387 2208
1105 2209
1426 2210
1606 2211
1 2212
146 2213
1921 2214
225 2215
1991 2216
84 2217
385 2218
1734 2219
1084 2220
1515 2221
1995 2222
2047 2223
1620 2224
1604 2225
1852 2226
233 2227
2166 2228
2017 2229
405 2230
649 2231
97 2232
1068 2233
1333 2234
2057 2235
1982 2236
690 2237
794 2238
2007 2239
1198 2240
106 2241
251 2242
482 2243
103 2244
398 2245
1230 2246
282 2247
1221 2248
2042 2249
1072 2250
1421 2251
2004 2252
217 2253
1356 2254
1092 2255
2096 2256
1436 2257
2080 2258
1736 2259
716 2260
587 2261
1598 2262
2180 2263
540 2264
513 2265
585 2266
1561 2267
1767 2268
1907 2269
2121 2270
1037 2271
1118 2272
370 2273
2142 2274
1666 2275
322 2276
701 2277
886 2278
684 2279
963 2280
1377 2281
1541 2282
532 2283
1234 2284
1651 2285
1994 2286
2119 2287
744 2288
1909 2289
2231 2290
1779 2291
78 2292
377 2293
1442 2294
905 2295
666 2296
730 2297
1625 2298
2169 2299
469 2300
1957 2301
1148 2302
1706 2303
430 2304
943 2305
350 2306
850 2307
2181 2308
67 2309
1604 2310
681 2311
1239 2312
1903 2313
1324 2314
504 2315
1082 2316
326 2317
1918 2318
425 2319
254 2320
40 2321
239 2322
602 2323
114 2324
53 2325
1070 2326
1956 2327
1899 2328
175 2329
79 2330
492 2331
2195 2332
679 2333
789 2334
1309 2335
1216 2336
1482 2337
40 2338
26 2339
940 2340
716 2341
1338 2342
3 2343
1054 2344
1348 2345
1519 2346
679 2347
26 2348
390 2349
1101 2350
1696 2351
1545 2352
2189 2353
1846 2354
994 2355
890 2356
249 2357
1616 2358
1254 2359
856 2360
1176 2361
2172 2362
1855 2363
959 2364
762 2365
1809 2366
1493 2367
846 2368
2283 2369
865 2370
279 2371
351 2372
1576 2373
1624 2374
485 2375
1406 2376
554 2377
2006 2378
574 2379
120 2380
1050 2381
393 2382
1528 2383
582 2384
1564 2385
741 2386
981 2387
483 2388
1455 2389
572 2390
1082 2391
463 2392
1964 2393
210 2394
828 2395
2122 2396
50 2397
923 2398
1202 2399
248 2400
729 2401
165 2402
824 2403
2141 2404
662 2405
991 2406
248 2407
542 2408
1775 2409
473 2410
1917 2411
1730 2412
2360 2413
1946 2414
1846 2415
1906 2416
972 2417
936 2418
1036 2419
448 2420
2372 2421
1120 2422
2314 2423
1393 2424
2244 2425
685 2426
1426 2427
437 2428
531 2429
1670 2430
88 2431
892 2432
990 2433
435 2434
1973 2435
1773 2436
2400 2437
771 2438
1017 2439
821 2440
740 2441
965 2442
1121 2443
177 2444
538 2445
1778 2446
1757 2447
549 2448
1639 2449
731 2450
1028 2451
226 2452
347 2453
638 2454
1333 2455
725 2456
2352 2457
1369 2458
1586 2459
59 2460
2389 2461
936 2462
2374 2463
1013 2464
512 2465
1447 2466
2115 2467
601 2468
1128 2469
2095 2470
2341 2471
1748 2472
1945 2473
97 2474
1349 2475
972 2476
1385 2477
2019 2478
585 2479
343 2480
243 2481
1075 2482
149 2483
238 2484
190 2485
958 2486
20 2487
1806 2488
1720 2489
1062 2490
1702 2491
847 2492
1207 2493
2197 2494
2021 2495
2366 2496
1032 2497
1060 2498
1677 2499
1994 2500
735 2501
1898 2502
2364 2503
1679 2504
1806 2505
465 2506
1679 2507
1302 2508
1845 2509
1184 2510
557 2511
1316 2512
841 2513
1855 2514
422 2515
836 2516
763 2517
2479 2518
255 2519
2110 2520
364 2521
2207 2522
1516 2523
1051 2524
211 2525
2031 2526
1733 2527
1923 2528
62 2529
1345 2530
323 2531
2285 2532
1644 2533
1524 2534
698 2535
194 2536
2195 2537
797 2538
1254 2539
433 2540
2033 2541
1218 2542
2424 2543
1105 2544
2305 2545
1398 2546
1180 2547
980 2548
1407 2549
1347 2550
2385 2551
1801 2552
1972 2553
1953 2554
835 2555
2295 2556
1635 2557
367 2558
2113 2559
1951 2560
490 2561
2163 2562
2266 2563
1016 2564
1329 2565
2370 2566
218 2567
190 2568
1383 2569
140 2570
1867 2571
1113 2572
383 2573
2472 2574
120 2575
1472 2576
979 2577
862 2578
453 2579
2391 2580
2478 2581
131 2582
1194 2583
571 2584
1719 2585
1432 2586
1280 2587
1235 2588
988 2589
1219 2590
1586 2591
996 2592
212 2593
428 2594
2311 2595
2242 2596
2340 2597
1056 2598
103 2599
1799 2600
1108 2601
1946 2602
1562 2603
1397 2604
377 2605
708 2606
784 2607
293 2608
438 2609
944 2610
1660 2611
2364 2612
2056 2613
627 2614
383 2615
2493 2616
630 2617
1378 2618
328 2619
1541 2620
469 2621
483 2622
1632 2623
483 2624
707 2625
1503 2626
1480 2627
944 2628
2594 2629
1767 2630
1863 2631
1440 2632
328 2633
1564 2634
2576 2635
80 2636
1468 2637
1856 2638
1561 2639
1445 2640
1027 2641
778 2642
1414 2643
1853 2644
56 2645
2547 2646
2047 2647
145 2648
1697 2649
25 2650
615 2651
1952 2652
428 2653
2094 2654
2080 2655
1503 2656
1024 2657
1719 2658
1744 2659
2038 2660
2447 2661
126 2662
77 2663
637 2664
1283 2665
49 2666
339 2667
602 2668
1636 2669
2187 2670
903 2671
1352 2672
146 2673
184 2674
943 2675
2099 2676
1828 2677
631 2678
2022 2679
354 2680
456 2681
1950 2682
2407 2683
43 2684
2167 2685
2610 2686
1500 2687
2091 2688
2003 2689
794 2690
1350 2691
1715 2692
427 2693
1435 2694
382 2695
542 2696
1119 2697
448 2698
1426 2699
915 2700
1053 2701
1795 2702
1219 2703
169 2704
507 2705
761 2706
2702 2707
2677 2708
426 2709
65 2710
1443 2711
1697 2712
378 2713
1001 2714
548 2715
1928 2716
331 2717
2237 2718
423 2719
2387 2720
2212 2721
996 2722
1902 2723
396 2724
2690 2725
1506 2726
78 2727
1978 2728
755 2729
1386 2730
1022 2731
1012 2732
1631 2733
192 2734
1883 2735
599 2736
134 2737
1151 2738
2357 2739
45 2740
1935 2741
1027 2742
1591 2743
1911 2744
1305 2745
430 2746
886 2747
115 2748
1624 2749
983 2750
2642 2751
728 2752
219 2753
1333 2754
550 2755
2399 2756
779 2757
2559 2758
2226 2759
2254 2760
1798 2761
2033 2762
1303 2763
1119 2764
1573 2765
1262 2766
1808 2767
570 2768
2554 2769
612 2770
665 2771
2402 2772
535 2773
645 2774
2548 2775
2598 2776
1883 2777
259 2778
889 2779
2668 2780
1822 2781
1286 2782
2351 2783
2653 2784
1983 2785
1790 2786
1545 2787
971 2788
2679 2789
301 2790
2025 2791
1545 2792
1801 2793
695 2794
1326 2795
132 2796
140 2797
2373 2798
2793 2799
1632 2800
513 2801
819 2802
1253 2803
2602 2804
1813 2805
22 2806
2619 2807
1130 2808
2529 2809
2474 2810
519 2811
1678 2812
1636 2813
2241 2814
2461 2815
25 2816
665 2817
1323 2818
2152 2819
2600 2820
2546 2821
773 2822
869 2823
1968 2824
2468 2825
1040 2826
1806 2827
63 2828
2516 2829
1066 2830
2602 2831
1316 2832
305 2833
2604 2834
1479 2835
2597 2836
1059 2837
1531 2838
1672 2839
1089 2840
1411 2841
2203 2842
2008 2843
1002 2844
868 2845
435 2846
1941 2847
490 2848
1297 2849
1013 2850
2792 2851
64 2852
1908 2853
2686 2854
2666 2855
750 2856
1455 2857
2654 2858
243 2859
962 2860
49 2861
1273 2862
2112 2863
259 2864
931 2865
316 2866
1533 2867
1422 2868
1887 2869
1941 2870
1080 2871
150 2872
2065 2873
2413 2874
2122 2875
537 2876
2532 2877
1160 2878
307 2879
2162 2880
2511 2881
1727 2882
165 2883
758 2884
1009 2885
149 2886
2371 2887
936 2888
1361 2889
1705 2890
1545 2891
2195 2892
914 2893
1090 2894
703 2895
962 2896
1295 2897
428 2898
1702 2899
784 2900
2070 2901
2107 2902
1400 2903
1291 2904
1866 2905
321 2906
370 2907
2693 2908
2445 2909
2644 2910
1225 2911
1989 2912
2907 2913
2475 2914
581 2915
1735 2916
1060 2917
2514 2918
2697 2919
1812 2920
1484 2921
1616 2922
1840 2923
1976 2924
805 2925
1253 2926
2112 2927
1587 2928
1244 2929
2549 2930
586 2931
402 2932
1368 2933
1102 2934
2544 2935
426 2936
2527 2937
546 2938
685 2939
2296 2940
2871 2941
970 2942
1833 2943
1388 2944
2620 2945
419 2946
2782 2947
990 2948
690 2949
1509 2950
1039 2951
25 2952
2662 2953
955 2954
560 2955
719 2956
220 2957
183 2958
2340 2959
1404 2960
52 2961
2645 2962
481 2963
2181 2964
2329 2965
962 2966
965 2967
119 2968
1896 2969
616 2970
2020 2971
2437 2972
493 2973
1689 2974
1395 2975
1854 2976
1276 2977
2787 2978
2758 2979
2667 2980
80 2981
1145 2982
2528 2983
2500 2984
400 2985
1600 2986
1189 2987
868 2988
2540 2989
2900 2990
2648 2991
1959 2992
205 2993
2378 2994
2157 2995
2582 2996
2476 2997
1055 2998
1863 2999
666 3000
757 3001
444 3002
477 3003
652 3004
1357 3005
1270 3006
651 3007
437 3008
2081 3009
2790 3010
1467 3011
2854 3012
871 3013
22 3014
950 3015
786 3016
1378 3017
1825 3018
2623 3019
2390 3020
581 3021
571 3022
1440 3023
1198 3024
592 3025
1295 3026
1025 3027
1393 3028
426 3029
2707 3030
1719 3031
28 3032
2070 3033
2704 3034
580 3035
2274 3036
2637 3037
1013 3038
1679 3039
2830 3040
2676 3041
2438 3042
1629 3043
104 3044
1682 3045
1058 3046
1157 3047
1777 3048
1155 3049
1929 3050
1064 3051
1003 3052
55 3053
792 3054
486 3055
39 3056
2261 3057
1051 3058
153 3059
1066 3060
1876 3061
1228 3062
356 3063
2291 3064
2219 3065
2825 3066
308 3067
120 3068
2986 3069
2154 3070
2011 3071
21 3072
1212 3073
2947 3074
274 3075
2336 3076
1656 3077
2537 3078
252 3079
110 3080
2389 3081
2936 3082
2500 3083
676 3084
33 3085
68 3086
390 3087
1382 3088
275 3089
2292 3090
530 3091
2346 3092
2188 3093
217 3094
2813 3095
2821 3096
1811 3097
2704 3098
1938 3099
299 3100
936 3101
1519 3102
941 3103
759 3104
1315 3105
2696 3106
576 3107
944 3108
1104 3109
121 3110
886 3111
2032 3112
2582 3113
715 3114
59 3115
1962 3116
2012 3117
1396 3118
2050 3119
2552 3120
2228 3121
973 3122
103 3123
1294 3124
58 3125
1355 3126
2398 3127
3076 3128
1063 3129
2374 3130
751 3131
1237 3132
1651 3133
730 3134
1383 3135
976 3136
271 3137
2429 3138
1620 3139
786 3140
375 3141
2423 3142
589 3143
1034 3144
1879 3145
1224 3146
3115 3147
1610 3148
336 3149
707 3150
402 3151
730 3152
1294 3153
1859 3154
25 3155
845 3156
8 3157
530 3158
2111 3159
966 3160
1239 3161
2133 3162
2653 3163
2034 3164
2066 3165
1152 3166
1503 3167
3090 3168
713 3169
1285 3170
1427 3171
1727 3172
857 3173
2044 3174
2796 3175
435 3176
2496 3177
134 3178
90 3179
2329 3180
1533 3181
567 3182
2397 3183
2287 3184
522 3185
536 3186
1502 3187
871 3188
256 3189
330 3190
196 3191
1259 3192
2251 3193
2153 3194
2596 3195
1423 3196
639 3197
1342 3198
195 3199
2978 3200
2841 3201
722 3202
1808 3203
436 3204
1686 3205
254 3206
366 3207
2044 3208
2145 3209
640 3210
3113 3211
2338 3212
231 3213
92 3214
406 3215
2854 3216
528 3217
2355 3218
766 3219
2208 3220
2375 3221
2278 3222
721 3223
1597 3224
90 3225
3130 3226
1588 3227
2549 3228
1700 3229
2381 3230
2934 3231
366 3232
3207 3233
1925 3234
9 3235
1504 3236
630 3237
1672 3238
2647 3239
3172 3240
2905 3241
2542 3242
571 3243
1387 3244
766 3245
333 3246
1196 3247
2102 3248
1064 3249
576 3250
2023 3251
3011 3252
1121 3253
875 3254
1048 3255
705 3256
310 3257
1263 3258
2261 3259
1868 3260
1450 3261
2091 3262
103 3263
3025 3264
1243 3265
3130 3266
2359 3267
2797 3268
464 3269
3107 3270
1932 3271
914 3272
3154 3273
1290 3274
899 3275
1115 3276
253 3277
2593 3278
2153 3279
2034 3280
665 3281
1306 3282
2561 3283
1168 3284
1310 3285
2652 3286
1708 3287
3054 3288
2501 3289
416 3290
1463 3291
918 3292
1133 3293
1713 3294
3217 3295
3064 3296
988 3297
2770 3298
1038 3299
462 3300
605 3301
1868 3302
1424 3303
1320 3304
2122 3305
3107 3306
1777 3307
2223 3308
1045 3309
1501 3310
2339 3311
2502 3312
2765 3313
2773 3314
508 3315
2195 3316
2750 3317
2630 3318
1230 3319
3199 3320
2760 3321
1945 3322
3032 3323
2968 3324
532 3325
3228 3326
3302 3327
1168 3328
2131 3329
1414 3330
3268 3331
2026 3332
1941 3333
132 3334
1059 3335
111 3336
1402 3337
1514 3338
321 3339
2078 3340
502 3341
2984 3342
1959 3343
2696 3344
2410 3345
710 3346
662 3347
3296 3348
736 3349
109 3350
965 3351
1229 3352
2127 3353
2523 3354
762 3355
1670 3356
1032 3357
882 3358
2728 3359
702 3360
1928 3361
2907 3362
943 3363
1439 3364
1032 3365
3340 3366
687 3367
2215 3368
489 3369
1751 3370
3098 3371
2814 3372
516 3373
1784 3374
290 3375
296 3376
665 3377
1293 3378
1247 3379
2024 3380
357 3381
202 3382
245 3383
832 3384
2642 3385
1434 3386
1575 3387
625 3388
3006 3389
423 3390
2088 3391
1068 3392
387 3393
678 3394
2386 3395
2169 3396
2446 3397
1585 3398
3243 3399
1833 3400
3065 3401
1329 3402
2711 3403
1138 3404
931 3405
1446 3406
1527 3407
2223 3408
1825 3409
369 3410
3189 3411
175 3412
2058 3413
1825 3414
2737 3415
2800 3416
2720 3417
3347 3418
1182 3419
2894 3420
1608 3421
390 3422
697 3423
484 3424
492 3425
1097 3426
3061 3427
775 3428
486 3429
1351 3430
978 3431
238 3432
424 3433
73 3434
1092 3435
809 3436
2234 3437
2421 3438
3148 3439
345 3440
2844 3441
1044 3442
2607 3443
2712 3444
2204 3445
409 3446
1595 3447
1219 3448
1634 3449
1789 3450
1498 3451
3363 3452
1058 3453
647 3454
1215 3455
2529 3456
2666 3457
2976 3458
3016 3459
2377 3460
1145 3461
1459 3462
1691 3463
1628 3464
199 3465
623 3466
2800 3467
2717 3468
3250 3469
409 3470
3033 3471
1870 3472
672 3473
3432 3474
1038 3475
2065 3476
1094 3477
2458 3478
86 3479
566 3480
1816 3481
3070 3482
1202 3483
1604 3484
1666 3485
3470 3486
1 3487
1536 3488
2759 3489
1446 3490
1664 3491
1049 3492
2219 3493
857 3494
2387 3495
1889 3496
2446 3497
775 3498
2310 3499
2400 3500
3063 3501
2466 3502
868 3503
2323 3504
1767 3505
1341 3506
3377 3507
3072 3508
3171 3509
1465 3510
89 3511
273 3512
922 3513
1136 3514
2356 3515
1862 3516
2395 3517
743 3518
2128 3519
1141 3520
1993 3521
630 3522
1214 3523
3266 3524
1968 3525
1105 3526
2278 3527
2071 3528
3501 3529
2619 3530
602 3531
889 3532
905 3533
2615 3534
2971 3535
879 3536
2375 3537
368 3538
304 3539
3127 3540
2974 3541
1158 3542
3318 3543
1035 3544
184 3545
2555 3546
2266 3547
3146 3548
2056 3549
2990 3550
1859 3551
367 3552
2393 3553
387 3554
1748 3555
620 3556
188 3557
1612 3558
1848 3559
3376 3560
1388 3561
2855 3562
933 3563
653 3564
80 3565
1752 3566
34 3567
2931 3568
568 3569
2098 3570
259 3571
336 3572
3184 3573
1388 3574
150 3575
2293 3576
1442 3577
320 3578
2879 3579
236 3580
1990 3581
784 3582
2754 3583
3226 3584
3423 3585
2343 3586
2957 3587
1368 3588
1647 3589
3069 3590
1164 3591
1085 3592
2842 3593
146 3594
32 3595
621 3596
3011 3597
3184 3598
3443 3599
2138 3600
4 3601
1340 3602
301 3603
3541 3604
3269 3605
850 3606
225 3607
2061 3608
247 3609
2022 3610
12 3611
1898 3612
925 3613
171 3614
481 3615
26 3616
2850 3617
1523 3618
3292 3619
2199 3620
992 3621
204 3622
1777 3623
1969 3624
1577 3625
3171 3626
1329 3627
1899 3628
2628 3629
3237 3630
3232 3631
1243 3632
1954 3633
3243 3634
2061 3635
1415 3636
1957 3637
64 3638
2810 3639
2212 3640
536 3641
2832 3642
1418 3643
2682 3644
1896 3645
71 3646
1531 3647
1942 3648
1963 3649
435 3650
603 3651
1455 3652
1984 3653
3271 3654
3585 3655
1242 3656
447 3657
2200 3658
3 3659
2376 3660
1613 3661
1824 3662
437 3663
1092 3664
521 3665
416 3666
2094 3667
1215 3668
1383 3669
445 3670
800 3671
277 3672
3173 3673
2649 3674
3595 3675
454 3676
105 3677
1077 3678
1691 3679
276 3680
2883 3681
871 3682
2214 3683
333 3684
1199 3685
1594 3686
3393 3687
2500 3688
3053 3689
548 3690
469 3691
661 3692
2231 3693
3105 3694
347 3695
1121 3696
1986 3697
3020 3698
3506 3699
2435 3700
3501 3701
956 3702
2093 3703
2965 3704
534 3705
1085 3706
987 3707
1089 3708
1754 3709
950 3710
1148 3711
1837 3712
2096 3713
3611 3714
2728 3715
417 3716
1965 3717
2945 3718
1600 3719
598 3720
154 3721
1696 3722
2063 3723
2446 3724
2969 3725
2335 3726
1835 3727
2387 3728
197 3729
2556 3730
83 3731
616 3732
3293 3733
1903 3734
46 3735
1212 3736
34 3737
695 3738
1988 3739
3038 3740
1540 3741
1587 3742
390 3743
2864 3744
1818 3745
1139 3746
2538 3747
255 3748
681 3749
321 3750
3504 3751
3358 3752
2640 3753
3150 3754
3435 3755
2375 3756
2845 3757
2222 3758
670 3759
1101 3760
345 3761
360 3762
77 3763
1076 3764
3656 3765
373 3766
978 3767
687 3768
779 3769
235 3770
2552 3771
1096 3772
731 3773
740 3774
1806 3775
2075 3776
3563 3777
2965 3778
2835 3779
590 3780
161 3781
2284 3782
882 3783
1468 3784
541 3785
2869 3786
2044 3787
2814 3788
1813 3789
2889 3790
3240 3791
3330 3792
376 3793
3408 3794
2188 3795
1381 3796
386 3797
1430 3798
3047 3799
3556 3800
2911 3801
2226 3802
287 3803
1781 3804
359 3805
934 3806
1532 3807
642 3808
1193 3809
2070 3810
234 3811
462 3812
1463 3813
211 3814
1159 3815
1010 3816
74 3817
1847 3818
1151 3819
1431 3820
1330 3821
3154 3822
2258 3823
2604 3824
72 3825
2039 3826
328 3827
3215 3828
1018 3829
985 3830
443 3831
3201 3832
71 3833
2528 3834
3375 3835
3205 3836
1700 3837
1037 3838
1394 3839
542 3840
2270 3841
1393 3842
2171 3843
2477 3844
2560 3845
2139 3846
2359 3847
1841 3848
1031 3849
3475 3850
3771 3851
3296 3852
2012 3853
3791 3854
842 3855
3218 3856
642 3857
3464 3858
3544 3859
2816 3860
2946 3861
220 3862
827 3863
2594 3864
2099 3865
1301 3866
924 3867
3406 3868
841 3869
1835 3870
2196 3871
1521 3872
976 3873
2516 3874
62 3875
223 3876
1392 3877
1099 3878
1092 3879
35 3880
2332 3881
1259 3882
476 3883
1693 3884
979 3885
1944 3886
1732 3887
2553 3888
1486 3889
3101 3890
1859 3891
543 3892
3436 3893
3472 3894
151 3895
3541 3896
2747 3897
1366 3898
3538 3899
2994 3900
27 3901
1354 3902
675 3903
57 3904
2056 3905
3425 3906
3588 3907
2663 3908
3287 3909
2723 3910
77 3911
1722 3912
704 3913
2157 3914
1465 3915
3244 3916
1447 3917
1893 3918
2576 3919
1294 3920
772 3921
1341 3922
3906 3923
1359 3924
3617 3925
2453 3926
2195 3927
2636 3928
1142 3929
17 3930
1728 3931
1683 3932
3190 3933
1189 3934
45 3935
531 3936
1325 3937
2989 3938
1448 3939
2333 3940
1724 3941
2280 3942
773 3943
929 3944
3413 3945
1 3946
3409 3947
3713 3948
1823 3949
921 3950
2989 3951
58 3952
508 3953
694 3954
2945 3955
613 3956
505 3957
1893 3958
1927 3959
1827 3960
1789 3961
2827 3962
673 3963
1138 3964
2130 3965
2140 3966
1950 3967
3440 3968
2665 3969
2482 3970
2826 3971
2125 3972
1700 3973
1789 3974
1825 3975
1861 3976
1361 3977
2055 3978
3424 3979
3758 3980
1020 3981
10 3982
137 3983
709 3984
749 3985
309 3986
1819 3987
795 3988
1819 3989
938 3990
3850 3991
1527 3992
2592 3993
1475 3994
54 3995
3206 3996
1299 3997
432 3998
1111 3999
679 4000
2018 4001
381 4002
189 4003
1891 4004
1075 4005
162 4006
3066 4007
3474 4008
1637 4009
93 4010
3765 4011
2756 4012
3610 4013
2598 4014
1452 4015
2678 4016
1200 4017
1591 4018
737 4019
2630 4020
2385 4021
2412 4022
2968 4023
3480 4024
2423 4025
66 4026
617 4027
1630 4028
500 4029
616 4030
3759 4031
3137 4032
2305 4033
1111 4034
450 4035
3621 4036
1437 4037
1111 4038
2570 4039
2006 4040
1889 4041
3171 4042
36 4043
2361 4044
3797 4045
347 4046
3203 4047
3282 4048
2077 4049
2746 4050
319 4051
3958 4052
2321 4053
2784 4054
3456 4055
747 4056
962 4057
658 4058
2230 4059
157 4060
1126 4061
2085 4062
2818 4063
1306 4064
654 4065
2125 4066
2881 4067
3968 4068
158 4069
1112 4070
1191 4071
720 4072
428 4073
783 4074
2396 4075
3858 4076
2201 4077
2940 4078
2263 4079
3348 4080
3372 4081
1543 4082
2395 4083
2385 4084
2128 4085
2559 4086
1353 4087
345 4088
2625 4089
1003 4090
1970 4091
3716 4092
1202 4093
2898 4094
3319 4095
809 4096
3025 4097
2390 4098
3691 4099
2235 4100
1313 4101
1457 4102
2382 4103
2082 4104
176 4105
3751 4106
2281 4107
3723 4108
3137 4109
3705 4110
1214 4111
334 4112
1333 4113
1077 4114
2146 4115
1518 4116
3966 4117
263 4118
2158 4119
1362 4120
659 4121
435 4122
1932 4123
1614 4124
209 4125
1068 4126
1653 4127
2924 4128
113 4129
1039 4130
249 4131
2259 4132
1240 4133
1235 4134
2132 4135
2039 4136
1347 4137
3642 4138
498 4139
146 4140
203 4141
1518 4142
3261 4143
510 4144
1215 4145
999 4146
3325 4147
1760 4148
2527 4149
3022 4150
107 4151
505 4152
1673 4153
3206 4154
1421 4155
184 4156
2290 4157
300 4158
3614 4159
2538 4160
3992 4161
3128 4162
3397 4163
1061 4164
1921 4165
3869 4166
1867 4167
1183 4168
366 4169
1563 4170
2084 4171
566 4172
25 4173
347 4174
618 4175
2931 4176
2020 4177
2835 4178
2604 4179
322 4180
1851 4181
2640 4182
3240 4183
3110 4184
1491 4185
2552 4186
493 4187
56 4188
3932 4189
1029 4190
3929 4191
3754 4192
2636 4193
1652 4194
4106 4195
218 4196
837 4197
2574 4198
2588 4199
2224 4200
4065 4201
3284 4202
2533 4203
28 4204
2652 4205
1469 4206
2438 4207
3111 4208
1866 4209
1152 4210
2860 4211
3862 4212
3137 4213
1265 4214
387 4215
3354 4216
1057 4217
1250 4218
458 4219
1151 4220
750 4221
982 4222
1815 4223
1986 4224
2582 4225
3052 4226
2575 4227
2230 4228
2236 4229
2491 4230
232 4231
56 4232
3236 4233
3647 4234
1684 4235
1298 4236
751 4237
2330 4238
3970 4239
3448 4240
1802 4241
1366 4242
1088 4243
3768 4244
822 4245
3892 4246
3554 4247
508 4248
842 4249
1523 4250
3442 4251
4048 4252
2925 4253
1036 4254
3814 4255
1158 4256
3870 4257
4081 4258
838 4259
651 4260
2273 4261
1305 4262
2649 4263
2536 4264
1806 4265
1010 4266
2286 4267
1073 4268
4100 4269
2146 4270
3040 4271
1476 4272
3723 4273
1293 4274
2440 4275
2896 4276
4074 4277
1982 4278
1243 4279
244 4280
1016 4281
474 4282
3343 4283
1719 4284
1893 4285
3318 4286
1928 4287
2157 4288
3531 4289
2683 4290
459 4291
1605 4292
1058 4293
1939 4294
2680 4295
2179 4296
1577 4297
3529 4298
898 4299
3363 4300
2353 4301
4200 4302
461 4303
2059 4304
327 4305
273 4306
1081 4307
722 4308
2865 4309
1718 4310
2795 4311
3696 4312
3217 4313
3278 4314
1467 4315
3721 4316
1038 4317
2021 4318
2472 4319
1242 4320
4135 4321
3748 4322
67 4323
1922 4324
657 4325
1742 4326
1229 4327
585 4328
3795 4329
1570 4330
592 4331
3898 4332
3715 4333
1186 4334
1380 4335
1560 4336
788 4337
2083 4338
3784 4339
2866 4340
395 4341
1233 4342
3065 4343
960 4344
1246 4345
1484 4346
416 4347
3502 4348
1011 4349
1294 4350
3923 4351
2488 4352
4152 4353
4075 4354
121 4355
628 4356
3607 4357
2789 4358
4043 4359
1829 4360
3221 4361
2473 4362
4022 4363
4073 4364
3290 4365
2196 4366
1170 4367
865 4368
3099 4369
2848 4370
89 4371
474 4372
479 4373
2073 4374
4098 4375
2114 4376
3695 4377
323 4378
3474 4379
3366 4380
1082 4381
3874 4382
2964 4383
1479 4384
743 4385
1361 4386
712 4387
977 4388
3348 4389
4304 4390
3881 4391
2278 4392
4126 4393
1105 4394
327 4395
246 4396
2974 4397
455 4398
1135 4399
3134 4400
3188 4401
2319 4402
503 4403
1483 4404
574 4405
1007 4406
4056 4407
2299 4408
2180 4409
4116 4410
2243 4411
2484 4412
89 4413
1271 4414
1203 4415
3350 4416
2268 4417
4398 4418
3086 4419
223 4420
259 4421
676 4422
1017 4423
604 4424
960 4425
751 4426
82 4427
1196 4428
3747 4429
718 4430
1155 4431
2215 4432
2567 4433
883 4434
2317 4435
249 4436
2132 4437
4333 4438
617 4439
1792 4440
204 4441
1951 4442
2146 4443
2428 4444
3997 4445
1364 4446
4038 4447
491 4448
223 4449
65 4450
2709 4451
579 4452
1322 4453
3763 4454
3410 4455
3377 4456
1537 4457
1214 4458
3121 4459
381 4460
4032 4461
2306 4462
967 4463
162 4464
2892 4465
2430 4466
2993 4467
871 4468
3433 4469
1677 4470
3894 4471
3504 4472
328 4473
3469 4474
62 4475
2902 4476
1742 4477
842 4478
2647 4479
783 4480
1463 4481
458 4482
3875 4483
359 4484
3827 4485
841 4486
101 4487
2202 4488
1602 4489
713 4490
781 4491
741 4492
3954 4493
3481 4494
4062 4495
2404 4496
3210 4497
2297 4498
2900 4499
57 4500
1433 4501
949 4502
3430 4503
1678 4504
1080 4505
3299 4506
320 4507
970 4508
2587 4509
4334 4510
3047 4511
1707 4512
1933 4513
2400 4514
1490 4515
3470 4516
783 4517
321 4518
1368 4519
1959 4520
1275 4521
677 4522
2231 4523
568 4524
194 4525
3655 4526
4236 4527
1781 4528
1802 4529
3364 4530
3696 4531
3587 4532
4235 4533
51 4534
1360 4535
3924 4536
2116 4537
3236 4538
516 4539
3689 4540
1750 4541
890 4542
458 4543
4450 4544
9 4545
1224 4546
1116 4547
2919 4548
2410 4549
3054 4550
1942 4551
2527 4552
1588 4553
1473 4554
1867 4555
221 4556
41 4557
4263 4558
1510 4559
2945 4560
3908 4561
1129 4562
4233 4563
4459 4564
1453 4565
3656 4566
2051 4567
2379 4568
1540 4569
3791 4570
2863 4571
185 4572
449 4573
3698 4574
3806 4575
2623 4576
4307 4577
4 4578
481 4579
275 4580
3920 4581
3409 4582
3092 4583
1352 4584
2733 4585
996 4586
3068 4587
3771 4588
1006 4589
1116 4590
3929 4591
4326 4592
3040 4593
4368 4594
4141 4595
177 4596
245 4597
3530 4598
303 4599
4467 4600
4248 4601
1816 4602
87 4603
3869 4604
621 4605
1820 4606
1162 4607
2505 4608
3091 4609
4121 4610
393 4611
1299 4612
1232 4613
2307 4614
370 4615
23 4616
3621 4617
764 4618
3 4619
1042 4620
2375 4621
2028 4622
4483 4623
3682 4624
1542 4625
345 4626
1071 4627
4338 4628
2392 4629
1569 4630
1222 4631
3798 4632
1511 4633
1377 4634
4548 4635
2572 4636
614 4637
2114 4638
1142 4639
1416 4640
3121 4641
2780 4642
904 4643
4197 4644
4544 4645
107 4646
3449 4647
2442 4648
3510 4649
3478 4650
2524 4651
4426 4652
2550 4653
1042 4654
3671 4655
2070 4656
3085 4657
1852 4658
2259 4659
3757 4660
1769 4661
3926 4662
2053 4663
2689 4664
4466 4665
2017 4666
3842 4667
4575 4668
1296 4669
4452 4670
4497 4671
1164 4672
3348 4673
4300 4674
2093 4675
4255 4676
1626 4677
1117 4678
1671 4679
4054 4680
1838 4681
779 4682
3302 4683
776 4684
257 4685
2496 4686
1214 4687
1160 4688
1182 4689
1762 4690
4547 4691
2855 4692
4398 4693
4378 4694
1495 4695
2868 4696
713 4697
1753 4698
3042 4699
1853 4700
2426 4701
4406 4702
3942 4703
2830 4704
3045 4705
654 4706
2395 4707
4174 4708
3043 4709
2209 4710
3961 4711
4630 4712
2782 4713
1229 4714
2348 4715
1333 4716
1045 4717
2835 4718
2562 4719
2379 4720
161 4721
912 4722
3886 4723
2605 4724
1117 4725
2252 4726
356 4727
1866 4728
2164 4729
1615 4730
2082 4731
2795 4732
1398 4733
3712 4734
3313 4735
3171 4736
1612 4737
1359 4738
4549 4739
3541 4740
2815 4741
861 4742
2540 4743
3626 4744
1901 4745
2972 4746
3866 4747
1906 4748
3394 4749
4209 4750
525 4751
2538 4752
4446 4753
3537 4754
417 4755
1549 4756
3760 4757
2632 4758
593 4759
1027 4760
1658 4761
1523 4762
468 4763
3234 4764
3582 4765
4544 4766
3673 4767
3405 4768
3377 4769
1213 4770
1343 4771
527 4772
2905 4773
94 4774
4206 4775
707 4776
237 4777
3442 4778
2748 4779
4141 4780
95 4781
4504 4782
3524 4783
2406 4784
381 4785
3551 4786
2902 4787
1097 4788
3553 4789
2549 4790
1083 4791
2232 4792
3501 4793
4669 4794
1003 4795
2565 4796
2667 4797
420 4798
2197 4799
4311 4800
636 4801
1781 4802
2756 4803
4111 4804
2195 4805
142 4806
718 4807
3760 4808
3188 4809
2415 4810
963 4811
2542 4812
337 4813
3454 4814
3650 4815
3060 4816
1878 4817
2077 4818
4636 4819
4219 4820
3716 4821
443 4822
2582 4823
3258 4824
1563 4825
3450 4826
2642 4827
1396 4828
3676 4829
2182 4830
2792 4831
3105 4832
1684 4833
4484 4834
1622 4835
1780 4836
3695 4837
2070 4838
1636 4839
3148 4840
2259 4841
2646 4842
4822 4843
107 4844
2801 4845
292 4846
2922 4847
636 4848
1488 4849
4680 4850
4248 4851
2547 4852
931 4853
2258 4854
3030 4855
3360 4856
3397 4857
3919 4858
645 4859
1000 4860
3359 4861
397 4862
2954 4863
3424 4864
4450 4865
4596 4866
707 4867
1370 4868
3610 4869
1782 4870
1145 4871
1556 4872
1234 4873
3451 4874
3882 4875
982 4876
1073 4877
3240 4878
4523 4879
486 4880
4 4881
4287 4882
2000 4883
2387 4884
1568 4885
1935 4886
2438 4887
1508 4888
683 4889
4278 4890
1288 4891
81 4892
1306 4893
1536 4894
3449 4895
2865 4896
718 4897
3620 4898
4155 4899
2714 4900
176 4901
1621 4902
796 4903
68 4904
969 4905
338 4906
1412 4907
309 4908
1541 4909
3823 4910
1437 4911
2445 4912
4314 4913
341 4914
2093 4915
340 4916
485 4917
2102 4918
2989 4919
1273 4920
4461 4921
2914 4922
2004 4923
3703 4924
3671 4925
3246 4926
780 4927
1280 4928
3392 4929
1740 4930
353 4931
1639 4932
1464 4933
3548 4934
4527 4935
254 4936
4791 4937
513 4938
2910 4939
200 4940
4139 4941
71 4942
716 4943
4017 4944
3802 4945
4179 4946
1832 4947
4537 4948
4620 4949
1835 4950
1258 4951
4721 4952
2978 4953
1146 4954
3877 4955
3939 4956
4440 4957
915 4958
3546 4959
2267 4960
2560 4961
709 4962
2635 4963
476 4964
2352 4965
4265 4966
2749 4967
3687 4968
1662 4969
977 4970
954 4971
2162 4972
453 4973
2773 4974
3161 4975
3858 4976
4283 4977
2916 4978
1215 4979
4279 4980
3730 4981
1072 4982
1550 4983
3970 4984
4139 4985
2747 4986
3115 4987
2131 4988
4269 4989
4278 4990
2778 4991
4540 4992
469 4993
1534 4994
3585 4995
151 4996
2238 4997
1213 4998
4125 4999
2196 5000
532 5001
1207 5002
2275 5003
4492 5004
4701 5005
2346 5006
2463 5007
1208 5008
343 5009
1289 5010
1208 5011
976 5012
1874 5013
3645 5014
311 5015
3289 5016
4728 5017
3115 5018
3018 5019
4341 5020
2336 5021
1369 5022
514 5023
343 5024
1833 5025
1148 5026
1660 5027
3133 5028
475 5029
3554 5030
1211 5031
3398 5032
634 5033
1732 5034
1032 5035
3003 5036
1081 5037
2290 5038
3034 5039
4241 5040
4676 5041
2171 5042
1850 5043
1233 5044
3582 5045
3771 5046
1765 5047
3068 5048
1473 5049
548 5050
123 5051
2464 5052
4163 5053
1563 5054
2364 5055
17 5056
2594 5057
970 5058
2763 5059
1136 5060
3319 5061
1871 5062
3871 5063
3746 5064
1128 5065
3045 5066
3805 5067
3527 5068
1041 5069
2334 5070
1539 5071
942 5072
2203 5073
864 5074
542 5075
2626 5076
60 5077
3307 5078
813 5079
2758 5080
1046 5081
3128 5082
3897 5083
3445 5084
1364 5085
4757 5086
3526 5087
3280 5088
4457 5089
4683 5090
1172 5091
1665 5092
1290 5093
4651 5094
1363 5095
977 5096
3845 5097
259 5098
215 5099
1782 5100
2087 5101
696 5102
4485 5103
2794 5104
1108 5105
4718 5106
889 5107
4922 5108
1189 5109
380 5110
3714 5111
1454 5112
2791 5113
718 5114
1880 5115
2266 5116
2321 5117
2156 5118
3942 5119
1659 5120
3621 5121
3439 5122
2314 5123
3198 5124
1851 5125
1996 5126
4862 5127
35 5128
867 5129
1010 5130
3457 5131
1715 5132
2954 5133
3809 5134
2456 5135
1488 5136
1158 5137
3392 5138
22 5139
1854 5140
1477 5141
1698 5142
3628 5143
4064 5144
1267 5145
590 5146
458 5147
1700 5148
4411 5149
286 5150
486 5151
3291 5152
4864 5153
4979 5154
3484 5155
775 5156
2568 5157
1975 5158
1840 5159
2188 5160
3456 5161
18 5162
23 5163
486 5164
1185 5165
4219 5166
833 5167
3511 5168
299 5169
921 5170
1797 5171
4389 5172
4856 5173
2404 5174
4442 5175
904 5176
3171 5177
3305 5178
2527 5179
456 5180
2557 5181
4128 5182
673 5183
4541 5184
3616 5185
877 5186
308 5187
3247 5188
615 5189
4327 5190
4069 5191
1963 5192
4805 5193
2478 5194
1965 5195
460 5196
3845 5197
948 5198
2179 5199
625 5200
2233 5201
4712 5202
16 5203
5149 5204
1101 5205
205 5206
2305 5207
4101 5208
1143 5209
4838 5210
4798 5211
2510 5212
2337 5213
3249 5214
1732 5215
2054 5216
3438 5217
699 5218
764 5219
2374 5220
4745 5221
1329 5222
1676 5223
4695 5224
3810 5225
1575 5226
1624 5227
3338 5228
4818 5229
1051 5230
3788 5231
4913 5232
2105 5233
5085 5234
4310 5235
198 5236
4126 5237
845 5238
1921 5239
465 5240
1479 5241
4293 5242
3639 5243
738 5244
2997 5245
3020 5246
3486 5247
2328 5248
4178 5249
330 5250
3401 5251
16 5252
2197 5253
277 5254
2332 5255
798 5256
2359 5257
4425 5258
4396 5259
460 5260
2988 5261
1827 5262
4215 5263
2916 5264
4931 5265
75 5266
2314 5267
561 5268
3605 5269
2731 5270
1313 5271
388 5272
2010 5273
1362 5274
3822 5275
5206 5276
2622 5277
3968 5278
2175 5279
2790 5280
4788 5281
26 5282
5000 5283
1304 5284
1717 5285
620 5286
2141 5287
4202 5288
2043 5289
3295 5290
225 5291
993 5292
2286 5293
4362 5294
4876 5295
4511 5296
2591 5297
4064 5298
2332 5299
1821 5300
1107 5301
956 5302
4694 5303
4419 5304
898 5305
3049 5306
3908 5307
3407 5308
1036 5309
1 5310
1076 5311
5067 5312
2812 5313
1980 5314
98 5315
5207 5316
783 5317
2449 5318
313 5319
1460 5320
2304 5321
4736 5322
4491 5323
2593 5324
4054 5325
3721 5326
2156 5327
2540 5328
5108 5329
2678 5330
4385 5331
4225 5332
5252 5333
5201 5334
3178 5335
736 5336
3309 5337
2742 5338
3100 5339
3953 5340
2943 5341
2161 5342
4761 5343
3134 5344
2993 5345
2005 5346
3272 5347
1514 5348
2337 5349
468 5350
2379 5351
4803 5352
4812 5353
2191 5354
3179 5355
1624 5356
2962 5357
2794 5358
3812 5359
4164 5360
4460 5361
3837 5362
2316 5363
720 5364
1115 5365
1525 5366
3006 5367
1398 5368
596 5369
2928 5370
5038 5371
527 5372
4135 5373
3249 5374
4627 5375
1047 5376
1884 5377
1420 5378
858 5379
1625 5380
3049 5381
1425 5382
417 5383
1327 5384
5080 5385
3779 5386
5011 5387
3595 5388
231 5389
4197 5390
1184 5391
4068 5392
4477 5393
2354 5394
789 5395
4334 5396
2746 5397
2071 5398
4289 5399
3807 5400
1535 5401
2795 5402
2974 5403
4061 5404
5095 5405
106 5406
853 5407
4942 5408
4197 5409
2283 5410
374 5411
4664 5412
3716 5413
3069 5414
85 5415
5042 5416
2155 5417
574 5418
4540 5419
90 5420
1940 5421
3134 5422
2837 5423
4823 5424
1920 5425
3310 5426
2739 5427
3975 5428
191 5429
5133 5430
737 5431
4360 5432
2862 5433
3362 5434
4569 5435
388 5436
608 5437
5060 5438
251 5439
124 5440
4724 5441
2551 5442
11 5443
1468 5444
1497 5445
3562 5446
3625 5447
703 5448
2063 5449
1444 5450
5339 5451
231 5452
1971 5453
2231 5454
3485 5455
3630 5456
4508 5457
1986 5458
2450 5459
4158 5460
311 5461
3664 5462
3944 5463
3571 5464
1608 5465
5238 5466
2781 5467
1644 5468
1710 5469
5311 5470
1880 5471
4629 5472
2609 5473
985 5474
706 5475
3560 5476
2410 5477
2251 5478
5138 5479
3813 5480
3786 5481
161 5482
1851 5483
1637 5484
519 5485
5393 5486
277 5487
546 5488
3483 5489
784 5490
1565 5491
1690 5492
4282 5493
3149 5494
645 5495
5203 5496
5310 5497
228 5498
4334 5499
1480 5500
2265 5501
4923 5502
1204 5503
1274 5504
2500 5505
2873 5506
51 5507
4299 5508
1973 5509
4791 5510
781 5511
940 5512
917 5513
2320 5514
2076 5515
15 5516
2023 5517
588 5518
3590 5519
5155 5520
659 5521
2541 5522
4353 5523
3049 5524
1608 5525
4563 5526
2399 5527
215 5528
4449 5529
2461 5530
2214 5531
3067 5532
1469 5533
3710 5534
1684 5535
3991 5536
3412 5537
3551 5538
3309 5539
741 5540
415 5541
2102 5542
6 5543
4497 5544
3512 5545
3956 5546
4774 5547
5453 5548
724 5549
4991 5550
4525 5551
3027 5552
2782 5553
1001 5554
1698 5555
1122 5556
3496 5557
4033 5558
169 5559
910 5560
486 5561
52 5562
1928 5563
1926 5564
3713 5565
2014 5566
3963 5567
3410 5568
3658 5569
5270 5570
2239 5571
4806 5572
3592 5573
1600 5574
3751 5575
3048 5576
3579 5577
776 5578
1539 5579
5162 5580
5530 5581
3211 5582
2316 5583
1149 5584
5058 5585
790 5586
1775 5587
4830 5588
4303 5589
4808 5590
5115 5591
4730 5592
264 5593
3711 5594
1029 5595
3357 5596
1318 5597
2190 5598
5049 5599
5357 5600
1390 5601
198 5602
2425 5603
4689 5604
404 5605
1093 5606
5142 5607
467 5608
230 5609
3181 5610
981 5611
599 5612
3908 5613
3218 5614
3697 5615
2218 5616
3799 5617
2185 5618
207 5619
4204 5620
4806 5621
5223 5622
1358 5623
4135 5624
2798 5625
3887 5626
4277 5627
5010 5628
4712 5629
1880 5630
5009 5631
830 5632
4616 5633
2384 5634
4302 5635
3833 5636
1126 5637
5173 5638
4028 5639
3654 5640
584 5641
1922 5642
4430 5643
1636 5644
5216 5645
1869 5646
779 5647
4852 5648
2759 5649
2401 5650
40 5651
3189 5652
2266 5653
4380 5654
271 5655
5415 5656
5215 5657
1995 5658
4615 5659
2771 5660
5231 5661
4209 5662
16 5663
4670 5664
1279 5665
865 5666
1227 5667
2093 5668
4643 5669
2707 5670
2217 5671
1244 5672
3515 5673
4668 5674
4341 5675
1554 5676
964 5677
4544 5678
425 5679
3149 5680
4217 5681
4279 5682
1914 5683
582 5684
1954 5685
3490 5686
3314 5687
2554 5688
5012 5689
2006 5690
4084 5691
3678 5692
383 5693
2692 5694
1266 5695
2948 5696
2748 5697
1182 5698
254 5699
5382 5700
4148 5701
562 5702
821 5703
2235 5704
5677 5705
5639 5706
2245 5707
2750 5708
5137 5709
5637 5710
5572 5711
3890 5712
1428 5713
880 5714
5703 5715
1488 5716
2957 5717
3768 5718
1486 5719
3050 5720
3501 5721
1500 5722
1182 5723
3918 5724
5160 5725
4773 5726
3024 5727
2603 5728
3464 5729
597 5730
4944 5731
1754 5732
4495 5733
1151 5734
3003 5735
3547 5736
4375 5737
1659 5738
2905 5739
3117 5740
3491 5741
440 5742
4474 5743
2054 5744
3489 5745
977 5746
1286 5747
2212 5748
3130 5749
1447 5750
673 5751
3581 5752
4778 5753
1064 5754
3984 5755
509 5756
3253 5757
4753 5758
797 5759
4831 5760
1577 5761
1099 5762
5162 5763
5705 5764
1920 5765
2273 5766
3752 5767
1868 5768
4376 5769
1449 5770
4867 5771
3573 5772
5022 5773
2458 5774
5026 5775
299 5776
4776 5777
997 5778
2535 5779
792 5780
370 5781
1098 5782
5742 5783
907 5784
323 5785
5694 5786
2290 5787
1043 5788
2627 5789
992 5790
3573 5791
4010 5792
2567 5793
2508 5794
2218 5795
3935 5796
1905 5797
739 5798
3166 5799
3595 5800
3114 5801
224 5802
2386 5803
851 5804
3989 5805
3258 5806
565 5807
5459 5808
5297 5809
1845 5810
194 5811
3305 5812
4557 5813
3016 5814
3521 5815
2525 5816
3983 5817
833 5818
5031 5819
2424 5820
366 5821
841 5822
2850 5823
3478 5824
4300 5825
854 5826
2818 5827
65 5828
4744 5829
3855 5830
3003 5831
2647 5832
3907 5833
2977 5834
4110 5835
3244 5836
4498 5837
4593 5838
1003 5839
500 5840
307 5841
4050 5842
1864 5843
2302 5844
4383 5845
4301 5846
4875 5847
2460 5848
319 5849
1154 5850
5326 5851
5318 5852
1394 5853
5031 5854
3347 5855
2692 5856
1374 5857
1331 5858
1809 5859
3225 5860
5623 5861
4331 5862
3458 5863
1816 5864
2852 5865
4579 5866
1280 5867
2860 5868
2387 5869
4074 5870
978 5871
4466 5872
2295 5873
2956 5874
2995 5875
5119 5876
4604 5877
3529 5878
5365 5879
5560 5880
1379 5881
3838 5882
4903 5883
1892 5884
3802 5885
1640 5886
4067 5887
226 5888
4391 5889
4789 5890
72 5891
3423 5892
2972 5893
183 5894
4121 5895
4684 5896
4037 5897
4744 5898
1447 5899
5166 5900
5401 5901
2240 5902
4483 5903
4203 5904
1222 5905
3773 5906
1872 5907
1946 5908
155 5909
1860 5910
1589 5911
2118 5912
4947 5913
2149 5914
3561 5915
2168 5916
4880 5917
3060 5918
5143 5919
5848 5920
4589 5921
2361 5922
3756 5923
4466 5924
79 5925
161 5926
2498 5927
5346 5928
494 5929
1283 5930
3523 5931
4452 5932
1312 5933
3628 5934
1855 5935
144 5936
181 5937
2644 5938
5518 5939
2250 5940
3897 5941
1096 5942
5152 5943
5616 5944
1239 5945
3586 5946
592 5947
3057 5948
1414 5949
1960 5950
957 5951
2761 5952
3065 5953
3635 5954
5249 5955
4129 5956
1414 5957
2252 5958
1197 5959
144 5960
4774 5961
3542 5962
5767 5963
5473 5964
3387 5965
1182 5966
647 5967
3947 5968
1551 5969
275 5970
1121 5971
1995 5972
2702 5973
774 5974
4231 5975
1423 5976
4958 5977
3686 5978
3301 5979
3023 5980
377 5981
4126 5982
524 5983
1696 5984
3282 5985
893 5986
1303 5987
5380 5988
3032 5989
2172 5990
3051 5991
3696 5992
1919 5993
4879 5994
5961 5995
3152 5996
2556 5997
4029 5998
2629 5999
3915 6000
827 6001
3238 6002
4042 6003
2251 6004
2202 6005
4975 6006
1435 6007
993 6008
697 6009
3243 6010
5475 6011
5330 6012
3277 6013
1479 6014
3811 6015
1479 6016
2050 6017
3336 6018
5042 6019
3986 6020
1932 6021
5841 6022
1991 6023
1506 6024
6015 6025
1292 6026
5896 6027
3329 6028
5233 6029
4235 6030
217 6031
528 6032
1792 6033
2733 6034
1358 6035
2572 6036
5133 6037
3427 6038
5672 6039
1858 6040
2473 6041
2872 6042
2104 6043
2671 6044
2957 6045
4204 6046
5456 6047
3974 6048
3599 6049
4825 6050
3826 6051
902 6052
4527 6053
2403 6054
341 6055
5345 6056
5935 6057
3773 6058
5951 6059
838 6060
3647 6061
1700 6062
4159 6063
130 6064
4183 6065
4900 6066
1704 6067
4789 6068
982 6069
4906 6070
4102 6071
4986 6072
4283 6073
1748 6074
4395 6075
2615 6076
2787 6077
415 6078
4626 6079
3105 6080
450 6081
1719 6082
5395 6083
3957 6084
9 6085
2242 6086
721 6087
1113 6088
5927 6089
1447 6090
1804 6091
5833 6092
1270 6093
1621 6094
819 6095
5055 6096
4088 6097
1654 6098
1132 6099
2652 6100
2727 6101
1292 6102
5784 6103
655 6104
698 6105
225 6106
1863 6107
3689 6108
349 6109
2921 6110
1447 6111
4989 6112
1923 6113
1674 6114
1861 6115
2411 6116
1261 6117
1707 6118
3061 6119
5093 6120
830 6121
4292 6122
2318 6123
837 6124
4933 6125
110 6126
5877 6127
155 6128
4971 6129
2296 6130
5762 6131
4386 6132
3070 6133
3887 6134
1295 6135
643 6136
2741 6137
3098 6138
2129 6139
1903 6140
2196 6141
5067 6142
5898 6143
2572 6144
6074 6145
958 6146
1250 6147
3204 6148
3181 6149
4146 6150
2487 6151
2127 6152
3382 6153
5034 6154
2924 6155
806 6156
5650 6157
3466 6158
989 6159
613 6160
2840 6161
4251 6162
2259 6163
5269 6164
5904 6165
743 6166
387 6167
4758 6168
1755 6169
5592 6170
3141 6171
1122 6172
1196 6173
5286 6174
604 6175
5552 6176
3214 6177
3418 6178
928 6179
134 6180
2463 6181
2304 6182
3006 6183
4294 6184
3645 6185
5285 6186
6180 6187
6052 6188
5003 6189
238 6190
5801 6191
526 6192
1142 6193
5465 6194
4784 6195
1656 6196
3921 6197
1180 6198
1605 6199
1257 6200
2429 6201
5914 6202
4011 6203
1934 6204
3897 6205
2985 6206
3421 6207
2324 6208
3689 6209
3492 6210
3418 6211
4340 6212
4372 6213
2151 6214
5707 6215
4784 6216
2764 6217
3969 6218
5819 6219
1366 6220
4021 6221
870 6222
519 6223
3191 6224
447 6225
2744 6226
6022 6227
1156 6228
3652 6229
5685 6230
2198 6231
5938 6232
4611 6233
1111 6234
3098 6235
1502 6236
4750 6237
4370 6238
3115 6239
2846 6240
1521 6241
418 6242
3985 6243
3768 6244
3740 6245
39 6246
60 6247
2826 6248
4579 6249
3015 6250
187 6251
1058 6252
1672 6253
6002 6254
4324 6255
3127 6256
4313 6257
2305 6258
5965 6259
5814 6260
1386 6261
678 6262
4800 6263
2689 6264
2189 6265
2494 6266
1361 6267
5631 6268
4896 6269
5236 6270
1397 6271
6195 6272
1359 6273
1378 6274
3020 6275
2331 6276
3519 6277
2109 6278
3593 6279
6240 6280
746 6281
2915 6282
3745 6283
4251 6284
3868 6285
1017 6286
1423 6287
829 6288
2301 6289
1552 6290
5469 6291
1078 6292
3420 6293
2871 6294
4362 6295
3371 6296
3291 6297
5874 6298
4984 6299
689 6300
948 6301
5823 6302
1565 6303
3392 6304
4267 6305
1447 6306
377 6307
3045 6308
4533 6309
5865 6310
4693 6311
3004 6312
208 6313
1045 6314
1900 6315
4221 6316
5228 6317
3909 6318
1217 6319
2639 6320
6242 6321
5364 6322
4770 6323
939 6324
120 6325
5083 6326
2753 6327
2879 6328
3948 6329
4535 6330
696 6331
1338 6332
2684 6333
5909 6334
89 6335
5611 6336
4716 6337
5178 6338
5424 6339
47 6340
4261 6341
4558 6342
3981 6343
5101 6344
5087 6345
3629 6346
2058 6347
3539 6348
5974 6349
3613 6350
3558 6351
3292 6352
1714 6353
4447 6354
5960 6355
3243 6356
1126 6357
45 6358
3835 6359
1292 6360
2993 6361
6010 6362
1260 6363
1397 6364
6340 6365
1132 6366
5631 6367
1663 6368
4860 6369
839 6370
4296 6371
5150 6372
2572 6373
3986 6374
4873 6375
3635 6376
5405 6377
5203 6378
4214 6379
1379 6380
5956 6381
483 6382
3254 6383
4920 6384
3843 6385
5443 6386
2135 6387
10 6388
1936 6389
3662 6390
3719 6391
3629 6392
1306 6393
3149 6394
1038 6395
688 6396
5758 6397
6045 6398
1800 6399
443 6400
1729 6401
3438 6402
5252 6403
2157 6404
6150 6405
2926 6406
182 6407
2148 6408
3443 6409
2553 6410
2757 6411
1088 6412
5123 6413
6019 6414
2272 6415
1733 6416
3070 6417
2845 6418
2631 6419
1640 6420
4349 6421
3501 6422
5648 6423
2584 6424
1791 6425
3514 6426
6045 6427
831 6428
2540 6429
5221 6430
5944 6431
3760 6432
2788 6433
2624 6434
3275 6435
2422 6436
5795 6437
6065 6438
5531 6439
4347 6440
4952 6441
2995 6442
2967 6443
5416 6444
1191 6445
2716 6446
2929 6447
5438 6448
6299 6449
4573 6450
1716 6451
5814 6452
5352 6453
3091 6454
68 6455
3504 6456
1304 6457
2389 6458
5168 6459
169 6460
1011 6461
1941 6462
5832 6463
739 6464
1485 6465
2043 6466
6092 6467
3155 6468
5719 6469
1578 6470
1759 6471
5048 6472
2974 6473
336 6474
2326 6475
4120 6476
2355 6477
1914 6478
5490 6479
3061 6480
4882 6481
944 6482
876 6483
2658 6484
3766 6485
841 6486
2125 6487
1671 6488
68 6489
2957 6490
5437 6491
4691 6492
5703 6493
2014 6494
1363 6495
3388 6496
3044 6497
433 6498
3043 6499
6209 6500
5753 6501
3766 6502
6420 6503
1653 6504
779 6505
3537 6506
5120 6507
5302 6508
4937 6509
3794 6510
418 6511
5611 6512
4251 6513
656 6514
2134 6515
807 6516
751 6517
1752 6518
5258 6519
2870 6520
5084 6521
2036 6522
1490 6523
5622 6524
4000 6525
5365 6526
724 6527
164 6528
3600 6529
2662 6530
2306 6531
748 6532
1835 6533
2539 6534
6218 6535
524 6536
824 6537
1193 6538
2509 6539
3288 6540
855 6541
1740 6542
1959 6543
5471 6544
6509 6545
3761 6546
1151 6547
1823 6548
5874 6549
5252 6550
4354 6551
1259 6552
1481 6553
5887 6554
1152 6555
506 6556
5278 6557
5924 6558
3299 6559
1828 6560
5914 6561
4063 6562
6284 6563
1614 6564
3767 6565
908 6566
5710 6567
3917 6568
3861 6569
5261 6570
6015 6571
5283 6572
3278 6573
3500 6574
873 6575
5199 6576
225 6577
1263 6578
332 6579
614 6580
4025 6581
5818 6582
5590 6583
593 6584
5688 6585
5793 6586
5988 6587
6067 6588
636 6589
5805 6590
4980 6591
2174 6592
3722 6593
4196 6594
4334 6595
2990 6596
4222 6597
3795 6598
5765 6599
3859 6600
2874 6601
5902 6602
830 6603
4835 6604
898 6605
4886 6606
4929 6607
3246 6608
4895 6609
1402 6610
2151 6611
4241 6612
1666 6613
5215 6614
5126 6615
1000 6616
60 6617
3895 6618
4863 6619
5243 6620
2732 6621
1049 6622
5589 6623
4191 6624
2984 6625
610 6626
5412 6627
5013 6628
3863 6629
3503 6630
4440 6631
1206 6632
2311 6633
4079 6634
5358 6635
730 6636
4039 6637
2900 6638
5304 6639
174 6640
5983 6641
4116 6642
3178 6643
6273 6644
506 6645
6469 6646
2672 6647
4370 6648
5220 6649
6535 6650
6210 6651
589 6652
6540 6653
2522 6654
988 6655
241 6656
1340 6657
1727 6658
5953 6659
1311 6660
5964 6661
6576 6662
2837 6663
658 6664
5579 6665
5219 6666
5041 6667
5323 6668
5220 6669
1787 6670
4038 6671
410 6672
281 6673
16 6674
5546 6675
5631 6676
4569 6677
150 6678
1286 6679
3628 6680
6583 6681
4700 6682
5435 6683
69 6684
2061 6685
1643 6686
4991 6687
5939 6688
1582 6689
483 6690
2961 6691
3125 6692
1479 6693
764 6694
6576 6695
1450 6696
1048 6697
6209 6698
5539 6699
2928 6700
5798 6701
1076 6702
5599 6703
3362 6704
3476 6705
3942 6706
6348 6707
902 6708
5583 6709
3525 6710
1606 6711
87 6712
1958 6713
864 6714
5216 6715
5581 6716
542 6717
5153 6718
1102 6719
5048 6720
5733 6721
1209 6722
5457 6723
3191 6724
2825 6725
2465 6726
3923 6727
6624 6728
2004 6729
542 6730
40 6731
5224 6732
1197 6733
6001 6734
5686 6735
5227 6736
2297 6737
2030 6738
2488 6739
4778 6740
4396 6741
4418 6742
6572 6743
2949 6744
1401 6745
977 6746
1690 6747
2976 6748
3657 6749
5158 6750
2007 6751
4868 6752
202 6753
4771 6754
4108 6755
5344 6756
6166 6757
49 6758
6462 6759
891 6760
848 6761
6144 6762
110 6763
1082 6764
2917 6765
5603 6766
1951 6767
3841 6768
4576 6769
5540 6770
4183 6771
6042 6772
4391 6773
2241 6774
4066 6775
1264 6776
5936 6777
2020 6778
3182 6779
5803 6780
6220 6781
5845 6782
6674 6783
3098 6784
3141 6785
3978 6786
2120 6787
122 6788
1742 6789
5398 6790
3393 6791
282 6792
2019 6793
805 6794
6286 6795
644 6796
4782 6797
912 6798
5466 6799
1398 6800
6145 6801
502 6802
2192 6803
3242 6804
2501 6805
4598 6806
3980 6807
2117 6808
2171 6809
254 6810
1768 6811
654 6812
4640 6813
6562 6814
1428 6815
4679 6816
5054 6817
2359 6818
4760 6819
4987 6820
1041 6821
3695 6822
1436 6823
1082 6824
1687 6825
5078 6826
4393 6827
6158 6828
1892 6829
2927 6830
1007 6831
1733 6832
3892 6833
2762 6834
6020 6835
5194 6836
250 6837
894 6838
1922 6839
5589 6840
2225 6841
275 6842
5191 6843
5369 6844
1593 6845
814 6846
4320 6847
4054 6848
1565 6849
1780 6850
1013 6851
496 6852
5522 6853
1448 6854
1745 6855
4186 6856
4970 6857
2067 6858
1434 6859
5845 6860
2330 6861
780 6862
3689 6863
4040 6864
209 6865
5386 6866
1459 6867
6292 6868
3110 6869
2292 6870
60 6871
1132 6872
2979 6873
614 6874
3788 6875
4475 6876
1111 6877
2602 6878
3199 6879
873 6880
1929 6881
1127 6882
3958 6883
3478 6884
2462 6885
4662 6886
6624 6887
6312 6888
1765 6889
3179 6890
5883 6891
6507 6892
1897 6893
6109 6894
1129 6895
5970 6896
6463 6897
6538 6898
3785 6899
3607 6900
2304 6901
5953 6902
1690 6903
3269 6904
6305 6905
528 6906
3099 6907
1060 6908
1258 6909
1400 6910
1663 6911
2983 6912
2091 6913
2742 6914
2837 6915
1939 6916
5181 6917
4552 6918
2248 6919
4777 6920
2056 6921
6896 6922
1872 6923
2447 6924
5101 6925
792 6926
4223 6927
4369 6928
4295 6929
1959 6930
1587 6931
4954 6932
4142 6933
4644 6934
6034 6935
602 6936
171 6937
2644 6938
5025 6939
1585 6940
1549 6941
2319 6942
3738 6943
4799 6944
2571 6945
4080 6946
3232 6947
2407 6948
5867 6949
373 6950
3932 6951
2496 6952
1443 6953
6521 6954
5480 6955
6866 6956
3114 6957
2172 6958
3224 6959
1627 6960
3233 6961
4706 6962
3932 6963
1971 6964
1998 6965
2095 6966
5371 6967
3457 6968
3593 6969
3214 6970
293 6971
5115 6972
381 6973
5979 6974
4969 6975
1427 6976
945 6977
725 6978
3488 6979
3989 6980
6000 6981
4515 6982
1725 6983
2985 6984
4565 6985
4258 6986
2914 6987
4967 6988
91 6989
1357 6990
4681 6991
2740 6992
3557 6993
2243 6994
1735 6995
1551 6996
5713 6997
4041 6998
6326 6999
3636 7000
938 7001
1515 7002
2187 7003
2006 7004
2758 7005
2141 7006
3589 7007
2697 7008
2629 7009
6615 7010
3522 7011
2941 7012
2807 7013
3107 7014
3519 7015
2287 7016
3424 7017
5563 7018
2522 7019
2604 7020
506 7021
5425 7022
1394 7023
1110 7024
3034 7025
3849 7026
3692 7027
3678 7028
4719 7029
2235 7030
5931 7031
4288 7032
2663 7033
4315 7034
5131 7035
1691 7036
704 7037
5162 7038
2466 7039
1941 7040
1006 7041
4818 7042
422 7043
717 7044
1062 7045
6825 7046
298 7047
5945 7048
4018 7049
2620 7050
503 7051
3284 7052
6597 7053
5675 7054
3866 7055
3775 7056
5098 7057
658 7058
4096 7059
5953 7060
4912 7061
2976 7062
513 7063
6005 7064
3409 7065
854 7066
4888 7067
1684 7068
4935 7069
2296 7070
1305 7071
6160 7072
4246 7073
2194 7074
4077 7075
5344 7076
1219 7077
1168 7078
3043 7079
2682 7080
3436 7081
5279 7082
1466 7083
5734 7084
5165 7085
1769 7086
5357 7087
5999 7088
1611 7089
1591 7090
5817 7091
1241 7092
3615 7093
6393 7094
2145 7095
19 7096
2805 7097
239 7098
795 7099
3991 7100
1014 7101
2781 7102
997 7103
942 7104
2339 7105
4967 7106
5586 7107
5940 7108
3915 7109
6261 7110
5909 7111
2639 7112
3758 7113
5490 7114
2387 7115
6209 7116
3962 7117
3379 7118
5740 7119
3088 7120
3926 7121
4879 7122
6138 7123
5544 7124
3198 7125
6935 7126
625 7127
583 7128
1222 7129
853 7130
4245 7131
3960 7132
5394 7133
636 7134
2556 7135
7026 7136
4414 7137
3150 7138
1875 7139
1144 7140
4001 7141
4351 7142
2007 7143
5377 7144
719 7145
893 7146
6921 7147
4991 7148
4396 7149
5067 7150
3512 7151
3724 7152
4451 7153
419 7154
3830 7155
1827 7156
5807 7157
1837 7158
6404 7159
910 7160
1499 7161
7072 7162
661 7163
2629 7164
1899 7165
5488 7166
7161 7167
3553 7168
3214 7169
2131 7170
5625 7171
5325 7172
2283 7173
3780 7174
2511 7175
2250 7176
2609 7177
2475 7178
3705 7179
940 7180
4046 7181
6718 7182
6925 7183
2859 7184
6377 7185
6728 7186
2805 7187
5715 7188
843 7189
2391 7190
1540 7191
3560 7192
4147 7193
4976 7194
51 7195
2468 7196
2025 7197
477 7198
3059 7199
5830 7200
6653 7201
6462 7202
2857 7203
6935 7204
155 7205
5293 7206
4377 7207
2601 7208
5530 7209
7032 7210
2417 7211
5496 7212
4665 7213
1154 7214
896 7215
1606 7216
914 7217
1027 7218
3996 7219
113 7220
6941 7221
691 7222
2052 7223
5991 7224
6671 7225
1021 7226
1719 7227
167 7228
768 7229
431 7230
2454 7231
1132 7232
3057 7233
5725 7234
11 7235
1601 7236
1042 7237
5670 7238
2265 7239
3148 7240
2579 7241
6036 7242
2096 7243
214 7244
6926 7245
1600 7246
2408 7247
5821 7248
5876 7249
6391 7250
1943 7251
908 7252
3375 7253
7220 7254
6249 7255
236 7256
1567 7257
4816 7258
3766 7259
3243 7260
5567 7261
4484 7262
6961 7263
345 7264
6867 7265
175 7266
5870 7267
6977 7268
6540 7269
148 7270
5009 7271
1941 7272
3524 7273
4821 7274
2673 7275
6927 7276
490 7277
3446 7278
975 7279
2787 7280
648 7281
2835 7282
1115 7283
6145 7284
4483 7285
4599 7286
1737 7287
5405 7288
4515 7289
6931 7290
6449 7291
4322 7292
2384 7293
1109 7294
259 7295
5522 7296
5643 7297
6718 7298
6420 7299
4841 7300
3889 7301
6167 7302
4687 7303
6762 7304
717 7305
4643 7306
5186 7307
381 7308
320 7309
2973 7310
4071 7311
6140 7312
5926 7313
5074 7314
5141 7315
6485 7316
2598 7317
5487 7318
6133 7319
2927 7320
6995 7321
4253 7322
4980 7323
176 7324
2153 7325
5496 7326
3164 7327
6335 7328
6465 7329
1718 7330
708 7331
5874 7332
5273 7333
2271 7334
729 7335
5298 7336
6709 7337
1758 7338
6283 7339
6488 7340
2515 7341
1653 7342
5741 7343
6476 7344
4054 7345
1803 7346
1517 7347
3551 7348
1044 7349
1775 7350
700 7351
5133 7352
5862 7353
3981 7354
1062 7355
1943 7356
4703 7357
1130 7358
826 7359
5003 7360
2781 7361
700 7362
4873 7363
2948 7364
4475 7365
903 7366
4105 7367
1438 7368
2334 7369
7194 7370
1185 7371
241 7372
2990 7373
1419 7374
3438 7375
3280 7376
591 7377
6375 7378
2552 7379
6663 7380
1893 7381
4255 7382
930 7383
293 7384
6581 7385
4950 7386
5078 7387
6510 7388
5670 7389
5798 7390
368 7391
1857 7392
1638 7393
248 7394
4391 7395
2933 7396
2504 7397
1250 7398
1313 7399
2068 7400
6734 7401
4370 7402
2409 7403
3800 7404
1590 7405
5442 7406
7185 7407
5740 7408
2075 7409
1963 7410
6967 7411
2626 7412
1053 7413
186 7414
204 7415
5714 7416
1544 7417
2119 7418
5776 7419
3984 7420
793 7421
467 7422
2119 7423
162 7424
6757 7425
7059 7426
6387 7427
3011 7428
2900 7429
2452 7430
292 7431
6895 7432
94 7433
5770 7434
6434 7435
3543 7436
7067 7437
278 7438
1363 7439
6028 7440
3184 7441
773 7442
2946 7443
1532 7444
6979 7445
5591 7446
7414 7447
1800 7448
6135 7449
6857 7450
501 7451
1479 7452
3210 7453
4652 7454
4760 7455
4279 7456
5283 7457
5012 7458
3713 7459
2885 7460
1831 7461
2468 7462
6765 7463
1391 7464
4781 7465
1435 7466
522 7467
4364 7468
1149 7469
5101 7470
4248 7471
6723 7472
2903 7473
3034 7474
1626 7475
5465 7476
7249 7477
5605 7478
3223 7479
2622 7480
4986 7481
6003 7482
6878 7483
4504 7484
7051 7485
6638 7486
5908 7487
2123 7488
1509 7489
2753 7490
5002 7491
3827 7492
3877 7493
3844 7494
1283 7495
7410 7496
3693 7497
1852 7498
4458 7499
2290 7500
2188 7501
3938 7502
4052 7503
3263 7504
5079 7505
3873 7506
3698 7507
1575 7508
6681 7509
1667 7510
3696 7511
3236 7512
5848 7513
5336 7514
7043 7515
2681 7516
4425 7517
1644 7518
6987 7519
5606 7520
6038 7521
5931 7522
971 7523
1085 7524
6413 7525
691 7526
1620 7527
6979 7528
7044 7529
6767 7530
3889 7531
2590 7532
5431 7533
1677 7534
2486 7535
1814 7536
730 7537
5282 7538
6552 7539
4544 7540
6243 7541
1955 7542
3121 7543
4049 7544
3914 7545
7008 7546
258 7547
3304 7548
2472 7549
5478 7550
701 7551
3089 7552
5661 7553
716 7554
5015 7555
1744 7556
6764 7557
4713 7558
7490 7559
4604 7560
4964 7561
6000 7562
5469 7563
6390 7564
5707 7565
2444 7566
1331 7567
3005 7568
1126 7569
1461 7570
134 7571
7393 7572
3213 7573
2636 7574
6223 7575
2983 7576
2217 7577
2927 7578
5734 7579
6207 7580
6435 7581
7475 7582
2381 7583
7312 7584
3297 7585
7353 7586
1386 7587
6600 7588
1807 7589
6253 7590
5410 7591
3756 7592
419 7593
6543 7594
1433 7595
5264 7596
1712 7597
1034 7598
1801 7599
1614 7600
117 7601
4148 7602
5395 7603
605 7604
1290 7605
5982 7606
1529 7607
4143 7608
1042 7609
106 7610
3362 7611
6894 7612
3068 7613
334 7614
4138 7615
2415 7616
3915 7617
1076 7618
7570 7619
1360 7620
2159 7621
2017 7622
6505 7623
2004 7624
4025 7625
2498 7626
1923 7627
793 7628
5854 7629
890 7630
7037 7631
1507 7632
4173 7633
4451 7634
6200 7635
2692 7636
417 7637
2571 7638
5205 7639
1041 7640
1000 7641
2762 7642
1375 7643
1375 7644
3073 7645
5603 7646
7608 7647
2131 7648
5347 7649
4484 7650
6551 7651
7391 7652
4487 7653
4494 7654
986 7655
6005 7656
6152 7657
5461 7658
884 7659
5962 7660
4469 7661
1072 7662
2038 7663
3740 7664
7447 7665
6157 7666
1960 7667
240 7668
6707 7669
7267 7670
1757 7671
574 7672
2866 7673
2086 7674
1824 7675
2882 7676
5635 7677
5279 7678
5990 7679
6882 7680
5553 7681
7284 7682
4345 7683
1416 7684
7014 7685
7005 7686
6605 7687
6424 7688
2158 7689
4493 7690
2920 7691
5500 7692
7652 7693
2858 7694
3492 7695
2236 7696
3754 7697
186 7698
1060 7699
2448 7700
5084 7701
2022 7702
4223 7703
345 7704
6783 7705
6420 7706
3555 7707
989 7708
4190 7709
3324 7710
2517 7711
5225 7712
1820 7713
1289 7714
6450 7715
7293 7716
4671 7717
1994 7718
7558 7719
1247 7720
5949 7721
2489 7722
4538 7723
5092 7724
6257 7725
3591 7726
5324 7727
1126 7728
7104 7729
2597 7730
2648 7731
7275 7732
264 7733
1947 7734
6013 7735
426 7736
4168 7737
4849 7738
2572 7739
5836 7740
390 7741
1229 7742
7277 7743
115 7744
78 7745
1551 7746
7065 7747
929 7748
2335 7749
2482 7750
339 7751
3484 7752
187 7753
5969 7754
7519 7755
5128 7756
1010 7757
5047 7758
6399 7759
484 7760
1999 7761
414 7762
7356 7763
3538 7764
7002 7765
97 7766
2763 7767
4109 7768
5181 7769
250 7770
4566 7771
709 7772
4194 7773
7096 7774
3965 7775
6363 7776
5773 7777
3818 7778
7711 7779
7148 7780
3338 7781
5053 7782
5122 7783
2804 7784
3281 7785
2198 7786
89 7787
2994 7788
6868 7789
4174 7790
4503 7791
6135 7792
5024 7793
2035 7794
6149 7795
7658 7796
1596 7797
4636 7798
927 7799
4287 7800
5726 7801
3161 7802
1628 7803
2724 7804
5923 7805
5215 7806
2497 7807
2584 7808
4386 7809
1923 7810
301 7811
7153 7812
5204 7813
7317 7814
2709 7815
3772 7816
4486 7817
1660 7818
5229 7819
1971 7820
7422 7821
2643 7822
2045 7823
5551 7824
3387 7825
2476 7826
6998 7827
7510 7828
6784 7829
2233 7830
5973 7831
5800 7832
6955 7833
922 7834
850 7835
3757 7836
4013 7837
1089 7838
5356 7839
6823 7840
3604 7841
7234 7842
831 7843
3077 7844
6456 7845
58 7846
5492 7847
4088 7848
1444 7849
6079 7850
4668 7851
2655 7852
2666 7853
439 7854
7565 7855
1156 7856
6728 7857
6304 7858
6021 7859
7122 7860
7679 7861
3867 7862
6025 7863
3962 7864
7403 7865
4716 7866
5345 7867
2186 7868
204 7869
1632 7870
2277 7871
1682 7872
5549 7873
6739 7874
1257 7875
1064 7876
6664 7877
6470 7878
5777 7879
6272 7880
4281 7881
7565 7882
7457 7883
1458 7884
6722 7885
4506 7886
46 7887
2023 7888
6142 7889
2597 7890
4631 7891
3480 7892
4717 7893
5381 7894
88 7895
6607 7896
1647 7897
5335 7898
6666 7899
3843 7900
5172 7901
6462 7902
3506 7903
6153 7904
4596 7905
887 7906
1998 7907
5674 7908
6906 7909
3695 7910
4352 7911
1474 7912
766 7913
865 7914
4560 7915
1834 7916
1295 7917
1553 7918
5349 7919
5764 7920
4294 7921
5635 7922
6133 7923
3452 7924
3861 7925
5882 7926
77 7927
777 7928
863 7929
312 7930
1877 7931
3365 7932
2081 7933
5066 7934
602 7935
1450 7936
5488 7937
2298 7938
6429 7939
1289 7940
7467 7941
1285 7942
720 7943
4435 7944
2427 7945
3233 7946
6959 7947
325 7948
561 7949
7817 7950
5550 7951
1829 7952
1273 7953
5430 7954
289 7955
5665 7956
6441 7957
7214 7958
237 7959
5294 7960
7723 7961
4839 7962
435 7963
1416 7964
186 7965
1811 7966
5952 7967
6785 7968
3562 7969
2949 7970
759 7971
1436 7972
3195 7973
1966 7974
6056 7975
7469 7976
1984 7977
5116 7978
6565 7979
4223 7980
4124 7981
4364 7982
3468 7983
3758 7984
2412 7985
3456 7986
1442 7987
4419 7988
2775 7989
6134 7990
6530 7991
759 7992
2659 7993
3816 7994
3221 7995
659 7996
1640 7997
5454 7998
6034 7999
1433 8000
7018 8001
3199 8002
8001 8003
2322 8004
5462 8005
737 8006
7321 8007
3103 8008
4164 8009
7598 8010
3157 8011
3682 8012
6000 8013
7407 8014
7833 8015
3468 8016
2970 8017
7009 8018
6765 8019
6983 8020
5632 8021
5495 8022
7547 8023
803 8024
822 8025
6397 8026
5489 8027
3959 8028
2367 8029
523 8030
7836 8031
4084 8032
4311 8033
4879 8034
6219 8035
1276 8036
3571 8037
3904 8038
7225 8039
1859 8040
2993 8041
4322 8042
5547 8043
6794 8044
5876 8045
2130 8046
7500 8047
417 8048
1530 8049
3418 8050
2466 8051
331 8052
156 8053
2447 8054
1808 8055
4236 8056
6757 8057
6503 8058
610 8059
1719 8060
4315 8061
3908 8062
6562 8063
4256 8064
5147 8065
2906 8066
4945 8067
6478 8068
1271 8069
7731 8070
4046 8071
6109 8072
6165 8073
6334 8074
6260 8075
7603 8076
253 8077
6667 8078
5446 8079
4698 8080
2179 8081
3143 8082
2837 8083
4605 8084
7355 8085
4232 8086
4890 8087
2235 8088
5993 8089
7501 8090
2154 8091
5983 8092
7844 8093
1790 8094
2692 8095
6847 8096
316 8097
7952 8098
458 8099
355 8100
7118 8101
3034 8102
3173 8103
4000 8104
1097 8105
1217 8106
1225 8107
7623 8108
7599 8109
7534 8110
8064 8111
1692 8112
7038 8113
2558 8114
4107 8115
7127 8116
7004 8117
1513 8118
2050 8119
3017 8120
5159 8121
5521 8122
5568 8123
8021 8124
209 8125
6680 8126
2940 8127
3263 8128
1859 8129
850 8130
3739 8131
697 8132
2268 8133
5794 8134
4481 8135
418 8136
5437 8137
1752 8138
972 8139
1581 8140
1758 8141
746 8142
4012 8143
3183 8144
5715 8145
6727 8146
7413 8147
5653 8148
6548 8149
2104 8150
1032 8151
697 8152
7698 8153
6074 8154
2889 8155
7329 8156
7140 8157
5920 8158
1084 8159
737 8160
2584 8161
3310 8162
6306 8163
1053 8164
5693 8165
484 8166
6471 8167
1555 8168
344 8169
6147 8170
3586 8171
2105 8172
2722 8173
7604 8174
2490 8175
5326 8176
1690 8177
5293 8178
2176 8179
6565 8180
3207 8181
7520 8182
6673 8183
5328 8184
6217 8185
7526 8186
7681 8187
4422 8188
2415 8189
5464 8190
5664 8191
500 8192
163 8193
5926 8194
4180 8195
4426 8196
177 8197
5024 8198
3873 8199
6518 8200
5764 8201
4570 8202
4786 8203
6237 8204
3274 8205
1382 8206
1945 8207
5154 8208
3563 8209
5616 8210
7730 8211
1047 8212
7013 8213
3653 8214
4103 8215
4360 8216
6275 8217
915 8218
5551 8219
886 8220
5594 8221
3499 8222
4900 8223
4124 8224
5611 8225
8101 8226
7051 8227
6562 8228
6799 8229
5787 8230
4969 8231
6999 8232
5215 8233
5259 8234
5202 8235
3807 8236
976 8237
5494 8238
5480 8239
985 8240
397 8241
7698 8242
7474 8243
5904 8244
502 8245
1908 8246
8101 8247
2431 8248
2473 8249
2791 8250
3901 8251
7622 8252
459 8253
7548 8254
598 8255
6148 8256
2426 8257
2129 8258
4918 8259
3979 8260
2368 8261
6625 8262
6521 8263
3978 8264
3962 8265
706 8266
2493 8267
2197 8268
6718 8269
3775 8270
5406 8271
8199 8272
2602 8273
4309 8274
6459 8275
5927 8276
3930 8277
6343 8278
5930 8279
5100 8280
2427 8281
6336 8282
6802 8283
3659 8284
705 8285
2010 8286
8054 8287
2289 8288
3830 8289
6263 8290
1734 8291
3182 8292
1780 8293
3804 8294
2601 8295
7676 8296
4221 8297
849 8298
7420 8299
1274 8300
3913 8301
4757 8302
6831 8303
2511 8304
1560 8305
6214 8306
6825 8307
3812 8308
2036 8309
6024 8310
6280 8311
2517 8312
2793 8313
5800 8314
7517 8315
2052 8316
207 8317
4101 8318
6608 8319
5674 8320
3464 8321
6233 8322
5135 8323
2295 8324
599 8325
3766 8326
713 8327
4894 8328
5000 8329
392 8330
3127 8331
2669 8332
5376 8333
2996 8334
4394 8335
1561 8336
1600 8337
7268 8338
7473 8339
2299 8340
1449 8341
7506 8342
6300 8343
2395 8344
4515 8345
4491 8346
3556 8347
597 8348
6238 8349
782 8350
4533 8351
5245 8352
8312 8353
5696 8354
5130 8355
2088 8356
7008 8357
4538 8358
4087 8359
7156 8360
1938 8361
3216 8362
2794 8363
7796 8364
5417 8365
823 8366
4944 8367
137 8368
3545 8369
4962 8370
3749 8371
6715 8372
4129 8373
1752 8374
1265 8375
5038 8376
7584 8377
6989 8378
7334 8379
5309 8380
7178 8381
3180 8382
290 8383
173 8384
5325 8385
1592 8386
3866 8387
2451 8388
2209 8389
5977 8390
5969 8391
4182 8392
4733 8393
6234 8394
7988 8395
4174 8396
1246 8397
2463 8398
4869 8399
271 8400
6221 8401
3152 8402
4768 8403
6020 8404
2292 8405
4133 8406
5941 8407
3884 8408
5665 8409
1768 8410
1678 8411
205 8412
4003 8413
6863 8414
5086 8415
6881 8416
4817 8417
7751 8418
1388 8419
6355 8420
5088 8421
801 8422
4551 8423
2382 8424
3311 8425
7044 8426
690 8427
3682 8428
5777 8429
4046 8430
5219 8431
6624 8432
5650 8433
7975 8434
315 8435
6087 8436
1734 8437
1427 8438
1310 8439
1718 8440
1094 8441
4765 8442
8286 8443
1974 8444
3056 8445
2632 8446
703 8447
1474 8448
3146 8449
5619 8450
924 8451
7260 8452
6366 8453
6149 8454
2484 8455
6820 8456
121 8457
4672 8458
1441 8459
3256 8460
3431 8461
5569 8462
4925 8463
689 8464
97 8465
2962 8466
2082 8467
7433 8468
2526 8469
2582 8470
4937 8471
2195 8472
6471 8473
5475 8474
5235 8475
2931 8476
6759 8477
4205 8478
2299 8479
766 8480
4353 8481
4457 8482
3602 8483
1504 8484
3379 8485
1937 8486
269 8487
3757 8488
4714 8489
7189 8490
3090 8491
1156 8492
139 8493
3184 8494
6306 8495
5115 8496
5154 8497
4120 8498
1337 8499
367 8500
5881 8501
3382 8502
6792 8503
1181 8504
8476 8505
3906 8506
8430 8507
1 8508
8410 8509
2695 8510
2277 8511
1204 8512
7166 8513
2313 8514
2185 8515
2893 8516
5666 8517
6085 8518
2803 8519
576 8520
4220 8521
5992 8522
2085 8523
5645 8524
6284 8525
6514 8526
2245 8527
1817 8528
5757 8529
4657 8530
2405 8531
5323 8532
5991 8533
6822 8534
2177 8535
4874 8536
6324 8537
3161 8538
4527 8539
2767 8540
4982 8541
175 8542
7810 8543
5138 8544
649 8545
3459 8546
5364 8547
8355 8548
2829 8549
907 8550
4666 8551
186 8552
1549 8553
3707 8554
2016 8555
6746 8556
5073 8557
1301 8558
5680 8559
128 8560
1482 8561
5282 8562
8502 8563
5095 8564
5120 8565
3757 8566
458 8567
1743 8568
5728 8569
5872 8570
3065 8571
1543 8572
6251 8573
2858 8574
5980 8575
2364 8576
3433 8577
378 8578
7271 8579
232 8580
7266 8581
7320 8582
3084 8583
4949 8584
5119 8585
3584 8586
1422 8587
6880 8588
2804 8589
2701 8590
3639 8591
1800 8592
4144 8593
2631 8594
682 8595
6262 8596
144 8597
7764 8598
6558 8599
2316 8600
6041 8601
4639 8602
2854 8603
8079 8604
3516 8605
799 8606
6488 8607
6301 8608
6631 8609
5528 8610
4165 8611
3691 8612
1466 8613
125 8614
3562 8615
2034 8616
8224 8617
557 8618
6558 8619
101 8620
7123 8621
8457 8622
2886 8623
7579 8624
1112 8625
1033 8626
417 8627
2427 8628
2174 8629
291 8630
8317 8631
4831 8632
740 8633
5235 8634
5875 8635
5600 8636
1075 8637
3497 8638
7579 8639
6557 8640
3019 8641
5825 8642
7031 8643
2415 8644
1169 8645
1839 8646
7227 8647
6813 8648
7032 8649
1718 8650
1072 8651
4231 8652
1862 8653
4177 8654
6855 8655
4658 8656
4186 8657
3049 8658
8240 8659
183 8660
4272 8661
8608 8662
2700 8663
4301 8664
7892 8665
5356 8666
6721 8667
3315 8668
626 8669
7184 8670
2643 8671
3620 8672
5949 8673
2310 8674
5599 8675
618 8676
879 8677
6601 8678
3458 8679
7847 8680
4729 8681
297 8682
737 8683
2532 8684
6303 8685
3879 8686
2236 8687
6944 8688
2574 8689
1078 8690
5102 8691
6034 8692
2000 8693
7616 8694
4234 8695
1440 8696
3912 8697
2842 8698
7998 8699
6264 8700
6070 8701
414 8702
7721 8703
7446 8704
869 8705
6246 8706
8696 8707
5160 8708
5831 8709
1379 8710
2489 8711
2532 8712
6249 8713
732 8714
2124 8715
3149 8716
6249 8717
7526 8718
1717 8719
964 8720
2348 8721
1462 8722
2579 8723
3994 8724
5447 8725
7627 8726
5300 8727
1222 8728
3231 8729
6231 8730
5119 8731
4613 8732
579 8733
1002 8734
3012 8735
2527 8736
3371 8737
3760 8738
4661 8739
8046 8740
5003 8741
727 8742
4688 8743
1504 8744
2466 8745
6595 8746
4411 8747
1474 8748
7167 8749
1185 8750
1364 8751
3792 8752
3275 8753
5923 8754
1677 8755
1681 8756
6936 8757
4722 8758
5970 8759
703 8760
8010 8761
4404 8762
2634 8763
6273 8764
4833 8765
4148 8766
7178 8767
6313 8768
8566 8769
998 8770
3114 8771
1224 8772
2677 8773
4374 8774
1031 8775
5370 8776
226 8777
3195 8778
4492 8779
1737 8780
782 8781
4207 8782
3213 8783
7226 8784
8516 8785
2878 8786
5806 8787
8077 8788
721 8789
2665 8790
7638 8791
3884 8792
7817 8793
1302 8794
1016 8795
4833 8796
1703 8797
5934 8798
3170 8799
2005 8800
7663 8801
8146 8802
5272 8803
4508 8804
2778 8805
6740 8806
7788 8807
6215 8808
610 8809
2308 8810
8580 8811
2707 8812
7122 8813
2482 8814
1633 8815
7427 8816
3855 8817
7126 8818
1038 8819
916 8820
4684 8821
6115 8822
4330 8823
8480 8824
2012 8825
1266 8826
7464 8827
2780 8828
2363 8829
5548 8830
3761 8831
5459 8832
1342 8833
5055 8834
3783 8835
3865 8836
8738 8837
5336 8838
1211 8839
1289 8840
721 8841
4389 8842
5241 8843
940 8844
4099 8845
1878 8846
7591 8847
7886 8848
1012 8849
2399 8850
1957 8851
1238 8852
1659 8853
8208 8854
2442 8855
30 8856
8115 8857
3390 8858
3016 8859
7282 8860
1503 8861
5367 8862
7239 8863
3524 8864
6699 8865
1713 8866
7436 8867
2907 8868
3856 8869
1407 8870
6103 8871
1013 8872
7841 8873
5613 8874
7313 8875
5018 8876
2228 8877
1599 8878
5218 8879
4065 8880
1851 8881
3588 8882
6321 8883
5401 8884
8468 8885
1542 8886
8764 8887
1009 8888
6981 8889
4983 8890
8565 8891
4235 8892
1748 8893
2702 8894
2222 8895
8851 8896
1854 8897
1263 8898
6624 8899
5329 8900
4542 8901
7026 8902
4217 8903
3616 8904
5448 8905
4735 8906
8182 8907
1018 8908
890 8909
3073 8910
5726 8911
4057 8912
2364 8913
4970 8914
4866 8915
8622 8916
287 8917
1877 8918
2187 8919
6728 8920
2171 8921
3170 8922
5038 8923
2983 8924
7869 8925
8257 8926
3843 8927
4041 8928
2558 8929
6055 8930
1263 8931
3554 8932
4558 8933
1715 8934
5086 8935
4892 8936
8695 8937
430 8938
8589 8939
490 8940
226 8941
5290 8942
5115 8943
775 8944
4734 8945
5851 8946
4276 8947
4602 8948
642 8949
6343 8950
3904 8951
1157 8952
5405 8953
672 8954
1213 8955
8805 8956
3736 8957
3670 8958
3949 8959
7660 8960
8692 8961
3710 8962
4706 8963
4546 8964
1117 8965
8081 8966
5632 8967
6703 8968
2110 8969
2688 8970
1920 8971
4946 8972
6802 8973
2401 8974
5390 8975
2666 8976
1194 8977
8386 8978
883 8979
3842 8980
4215 8981
675 8982
1928 8983
1393 8984
747 8985
5693 8986
7659 8987
7562 8988
6711 8989
4497 8990
2913 8991
2791 8992
4456 8993
1947 8994
5193 8995
1553 8996
991 8997
8012 8998
90 8999
5181 9000
5189 9001
5955 9002
3492 9003
5528 9004
7202 9005
4452 9006
5476 9007
3509 9008
584 9009
4829 9010
7051 9011
3858 9012
288 9013
4402 9014
2471 9015
3447 9016
4405 9017
8265 9018
3165 9019
5129 9020
2076 9021
385 9022
3906 9023
2720 9024
3490 9025
7845 9026
3807 9027
5004 9028
5755 9029
5452 9030
6069 9031
6072 9032
3571 9033
4529 9034
944 9035
1917 9036
3344 9037
1566 9038
4138 9039
164 9040
5936 9041
5858 9042
7168 9043
3769 9044
8431 9045
5307 9046
1919 9047
4517 9048
4610 9049
6569 9050
4157 9051
8520 9052
5921 9053
8907 9054
7284 9055
3165 9056
2570 9057
1672 9058
6321 9059
3062 9060
2251 9061
1894 9062
2597 9063
12 9064
3546 9065
6880 9066
401 9067
3303 9068
3886 9069
6285 9070
5881 9071
1836 9072
137 9073
5324 9074
7135 9075
4216 9076
4057 9077
4816 9078
6611 9079
7184 9080
6835 9081
4631 9082
1126 9083
256 9084
7238 9085
6934 9086
7011 9087
5483 9088
2055 9089
7207 9090
4936 9091
140 9092
17 9093
2946 9094
4140 9095
8143 9096
6312 9097
5861 9098
483 9099
3239 9100
6354 9101
7211 9102
2909 9103
8871 9104
8173 9105
505 9106
3727 9107
2079 9108
5833 9109
4123 9110
4254 9111
2624 9112
3577 9113
2230 9114
1177 9115
3380 9116
8613 9117
5130 9118
6546 9119
3502 9120
6435 9121
7022 9122
5162 9123
550 9124
1562 9125
4453 9126
7449 9127
6317 9128
4886 9129
716 9130
7620 9131
1128 9132
2506 9133
730 9134
768 9135
1707 9136
5970 9137
1109 9138
1927 9139
1813 9140
5081 9141
3128 9142
2855 9143
4176 9144
5273 9145
44 9146
6564 9147
1127 9148
3377 9149
6035 9150
8144 9151
2382 9152
1316 9153
3075 9154
7517 9155
8830 9156
8802 9157
6928 9158
6329 9159
5145 9160
8748 9161
858 9162
9040 9163
1926 9164
75 9165
2837 9166
307 9167
4514 9168
7217 9169
4960 9170
1887 9171
4622 9172
3607 9173
2884 9174
1717 9175
4889 9176
1774 9177
3680 9178
3901 9179
3743 9180
4705 9181
7859 9182
33 9183
1845 9184
4723 9185
9134 9186
757 9187
2107 9188
5061 9189
8456 9190
6030 9191
8036 9192
921 9193
7835 9194
1529 9195
5364 9196
836 9197
8650 9198
2813 9199
