100
2 3
0 20
20 0
-20 10
40 20
0 19
2 2
5000 5000
-5000 -5000
0 1
9999 10000
2 9
-1636 3377
7251 -6250
-157 -8036
1946 -7366
3552 -5357
3002 5836
6506 1881
-6308 -5601
-5668 9091
7063 -7712
3120 7357
2 2
4400 -7473
-2308 4676
3747 -5166
-6820 -8807
2 8
-3214 -5589
-718 -4107
-8697 -1658
8695 9512
-9253 -8252
-6845 5753
8362 4546
-7071 -5254
9787 8836
19 -8380
2 4
4763 980
-1257 -6131
8001 5706
-6045 7440
-2719 8468
8648 680
2 9
2712 4982
1883 2598
3807 1887
-9161 -229
4656 1156
-575 -8660
8248 2459
-1787 8533
-7139 8602
9705 -7063
7092 -3135
2 4
5418 -5078
1335 -2925
-4260 9626
-2456 -8829
-3008 1188
-2402 7812
2 7
-3130 7005
-5745 -2706
-1049 2873
6514 892
-6246 4909
-9550 -9460
3929 3663
436 -2494
-9443 411
2 4
5318 -4397
-6230 1919
-799 6991
1704 -3
4638 5923
5303 -5902
2 6
-177 -7446
-4691 1963
900 -6394
1339 -2248
2534 5336
-1396 -8088
9079 8093
-422 4526
2 4
-7363 74
2956 5715
-6601 8609
5280 -182
-9212 1813
5407 -4041
2 4
679 5582
5534 1981
-1329 1194
2160 -7586
-8073 502
-6563 1129
2 6
5034 3354
4812 -242
4882 -7784
-7748 5098
3131 -4793
-9724 -9148
-621 -6257
-512 -2334
2 8
3860 -3176
-2197 -6939
-916 -511
891 7380
-5716 -7700
-6777 5324
-4162 -6482
3986 -6091
-6406 -5333
5075 -8885
2 2
-6083 3723
-1826 -4318
210 -6742
-3129 7078
2 6
2908 -6976
-7496 6931
-1636 -8182
9090 3746
-8620 -4369
-4811 288
5522 5557
9964 -5689
2 3
-5489 -2665
-680 -1875
1960 3965
995 6011
1160 2145
2 2
-2413 6738
6564 196
-1781 -5977
9699 -3824
2 2
853 3678
-6564 -5139
1801 -5329
-5922 5173
2 2
2473 4152
-2854 2927
-1719 9386
7697 -7977
2 2
-954 5278
6368 -2366
290 -9523
-1153 5438
2 7
4940 -2500
7241 -3206
-4569 223
7014 7135
-9284 8014
4142 -7355
-4714 2455
-495 6075
9037 -669
2 2
2679 5690
-1 2161
-3955 7536
2912 -3867
2 3
-2660 -6166
-2800 -6651
4378 2189
8334 9900
-889 6126
2 6
3922 -334
6867 -3327
7423 7007
-6454 -4264
6496 915
-7046 -4822
-5999 -9549
9747 -5085
2 2
3865 -5310
-3116 -4041
2670 -7460
8455 -4975
2 2
1279 6419
1956 6300
1365 -3039
-7307 -3362
2 8
-5076 -3059
4284 -4325
8683 6700
-4224 -3776
-2003 1545
-5303 -3118
1690 -1843
4968 6714
6499 7384
6225 -9034
2 10
6342 7236
1984 -2892
-3947 3567
4741 9895
21 9877
-5090 1061
4574 -6680
2095 1842
-7207 3342
2962 -2983
-8618 7843
-9940 5349
2 5
771 37
3339 -4023
7077 4989
-2071 -6459
5680 8789
4853 8501
-1847 33
2 2
5762 -3454
-6255 4688
1158 7496
2675 2391
2 4
1781 3878
6954 -1854
-8525 2868
-5928 1189
9038 -5783
2580 9515
2 7
4159 -1421
-1021 -723
7553 7452
5665 -7161
-94 -1110
-7366 2664
8221 -2839
8396 -4163
3066 5300
2 7
-1043 -5842
-6359 -2663
2717 9815
-5780 -3354
3477 4656
7873 4034
-1213 7030
-1704 4796
1410 -4156
2 2
5538 -5336
4480 -6871
4468 8417
-7168 -6854
2 9
-7394 -3003
5750 888
-8552 -4448
-8798 8321
-7154 -5682
7967 -2082
-1392 7312
-6310 -6084
3055 9660
2747 -528
-2631 -6484
2 4
-3209 7414
-2851 -4882
-2902 4805
8572 8614
1678 588
5154 2943
2 2
2847 2345
-6716 -2144
9582 -2144
5571 -1414
2 4
3372 7005
3045 -6929
-8735 115
-4992 9599
14 4119
9445 -481
2 6
1102 -4920
5502 3733
-6056 -5498
2828 6478
9838 -8568
8390 8917
-6755 -2033
7163 -9792
2 2
-7366 3251
-4178 1146
-9568 -4748
5219 -8394
2 2
5830 1497
-1210 -3292
4800 -1386
6437 2780
2 5
-4001 -1201
-503 6309
2323 9401
359 1840
3755 8495
-3183 -7574
-312 8977
2 9
-1221 1204
-7043 2436
5625 5773
1588 2023
5969 -1170
6418 -2290
-2951 1415
4862 7145
-8620 8728
-2540 2450
-7462 8742
2 2
-1492 -4260
-2532 2946
813 9029
-2150 -8624
2 10
-7115 5202
-3220 -4963
-900 -1499
8097 7819
7867 -7253
-9441 4380
5113 4123
-9935 -2942
6757 7338
1701 3480
3174 -1794
-4640 -9414
2 6
2162 2336
3658 4416
6969 -9169
-8723 -7930
183 187
6079 -4296
-535 6042
15 -5163
2 9
-4680 -2932
397 1802
4383 7754
4345 -3894
6801 4582
5589 8249
-3863 -605
3856 -3024
9166 -1489
-8148 2311
3572 -6180
2 3
-2752 -6299
1798 -5408
8049 1825
-2183 4072
-3581 8460
2 2
-700 593
-2751 -3482
4261 -9394
8180 7518
2 7
-2119 5289
6411 -517
9976 1651
-16 -1844
1502 -2993
-3484 307
-538 5099
-153 2772
-5603 -2601
2 8
-2081 -6594
682 -4024
6557 -4604
1583 941
-2703 -565
-455 -6715
-9236 246
3425 -152
9735 -5685
948 -2261
2 8
-6793 2798
5045 -6300
-8591 7049
-6197 -1276
-4564 -7401
3560 -9695
-1548 -228
7571 -1271
5168 -847
9670 -3815
2 8
-3347 3144
459 332
7647 -6631
3401 -8847
-7796 -6581
-3506 -9664
-5105 5979
700 -2702
2678 6476
3522 -9326
2 8
-830 7335
651 -4014
96 -34
-6135 -3406
-2651 -6189
-2439 3922
-3089 -2000
8856 -1722
1369 2256
3152 7295
2 3
-2050 -6220
4002 1988
-2836 3942
-8199 3202
7793 5885
2 5
3199 -4700
-7487 339
-3535 6971
860 1311
-7179 -4357
5181 -951
9696 -4384
2 3
1502 3148
-3463 -7411
1544 -2704
-3962 -9871
362 5568
2 5
-1800 4624
-2838 1207
1835 -9373
9479 -2121
-6252 -163
9719 -8776
2053 -3465
2 4
-1960 -3658
-1518 -3633
-9523 1579
8055 -5100
5461 4317
9338 7183
2 3
-4441 1374
-3887 -531
-1206 1097
-9670 7196
7429 1784
2 5
-6501 334
6788 3474
1060 -3014
-9605 740
-4816 -4527
-4283 -9722
-7836 1549
2 5
2475 -5518
1446 -397
9680 4477
-4922 4978
1374 6692
-7889 2620
1504 -9157
2 7
1392 -1384
-2920 4973
7549 2524
-5313 -2990
-2378 8255
9782 2019
-4347 3725
5801 9613
7575 -5249
2 2
-2991 5904
-3553 -3313
6040 6251
-9097 4006
2 9
3700 142
-3377 -3519
9314 -6848
6565 403
389 -8828
6355 8491
-2840 -5246
7774 -681
9413 5797
7850 -2759
-1997 9048
2 5
-5889 -503
-3725 2955
-5983 -2000
-5139 -99
-7783 8102
6582 1423
9271 -6917
2 2
-6983 254
-2303 4267
3396 -9192
742 -3654
2 5
1836 5688
3889 -5386
-4116 496
-480 -7040
-794 7449
-3498 -1394
9959 -4925
2 5
4629 3962
1031 -5164
5299 6898
1614 -2867
-8755 4813
5012 -5006
-1630 8451
2 3
-70 -3916
5337 4377
-6586 -7176
2303 874
643 8742
2 6
-3034 -5877
-617 1828
2150 -6666
9724 -7668
7242 5802
-1964 -3294
5565 -8229
5265 6924
2 2
4250 608
3212 4467
9817 1626
-9931 -4221
2 8
4868 -7310
-146 749
-3615 -4760
5907 -8448
8114 5576
-2263 -9578
-1489 7207
-2785 5413
-6179 -2423
-7952 8473
2 3
1193 -6473
-3590 -546
1454 238
-5319 -3668
1454 -8924
2 2
-3602 -4246
6509 3538
-4889 -8976
5661 2045
2 2
-728 643
622 -5773
6299 7893
-9204 -1070
2 8
-3708 248
-61 4160
8072 -9924
681 -2555
3801 203
778 1376
4954 -3017
-816 4318
663 -8099
4132 8605
2 2
-27 -7398
7476 5353
-352 -1100
3119 2442
2 2
-5424 1612
-1501 4449
-7842 169
-4705 -1878
2 9
4809 -6655
3921 6601
-9615 -7943
568 -8802
2643 -8021
9784 2548
-917 7887
301 -2852
-6007 823
-4549 9582
2792 1588
2 6
2939 -7090
-3737 3939
-8152 7607
9094 2909
-1686 9490
-6352 3498
-5038 -635
7497 848
2 3
-453 -1178
-2561 511
-8944 5855
-2541 -5902
-3561 -9145
2 2
-5954 -2016
-2619 -5349
528 -2068
392 3510
2 7
3417 -3289
1780 2713
-3726 -8695
-8790 -6485
-9172 -754
3943 -9887
1018 -793
-9243 -8527
-4176 3921
2 7
6236 -2481
-5334 1013
6106 -5269
-3305 844
7659 -2548
6038 -2797
-8627 -3692
-9308 9797
-4315 660
2 4
2530 -5873
-1444 -4486
4784 -9852
-3772 4053
436 1498
-9687 1912
2 2
7105 -2763
-4774 -6700
-5596 -4627
9057 6154
2 2
5115 -325
-702 4734
4615 2456
5142 7157
2 9
6110 3155
7106 4047
8880 -5864
-5827 2451
1677 -1057
4236 4030
-9706 8342
9809 862
-6740 2451
6562 -3235
-1281 -4355
2 7
3610 -2648
4922 -2517
3184 -6346
-612 4557
-38 3801
8074 9368
-1819 6131
7024 4639
8806 -7546
2 2
-2221 7315
-1201 5199
1248 -5492
4046 -6122
2 6
562 -6576
-6357 -7354
2068 2940
2435 -4986
-4619 9563
-3459 -2277
-4813 -3830
368 -325
2 7
4574 -7248
-4078 5632
-33 8261
-5470 2078
7177 -2225
-6235 4339
1704 -3228
7279 3287
-8071 -2727
2 9
4140 -2899
91 6023
-5321 5562
8439 938
8024 -1470
-5893 2207
7478 -724
7759 -7600
-2403 -5675
-3281 -716
2243 9048
2 5
-5520 1581
77 -3909
-9017 5408
-775 -1279
-6593 7807
-7658 -4376
9629 8924
2 8
792 -7027
-6202 2285
-6819 -7106
6641 -3364
931 -2412
4376 -5013
-4521 7439
-5118 609
8208 2406
-6947 -6356
2 2
-3833 -622
5451 -5731
-6702 222
1514 -5327
2 2
1608 2574
5048 7252
-332 8789
2863 -801
