457 500
9423 9789
419 9613
9563 9164
9856 902
9965 9014
9339 543
532 645
9040 9412
9812 9614
9174 9056
115 9275
9975 9810
249 790
620 9328
855 9189
123 9296
9449 623
9137 994
700 9411
51 9159
308 561
963 9868
255 9018
696 40
129 9673
933 9678
9256 9940
43 9556
9469 9020
9706 14
409 277
9614 54
9319 860
9595 9051
9556 9353
263 188
9199 9657
9368 996
409 9505
9709 663
9720 9062
55 9813
601 9016
280 9288
44 9473
9885 68
146 672
9186 9238
855 133
293 759
156 460
618 9782
579 9961
9381 570
725 554
926 9015
9280 9609
438 9392
244 9270
9410 578
46 9434
428 9867
729 43
9294 9215
146 495
679 880
9478 9162
559 986
9615 9380
39 9684
144 9228
9262 9021
9563 9182
9072 9259
307 9382
348 9828
507 250
9751 9985
629 9054
9304 9750
400 954
9883 482
979 9008
9945 763
9340 9190
9720 7
9387 277
230 149
300 9341
501 841
241 9845
9299 9440
633 9025
9803 9178
638 825
9672 848
9870 9956
648 109
9579 9114
9115 9811
9830 431
9150 882
9946 707
9618 363
62 495
348 653
571 596
9663 325
9347 9774
9937 343
167 9795
956 9235
679 9220
9786 498
324 9409
582 9480
375 90
207 261
186 9375
385 861
650 792
9575 9001
735 761
9790 551
380 9274
9577 663
452 9900
678 251
306 895
684 9522
9164 733
872 335
627 9461
9601 9638
9160 40
9873 9452
36 515
688 488
9418 922
9442 56
670 9062
501 624
9886 211
9992 378
9448 9534
236 9885
878 9377
998 9676
979 439
915 820
9924 975
789 481
9405 934
9749 2
9563 622
304 9548
9792 9888
306 9497
9687 171
535 796
9052 313
9872 9616
939 9648
9049 9773
9248 9015
9378 9858
672 391
9686 9314
618 9834
9984 16
557 901
9771 9630
9478 9258
197 785
9451 425
9937 9522
815 483
547 9863
570 9687
221 9869
40 9762
9890 9193
9451 9126
9954 350
701 9957
9671 54
274 9951
9598 588
9594 9619
201 528
772 9933
811 31
249 9539
9043 9821
587 76
762 135
9160 9613
56 143
372 9652
9022 9956
157 9493
725 49
268 652
139 9749
653 372
9744 9763
9573 810
9979 9665
9938 996
9768 98
9480 232
886 990
9528 597
578 61
477 9887
9574 27
995 276
9230 9922
178 653
9856 9048
9295 9599
9913 9657
9318 9588
258 598
517 184
302 9072
9725 9106
927 94
748 972
957 102
124 9901
9992 338
273 164
486 9243
9624 9115
9503 640
9176 784
277 9229
103 134
919 988
695 821
9407 9356
581 9023
212 28
579 169
400 9394
162 9036
9735 9674
9547 844
9924 9631
722 87
315 9032
277 9550
9572 9471
853 22
150 9571
9154 3
465 9070
9579 9531
9518 332
280 9862
9106 9351
9487 9783
9278 619
624 843
9657 9376
143 9149
884 88
668 9778
245 9339
247 126
9772 9111
9285 291
210 175
9640 9321
9737 111
344 197
908 9950
440 9525
271 224
9552 396
9220 9640
651 89
9490 196
235 147
9399 1000
9925 62
9809 683
9850 9351
9298 9873
106 9383
118 823
9444 198
869 552
9329 641
601 206
9897 739
9432 9491
9567 642
939 9394
9865 9995
9001 299
873 237
965 928
9352 9776
884 9406
212 9430
404 350
332 543
9386 706
132 311
9264 868
608 9343
178 9842
191 9758
9743 9516
9703 273
9430 9251
9729 502
9998 97
9189 9900
709 82
692 9156
9085 891
707 829
492 9670
9011 9526
9449 954
28 9297
9633 635
9893 361
159 292
765 9508
9304 723
358 9619
120 624
9557 235
9890 871
9950 297
185 9576
707 9741
796 145
9469 414
565 150
363 820
605 9254
9025 216
9371 812
9387 794
405 914
9184 9062
364 9612
824 9098
953 436
9958 439
9006 9290
9328 369
795 9636
609 343
742 9598
9358 698
9343 523
9514 9925
9438 9208
994 16
9206 9899
386 79
528 396
9159 117
577 9099
9696 249
467 158
9447 952
9097 102
497 767
9636 898
9394 9593
9644 9698
638 584
9058 268
9736 195
9378 808
9820 9154
440 9546
110 9715
9478 9170
138 9385
9847 928
9548 9064
9879 9454
9980 903
489 859
9079 9234
83 957
9639 9998
159 9365
756 9963
19 9118
9968 852
845 9179
9444 9791
889 9791
9559 9180
9155 9087
732 9820
9410 141
551 9506
405 9840
608 9698
9409 9552
76 336
77 873
9449 909
468 9884
9256 9236
9370 166
9651 789
980 9676
210 9322
9092 445
9045 9695
107 144
386 9945
9113 9043
9959 9471
687 780
514 9467
9640 586
9613 90
9336 48
9156 9231
9972 673
9825 442
57 111
9970 9305
326 58
875 558
9918 9060
765 9286
788 862
9412 178
876 9082
9718 9353
950 673
9446 715
892 9381
9284 9201
720 172
315 657
9013 447
9109 9419
502 17
9460 397
9911 9562
349 9634
9751 9273
9763 106
311 9451
702 9254
90 611
9803 413
374 797
9209 493
700 956
309 217
317 173
9399 9429
386 9329
892 9131
638 9311
829 821
9894 9480
541 33
207 9423
9172 850
9966 149
9341 9458
387 9572
118 447
9624 638
407 477
9069 9228
9447 325
9802 866
194 9142
695 9854
536 36
9738 9469
9953 9014
413 90
85 9743
9410 846
9415 9637
991 93
455 9507
9496 9262
9616 882
9166 468
9264 259
552 9539
