137 200
1 3141
2 3141
3 3141
4 3141
5 3141
6 3141
7 3141
8 3141
9 3141
10 3141
11 3141
12 3141
13 3141
14 3141
15 3141
16 3141
17 3141
18 3141
19 3141
20 3141
21 3141
22 3141
23 3141
24 3141
25 3141
26 3141
27 3141
28 3141
29 3141
30 3141
31 3141
32 3141
33 3141
34 3141
35 3141
36 3141
37 3141
38 3141
39 3141
40 3141
41 3141
42 3141
43 3141
44 3141
45 3141
46 3141
47 3141
48 3141
49 3141
50 3141
51 3141
52 3141
53 3141
54 3141
55 3141
56 3141
57 3141
58 3141
59 3141
60 3141
61 3141
62 3141
63 3141
64 3141
65 3141
66 3141
67 3141
68 3141
69 3141
70 3141
71 3141
72 3141
73 3141
74 3141
75 3141
76 3141
77 3141
78 3141
79 3141
80 3141
81 3141
82 3141
83 3141
84 3141
85 3141
86 3141
87 3141
88 3141
89 3141
90 3141
91 3141
92 3141
93 3141
94 3141
95 3141
96 3141
97 3141
98 3141
99 3141
100 3141
101 3141
102 3141
103 3141
104 3141
105 3141
106 3141
107 3141
108 3141
109 3141
110 3141
111 3141
112 3141
113 3141
114 3141
115 3141
116 3141
117 3141
118 3141
119 3141
120 3141
121 3141
122 3141
123 3141
124 3141
125 3141
126 3141
127 3141
128 3141
129 3141
130 3141
131 3141
132 3141
133 3141
134 3141
135 3141
136 3141
137 3141
138 3141
139 3141
140 3141
141 3141
142 3141
143 3141
144 3141
145 3141
146 3141
147 3141
148 3141
149 3141
150 3141
151 3141
152 3141
153 3141
154 3141
155 3141
156 3141
157 3141
158 3141
159 3141
160 3141
161 3141
162 3141
163 3141
164 3141
165 3141
166 3141
167 3141
168 3141
169 3141
170 3141
171 3141
172 3141
173 3141
174 3141
175 3141
176 3141
177 3141
178 3141
179 3141
180 3141
181 3141
182 3141
183 3141
184 3141
185 3141
186 3141
187 3141
188 3141
189 3141
190 3141
191 3141
192 3141
193 3141
194 3141
195 3141
196 3141
197 3141
198 3141
199 3141
200 3141
