60 350
3456 5306
8668 3235
22 3871
5361 2153
4378 2757
9483 5928
1130 3119
6858 7621
3410 9301
2479 4456
1814 2876
8914 6817
2272 1373
7810 7943
3637 6567
8224 1537
4771 7092
962 6891
9044 1144
3901 2674
8601 9773
9244 3383
7356 6082
1734 2453
6908 765
3640 4212
7380 5074
6446 2553
6847 9652
2570 4256
2144 483
3926 793
4035 3266
4409 1239
3913 9430
5555 8309
8044 8865
4947 1150
3602 5399
6163 3032
7244 510
5583 6154
5058 975
6978 8380
8987 8257
8739 9547
6691 1130
4395 9017
255 7078
6507 8804
3464 4167
9384 8413
9562 1507
3257 4330
3713 3164
25 9419
1924 956
8283 1959
338 6982
5238 5260
4807 9325
6806 328
9344 7849
4926 7553
2708 5951
117 7785
6197 6171
4030 5852
181 2111
1626 7286
3057 246
7553 1650
9960 4980
8313 5835
1095 297
5973 3550
230 2253
101 2779
6683 9573
5523 1379
5515 9390
1912 1992
7843 1711
173 5941
9579 4376
973 1798
9799 8987
3966 8525
4360 9758
55 8631
2180 1806
4058 2379
1509 8761
8334 510
8240 8191
7580 208
8551 3754
1817 9492
1784 2746
3473 1989
139 7714
6700 4445
2969 9937
9695 7018
5648 7328
9133 6101
4831 4179
2940 9542
6404 6340
4530 7625
7832 4643
4749 8462
4305 2735
5480 6565
4905 6088
154 8952
3396 5043
1332 6853
3870 2716
44 7378
3478 9517
48 5528
1422 4660
999 2987
611 4177
8819 1881
342 4794
7528 9919
6483 998
3437 9359
8310 7740
2782 3590
443 8057
773 4113
1490 4312
181 7168
9047 1319
5979 6580
9566 6820
996 3329
5209 6528
7673 6167
6085 1902
2899 1553
911 8920
6659 6336
6277 5573
3629 9440
9905 6719
7383 753
4272 7746
5417 3915
494 9671
6490 7747
1075 6411
2938 3838
4 2636
4537 610
8514 6088
1359 7436
123 9425
4997 8017
3809 6399
9470 4977
2082 65
7810 6852
766 6353
2375 9578
3676 7611
4021 8865
2702 4751
3738 6958
3919 9057
1496 8274
2061 2433
8209 2855
871 8535
4934 3205
4533 4679
1095 755
7606 6614
9319 5257
4834 4723
2333 1693
6909 8510
9612 6353
9662 5962
5018 3349
7974 9932
8716 6514
5720 35
4921 6924
6480 6590
7621 6206
6960 7365
3978 8715
3971 4565
5639 9648
7693 5157
18 7971
675 4601
6915 5981
5681 6688
2972 1932
4797 6
40 1687
4963 516
3458 1313
7518 1442
5158 7430
2496 4478
5394 9136
5135 2819
7975 1033
5355 2827
3780 4344
6676 2382
9069 694
8977 2356
2361 2040
79 126
641 8753
65 5041
2834 450
7879 7582
8411 7992
3479 375
3193 3805
4837 8613
1440 7519
8214 6543
8924 1571
2264 4889
3596 7993
6384 1240
7717 5956
1060 6462
7854 8358
5159 7476
1410 688
5031 3038
9764 9820
3624 8509
7121 9308
3178 4812
1355 4912
2834 1391
2631 278
4622 5097
2689 6226
8533 7358
171 405
5114 5945
3420 8025
5064 273
9662 1181
1001 94
4954 5777
1436 976
2140 8426
9690 4613
2355 3494
123 2523
7620 4985
7562 1097
4806 6660
3416 6094
8390 4976
9352 8530
5154 1810
9342 767
7212 1167
6943 342
7670 2165
591 8378
9342 6161
6006 280
2802 1696
6680 2480
3576 6773
9784 593
3038 8381
9709 3200
8081 1428
3237 5412
6179 3234
752 8930
5624 3390
5555 7694
2423 3293
9453 2497
9128 1764
3459 1810
4289 8281
5054 6490
7082 7865
2597 1189
4388 119
7898 8657
4069 8820
8405 7486
6416 247
3636 9156
6849 2039
5331 5542
8038 5623
7386 1135
9296 7165
5446 7196
37 3584
7800 6851
8039 3470
9941 397
5405 8779
7598 7838
5324 9473
6071 6003
1510 1739
3777 9707
1600 8359
3981 5459
2945 9638
3154 7719
4914 2240
5823 4951
1801 4951
8420 3623
371 6192
1322 4712
2550 5775
5248 5271
7625 7873
9611 7670
7376 9135
7493 3387
8845 8976
4965 7825
1895 8141
380 4470
9421 3161
4463 6202
6176 1221
3764 9234
3946 6546
8673 5085
356 6495
4367 272
7941 4332
3466 3977
3715 5317
