10 200
6200 3528
5067 5607
2330 5146
3688 502
137 9263
8475 7783
293 5420
5651 1771
9068 6909
9213 1621
5576 3052
3059 5445
5212 1301
6486 376
5019 4563
8654 5449
8043 7141
2766 6968
6373 5497
3324 2892
2114 4001
4449 2370
3139 7642
5159 3999
5897 2393
9615 5672
1001 4133
9635 5360
2507 567
680 5256
8201 9819
5557 6968
3370 9068
6274 7654
3146 6752
9933 2029
167 221
9759 3080
2635 5015
5094 1379
8721 2722
1479 4368
3162 7209
3042 9475
869 7284
8039 9129
5955 883
5293 8410
6833 7899
4696 3269
3630 6948
1268 6164
1130 4679
6298 7727
2646 3685
4666 5402
9595 8504
8112 9280
1106 5342
5215 9506
3806 4689
342 538
5870 1527
2667 3277
1837 2797
9189 3923
6437 8576
989 6745
1061 2341
2889 9308
5608 6952
3329 1857
9580 9626
3328 5272
8523 9308
2504 3489
7698 9261
2549 9455
2391 2347
7539 8166
9846 4983
8748 4399
8913 1824
4080 6160
389 8339
8223 1407
237 4153
5381 5228
3787 506
8109 6472
7124 9920
1025 7147
779 2081
9741 9125
4937 4351
2505 1406
7405 8005
3993 7171
9049 7237
8399 3970
3002 9971
8059 7708
6313 202
6960 2827
6603 6633
7774 7588
3351 2271
657 6224
8585 2722
829 4501
5593 5710
5445 3924
5838 1796
3973 3272
3225 2792
7361 6607
4285 3743
1681 615
1524 800
411 3640
2124 7398
4658 5582
3396 6889
2663 4807
831 688
4009 2283
1366 6671
1966 7333
8653 5531
964 6018
4764 381
8751 5554
3102 2441
2612 3956
5389 8309
1039 6912
4778 211
1295 6687
1544 2805
5947 4612
4743 9378
8983 7559
6018 7638
2720 4255
1637 4257
8289 2576
8315 6718
4671 9002
2721 7257
8586 4812
5247 3283
1253 5446
5145 913
9112 3784
6841 7538
6942 257
9835 7607
933 2049
6466 5415
608 5860
650 4326
6141 8393
5052 3647
7626 1978
5688 9937
5778 9425
9320 6671
7080 8645
5971 5467
7631 9125
3075 8990
8133 5505
9123 3649
1259 8947
8752 2609
2868 1640
2111 2608
407 9467
3688 2879
7731 9960
7641 9978
2293 8225
1841 7681
2069 262
3378 7950
9175 7411
7083 4259
212 5489
1795 6831
66 9369
8586 5207
3043 6405
1182 4502
9509 7480
2323 129
6062 956
5079 1865
5910 4945
5256 2309
3580 5891
