1 200
1 33
71 6621
114 7189
101 6350
101 7120
116 7930
105 9046
110 2619
103 7834
115 6383
32 5300
77 9343
114 6530
46 1260
32 5520
75 115
111 1165
108 348
115 8316
116 9886
97 8154
100 5294
33 8905
1 55
2718 9507
5629 1706
1857 3093
4306 7201
2340 8427
2546 4250
5005 9026
9508 5480
7131 5295
3805 470
7816 5888
7633 3005
4086 7459
6702 2515
7335 5057
1005 8449
1520 3450
6483 9123
7201 2437
369 3460
5027 3221
7552 3614
9905 4652
3235 3946
2499 6948
9274 1065
8148 638
866 6189
8517 2065
4178 4095
7632 5992
8516 8242
9194 5553
2876 3830
4596 9950
2099 5595
2792 8662
3135 5049
1459 5196
4608 8953
9777 4236
170 2228
3050 8833
7259 1090
8365 2591
1467 6306
4064 8799
3634 9217
8066 513
2227 313
5642 3762
9861 9098
4261 9334
6849 5720
5244 6117
292 7202
1406 2313
7803 348
9376 7068
6047 7600
1120 8540
5697 2979
3121 9998
3307 1024
4111 478
3385 9439
3947 3329
9302 4532
1660 4905
2550 9848
9785 6901
6571 1566
3209 2488
3366 6984
2999 6523
252 3811
1515 9530
6549 1250
2525 9811
8915 8282
5746 6527
2410 8622
6226 2684
6769 5280
5958 2084
3339 4117
4264 9946
3952 5490
9430 7474
4592 4832
2188 5290
2043 7372
514 6656
3202 3402
9346 5745
3946 9217
836 8939
6363 4844
4217 3090
352 4960
3439 1975
2096 6433
980 1104
1977 5480
6032 3144
1108 2221
6648 121
6749 5575
9649 8256
6876 3716
8842 5340
4545 2418
4631 5897
1864 4839
5859 4571
6011 8020
1641 7476
7304 6552
3741 8554
9897 4213
9954 6998
7258 2248
8427 1163
6792 3678
7172 612
5275 84
3765 7583
493 9180
6659 1374
5553 5797
2344 8430
3683 1062
5106 9212
441 3914
8044 2495
1605 1295
2855 3408
2686 3054
172 3304
5961 869
3881 5114
3907 7122
9116 5001
1419 6174
647 362
432 1975
2562 1202
8778 9152
1454 9848
3875 128
9460 6411
2108 5490
4350 353
6597 4519
6218 3346
1985 4865
2207 4087
1537 5950
5843 1112
3330 7364
8104 6482
1829 7893
6156 8515
4288 601
8852 9977
8061 6597
7598 4036
2091 2758
7176 1214
103 4080
4660 8973
2926 7792
9815 1719
5977 6526
7480 3099
5416 429
