11100
24
18
20
21
39
42
67
43
90
15
139
40
41
44
45
46
47
48
49
50
51
68
69
70
71
72
73
74
75
76
77
78
79
80
81
82
83
91
92
94
95
96
112
97
98
99
100
111
101
102
108
106
113
116
136
135
138
137
140
141
142
143
144
145
146
147
148
149
150
151
152
153
154
155
156
157
158
159
160
161
162
163
178
164
165
166
167
168
169
173
170
171
172
175
174
176
177
179
180
181
182
183
184
185
186
187
188
213
214
215
216
242
236
238
239
257
260
285
261
308
233
357
258
259
262
263
264
265
266
267
268
269
286
287
288
289
290
291
292
293
294
295
296
297
298
299
300
301
309
310
312
313
314
330
315
316
317
318
329
319
320
326
324
331
334
354
353
356
355
358
359
360
361
362
363
364
365
366
367
368
369
370
371
372
373
374
375
376
377
378
379
380
381
396
382
383
384
385
386
387
391
388
389
390
393
392
394
395
397
398
399
400
401
402
403
404
405
406
431
432
433
434
460
454
456
457
475
478
503
479
526
451
575
476
477
480
481
482
483
484
485
486
487
504
505
506
507
508
509
510
511
512
513
514
515
516
517
518
519
527
528
530
531
532
548
533
534
535
536
547
537
538
544
542
549
552
572
571
574
573
576
577
578
579
580
581
582
583
584
585
586
587
588
589
590
591
592
593
594
595
596
597
598
599
614
600
601
602
603
604
605
609
606
607
608
611
610
612
613
615
616
617
618
619
620
621
622
623
624
649
650
651
652
678
672
674
675
693
696
721
697
744
669
793
694
695
698
699
700
701
702
703
704
705
722
723
724
725
726
727
728
729
730
731
732
733
734
735
736
737
745
746
748
749
750
766
751
752
753
754
765
755
756
762
760
767
770
790
789
792
791
794
795
796
797
798
799
800
801
802
803
804
805
806
807
808
809
810
811
812
813
814
815
816
817
832
818
819
820
821
822
823
827
824
825
826
829
828
830
831
833
834
835
836
837
838
839
840
841
842
867
868
869
870
896
890
892
893
911
914
939
915
962
887
1011
912
913
916
917
918
919
920
921
922
923
940
941
942
943
944
945
946
947
948
949
950
951
952
953
954
955
963
964
966
967
968
984
969
970
971
972
983
973
974
980
978
985
988
1008
1007
1010
1009
1012
1013
1014
1015
1016
1017
1018
1019
1020
1021
1022
1023
1024
1025
1026
1027
1028
1029
1030
1031
1032
1033
1034
1035
1050
1036
1037
1038
1039
1040
1041
1045
1042
1043
1044
1047
1046
1048
1049
1051
1052
1053
1054
1055
1056
1057
1058
1059
1060
1085
1086
1087
1088
1114
1108
1110
1111
1129
1132
1157
1133
1180
1105
1229
1130
1131
1134
1135
1136
1137
1138
1139
1140
1141
1158
1159
1160
1161
1162
1163
1164
1165
1166
1167
1168
1169
1170
1171
1172
1173
1181
1182
1184
1185
1186
1202
1187
1188
1189
1190
1201
1191
1192
1198
1196
1203
1206
1226
1225
1228
1227
1230
1231
1232
1233
1234
1235
1236
1237
1238
1239
1240
1241
1242
1243
1244
1245
1246
1247
1248
1249
1250
1251
1252
1253
1268
1254
1255
1256
1257
1258
1259
1263
1260
1261
1262
1265
1264
1266
1267
1269
1270
1271
1272
1273
1274
1275
1276
1277
1278
1303
1304
1305
1306
1332
1326
1328
1329
1347
1350
1375
1351
1398
1323
1447
1348
1349
1352
1353
1354
1355
1356
1357
1358
1359
1376
1377
1378
1379
1380
1381
1382
1383
1384
1385
1386
1387
1388
1389
1390
1391
1399
1400
1402
1403
1404
1420
1405
1406
1407
1408
1419
1409
1410
1416
1414
1421
1424
1444
1443
1446
1445
1448
1449
1450
1451
1452
1453
1454
1455
1456
1457
1458
1459
1460
1461
1462
1463
1464
1465
1466
1467
1468
1469
1470
1471
1486
1472
1473
1474
1475
1476
1477
1481
1478
1479
1480
1483
1482
1484
1485
1487
1488
1489
1490
1491
1492
1493
1494
1495
1496
1521
1522
1523
1524
1550
1544
1546
1547
1565
1568
1593
1569
1616
1541
1665
1566
1567
1570
1571
1572
1573
1574
1575
1576
1577
1594
1595
1596
1597
1598
1599
1600
1601
1602
1603
1604
1605
1606
1607
1608
1609
1617
1618
1620
1621
1622
1638
1623
1624
1625
1626
1637
1627
1628
1634
1632
1639
1642
1662
1661
1664
1663
1666
1667
1668
1669
1670
1671
1672
1673
1674
1675
1676
1677
1678
1679
1680
1681
1682
1683
1684
1685
1686
1687
1688
1689
1704
1690
1691
1692
1693
1694
1695
1699
1696
1697
1698
1701
1700
1702
1703
1705
1706
1707
1708
1709
1710
1711
1712
1713
1714
1739
1740
1741
1742
1768
1762
1764
1765
1783
1786
1811
1787
1834
1759
1883
1784
1785
1788
1789
1790
1791
1792
1793
1794
1795
1812
1813
1814
1815
1816
1817
1818
1819
1820
1821
1822
1823
1824
1825
1826
1827
1835
1836
1838
1839
1840
1856
1841
1842
1843
1844
1855
1845
1846
1852
1850
1857
1860
1880
1879
1882
1881
1884
1885
1886
1887
1888
1889
1890
1891
1892
1893
1894
1895
1896
1897
1898
1899
1900
1901
1902
1903
1904
1905
1906
1907
1922
1908
1909
1910
1911
1912
1913
1917
1914
1915
1916
1919
1918
1920
1921
1923
1924
1925
1926
1927
1928
1929
1930
1931
1932
1957
1958
1959
1960
1986
1980
1982
1983
2001
2004
2029
2005
2052
1977
2101
2002
2003
2006
2007
2008
2009
2010
2011
2012
2013
2030
2031
2032
2033
2034
2035
2036
2037
2038
2039
2040
2041
2042
2043
2044
2045
2053
2054
2056
2057
2058
2074
2059
2060
2061
2062
2073
2063
2064
2070
2068
2075
2078
2098
2097
2100
2099
2102
2103
2104
2105
2106
2107
2108
2109
2110
2111
2112
2113
2114
2115
2116
2117
2118
2119
2120
2121
2122
2123
2124
2125
2140
2126
2127
2128
2129
2130
2131
2135
2132
2133
2134
2137
2136
2138
2139
2141
2142
2143
2144
2145
2146
2147
2148
2149
2150
2175
2176
2177
2178
2204
2198
2200
2201
2219
2222
2247
2223
2270
2195
2319
2220
2221
2224
2225
2226
2227
2228
2229
2230
2231
2248
2249
2250
2251
2252
2253
2254
2255
2256
2257
2258
2259
2260
2261
2262
2263
2271
2272
2274
2275
2276
2292
2277
2278
2279
2280
2291
2281
2282
2288
2286
2293
2296
2316
2315
2318
2317
2320
2321
2322
2323
2324
2325
2326
2327
2328
2329
2330
2331
2332
2333
2334
2335
2336
2337
2338
2339
2340
2341
2342
2343
2358
2344
2345
2346
2347
2348
2349
2353
2350
2351
2352
2355
2354
2356
2357
2359
2360
2361
2362
2363
2364
2365
2366
2367
2368
2393
2394
2395
2396
2422
2416
2418
2419
2437
2440
2465
2441
2488
2413
2537
2438
2439
2442
2443
2444
2445
2446
2447
2448
2449
2466
2467
2468
2469
2470
2471
2472
2473
2474
2475
2476
2477
2478
2479
2480
2481
2489
2490
2492
2493
2494
2510
2495
2496
2497
2498
2509
2499
2500
2506
2504
2511
2514
2534
2533
2536
2535
2538
2539
2540
2541
2542
2543
2544
2545
2546
2547
2548
2549
2550
2551
2552
2553
2554
2555
2556
2557
2558
2559
2560
2561
2576
2562
2563
2564
2565
2566
2567
2571
2568
2569
2570
2573
2572
2574
2575
2577
2578
2579
2580
2581
2582
2583
2584
2585
2586
2611
2612
2613
2614
2640
2634
2636
2637
2655
2658
2683
2659
2706
2631
2755
2656
2657
2660
2661
2662
2663
2664
2665
2666
2667
2684
2685
2686
2687
2688
2689
2690
2691
2692
2693
2694
2695
2696
2697
2698
2699
2707
2708
2710
2711
2712
2728
2713
2714
2715
2716
2727
2717
2718
2724
2722
2729
2732
2752
2751
2754
2753
2756
2757
2758
2759
2760
2761
2762
2763
2764
2765
2766
2767
2768
2769
2770
2771
2772
2773
2774
2775
2776
2777
2778
2779
2794
2780
2781
2782
2783
2784
2785
2789
2786
2787
2788
2791
2790
2792
2793
2795
2796
2797
2798
2799
2800
2801
2802
2803
2804
2829
2830
2831
2832
2858
2852
2854
2855
2873
2876
2901
2877
2924
2849
2973
2874
2875
2878
2879
2880
2881
2882
2883
2884
2885
2902
2903
2904
2905
2906
2907
2908
2909
2910
2911
2912
2913
2914
2915
2916
2917
2925
2926
2928
2929
2930
2946
2931
2932
2933
2934
2945
2935
2936
2942
2940
2947
2950
2970
2969
2972
2971
2974
2975
2976
2977
2978
2979
2980
2981
2982
2983
2984
2985
2986
2987
2988
2989
2990
2991
2992
2993
2994
2995
2996
2997
3012
2998
2999
3000
3001
3002
3003
3007
3004
3005
3006
3009
3008
3010
3011
3013
3014
3015
3016
3017
3018
3019
3020
3021
3022
3047
3048
3049
3050
3076
3070
3072
3073
3091
3094
3119
3095
3142
3067
3191
3092
3093
3096
3097
3098
3099
3100
3101
3102
3103
3120
3121
3122
3123
3124
3125
3126
3127
3128
3129
3130
3131
3132
3133
3134
3135
3143
3144
3146
3147
3148
3164
3149
3150
3151
3152
3163
3153
3154
3160
3158
3165
3168
3188
3187
3190
3189
3192
3193
3194
3195
3196
3197
3198
3199
3200
3201
3202
3203
3204
3205
3206
3207
3208
3209
3210
3211
3212
3213
3214
3215
3230
3216
3217
3218
3219
3220
3221
3225
3222
3223
3224
3227
3226
3228
3229
3231
3232
3233
3234
3235
3236
3237
3238
3239
3240
3265
3266
3267
3268
3294
3288
3290
3291
3309
3312
3337
3313
3360
3285
3409
3310
3311
3314
3315
3316
3317
3318
3319
3320
3321
3338
3339
3340
3341
3342
3343
3344
3345
3346
3347
3348
3349
3350
3351
3352
3353
3361
3362
3364
3365
3366
3382
3367
3368
3369
3370
3381
3371
3372
3378
3376
3383
3386
3406
3405
3408
3407
3410
3411
3412
3413
3414
3415
3416
3417
3418
3419
3420
3421
3422
3423
3424
3425
3426
3427
3428
3429
3430
3431
3432
3433
3448
3434
3435
3436
3437
3438
3439
3443
3440
3441
3442
3445
3444
3446
3447
3449
3450
3451
3452
3453
3454
3455
3456
3457
3458
3483
3484
3485
3486
3512
3506
3508
3509
3527
3530
3555
3531
3578
3503
3627
3528
3529
3532
3533
3534
3535
3536
3537
3538
3539
3556
3557
3558
3559
3560
3561
3562
3563
3564
3565
3566
3567
3568
3569
3570
3571
3579
3580
3582
3583
3584
3600
3585
3586
3587
3588
3599
3589
3590
3596
3594
3601
3604
3624
3623
3626
3625
3628
3629
3630
3631
3632
3633
3634
3635
3636
3637
3638
3639
3640
3641
3642
3643
3644
3645
3646
3647
3648
3649
3650
3651
3666
3652
3653
3654
3655
3656
3657
3661
3658
3659
3660
3663
3662
3664
3665
3667
3668
3669
3670
3671
3672
3673
3674
3675
3676
3701
3702
3703
3704
3730
3724
3726
3727
3745
3748
3773
3749
3796
3721
3845
3746
3747
3750
3751
3752
3753
3754
3755
3756
3757
3774
3775
3776
3777
3778
3779
3780
3781
3782
3783
3784
3785
3786
3787
3788
3789
3797
3798
3800
3801
3802
3818
3803
3804
3805
3806
3817
3807
3808
3814
3812
3819
3822
3842
3841
3844
3843
3846
3847
3848
3849
3850
3851
3852
3853
3854
3855
3856
3857
3858
3859
3860
3861
3862
3863
3864
3865
3866
3867
3868
3869
3884
3870
3871
3872
3873
3874
3875
3879
3876
3877
3878
3881
3880
3882
3883
3885
3886
3887
3888
3889
3890
3891
3892
3893
3894
3919
3920
3921
3922
3948
3942
3944
3945
3963
3966
3991
3967
4014
3939
4063
3964
3965
3968
3969
3970
3971
3972
3973
3974
3975
3992
3993
3994
3995
3996
3997
3998
3999
4000
4001
4002
4003
4004
4005
4006
4007
4015
4016
4018
4019
4020
4036
4021
4022
4023
4024
4035
4025
4026
4032
4030
4037
4040
4060
4059
4062
4061
4064
4065
4066
4067
4068
4069
4070
4071
4072
4073
4074
4075
4076
4077
4078
4079
4080
4081
4082
4083
4084
4085
4086
4087
4102
4088
4089
4090
4091
4092
4093
4097
4094
4095
4096
4099
4098
4100
4101
4103
4104
4105
4106
4107
4108
4109
4110
4111
4112
4137
4138
4139
4140
4166
4160
4162
4163
4181
4184
4209
4185
4232
4157
4281
4182
4183
4186
4187
4188
4189
4190
4191
4192
4193
4210
4211
4212
4213
4214
4215
4216
4217
4218
4219
4220
4221
4222
4223
4224
4225
4233
4234
4236
4237
4238
4254
4239
4240
4241
4242
4253
4243
4244
4250
4248
4255
4258
4278
4277
4280
4279
4282
4283
4284
4285
4286
4287
4288
4289
4290
4291
4292
4293
4294
4295
4296
4297
4298
4299
4300
4301
4302
4303
4304
4305
4320
4306
4307
4308
4309
4310
4311
4315
4312
4313
4314
4317
4316
4318
4319
4321
4322
4323
4324
4325
4326
4327
4328
4329
4330
4355
4356
4357
4358
4384
4378
4380
4381
4399
4402
4427
4403
4450
4375
4499
4400
4401
4404
4405
4406
4407
4408
4409
4410
4411
4428
4429
4430
4431
4432
4433
4434
4435
4436
4437
4438
4439
4440
4441
4442
4443
4451
4452
4454
4455
4456
4472
4457
4458
4459
4460
4471
4461
4462
4468
4466
4473
4476
4496
4495
4498
4497
4500
4501
4502
4503
4504
4505
4506
4507
4508
4509
4510
4511
4512
4513
4514
4515
4516
4517
4518
4519
4520
4521
4522
4523
4538
4524
4525
4526
4527
4528
4529
4533
4530
4531
4532
4535
4534
4536
4537
4539
4540
4541
4542
4543
4544
4545
4546
4547
4548
4573
4574
4575
4576
4602
4596
4598
4599
4617
4620
4645
4621
4668
4593
4717
4618
4619
4622
4623
4624
4625
4626
4627
4628
4629
4646
4647
4648
4649
4650
4651
4652
4653
4654
4655
4656
4657
4658
4659
4660
4661
4669
4670
4672
4673
4674
4690
4675
4676
4677
4678
4689
4679
4680
4686
4684
4691
4694
4714
4713
4716
4715
4718
4719
4720
4721
4722
4723
4724
4725
4726
4727
4728
4729
4730
4731
4732
4733
4734
4735
4736
4737
4738
4739
4740
4741
4756
4742
4743
4744
4745
4746
4747
4751
4748
4749
4750
4753
4752
4754
4755
4757
4758
4759
4760
4761
4762
4763
4764
4765
4766
4791
4792
4793
4794
4820
4814
4816
4817
4835
4838
4863
4839
4886
4811
4935
4836
4837
4840
4841
4842
4843
4844
4845
4846
4847
4864
4865
4866
4867
4868
4869
4870
4871
4872
4873
4874
4875
4876
4877
4878
4879
4887
4888
4890
4891
4892
4908
4893
4894
4895
4896
4907
4897
4898
4904
4902
4909
4912
4932
4931
4934
4933
4936
4937
4938
4939
4940
4941
4942
4943
4944
4945
4946
4947
4948
4949
4950
4951
4952
4953
4954
4955
4956
4957
4958
4959
4974
4960
4961
4962
4963
4964
4965
4969
4966
4967
4968
4971
4970
4972
4973
4975
4976
4977
4978
4979
4980
4981
4982
4983
4984
5009
5010
5011
5012
5038
5032
5034
5035
5053
5056
5081
5057
5104
5029
5153
5054
5055
5058
5059
5060
5061
5062
5063
5064
5065
5082
5083
5084
5085
5086
5087
5088
5089
5090
5091
5092
5093
5094
5095
5096
5097
5105
5106
5108
5109
5110
5126
5111
5112
5113
5114
5125
5115
5116
5122
5120
5127
5130
5150
5149
5152
5151
5154
5155
5156
5157
5158
5159
5160
5161
5162
5163
5164
5165
5166
5167
5168
5169
5170
5171
5172
5173
5174
5175
5176
5177
5192
5178
5179
5180
5181
5182
5183
5187
5184
5185
5186
5189
5188
5190
5191
5193
5194
5195
5196
5197
5198
5199
5200
5201
5202
5227
5228
5229
5230
5256
5250
5252
5253
5271
5274
5299
5275
5322
5247
5371
5272
5273
5276
5277
5278
5279
5280
5281
5282
5283
5300
5301
5302
5303
5304
5305
5306
5307
5308
5309
5310
5311
5312
5313
5314
5315
5323
5324
5326
5327
5328
5344
5329
5330
5331
5332
5343
5333
5334
5340
5338
5345
5348
5368
5367
5370
5369
5372
5373
5374
5375
5376
5377
5378
5379
5380
5381
5382
5383
5384
5385
5386
5387
5388
5389
5390
5391
5392
5393
5394
5395
5410
5396
5397
5398
5399
5400
5401
5405
5402
5403
5404
5407
5406
5408
5409
5411
5412
5413
5414
5415
5416
5417
5418
5419
5420
5445
5446
5447
5448
5474
5468
5470
5471
5489
5492
5517
5493
5540
5465
5589
5490
5491
5494
5495
5496
5497
5498
5499
5500
5501
5518
5519
5520
5521
5522
5523
5524
5525
5526
5527
5528
5529
5530
5531
5532
5533
5541
5542
5544
5545
5546
5562
5547
5548
5549
5550
5561
5551
5552
5558
5556
5563
5566
5586
5585
5588
5587
5590
5591
5592
5593
5594
5595
5596
5597
5598
5599
5600
5601
5602
5603
5604
5605
5606
5607
5608
5609
5610
5611
5612
5613
5628
5614
5615
5616
5617
5618
5619
5623
5620
5621
5622
5625
5624
5626
5627
5629
5630
5631
5632
5633
5634
5635
5636
5637
5638
5663
5664
5665
5666
5692
5686
5688
5689
5707
5710
5735
5711
5758
5683
5807
5708
5709
5712
5713
5714
5715
5716
5717
5718
5719
5736
5737
5738
5739
5740
5741
5742
5743
5744
5745
5746
5747
5748
5749
5750
5751
5759
5760
5762
5763
5764
5780
5765
5766
5767
5768
5779
5769
5770
5776
5774
5781
5784
5804
5803
5806
5805
5808
5809
5810
5811
5812
5813
5814
5815
5816
5817
5818
5819
5820
5821
5822
5823
5824
5825
5826
5827
5828
5829
5830
5831
5846
5832
5833
5834
5835
5836
5837
5841
5838
5839
5840
5843
5842
5844
5845
5847
5848
5849
5850
5851
5852
5853
5854
5855
5856
5881
5882
5883
5884
5910
5904
5906
5907
5925
5928
5953
5929
5976
5901
6025
5926
5927
5930
5931
5932
5933
5934
5935
5936
5937
5954
5955
5956
5957
5958
5959
5960
5961
5962
5963
5964
5965
5966
5967
5968
5969
5977
5978
5980
5981
5982
5998
5983
5984
5985
5986
5997
5987
5988
5994
5992
5999
6002
6022
6021
6024
6023
6026
6027
6028
6029
6030
6031
6032
6033
6034
6035
6036
6037
6038
6039
6040
6041
6042
6043
6044
6045
6046
6047
6048
6049
6064
6050
6051
6052
6053
6054
6055
6059
6056
6057
6058
6061
6060
6062
6063
6065
6066
6067
6068
6069
6070
6071
6072
6073
6074
6099
6100
6101
6102
6128
6122
6124
6125
6143
6146
6171
6147
6194
6119
6243
6144
6145
6148
6149
6150
6151
6152
6153
6154
6155
6172
6173
6174
6175
6176
6177
6178
6179
6180
6181
6182
6183
6184
6185
6186
6187
6195
6196
6198
6199
6200
6216
6201
6202
6203
6204
6215
6205
6206
6212
6210
6217
6220
6240
6239
6242
6241
6244
6245
6246
6247
6248
6249
6250
6251
6252
6253
6254
6255
6256
6257
6258
6259
6260
6261
6262
6263
6264
6265
6266
6267
6282
6268
6269
6270
6271
6272
6273
6277
6274
6275
6276
6279
6278
6280
6281
6283
6284
6285
6286
6287
6288
6289
6290
6291
6292
6317
6318
6319
6320
6346
6340
6342
6343
6361
6364
6389
6365
6412
6337
6461
6362
6363
6366
6367
6368
6369
6370
6371
6372
6373
6390
6391
6392
6393
6394
6395
6396
6397
6398
6399
6400
6401
6402
6403
6404
6405
6413
6414
6416
6417
6418
6434
6419
6420
6421
6422
6433
6423
6424
6430
6428
6435
6438
6458
6457
6460
6459
6462
6463
6464
6465
6466
6467
6468
6469
6470
6471
6472
6473
6474
6475
6476
6477
6478
6479
6480
6481
6482
6483
6484
6485
6500
6486
6487
6488
6489
6490
6491
6495
6492
6493
6494
6497
6496
6498
6499
6501
6502
6503
6504
6505
6506
6507
6508
6509
6510
6535
6536
6537
6538
6564
6558
6560
6561
6579
6582
6607
6583
6630
6555
6679
6580
6581
6584
6585
6586
6587
6588
6589
6590
6591
6608
6609
6610
6611
6612
6613
6614
6615
6616
6617
6618
6619
6620
6621
6622
6623
6631
6632
6634
6635
6636
6652
6637
6638
6639
6640
6651
6641
6642
6648
6646
6653
6656
6676
6675
6678
6677
6680
6681
6682
6683
6684
6685
6686
6687
6688
6689
6690
6691
6692
6693
6694
6695
6696
6697
6698
6699
6700
6701
6702
6703
6718
6704
6705
6706
6707
6708
6709
6713
6710
6711
6712
6715
6714
6716
6717
6719
6720
6721
6722
6723
6724
6725
6726
6727
6728
6753
6754
6755
6756
6782
6776
6778
6779
6797
6800
6825
6801
6848
6773
6897
6798
6799
6802
6803
6804
6805
6806
6807
6808
6809
6826
6827
6828
6829
6830
6831
6832
6833
6834
6835
6836
6837
6838
6839
6840
6841
6849
6850
6852
6853
6854
6870
6855
6856
6857
6858
6869
6859
6860
6866
6864
6871
6874
6894
6893
6896
6895
6898
6899
6900
6901
6902
6903
6904
6905
6906
6907
6908
6909
6910
6911
6912
6913
6914
6915
6916
6917
6918
6919
6920
6921
6936
6922
6923
6924
6925
6926
6927
6931
6928
6929
6930
6933
6932
6934
6935
6937
6938
6939
6940
6941
6942
6943
6944
6945
6946
6971
6972
6973
6974
7000
6994
6996
6997
7015
7018
7043
7019
7066
6991
7115
7016
7017
7020
7021
7022
7023
7024
7025
7026
7027
7044
7045
7046
7047
7048
7049
7050
7051
7052
7053
7054
7055
7056
7057
7058
7059
7067
7068
7070
7071
7072
7088
7073
7074
7075
7076
7087
7077
7078
7084
7082
7089
7092
7112
7111
7114
7113
7116
7117
7118
7119
7120
7121
7122
7123
7124
7125
7126
7127
7128
7129
7130
7131
7132
7133
7134
7135
7136
7137
7138
7139
7154
7140
7141
7142
7143
7144
7145
7149
7146
7147
7148
7151
7150
7152
7153
7155
7156
7157
7158
7159
7160
7161
7162
7163
7164
7189
7190
7191
7192
7218
7212
7214
7215
7233
7236
7261
7237
7284
7209
7333
7234
7235
7238
7239
7240
7241
7242
7243
7244
7245
7262
7263
7264
7265
7266
7267
7268
7269
7270
7271
7272
7273
7274
7275
7276
7277
7285
7286
7288
7289
7290
7306
7291
7292
7293
7294
7305
7295
7296
7302
7300
7307
7310
7330
7329
7332
7331
7334
7335
7336
7337
7338
7339
7340
7341
7342
7343
7344
7345
7346
7347
7348
7349
7350
7351
7352
7353
7354
7355
7356
7357
7372
7358
7359
7360
7361
7362
7363
7367
7364
7365
7366
7369
7368
7370
7371
7373
7374
7375
7376
7377
7378
7379
7380
7381
7382
7407
7408
7409
7410
7436
7430
7432
7433
7451
7454
7479
7455
7502
7427
7551
7452
7453
7456
7457
7458
7459
7460
7461
7462
7463
7480
7481
7482
7483
7484
7485
7486
7487
7488
7489
7490
7491
7492
7493
7494
7495
7503
7504
7506
7507
7508
7524
7509
7510
7511
7512
7523
7513
7514
7520
7518
7525
7528
7548
7547
7550
7549
7552
7553
7554
7555
7556
7557
7558
7559
7560
7561
7562
7563
7564
7565
7566
7567
7568
7569
7570
7571
7572
7573
7574
7575
7590
7576
7577
7578
7579
7580
7581
7585
7582
7583
7584
7587
7586
7588
7589
7591
7592
7593
7594
7595
7596
7597
7598
7599
7600
7625
7626
7627
7628
7654
7648
7650
7651
7669
7672
7697
7673
7720
7645
7769
7670
7671
7674
7675
7676
7677
7678
7679
7680
7681
7698
7699
7700
7701
7702
7703
7704
7705
7706
7707
7708
7709
7710
7711
7712
7713
7721
7722
7724
7725
7726
7742
7727
7728
7729
7730
7741
7731
7732
7738
7736
7743
7746
7766
7765
7768
7767
7770
7771
7772
7773
7774
7775
7776
7777
7778
7779
7780
7781
7782
7783
7784
7785
7786
7787
7788
7789
7790
7791
7792
7793
7808
7794
7795
7796
7797
7798
7799
7803
7800
7801
7802
7805
7804
7806
7807
7809
7810
7811
7812
7813
7814
7815
7816
7817
7818
7843
7844
7845
7846
7872
7866
7868
7869
7887
7890
7915
7891
7938
7863
7987
7888
7889
7892
7893
7894
7895
7896
7897
7898
7899
7916
7917
7918
7919
7920
7921
7922
7923
7924
7925
7926
7927
7928
7929
7930
7931
7939
7940
7942
7943
7944
7960
7945
7946
7947
7948
7959
7949
7950
7956
7954
7961
7964
7984
7983
7986
7985
7988
7989
7990
7991
7992
7993
7994
7995
7996
7997
7998
7999
8000
8001
8002
8003
8004
8005
8006
8007
8008
8009
8010
8011
8026
8012
8013
8014
8015
8016
8017
8021
8018
8019
8020
8023
8022
8024
8025
8027
8028
8029
8030
8031
8032
8033
8034
8035
8036
8061
8062
8063
8064
8090
8084
8086
8087
8105
8108
8133
8109
8156
8081
8205
8106
8107
8110
8111
8112
8113
8114
8115
8116
8117
8134
8135
8136
8137
8138
8139
8140
8141
8142
8143
8144
8145
8146
8147
8148
8149
8157
8158
8160
8161
8162
8178
8163
8164
8165
8166
8177
8167
8168
8174
8172
8179
8182
8202
8201
8204
8203
8206
8207
8208
8209
8210
8211
8212
8213
8214
8215
8216
8217
8218
8219
8220
8221
8222
8223
8224
8225
8226
8227
8228
8229
8244
8230
8231
8232
8233
8234
8235
8239
8236
8237
8238
8241
8240
8242
8243
8245
8246
8247
8248
8249
8250
8251
8252
8253
8254
8279
8280
8281
8282
8308
8302
8304
8305
8323
8326
8351
8327
8374
8299
8423
8324
8325
8328
8329
8330
8331
8332
8333
8334
8335
8352
8353
8354
8355
8356
8357
8358
8359
8360
8361
8362
8363
8364
8365
8366
8367
8375
8376
8378
8379
8380
8396
8381
8382
8383
8384
8395
8385
8386
8392
8390
8397
8400
8420
8419
8422
8421
8424
8425
8426
8427
8428
8429
8430
8431
8432
8433
8434
8435
8436
8437
8438
8439
8440
8441
8442
8443
8444
8445
8446
8447
8462
8448
8449
8450
8451
8452
8453
8457
8454
8455
8456
8459
8458
8460
8461
8463
8464
8465
8466
8467
8468
8469
8470
8471
8472
8497
8498
8499
8500
8526
8520
8522
8523
8541
8544
8569
8545
8592
8517
8641
8542
8543
8546
8547
8548
8549
8550
8551
8552
8553
8570
8571
8572
8573
8574
8575
8576
8577
8578
8579
8580
8581
8582
8583
8584
8585
8593
8594
8596
8597
8598
8614
8599
8600
8601
8602
8613
8603
8604
8610
8608
8615
8618
8638
8637
8640
8639
8642
8643
8644
8645
8646
8647
8648
8649
8650
8651
8652
8653
8654
8655
8656
8657
8658
8659
8660
8661
8662
8663
8664
8665
8680
8666
8667
8668
8669
8670
8671
8675
8672
8673
8674
8677
8676
8678
8679
8681
8682
8683
8684
8685
8686
8687
8688
8689
8690
8715
8716
8717
8718
8744
8738
8740
8741
8759
8762
8787
8763
8810
8735
8859
8760
8761
8764
8765
8766
8767
8768
8769
8770
8771
8788
8789
8790
8791
8792
8793
8794
8795
8796
8797
8798
8799
8800
8801
8802
8803
8811
8812
8814
8815
8816
8832
8817
8818
8819
8820
8831
8821
8822
8828
8826
8833
8836
8856
8855
8858
8857
8860
8861
8862
8863
8864
8865
8866
8867
8868
8869
8870
8871
8872
8873
8874
8875
8876
8877
8878
8879
8880
8881
8882
8883
8898
8884
8885
8886
8887
8888
8889
8893
8890
8891
8892
8895
8894
8896
8897
8899
8900
8901
8902
8903
8904
8905
8906
8907
8908
8933
8934
8935
8936
8962
8956
8958
8959
8977
8980
9005
8981
9028
8953
9077
8978
8979
8982
8983
8984
8985
8986
8987
8988
8989
9006
9007
9008
9009
9010
9011
9012
9013
9014
9015
9016
9017
9018
9019
9020
9021
9029
9030
9032
9033
9034
9050
9035
9036
9037
9038
9049
9039
9040
9046
9044
9051
9054
9074
9073
9076
9075
9078
9079
9080
9081
9082
9083
9084
9085
9086
9087
9088
9089
9090
9091
9092
9093
9094
9095
9096
9097
9098
9099
9100
9101
9116
9102
9103
9104
9105
9106
9107
9111
9108
9109
9110
9113
9112
9114
9115
9117
9118
9119
9120
9121
9122
9123
9124
9125
9126
9151
9152
9153
9154
9180
9174
9176
9177
9195
9198
9223
9199
9246
9171
9295
9196
9197
9200
9201
9202
9203
9204
9205
9206
9207
9224
9225
9226
9227
9228
9229
9230
9231
9232
9233
9234
9235
9236
9237
9238
9239
9247
9248
9250
9251
9252
9268
9253
9254
9255
9256
9267
9257
9258
9264
9262
9269
9272
9292
9291
9294
9293
9296
9297
9298
9299
9300
9301
9302
9303
9304
9305
9306
9307
9308
9309
9310
9311
9312
9313
9314
9315
9316
9317
9318
9319
9334
9320
9321
9322
9323
9324
9325
9329
9326
9327
9328
9331
9330
9332
9333
9335
9336
9337
9338
9339
9340
9341
9342
9343
9344
9369
9370
9371
9372
9398
9392
9394
9395
9413
9416
9441
9417
9464
9389
9513
9414
9415
9418
9419
9420
9421
9422
9423
9424
9425
9442
9443
9444
9445
9446
9447
9448
9449
9450
9451
9452
9453
9454
9455
9456
9457
9465
9466
9468
9469
9470
9486
9471
9472
9473
9474
9485
9475
9476
9482
9480
9487
9490
9510
9509
9512
9511
9514
9515
9516
9517
9518
9519
9520
9521
9522
9523
9524
9525
9526
9527
9528
9529
9530
9531
9532
9533
9534
9535
9536
9537
9552
9538
9539
9540
9541
9542
9543
9547
9544
9545
9546
9549
9548
9550
9551
9553
9554
9555
9556
9557
9558
9559
9560
9561
9562
9587
9588
9589
9590
9616
9610
9612
9613
9631
9634
9659
9635
9682
9607
9731
9632
9633
9636
9637
9638
9639
9640
9641
9642
9643
9660
9661
9662
9663
9664
9665
9666
9667
9668
9669
9670
9671
9672
9673
9674
9675
9683
9684
9686
9687
9688
9704
9689
9690
9691
9692
9703
9693
9694
9700
9698
9705
9708
9728
9727
9730
9729
9732
9733
9734
9735
9736
9737
9738
9739
9740
9741
9742
9743
9744
9745
9746
9747
9748
9749
9750
9751
9752
9753
9754
9755
9770
9756
9757
9758
9759
9760
9761
9765
9762
9763
9764
9767
9766
9768
9769
9771
9772
9773
9774
9775
9776
9777
9778
9779
9780
9805
9806
9807
9808
9834
9828
9830
9831
9849
9852
9877
9853
9900
9825
9949
9850
9851
9854
9855
9856
9857
9858
9859
9860
9861
9878
9879
9880
9881
9882
9883
9884
9885
9886
9887
9888
9889
9890
9891
9892
9893
9901
9902
9904
9905
9906
9922
9907
9908
9909
9910
9921
9911
9912
9918
9916
9923
9926
9946
9945
9948
9947
9950
9951
9952
9953
9954
9955
9956
9957
9958
9959
9960
9961
9962
9963
9964
9965
9966
9967
9968
9969
9970
9971
9972
9973
9988
9974
9975
9976
9977
9978
9979
9983
9980
9981
9982
9985
9984
9986
9987
9989
9990
9991
9992
9993
9994
9995
9996
9997
9998
10023
10024
10025
10026
10052
10046
10048
10049
10067
10070
10095
10071
10118
10043
10167
10068
10069
10072
10073
10074
10075
10076
10077
10078
10079
10096
10097
10098
10099
10100
10101
10102
10103
10104
10105
10106
10107
10108
10109
10110
10111
10119
10120
10122
10123
10124
10140
10125
10126
10127
10128
10139
10129
10130
10136
10134
10141
10144
10164
10163
10166
10165
10168
10169
10170
10171
10172
10173
10174
10175
10176
10177
10178
10179
10180
10181
10182
10183
10184
10185
10186
10187
10188
10189
10190
10191
10206
10192
10193
10194
10195
10196
10197
10201
10198
10199
10200
10203
10202
10204
10205
10207
10208
10209
10210
10211
10212
10213
10214
10215
10216
10241
10242
10243
10244
10270
10264
10266
10267
10285
10288
10313
10289
10336
10261
10385
10286
10287
10290
10291
10292
10293
10294
10295
10296
10297
10314
10315
10316
10317
10318
10319
10320
10321
10322
10323
10324
10325
10326
10327
10328
10329
10337
10338
10340
10341
10342
10358
10343
10344
10345
10346
10357
10347
10348
10354
10352
10359
10362
10382
10381
10384
10383
10386
10387
10388
10389
10390
10391
10392
10393
10394
10395
10396
10397
10398
10399
10400
10401
10402
10403
10404
10405
10406
10407
10408
10409
10424
10410
10411
10412
10413
10414
10415
10419
10416
10417
10418
10421
10420
10422
10423
10425
10426
10427
10428
10429
10430
10431
10432
10433
10434
10459
10460
10461
10462
10488
10482
10484
10485
10503
10506
10531
10507
10554
10479
10603
10504
10505
10508
10509
10510
10511
10512
10513
10514
10515
10532
10533
10534
10535
10536
10537
10538
10539
10540
10541
10542
10543
10544
10545
10546
10547
10555
10556
10558
10559
10560
10576
10561
10562
10563
10564
10575
10565
10566
10572
10570
10577
10580
10600
10599
10602
10601
10604
10605
10606
10607
10608
10609
10610
10611
10612
10613
10614
10615
10616
10617
10618
10619
10620
10621
10622
10623
10624
10625
10626
10627
10642
10628
10629
10630
10631
10632
10633
10637
10634
10635
10636
10639
10638
10640
10641
10643
10644
10645
10646
10647
10648
10649
10650
10651
10652
10677
10678
10679
10680
10706
10700
10702
10703
10721
10724
10749
10725
10772
10697
10821
10722
10723
10726
10727
10728
10729
10730
10731
10732
10733
10750
10751
10752
10753
10754
10755
10756
10757
10758
10759
10760
10761
10762
10763
10764
10765
10773
10774
10776
10777
10778
10794
10779
10780
10781
10782
10793
10783
10784
10790
10788
10795
10798
10818
10817
10820
10819
10822
10823
10824
10825
10826
10827
10828
10829
10830
10831
10832
10833
10834
10835
10836
10837
10838
10839
10840
10841
10842
10843
10844
10845
10860
10846
10847
10848
10849
10850
10851
10855
10852
10853
10854
10857
10856
10858
10859
10861
10862
10863
10864
10865
10866
10867
10868
10869
10870
10895
10896
10897
10898
10924
10918
10920
10921
10939
10942
10967
10943
10990
10915
11039
10940
10941
10944
10945
10946
10947
10948
10949
10950
10951
10968
10969
10970
10971
10972
10973
10974
10975
10976
10977
10978
10979
10980
10981
10982
10983
10991
10992
10994
10995
10996
11012
10997
10998
10999
11000
11011
11001
11002
11008
11006
11013
11016
11036
11035
11038
11037
11040
11041
11042
11043
11044
11045
11046
11047
11048
11049
11050
11051
11052
11053
11054
11055
11056
11057
11058
11059
11060
11061
11062
11063
11078
11064
11065
11066
11067
11068
11069
11073
11070
11071
11072
11075
11074
11076
11077
11079
11080
11081
11082
11083
11084
11085
11086
11087
11088
11113
11114
11115
11116
11142
11136
11138
11139
11157
11160
11185
11161
11208
11133
11257
11158
11159
11162
11163
11164
11165
11166
11167
11168
11169
11186
11187
11188
11189
11190
11191
11192
11193
11194
11195
11196
11197
11198
11199
11200
11201
11209
11210
11212
11213
11214
11230
11215
11216
11217
11218
11229
11219
11220
11226
11224
11231
11234
11254
11253
11256
11255
11258
11259
11260
11261
11262
11263
11264
11265
11266
11267
11268
11269
11270
11271
11272
11273
11274
11275
11276
11277
11278
11279
11280
11281
11296
11282
11283
11284
11285
11286
11287
11291
11288
11289
11290
11293
11292
11294
11295
11297
11298
11299
11300
11301
11302
11303
11304
11305
11306
11331
11332
11333
11334
11360
11354
11356
11357
11375
11378
11403
11379
11426
11351
11475
11376
11377
11380
11381
11382
11383
11384
11385
11386
11387
11404
11405
11406
11407
11408
11409
11410
11411
11412
11413
11414
11415
11416
11417
11418
11419
11427
11428
11430
11431
11432
11448
11433
11434
11435
11436
11447
11437
11438
11444
11442
11449
11452
11472
11471
11474
11473
11476
11477
11478
11479
11480
11481
11482
11483
11484
11485
11486
11487
11488
11489
11490
11491
11492
11493
11494
11495
11496
11497
11498
11499
11514
11500
11501
11502
11503
11504
11505
11509
11506
11507
11508
11511
11510
11512
11513
11515
11516
11517
11518
11519
11520
11521
11522
11523
11524
11549
11550
11551
11552
11578
11572
11574
11575
11593
11596
11621
11597
11644
11569
11693
11594
11595
11598
11599
11600
11601
11602
11603
11604
11605
11622
11623
11624
11625
11626
11627
11628
11629
11630
11631
11632
11633
11634
11635
11636
11637
11645
11646
11648
11649
11650
11666
11651
11652
11653
11654
11665
11655
11656
11662
11660
11667
11670
11690
11689
11692
11691
11694
11695
11696
11697
11698
11699
11700
11701
11702
11703
11704
11705
11706
11707
11708
11709
11710
11711
11712
11713
11714
11715
11716
11717
11732
11718
11719
11720
11721
11722
11723
11727
11724
11725
11726
11729
11728
11730
11731
11733
11734
11735
11736
11737
11738
11739
11740
11741
11742
11767
11768
11769
11770
11796
11790
11792
11793
11811
11814
11839
11815
11862
11787
11911
11812
11813
11816
11817
11818
11819
11820
11821
11822
11823
11840
11841
11842
11843
11844
11845
11846
11847
11848
11849
11850
11851
11852
11853
11854
11855
11863
11864
11866
11867
11868
11884
11869
11870
11871
11872
11883
11873
11874
11880
11878
11885
11888
11908
11907
11910
11909
11912
11913
11914
11915
11916
11917
11918
11919
11920
11921
11922
11923
11924
11925
11926
11927
11928
11929
11930
11931
11932
11933
11934
11935
11950
11936
11937
11938
11939
11940
11941
11945
11942
11943
11944
11947
11946
11948
11949
11951
11952
11953
11954
11955
11956
11957
11958
11959
11960
11985
11986
11987
11988
12014
12008
12010
12011
12029
12032
12057
12033
12080
12005
12129
12030
12031
12034
12035
12036
12037
12038
12039
12040
12041
12058
12059
12060
12061
12062
12063
12064
12065
12066
12067
12068
12069
12070
12071
12072
12073
12081
12082
12084
12085
12086
12102
12087
12088
12089
12090
12101
12091
12092
12098
12096
12103
12106
12126
12125
12128
12127
12130
12131
12132
12133
12134
12135
12136
12137
12138
12139
12140
12141
12142
12143
12144
12145
12146
12147
12148
12149
12150
12151
12152
12153
12168
12154
12155
12156
12157
12158
12159
12163
12160
12161
12162
12165
12164
12166
12167
12169
12170
12171
12172
12173
12174
12175
12176
12177
12178
12203
12204
12205
12206
12232
12226
12228
12229
12247
12250
12275
12251
12298
12223
12347
12248
12249
12252
12253
12254
12255
12256
12257
12258
12259
12276
12277
12278
12279
12280
12281
12282
12283
12284
12285
12286
12287
12288
12289
12290
12291
12299
12300
12302
12303
12304
12320
12305
12306
12307
12308
12319
12309
12310
12316
12314
12321
12324
12344
12343
12346
12345
12348
12349
12350
12351
12352
12353
12354
12355
12356
12357
12358
12359
12360
12361
12362
12363
12364
12365
12366
12367
12368
12369
12370
12371
12386
12372
12373
12374
12375
12376
12377
12381
12378
12379
12380
12383
12382
12384
12385
12387
12388
12389
12390
12391
12392
12393
12394
12395
12396
12421
12422
12423
12424
12450
12444
12446
12447
12465
12468
12493
12469
12516
12441
12565
12466
12467
12470
12471
12472
12473
12474
12475
12476
12477
12494
12495
12496
12497
12498
12499
12500
12501
12502
12503
12504
12505
12506
12507
12508
12509
12517
12518
12520
12521
12522
12538
12523
12524
12525
12526
12537
12527
12528
12534
12532
12539
12542
12562
12561
12564
12563
12566
12567
12568
12569
12570
12571
12572
12573
12574
12575
12576
12577
12578
12579
12580
12581
12582
12583
12584
12585
12586
12587
12588
12589
12604
12590
12591
12592
12593
12594
12595
12599
12596
12597
12598
12601
12600
12602
12603
12605
12606
12607
12608
12609
12610
12611
12612
12613
12614
12639
12640
12641
12642
12668
12662
12664
12665
12683
12686
12711
12687
12734
12659
12783
12684
12685
12688
12689
12690
12691
12692
12693
12694
12695
12712
12713
12714
12715
12716
12717
12718
12719
12720
12721
12722
12723
12724
12725
12726
12727
12735
12736
12738
12739
12740
12756
12741
12742
12743
12744
12755
12745
12746
12752
12750
12757
12760
12780
12779
12782
12781
12784
12785
12786
12787
12788
12789
12790
12791
12792
12793
12794
12795
12796
12797
12798
12799
12800
12801
12802
12803
12804
12805
12806
12807
12822
12808
12809
12810
12811
12812
12813
12817
12814
12815
12816
12819
12818
12820
12821
12823
12824
12825
12826
12827
12828
12829
12830
12831
12832
12857
12858
12859
12860
12886
12880
12882
12883
12901
12904
12929
12905
12952
12877
13001
12902
12903
12906
12907
12908
12909
12910
12911
12912
12913
12930
12931
12932
12933
12934
12935
12936
12937
12938
12939
12940
12941
12942
12943
12944
12945
12953
12954
12956
12957
12958
12974
12959
12960
12961
12962
12973
12963
12964
12970
12968
12975
12978
12998
12997
13000
12999
13002
13003
13004
13005
13006
13007
13008
13009
13010
13011
13012
13013
13014
13015
13016
13017
13018
13019
13020
13021
13022
13023
13024
13025
13040
13026
13027
13028
13029
13030
13031
13035
13032
13033
13034
13037
13036
13038
13039
13041
13042
13043
13044
13045
13046
13047
13048
13049
13050
13075
13076
13077
13078
13104
13098
13100
13101
13119
13122
13147
13123
13170
13095
13219
13120
13121
13124
13125
13126
13127
13128
13129
13130
13131
13148
13149
13150
13151
13152
13153
13154
13155
13156
13157
13158
13159
13160
13161
13162
13163
13171
13172
13174
13175
13176
13192
13177
13178
13179
13180
13191
13181
13182
13188
13186
13193
13196
13216
13215
13218
13217
13220
13221
13222
13223
13224
13225
13226
13227
13228
13229
13230
13231
13232
13233
13234
13235
13236
13237
13238
13239
13240
13241
13242
13243
13258
13244
13245
13246
13247
13248
13249
13253
13250
13251
13252
13255
13254
13256
13257
13259
13260
13261
13262
13263
13264
13265
13266
13267
13268
13293
13294
13295
13296
13322
13316
13318
13319
13337
13340
13365
13341
13388
13313
13437
13338
13339
13342
13343
13344
13345
13346
13347
13348
13349
13366
13367
13368
13369
13370
13371
13372
13373
13374
13375
13376
13377
13378
13379
13380
13381
13389
13390
13392
13393
13394
13410
13395
13396
13397
13398
13409
13399
13400
13406
13404
13411
13414
13434
13433
13436
13435
13438
13439
13440
13441
13442
13443
13444
13445
13446
13447
13448
13449
13450
13451
13452
13453
13454
13455
13456
13457
13458
13459
13460
13461
13476
13462
13463
13464
13465
13466
13467
13471
13468
13469
13470
13473
13472
13474
13475
13477
13478
13479
13480
13481
13482
13483
13484
13485
13486
13511
13512
13513
13514
13540
13534
13536
13537
13555
13558
13583
13559
13606
13531
13655
13556
13557
13560
13561
13562
13563
13564
13565
13566
13567
13584
13585
13586
13587
13588
13589
13590
13591
13592
13593
13594
13595
13596
13597
13598
13599
13607
13608
13610
13611
13612
13628
13613
13614
13615
13616
13627
13617
13618
13624
13622
13629
13632
13652
13651
13654
13653
13656
13657
13658
13659
13660
13661
13662
13663
13664
13665
13666
13667
13668
13669
13670
13671
13672
13673
13674
13675
13676
13677
13678
13679
13694
13680
13681
13682
13683
13684
13685
13689
13686
13687
13688
13691
13690
13692
13693
13695
13696
13697
13698
13699
13700
13701
13702
13703
13704
13729
13730
13731
13732
13758
13752
13754
13755
13773
13776
13801
13777
13824
13749
13873
13774
13775
13778
13779
13780
13781
13782
13783
13784
13785
13802
13803
13804
13805
13806
13807
13808
13809
13810
13811
13812
13813
13814
13815
13816
13817
13825
13826
13828
13829
13830
13846
13831
13832
13833
13834
13845
13835
13836
13842
13840
13847
13850
13870
13869
13872
13871
13874
13875
13876
13877
13878
13879
13880
13881
13882
13883
13884
13885
13886
13887
13888
13889
13890
13891
13892
13893
13894
13895
13896
13897
13912
13898
13899
13900
13901
13902
13903
13907
13904
13905
13906
13909
13908
13910
13911
13913
13914
13915
13916
13917
13918
13919
13920
13921
13922
13947
13948
13949
13950
13976
13970
13972
13973
13991
13994
14019
13995
14042
13967
14091
13992
13993
13996
13997
13998
13999
14000
14001
14002
14003
14020
14021
14022
14023
14024
14025
14026
14027
14028
14029
14030
14031
14032
14033
14034
14035
14043
14044
14046
14047
14048
14064
14049
14050
14051
14052
14063
14053
14054
14060
14058
14065
14068
14088
14087
14090
14089
14092
14093
14094
14095
14096
14097
14098
14099
14100
14101
14102
14103
14104
14105
14106
14107
14108
14109
14110
14111
14112
14113
14114
14115
14130
14116
14117
14118
14119
14120
14121
14125
14122
14123
14124
14127
14126
14128
14129
14131
14132
14133
14134
14135
14136
14137
14138
14139
14140
14165
14166
14167
14168
14194
14188
14190
14191
14209
14212
14237
14213
14260
14185
14309
14210
14211
14214
14215
14216
14217
14218
14219
14220
14221
14238
14239
14240
14241
14242
14243
14244
14245
14246
14247
14248
14249
14250
14251
14252
14253
14261
14262
14264
14265
14266
14282
14267
14268
14269
14270
14281
14271
14272
14278
14276
14283
14286
14306
14305
14308
14307
14310
14311
14312
14313
14314
14315
14316
14317
14318
14319
14320
14321
14322
14323
14324
14325
14326
14327
14328
14329
14330
14331
14332
14333
14348
14334
14335
14336
14337
14338
14339
14343
14340
14341
14342
14345
14344
14346
14347
14349
14350
14351
14352
14353
14354
14355
14356
14357
14358
14383
14384
14385
14386
14412
14406
14408
14409
14427
14430
14455
14431
14478
14403
14527
14428
14429
14432
14433
14434
14435
14436
14437
14438
14439
14456
14457
14458
14459
14460
14461
14462
14463
14464
14465
14466
14467
14468
14469
14470
14471
14479
14480
14482
14483
14484
14500
14485
14486
14487
14488
14499
14489
14490
14496
14494
14501
14504
14524
14523
14526
14525
14528
14529
14530
14531
14532
14533
14534
14535
14536
14537
14538
14539
14540
14541
14542
14543
14544
14545
14546
14547
14548
14549
14550
14551
14566
14552
14553
14554
14555
14556
14557
14561
14558
14559
14560
14563
14562
14564
14565
14567
14568
14569
14570
14571
14572
14573
14574
14575
14576
14601
14602
14603
14604
14630
14624
14626
14627
14645
14648
14673
14649
14696
14621
14745
14646
14647
14650
14651
14652
14653
14654
14655
14656
14657
14674
14675
14676
14677
14678
14679
14680
14681
14682
14683
14684
14685
14686
14687
14688
14689
14697
14698
14700
14701
14702
14718
14703
14704
14705
14706
14717
14707
14708
14714
14712
14719
14722
14742
14741
14744
14743
14746
14747
14748
14749
14750
14751
14752
14753
14754
14755
14756
14757
14758
14759
14760
14761
14762
14763
14764
14765
14766
14767
14768
14769
14784
14770
14771
14772
14773
14774
14775
14779
14776
14777
14778
14781
14780
14782
14783
14785
14786
14787
14788
14789
14790
14791
14792
14793
14794
14819
14820
14821
14822
14848
14842
14844
14845
14863
14866
14891
14867
14914
14839
14963
14864
14865
14868
14869
14870
14871
14872
14873
14874
14875
14892
14893
14894
14895
14896
14897
14898
14899
14900
14901
14902
14903
14904
14905
14906
14907
14915
14916
14918
14919
14920
14936
14921
14922
14923
14924
14935
14925
14926
14932
14930
14937
14940
14960
14959
14962
14961
14964
14965
14966
14967
14968
14969
14970
14971
14972
14973
14974
14975
14976
14977
14978
14979
14980
14981
14982
14983
14984
14985
14986
14987
15002
14988
14989
14990
14991
14992
14993
14997
14994
14995
14996
14999
14998
15000
15001
15003
15004
15005
15006
15007
15008
15009
15010
15011
15012
15037
15038
15039
15040
15066
15060
15062
15063
15081
15084
15109
15085
15132
15057
15181
15082
15083
15086
15087
15088
15089
15090
15091
15092
15093
15110
15111
15112
15113
15114
15115
15116
15117
15118
15119
15120
15121
15122
15123
15124
15125
15133
15134
15136
15137
15138
15154
15139
15140
15141
15142
15153
15143
15144
15150
15148
15155
15158
15178
15177
15180
15179
15182
15183
15184
15185
15186
15187
15188
15189
15190
15191
15192
15193
15194
15195
15196
15197
15198
15199
15200
15201
15202
15203
15204
15205
15220
15206
15207
15208
15209
15210
15211
15215
15212
15213
15214
15217
15216
15218
15219
15221
15222
15223
15224
15225
15226
15227
15228
15229
15230
15255
15256
15257
15258
15284
15278
15280
15281
15299
15302
15327
15303
15350
15275
15399
15300
15301
15304
15305
15306
15307
15308
15309
15310
15311
15328
15329
15330
15331
15332
15333
15334
15335
15336
15337
15338
15339
15340
15341
15342
15343
15351
15352
15354
15355
15356
15372
15357
15358
15359
15360
15371
15361
15362
15368
15366
15373
15376
15396
15395
15398
15397
15400
15401
15402
15403
15404
15405
15406
15407
15408
15409
15410
15411
15412
15413
15414
15415
15416
15417
15418
15419
15420
15421
15422
15423
15438
15424
15425
15426
15427
15428
15429
15433
15430
15431
15432
15435
15434
15436
15437
15439
15440
15441
15442
15443
15444
15445
15446
15447
15448
15473
15474
15475
15476
15502
15496
15498
15499
15517
15520
15545
15521
15568
15493
15617
15518
15519
15522
15523
15524
15525
15526
15527
15528
15529
15546
15547
15548
15549
15550
15551
15552
15553
15554
15555
15556
15557
15558
15559
15560
15561
15569
15570
15572
15573
15574
15590
15575
15576
15577
15578
15589
15579
15580
15586
15584
15591
15594
15614
15613
15616
15615
15618
15619
15620
15621
15622
15623
15624
15625
15626
15627
15628
15629
15630
15631
15632
15633
15634
15635
15636
15637
15638
15639
15640
15641
15656
15642
15643
15644
15645
15646
15647
15651
15648
15649
15650
15653
15652
15654
15655
15657
15658
15659
15660
15661
15662
15663
15664
15665
15666
15691
15692
15693
15694
15720
15714
15716
15717
15735
15738
15763
15739
15786
15711
15835
15736
15737
15740
15741
15742
15743
15744
15745
15746
15747
15764
15765
15766
15767
15768
15769
15770
15771
15772
15773
15774
15775
15776
15777
15778
15779
15787
15788
15790
15791
15792
15808
15793
15794
15795
15796
15807
15797
15798
15804
15802
15809
15812
15832
15831
15834
15833
15836
15837
15838
15839
15840
15841
15842
15843
15844
15845
15846
15847
15848
15849
15850
15851
15852
15853
15854
15855
15856
15857
15858
15859
15874
15860
15861
15862
15863
15864
15865
15869
15866
15867
15868
15871
15870
15872
15873
15875
15876
15877
15878
15879
15880
15881
15882
15883
15884
15909
15910
15911
15912
15938
15932
15934
15935
15953
15956
15981
15957
16004
15929
16053
15954
15955
15958
15959
15960
15961
15962
15963
15964
15965
15982
15983
15984
15985
15986
15987
15988
15989
15990
15991
15992
15993
15994
15995
15996
15997
16005
16006
16008
16009
16010
16026
16011
16012
16013
16014
16025
16015
16016
16022
16020
16027
16030
16050
16049
16052
16051
16054
16055
16056
16057
16058
16059
16060
16061
16062
16063
16064
16065
16066
16067
16068
16069
16070
16071
16072
16073
16074
16075
16076
16077
16092
16078
16079
16080
16081
16082
16083
16087
16084
16085
16086
16089
16088
16090
16091
16093
16094
16095
16096
16097
16098
16099
16100
16101
16102
16127
16128
16129
16130
16156
16150
16152
16153
16171
16174
16199
16175
16222
16147
16271
16172
16173
16176
16177
16178
16179
16180
16181
16182
16183
16200
16201
16202
16203
16204
16205
16206
16207
16208
16209
16210
16211
16212
16213
16214
16215
16223
16224
16226
16227
16228
16244
16229
16230
16231
16232
16243
16233
16234
16240
16238
16245
16248
16268
16267
16270
16269
16272
16273
16274
16275
16276
16277
16278
16279
16280
16281
16282
16283
16284
16285
16286
16287
16288
16289
16290
16291
16292
16293
16294
16295
16310
16296
16297
16298
16299
16300
16301
16305
16302
16303
16304
16307
16306
16308
16309
16311
16312
16313
16314
16315
16316
16317
16318
16319
16320
16345
16346
16347
16348
16374
16368
16370
16371
16389
16392
16417
16393
16440
16365
16489
16390
16391
16394
16395
16396
16397
16398
16399
16400
16401
16418
16419
16420
16421
16422
16423
16424
16425
16426
16427
16428
16429
16430
16431
16432
16433
16441
16442
16444
16445
16446
16462
16447
16448
16449
16450
16461
16451
16452
16458
16456
16463
16466
16486
16485
16488
16487
16490
16491
16492
16493
16494
16495
16496
16497
16498
16499
16500
16501
16502
16503
16504
16505
16506
16507
16508
16509
16510
16511
16512
16513
16528
16514
16515
16516
16517
16518
16519
16523
16520
16521
16522
16525
16524
16526
16527
16529
16530
16531
16532
16533
16534
16535
16536
16537
16538
16563
16564
16565
16566
16592
16586
16588
16589
16607
16610
16635
16611
16658
16583
16707
16608
16609
16612
16613
16614
16615
16616
16617
16618
16619
16636
16637
16638
16639
16640
16641
16642
16643
16644
16645
16646
16647
16648
16649
16650
16651
16659
16660
16662
16663
16664
16680
16665
16666
16667
16668
16679
16669
16670
16676
16674
16681
16684
16704
16703
16706
16705
16708
16709
16710
16711
16712
16713
16714
16715
16716
16717
16718
16719
16720
16721
16722
16723
16724
16725
16726
16727
16728
16729
16730
16731
16746
16732
16733
16734
16735
16736
16737
16741
16738
16739
16740
16743
16742
16744
16745
16747
16748
16749
16750
16751
16752
16753
16754
16755
16756
16781
16782
16783
16784
16810
16804
16806
16807
16825
16828
16853
16829
16876
16801
16925
16826
16827
16830
16831
16832
16833
16834
16835
16836
16837
16854
16855
16856
16857
16858
16859
16860
16861
16862
16863
16864
16865
16866
16867
16868
16869
16877
16878
16880
16881
16882
16898
16883
16884
16885
16886
16897
16887
16888
16894
16892
16899
16902
16922
16921
16924
16923
16926
16927
16928
16929
16930
16931
16932
16933
16934
16935
16936
16937
16938
16939
16940
16941
16942
16943
16944
16945
16946
16947
16948
16949
16964
16950
16951
16952
16953
16954
16955
16959
16956
16957
16958
16961
16960
16962
16963
16965
16966
16967
16968
16969
16970
16971
16972
16973
16974
16999
17000
17001
17002
17028
17022
17024
17025
17043
17046
17071
17047
17094
17019
17143
17044
17045
17048
17049
17050
17051
17052
17053
17054
17055
17072
17073
17074
17075
17076
17077
17078
17079
17080
17081
17082
17083
17084
17085
17086
17087
17095
17096
17098
17099
17100
17116
17101
17102
17103
17104
17115
17105
17106
17112
17110
17117
17120
17140
17139
17142
17141
17144
17145
17146
17147
17148
17149
17150
17151
17152
17153
17154
17155
17156
17157
17158
17159
17160
17161
17162
17163
17164
17165
17166
17167
17182
17168
17169
17170
17171
17172
17173
17177
17174
17175
17176
17179
17178
17180
17181
17183
17184
17185
17186
17187
17188
17189
17190
17191
17192
17217
17218
17219
17220
17246
17240
17242
17243
17261
17264
17289
17265
17312
17237
17361
17262
17263
17266
17267
17268
17269
17270
17271
17272
17273
17290
17291
17292
17293
17294
17295
17296
17297
17298
17299
17300
17301
17302
17303
17304
17305
17313
17314
17316
17317
17318
17334
17319
17320
17321
17322
17333
17323
17324
17330
17328
17335
17338
17358
17357
17360
17359
17362
17363
17364
17365
17366
17367
17368
17369
17370
17371
17372
17373
17374
17375
17376
17377
17378
17379
17380
17381
17382
17383
17384
17385
17400
17386
17387
17388
17389
17390
17391
17395
17392
17393
17394
17397
17396
17398
17399
17401
17402
17403
17404
17405
17406
17407
17408
17409
17410
17435
17436
17437
17438
17464
17458
17460
17461
17479
17482
17507
17483
17530
17455
17579
17480
17481
17484
17485
17486
17487
17488
17489
17490
17491
17508
17509
17510
17511
17512
17513
17514
17515
17516
17517
17518
17519
17520
17521
17522
17523
17531
17532
17534
17535
17536
17552
17537
17538
17539
17540
17551
17541
17542
17548
17546
17553
17556
17576
17575
17578
17577
17580
17581
17582
17583
17584
17585
17586
17587
17588
17589
17590
17591
17592
17593
17594
17595
17596
17597
17598
17599
17600
17601
17602
17603
17618
17604
17605
17606
17607
17608
17609
17613
17610
17611
17612
17615
17614
17616
17617
17619
17620
17621
17622
17623
17624
17625
17626
17627
17628
17653
17654
17655
17656
17682
17676
17678
17679
17697
17700
17725
17701
17748
17673
17797
17698
17699
17702
17703
17704
17705
17706
17707
17708
17709
17726
17727
17728
17729
17730
17731
17732
17733
17734
17735
17736
17737
17738
17739
17740
17741
17749
17750
17752
17753
17754
17770
17755
17756
17757
17758
17769
17759
17760
17766
17764
17771
17774
17794
17793
17796
17795
17798
17799
17800
17801
17802
17803
17804
17805
17806
17807
17808
17809
17810
17811
17812
17813
17814
17815
17816
17817
17818
17819
17820
17821
17836
17822
17823
17824
17825
17826
17827
17831
17828
17829
17830
17833
17832
17834
17835
17837
17838
17839
17840
17841
17842
17843
17844
17845
17846
17871
17872
17873
17874
17900
17894
17896
17897
17915
17918
17943
17919
17966
17891
18015
17916
17917
17920
17921
17922
17923
17924
17925
17926
17927
17944
17945
17946
17947
17948
17949
17950
17951
17952
17953
17954
17955
17956
17957
17958
17959
17967
17968
17970
17971
17972
17988
17973
17974
17975
17976
17987
17977
17978
17984
17982
17989
17992
18012
18011
18014
18013
18016
18017
18018
18019
18020
18021
18022
18023
18024
18025
18026
18027
18028
18029
18030
18031
18032
18033
18034
18035
18036
18037
18038
18039
18054
18040
18041
18042
18043
18044
18045
18049
18046
18047
18048
18051
18050
18052
18053
18055
18056
18057
18058
18059
18060
18061
18062
18063
18064
18089
18090
18091
18092
18118
18112
18114
18115
18133
18136
18161
18137
18184
18109
18233
18134
18135
18138
18139
18140
18141
18142
18143
18144
18145
18162
18163
18164
18165
18166
18167
18168
18169
18170
18171
18172
18173
18174
18175
18176
18177
18185
18186
18188
18189
18190
18206
18191
18192
18193
18194
18205
18195
18196
18202
18200
18207
18210
18230
18229
18232
18231
18234
18235
18236
18237
18238
18239
18240
18241
18242
18243
18244
18245
18246
18247
18248
18249
18250
18251
18252
18253
18254
18255
18256
18257
18272
18258
18259
18260
18261
18262
18263
18267
18264
18265
18266
18269
18268
18270
18271
18273
18274
18275
18276
18277
18278
18279
18280
18281
18282
18307
18308
18309
18310
18336
18330
18332
18333
18351
18354
18379
18355
18402
18327
18451
18352
18353
18356
18357
18358
18359
18360
18361
18362
18363
18380
18381
18382
18383
18384
18385
18386
18387
18388
18389
18390
18391
18392
18393
18394
18395
18403
18404
18406
18407
18408
18424
18409
18410
18411
18412
18423
18413
18414
18420
18418
18425
18428
18448
18447
18450
18449
18452
18453
18454
18455
18456
18457
18458
18459
18460
18461
18462
18463
18464
18465
18466
18467
18468
18469
18470
18471
18472
18473
18474
18475
18490
18476
18477
18478
18479
18480
18481
18485
18482
18483
18484
18487
18486
18488
18489
18491
18492
18493
18494
18495
18496
18497
18498
18499
18500
18525
18526
18527
18528
18554
18548
18550
18551
18569
18572
18597
18573
18620
18545
18669
18570
18571
18574
18575
18576
18577
18578
18579
18580
18581
18598
18599
18600
18601
18602
18603
18604
18605
18606
18607
18608
18609
18610
18611
18612
18613
18621
18622
18624
18625
18626
18642
18627
18628
18629
18630
18641
18631
18632
18638
18636
18643
18646
18666
18665
18668
18667
18670
18671
18672
18673
18674
18675
18676
18677
18678
18679
18680
18681
18682
18683
18684
18685
18686
18687
18688
18689
18690
18691
18692
18693
18708
18694
18695
18696
18697
18698
18699
18703
18700
18701
18702
18705
18704
18706
18707
18709
18710
18711
18712
18713
18714
18715
18716
18717
18718
18743
18744
18745
18746
18772
18766
18768
18769
18787
18790
18815
18791
18838
18763
18887
18788
18789
18792
18793
18794
18795
18796
18797
18798
18799
18816
18817
18818
18819
18820
18821
18822
18823
18824
18825
18826
18827
18828
18829
18830
18831
18839
18840
18842
18843
18844
18860
18845
18846
18847
18848
18859
18849
18850
18856
18854
18861
18864
18884
18883
18886
18885
18888
18889
18890
18891
18892
18893
18894
18895
18896
18897
18898
18899
18900
18901
18902
18903
18904
18905
18906
18907
18908
18909
18910
18911
18926
18912
18913
18914
18915
18916
18917
18921
18918
18919
18920
18923
18922
18924
18925
18927
18928
18929
18930
18931
18932
18933
18934
18935
18936
18961
18962
18963
18964
18990
18984
18986
18987
19005
19008
19033
19009
19056
18981
19105
19006
19007
19010
19011
19012
19013
19014
19015
19016
19017
19034
19035
19036
19037
19038
19039
19040
19041
19042
19043
19044
19045
19046
19047
19048
19049
19057
19058
19060
19061
19062
19078
19063
19064
19065
19066
19077
19067
19068
19074
19072
19079
19082
19102
19101
19104
19103
19106
19107
19108
19109
19110
19111
19112
19113
19114
19115
19116
19117
19118
19119
19120
19121
19122
19123
19124
19125
19126
19127
19128
19129
19144
19130
19131
19132
19133
19134
19135
19139
19136
19137
19138
19141
19140
19142
19143
19145
19146
19147
19148
19149
19150
19151
19152
19153
19154
19179
19180
19181
19182
19208
19202
19204
19205
19223
19226
19251
19227
19274
19199
19323
19224
19225
19228
19229
19230
19231
19232
19233
19234
19235
19252
19253
19254
19255
19256
19257
19258
19259
19260
19261
19262
19263
19264
19265
19266
19267
19275
19276
19278
19279
19280
19296
19281
19282
19283
19284
19295
19285
19286
19292
19290
19297
19300
19320
19319
19322
19321
19324
19325
19326
19327
19328
19329
19330
19331
19332
19333
19334
19335
19336
19337
19338
19339
19340
19341
19342
19343
19344
19345
19346
19347
19362
19348
19349
19350
19351
19352
19353
19357
19354
19355
19356
19359
19358
19360
19361
19363
19364
19365
19366
19367
19368
19369
19370
19371
19372
19397
19398
19399
19400
19426
19420
19422
19423
19441
19444
19469
19445
19492
19417
19541
19442
19443
19446
19447
19448
19449
19450
19451
19452
19453
19470
19471
19472
19473
19474
19475
19476
19477
19478
19479
19480
19481
19482
19483
19484
19485
19493
19494
19496
19497
19498
19514
19499
19500
19501
19502
19513
19503
19504
19510
19508
19515
19518
19538
19537
19540
19539
19542
19543
19544
19545
19546
19547
19548
19549
19550
19551
19552
19553
19554
19555
19556
19557
19558
19559
19560
19561
19562
19563
19564
19565
19580
19566
19567
19568
19569
19570
19571
19575
19572
19573
19574
19577
19576
19578
19579
19581
19582
19583
19584
19585
19586
19587
19588
19589
19590
19615
19616
19617
19618
19644
19638
19640
19641
19659
19662
19687
19663
19710
19635
19759
19660
19661
19664
19665
19666
19667
19668
19669
19670
19671
19688
19689
19690
19691
19692
19693
19694
19695
19696
19697
19698
19699
19700
19701
19702
19703
19711
19712
19714
19715
19716
19732
19717
19718
19719
19720
19731
19721
19722
19728
19726
19733
19736
19756
19755
19758
19757
19760
19761
19762
19763
19764
19765
19766
19767
19768
19769
19770
19771
19772
19773
19774
19775
19776
19777
19778
19779
19780
19781
19782
19783
19798
19784
19785
19786
19787
19788
19789
19793
19790
19791
19792
19795
19794
19796
19797
19799
19800
19801
19802
19803
19804
19805
19806
19807
19808
19833
19834
19835
19836
19862
19856
19858
19859
19877
19880
19905
19881
19928
19853
19977
19878
19879
19882
19883
19884
19885
19886
19887
19888
19889
19906
19907
19908
19909
19910
19911
19912
19913
19914
19915
19916
19917
19918
19919
19920
19921
19929
19930
19932
19933
19934
19950
19935
19936
19937
19938
19949
19939
19940
19946
19944
19951
19954
19974
19973
19976
19975
19978
19979
19980
19981
19982
19983
19984
19985
19986
19987
19988
19989
19990
19991
19992
19993
19994
19995
19996
19997
19998
19999
20000
20001
20016
20002
20003
20004
20005
20006
20007
20011
20008
20009
20010
20013
20012
20014
20015
20017
20018
20019
20020
20021
20022
20023
20024
20025
20026
20051
20052
20053
20054
20080
20074
20076
20077
20095
20098
20123
20099
20146
20071
20195
20096
20097
20100
20101
20102
20103
20104
20105
20106
20107
20124
20125
20126
20127
20128
20129
20130
20131
20132
20133
20134
20135
20136
20137
20138
20139
20147
20148
20150
20151
20152
20168
20153
20154
20155
20156
20167
20157
20158
20164
20162
20169
20172
20192
20191
20194
20193
20196
20197
20198
20199
20200
20201
20202
20203
20204
20205
20206
20207
20208
20209
20210
20211
20212
20213
20214
20215
20216
20217
20218
20219
20234
20220
20221
20222
20223
20224
20225
20229
20226
20227
20228
20231
20230
20232
20233
20235
20236
20237
20238
20239
20240
20241
20242
20243
20244
20269
20270
20271
20272
20298
20292
20294
20295
20313
20316
20341
20317
20364
20289
20413
20314
20315
20318
20319
20320
20321
20322
20323
20324
20325
20342
20343
20344
20345
20346
20347
20348
20349
20350
20351
20352
20353
20354
20355
20356
20357
20365
20366
20368
20369
20370
20386
20371
20372
20373
20374
20385
20375
20376
20382
20380
20387
20390
20410
20409
20412
20411
20414
20415
20416
20417
20418
20419
20420
20421
20422
20423
20424
20425
20426
20427
20428
20429
20430
20431
20432
20433
20434
20435
20436
20437
20452
20438
20439
20440
20441
20442
20443
20447
20444
20445
20446
20449
20448
20450
20451
20453
20454
20455
20456
20457
20458
20459
20460
20461
20462
20487
20488
20489
20490
20516
20510
20512
20513
20531
20534
20559
20535
20582
20507
20631
20532
20533
20536
20537
20538
20539
20540
20541
20542
20543
20560
20561
20562
20563
20564
20565
20566
20567
20568
20569
20570
20571
20572
20573
20574
20575
20583
20584
20586
20587
20588
20604
20589
20590
20591
20592
20603
20593
20594
20600
20598
20605
20608
20628
20627
20630
20629
20632
20633
20634
20635
20636
20637
20638
20639
20640
20641
20642
20643
20644
20645
20646
20647
20648
20649
20650
20651
20652
20653
20654
20655
20670
20656
20657
20658
20659
20660
20661
20665
20662
20663
20664
20667
20666
20668
20669
20671
20672
20673
20674
20675
20676
20677
20678
20679
20680
20705
20706
20707
20708
20734
20728
20730
20731
20749
20752
20777
20753
20800
20725
20849
20750
20751
20754
20755
20756
20757
20758
20759
20760
20761
20778
20779
20780
20781
20782
20783
20784
20785
20786
20787
20788
20789
20790
20791
20792
20793
20801
20802
20804
20805
20806
20822
20807
20808
20809
20810
20821
20811
20812
20818
20816
20823
20826
20846
20845
20848
20847
20850
20851
20852
20853
20854
20855
20856
20857
20858
20859
20860
20861
20862
20863
20864
20865
20866
20867
20868
20869
20870
20871
20872
20873
20888
20874
20875
20876
20877
20878
20879
20883
20880
20881
20882
20885
20884
20886
20887
20889
20890
20891
20892
20893
20894
20895
20896
20897
20898
20923
20924
20925
20926
20952
20946
20948
20949
20967
20970
20995
20971
21018
20943
21067
20968
20969
20972
20973
20974
20975
20976
20977
20978
20979
20996
20997
20998
20999
21000
21001
21002
21003
21004
21005
21006
21007
21008
21009
21010
21011
21019
21020
21022
21023
21024
21040
21025
21026
21027
21028
21039
21029
21030
21036
21034
21041
21044
21064
21063
21066
21065
21068
21069
21070
21071
21072
21073
21074
21075
21076
21077
21078
21079
21080
21081
21082
21083
21084
21085
21086
21087
21088
21089
21090
21091
21106
21092
21093
21094
21095
21096
21097
21101
21098
21099
21100
21103
21102
21104
21105
21107
21108
21109
21110
21111
21112
21113
21114
21115
21116
21141
21142
21143
21144
21170
21164
21166
21167
21185
21188
21213
21189
21236
21161
21285
21186
21187
21190
21191
21192
21193
21194
21195
21196
21197
21214
21215
21216
21217
21218
21219
21220
21221
21222
21223
21224
21225
21226
21227
21228
21229
21237
21238
21240
21241
21242
21258
21243
21244
21245
21246
21257
21247
21248
21254
21252
21259
21262
21282
21281
21284
21283
21286
21287
21288
21289
21290
21291
21292
21293
21294
21295
21296
21297
21298
21299
21300
21301
21302
21303
21304
21305
21306
21307
21308
21309
21324
21310
21311
21312
21313
21314
21315
21319
21316
21317
21318
21321
21320
21322
21323
21325
21326
21327
21328
21329
21330
21331
21332
21333
21334
21359
21360
21361
21362
21388
21382
21384
21385
21403
21406
21431
21407
21454
21379
21503
21404
21405
21408
21409
21410
21411
21412
21413
21414
21415
21432
21433
21434
21435
21436
21437
21438
21439
21440
21441
21442
21443
21444
21445
21446
21447
21455
21456
21458
21459
21460
21476
21461
21462
21463
21464
21475
21465
21466
21472
21470
21477
21480
21500
21499
21502
21501
21504
21505
21506
21507
21508
21509
21510
21511
21512
21513
21514
21515
21516
21517
21518
21519
21520
21521
21522
21523
21524
21525
21526
21527
21542
21528
21529
21530
21531
21532
21533
21537
21534
21535
21536
21539
21538
21540
21541
21543
21544
21545
21546
21547
21548
21549
21550
21551
21552
21577
21578
21579
21580
21606
21600
21602
21603
21621
21624
21649
21625
21672
21597
21721
21622
21623
21626
21627
21628
21629
21630
21631
21632
21633
21650
21651
21652
21653
21654
21655
21656
21657
21658
21659
21660
21661
21662
21663
21664
21665
21673
21674
21676
21677
21678
21694
21679
21680
21681
21682
21693
21683
21684
21690
21688
21695
21698
21718
21717
21720
21719
21722
21723
21724
21725
21726
21727
21728
21729
21730
21731
21732
21733
21734
21735
21736
21737
21738
21739
21740
21741
21742
21743
21744
21745
21760
21746
21747
21748
21749
21750
21751
21755
21752
21753
21754
21757
21756
21758
21759
21761
21762
21763
21764
21765
21766
21767
21768
21769
21770
21795
21796
21797
21798
