99
676358858499 676359437000 6
318488429706 318489381022 6
200985 200985 200985
883999723997 884000679747 903069
1 1000000 2
2 173647 173647
857259176773 857260142365 7
10 20 5
654369307044 654370123285 5
164161055208 164162039069 2
531599339061 531600290589 4
576894 576894 2
391863247440 391863548695 3
347273379558 347274253168 414792
403952180003 403952990681 7
946429695772 946430678043 817285
128548552418 128549405231 7
596792936706 596793817064 542046
827751167707 827752027361 4
271849006519 271849923362 9
662874554602 662875486787 698438
942767398988 942768335704 8
118503184937 118504183896 326841
854332787685 854333597298 3
505743 505744 2
876866353832 876867076667 5
82322631099 82323598648 7
800957637269 800958513107 90247
156385047818 156385929097 5
761667911457 761668818403 6
948600187049 948601172772 3
1 1000000 127
633819840630 633820492297 8
890915959971 890916796763 483461
985644688497 985645635974 809375
3130931041 3131863415 8
731835679324 731836679324 341334
576110526080 576111512767 410423
999999000000 1000000000000 1000000
146718122187 146718889324 254261
146042160360 146043016582 4
999999000000 1000000000000 126
299450267610 299450925394 7
105063701533 105064571115 4
623789663663 623790106334 619447
152271871028 152272838634 813993
750976650631 750977083450 500090
688911229778 688912118461 610100
535627427512 535628097543 759757
217743871889 217744552697 684315
999999000000 1000000000000 2
439187162030 439188103013 652336
612389541820 612390462583 7
164091368462 164092112676 32484
96317163309 96318154615 3
360080312594 360081016502 4
582421940524 582422696142 7
186438973475 186439859040 520531
359602805993 359603771198 16277
547582911042 547583668220 5
798439711658 798440586970 4
857227830189 857228382805 86183
755030545249 755031525477 7
642592641281 642593641117 9
34570252029 34570975102 9
884057 884058 2
10 20 3
132208522305 132209159919 422646
740840390923 740841189313 4
663163 663163 2
111325265661 111326234377 7
976851320041 976852023444 954872
1 1000000 999999
68317049411 68317771592 2
800072318271 800073130320 5
593158360286 593159344324 5
183384630524 183385349044 5
622489920972 622490573086 994316
105352738015 105353662431 890622
904856888626 904857885286 3
87162332317 87163256038 4
717439798547 717440721278 5
632952375082 632953254333 5
271991418708 271992396174 353579
539714984745 539715981563 2
897318915549 897319669929 3
492889028539 492889924537 5
256224406204 256225399117 9
775973865476 775974641758 936999
34345002675 34345981682 8
173473250237 173474237377 141748
962470320660 962470946755 5
278938355710 278939254722 5
220168470749 220169310557 4
269515999617 269516858718 4
682364198741 682365058830 7
1 1000000 1000000
410015810260 410016674903 6
360834395417 360835386415 5
