200
428 452 10
590 363 10
184 307 6
896 357 3
44 903 1
944 672 4
878 486 5
710 794 6
603 970 2
857 632 9
23 144 3
432 30 9
147 812 10
827 640 2
770 940 9
114 761 1
477 307 8
927 237 10
681 487 9
681 370 8
100 78 0
691 563 2
932 724 7
573 715 8
476 580 0
739 41 2
800 356 2
16 67 9
805 591 6
300 261 8
949 731 1
902 160 10
816 463 1
228 256 0
343 495 8
304 601 8
277 75 8
406 299 9
617 548 5
710 467 7
661 291 7
844 128 6
91 471 0
101 689 5
833 890 6
203 533 1
932 705 0
877 216 1
237 703 6
221 193 4
443 953 5
189 490 2
172 309 8
776 869 1
178 681 9
625 144 9
874 163 9
35 295 6
420 849 9
904 453 5
527 932 0
341 210 9
514 650 0
975 124 3
379 85 0
435 824 6
327 465 3
756 694 0
79 26 2
30 994 4
186 481 7
317 668 6
291 289 8
846 622 0
249 145 7
641 181 0
796 398 6
710 17 3
829 188 8
790 320 4
249 774 10
329 506 3
633 182 5
756 573 5
453 149 0
657 111 2
184 452 7
34 504 2
111 119 6
555 819 4
263 99 6
757 6 3
724 729 3
742 268 9
961 314 0
641 154 2
659 278 9
921 548 0
622 625 6
62 294 9
245 747 6
678 159 10
899 102 10
438 174 7
862 959 1
608 340 10
765 349 1
288 286 0
726 626 2
662 241 3
190 458 6
139 297 1
194 866 0
240 166 4
814 711 2
529 608 7
960 70 10
376 526 4
813 584 5
257 553 4
634 838 7
355 294 10
961 697 0
447 810 9
286 8 7
612 884 4
479 777 10
761 859 7
588 81 9
186 842 10
468 589 2
487 663 7
20 451 6
693 107 2
428 605 10
751 3 5
29 340 8
291 936 0
260 109 8
886 120 7
971 426 1
986 688 0
739 854 9
64 386 4
712 240 7
936 850 0
353 970 2
615 676 5
834 251 7
797 584 5
651 57 0
705 442 7
378 294 1
971 514 7
147 689 0
379 977 9
613 224 5
780 626 2
760 39 9
606 883 9
698 87 7
548 968 10
77 672 6
755 242 6
364 934 6
854 497 8
8 983 4
629 946 1
391 103 9
804 594 10
280 574 8
762 145 4
592 171 2
245 799 2
902 858 4
971 574 5
874 137 8
744 936 8
543 101 5
360 680 5
338 983 7
434 761 2
218 573 2
885 617 4
516 453 8
787 831 0
973 326 8
79 476 7
651 692 1
301 424 5
650 821 7
3 178 2
85 37 10
652 679 5
769 597 7
213 34 1
502 147 9
610 63 0
962 24 5
96 648 4
