500
41 18467 6334 26500 19169 15724
24464 16827 9961 23281 5705 28145
4827 3902 32391 14604 5436 153
5447 21726 14771 18716 19718 19895
9894 28703 23811 25667 26299 17035
4664 6868 25547 28253 15141 7711
9741 27529 778 20037 12859 8723
1842 288 30106 9040 8942 19264
15890 6729 31101 15350 15006 24370
12623 24084 4966 18756 11840 19954
11323 5537 24626 16944 32439 21538
4639 29658 22704 16541 4833 31115
28745 26924 19072 31673 22386 5021
15573 13290 16512 23986 5097 9161
23655 15574 1150 12052 27350 4031
18007 31107 30191 3430 11337 15457
9758 8909 18588 14945 24221 32209
13030 16413 29168 900 32591 18762
6483 20537 21548 27624 27595 4041
30836 9374 11020 4596 24021 27348
1999 4734 27938 8281 26418 53
24648 3728 17807 467 22483 14893
7616 18935 17451 22813 9514 14309
31556 22798 5844 6224 11008 30303
3195 30523 1587 14343 20485 3093
25200 19796 6618 20580 13458 14798
23622 27157 12292 28009 18538 20472
29657 7958 6191 19815 22888 19156
24272 26362 20328 22646 20055 4886
21881 31998 10322 20142 23844 1416
3557 5075 27892 24389 28476 10712
26869 9789 15255 13401 17861 14688
24182 10285 27088 31426 28617 23757
2154 31329 17189 19976 25721 2368
3434 30145 18060 9512 16549 7441
16687 12529 25996 12423 16279 22549
193 23195 16105 20416 28286 3297
31316 20671 11701 25734 18114 5786
31185 1832 20945 10808 20053 912
481 23646 27982 19558 4144 23196
5535 20450 21659 10466 12044 11173
20024 20649 13186 4745 26154 29510
2168 17958 18787 9905 14018 7391
29334 25874 24372 4414 9314 25824
8177 17773 7518 7487 28297 32270
29213 7627 8480 13985 3102 4802
29972 1924 14181 1543 13061 11023
8492 142 13031 27593 22725 17222
30974 14270 29170 19187 8360 22413
7285 18896 140 25760 12550 4667
28019 2125 26302 21694 22658 26576
1018 23851 25484 22593 28464 21119
4757 32170 20315 31060 1926 9010
22758 17086 5109 7882 7164 29565
2625 25423 28520 31928 25627 5629
10195 3737 1264 24596 32525 13261
30771 6411 25547 5030 20326 29011
14924 20851 21763 4940 30188 18662
13007 17578 8365 18958 11477 1200
12760 19357 2324 6477 5108 21113
27384 19405 12993 14460 22428 6540
18823 6072 29350 32356 14485 20556
8526 13357 29361 23271 23869 29337
11585 24041 24423 10112 12717 18696
6559 8932 16962 29855 12053 22296
22532 21457 14369 16972 2963 2607
10067 22848 22142 12938 2223 4675
3221 21459 17825 20175 17870 1626
23850 12193 12734 22701 17398 22279
1993 10548 25705 6962 10176 15881
11462 24855 13142 19855 27611 30877
10040 9313 875 18443 28296 12673
1017 13169 28112 30695 14932 23831
19090 19497 2589 25990 15145 19353
8759 11258 7605 22044 11192 335
3829 23775 20608 29292 5997 17549
31240 29541 29174 6467 27813 26129
25824 5601 23392 8683 8213 23992
28027 15498 10075 18786 4084 24970
5706 21221 9010 503 2363 22663
12164 7591 6704 20913 25542 7619
25205 4975 1539 303 11422 21098
2971 17864 28712 11075 21545 22913
15262 15944 2865 28289 8519 13985
28318 27870 9601 28323 21132 24472
29763 29901 17103 14423 3527 11600
2088 21543 25347 28 2943 12637
608 1588 11342 4681 32060 21221
12843 21430 7949 14146 690 25620
20783 7038 9853 15185 18035 32226
19923 3359 32257 24766 4944 14955
22549 9496 18584 21025 20355 31001
8075 17913 25072 31196 21948 16142
24429 32404 6705 20626 29812 19375
5994 8256 6652 14736 29141 30814
18230 21015 1131 1355 17841 14625
19690 1650 5662 21634 10893 10353
7262 16634 5454 16303 22233 26303
12317 4213 21080 24028 29200 27109
24155 3676 29643 11903 31361 15264
13653 30674 2220 28489 24948 1282
19369 22619 23971 19008 3878 20259
25313 6698 32685 26504 12392 5589
12508 31461 6234 6410 9961 3959
24937 28869 26264 14700 13971 58
7815 29288 3039 30212 18330 28082
29815 25951 6541 24484 24774 8380
25898 23073 788 23977 18132 29956
12941 28 25184 21363 15790 1723
11333 21974 26153 1885 22867 1071
2598 3309 4693 9676 15629 28650
26679 7864 1528 12249 26667 29421
7516 27681 28666 29087 27726 19964
29309 14721 17902 11662 20415 6064
27531 4806 28423 32745 31762 12268
24307 23481 1012 21136 26630 24114
12290 1054 29996 29152 21293 25345
13712 7958 24722 16439 5131 30114
26423 7479 10866 25269 27918 18238
12158 12022 26633 21196 7462 1146
10647 4098 6602 30807 29458 27830
20799 540 28315 13882 18352 20448
19897 18397 31418 22336 25828 13851
24520 658 29560 16925 10940 229
20675 792 22361 31754 16398 23146
19569 24515 11521 15075 8638 27663
13234 12570 28962 9464 19557 905
17469 14333 22925 28350 330 31923
18337 30714 28164 7636 1278 12393
2505 2623 10004 16337 13337 28664
18373 7085 8194 19281 28652 9152
29174 18819 14640 7572 6249 943
8419 16216 3805 7585 5565 31450
13509 30300 19695 9166 16893 16074
26031 17968 19426 31172 26268 27358
4182 25391 15495 8779 30910 23552
474 28255 26821 14902 6972 4460
9789 25605 16343 27594 7950 30195
5912 23439 5967 11672 9762 13428
5204 29486 4319 17223 11759 26434
8166 18700 28532 17692 21787 11367
5021 18283 26222 29331 2376 28583
22018 32182 9220 31111 14776 23856
6486 7534 15969 11643 19677 15677
32196 7783 16828 7727 29426 15871
11027 11408 30238 9508 7185 5545
2111 8850 28149 22501 23650 25128
681 19793 18634 17713 27465 20267
13877 28442 702 24901 25770 5177
32179 2237 8023 8823 16595 20169
28182 1670 32528 9487 11058 7926
2742 8610 21286 9860 25783 4472
24865 3503 1881 20718 10938 14867
18598 32756 20807 26063 28458 2661
1386 7833 7586 6365 32075 8360
29492 12433 19810 6766 1735 23840
11369 7328 29352 31982 31244 21794
17432 9535 23243 3264 3497 7208
189 16100 19851 30648 9523 19812
25697 19854 9990 27200 4919 17780
3340 13487 899 22525 8483 5538
25011 1560 15834 1840 31497 2785
28791 21578 26979 13549 13392 13210
13826 1620 21497 20193 31276 19790
3449 12924 9072 20418 26489 159
10208 6477 18503 15370 32607 14196
12890 28761 11056 19019 31163 16683
2862 4954 15460 2741 10396 6813
20136 14387 9198 27032 4680 32584
25249 3523 31758 8670 241 18882
10178 9916 25058 7296 13579 15678
23729 24081 27753 2678 24676 2995
3093 29929 7514 11243 13608 6172
5651 10986 6748 5973 8922 2144
14629 29916 22912 15791 15469 5874
20640 26949 236 9815 26052 26857
28162 30180 23183 8394 16955 16097
16878 14140 4611 9261 12578 21078
6149 3333 24750 29975 13489 13865
28522 8896 31810 27432 4882 16367
6538 6479 6321 6705 31351 19447
25759 8486 3455 27666 30189 30422
12503 11777 31348 29253 10861 22431
22106 26281 15821 17296 8752 26021
1774 29859 11376 18318 9135 24998
8153 1643 4747 10635 13232 28888
6450 20855 26363 14199 14801 24961
23245 24353 1181 1550 6473 28274
2529 17465 7172 18643 9981 2112
26890 30032 8805 32372 16671 3989
26578 11293 2206 9658 16948 17206
15529 31020 23694 16697 14788 30109
3684 9168 16626 21617 4015 17906
14486 19199 12420 24390 15199 11785
27415 1331 318 3580 6085 7267
28074 4360 17827 14507 26431 7152
17604 337 31311 19885 12677 406
30038 21388 17537 5000 542 7355
13093 16584 10987 10761 20493 8217
15665 10753 22104 15084 19095 13525
3343 8106 27080 4872 22593 3656
13713 20968 28768 27216 12079 3251
26653 20663 2095 23779 27936 12259
18455 25680 4071 26835 5725 8976
10440 7375 7905 5602 17832 21562
1836 10080 31202 10508 10797 5340
24773 8546 8880 7740 19097 20474
707 23588 12481 4141 22955 20666
18136 1009 22012 16225 11455 18762
17922 24512 9248 26018 27368 23717
21895 12759 22640 3335 5303 3169
24791 18661 8681 3652 8753 24033
26253 32718 11420 15814 20083 12244
18864 4769 1594 15005 21047 30470
23990 32588 24710 21323 6540 7679
23955 4978 24779 28470 20183 23589
23487 12935 19779 2088 27196 29033
11807 24567 19105 18965 11001 2669
12998 8838 13597 14218 3545 14844
29264 28801 14723 13490 7604 31601
22363 20363 3565 19771 7721 29301
31812 29151 15022 495 16741 23015
15279 3822 1608 12654 19882 32707
22290 4623 23154 24604 31339 22225
20594 29733 28223 2330 29130 18846
27338 21963 20489 8616 5750 28135
24474 31920 26737 23224 1908 27372
9561 31056 27606 8184 7075 28382
24684 12779 30836 18283 20667 12279
18028 14091 20577 10737 32119 20556
4580 3432 5907 8793 14875 2136
3351 8329 30041 26790 20476 16290
12189 15787 31490 3239 14893 3053
1695 24176 32468 27005 6139 18479
15826 27621 29993 29515 15722 23838
26943 11891 14243 8978 24834 1023
20502 15891 10687 8346 25141 24637
29126 13162 19877 31690 19410 8935
20722 13874 2663 26705 32195 22566
7811 28245 13189 32425 26867 9467
25023 29617 9099 30502 17226 31203
8456 9458 25967 8636 9405 11531
8044 30591 26803 10556 7531 31495
12319 10133 1775 29383 6272 25791
2257 25333 893 17954 12078 3585
19611 10722 30338 17233 18990 24271
2352 9658 479 25302 32683 18990
16895 6135 18008 12361 16742 22194
1847 31357 16345 4042 7469 23941
25710 20061 25385 20073 27504 9462
5154 3529 31552 32074 19149 3730
19552 28773 26363 14118 24065 18470
7103 27352 10498 5869 14398 25679
31088 1563 25834 9850 17022 7240
29876 15477 5220 28580 19178 27616
2883 1662 16857 32179 31635 18902
19022 9273 3917 12686 28888 25841
11267 11749 65 10389 6932 25619
13028 18631 19172 23152 18630 14589
25428 29681 31071 26610 26177 18490
23893 22630 27037 16840 27633 20274
22307 8290 31151 17461 20997 19662
6640 23661 22659 4883 28703 5566
17209 1497 27283 32765 19601 16840
175 30581 26787 3271 4287 27999
10700 530 2461 12118 205 7540
14398 10481 27098 12935 3760 30614
19161 20538 21476 7670 7746 10538
15433 32255 13758 16760 5752 29065
27273 18792 30548 12759 10393 16193
24668 28211 13694 3690 32627 7498
11647 11149 30931 669 30875 25598
20123 22861 1731 18154 1443 4434
11393 16704 29866 30953 30308 28223
30811 32469 13930 10048 19814 16090
506 16474 17589 10599 5158 7195
11447 17975 26 9364 40 3818
14676 25395 28641 26412 6840 12570
23390 31250 18686 8187 20083 21085
25502 24277 3872 26424 3565 30862
6646 24925 6478 10883 20889 21265
12927 24773 2520 5821 13855 25134
9310 21001 2737 16334 5974 7590
1825 32145 13573 10935 18718 17282
8692 19539 28047 9905 7162 1717
24115 2645 3394 20829 839 25858
13773 2480 11238 675 21862 32072
19203 23277 6125 20134 1401 9078
27478 31426 10663 18721 17939 21138
28862 16002 7961 25981 27700 18448
21284 2944 30259 15137 9507 13993
17668 23041 8891 29857 10677 119
8072 17929 841 4715 17615 12536
11829 5093 5227 13452 12448 24241
15038 12170 22885 12274 18133 6862
29400 6923 27085 14878 23024 14193
5767 15407 14790 13784 704 10677
18085 27734 22086 20542 17998 25190
29669 18108 12927 22597 21376 24254
9102 14318 2290 10819 2438 12600
25808 4632 21478 26814 13787 7239
16798 1988 7441 2554 13642 19002
7056 18509 29833 17708 19761 6533
10142 31620 17260 22161 18842 4343
13063 4591 29761 20415 656 5934
16251 18738 13370 26124 5507 8007
14489 17013 30412 1790 24958 15441
13543 25402 6266 8472 7373 32676
532 32729 17107 32503 10761 5469
28392 22570 22494 19472 23407 13519
18038 4360 28607 14262 21409 5471
489 6766 17887 11514 14523 21229
25739 20666 17553 7283 8160 8522
42 28317 4629 25386 31687 22045
3154 30466 11833 27760 26919 25631
13053 24007 16320 21098 24314 16469
30947 15463 26260 29007 13793 28630
1334 16626 14171 25314 20620 17117
18866 14693 12212 23775 13000 30664
3789 361 11385 6379 10943 17877
29561 23888 20308 12946 25563 14504
13837 1981 25318 6464 4074 4346
3832 31461 27330 16991 27123 6461
8400 14179 24117 2317 19914 1595
13973 17981 27909 7028 31453 11503
25367 5385 28402 5230 17157 28681
31245 32764 6238 3687 13171 3477
1405 53 7171 4592 27311 32657
13377 24320 25790 13675 10998 16586
29744 26919 26610 18718 8388 18259
21396 22716 6300 21479 16853 11458
29849 12294 24272 26160 14854 12054
10471 29421 22688 22241 10428 10559
2270 2208 8982 22860 25329 32261
6538 14469 7887 11979 1897 30783
18633 13509 32053 2317 26134 24557
22951 18140 11094 17843 21693 16466
21817 9551 21292 6097 23492 2695
5628 5809 28786 25296 21710 32389
28569 14962 14214 6292 6120 27393
18913 14713 7011 8705 6693 19664
14381 21768 29909 1048 26946 26624
1862 14633 27577 1127 15127 28240
15100 28400 10935 21476 3154 6558
3537 15623 17922 2927 28029 30211
12253 26528 21321 20785 3293 10443
9270 7452 8934 14631 13640 9375
12796 10312 28765 14248 1539 7262
24464 32557 14248 29556 20170 5450
24099 75 19044 32331 23332 31004
13843 441 19623 11738 19801 3380
1363 28854 6329 1088 12628 8613
7679 23115 23292 3402 27577 27837
24395 25197 15948 30323 11153 4508
17610 26781 27256 7665 24828 3202
31805 11715 29478 20769 23684 20253
19285 26900 10968 23994 16633 13885
16256 23901 12306 8982 29910 10872
29527 28233 3995 9768 7137 8343
18011 7879 530 14512 24593 31034
21926 5906 5191 14443 6188 30227
28094 30435 8867 19093 3582 13224
18237 16589 20540 32686 22850 18759
15811 5225 21143 2403 28042 6300
31641 30335 28368 28804 21006 698
18396 8339 21086 22312 24618 18457
23455 12911 26847 31522 26358 16280
31896 12472 3454 4327 3413 24450
17929 28213 25403 23525 8695 16824
10041 4640 25079 22187 18125 12534
32621 27692 25293 5117 7717 20403
19978 10748 2850 29011 26925 24028
31547 21346 826 23623 24353 12036
17571 26886 16405 5299 22056 11728
25846 17093 5717 19991 18166 3187
1201 3328 24942 28299 32444 29897
26641 21244 11262 10720 16296 27918
18174 10984 10459 13149 17014 5695
4651 26814 8363 1537 1219 24290
31269 26248 3586 26584 27252 12137
20027 29271 27669 10382 28148 31993
11495 484 1293 19104 26811 2943
11299 14890 13774 29074 1549 8493
29218 19911 16833 15238 26865 13252
23088 12245 6231 31920 10106 19271
4157 9647 17723 18238 24122 4982
11156 7118 31550 6923 30345 12351
14651 25880 27844 13406 4510 25813
14578 4949 9227 24514 19785 21705
10102 14286 19468 23917 6227 555
30775 10758 13490 12489 28410 17132
23112 20122 12529 7672 25836 18277
30397 32652 1751 9085 19751 29001
1511 32125 11838 17916 6716 25328
1056 12826 12902 26758 24588 12021
12549 1280 13245 12628 21979 26947
4047 10677 23231 4719 13785 29091
16769 14709 27956 22421 15945 13465
18335 21005 7886 28049 5190 5677
17377 10130 28487 26555 22482 25253
32488 25215 12008 31310 940 27799
304 8237 29613 12499 30792 10485
15351 16600 17137 5033 16129 31864
1710 27732 31708 2641 21968 12437
19692 7640 12087 29869 28583 29256
14835 18677 10615 25897 1663 2774
2734 2286 15349 28878 18075 25624
27792 6504 462 4055 18913 28822
31122 19750 21337 11822 26053 19397
10357 27505 29236 22197 6599 28290
1084 592 18725 8996 29855 24828
29795 30742 5053 5506 6767 30037
29465 12239 26206 3609 13924 19854
18175 15618 23061 13647 31036 25013
9090 27841 7915 21909 9034 20130
5416 5893 22037 1344 32736 1949
10285 26200 17118 19285 28325 14590
15536 11980 716 24008 14541 225
20328 7523 6204 10700 27936 26364
11504 2670 10845 16141 23483 21766
25107 14199 5857 22678 8266 12674
29832 28290 3967 8917 30858 10996
3426 19095 8239 11462 19402 30906
5279 17776 25822 6879 32301 15812
10144 16561 24312 32570 6038 28180
19808 2647 17452 18061 9290 5939
29977 22284 18613 24007 15675 24547
16339 6336 32621 21501 26034 18129
4202 28504 1238 22897 23105 4798
1727 1771 9023 14481 15579 31313
28488 18259 5589 5513 15319 20851
27038 23501 3184 21759 3012 9574
24541 20416 28522 27649 6595 15377
138 13787 27224 15055 13310 20967
6648 26804 8872 19368 31441 27834
5137 18018 3241 5745 20633 31015
8956 8144 6966 15581 25524 32240
25027 31641 13465 4291 1205 2018
23700 20217 2016 1943 14624 17064
17632 29789 6046 7666 9275 32046
31901 8326 30350 21184 19649 29153
9793 11323 4795 28970 14336 5532
15290 13795 13852 17776 5692 14550
8729 2534 6050 29361 3760 9984
25584 19066 23116 29182 10790 21617
5610 6450 27038 28621 5193 19982
20280 4345 25167 17420 5638 16883
17839 22632 20189 10390 20183 13817
15145 19861 8252 18613 10600 2151
617 11211 31476 14907 29554 25429
29942 10698 15257 31155 27587 19522
8380 30946 5946 8510 13165 31065
10270 23194 12584 14464 32715 32200
24696 415 6645 19067 8833 7611
26321 13079 27988 24919 7592 31597
26859 658 10999 71 7997 14122
32036 23953 19485 1915 16984 4912
29681 6844 21108 4208 4879 30169
20124 24075 17774 23849 27607 28026
20149 24168 11714 3145 20481 13338
15955 16641 18217 1105 1697 2343
1954 19555 10252 20736 930 25633
24870 31754 15415 32176 26701 26072
8938 30260 20514 19975 16657 14990
25631 24061 27219 5242 24618 16070
502 26928 30721 8672 1563 21302
28406 23577 8686 5794 2222 12844
485 16653 27168 20337 16464 31723
3318 13201 142 4858 22512 29656
26312 8250 30270 10684 15023 13475
5488 11520 27892 20183 24798 26101
12187 14462 8871 18258 16859 28343
22015 17683 18516 24441 13976 16088
5769 19997 917 3205 23675 29146
20373 3480 32389 17442 21735 12073
31785 16085 18345 20979 522 15713
2085 14752 521 2186 16096 20648
7688 19919 17236 26792 27065 19278
12121 10976 7547 21011 23202 7245
2572 2257 19359 21920 31654 2370
23960 30510 29591 25867 22033 1675
25790 20703 5086 20272 14376 31256
14186 3566 19198 23495 8437 18456
1360 2814 20340 31665 18908 21154
29249 12525 30630 8706 23179 3079
8421 14145 24308 1969 21839 5991
27053 22708 6508 23681 21970 23147
5541 14663 11771 27689 16259 18631
22199 655 3850 25988 18170 28168
19406 32371 23327 7523 29427 10313
9934 31463 25587 31417 31102 6153
29213 23305 22496 23859 2406 27370
17879 30519 21465 7793 31585 6126
16519 8596 28099 17271 24087 5715
13357 10886 24959 8257 27590 7809
1028 4101 10468 259 22313 2435
7578 31274 13316 30843 26074 11395
14095 8174 10057 5722 8971 5038
25722 2232 6231 29503 16983 24300
9818 10557 15561 15505 32702 22858
