300
41 18467 6334 26500 19169 15724
23281 5705 9961 24464 16827 28145
4827 3902 153 14604 5436 32391
5447 19718 14771 18716 21726 19895
9894 26299 17035 25667 28703 23811
4664 6868 7711 28253 15141 25547
9741 12859 778 20037 27529 8723
1842 288 19264 9040 8942 30106
15350 6729 24370 15890 15006 31101
12623 11840 4966 18756 24084 19954
11323 5537 21538 16944 32439 24626
4639 4833 22704 16541 29658 31115
28745 22386 5021 31673 26924 19072
15573 5097 9161 23986 13290 16512
12052 15574 1150 23655 27350 4031
3430 11337 15457 18007 31107 30191
9758 8909 18588 14945 24221 32209
900 16413 18762 13030 32591 29168
6483 20537 4041 27624 27595 21548
4596 9374 11020 30836 24021 27348
1999 4734 53 8281 26418 27938
467 3728 14893 24648 22483 17807
7616 9514 14309 22813 18935 17451
6224 11008 5844 31556 22798 30303
3195 20485 1587 14343 30523 3093
20580 13458 6618 25200 19796 14798
23622 18538 12292 28009 27157 20472
19815 7958 6191 29657 22888 19156
22646 20055 4886 24272 26362 20328
20142 23844 1416 21881 31998 10322
3557 5075 10712 24389 28476 27892
13401 9789 14688 26869 17861 15255
24182 10285 23757 31426 28617 27088
2154 25721 2368 19976 31329 17189
3434 16549 7441 9512 30145 18060
12423 12529 22549 16687 16279 25996
193 23195 3297 20416 28286 16105
25734 18114 5786 31316 20671 11701
10808 1832 912 31185 20053 20945
481 4144 23196 19558 23646 27982
5535 12044 11173 10466 20450 21659
4745 20649 13186 20024 26154 29510
2168 14018 7391 9905 17958 18787
4414 9314 24372 29334 25874 25824
7487 17773 7518 8177 28297 32270
13985 3102 4802 29213 7627 8480
1543 1924 11023 29972 13061 14181
8492 142 13031 27593 22725 17222
19187 8360 22413 30974 14270 29170
7285 12550 140 25760 18896 4667
21694 2125 26302 28019 22658 26576
1018 23851 21119 22593 28464 25484
4757 1926 9010 31060 32170 20315
7882 7164 5109 22758 17086 29565
2625 25423 5629 31928 25627 28520
10195 3737 1264 24596 32525 13261
5030 6411 25547 30771 20326 29011
4940 20851 18662 14924 30188 21763
13007 11477 1200 18958 17578 8365
6477 5108 2324 12760 19357 21113
14460 19405 6540 27384 22428 12993
18823 6072 20556 32356 14485 29350
8526 13357 29337 23271 23869 29361
10112 12717 18696 11585 24041 24423
6559 8932 16962 29855 12053 22296
16972 2963 2607 22532 21457 14369
10067 2223 4675 12938 22848 22142
3221 17870 1626 20175 21459 17825
22701 12193 12734 23850 17398 22279
1993 10176 15881 6962 10548 25705
11462 24855 13142 19855 27611 30877
10040 9313 875 18443 28296 12673
1017 13169 23831 30695 14932 28112
19090 15145 2589 25990 19497 19353
8759 11192 335 22044 11258 7605
3829 5997 17549 29292 23775 20608
6467 27813 26129 31240 29541 29174
8683 5601 23392 25824 8213 23992
18786 4084 10075 28027 15498 24970
503 2363 9010 5706 21221 22663
12164 7591 6704 20913 25542 7619
303 4975 1539 25205 11422 21098
2971 17864 22913 11075 21545 28712
15262 8519 2865 28289 15944 13985
28318 21132 9601 28323 27870 24472
14423 3527 11600 29763 29901 17103
28 2943 12637 2088 21543 25347
608 1588 11342 4681 32060 21221
12843 690 7949 14146 21430 25620
15185 7038 9853 20783 18035 32226
19923 3359 14955 24766 4944 32257
21025 9496 18584 22549 20355 31001
8075 17913 16142 31196 21948 25072
20626 29812 6705 24429 32404 19375
5994 8256 6652 14736 29141 30814
1355 17841 1131 18230 21015 14625
19690 1650 5662 21634 10893 10353
7262 16634 5454 16303 22233 26303
12317 4213 21080 24028 29200 27109
11903 3676 15264 24155 31361 29643
13653 24948 1282 28489 30674 2220
19008 3878 20259 19369 22619 23971
25313 6698 5589 26504 12392 32685
6410 9961 3959 12508 31461 6234
14700 13971 58 24937 28869 26264
7815 18330 3039 30212 29288 28082
24484 24774 6541 29815 25951 8380
23977 18132 788 25898 23073 29956
12941 28 1723 21363 15790 25184
1885 21974 1071 11333 22867 26153
2598 3309 4693 9676 15629 28650
12249 7864 1528 26679 26667 29421
7516 27681 19964 29087 27726 28666
11662 14721 6064 29309 20415 17902
27531 4806 12268 32745 31762 28423
21136 23481 1012 24307 26630 24114
12290 1054 25345 29152 21293 29996
13712 5131 24722 16439 7958 30114
25269 7479 10866 26423 27918 18238
12158 7462 1146 21196 12022 26633
10647 4098 6602 30807 29458 27830
13882 540 20448 20799 18352 28315
19897 18397 13851 22336 25828 31418
16925 658 229 24520 10940 29560
20675 792 22361 31754 16398 23146
15075 8638 11521 19569 24515 27663
9464 12570 905 13234 19557 28962
17469 330 22925 28350 14333 31923
7636 1278 12393 18337 30714 28164
2505 2623 10004 16337 13337 28664
18373 7085 8194 19281 28652 9152
7572 6249 943 29174 18819 14640
7585 5565 3805 8419 16216 31450
9166 16893 16074 13509 30300 19695
26031 17968 19426 31172 26268 27358
4182 25391 15495 8779 30910 23552
474 6972 4460 14902 28255 26821
9789 7950 16343 27594 25605 30195
5912 9762 5967 11672 23439 13428
5204 11759 4319 17223 29486 26434
8166 18700 11367 17692 21787 28532
5021 2376 26222 29331 18283 28583
22018 14776 9220 31111 32182 23856
6486 7534 15677 11643 19677 15969
7727 7783 15871 32196 29426 16828
9508 7185 5545 11027 11408 30238
2111 8850 25128 22501 23650 28149
681 19793 18634 17713 27465 20267
13877 25770 702 24901 28442 5177
8823 2237 8023 32179 16595 20169
9487 1670 7926 28182 11058 32528
2742 8610 4472 9860 25783 21286
20718 3503 1881 24865 10938 14867
18598 28458 2661 26063 32756 20807
1386 7833 7586 6365 32075 8360
6766 1735 19810 29492 12433 23840
11369 7328 21794 31982 31244 29352
3264 3497 7208 17432 9535 23243
189 9523 19812 30648 16100 19851
25697 4919 9990 27200 19854 17780
3340 8483 899 22525 13487 5538
1840 1560 2785 25011 31497 15834
13549 13392 13210 28791 21578 26979
13826 1620 19790 20193 31276 21497
3449 12924 159 20418 26489 9072
10208 6477 14196 15370 32607 18503
12890 28761 11056 19019 31163 16683
2741 4954 6813 2862 10396 15460
20136 4680 9198 27032 14387 32584
8670 241 18882 25249 3523 31758
7296 9916 15678 10178 13579 25058
2678 24081 2995 23729 24676 27753
3093 13608 6172 11243 29929 7514
5651 8922 2144 5973 10986 6748
14629 15469 5874 15791 29916 22912
9815 26052 236 20640 26949 26857
8394 16955 16097 28162 30180 23183
9261 12578 4611 16878 14140 21078
6149 3333 13865 29975 13489 24750
27432 4882 16367 28522 8896 31810
6538 6479 6321 6705 31351 19447
25759 8486 3455 27666 30189 30422
12503 10861 22431 29253 11777 31348
17296 8752 15821 22106 26281 26021
1774 9135 11376 18318 29859 24998
8153 1643 4747 10635 13232 28888
6450 14801 24961 14199 20855 26363
1550 6473 1181 23245 24353 28274
2529 9981 2112 18643 17465 7172
26890 16671 3989 32372 30032 8805
9658 11293 2206 26578 16948 17206
15529 14788 23694 16697 31020 30109
3684 4015 16626 21617 9168 17906
14486 15199 11785 24390 19199 12420
3580 1331 318 27415 6085 7267
14507 4360 7152 28074 26431 17827
17604 337 406 19885 12677 31311
5000 542 7355 30038 21388 17537
10761 16584 8217 13093 20493 10987
15084 10753 13525 15665 19095 22104
3343 8106 3656 4872 22593 27080
13713 12079 3251 27216 20968 28768
23779 20663 2095 26653 27936 12259
18455 5725 4071 26835 25680 8976
5602 7375 7905 10440 17832 21562
1836 10080 5340 10508 10797 31202
7740 8546 8880 24773 19097 20474
707 22955 12481 4141 23588 20666
16225 1009 18762 18136 11455 22012
17922 24512 9248 26018 27368 23717
3335 5303 3169 21895 12759 22640
3652 8753 8681 24791 18661 24033
15814 20083 11420 26253 32718 12244
15005 4769 1594 18864 21047 30470
21323 6540 7679 23990 32588 24710
23955 4978 23589 28470 20183 24779
2088 12935 19779 23487 27196 29033
11807 11001 2669 18965 24567 19105
12998 3545 13597 14218 8838 14844
13490 7604 14723 29264 28801 31601
19771 7721 3565 22363 20363 29301
495 16741 15022 31812 29151 23015
12654 3822 1608 15279 19882 32707
22290 4623 22225 24604 31339 23154
2330 29130 18846 20594 29733 28223
8616 5750 20489 27338 21963 28135
23224 1908 26737 24474 31920 27372
8184 7075 27606 9561 31056 28382
18283 12779 12279 24684 20667 30836
10737 14091 20556 18028 32119 20577
4580 3432 2136 8793 14875 5907
3351 8329 16290 26790 20476 30041
3239 14893 3053 12189 15787 31490
1695 6139 18479 27005 24176 32468
15826 15722 23838 29515 27621 29993
8978 11891 1023 26943 24834 14243
8346 15891 10687 20502 25141 24637
29126 13162 8935 31690 19410 19877
20722 13874 2663 26705 32195 22566
7811 26867 9467 32425 28245 13189
25023 17226 9099 30502 29617 31203
8456 9405 11531 8636 9458 25967
8044 7531 26803 10556 30591 31495
12319 6272 1775 29383 10133 25791
2257 12078 893 17954 25333 3585
17233 10722 24271 19611 18990 30338
2352 9658 479 25302 32683 18990
12361 6135 18008 16895 16742 22194
1847 7469 16345 4042 31357 23941
20073 20061 9462 25710 27504 25385
5154 3529 3730 32074 19149 31552
14118 24065 18470 19552 28773 26363
5869 14398 10498 7103 27352 25679
9850 1563 7240 31088 17022 25834
28580 15477 5220 29876 19178 27616
2883 1662 16857 32179 31635 18902
12686 9273 3917 19022 28888 25841
10389 6932 65 11267 11749 25619
13028 18630 14589 23152 18631 19172
25428 26177 18490 26610 29681 31071
16840 22630 20274 23893 27633 27037
17461 8290 19662 22307 20997 31151
4883 23661 5566 6640 28703 22659
17209 1497 16840 32765 19601 27283
175 4287 26787 3271 30581 27999
10700 205 2461 12118 530 7540
12935 3760 27098 14398 10481 30614
7670 7746 10538 19161 20538 21476
15433 5752 13758 16760 32255 29065
12759 10393 16193 27273 18792 30548
3690 28211 7498 24668 32627 13694
669 11149 25598 11647 30875 30931
18154 1443 1731 20123 22861 4434
11393 16704 28223 30953 30308 29866
10048 19814 13930 30811 32469 16090
506 5158 7195 10599 16474 17589
9364 40 26 11447 17975 3818
14676 6840 12570 26412 25395 28641
8187 20083 18686 23390 31250 21085
25502 3565 3872 26424 24277 30862
6646 20889 6478 10883 24925 21265
5821 13855 2520 12927 24773 25134
9310 5974 2737 16334 21001 7590
1825 18718 13573 10935 32145 17282
8692 7162 1717 9905 19539 28047
20829 839 3394 24115 2645 25858
675 2480 11238 13773 21862 32072
19203 1401 6125 20134 23277 9078
18721 17939 10663 27478 31426 21138
25981 16002 7961 28862 27700 18448
15137 2944 13993 21284 9507 30259
17668 10677 119 29857 23041 8891
4715 17615 841 8072 17929 12536
11829 5093 5227 13452 12448 24241
12274 12170 6862 15038 18133 22885
14878 6923 14193 29400 23024 27085
5767 704 10677 13784 15407 14790
18085 17998 22086 20542 27734 25190
22597 18108 12927 29669 21376 24254
9102 2438 2290 10819 14318 12600
