350
41 35 190 900 737 364
753 443 497 912 585 745
268 316 153 731 830 647
284 222 435 327 262 439
67 31 259 678 699 651
568 724 543 605 805 971
525 571 531 581 905 778
818 288 410 848 750 832
530 585 381 1014 670 818
324 532 498 335 576 870
59 417 34 560 695 50
157 737 176 543 986 395
73 300 640 953 882 925
213 1001 128 434 1002 969
103 214 126 788 726 959
358 73 97 599 387 495
542 669 156 609 717 465
742 29 330 900 847 496
339 57 44 1000 971 969
116 158 724 500 469 780
89 638 53 975 818 290
72 656 399 467 979 557
285 298 43 448 503 997
80 270 607 836 768 724
7 5 21 123 827 563
100 146 462 624 340 474
70 106 4 361 533 1016
359 360 47 985 790 724
118 599 790 720 762 872
377 254 82 686 292 392
485 828 244 837 979 472
89 453 352 245 573 919
630 45 205 706 969 464
106 121 320 520 609 805
296 165 273 362 449 652
135 241 21 303 919 396
193 638 225 960 667 745
134 191 437 596 706 666
465 597 465 568 808 912
102 48 334 481 94 668
226 780 155 415 994 933
568 169 838 649 554 898
120 550 223 689 706 355
318 98 224 662 274 820
319 365 350 1009 649 526
541 30 288 673 459 706
276 773 783 519 900 869
300 142 743 969 197 838
254 168 498 755 958 909
117 262 140 160 464 571
190 77 702 371 130 976
65 299 639 1018 816 908
340 426 818 661 902 859
230 702 893 714 1020 1013
184 27 509 577 847 872
20 665 240 979 781 973
51 267 339 934 870 971
588 371 230 844 492 259
526 170 173 719 213 176
333 925 276 472 1012 633
124 924 396 760 973 705
391 149 76 612 952 678
334 45 665 743 317 689
321 429 264 896 489 871
159 740 578 415 789 792
4 915 33 588 977 559
650 175 579 851 320 638
149 462 417 719 979 602
173 929 446 298 1014 775
818 308 105 969 960 521
198 279 157 399 987 854
11 97 385 824 648 875
999 596 279 1017 881 464
390 41 541 658 809 921
540 952 335 567 1018 437
620 223 128 757 877 141
323 165 502 520 869 529
224 21 440 491 481 864
354 138 394 379 1012 859
503 315 135 586 741 818
433 423 451 900 966 560
303 158 515 629 879 618
835 41 40 923 456 385
641 327 673 926 584 817
670 222 385 675 652 920
67 205 336 87 455 719
28 39 349 40 895 771
585 316 78 608 564 741
555 690 20 834 950 781
303 627 482 849 894 637
190 287 513 467 848 619
21 280 152 545 899 281
476 444 496 907 505 782
146 116 561 877 660 943
400 64 94 874 469 508
331 433 107 822 535 289
130 626 113 234 653 542
94 250 334 943 729 703
29 117 485 476 528 600
603 604 928 639 641 971
341 372 172 841 978 258
576 91 419 937 806 803
737 104 469 904 554 941
220 741 90 266 745 887
361 197 58 364 659 664
516 616 434 647 922 991
119 198 188 932 351 397
298 545 260 425 724 788
653 28 608 883 430 699
69 339 47 861 470 553
460 237 597 550 269 1002
55 43 504 985 696 749
348 33 508 415 78 1018
398 385 494 637 959 944
907 18 775 1001 710 1004
656 6 562 755 953 1012
2 30 300 480 813 769
55 11 146 400 790 418
693 270 626 823 311 830
716 294 9 894 758 122
87 2 182 407 786 458
319 540 667 570 944 992
441 228 539 832 989 698
541 658 229 968 700 888
10 14 618 195 792 857
113 446 15 739 963 257
248 101 290 946 282 905
61 330 179 702 1021 397
468 254 105 929 1018 516
457 25 788 977 575 1016
849 941 2 965 1004 960
404 105 304 502 387 943
227 445 730 417 856 733
197 509 239 974 604 714
431 560 734 452 668 994
86 190 0 587 815 135
474 607 197 566 828 364
573 5 499 970 782 983
408 546 116 792 911 847
84 495 223 839 814 834
284 268 103 998 283 884
659 328 622 925 875 935
391 438 4 514 440 304
342 221 317 379 366 609
452 615 444 559 754 511
292 17 425 787 144 542
63 98 501 997 658 552
305 337 202 681 841 811
325 170 57 565 794 702
435 189 713 631 211 855
271 646 758 534 818 784
644 183 376 694 418 806
238 431 531 289 698 857
166 810 327 463 1012 613
221 331 168 362 665 418
622 145 288 820 711 354
105 160 290 238 524 680
24 319 40 192 425 715
189 307 356 952 740 395
97 398 372 576 823 774
268 175 418 1021 291 899
435 536 474 816 777 737
119 74 355 237 80 922
514 556 334 737 596 1017
377 636 159 962 889 880
10 333 71 992 863 884
587 89 299 602 443 816
693 156 100 814 858 669
408 51 840 680 584 1006
478 241 14 673 451 450
128 267 318 962 700 482
177 100 105 630 529 947
21 233 28 1003 296 346
531 730 96 853 746 604
293 109 384 431 220 754
160 325 233 599 452 236
202 484 655 514 571 737
45 290 515 494 828 598
5 177 174 279 261 553
808 704 66 874 786 1007
394 335 177 561 631 1015
18 294 383 159 493 726
215 513 628 581 621 927
602 560 421 912 681 461
750 163 112 910 943 422
395 619 216 985 944 651
306 375 385 887 465 763
526 329 157 717 801 626
211 57 4 481 765 64
266 287 613 628 336 917
442 29 158 978 564 822
169 300 142 313 452 413
113 943 242 612 976 498
150 767 132 838 863 521
508 307 99 791 965 318
171 264 419 426 831 1008
196 337 406 429 389 591
342 542 129 904 908 187
521 13 25 805 200 747
305 513 213 748 663 600
271 65 456 776 938 584
401 488 96 592 815 179
29 183 47 227 288 995
23 80 784 211 605 999
200 207 58 482 424 737
268 557 220 812 864 482
197 354 688 572 665 1018
45 36 186 707 427 193
728 191 330 865 1009 508
418 744 32 514 960 165
263 183 97 391 471 112
215 229 481 580 561 489
454 627 156 653 974 980
432 567 570 669 673 774
438 396 134 843 844 511
403 727 37 822 882 203
40 572 323 959 647 361
533 761 621 543 1015 673
710 473 285 906 646 508
178 129 387 592 436 881
315 553 493 859 907 629
68 357 487 495 479 686
366 426 584 943 750 963
28 527 626 786 619 721
114 37 414 282 458 575
424 459 9 714 630 487
696 176 113 922 884 748
345 336 734 1016 931 982
108 187 116 875 491 1015
497 375 76 620 779 97
484 360 88 601 539 787
166 137 345 279 1020 930
167 427 770 925 557 1005
381 624 47 671 1019 724
466 362 286 843 997 297
319 258 931 786 627 1023
22 531 61 154 565 447
454 874 421 970 978 743
81 451 38 242 562 615
643 243 251 681 597 901
447 842 483 806 945 907
264 189 267 444 242 367
316 363 179 876 895 775
31 128 191 711 917 751
209 757 513 546 814 893
155 482 642 849 558 719
304 442 479 726 939 558
73 358 600 511 1015 690
823 301 389 970 637 985
110 605 246 617 880 809
34 457 658 330 717 832
96 101 38 806 513 763
749 62 79 959 728 258
368 539 72 634 638 234
180 117 100 932 746 992
435 638 470 835 915 473
398 57 241 590 216 845
3 485 19 149 788 65
624 198 253 740 199 740
852 577 58 1010 1009 351
341 102 413 456 1009 818
53 98 206 803 517 431
496 31 131 787 109 446
825 145 456 1021 473 659
175 191 163 199 885 351
460 205 372 854 530 413
62 241 474 647 688 918
502 58 298 729 578 996
73 511 393 376 632 446
471 153 833 649 360 852
92 563 330 618 883 382
383 155 211 669 909 1022
667 333 338 746 419 707
129 320 170 233 612 575
91 358 618 832 725 730
359 38 27 506 90 181
148 40 26 183 567 746
340 696 282 812 819 993
862 530 254 1019 627 605
824 493 142 926 725 800
502 349 334 643 409 785
639 197 472 701 543 558
94 521 422 974 854 689
695 286 261 801 401 898
500 83 399 689 1018 693
349 597 258 563 839 322
461 358 328 675 432 998
678 377 886 771 749 1005
289 531 423 854 706 658
190 52 16 381 642 793
801 291 563 804 896 681
161 437 119 260 513 699
619 207 248 904 521 841
140 160 107 565 997 689
702 725 357 1010 906 718
542 496 461 728 779 881
472 47 437 647 704 454
62 86 582 677 590 614
69 700 639 997 896 702
579 390 242 910 1006 312
190 475 71 208 536 998
414 330 273 506 964 570
300 77 137 912 305 389
657 410 247 926 900 876
775 495 65 959 656 814
524 306 58 891 387 839
153 382 81 766 629 716
231 205 122 280 826 932
532 521 349 759 985 723
16 42 207 744 879 990
630 264 351 950 929 959
250 187 479 489 622 749
115 186 145 139 992 330
42 669 533 810 967 541
82 295 31 112 770 569
618 455 85 765 762 960
227 103 660 335 481 982
310 140 733 738 242 859
223 357 948 434 712 968
235 361 121 717 703 469
658 336 168 889 987 852
320 957 250 525 1002 742
607 499 317 760 741 706
208 458 565 269 867 571
661 573 239 884 733 261
110 265 9 791 773 754
525 883 94 615 1020 405
381 53 3 496 687 913
65 758 190 363 768 202
48 196 851 286 295 1010
916 188 156 999 469 194
153 6 720 560 518 790
231 188 160 737 749 319
222 160 517 332 753 790
394 133 63 715 873 719
201 197 309 269 534 1005
423 189 82 435 732 854
313 335 647 977 964 812
508 206 114 720 689 645
148 626 769 921 1000 902
481 377 208 513 549 867
24 264 0 45 322 213
103 297 592 838 791 953
764 82 414 996 752 695
465 263 514 879 381 515
305 221 203 989 928 841
54 284 159 295 328 742
508 72 93 936 515 94
884 714 330 912 813 936
547 75 284 587 804 612
