70
41 7 94 110 59 124
24 115 65 11 57 81
17 2 23 44 106 21
117 88 5 126 16 81
14 103 21 57 39 5
43 61 67 114 108 41
17 119 13 121 99 128
22 28 76 70 102 24
30 56 60 10 99 31
13 34 26 36 10 64
13 69 88 44 77 56
31 23 45 89 18 84
15 26 92 83 14 81
66 30 61 103 27 2
125 50 1 92 104 110
67 37 117 50 27 31
8 41 99 125 69 128
120 33 48 30 91 42
64 35 98 113 127 11
46 14 48 26 101 100
49 28 118 91 54 53
78 88 127 77 123 73
63 85 31 76 24 9
114 88 13 96 48 124
43 103 27 75 75 103
110 68 108 40 36 118
59 117 62 92 78 72
55 8 46 17 28 81
92 102 76 26 35 48
122 54 116 41 18 52
47 5 72 79 6 52
89 39 128 11 51 45
2 15 97 96 17 48
74 129 29 86 111 28
22 115 120 54 39 31
73 29 126 47 49 59
6 55 115 63 76 47
124 44 66 116 1 1
115 12 15 18 33 2
58 116 56 91 114 32
66 84 123 75 40 79
65 24 0 4 109 56
25 108 111 88 18 67
124 84 62 84 4 84
117 87 30 77 93 108
93 112 122 75 87 30
113 61 103 72 104 11
33 12 31 42 105 62
77 100 53 34 40 50
5 70 10 20 46 117
114 38 42 69 45 56
103 61 59 108 124 4
77 106 40 120 60 35
82 56 39 8 14 55
25 17 50 78 73 39
26 25 1 55 97 94
91 41 21 90 46 67
104 28 72 0 51 53
7 37 45 108 28 30
107 117 53 20 38 114
84 35 123 30 68 40
103 55 100 116 92 16
1 79 111 76 97 87
102 121 113 15 107 106
59 92 62 85 93 66
72 103 69 42 7 7
57 98 125 68 13 42
25 60 66 101 9 15
81 103 49 60 108 124
43 36 95 72 18 21
