375
41 8466 5723 6498 9168 6334
3279 5705 8143 4462 6826 9961
4603 3902 153 4827 5436 2388
5447 1724 4770 8715 9717 9894
5665 6297 3809 9894 8701 7034
4664 5140 5545 8251 6868 7711
35 2858 778 9741 7527 8723
1842 288 103 9040 8942 9263
5349 5005 1098 5889 6729 4368
2622 1839 4966 8755 4082 9953
1322 2436 1536 6943 5537 4624
4639 4833 1112 6540 9656 2702
1670 2384 5021 8743 6922 9071
3984 3289 6511 5572 5097 9161
2051 5573 1150 3653 7348 4031
3430 1104 188 8006 1336 5456
4944 4219 2206 9758 8909 8587
900 2588 8761 3029 6412 9166
6483 535 1546 7622 7593 4041
833 4019 1019 4596 9374 7346
1999 4734 53 8281 6416 7936
467 2481 4892 4646 3728 7806
2811 8934 4308 7616 9514 7450
1553 1007 300 6224 2796 5844
3195 483 1587 4342 520 3093
578 3457 4797 5198 9795 6618
3620 7155 470 8007 8537 2291
9655 2886 6191 9814 7958 9155
2644 53 326 4270 6360 4886
140 1995 321 1879 3842 1416
3557 5075 711 4387 8474 7890
3400 7860 4687 6867 9789 5254
1423 284 3755 4180 8615 7086
2154 1326 2368 9975 5719 7188
3434 142 7441 9512 6548 8059
2422 2528 2547 6686 6278 5994
193 3193 3297 414 8284 6104
1313 669 1700 5732 8113 5786
807 51 912 1182 1832 943
481 3644 3194 9557 4144 7980
465 448 1172 5535 2043 1657
22 647 3185 4745 6152 9508
2168 4017 7391 9905 7957 8786
4414 5872 4370 9332 9314 5822
7487 7772 2267 8177 8295 7518
3984 3102 4802 9211 7627 8480
1543 1924 1022 9970 3060 4180
7591 142 3030 8492 2723 7221
971 4269 2411 9186 8360 9168
5758 2549 140 7285 8895 4667
1692 2125 6300 8017 2656 6574
1018 3849 1117 2591 8462 5482
1057 1926 313 4757 2167 9010
2756 7085 5109 7882 7164 9563
1925 5421 5629 2625 5625 8518
194 2522 1264 4594 3737 3260
768 324 5545 5030 6411 9009
4923 185 1761 4940 849 8661
3006 1476 1200 8957 7577 8365
2759 5108 1111 6477 9356 2324
4459 2426 2992 7382 9404 6540
2353 4484 554 8822 6072 9348
3269 3356 9335 8526 3867 9359
111 2716 4421 1584 4039 8695
6559 2052 2294 9853 8932 6961
2530 1455 2607 6971 2963 4368
66 2223 2140 2937 2846 4675
173 1457 1626 3221 7869 7824
2699 2192 2277 3848 7397 2733
1993 175 5703 6962 547 5880
1461 4853 874 9854 7609 3141
39 8294 875 8442 9313 2672
692 3168 3829 1017 4931 8110
5988 5144 2589 9089 9496 9352
2042 1191 335 8759 1257 7605
3829 3773 606 9290 5997 7548
1237 7811 6127 6467 9539 9172
5822 5601 3390 8683 8213 3990
8025 4084 74 8785 5497 4968
503 1219 2661 5706 2363 9010
911 5540 6704 2163 7591 7619
303 1421 1096 5203 4975 1539
1074 1543 2911 2971 7863 8710
5261 5943 2865 8287 8519 3984
8316 1130 4470 8321 7868 9601
4422 3527 1599 9761 9899 7102
28 1541 2636 2088 2943 5345
608 1588 1219 4681 2057 1341
2842 690 5618 4145 1428 7949
781 7038 2223 5184 8034 9853
4764 3359 2254 9922 4944 4954
1023 353 998 2547 9496 8583
1193 1946 5070 8075 7912 6141
624 2401 6705 4427 9810 9374
4735 8256 811 5994 9139 6652
1355 1013 1131 8229 7840 4624
1632 892 352 9689 1650 5662
6302 2231 5454 7262 6633 6301
2316 4213 1078 4026 9198 7107
1902 1358 5263 4153 3676 9641
3652 671 1282 8487 4946 2220
9007 2617 257 9368 3878 3969
5311 2391 2682 6502 6698 5589
2507 1458 3959 6410 9961 6234
4699 3970 58 4935 8867 6262
209 8329 3039 7815 9286 8080
4482 4772 6541 9813 5949 8380
3975 3071 788 5896 8131 9954
1361 28 1723 2940 5789 5182
1332 1972 1071 1885 2865 6151
2598 3309 4693 9676 5628 8648
2248 6665 1528 6677 7864 9419
7516 7679 8664 9085 7724 9963
1661 413 6064 9307 4720 7901
2742 1759 2267 7529 4806 8421
1134 3479 1012 4305 6628 4112
2289 1054 5343 9150 1291 9994
3711 5131 111 6438 7958 4720
5267 7479 865 6421 7916 8237
1194 2021 1146 2157 7462 6631
646 4098 6602 804 9456 7828
797 540 446 3881 8351 8313
2334 5826 1415 9896 8396 3850
4518 658 229 6924 939 9558
673 792 2359 1751 6397 3144
5074 4513 1520 9568 8638 7661
3233 2569 905 9464 9556 8960
7468 330 1920 8348 4332 2923
7636 711 2392 8336 1278 8162
2505 2623 3 6336 3336 8662
8372 7085 8194 9280 8650 9152
7572 6249 943 9172 8818 4639
7585 5565 1447 8419 6215 3805
3508 297 6073 9166 6892 9694
1169 6266 7356 6029 7967 9425
4182 907 3550 8779 5389 5494
474 6972 4460 4901 8253 6819
7592 5603 192 9789 7950 6342
1671 3437 3427 5912 9762 5967
5204 1758 4319 7222 9484 6432
7691 1785 1366 8166 8699 8530
5021 2376 6220 9329 8282 8581
1108 2179 3854 2016 4775 9220
1642 7534 5676 6486 9676 5968
2193 7783 5870 7727 9424 6827
1026 1407 235 9508 7185 5545
2111 3648 5126 2499 8850 8147
681 7463 265 7712 9792 8633
3876 5768 702 4899 8440 5177
2176 2237 167 8823 6594 8023
8180 1057 2525 9487 1670 7926
2742 5781 1284 9860 8610 4472
716 937 1881 4863 3503 4866
6061 2753 805 8597 8456 2661
1386 2072 7586 6365 7833 8360
6766 1735 3838 9490 2432 9809
1368 1241 1792 1979 7328 9350
3264 3497 3241 7431 9535 7208
189 6099 9811 645 9523 9850
5695 4919 7779 7198 9853 9990
2523 3486 899 3340 8483 5538
1840 1494 2785 5009 1560 5833
3548 1576 3209 8789 3391 6977
191 1273 1495 3825 1620 9789
416 2923 159 3449 6487 9072
207 2604 4195 5369 6477 8502
2889 1160 1055 9018 8759 6682
2741 395 5459 2862 4954 6813
134 4386 2581 7030 4680 9198
5247 241 1755 8670 3523 8881
177 3578 5056 7296 9916 5677
2678 4079 2995 3727 4674 7751
1242 3607 6172 3093 9927 7514
5651 985 2144 5973 8922 6748
4628 5468 2910 5790 9914 5874
638 6050 236 9815 6947 6855
8160 177 3181 8394 6954 6096
6877 2577 1076 9261 4139 4611
6149 3333 3864 9973 3488 4748
7430 4882 1807 8520 8896 6366
6538 1348 6321 6705 6479 9446
5757 186 419 7664 8486 3455
2502 860 1345 9251 1776 2429
2104 6279 5820 7295 8752 6019
1774 9135 1375 8317 9857 4996
634 1643 4747 8153 3231 8886
4198 853 4959 6450 4800 6361
1550 4351 1181 3243 6473 8272
2529 7464 2112 8642 9981 7172
2369 29 3989 6888 6670 8805
6576 1292 2206 9658 6947 7205
5528 1017 106 6696 4787 3692
1615 4015 6625 3684 9168 7905
4388 5198 1784 4485 9198 2419
3580 1331 318 7413 6085 7267
4506 4360 7152 8072 6429 7826
7603 337 406 9884 2676 1308
35 542 7355 5000 1386 7536
760 491 986 3092 6583 8217
5083 752 2102 5664 9094 3524
3343 2591 3656 4872 8106 7078
3712 966 3251 7214 2078 8766
3777 661 2095 6651 7934 2258
6833 5678 4071 8454 5725 8976
439 7375 1560 5602 7831 7905
507 79 1199 1836 796 5340
4771 8546 472 7740 9096 8880
707 2953 664 4141 3586 2480
6224 1009 2010 8135 1454 8761
6016 4510 3715 7921 7366 9248
1893 2758 2638 3335 5303 3169
3652 8660 4031 4789 8753 8681
5813 81 1419 6251 2715 2243
5004 1045 467 8863 4769 1594
1321 2585 4708 3988 6540 7679
3953 181 3587 8468 4978 4777
2088 2934 9031 3485 7194 9778
1806 1000 2669 8964 4565 9104
2997 3545 3596 4217 8838 4843
3489 7604 1598 9262 8799 4722
2361 361 3565 9770 7721 9299
495 6740 3013 1809 9149 5021
2653 3822 1608 5278 9881 2704
2288 1336 2223 4602 4623 3152
592 9128 8221 2330 9731 8845
7336 1961 487 8616 5750 8133
3222 1908 6735 4472 1917 7370
8184 1053 7604 9561 7075 8380
4682 665 833 8282 2778 2278
736 2116 554 8027 4090 575
4580 3432 2136 8793 4874 5907
3351 474 38 6788 8329 6289
2188 4892 1487 3239 5786 3053
1695 4174 2465 7003 6139 8478
5825 5721 3836 9513 7619 9991
6941 1890 1023 8978 4832 4242
500 5139 686 8346 5890 4635
1687 3161 8935 9124 9409 9876
720 2192 2564 6703 3873 2663
2422 6865 3188 7811 8243 9467
499 7225 1200 5021 9615 9099
8456 9405 1530 8636 9458 5965
555 588 1492 8044 7531 6801
2318 132 1775 9381 6272 5789
2257 2077 893 7953 5331 3585
7232 721 335 9610 8989 4269
2352 2680 479 5300 9658 8989
2360 6135 2192 6894 6741 8007
1847 1354 3939 4042 7469 6344
71 59 5383 5708 7502 9462
2071 3529 1549 5154 9148 3730
4117 4063 6361 9551 8771 8469
5869 4397 497 7103 7350 5677
1085 1563 5832 9850 7021 7240
8578 5476 5220 9874 9177 7614
2176 1632 6856 2883 1662 8901
2685 8886 3917 9021 9273 5839
388 1748 65 1266 6932 5617
3027 8629 4588 3150 8630 9171
5426 6175 1068 6608 9679 8489
3891 2628 272 6839 7631 7035
2305 995 1148 7460 8290 9661
4883 3659 2657 6640 8701 5566
2762 1497 6839 7208 9600 7281
175 578 6785 3271 4287 7997
699 205 2461 2117 530 7540
2934 480 611 4397 3760 7096
7670 536 537 9160 7746 1474
5432 2252 3757 6759 5752 9063
2758 392 545 7271 8791 6192
3690 2624 3693 4666 8209 7498
669 872 928 1646 1148 5596
121 1443 1731 8153 2859 4434
950 305 8221 1392 6703 9864
47 2466 3929 808 9813 6089
506 5158 7195 598 6473 7588
1446 40 26 9364 7974 3818
4675 5393 2569 6410 6840 8639
3388 81 1083 8187 1247 8685
5500 3565 859 6422 4275 3872
882 887 1263 6646 4923 6478
2926 3854 2520 5821 4771 5132
6333 999 2737 9310 5974 7590
934 2142 3572 1825 8717 7281
8692 7162 1717 9905 9538 8045
827 839 3394 4113 2645 5856
675 1860 1237 3772 2480 2069
132 1401 6125 9202 3275 9078
7476 1423 662 8720 7938 1136
5979 6001 7961 8860 7698 8447
1282 2944 256 5136 9507 3992
7667 676 119 9855 3039 8891
4715 7614 841 8072 7928 2535
1828 2447 4239 3451 5093 5227
2273 2169 2883 5037 8132 6862
4877 3022 4192 9398 6923 7083
3783 704 676 5767 5406 4789
540 7732 2084 8084 7997 5188
2595 1374 2926 9667 8107 4252
818 2438 2290 9102 4317 2599
5806 3786 1476 6812 4632 7239
2554 1988 7441 6797 3641 9001
7056 8508 6533 7707 9760 9831
141 1617 4343 2159 8841 7259
413 656 5934 3062 4591 9759
6122 5507 3369 6250 8737 8007
1790 4956 409 4488 7012 5440
3542 5400 2673 8472 7373 6266
532 760 5469 2500 2726 7106
8390 2568 2492 9471 3405 3518
4261 1407 5471 8037 4360 8605
489 4522 1227 1513 6766 7886
5737 664 7552 7283 8160 8522
42 1684 2043 5384 8315 4629
3154 463 1832 7758 6917 5629
1096 4005 6319 3052 4312 6468
944 3792 6258 9005 5462 8628
1334 618 4170 5312 6625 7116
3773 2999 661 8865 4692 2211
3789 361 1384 6379 942 7876
2945 3886 306 9559 5561 4503
3836 1981 4346 6464 4074 5316
3832 1458 6461 6990 7121 7328
2317 4178 1595 8400 9913 4115
3972 1450 1502 7028 7980 7907
5230 5385 8400 5365 7156 8679
1242 2761 3477 3687 3170 6238
1405 53 2654 4592 7309 7171
3376 997 5788 3674 4318 6585
8717 6917 6608 9742 8388 8258
1394 2714 1457 1477 6852 6300
6158 2293 2053 9847 4853 4270
470 427 558 2239 9419 2686
2270 2208 2258 2858 5327 8982
1978 1897 780 6538 4468 7887
2317 3508 2050 8632 6132 4555
2949 1691 1093 7842 8139 6465
1815 3490 1290 6097 9551 2695
5294 1708 2386 5628 5809 8784
6292 4961 4213 8567 6120 7391
8705 4712 7011 8912 6693 9663
1048 1766 6622 4380 6944 9907
1127 4632 7575 1862 5126 8238
1474 3154 934 5099 8398 6558
2927 5622 208 3537 8027 7921
783 3293 442 2252 6526 1319
4630 3639 8934 9270 7452 9375
2795 311 7262 4247 1539 8763
4462 168 4247 9554 2554 5450
2328 75 1001 4097 3330 9043
1737 441 3380 3842 9800 9622
1088 2627 6329 1363 8852 8613
3402 3113 3290 7679 7575 7835
320 1152 4508 4393 5195 5947
7609 4826 3202 7665 6779 7254
767 1714 251 1802 3682 9476
3992 6632 967 9284 6898 3884
6255 3899 871 8982 9908 2305
9525 7137 3995 9768 8231 8343
4511 4591 530 8010 7879 1031
1924 5906 224 4442 6188 5191
8092 432 3223 9092 3582 8867
2683 2848 538 8236 6588 8758
2403 5225 1141 5810 8040 6300
1638 332 698 8802 1004 8366
2310 4616 1084 8395 8339 8456
1519 2910 6279 3453 6356 6845
1893 2471 3454 4327 3413 4448
3523 8211 5401 7928 8695 6823
40 4640 2533 2185 8124 5077
2618 7690 401 5117 7717 5291
9009 747 2850 9977 6923 4026
1544 1344 826 3621 4351 2035
5299 2054 1727 7570 6884 6404
5844 7092 3187 9990 8165 5717
