 4 13 
 0 0 
 2 9 
 2 25 
 2 27 
 3 8 
 3 32 
 3 38 
 4 7 
 4 13 
 4 19 
 4 23 
 4 25 
 4 31 
 4 37 
 4 43 
 5 22 
 5 32 
 5 48 
 6 23 
 6 29 
 6 31 
 6 41 
 6 47 
 7 16 
 7 20 
 7 22 
 7 34 
 7 40 
 8 19 
 8 21 
 8 27 
 8 29 
 8 45 
 9 18 
 9 26 
 9 28 
 9 32 
 10 13 
 10 17 
 10 19 
 10 25 
 10 27 
 10 31 
 10 37 
 10 43 
 11 16 
 11 18 
 12 17 
 12 23 
 12 29 
 12 41 
 13 14 
 13 16 
 13 28 
 13 34 
 13 40 
 14 21 
 14 27 
 15 26 
 15 32 
 15 38 
 16 19 
 16 21 
 16 25 
 16 31 
 16 37 
 17 18 
 17 20 
 17 24 
 17 30 
 17 36 
 18 23 
 18 29 
 18 35 
 19 22 
 19 28 
 19 34 
 20 27 
 20 33 
 21 32 
 22 25 
 22 31 
 23 24 
 23 30 
 24 29 
 25 28 
 26 27 
