83 59617 53505 14257 56101 480001 8585 1040821 9181 120841 271585 322081 31489 761281 41041 74251 167581 24571 51073 216009 34581 81649 35905 87557 14113 267961 22465 34841 180895 141901 503563 3333 591625 147841 8177 39649 402409 262657 100189 1332801 1633 2241 299377 1201561 47881 441601 2641 855361 75331 105337 715861 241165 933889 35155 75141 570697 3441 106625 149761 29761 125581 11137 365401 84241 115201 1084051 73789 325009 203581 35641 65017 226689 5953 2241 104449 248293 61629 108289 631 49141 80785 59521 285181 50001
70 12105 160777 403201 1020801 28713 206081 416641 691201 89901 146035 29107 113281 353557 24701 190257 846601 5473 294625 166453 718537 676801 296185 208545 233201 175399 1133809 33025 923521 150349 168913 1339273 117217 51001 57421 350169 1270081 240949 662481 9235 20741 82081 882097 97581 685033 363091 629801 383041 63505 291601 171457 34501 256501 28513 15553 225793 905697 344101 30961 139231 2281 90529 276277 781145 107521 3921 12601 865 949621 259073 302561
97 1076825 45901 450847 42769 13177 545377 173605 219357 56455 209665 6931 9073 305761 3001 20747 12601 745477 5395 525085 193689 711361 315361 384001 60321 591091 262483 261171 619889 35881 123013 111385 6785 480481 136417 366301 23761 2071 49801 67161 577921 40825 33001 479827 174301 293437 345713 992529 238261 193501 335401 194617 52289 455521 1133155 210241 427801 201281 20879 190849 135257 152881 21201 1368577 131335 72361 163 54333 6401 414401 57 205801 1034265 126751 256361 421825 107921 695521 529201 8545 340327 194833 99793 95977 61777 44929 1033201 107641 375907 141121 303681 36289 87553 91873 586433 87649 123553 4271
79 194689 583491 688897 196789 7953 523393 233921 361089 783021 809425 262201 183521 1027825 89101 11485 929629 45121 17137 54151 5329 555561 459265 60841 19189 31201 2289 118951 367417 751607 39331 29809 470251 191647 171081 200565 1191361 66961 26181 193953 36001 120961 19921 109441 170641 190633 255301 669439 64481 155041 468721 1215001 10609 381617 583297 54601 451137 1607401 68641 9621 231001 6625 58777 367489 799681 10401 314641 132805 866869 4049 109341 545293 137809 11905 1501949 26449 43777 388333 38325 7681
97 133057 332641 321641 1002241 809117 375151 96201 638113 442373 1025025 11009 2017 271189 150337 147421 24129 609121 102397 249481 1221201 95817 984771 476929 464641 404497 512395 725761 1250305 22681 570313 64801 757791 4641 1293 369601 7561 6049 710641 149185 50161 99361 106921 252001 310465 1569 15877 95041 79921 1337601 7401 620005 793601 6481 51411 155401 268401 308001 22849 145531 77221 699201 15709 216001 3601 349763 8737 780913 1585153 359269 56863 651015 49821 427721 1276801 33749 48381 213013 517441 185251 102061 116801 324577 43149 15391 576577 213529 7841 476785 459229 228533 13387 71479 87361 573253 150661 226951 261171
52 679471 669121 7427 525505 118273 777601 51921 14111 9121 88465 2437 108193 738817 33793 75681 317441 31165 410689 3105 62371 331171 174241 31825 64033 360083 52417 14757 116281 224809 44557 37351 309601 31051 289073 7993 103601 62641 737265 756901 72671 77761 15289 264601 61561 239761 347005 303993 395809 356731 40941 4741 119001
44 92801 13525 726001 71037 9185 16561 180181 65773 432001 95305 849817 225331 24769 183751 154561 624681 205903 57121 287685 462561 742601 188969 44305 6891 893773 117301 907089 160513 12961 694451 153901 25457 783805 28321 65521 163017 983165 1395931 5521 18253 23801 44641 309961 147601
62 14113 2401 231841 46801 469481 7057 27133 138943 187681 141121 148993 76897 44353 67201 324163 1121581 137105 124417 117261 78017 671501 545749 149953 105537 9721 147393 419153 201853 703561 5201 399589 1163409 703801 22777 7309 147841 81665 11833 252001 1133861 22051 88741 11857 41665 493921 363529 13441 145 232321 39041 884305 6101 1401457 22081 15813 23941 1188001 29485 81217 93289 260101 980425
62 445481 233857 3121 438593 775657 122149 613051 306937 1176129 181889 178433 72541 441601 625333 23185 30811 180001 719201 445501 564247 72897 43153 138881 1001001 321553 7001 738721 64429 37601 625241 324121 589153 1221473 822313 75265 497081 139201 29537 177009 52417 384711 1055361 495553 16001 185473 16193 12013 194017 158977 475601 25801 6043 83641 88505 31621 95581 169201 9025 399601 129169 378401 17597
86 60589 1102739 153601 178093 104053 15961 83497 57601 110593 12321 16641 305449 297793 15877 5279 48361 70551 78401 16059 444277 17821 299089 1035301 448801 204121 577537 44545 184705 538997 22073 5041 30177 74257 351257 51841 654721 9901 82657 228097 225853 631 108487 229825 153973 112747 630925 276641 43993 947851 16563 80809 196769 19201 146287 3235 4201 415585 162163 215041 305521 1377 70123 175969 86451 234601 1233 4601 109761 34749 435709 79489 68069 188101 44161 42751 23497 12673 57241 291061 16849 39313 31305 47737 76739 15393 285761
