19 1289 56421 135301 148105 162997 27521 17109 92401 101921 38897 124033 3361 91001 69317 28645 100301 220991 71115 59509
31 31921 38065 123649 226071 48385 83161 362881 76321 108301 61993 17161 133381 15049 18721 371281 27721 211501 212977 15481 20065 20179 12385 2745 9881 102425 286945 16801 3877 4999 389401 115073
49 96769 25297 46257 118561 1717 137593 140401 3713 3025 35281 11563 15201 107137 8881 9985 62497 65101 21001 61777 321553 8551 41991 3025 39221 279181 3121 4489 54991 32017 62721 1317 17161 80561 64261 14631 1261 30801 349801 43905 30465 24889 64769 9201 11701 21953 94669 11629 164641 227137
64 1723 4401 21505 50689 49141 22645 26569 47233 128897 64585 7441 5941 43661 13441 53245 286519 5545 49777 94641 109121 44929 101993 151201 71425 246241 43501 1431 107017 50021 56917 95233 35201 34041 33281 286701 26101 124609 114661 162433 1597 253765 39271 11137 69889 20747 204289 127441 56317 18061 897 84449 51409 55201 3225 40665 26401 137345 235765 88085 46551 166945 85273 25585 200449
28 8641 100549 1261 7421 5851 39481 112321 46971 29265 194041 122893 76571 190081 22639 109201 19489 165601 147001 259777 18613 29185 106191 69541 105301 5441 43057 142253 3817
49 209881 129601 3697 1969 2905 2833 9691 39313 5797 21205 225853 53353 20353 86581 6469 6049 2833 59473 33881 9857 161281 44461 51085 20197 14977 49609 4159 231661 64539 50233 67321 86401 25001 59137 159937 175537 23167 123877 24769 49141 12241 3809 22501 13453 16303 49921 79423 130561 25345
4 48601 68377 31249 7681
1 60721
16 203743 21781 7201 815 62209 187309 215697 16741 161001 76441 134401 4663 4681 9729 21169 6401
38 6301 5505 17473 2881 1901 351001 213441 35089 281 20989 56241 5377 105351 11521 67049 7041 41725 186967 196417 153065 26881 174001 101681 91631 29121 42241 46751 22449 59585 6001 38013 5041 1409 29737 3721 55801 2205 5941
