50 143001 25273 103871 24865 16321 78625 243985 29569 57457 107849 368941 2661 174049 28601 119233 4983 20131 93025 15841 20977 9283 3801 179551 4081 38641 51481 101309 76441 554401 13249 22309 178637 15313 70201 86689 124801 31047 34657 19033 60089 3193 64501 32401 24013 350065 19489 383041 6001 16831 96361
29 269 84501 1585 337611 453055 49249 156129 25231 1441 82941 237601 14641 103937 37951 197801 9745 2731 36609 3329 274011 15121 177945 257521 137925 133813 107521 32605 148429 23801
63 7981 11775 11409 8893 49951 274627 25441 2577 18145 87291 525455 131041 19741 90301 42805 118681 3535 114571 29281 19321 577 118845 66961 11593 11881 8443 39061 43957 7657 79297 43265 9505 29737 224353 42773 25089 183151 63901 6553 3841 72271 30361 265053 59785 112101 131041 60751 12241 222977 6721 45289 3249 68251 32449 231337 1177 26681 180601 31961 110377 298369 51101 28351
47 393 5617 594221 7505 147421 454065 7009 470121 45241 28081 7281 113401 311221 273601 3313 15997 48751 46251 10801 382321 10781 76671 56833 102145 25081 77441 5965 38611 17557 300001 250417 46801 123121 126225 6817 376321 10441 146833 158577 131545 162241 3961 496401 26101 769 20401 274541
36 63105 56641 53677 14431 113 112841 9721 48301 118105 142001 50693 24651 18481 3201 156801 1129 18409 175617 171081 5633 1281 252961 35905 102961 227361 94753 17051 24355 7177 182401 11201 63801 9559 237985 45121 133201
67 103681 29821 228001 3585 4537 317521 2965 222457 31681 36961 22621 177829 130501 107101 1297 36289 139105 126721 2817 263121 73417 5401 484705 96991 14281 52417 641233 360529 42229 164737 5953 183601 32413 41355 255361 26839 1585 162541 398311 66301 9177 47329 257153 51073 37089 6697 277249 41953 146741 29329 40591 1121 51745 370441 89839 33041 45937 391609 18481 102817 72689 241501 36557 85121 1861 32401 140701
29 304641 74177 68881 171403 7281 45001 181897 62193 7821 81697 50113 7401 123657 31681 19873 171289 15429 142969 5201 84241 40657 202273 28421 244993 93241 8805 34273 311041 61321
63 7809 152929 175681 285325 18761 3079 52993 51061 14101 31201 263719 215833 216577 162361 134401 22881 150553 34841 73441 64329 833 5773 167581 35829 75 45101 230257 231151 2157 22081 123481 16201 15809 444529 35281 2977 29377 33793 29009 468969 1191 25761 30451 645841 57601 321199 61125 76097 19041 45409 51457 118441 15391 33409 38701 46905 89601 109061 111601 25873 168169 435 67167
51 14961 30241 17409 207901 311221 26881 37841 55615 21709 386401 55861 4027 40129 32833 1471 2941 288513 178921 183601 96001 3725 113401 18577 253765 7981 295681 349801 60161 17341 19381 73585 85801 47501 14385 205021 4347 36937 72733 317521 11881 12097 198361 36501 4693 180577 8513 42953 144449 107649 114265 11077
1 28081
