31 4501 7425 58081 281 12065 31213 11761 2341 87041 6513 15913 1675 7615 112201 60481 18097 40501 265 69833 32201 7201 46621 22681 42625 40921 3081 2593 37441 2881 10305 21061
38 8821 85915 128249 1201 30913 23661 1321 60481 2433 26489 42241 82561 19009 17473 19965 111001 130201 20091 34189 5131 16171 1001 56321 54741 18973 26589 7681 9725 23801 18051 43905 937 34633 13873 12529 197801 55081 57869
34 4321 33489 5101 211 18817 7481 37585 4621 61201 93601 78209 117217 18001 21841 35003 397 43057 28337 6337 50221 73 12973 98281 1281 21781 25841 2753 28513 2241 84481 160001 6913 134785 3457
48 61825 12961 39853 50275 62401 103489 6529 34123 409 44101 4177 28865 17665 2623 8893 100801 75201 11265 18901 9217 2917 56577 97217 117601 19345 12001 2313 26569 181203 1769 2151 4321 1057 1945 4369 1261 29233 151361 12937 9721 57601 9385 31465 62731 13069 78261 61441 4001
48 24109 101991 10081 11969 21841 2941 1381 10921 14401 27049 10531 26461 19405 21165 29251 12637 50185 5761 45955 11481 3073 1009 24181 11545 1153 48945 32713 38017 14961 57409 17767 815 12481 6337 25537 9073 28561 144061 421 391 3613 9569 10261 1513 160993 25569 1009 15097
19 48361 43317 9777 30325 124993 45955 29017 4801 10297 105985 5489 43345 4357 16355 135793 17281 5677 19009 24883
18 59401 8581 97021 55937 34409 35641 5209 15093 38897 2647 93841 16241 3601 84673 10847 19441 43777 24501
31 14521 2177 43121 44773 9901 865 111229 19137 33525 4465 12937 22081 15005 7561 15457 5567 1129 5041 114553 10711 3081 11201 52625 150025 4705 35817 30801 67861 4401 2801 1171
43 9703 10165 51415 7021 9505 37675 80389 89601 353 64681 28801 2561 52701 115921 2395 2521 421 14401 53857 16171 16001 45081 1301 148897 7225 10441 22969 57001 15361 44353 63361 11221 16017 40177 11705 37857 2945 5881 26641 91 23221 30913 104833
2 6049 26489
