22 1387 8161 4555 45057 25985 40501 5401 1915 45 2701 291 1821 11041 17785 625 11041 12673 5377 2449 19345 11649 3721
26 2881 1567 27509 16589 5185 3025 3457 13873 2017 2755 17227 4285 35265 11369 3497 1567 19153 547 2201 8247 2101 2433 521 41217 14113 4501
29 577 20161 897 23561 12321 9803 209 14785 6481 1861 52081 8929 14521 5153 1057 16531 481 11161 2017 18601 18481 20737 2109 11521 10297 1041 31501 4001 24701
25 19841 16897 4929 15601 991 5833 9241 1381 22507 29569 5633 28711 63 10417 265 40195 8741 2561 19361 5221 9465 19713 1093 6085 2881
23 6961 2561 40129 11649 13501 5209 6145 2641 7501 5201 3137 1191 1861 3169 1201 11425 6529 3403 9721 2497 31921 1303 851
17 3457 4141 40987 3169 3961 39681 4801 18481 505 16865 2185 4929 2201 1345 10441 6601 6601
31 37951 22219 6805 11881 2101 769 3001 1939 1145 6601 44951 15401 10609 22101 4861 5521 521 4177 10401 10033 117 69 4001 21781 3961 2689 15121 15301 18601 11409 45057
24 45739 801 4421 3543 9549 29569 9001 16865 421 5929 301 5047 11401 6961 2049 20593 3697 3961 3121 961 53761 33853 913 18877
7 1121 38977 7681 4861 103 1345 5611
12 3585 6535 55801 12881 10401 13573 11089 18401 9549 3501 18849 10093
