91 439357 801633 1586881 64321 653401 1286209 496497 605569 1777861 532351 322219 868297 24949 1327041 264601 1216951 215461 4321 160209 1131847 787249 868225 16273 171721 113161 469201 352289 118801 287281 117237 276049 40961 215785 76561 166501 418951 75505 461161 19041 99685 1070081 107521 77953 1355641 266221 1717601 387943 433665 32401 5169 177073 49771 940897 467281 197761 1857025 192713 499791 36667 1206577 271321 63001 131401 77601 386461 1335169 283199 100701 29569 501831 465125 130833 16225 37601 1202501 1321921 603521 862867 45451 1442785 696571 2295001 254881 2784001 21001 1896601 3235 398035 205129 317725 27167
62 287761 603289 6513 621001 1504161 601229 941761 95941 192001 113345 226353 747741 556161 417873 523033 102169 338801 163297 1339867 150657 801091 209809 41737 70071 267037 302601 392371 95233 6293 20161 1025025 33089 161281 18305 194561 290701 25705 149401 650161 125713 585685 2604665 309469 119851 3321 1285201 91081 60721 401941 21441 2146849 624681 128251 355321 9913 280365 20945 13021 635817 1118041 530161 25201
15 95473 2332819 873601 143173 90611 253821 198001 544171 2045713 356929 239361 1178001 332921 439825 515485
5 176089 15697 779745 275237 401761
100 616617 209441 134137 387113 54601 79201 329617 966509 3801 663041 24421 46369 8801 148737 48115 253121 794881 210305 113851 91201 1736001 195841 351937 340649 31321 451441 1543501 79297 1009585 1083241 927585 12781 179335 675511 357697 556321 214033 55081 185485 201135 528841 57135 252001 808705 110293 1625 218961 65881 178297 2161321 191521 1291491 28561 466201 616033 1034881 1159761 1931777 1246961 637201 279681 2951425 143001 103209 74401 238621 11455 260173 231193 437101 224849 1017143 655201 1290421 1213961 187001 176089 486001 24361 1457281 892621 298497 75545 189925 603901 574081 1681 61855 97921 766261 414091 313721 313405 199585 20581 18481 382169 199425 409813 603751
79 136081 146521 25761 133341 349867 316849 363637 530101 3360897 77057 1121187 574751 54561 208117 15505 524577 1713601 1028161 199409 126127 767677 374791 55969 181945 14275 265025 601 4293 1669219 932929 18593 531961 532673 997569 1514605 24381 2064241 173053 928405 263377 265681 371701 823601 221465 889 2935729 2610465 34849 258875 1171729 184861 37101 409345 2497 50161 225829 444031 59161 124741 29929 466753 1356717 83905 631401 343981 130897 432961 46921 1025893 1302745 598793 29849 290161 51247 460909 29401 523489 58901 2553461
123 15841 2394001 87669 72717 296671 629425 747601 812085 16729 472681 346681 73569 433505 284717 144145 203729 1340481 613873 211651 282881 73711 48841 1345 77491 637909 731713 120583 59521 1484877 716681 53809 282001 566539 60417 475201 10781 665757 67891 3093715 1148401 27217 921601 1019593 913753 769601 477665 9517 521731 1176601 973351 42241 883 228961 540873 32401 14545 718751 615265 1895441 318787 31801 28225 152321 401857 7141 185221 1017451 328321 211751 499489 564325 313601 221833 31009 574817 66001 325249 189661 64273 223515 86671 393301 751521 17777 96901 1085281 287001 660001 413581 165649 556417 20385 356005 280801 60751 2153269 55201 7777 161569 115457 1198801 56449 1037233 584251 225721 895861 256929 363601 745621 49505 376001 2606521 3257 884059 740419 2737 1433377 418951 398521 1245217 1607041 261121 37261
73 871081 187341 131041 1890361 169825 10165 376993 550369 84789 17041 694273 309093 19841 887437 268489 1275121 2789 120901 32077 318817 77281 217361 454117 124961 288361 1777 133341 246451 1414741 1093681 123481 156801 767233 307021 115413 2198017 486081 1499905 10405 1979041 842913 465001 95485 12811 21577 533889 82951 291201 2195649 1419265 38641 6865 81537 674289 26209 87751 467401 6337 40993 90001 1920213 360985 121801 426361 1573581 291841 221329 265201 1695453 42841 193201 2891001 26001
75 562771 63001 803401 296209 331101 846721 500119 112997 261281 29407 39201 1020833 584065 1445665 1130323 6661 50161 726111 540793 67969 55901 1419111 176765 335731 925 77001 82945 1123123 994033 149851 151621 1354201 1045501 554581 652051 338641 50113 195553 114661 1403841 42481 97761 1381801 643545 1495201 805877 183601 14041 690229 1068553 426817 162197 138721 587665 2062017 967825 1122417 1765801 74751 184801 11301 459493 117601 22969 199501 91873 39101 328001 959141 163801 98953 549073 579041 132165 24833
91 495553 6589 1597597 59137 155821 316009 2588597 397801 136401 984961 344737 988001 385561 233309 2508001 15751 432541 469405 229697 79619 666121 136641 607465 2551633 1189501 616033 1110033 11521 861953 797641 1121187 632433 454117 758501 629425 704185 249211 151537 1160701 152989 121777 32569 1897 116737 4501 255025 260481 143963 1536151 5201 27355 159489 28337 331297 36097 766081 32929 1606501 1879417 131041 455401 573277 131209 1505449 23089 241165 30871 944001 464361 202497 4321 62161 457471 244861 137197 586041 386241 8929 21561 3301 196651 95401 960961 494101 1014833 7729 1234241 580337 123761 68883 879745
