13 11089 1431 9101 4951 7221 1081 2773 5237 3361 2593 2143 18751 17
2 25001 9073
18 73 571 2889 25001 393 577 1153 3367 21 26451 4789 57 4561 573 6273 3601 2201 10305
7 3313 5633 3801 7561 3169 397 3095
1 9001
9 22081 463 145 1189 5041 1387 801 3361 2993
20 241 901 14081 2161 37 4801 217 3041 1497 649 613 2881 1345 12937 17281 785 1765 289 5501 9681
12 305 1501 8713 313 7201 451 673 4447 101 181 13441 2497
22 415 7201 865 6257 1009 9615 2465 1921 69 51 7561 8001 1001 4481 1331 451 8641 897 2185 8281 13157 1441
20 3725 961 241 401 2101 751 2485 1621 5509 1761 7393 859 73 5321 701 4105 1597 1009 589 15457
