100
59558 76483 85922 40085 57906 29278 61345 32304 87280 47162 59224 28765 29961 49375 50244 66254 36878 69706 15192 66772 82270 60943 67369 20966 91142 43102 7008 27218 41347 92034 34733 67767 20265 26659 24599 67529 38632 27012 16444 77812 55660 1858 47272 27635 1324 63653 61536 12679 28288 68624 65829 80958 94411 97473 49080 91685 57637 39530 45826 22981 73752 84901 82787 93847 75551 73411 14817 67813 42953 52458 81493 14662 33767 2362 72415 19651 34117 24485 41029 24854 2842 1497 85195 26353 24278 73611 72034 19113 18939 85627 66908 10154 94771 10081 1175 54889 44581 64061 87305 30225 
77260 28457 19714 32075 90247 49038 77271 2149 88930 82495 40238 58067 38974 20025 46252 95588 63089 36128 56844 91194 94954 59386 36823 25871 59891 28732 96664 40162 53218 83035 59013 8694 13430 11225 96330 33133 26738 7163 70252 39707 93158 48754 13955 10367 6364 87385 81487 4636 42049 51274 98737 22353 98220 28625 48691 93862 66884 6784 54289 44670 6696 37470 90074 96733 12549 2329 83647 78763 83665 22141 93625 30145 13420 70197 71134 50698 18393 82674 89854 42427 71494 67768 90820 80297 67159 65245 73263 32200 70329 65237 93682 63308 30916 2446 31830 53439 86357 62871 48520 60310 
39584 89086 53656 64084 58697 11998 94102 78898 83325 57457 74927 94726 61612 34109 47323 64976 68495 3704 47191 96853 64285 16812 57113 58475 92758 40277 54325 30911 9208 60443 12615 62122 97144 81172 70882 27304 62452 79084 35278 93046 85385 58729 77189 23027 85431 94477 45820 44353 9662 34901 45649 34870 25208 72304 10220 30519 47056 77938 40870 18495 65029 77860 66330 64333 27365 9943 5398 94354 34195 34183 61705 69153 86151 49416 78943 67259 87033 41190 64621 13087 82928 13771 82126 48334 85057 11854 44593 88512 18449 8634 75201 38700 16058 6630 26827 35585 98298 58168 68282 69471 
41981 89158 15803 76129 90777 37793 40448 51607 68343 36358 51160 22197 54282 64313 23443 3209 30844 88072 96229 92866 74613 60244 34509 83245 27770 14314 72890 67571 95688 19272 54330 1189 38517 78559 72139 68270 56919 4478 97942 68533 98368 79344 96052 84200 92476 91576 78778 24876 80209 16255 6107 61525 19604 23127 37204 1060 82596 38107 82609 56077 76591 79927 24040 77164 48723 61920 64097 68394 31825 57840 26998 20616 67278 67707 93079 95272 54280 62893 84567 91363 78206 62310 19984 92986 8629 42566 16132 61071 42408 3105 78909 33555 23342 72694 74492 19828 66849 20144 22072 29953 
62668 36980 22909 80595 6914 66790 60263 78770 38032 54810 8926 35550 21353 52852 36741 51143 84669 60419 61128 35940 24823 48790 46515 39415 54353 75124 91108 9298 3614 5833 90471 69015 71808 63450 19219 85328 74338 27995 36403 62582 27778 52598 19432 5518 36186 35666 60823 40840 75664 91432 37757 71753 88948 88111 58501 81616 43310 61152 47227 35749 33486 5610 37679 58069 77392 55887 65220 82423 59857 9407 8845 63922 75715 76309 66453 82792 96316 6252 91540 62235 57820 59521 80103 6040 33332 11458 94371 65571 60023 81050 54877 47805 60004 23174 93120 52201 85062 52916 12630 60715 
74661 83935 33118 9172 64771 46531 88987 87616 27710 87002 39286 48286 53692 18185 48227 76380 56094 47548 56649 91207 92548 90685 96935 53243 81619 20140 49000 89164 12758 67951 40306 1343 90796 46833 62425 9538 34360 51743 36820 47284 13910 33202 36497 14508 13530 38207 80875 46535 26627 26734 88613 1747 39675 71835 17470 5529 53071 7772 20278 2744 37410 84999 18085 80081 62965 90822 67789 14077 55495 84323 14791 38710 53057 51768 20065 97643 52892 81703 80727 74773 58921 54604 91261 93498 33197 91686 64135 4355 54758 53949 23135 64644 66376 93103 74297 8075 80398 86983 82500 12063 
60492 14788 38076 1123 68914 17483 31474 3416 25222 64988 94984 41441 3037 96389 10738 11985 17517 93704 78474 26415 76040 65059 27495 45570 62008 83531 84520 64108 96121 85028 64773 1555 9960 35824 12097 74392 63286 11734 93009 19058 28531 1138 65333 43199 87580 62254 90476 10111 49471 4593 41789 95079 72331 65572 90199 27975 13924 86553 72976 46918 36061 95068 84666 67012 42040 94743 58918 37267 53713 77321 73880 63188 65021 76599 38612 92206 61795 11269 16015 59414 98218 26763 19267 16454 61061 15481 47554 56177 53800 50097 54118 85864 75783 83095 45685 34780 54687 16830 9335 70298 
43767 91864 76492 30130 87913 81025 18154 93315 96645 81415 52039 96843 60985 29290 44838 96508 30232 25495 73806 81385 27412 31329 74010 11671 76279 58183 88515 4766 90382 96934 91539 30592 10099 93958 28711 59374 33702 25344 11342 53401 70424 91679 41209 96238 73378 33505 6322 25272 31586 72154 86149 61210 77365 53782 17707 52291 43006 36035 92758 34863 35755 64414 33645 54990 12497 37380 94154 68883 25156 65359 66062 80782 15283 44684 34894 10492 96179 25750 36121 77338 40654 78588 85447 80033 52768 89476 30700 87611 92270 73987 68175 36213 20048 30252 39772 35968 26314 43382 53970 86041 
20719 10572 41261 93109 73144 69655 21274 26479 23473 57239 10793 11701 95996 92737 65004 44325 82530 8506 93683 82986 3432 63597 24856 30526 64872 72453 9930 12745 6712 68266 17785 93799 6886 30964 79180 53488 68761 7910 61712 2065 87987 63037 64222 62162 50245 56809 2485 78067 91113 45613 93733 42022 58699 65248 50936 26214 22759 32569 23094 9647 9882 26768 11496 24356 20164 91067 45507 25099 28198 26659 11250 56755 27505 12568 56609 73945 6106 25786 2119 49180 59084 43606 48538 32204 97048 76942 79825 86272 75931 77350 78746 63325 41078 93082 69966 71531 68706 1085 79018 39740 
18849 17923 13076 57736 73127 86518 43354 43194 15498 6427 17294 50606 91411 6774 94933 85344 21147 30685 55000 19612 22435 3224 21796 62579 20194 26104 60956 17857 19175 6889 8597 20266 80095 78367 70219 31616 39296 43528 84289 13961 44640 29178 15624 7298 56479 45681 96373 91858 81128 98002 51958 34104 56168 49975 96613 73849 90475 25768 85555 31429 88705 38527 70989 47777 41912 49391 81822 37905 81253 77920 37351 42071 44371 83272 38111 34049 73218 56874 77929 93655 15058 77373 59287 42541 31863 74659 26569 7767 69354 85332 34649 13132 79270 79742 83708 72541 38087 33562 59140 78728 
6067 5352 34368 63060 84340 97351 88264 28120 28504 17075 18037 56203 69421 84204 51107 52323 2863 91841 62209 11917 31042 23545 17743 89446 2287 5617 51464 39273 64986 61444 79237 23716 44873 83042 93036 59043 80459 4685 50788 97699 27112 30046 98410 93636 87207 31975 52887 97844 18721 93267 33339 48955 23773 55755 23764 41443 78280 69466 7717 94588 42538 72606 94980 53903 89416 37110 21095 92551 95557 14986 34303 24035 52291 48299 2692 23525 89186 8238 79450 22825 37063 45060 19403 39565 81334 14512 49975 35136 1963 77545 3394 48867 25120 28993 90622 58385 76669 21951 16450 41057 
97179 17104 61761 64582 46220 18784 12646 22123 31879 31379 59542 1678 72508 79431 47964 39876 63995 61353 17580 20992 91387 50167 40879 24164 32131 28647 53317 59724 52048 93452 70294 98371 27238 98224 92677 97883 13654 75034 34566 73990 73010 66387 25300 7792 50920 64212 86214 68351 62882 76811 72305 83719 30002 35460 85830 90901 13392 41062 75372 83029 58295 83950 27911 65078 22031 13936 80379 33555 28916 68671 81013 3230 50981 52300 1526 63414 46050 59329 40412 26926 43404 63904 59427 91937 96201 16519 96176 19621 93160 90390 41058 61403 98146 66572 95593 90913 51011 65346 67905 56650 
84568 93674 39417 65083 92731 98401 36857 26221 68783 28986 12034 94012 48423 83344 96328 62389 71062 86878 63643 39989 1285 42344 17294 18439 61313 8650 44852 93961 33556 85413 38638 70042 1404 39325 24832 45563 27436 30229 56023 97507 13327 14452 54978 8134 57418 91552 66722 64831 28548 64022 66790 53800 24013 58768 77198 57442 87697 98055 3030 9512 95347 43795 91468 41727 85169 24382 84466 91342 16840 1267 13820 92551 98146 46972 8816 25686 26999 42457 19672 28546 74072 60385 91036 30474 57649 12219 38656 88228 32275 86860 97265 34776 53630 93767 32530 33409 21987 64495 81400 31456 
51556 16282 4825 39915 69902 85827 87635 51396 93958 38099 83082 92151 1575 53437 59466 15454 12668 50500 48499 63531 46330 97251 8055 58906 67420 42102 35284 39984 47546 89338 58728 93571 50526 76362 91384 31938 97200 27050 78778 21074 91392 25654 24524 1729 57052 38055 48921 68416 90435 79144 4258 27863 59087 93946 45490 49699 3397 60911 48897 60092 97351 47730 45845 23725 57927 44682 47895 50020 83842 59215 22984 55047 36740 38665 50968 90725 1178 37086 41527 42213 24208 45967 27173 1568 68513 26301 18101 98111 54785 29284 94537 74429 48128 76858 34189 29594 37381 43504 9271 16545 
45736 15076 45388 39052 43038 19981 11911 80529 17050 4665 11486 2452 26598 96083 31955 71227 27070 76423 44170 67607 89344 96085 40130 30298 38791 85663 77041 71821 48520 64641 84413 16553 80959 16993 10318 13280 9889 98704 18454 52587 23768 89885 88460 25106 89056 76851 57191 87304 33280 36656 2262 28713 89075 75864 36735 34592 53293 17645 6410 21196 40856 80734 27163 14355 96688 22036 13111 41314 62159 31048 78808 43367 76231 44610 55899 90575 28669 44235 94916 44096 12308 32890 31729 12485 16943 72101 61366 11914 89624 78008 24040 44518 97141 82288 65712 43642 71119 20843 94525 64286 
20944 76933 26755 29753 32600 77524 21787 1168 94340 86498 56514 10600 56144 71411 47905 40510 96136 84304 42841 75564 29998 84614 74719 9591 5258 41023 78516 49108 56804 78617 75778 68562 21684 32546 94616 56356 35043 66565 54577 11521 25900 39172 37328 31056 7735 79135 39381 17714 34695 75567 48523 30664 62605 18496 32263 52184 79726 23133 12601 72193 80024 14141 14182 53344 37963 8194 15144 77647 73071 19374 31657 34656 15167 7066 8680 7561 39610 16784 97792 26842 19645 34237 57205 67564 69249 17215 84299 42342 73548 79912 77207 85661 83478 74805 65998 8392 21034 38239 42199 1915 
87217 89129 78796 4071 38314 86866 94333 28468 85051 59869 30379 70645 70030 91436 18791 12626 42231 46097 16111 49678 57225 90451 28054 66745 44116 12277 33725 55956 74328 58722 23575 71437 81866 73393 80747 29893 68140 23086 40213 27271 70585 55474 8488 78963 27976 62923 91038 78599 57751 62611 41554 58858 62074 46849 52678 5596 94764 23588 34732 2251 28009 9364 62892 17986 91438 55840 61843 42005 45406 11478 52177 45968 40475 15628 23967 36169 93201 91984 83097 6688 60103 16654 91441 18020 46165 2556 17807 50971 35975 90442 95596 61562 97826 35122 5970 47413 67118 47119 29281 35812 
45479 28411 55621 38216 84196 32117 36714 78522 90184 16417 30858 41060 21559 12189 89031 19855 73303 64025 55489 2080 98786 9340 97174 43949 34563 1033 19462 62821 83967 53344 29845 59002 53047 96406 16858 47276 86405 31170 57381 39991 93980 85024 21162 84790 23623 69465 61720 57007 65530 10514 78874 91822 86167 18546 38821 81598 7633 60436 84899 32794 9457 81658 89817 19920 37801 76827 59716 67846 61967 58747 54600 80128 71591 70546 85649 8082 48442 40165 32977 8413 50076 45100 94621 98384 60589 2485 71954 43344 39796 63412 43567 97375 29603 61309 46820 13015 41121 43768 78344 95954 
83207 25462 64566 31172 59014 29619 44545 30454 41329 54691 59500 55629 6187 3629 59127 91824 3579 25309 15874 59239 88679 73758 44765 98770 17939 45241 97028 44020 90920 44533 36763 49232 56656 54973 12382 90292 42546 16606 54296 25251 88826 27397 65777 22780 52304 35749 73423 18109 59221 18343 34176 30733 61548 67869 84322 84164 98800 20890 69463 41836 10009 27969 30843 57493 47870 8519 46723 67049 85243 84070 24620 69886 20994 54377 55648 84089 13475 4057 30853 20385 78636 19495 23080 75006 66079 71226 18337 52463 59623 98881 53047 92041 45914 89055 48572 39832 45661 27816 50332 45316 
32218 46477 75239 38527 13852 47743 41442 27469 80582 32740 69833 13462 13302 11890 58141 56908 95776 38803 56512 91199 12308 33872 25576 60434 53092 12847 32482 24604 10422 6354 3681 90055 81752 77806 96553 77383 2107 43520 29604 47854 31920 46927 56448 74332 29694 25727 26282 47675 94447 3229 5203 90133 76816 44698 11438 79322 21592 82558 5989 68203 82354 16932 31057 39568 59554 44845 53221 53563 23047 67717 72576 65695 64274 41746 84078 30898 44665 40695 36343 73235 90193 3214 19159 45951 40002 91201 62803 14646 93475 3771 9946 90403 95503 53101 35647 90040 58927 63245 81790 60245 
86248 1728 48011 29986 61975 93106 40678 56566 7010 13825 44644 60504 38837 38504 76475 49519 30751 56277 6733 58511 42710 78572 2538 45066 44334 4879 30921 91282 62032 67924 3017 62184 77791 92307 62338 45975 86512 77568 59820 62229 17938 66940 73075 98020 89380 39593 83808 94051 9712 59230 64522 94752 47233 84041 9829 9730 16462 27731 75187 1942 29723 28456 82773 26165 23764 46411 13894 61352 87517 19995 88197 32294 57171 54782 80197 90858 56238 72443 95905 58456 50042 59518 38097 31505 65939 66019 67172 8353 44503 46270 7204 16195 36796 44619 37941 28351 43723 33421 72328 82178 
9778 51498 76569 64438 78868 84955 80323 93771 35182 59572 91253 36119 39713 21628 29290 2842 95891 32823 23038 17003 67700 94938 32568 67556 69696 94715 53650 93466 14635 1883 37868 71746 68635 79816 89890 36379 27120 56132 45901 71611 45783 70282 67501 78112 75612 98963 19612 71322 92275 43777 96443 91000 6972 16885 39523 97040 79964 55206 9541 42115 50634 97732 9506 58339 10015 89669 92813 45712 94906 92780 93275 80920 17271 23650 81094 89131 30724 28296 51895 85839 10152 53565 11362 12944 74194 33824 81109 8638 96908 29148 91666 60369 50434 3070 20203 34235 41206 55016 10969 67149 
69182 25237 33974 92197 25769 82570 8855 35843 57178 55318 21637 60124 53104 39196 85069 86752 53740 33545 22326 21707 75955 46732 67551 90298 64615 72506 12012 23276 3191 66623 7351 39076 49098 92610 40120 13831 73953 30997 48618 35062 9537 53599 30635 29223 43936 50682 84552 83122 76654 2881 76333 22356 71560 2971 31329 18898 82873 17596 89461 43736 53494 27265 80992 42220 92863 87357 31444 95164 18148 92116 81305 42964 13996 81154 8838 62257 5498 14905 71080 97361 36923 23467 46882 43654 28791 6436 86142 19453 93772 77320 34651 91730 54367 87946 46222 29291 35158 49975 67071 56104 
82151 26410 57207 9781 87058 21268 19936 97924 20003 4195 97162 8468 54463 26775 73607 18394 58464 92864 12259 38637 65509 67663 81103 94249 14173 81565 45310 18708 17344 73099 5188 76180 2667 27430 19954 50014 56417 22605 53682 4689 38521 32374 81108 22165 41984 21177 70012 11074 30292 70009 34912 54467 68104 62983 90832 34937 74968 33754 77185 85727 14275 58555 5011 22414 37032 37963 37387 55212 98374 47456 28175 79925 82708 27083 16041 95653 38743 98623 87442 19332 94556 6458 74490 54897 70653 36216 55486 84837 37634 84434 71310 11694 15361 11170 29468 9949 76191 13773 49996 77164 
70640 77506 98858 50028 37201 30442 92737 10090 51235 11233 37711 23419 49102 57031 94795 92408 41458 91764 21339 73116 30180 91453 31530 26597 85701 75892 46283 88380 96793 29821 64841 44433 71776 54858 53923 62923 75639 12168 14671 9907 41585 1708 83818 74395 92737 26014 18874 23978 47841 44029 57594 49969 81592 34572 76099 17936 47128 10788 26056 92098 31347 72955 95870 34961 11616 97232 55915 52496 22713 38227 12048 27997 86296 52823 23688 23761 1162 46480 60765 86458 92851 78597 31016 19315 69805 25905 97824 35974 83749 91593 68603 93002 65602 33526 69222 28760 23663 14509 55507 34513 
49080 38722 4519 13567 66499 5568 63710 83097 38908 91690 37195 95914 78107 80461 60816 26321 74647 45856 10149 8488 72739 81352 90508 22158 22267 89086 40834 26327 49240 7015 2953 65908 40801 63825 42598 60966 30427 91351 25381 18339 16988 44593 50897 79836 57518 63674 67807 90250 10348 73045 94635 2857 72028 70279 38999 95289 7780 92794 47378 61701 8774 61516 31345 77912 87214 22882 8095 67923 59610 81005 38346 93009 65170 18014 48269 9574 22147 8674 74460 80695 92778 35947 57234 79456 88096 19026 7130 40843 43349 84217 25000 2438 32884 67508 31096 8005 89966 52951 65835 68751 
81588 79753 35972 48328 79475 66505 27750 10219 3576 97935 52349 41887 49750 36101 49607 53705 91892 84850 5433 10297 60796 61958 90460 80063 93340 48322 94781 95152 12763 48836 87175 21166 19038 93808 48271 90100 94852 8881 52126 3700 61261 67327 49969 74601 34296 40330 15394 16087 15375 34726 52309 49504 46756 31639 73129 87901 58649 76711 5488 68140 15275 7123 78639 81190 55228 25054 93068 72396 58330 80182 22852 37607 51103 33968 51694 3981 14958 79474 14840 35822 17903 50820 37625 48265 91084 18583 10264 29989 84209 91306 89616 67853 71557 94009 44181 8345 35026 81340 45743 38961 
59387 70394 9439 12014 69827 46261 91306 49690 70252 64549 50965 90308 46636 70516 24071 71993 48589 37916 49783 12940 72514 59174 53688 48435 51681 71840 92440 1541 37357 90237 88053 14749 79462 98533 36407 41698 92383 82039 59548 29575 64603 30538 3832 8185 41877 18778 19804 16477 68797 62179 88114 9811 61172 12368 60993 50932 73788 27771 86027 27487 67389 62250 7847 42264 90157 87585 25924 96793 89018 35153 7233 49184 5239 6137 67513 73633 8001 47185 31759 24868 50200 72654 83321 50250 89403 7343 45780 64544 80819 81619 66979 13967 91630 93312 33293 97733 62261 20838 83804 38033 
71830 79686 73075 76106 31572 3562 3239 76340 69499 85763 83670 27215 56438 8782 43644 54678 26462 48853 83576 40961 22468 88267 10423 1148 2047 18964 10701 3477 92163 71957 54848 49735 46415 98503 36208 38856 94648 30642 61552 46685 40364 8539 81955 50854 6368 65156 67834 54369 64942 23471 54987 31819 74028 58588 94278 66376 34606 29677 90103 43445 19720 22177 24823 8985 44836 35093 86455 64893 14914 50507 5598 95322 94537 95632 92045 46581 45318 43867 90960 20255 76854 32666 88583 44272 31426 42337 87829 86786 36556 77526 12512 98353 45585 4663 66192 58342 98557 79825 21247 32300 
81541 37560 55168 74788 10142 40722 23033 72208 81235 92679 90094 5009 61159 40934 30312 27239 10225 13591 10746 19687 31306 7913 57571 61648 41176 15149 86162 16166 13113 35928 45931 41950 24206 95988 2521 2143 84380 69408 21403 49960 13519 38554 83050 59617 89885 28686 90156 50337 51073 29388 24130 29368 57815 66895 59872 28156 11144 24088 21226 83998 10090 58647 92849 78039 1909 29629 66819 50968 40736 95382 69124 15200 77836 39259 31830 92530 70905 49015 92566 53467 52300 77320 15697 17330 83767 3676 2575 20157 40594 16921 48732 14021 82070 71902 97838 87543 62559 26944 45139 60028 
29629 40974 44965 77383 2620 30830 68417 33626 79219 60790 58312 18434 55733 9496 52093 82588 38389 87207 8944 78774 92955 47766 79420 45847 71629 1689 96184 66713 4228 79771 54019 92524 3495 68995 41411 35065 43483 52648 47680 50439 17200 91751 47509 8114 10448 79349 60388 28647 4753 27489 59103 12257 17484 13126 26722 88241 53215 89251 23607 58608 51577 17626 90049 32224 43929 72477 22969 56148 90634 60541 21772 44920 70206 90636 9530 26485 45912 19005 25147 11839 95925 13770 87274 40931 66977 3403 21193 69936 12736 16615 52727 50554 75733 67348 47014 86058 47079 10985 28835 13442 
59263 44052 73441 39254 74983 49693 96559 38929 10049 29223 64739 79723 96349 16447 44389 26115 23925 22102 48963 17642 27838 73687 32049 28798 72344 9216 83053 94030 49403 72829 27169 89250 79753 95589 30463 56044 26128 17943 68608 97100 49795 26018 35052 69389 78238 51204 22246 85242 68500 31230 82318 7485 76006 93646 39340 71566 73883 36270 13321 73653 42373 28771 17224 11940 49456 81483 19570 69835 24070 89245 3158 59386 80188 57738 74547 70717 84191 2667 9221 16504 88192 80380 16323 26905 78882 13780 44154 40897 47425 80745 9319 19933 76701 44768 92356 18034 47951 11135 97830 80029 
73195 22431 83487 62114 73372 85624 3568 23128 36718 70623 2507 78501 2354 57958 55408 20941 19101 32850 29832 35173 31614 4658 59368 64626 71169 42849 63895 49750 75439 66012 98835 32821 88828 54421 44740 90856 65130 14990 24503 46184 46613 18360 14576 2110 45771 18356 2444 5093 65695 87239 64258 67219 58073 29753 32402 27541 91273 71007 46248 35062 30910 73923 43531 49657 19028 32158 67922 10204 8389 9351 24630 45181 38872 94012 55357 26603 85226 85321 60110 33671 62429 64368 9258 48277 63877 26820 79456 67582 54215 83817 72157 3187 21994 94666 2395 98670 51067 91401 44431 18350 
62583 79701 98760 61211 63012 57511 87595 76365 64066 50998 44173 81130 56882 46839 50486 30852 13939 26224 54377 51267 48733 4622 30385 38814 34819 97497 65215 76114 74473 69807 61174 36371 9157 6286 38581 44197 58023 46771 32394 39871 84727 33010 68770 90666 69331 68128 75854 37815 56614 73918 30058 75164 72639 32236 29183 4948 94732 46094 77986 49024 2918 78520 43312 46890 36697 14516 71262 42347 10549 46807 69430 81617 35386 9859 93156 76416 98884 89393 74450 50641 59273 85771 16453 35713 82711 78656 26513 15076 87225 55603 62326 41322 48425 61513 32278 2068 27749 23896 51685 95990 
9312 30469 55232 62771 37315 90176 91118 25984 16363 87505 61503 4357 54152 92179 47217 4636 17877 46124 57389 71132 33541 15311 71587 88335 39403 29391 37819 39076 86239 24247 21452 36060 80608 42967 9062 42901 67474 29167 56587 94831 85870 92052 44172 70751 5818 8074 44767 22788 81526 87317 39515 3634 26512 24545 57754 70807 91247 55849 43699 44646 70652 17146 42166 52570 66903 12544 17717 60429 5264 66279 43658 84540 66450 52315 71090 73520 21443 13197 55141 39273 79201 64591 8132 21289 63544 97458 36552 26293 38125 25713 52234 79023 92166 27664 98200 89172 35218 23021 66585 97528 
91230 3844 37444 68956 68068 49802 10985 31234 14518 62566 72379 52169 11515 62846 75433 92865 56083 47278 28652 98881 43360 10342 3276 33916 98179 1532 13201 95501 1995 35394 21430 10000 60184 61697 9625 77674 1662 20472 38209 45879 88788 85944 66789 94106 44569 2278 44506 65928 65857 19258 22064 85731 74719 38651 29033 4539 34588 74154 2296 4276 8877 20065 23588 5342 13051 35686 69832 3732 60475 12625 54591 45406 34385 31501 95485 49429 62524 81145 42868 1554 54881 77293 26797 81019 73020 77418 17877 38377 12647 42252 97102 78698 33071 91258 78139 38635 11004 14059 96517 12484 
54844 5246 24361 53609 70885 7313 43511 1123 89848 2689 69619 67336 41542 82932 98865 51071 56280 80704 88552 90312 85900 46431 43631 61412 73845 86760 79395 36814 88138 82882 22963 11119 69805 22537 74119 78360 43069 83359 71026 5948 43435 1931 96184 48883 59881 94718 13429 14757 7940 51452 54334 36929 26360 89143 49047 22156 56684 21149 30772 46039 63914 7291 5190 62543 15347 65387 93871 19987 97073 4050 40291 88167 15935 1862 65050 84632 39256 81802 2326 5650 60427 82357 45092 54797 17988 85529 98558 73870 81549 40804 62242 86761 77711 36442 73903 26992 6805 35605 76824 85189 
88507 8812 6531 15643 25432 15181 42178 69862 28960 87128 83953 89602 51386 21700 68449 44609 47977 13123 52209 48299 31695 20692 40585 95037 64219 33719 17552 16822 31789 50012 51922 88369 29770 63035 21067 32888 43174 5050 30082 13308 88655 63367 85348 65638 65306 7465 93161 87817 83477 60026 81835 28498 26050 27841 54182 45667 67149 78920 86978 21169 51745 92197 29708 74313 6481 94332 32590 10726 5469 9973 6674 33620 93298 54343 90836 71309 92626 73117 22299 3112 92656 69688 33780 95093 81679 98462 83032 36841 28470 37419 3334 27507 48800 69043 17641 33985 41876 14313 88673 33658 
64441 84799 40873 93031 53329 13900 25006 51649 40517 96256 42156 86491 41921 45721 24292 52609 76660 68578 61003 75294 46863 71767 42772 81431 27224 29909 78345 86658 23812 43287 45830 47521 25234 56188 67834 8222 13863 38167 23519 6451 96926 81011 54859 31951 10840 78766 16014 76506 24540 67087 76249 16961 42013 19738 78899 20681 19036 21485 55919 91939 40539 58471 58449 2211 70982 53333 60043 83054 69112 69913 31762 74143 27570 69995 66478 27691 31491 88600 86053 38747 74100 88865 66454 34628 22349 91815 54630 46810 74500 6089 41546 57745 67972 31436 54225 63097 77888 2125 46791 9409 
16483 24490 63196 87169 29134 86842 2976 97067 98549 69391 71580 86856 31321 38756 11462 32096 86491 9925 45824 82420 13621 72352 49297 73748 33643 84481 26450 11098 9649 65846 67447 46800 71491 71118 39398 20940 55068 14191 6695 98905 49108 78897 96379 82542 71626 92119 70240 73786 40927 76810 81298 64130 88272 5143 41157 94315 78256 50644 41754 29107 37412 93167 50147 25629 39029 59083 52661 27940 52530 94360 67181 10702 98507 28021 87283 78950 14932 3442 4938 79768 43984 70490 68179 90169 27346 22426 32059 61993 29214 93604 23495 72901 12800 73802 11092 33160 38982 28567 62425 33451 
53893 41349 50410 62026 75367 80116 97242 95933 39050 41380 63593 6121 43949 17957 76002 76285 16337 26474 69481 59530 60724 84067 37720 61182 76196 21586 79033 46134 66574 39537 14565 46537 74390 31590 43433 84453 69553 12377 36715 26416 33301 38437 25129 11239 35792 20628 62530 89992 80114 25623 37291 9868 40536 46985 33334 70008 93277 79586 42895 29944 1253 43918 62059 63298 44515 67537 26038 1765 59009 75638 84325 67354 18093 22323 14617 81678 30261 61172 5478 67222 22174 18269 67363 40695 51662 71940 85343 76109 85281 96859 20421 33617 2485 87410 53023 26596 36343 8953 97778 15262 
76870 4924 43564 52561 14129 54175 46604 47548 48340 36773 43022 17130 79395 18145 40942 10629 12332 21994 79132 6759 62416 85069 17099 41002 83913 8234 89413 26353 17515 7006 56952 61600 57395 34271 85304 46216 17916 26817 76123 22555 76247 68606 19023 70225 7366 77043 97474 26335 36749 18391 28183 6943 92026 5380 90692 81319 15847 94179 47354 92025 1747 43547 9963 15294 55871 66952 29872 39439 73650 4121 54571 4861 42319 75928 29233 29098 97192 43354 3835 72160 84355 37741 31411 31213 49676 98150 45052 54014 39662 41320 61903 84486 80285 18406 5863 56597 87298 96823 39062 16501 
44759 50631 70271 15957 12846 61714 10951 54800 61825 15310 69870 41245 49996 98092 35914 63559 29242 75107 4051 68707 83714 20654 69454 47593 83590 84319 53052 79876 33235 9991 7573 81919 90304 65116 83695 19144 38684 90436 27385 75364 76748 55192 58763 34904 16684 37399 38075 54189 32102 30226 92527 22717 3550 27802 83813 69760 84964 65080 67582 63568 2033 23638 94212 26623 52893 37195 86360 6833 47260 66586 97413 5818 82631 50180 66465 41191 14368 36841 34027 68718 80095 47782 98353 31192 7933 62521 13972 29212 62968 27877 18733 34571 84082 67258 45416 9947 2401 53827 62920 95140 
2817 37789 20728 80596 16627 77187 69757 13472 45561 49087 88528 49855 39787 88639 6416 11498 48531 14992 7272 86112 87529 66702 50013 57514 36105 74675 44343 98091 19394 68410 96751 57273 91461 54502 13539 14642 15965 71941 63906 8444 48740 37438 13118 54043 88412 15994 46515 20039 28162 73729 88696 32104 58777 86038 31979 17682 1288 13708 50219 14341 72083 83062 36693 52195 13102 37472 48577 19599 57286 53861 3842 23039 57250 78430 65637 87291 56300 93264 92367 20678 65922 88813 34777 31458 29474 21049 18711 87214 86260 71670 3709 2728 67105 63826 14786 46828 72795 38764 19383 85861 
49869 54023 80083 74317 85551 74525 60913 82661 86669 18224 49654 60294 90548 43100 94660 82679 96546 70627 12382 86935 51558 12412 35087 26385 95821 75365 37276 13383 67003 53995 26384 77060 17371 31194 27112 90897 92962 29026 64718 57223 75517 21139 49600 59929 24830 68400 83053 85980 7139 30448 65732 95419 27951 12799 47386 15208 68955 64006 14023 76329 48825 27469 20077 4372 4862 52114 36664 51676 92167 68021 10249 12178 97529 5409 96046 27566 37657 42804 44514 48943 55971 36887 67537 71056 70721 25039 33430 44037 23990 74592 89268 1329 52660 6219 27428 27085 78284 45163 95203 31977 
55666 95425 61239 80303 30215 51410 62662 6175 87272 77288 34074 12196 51940 21477 91907 25156 92327 27742 91143 52444 59458 25669 1337 36298 71007 61905 51605 36302 32820 74536 57844 3481 82090 54372 33635 30271 88804 2187 79354 59878 81001 97229 64946 29291 59950 4189 90112 1223 17804 36466 76184 88806 44245 13498 49987 7649 53813 23001 45303 52147 49327 34999 20789 58359 48037 31834 95814 83259 75786 14433 47776 3655 23000 26087 82903 46783 26227 82508 71442 17941 79249 81280 6787 4544 13040 1768 40768 44206 28777 37243 89362 88527 56404 65682 27577 18773 47022 45649 77680 96430 
50654 63480 30787 86862 40437 82264 86707 81565 83030 8179 25785 91021 32881 7244 53575 20326 41646 93988 50224 67975 94312 71353 75505 80262 46357 6766 20227 41910 36290 32740 43519 78328 15094 62200 46873 15619 81883 1800 61186 97198 83816 83437 47082 7957 79892 54722 45640 4560 22594 49009 88933 9634 31810 49437 23072 20762 55057 74290 75052 16889 43380 70411 44248 7624 56686 44386 58669 82684 80060 82948 66895 78601 40717 95323 49123 54201 64875 98695 67141 96649 87560 22949 46705 26770 44556 93210 63766 83024 1025 83461 32917 53498 62089 82951 35458 80168 94042 56159 29029 57185 
86842 51991 55963 21103 60331 24567 82651 38136 49934 8200 86852 80180 12108 46078 74459 95397 34785 46417 58960 8353 54679 3234 51179 85428 55856 4084 23565 63926 28571 9230 48646 36186 50248 78828 47419 85344 66927 33500 43504 13873 49918 2247 23251 11130 7036 81614 23992 63043 15431 15862 93092 45226 98911 85966 24433 77315 19233 77265 93580 83105 7015 74185 7189 83990 63821 20131 52735 3331 38732 38961 64081 19209 27477 74878 26797 3481 39745 95428 82853 56463 52399 29278 52022 28386 1545 47525 46992 94086 9349 30970 9032 14145 74698 65864 70255 50731 75801 47102 98156 26780 
1059 32469 79583 91423 34793 8210 88981 60231 47050 56141 74937 73333 33103 20584 66352 54694 75571 9301 39286 40152 87262 74764 25272 95023 90166 58691 22774 58994 88129 71983 92422 85270 97675 39863 91645 80440 90823 57549 10594 73054 79332 8310 29580 7275 56672 59392 76749 30876 60945 88457 46652 80951 12039 68485 15734 14597 68662 89347 38157 90826 59715 82133 51438 77122 65251 71281 23953 57631 47202 27307 53989 78004 81517 26780 70005 37852 34711 72520 89653 47953 40477 82960 19064 46298 28449 12070 90156 27600 88224 63860 69187 54898 58147 21974 48563 34096 45737 87048 12980 91741 
5948 7715 14797 74085 36528 84234 48541 29661 57794 16854 79048 26032 95998 6534 20840 62680 80371 1645 62520 86502 58447 49374 9892 84678 14617 32190 43096 83536 89194 32638 17872 65052 15627 90055 41217 29678 26974 89063 28366 76297 29132 61243 44536 8854 57197 33751 59548 33791 9397 43169 21022 16488 25591 19114 96820 29973 57013 17267 75808 97516 97414 31997 85868 70922 65905 78876 84756 65841 97405 94870 31545 38954 86859 84421 48029 79780 18179 12316 13069 35613 37837 11080 6811 58654 42493 40028 59670 38917 23644 34825 49861 92305 44164 14627 12697 40696 92473 96574 49231 61627 
45263 72420 50149 93116 54052 64288 45451 29402 72112 15389 37497 89818 7223 66655 54253 86896 38694 86251 34962 7246 19744 31987 9628 64691 72364 63352 90805 44401 20897 40897 35600 61757 48052 69751 95737 50554 51015 10752 18320 93774 11314 86185 17562 95452 71922 73200 47863 14443 30407 67359 57085 73689 53327 13143 36115 34692 88912 78040 3606 39920 38563 67894 95444 13465 61869 45250 58616 56513 50795 15258 82708 21154 41648 76798 5848 27245 33187 53994 28199 59091 20193 42232 34814 23455 66658 34317 34344 66086 85488 69060 73609 32144 11455 87520 63082 5760 40212 63913 55004 47423 
40547 2269 19414 74368 20349 36022 20332 31150 30079 25573 95552 82189 16955 42036 29920 6734 51532 39198 36010 61948 57443 37600 15553 49033 4609 2777 86283 94716 63049 78845 56265 62692 92547 16382 85984 69355 70307 64108 34037 1694 81781 60272 32860 98637 82726 10369 16657 69040 58825 74547 97327 48836 42802 89821 55741 70274 91759 30262 74842 57124 52678 1881 58135 65122 37747 95320 84667 2710 10917 56233 42659 25174 9186 25588 26001 81844 11500 50051 29082 44161 24364 41711 60352 87817 48907 18360 56593 75362 5857 87118 4784 32376 91303 97775 76682 23150 15796 97159 2647 60127 
23720 91022 51706 43215 21726 15694 19270 88051 16684 19801 47572 85147 24970 94186 23686 67409 16146 98212 39982 45848 87943 51161 15338 56794 86206 54111 59140 34012 39700 40078 4396 2386 68996 25787 64212 67302 63591 75880 10073 81668 40123 69116 46633 91925 34497 88887 48608 59392 15730 58648 67763 42148 36847 54532 4202 3148 24513 98533 1544 98312 38531 2886 65389 96040 37355 58267 1603 87725 39314 85006 57407 1458 47080 64252 18685 78301 17806 52255 56334 41181 44932 82663 54883 81689 59954 95725 75811 69471 51837 17959 98500 76499 96904 62653 81709 14333 83908 2414 9715 31846 
88332 5593 4852 71231 93162 29373 55960 66578 8868 64669 16393 43084 49228 81011 78209 32484 67859 19391 15874 48019 76751 95752 15452 62609 81929 53207 60150 15601 85531 92422 74790 27985 45478 51401 97269 98806 91556 93531 98364 95045 39054 55446 67721 14301 84584 52522 18121 28318 9006 18128 81412 62563 43984 22552 21262 18116 82216 41491 60105 45821 30800 27462 8375 74884 93187 4767 26704 42456 61795 35441 77206 37644 21709 31393 41519 55876 68560 56284 45757 75325 66919 9772 2600 95056 55916 48533 3487 21237 26614 4044 88907 35580 49632 86382 24628 40195 49717 54658 67402 78639 
34620 44983 66385 73810 14846 6058 3012 73741 31224 96867 39340 35737 56169 54604 13588 29134 78096 45451 89869 52117 45733 15381 48727 20245 28213 52920 31447 38723 95908 33133 83674 65309 11373 54640 96850 14666 13573 27793 63460 84116 45212 5410 6950 8335 29255 31813 45340 66742 1801 80790 39217 2933 32776 56502 55006 93529 3292 38372 57244 12416 38782 27711 2638 89156 85545 92389 84078 88246 16749 15238 44647 69381 92774 75281 70219 76168 21296 85775 51943 28409 29184 73606 74281 35738 3301 23752 16108 65354 48082 10435 46708 1882 57895 86051 16714 29687 27321 65550 15884 84319 
91365 21501 94474 89000 16057 62354 23677 64486 14782 65063 62628 12950 18432 10793 26815 24249 30088 34867 90461 16156 14284 19342 82123 12966 58939 73194 77811 85846 67308 17182 60283 95077 93485 81087 97531 4444 77938 45108 37265 37252 76342 8625 22486 86532 77971 8435 73589 2249 77649 52357 62235 74193 57126 93473 19909 29605 13427 23031 51812 72845 69673 41077 46837 73009 54478 42969 78268 72945 55953 37720 69997 38214 55789 33196 18985 34693 96239 97207 17901 79588 27555 94891 57567 69868 84427 71889 39586 83445 37611 63249 33826 90193 59922 60643 48244 70979 78592 29467 82150 77986 
8520 59705 63684 45298 16928 96375 1335 15828 55855 1802 88733 46876 39187 85920 94347 84729 74029 40060 23957 57718 43897 41281 57329 44748 81883 7688 6536 77083 34009 66642 98903 46703 55230 91999 14989 46837 85233 73777 97680 13558 39346 74770 42133 27433 68333 90604 78275 5806 70259 90541 21689 28193 46096 17908 71916 44065 38843 43836 24104 18250 9181 9816 15982 34039 92234 13174 56576 30676 83057 35629 21718 40910 82234 17003 29013 8527 67493 39255 38614 92404 55432 59946 2995 78701 2146 61652 13595 14221 68273 38858 22750 47632 24981 98686 48156 95795 85831 49946 94043 21011 
87985 24341 26221 75670 95794 63259 63422 74943 11029 3671 56611 28189 3569 48752 52920 62506 14750 49303 41020 75025 45977 69681 60521 11784 8556 33667 81956 16273 32490 52294 29167 76366 13900 82153 15835 77725 1126 3327 81082 94769 64647 97588 89351 3934 50600 81379 65590 89068 5827 86534 26675 59149 4774 74756 85147 76975 79663 56131 90208 35306 34437 53421 85906 9321 16089 33007 66004 78702 26656 84259 49864 83878 79285 89500 22276 44139 54178 28293 29380 31185 91801 81661 71406 76693 37846 19806 27115 75370 44106 81989 75629 68945 29665 37378 58205 75650 71187 62368 7729 43777 
18125 29050 59775 83457 66934 37567 59184 71427 7885 68566 25414 72724 68452 14851 1324 97044 91930 45302 20730 24217 38264 5968 83743 67177 82931 48332 45001 6259 69948 48931 95143 89761 9071 50536 88156 15463 69640 11511 37657 30792 90910 50272 50182 95535 79772 83747 53065 52929 52357 87798 46396 33643 60973 50965 68251 63027 42040 65361 6067 67219 97261 64744 84319 29861 37110 16471 12538 19943 17096 24516 88189 47353 44506 98152 91042 76005 32699 20131 86982 27085 32301 76601 2041 88889 71110 26596 77563 79983 58951 3715 11728 13354 48699 30901 36509 59180 4431 15471 19937 97828 
18798 10268 44072 38734 94573 88993 92611 78644 62294 1448 75931 28359 75087 89098 72904 7715 6575 6094 72355 48001 30748 80332 31264 18865 58684 83710 11808 98842 2827 92756 25408 74201 50322 47349 86902 79369 56012 86060 44315 33030 65914 14770 50189 22138 6434 39524 93385 26782 48929 89185 39340 92197 92179 27695 26334 15952 9377 52339 2923 51883 66731 81931 73092 97202 79283 67564 65326 77548 29217 47584 39443 27871 52273 54052 26562 49405 64342 35071 44913 28802 2991 73816 47164 75923 18771 36773 89565 6688 28010 63798 48385 83674 12215 70195 42111 2021 13399 48889 77749 88606 
4223 34766 91157 97369 71596 22823 52672 24202 77164 65260 30755 75907 35846 40240 44049 53606 56751 70233 70359 65269 17794 61750 97407 67531 70354 6108 65120 3853 18214 20188 22138 68211 97989 66208 34984 14257 23905 44508 40272 43102 48785 49800 86836 71350 24602 88760 50302 11245 25010 62882 73546 38997 63470 70317 15440 51022 83098 81919 81067 2016 39961 45220 12781 3992 88603 68933 52174 16052 57212 78283 47419 7986 37144 50176 41212 2368 66347 62999 17137 89209 91783 92881 62391 34651 9612 54353 89788 67974 3474 2405 40698 97055 58758 5330 42837 1500 27109 83131 87432 37162 
12847 1329 82224 50227 34623 59002 59202 82130 39978 37456 23509 67652 77074 54677 6084 87581 45799 44710 97869 42965 73221 64688 33551 12115 59845 97654 20094 61203 76194 95891 43644 12580 67727 60295 85578 8628 25411 76060 32422 72616 12802 24163 17522 83368 45196 1000 60162 27568 37075 68743 47596 82388 13323 94178 37578 26476 62008 6086 22360 62333 71386 63062 20059 72136 80076 97283 25282 83405 98227 54277 70846 56269 86635 68559 27472 70633 10231 36910 40224 10507 96844 12006 64347 61254 61276 22616 27217 97857 23563 36271 31107 18364 51332 36064 40138 50180 27931 42149 43078 95567 
47494 5959 11364 3817 71119 39910 12568 44317 51696 37168 45576 40429 49549 86752 44248 23626 35218 22079 18136 31390 18625 13486 41330 14459 94115 50314 90699 20690 82604 22189 26485 96432 75970 21541 38107 65201 48570 62511 20926 34012 70324 36673 20422 29563 66407 74044 26116 34537 54104 50419 55052 6737 93349 10714 20818 41868 97772 60512 87649 12263 43026 61208 78574 51859 57204 60615 58321 87226 80210 83818 56734 87890 71809 36807 38629 79233 66473 68590 1816 11965 89650 49168 72899 38002 85625 41592 88866 95008 98584 87085 5334 20132 21403 16007 89083 42904 51910 70210 23238 10868 
41768 71749 53677 57612 49334 7775 74565 28510 75921 2109 3361 84817 13270 8137 75475 38322 95707 11636 41704 2635 60544 69723 28352 16015 40198 71855 28954 63050 69922 54226 83832 70987 89304 33701 9365 17261 9525 11359 23945 27754 26702 93061 77828 20805 2518 2824 58003 73195 24676 5716 74449 1582 15775 68779 30835 75771 97849 88226 56651 11394 60709 42427 44067 89287 29414 36287 66559 19754 74029 62196 64883 24792 4565 62386 11957 91603 50935 62290 15474 34356 55216 60643 41936 22376 9175 90495 89508 89861 68026 41111 22342 76363 20959 23864 58709 32167 50461 33178 81514 69004 
4684 1804 64342 82079 81949 40097 2554 48777 83041 75622 45148 88345 94248 67957 8567 49270 4347 3757 58681 63460 73513 8479 72120 79170 82512 97981 35679 82232 23900 31145 60517 86630 1441 75803 85555 56114 64665 17011 82462 32495 96671 59257 50173 36736 51061 41005 95005 16997 33115 57463 15636 86905 9688 78274 39187 9640 41662 98623 32306 48207 65715 70668 35518 95698 75759 52185 25565 12435 93601 98586 89889 82024 41494 30012 78859 57448 68155 51499 30952 30733 6108 63614 44905 40109 88431 29133 19500 56351 96823 76092 94317 40210 93550 11638 52829 14641 10510 57712 65795 28495 
29699 24996 66024 7237 30430 66403 85616 89271 75382 33196 28590 98683 70029 94430 44725 4224 63990 25868 54770 76642 72501 15040 53328 44740 73629 93258 16648 20071 34045 47609 58619 23261 71833 11203 7477 66057 37076 60449 13178 16697 79092 85123 73882 72676 68302 33162 38665 96398 38033 58867 36085 63307 40856 77729 38931 82279 77446 57142 41419 4547 5007 68652 30352 78697 28516 78835 89574 54343 96421 50896 82145 48005 75721 73547 9397 88379 88059 15160 42669 69427 75604 36205 86385 62581 70486 69229 43960 88183 42154 61870 97773 42657 69598 2383 13959 52449 75008 84571 87339 55501 
43213 23757 88999 82759 83660 86176 94444 86978 10558 92138 85364 53302 77095 96506 44014 86878 76732 64284 24953 36260 11068 61579 68653 37508 3525 14362 11982 10256 49243 13323 94585 39743 36943 80804 51579 6340 26778 40534 14732 41657 97156 58510 30592 76535 43555 31375 71558 60500 47152 77212 8257 40633 86266 81955 9977 76357 49834 62979 9570 9533 24239 57520 61481 6841 25528 1873 79324 48912 90715 1224 43576 77288 18985 76690 1708 58937 77338 83323 25097 55504 55334 72678 58376 29680 81283 68487 57079 22324 57643 34318 78661 32287 27246 38365 95401 95698 73815 83812 77601 19852 
57238 22809 56535 65388 86908 2782 18402 24643 54268 6815 64192 81532 59226 73360 32621 60148 47513 17002 87073 14218 4114 4127 77873 66766 23137 19855 44006 51568 57745 26636 86575 14897 56633 63886 40948 30982 9116 62574 30409 9022 46177 50287 80023 63840 51610 74710 81350 89632 20367 68526 79489 54586 66637 89692 87196 64154 81684 10475 22861 42706 21584 5228 52588 81674 18501 83645 66967 32296 68770 53218 58357 29892 27874 48285 33836 60550 27925 70119 8899 25223 51853 95856 85638 29626 33526 9202 92242 75868 33527 96958 5940 76674 91265 57211 23761 28264 6338 42448 53170 9686 
28338 62074 65206 34026 64144 83412 77572 58214 16031 3067 42858 48232 40310 52774 32360 22627 90049 59958 65569 43474 13293 6340 84117 97664 85217 16926 59473 35818 86127 46101 51697 6301 54945 35293 8146 21349 40401 98998 4142 89163 47327 94699 43120 77875 12889 27409 77393 86101 70207 87316 13717 18346 21667 86314 33783 96174 97177 37099 8518 62054 63852 13824 95340 14653 20965 3724 42019 96363 34536 78137 98947 70792 76130 23116 95182 73648 21965 44876 90802 79109 23861 62297 5332 97120 39416 30248 25139 40867 21070 1339 74858 39151 94939 33337 47743 65815 19348 89086 3259 53017 
70896 21097 30160 63704 21436 79633 8670 47318 62725 15445 9977 5196 12638 8914 70990 48420 39274 88718 55862 61027 70530 42346 68191 92848 98944 14095 96922 39009 54836 7738 96487 53250 39367 77970 91387 76768 8521 26950 78644 94710 4010 30440 70369 90245 12993 78875 83526 52652 42468 82423 48385 6746 90475 91831 79081 45208 13281 84356 17827 83878 63078 7822 45106 2998 25261 67933 83877 67213 27146 22051 13890 52945 20104 84970 89381 35779 58546 59332 89392 23763 41764 66714 84239 48544 88112 83794 40350 91741 70056 30250 91507 91096 82786 91630 32398 27760 47715 81886 47125 70305 
42404 88665 6148 61606 68857 15886 16054 15580 83653 34123 27505 92761 30506 5323 11647 5788 62291 28069 76304 2047 78633 59974 76543 42436 87472 94818 82357 75415 82753 96640 46894 67986 77338 35235 85942 81658 92145 36993 50962 93097 94681 59357 38067 42794 23927 89861 1732 51807 23473 59584 25096 84226 55005 55683 74505 80370 65041 7410 79303 30142 88605 42886 72741 71053 4183 35738 70220 49150 12314 48775 86722 27705 91837 1747 34480 38536 76575 33656 24741 14410 74935 75601 85687 14601 75106 40629 20648 33058 44920 51138 20362 47863 48259 35218 92492 97282 33461 87670 78835 6609 
33592 48428 42328 14673 33690 82583 62207 91210 76930 1161 56552 8648 82996 78205 93826 73465 90856 4072 11125 62098 46125 65545 10528 61299 32036 17362 38413 41883 31365 7003 54666 23329 29815 61385 60227 63436 36448 92765 10165 92878 20866 65419 82938 44784 13966 61261 31471 32438 19988 22312 40003 52587 75316 3696 43821 59498 7549 72902 52224 39950 94992 42682 48291 88657 40374 7270 39037 94615 19774 12163 64710 7138 57177 10339 5497 54219 6947 52948 66512 89071 81174 30179 53671 75214 70348 41113 7705 35618 8244 46769 57885 15986 96355 34798 67220 74653 62071 33003 19120 51746 
2214 20839 34449 79831 87539 61783 4119 55550 18041 95999 20067 54831 61872 98352 91322 14800 61459 94640 96862 47930 16195 5328 8137 6770 57882 47764 39709 76765 1024 35986 40804 6026 9001 28214 13906 60452 87171 14083 21763 8933 31268 29800 80604 69854 36661 88759 77076 32176 39697 35086 57289 9995 73256 5860 1912 22894 21568 42124 33310 72604 71254 68041 13993 40115 87576 82180 50134 60067 37260 49086 90112 97661 53443 59302 42880 63345 58236 6050 43447 47071 58251 23015 89412 1685 7912 20763 42325 50098 60195 92173 75745 96966 32645 18207 20776 76711 42118 71972 79560 66800 
98221 20120 78174 35812 51817 61063 81310 61085 1810 37147 53803 90796 5086 41528 86105 32682 50407 21075 69946 46336 19288 39330 87957 91999 53547 55002 62425 85021 43555 96033 54481 10167 49823 86301 1918 93711 49384 77500 5652 38588 7088 45695 13855 28877 55222 97102 7956 2836 9840 35932 38587 68150 18578 82218 81622 10846 71005 2936 94283 92971 76025 83489 59546 15372 78286 35941 80401 58891 35502 47664 21261 50518 33864 84421 19564 52897 23041 71710 1771 41761 73495 2969 18450 9066 66787 7623 20682 16144 17790 79421 47412 16822 65704 14410 47618 97512 41170 5986 84178 27990 
36885 13437 82249 17461 2719 38416 51490 93198 46204 14236 79852 20859 54867 39592 8965 12554 14473 50521 55152 27225 72411 20583 35893 15627 1111 54360 14144 39433 23563 49708 84906 2994 15200 80326 1162 31107 78348 50960 62236 74414 77151 89461 37510 89872 4279 17683 44523 48751 12204 4275 32026 24526 44740 41084 89959 29539 42283 26173 88375 77968 43263 67203 52156 16732 5110 11460 25312 27737 30259 14142 51442 52082 36910 48061 31309 60714 87233 89639 66162 77443 88448 65520 49134 75294 60100 1432 5953 11017 39913 46250 48997 64345 16111 94798 40373 50272 4355 60079 18966 3166 
33400 87721 81121 34984 71462 64963 82973 71706 62617 12648 6260 64171 66798 21609 73314 7231 34408 34399 88051 8587 32314 21506 91117 4354 46704 73746 69976 39935 27270 2924 1370 41398 59298 28072 72787 93815 44488 84725 72719 90715 95992 66896 66067 73964 21343 89218 93091 63982 89803 33031 23335 18523 5707 19313 36330 13918 11925 30230 67504 55729 56761 45110 95743 56620 63395 31537 66522 14352 48367 52153 57776 65795 67202 94182 59895 85906 48309 7480 90937 40168 45337 1909 57321 35524 85008 93814 20257 3784 75475 75689 7491 77278 73476 39700 92740 21804 14013 1224 87859 25561 
7288 60591 28511 47818 14293 32834 22354 96424 36164 77186 96151 38506 45499 67273 61271 92904 92987 85891 95011 16558 86251 12561 74323 63061 81445 14106 51193 39424 10927 12370 77972 17876 71063 64273 86578 7552 14200 97621 62512 27637 72763 74377 77468 65067 12028 69753 45358 79675 88791 23879 8384 27388 7975 69100 49135 40482 82171 9084 68660 56292 75575 4943 59267 3070 43819 35353 45834 76135 73627 39331 70158 12321 46110 96301 9285 20539 32111 96449 90604 87382 60322 64127 63756 12655 33088 71228 66900 17355 73861 58667 67418 33416 56926 23597 61786 65467 43905 52588 46068 72248 
40481 42108 30689 5003 31773 53115 25514 86894 33230 16498 57769 59842 96785 4354 5167 74158 12832 77737 75178 97999 6659 87366 6088 25918 63440 77128 88283 55573 50698 6611 9290 29130 96985 4654 65685 74931 69624 28945 64765 59301 34210 64256 62857 22303 15676 87207 51024 89407 92586 30911 9901 62421 31820 3828 70035 78085 23599 74620 27065 11449 83924 36465 10855 83137 57604 9769 48358 64498 86881 31453 41695 30136 36599 51580 24098 52690 84097 34833 95127 18908 40573 58456 18657 44578 42964 5185 62182 49516 7702 58399 89878 10900 93024 65637 83512 68307 44263 92338 32739 31306 
93750 22318 8598 32194 32137 88510 5783 2196 4132 72642 35011 18552 16380 87851 11617 80548 45712 42445 33841 5725 5086 17569 44407 21575 96364 29623 91136 91474 41590 87014 64979 7784 79206 13088 56657 54781 83989 71548 9619 83409 51808 13457 16446 89631 85633 22339 47816 26602 98209 44218 20768 7966 23467 75787 59941 63766 29183 74261 91615 34249 60919 84791 78935 77086 79595 52714 66750 41240 4049 69219 24695 58683 75241 91249 81595 82792 88924 42199 29071 32092 63728 57690 94210 82706 54163 23236 57473 34606 93880 77980 31262 89668 62884 16256 53740 71418 55434 42121 2755 15980 
41869 54687 8232 17813 93901 36480 56377 87202 20950 54538 92099 93184 75245 72940 65837 69599 77230 97012 53725 8007 51370 5205 77716 87692 93119 39820 26733 19072 12221 78124 51625 33568 20440 14894 68318 92182 30499 70629 96072 79408 10280 71194 61657 67864 40909 87335 93781 37588 74284 96348 39853 31571 33634 58768 19255 27712 85243 33850 64214 1168 73332 27649 69895 86707 48904 27936 94987 69916 91522 83753 15227 56944 91120 88300 57380 54982 34157 37934 72876 58927 84643 85804 89038 10879 72010 25328 73994 29919 75096 57772 20603 1867 5899 58468 2491 95572 1261 39692 31519 15612 
24315 62473 8636 74584 40397 14158 97281 68644 42061 22651 84812 59949 43408 46505 15771 35044 35747 53739 78364 55144 3901 20489 51690 83221 75907 61806 62017 91970 80769 7257 92514 44404 71078 89184 16036 4036 42661 16345 33523 45307 55833 36364 95680 57601 66020 31489 94693 42058 62206 12150 40388 50917 26599 89733 23348 86865 67471 31842 83674 81441 86419 36604 25246 27217 76372 83644 68205 2163 46482 54016 17789 16318 35474 40600 70926 36337 62402 85762 67522 37597 18327 66301 55315 91399 5387 48907 35677 44839 35776 10904 82077 64690 59275 12331 63869 28369 3659 78429 47108 55557 
16453 36600 84078 24211 81523 20537 75661 94812 62569 14887 14230 38986 98824 51850 80051 20163 21584 68764 82945 74286 66004 65239 47932 43293 1441 17170 56369 82465 25586 45534 36433 25800 58746 70219 12832 41785 8578 87421 11863 8533 35745 72559 62035 42269 92713 28330 72762 46082 64363 58381 52196 26563 75177 48654 41518 31904 12668 61685 10225 47743 30124 6127 63926 60058 77784 68158 9670 45224 72665 34678 39862 14139 25381 35167 88352 79993 35480 96530 37182 53839 31346 14131 24676 65613 98104 47208 90181 27309 65842 54526 69949 34051 61124 64454 74518 77164 89049 89962 47799 24564 
19270 3688 53902 5867 83677 15562 41306 45328 53733 22639 36740 92943 84223 10301 33972 75272 80632 59785 78738 85074 2040 16237 22861 23407 33466 3398 4340 24688 85316 56401 4276 76866 30551 25598 30327 23962 13394 58395 40039 9243 45451 41317 57010 89625 84508 33874 4641 29765 71593 79932 66511 90988 45849 29072 36609 29061 6175 3298 53284 24607 78283 13737 48052 18559 72982 98749 4045 43485 55841 4546 4168 45169 81616 77632 94454 57070 66574 76068 78355 52783 17982 32910 10892 22839 1391 34561 63333 52566 69517 88336 7741 4630 52369 2465 37997 59895 65023 36174 34339 8467 
60757 60013 3673 27217 32309 14609 51627 37844 49863 21298 63370 45940 98965 20754 40439 84985 24739 50577 47788 68602 6216 84139 98344 10267 94745 30016 57750 50139 6648 82236 84443 55321 90610 34792 46858 22453 90365 76791 48249 2392 58834 46153 31850 18097 42425 19404 67807 48692 40828 42839 23313 68818 49210 66910 7714 83411 51504 10315 7032 9975 62330 41233 24355 4726 97936 39688 56224 6445 42193 93062 63884 43489 78256 88477 91585 57839 1521 81491 97358 33895 84195 68908 34792 13345 13001 93645 38719 57210 97476 59122 1611 48206 5958 31429 52029 19965 59014 76798 31933 9235 
70526 71713 21603 42893 14391 83808 90320 4717 76521 40390 17333 44369 51597 16980 89517 89106 49361 87045 95358 32220 78215 43306 29031 40890 56690 22702 43192 31106 86562 53110 38660 74242 81349 79391 77532 40819 63461 91522 13763 50361 19348 40465 67899 89646 96820 84205 93879 21788 71611 81218 56950 23932 68020 98563 83749 51454 60475 64295 72515 65513 73904 53536 2551 47065 44059 6986 31266 5361 37842 80459 46810 30247 58689 59447 3616 47902 62928 59723 6789 56899 20766 2851 84565 27436 9748 13210 64213 10225 85846 1459 57759 85780 78754 88534 41155 91298 96345 53094 25226 66264 
5754 28018 19103 50121 44130 43689 54918 79358 76208 84124 55600 95136 30190 66412 42858 18496 73979 12187 47709 30517 37194 32776 39805 94053 20612 88439 15425 72169 30722 67601 30675 52531 38181 17589 73438 29821 19513 96661 63781 17771 18451 23572 41196 32788 40546 19602 55445 19756 78979 4375 32547 22688 58063 30273 54722 16864 9316 25954 63655 41912 98999 15018 40357 75735 51425 79336 70130 10810 13224 61550 70195 96715 23096 79168 41626 6702 2347 30154 96877 8112 57800 22681 48538 86524 26238 74086 43447 94510 68644 22679 1168 27280 11983 41845 41476 13833 65053 12826 91042 76339 
6027 51137 62499 61193 12718 21516 81395 30022 76457 71595 14146 43495 16318 22393 88328 76121 14278 71105 52039 56152 5536 16843 13146 5089 98194 55115 16559 60534 27556 72697 95331 18322 80788 2521 2425 80692 53965 58582 81205 57433 84158 23101 85734 11320 76934 86977 57962 40944 70489 86365 59663 15049 62068 10278 77284 91570 45766 12542 41906 82936 7864 70222 77396 51397 66809 88010 12517 38068 45285 94510 66861 54385 11959 54127 42436 84695 56614 6760 33226 59833 98338 69112 47143 77822 24301 5950 82064 40201 86975 54755 76276 65325 70475 37342 83101 13211 15710 73786 28739 23497 
74696 27811 79933 17608 22978 51346 98005 31258 5581 44932 36078 89143 68079 36784 92429 4624 94950 53929 9868 71126 73900 35801 52580 57661 74029 73676 54821 3997 77016 97904 71049 43954 70146 49831 21784 55746 41583 72784 22123 53211 40633 34075 90804 61925 2089 81348 67876 38122 17390 7075 11452 12436 62281 68344 54912 93515 59173 35214 53368 47995 13645 43555 16795 81034 19132 9423 43183 47758 1591 6899 3232 77209 36648 72761 13408 84464 28150 94413 35212 67553 84296 43504 65857 76604 9817 25417 13020 30446 34781 84430 9052 26875 11795 28468 54837 4719 38053 59058 86472 86455 
80999 57511 79197 93489 10987 82265 87534 94710 43573 17958 32772 22352 47968 27964 56709 41006 41251 33763 30709 9949 52297 81782 16858 76598 90405 31386 48304 70271 80179 64757 69265 57749 98177 96787 96371 4753 25428 2451 1086 93169 56113 11458 6690 81808 32869 31857 96094 26921 96694 76843 59089 25479 19855 82323 61617 46332 91211 6061 11876 50458 14770 94995 61776 42010 55755 10205 24359 60339 91315 86722 48581 32725 37944 16318 74305 25672 93125 18758 23332 93950 91368 95583 55486 94109 25063 7489 38571 82753 93052 14221 40729 46837 57313 88155 41150 97944 66353 80905 52329 39546 
10102 65578 17614 42109 32805 61743 71719 87074 3324 68629 21133 27861 60820 62152 67537 26200 16439 46881 50134 88117 72665 49780 66922 86219 89365 18603 29935 15656 95887 51634 51373 87940 10791 94623 1285 88948 74207 39646 86968 64876 27988 94091 35818 97284 61781 61539 84952 16993 49573 70339 42835 28858 8018 54559 9008 54445 32529 30745 91264 80550 96921 74358 9512 87091 18140 80581 30834 76504 59777 53682 78095 48008 71502 38908 79940 85203 93517 36006 60108 51766 34363 42548 71956 97655 88890 22370 97559 26358 45598 33796 46612 43925 65431 23096 65581 72420 31508 33432 68773 68654 
64928 39528 68087 80128 31694 58938 83299 85393 80524 39925 57532 10429 47702 28698 1538 45441 38140 6994 89736 1007 33815 9953 93795 64354 91333 31613 36565 63733 11242 94507 51088 82095 88869 31702 33757 38296 35430 33481 73880 32339 32473 43077 55144 25084 48825 64866 44044 76231 93774 43030 67298 48130 80134 46120 81984 90757 21802 65268 51661 4672 5544 31071 20450 4789 92797 78868 45490 66918 50222 51532 43329 98182 23653 3250 69200 17772 95082 40480 66379 41851 26458 45919 91692 43024 57814 22888 41460 94881 1084 20207 80947 13343 96545 47995 86246 86032 64519 75109 67519 10965 
49963 69370 54898 50498 22876 2146 98125 89595 75157 10976 56097 53200 90844 81373 1909 52578 95047 48312 17284 86524 20060 15481 93964 3124 12031 74357 36001 30142 96022 11388 83464 5311 11401 46789 14071 64310 19670 25245 7651 84297 3404 23940 11846 50383 44725 8263 18769 24294 88060 51034 4062 64582 44258 11521 21211 38605 85729 64567 21187 36311 52214 7185 95473 35857 56947 69780 63307 77977 23320 74716 22325 64039 23576 67973 29199 61093 27790 79367 13156 32602 66663 26267 75710 67070 55526 29953 29641 65845 93799 90949 47610 33945 15726 62713 58805 94708 20323 61684 62169 84889 
84419 2162 98523 15679 72330 15808 7844 6811 95950 35200 67869 50745 83110 15748 74110 56189 35026 65644 26920 77794 15610 26140 13567 39187 74481 58195 68541 45566 60058 84648 43317 64675 61540 38236 82660 36382 2605 29614 63062 36236 46336 94444 49728 34933 56618 88342 48931 66144 30024 21085 25156 1225 40300 66002 94472 72655 8706 26523 84924 80053 56694 55558 39637 79024 84394 66751 94726 13314 18028 57768 83800 81487 51838 8713 93403 21151 30918 25993 44156 81438 87223 98122 7837 97734 86512 1967 3604 85935 7241 70978 95117 75058 76804 27806 9876 50203 64003 12911 63784 78681 
16676 11109 17152 6556 41295 67085 52846 59048 46390 62606 24674 88498 79216 58290 54625 74890 20453 78468 93373 59346 15492 1605 70752 90344 33886 30537 96238 60645 37159 55599 92866 14451 44353 69804 56263 40589 54042 94235 86744 67250 9582 62623 59804 1777 96880 23256 72242 62279 63024 25905 84583 32719 82758 17078 67600 73719 75775 40696 77599 55644 97688 92071 31188 32455 82792 28988 53380 71920 47143 5947 52435 31003 22006 87598 30150 17522 32617 23851 77648 68260 13201 73876 6352 79879 10324 50905 47118 89826 1423 79948 44853 40954 68557 45523 60526 13393 42284 19269 16720 68702 
42478 31544 74848 42308 75025 87010 70904 36991 23215 79156 84389 97733 50512 65998 33794 79222 60680 46065 44729 6138 14990 93344 4639 23952 60358 90196 5132 26725 72466 37995 94088 41418 75941 58336 43929 19506 4441 69334 60130 14019 89981 76528 6648 49445 36501 32249 51617 47570 93628 75738 54114 28361 31613 80070 57448 77476 51126 39421 9676 50307 52645 67048 18478 81905 9794 39965 25219 77028 16655 32252 98946 10402 19259 6788 80501 13141 6638 15226 8982 91741 77539 56693 71047 10933 57524 96157 70026 46141 79035 80299 60694 8620 71379 10147 28068 52073 78281 71890 62532 78439 
95908 97294 82690 22605 26644 75605 6219 46859 78376 33294 72164 31678 64144 42794 90370 92793 51512 16666 78984 48562 90844 65563 39495 36190 47479 71375 89209 41381 64018 16820 87838 7996 26382 88768 6343 5737 87940 41120 29563 25747 47827 20758 20100 41538 84929 79180 85356 73174 11590 91642 44714 90822 44545 92065 6964 96114 49948 95824 50889 12930 7102 14748 79066 50852 52479 32325 35668 12863 30538 47540 60039 4513 75871 14233 85672 14959 2632 19266 60580 22855 72499 2201 60828 39791 81559 76533 45542 39141 67618 77488 76686 34133 67381 23800 81703 14090 51163 57718 5086 70386 
94291 39040 46174 98726 74252 19909 20719 60097 14078 84756 25983 4976 47548 6758 20620 57700 12135 58942 36838 96336 77800 21624 37378 96400 41347 35267 44842 9094 55993 80814 36124 18108 77344 83010 79421 72115 75772 25719 35362 23992 73724 44086 96616 78295 37858 24149 47351 26240 22178 65872 17373 55341 6389 30733 46796 46012 66403 77311 47674 7581 87151 89073 10666 58948 18280 42823 43576 57077 21880 83419 1182 23503 18631 81937 14148 91280 9902 85981 7678 96101 33238 85987 35146 16300 7418 21612 26954 75901 12214 59165 29016 43090 28309 19171 30220 68120 73473 23621 47654 46911 
61875 97888 64217 38319 83832 38740 66317 11890 28104 36821 55495 43363 83244 97293 86195 63619 73352 7102 36496 47935 97703 28510 29467 10525 82722 81397 83869 35293 26026 77168 41725 76344 84001 70846 86152 47451 37837 30151 67025 5669 80841 11269 92491 13123 26695 49891 84019 88195 25738 64462 46374 26915 52942 82890 96509 72356 72389 78721 81019 33813 76471 46290 78691 86500 98785 44218 31574 37664 9178 12778 80986 43265 29151 74005 37945 77443 93705 56294 84508 76930 21835 30188 66469 43063 91901 90901 84449 71746 27689 79615 43944 27619 2064 18707 15874 81016 74962 37172 20950 30197 
53995 82310 55548 77966 14389 40903 82368 88408 94847 98059 6049 46417 89602 18741 8313 12495 93345 41446 36199 3844 39778 56880 70423 55813 96046 5399 98923 31076 9874 37824 53323 81106 78346 60058 31488 74801 89638 89953 73927 73499 13999 7867 40228 86497 81385 86134 33299 27706 58243 95641 39185 85447 32675 56280 90526 41134 43222 47556 61881 7653 94109 80614 33375 84502 85253 30749 46492 26034 62758 8524 19904 65638 83704 95734 70722 48242 16552 89608 29089 27367 88235 80183 71044 50730 59167 60841 55438 37918 23931 5941 64834 86839 41347 13046 73342 95133 14748 80661 16226 72082 
99151 99885 99051 99818 99731 99341 99773 99323 99741 99312 99025 99231 99721 99061 99146 99185 99031 99840 99876 99651 99579 99712 99300 99101 99409 99642 99385 99622 99723 99761 99505 99031 99358 99369 99492 99987 99398 99673 99667 99640 99169 99792 99645 99836 99379 99136 99703 99209 99305 99801 99426 99688 99051 99756 99141 99966 99251 99341 99770 99301 99405 99707 99601 99917 99371 99513 99596 99041 99329 99174 99957 99861 99302 99566 99889 99451 99214 99585 99131 99843 99693 99875 99421 99201 99701 99911 99201 99057 99420 99998 99193 99753 99314 99409 99582 99691 99058 99446 99205 99328 
