50
38765 15550 93409 1365 30745 84517 37453 38939 55693 79018 6842 90052 9577 13363 84057 10234 31456 36577 56161 66771 51022 39476 51289 22678 56872 26220 4996 89762 71748 82980 94687 49763 21537 75136 17323 63594 61336 81345 26409 66216 43793 47244 29692 26421 51737 60867 50599 35784 51536 20911 
67241 37856 31795 58861 91600 8280 89650 18274 20098 18203 3053 26755 61885 28531 38464 30956 8653 42508 84578 40477 86131 41736 77997 37552 10199 95921 46331 40886 48718 59508 66950 44141 39286 35085 77626 47028 56332 76864 84244 71474 43335 64543 76591 80285 91404 21461 36900 63646 66727 52201 
94418 96643 38989 81676 5061 98404 17668 8230 1045 29476 14814 43414 84091 27183 91825 23152 2325 17163 96895 20277 47595 37288 36481 55495 17895 59380 49541 17700 83700 31436 27139 49450 92615 22405 4274 71667 8834 5243 60919 44972 60161 36700 85800 77488 19365 98976 5223 22306 49519 14686 
94123 95194 8297 52421 17830 74592 93319 46520 62968 85290 85447 46745 87785 91042 21566 3664 79480 94285 23032 39298 56332 32765 16269 57673 26092 23986 19802 89173 40188 84178 35524 86889 26905 38872 51733 14527 71094 66034 25372 32219 40474 65164 69687 63472 57121 1108 7558 45517 50906 15036 
18302 77022 71059 54934 92421 30589 62119 54271 55974 30600 43431 81740 68205 75212 84127 91675 24031 27397 40667 18607 6447 79050 92275 17153 80092 61517 23124 6323 45217 38464 15112 44194 73572 29297 46392 65139 44830 21646 55368 79165 35245 72648 47091 52135 50947 89342 29404 12106 26332 35741 
45618 72065 33685 9721 61429 64626 40894 93754 94924 82156 39007 87399 39118 78234 36018 50758 78212 98753 90109 30267 34134 2426 88990 67693 37639 20395 39988 14954 36607 51892 89713 56287 57442 14740 6907 93020 55740 98591 39309 33562 82089 24912 49552 22208 18720 41304 79231 12822 21571 87874 
37517 65830 45408 41581 35813 78425 75550 38305 13054 16966 89497 27755 87988 41013 84051 78433 87662 61459 87829 1479 56087 11683 97018 43316 35892 24715 32626 95336 5392 5117 74265 40486 40004 18124 52429 27966 31109 87643 29251 93340 87685 8632 83793 16703 57566 42622 68623 10288 50884 8605 
31645 83734 93950 43233 40663 37774 66124 29581 91819 56794 94627 84278 54940 24304 35497 47370 12395 28381 95267 44071 67896 35515 86936 2699 19969 77014 86806 32182 97501 89002 58680 74904 28725 16622 11659 85990 93313 6200 46324 95771 29088 82658 39142 6952 13386 67190 4793 53653 26557 2989 
58773 52835 52022 96337 22463 24629 39507 17737 41052 46414 19547 20613 88547 34236 93454 14500 31717 96193 47422 20359 71857 35096 32818 18527 28165 81918 45746 74242 84053 32860 50210 26922 36422 90958 58056 5387 88875 25689 66933 12520 22295 62976 59449 25708 78259 10864 23964 51400 47082 63462 
81624 20250 67787 23698 53422 54391 4208 85924 7628 65104 97558 48724 2227 88435 80728 54290 87964 67106 44510 78727 60250 22330 82980 84898 15521 94732 62837 14284 44084 72029 40411 35182 15083 89110 82557 28872 20875 12543 91585 44950 31789 44983 28813 11659 49258 59885 95857 57385 25634 93100 
8371 15526 33573 53912 50585 49456 75604 43097 95752 91909 9379 31546 25751 35195 33343 71434 60579 88074 87658 18115 92688 33542 19424 37332 1252 81955 10797 88812 7642 60925 11765 73387 52444 82893 9295 21127 59329 75509 31450 10225 15907 58643 6796 12986 80506 35137 18487 90418 14320 16651 
17802 22165 45766 61060 61551 33019 29254 25264 84303 67110 84379 6418 10525 28380 41830 66543 84511 71491 36247 22431 77953 53154 10567 94419 32922 88765 19414 53955 51975 3011 86320 88780 79298 52716 9815 2032 91953 42739 3499 86407 4744 65634 3774 85284 46648 12553 88111 16171 60016 20582 
83833 85445 31472 7302 30986 86530 11494 9937 71023 24497 24974 72131 83665 16513 9781 22348 66920 34507 21163 86993 25451 61534 73675 63298 20882 96106 26551 46732 49663 1550 6187 68832 74962 12192 98753 7561 72865 74728 7009 8717 28269 94162 71116 25842 86912 81279 81622 77461 76663 6670 
84496 14789 70823 71541 97506 62983 71773 3360 15643 49754 62225 85162 56281 15646 80643 7940 38106 60901 68279 17643 61229 34206 36851 45943 28169 50473 43422 87772 13618 38473 65079 76143 93032 23437 68383 79354 72458 69346 70057 31365 35845 48982 11220 20985 57589 48451 38587 81180 54540 34333 
15337 58649 48993 79674 36615 87092 89254 61180 1585 6625 57410 67186 25480 34796 22273 56494 61898 43771 88734 69444 46809 57521 95121 82943 52885 40105 85943 82349 75391 62230 34309 95471 51562 72321 58229 91351 59583 56214 89858 70343 38035 96816 15481 65003 55273 23421 83722 62845 81580 2070 
16199 45251 15261 87715 54000 97276 10164 30931 16597 5158 2269 92528 83965 25972 89066 23512 62359 90472 27909 37159 41847 54664 34230 44543 28114 19213 16687 8838 56858 78056 25010 26715 58315 76483 16459 25144 93286 48688 6486 87193 71178 7687 31597 78577 96788 12834 23627 37495 26031 71713 
40412 15983 17167 53245 37418 36768 46258 48982 3191 57613 68328 10294 8214 97513 45126 37387 31860 75493 79330 36970 49147 8270 77028 58915 59062 20499 12682 26157 40627 52586 58445 56165 34966 81700 25608 50372 83867 89632 70120 74707 1134 13697 14629 30556 13534 4309 77845 76721 60225 56345 
95669 96097 25723 33983 69814 31893 50814 15422 52170 28585 86491 55180 81580 52953 52217 22537 67407 38685 29052 19876 16711 33098 89469 67931 33133 33987 71848 25690 81081 7062 59503 50161 9043 40528 30249 39054 82835 70303 96081 28255 13222 44585 42391 76594 77986 9547 6070 85429 97152 4439 
42233 9118 78046 64486 64324 6456 29212 7660 38860 11845 62172 79336 29593 70550 28578 74500 51453 28644 57879 47102 74628 31340 73921 79336 29851 59098 84137 16106 54367 5529 13157 68866 35981 96065 87409 36446 51710 83128 94503 74767 6044 56896 89201 21878 22250 62446 49264 74833 46890 54030 
90172 42052 97168 17036 43093 5830 44784 39799 53676 67883 3007 75575 19036 49141 34872 60337 17796 78583 80101 15391 29397 10274 78614 70015 10933 91990 70663 4609 31357 55684 89877 19573 48336 37381 91095 91387 8288 30065 16865 47974 27689 23789 88893 41848 9272 55688 58091 81570 69685 21835 
24292 84973 77198 49263 84762 59366 69395 76504 9237 32256 88315 87282 75186 25588 31281 41446 84769 66635 60253 5896 64425 83310 98956 63676 46420 25404 72799 1932 6261 34831 81234 67800 46916 42436 1411 39788 53281 78033 27982 28171 83533 7702 14757 67709 21541 61953 28231 78742 5250 51778 
24144 6451 32284 78547 97861 78599 27396 77881 95234 4599 9743 78220 24118 48199 51022 66586 51893 15876 34519 43108 74206 88007 4294 31051 61823 26338 19038 98407 14650 54817 32776 46112 29082 45235 74168 83886 32526 92530 66136 2905 61818 17160 72069 8211 93700 39133 18216 52704 83638 76721 
80650 28290 88753 67348 13914 58941 51961 42086 59257 14977 19801 6854 35106 12810 68905 14627 5611 41779 34311 39574 61109 65001 98956 88777 93556 48673 84517 27877 32735 6638 56785 39847 70114 59320 62390 84268 57313 15236 54370 89622 94774 62884 82451 59820 90079 31952 5817 14557 4735 26742 
53407 29797 49576 43354 21537 64645 81910 83132 47182 86719 1782 18289 34966 38557 27628 41859 64525 63268 34945 67669 34615 9665 57273 32395 3133 11147 59209 5318 64928 32392 17187 42669 40330 9072 92037 16642 36868 71426 61335 51013 81771 25080 68539 12066 64684 2008 50077 90529 40897 59486 
13060 84613 23632 55751 39790 85881 24153 16517 74738 96186 65701 63637 85459 27495 41311 49528 22648 69230 47296 47353 20536 48250 97370 2059 1498 24309 54793 1669 90525 59459 72949 44923 50128 70948 77776 94718 14618 23093 87777 24113 86561 82404 88291 63109 73623 20449 91927 24886 25763 62805 
70000 20639 86887 17933 94884 3885 52082 53056 3508 49203 6103 27651 18390 53515 62758 50374 81022 23161 67372 45994 7018 34417 36640 82404 38790 71343 82865 27677 74807 49060 63677 48707 58672 24660 68642 83935 77314 80839 14512 35065 91009 49447 93736 27685 30704 62811 26067 95569 76266 87917 
66884 53743 79726 22924 67044 84958 7633 70106 14869 94687 13321 95889 45811 18395 56575 62569 94645 52216 82144 6483 89458 69155 32766 60853 41017 21424 96499 5947 11068 73171 86194 98803 96597 47493 86506 72610 34586 91769 8677 25057 63450 83188 85453 39826 24730 67784 8185 10747 69557 50032 
71558 88386 16221 58433 46060 29957 7780 79741 8721 49543 56585 57112 17203 5909 42898 82770 18047 1508 26426 83876 48330 90775 90985 74015 69304 66330 52064 89836 82708 73837 78963 44494 94401 3542 64286 7708 45478 29652 62383 68413 92728 66924 62455 59791 73834 60840 36212 71303 36736 53753 
2481 34432 93043 78538 89290 72784 8212 49650 67042 34619 16335 21970 61740 34871 1138 32800 15272 3406 68491 64351 50732 34107 54310 95880 64062 41535 49759 25313 15705 7243 61003 46166 11189 91383 14953 4531 19900 81712 84918 87478 66640 76394 39913 53539 49574 98449 88541 71596 96634 65063 
96085 54325 36715 13781 78040 44026 41185 19099 42833 14779 89647 23419 95394 77057 66948 50663 55987 15066 13727 75566 97616 36886 34630 73174 40224 10688 59388 19502 94778 76035 7327 11635 47955 20005 77786 31795 11797 76927 52119 38585 59329 46060 12481 6802 15732 28441 74395 18477 79624 77076 
73895 19804 62630 38944 96211 96223 54083 74288 86401 63508 52531 15980 98777 60496 21171 78013 18478 30594 68681 80632 86228 5299 24998 56135 21963 18163 39772 64640 26214 65767 94756 88231 11383 66694 42895 87706 1471 91624 94024 7490 55924 37225 79225 29659 49663 46114 20075 74302 83260 55678 
76012 7499 1918 20557 66382 6506 33823 69445 55498 22878 7148 27792 38871 63884 36911 72977 32765 19237 80677 48385 91225 97880 20815 93045 56556 98246 72715 70255 49189 53011 9994 75088 1180 96301 25549 94168 86162 44629 9408 2707 21512 65678 35812 56458 71164 96318 23345 74531 45784 66730 
29002 44977 66193 73309 68331 75163 41761 56051 39645 14549 25444 80446 65869 25904 81235 39644 33220 38935 3835 37353 50653 17473 81349 83323 69208 94503 11851 68716 3617 59121 52072 39631 75156 16309 23787 10048 78844 6958 14353 1360 73393 41206 3079 61047 36995 31592 98568 43844 93925 91546 
64560 93587 11908 3262 13885 68467 17222 11116 62596 69749 67403 62185 71638 84592 16048 60961 8666 15444 37075 56644 29245 78706 85534 90010 70545 69049 20584 96097 19040 14374 61600 21520 92770 94970 25446 71987 18815 59020 10234 85906 59469 44232 12991 55649 24063 49980 47393 80252 72813 24166 
6779 43471 22421 19190 70534 10509 50427 64071 62669 36636 92611 56892 59291 6036 87733 88318 71762 15897 58878 12381 86641 20962 71729 35772 91321 59910 52955 10019 42166 12733 43027 49670 81084 49628 3487 14894 78017 28958 85561 82197 11080 45863 42555 52235 41566 14667 70755 85369 54937 88313 
59840 12214 78428 31987 9716 11719 45847 8066 70441 93001 66343 64842 16967 97334 16033 70090 3517 38694 30694 25951 86595 73876 29624 22880 35813 1240 82522 23356 33244 43694 12394 43822 45789 13822 40066 16735 14280 92897 1035 34209 33742 41566 27126 63472 88071 12152 57802 65380 55961 28710 
30658 16099 80308 79504 77512 34576 50538 60553 46118 54010 53803 73633 73624 75463 54041 71528 95818 84168 58916 2137 55149 25714 15374 54892 60173 7273 24472 36364 54932 28799 76674 25690 58447 3713 36455 54772 8215 85111 9432 50941 77767 35657 98663 21276 91508 1846 33704 71754 52466 2917 
80420 94606 43698 32505 84415 28747 4927 51828 6706 71646 98319 27570 93341 51391 2458 91562 30142 30653 92888 43377 95871 12179 27206 70015 59191 86161 19561 71233 75910 15877 31087 7523 60727 33918 81382 1026 17320 37819 47475 57581 63502 12131 94667 98070 37866 77590 95116 18619 52696 59130 
79642 1063 49804 25975 94302 28819 76283 22278 79033 2512 68765 92296 84853 74854 6820 33706 81656 98965 29771 46515 86296 39256 3093 76357 92833 81896 67407 38874 5727 46283 47445 17177 31230 24112 7247 82397 53865 76764 93931 86779 36262 62240 97132 59707 54582 67135 80740 91792 91835 6318 
57686 44980 90364 96052 43588 96481 58318 45682 17481 63547 84835 16959 1790 48411 53471 98308 88617 51919 54064 23626 96987 29845 18898 88324 93118 83530 12036 62029 40942 14895 2148 98737 48257 11167 49436 25996 36059 19792 78850 1907 31204 62934 47249 64795 16018 65236 30601 8895 45536 46138 
96301 16983 84969 42877 82281 74985 8748 95341 52672 86990 78575 36066 32821 32188 80923 69029 3013 83829 61787 26478 66071 51625 69228 57259 14110 75503 77104 52026 71900 32345 57925 39724 40942 20296 28247 82209 59678 51436 30104 36355 76060 91681 58303 95004 52480 62546 59640 35002 52285 60140 
25483 38692 31000 55781 41707 44389 96490 1999 29471 85335 26345 24043 15022 53831 69041 67986 10048 85978 98302 84133 75541 20368 58246 22778 39379 82984 76770 39389 81440 97288 27657 8416 7084 78943 21787 27247 7931 83386 60430 15220 77690 35305 40856 38680 74017 83847 93338 46342 50672 86787 
59857 13357 9442 85443 61354 67629 5284 29689 50450 57136 50727 53017 3452 82062 30873 43435 77059 53299 42364 25508 58533 35384 24653 60726 97285 34084 38645 45844 34949 96051 57610 16169 11117 16993 67348 10981 24359 74473 34089 29579 9032 24652 86326 65376 58298 76998 32412 33371 9024 62677 
97891 16039 37099 12437 85994 80065 22353 55228 16969 57009 88729 50893 9355 56647 56035 35550 60994 51973 86476 90621 17371 62720 10507 48976 69760 73538 8271 23350 90073 65377 43097 69184 64880 76960 26022 96061 52030 29392 68860 96931 39358 32720 53200 33682 36991 64171 83208 49090 30736 57303 
30294 3930 78281 31177 95772 30520 89946 72709 4875 3001 22245 57617 48973 6161 64225 97550 34273 4096 63628 90004 38476 44506 45677 67004 74963 15256 34303 77908 82996 18265 91167 62633 93343 29894 92377 10139 76960 44371 67921 52367 23325 86669 42115 3746 95590 33887 4317 50803 48422 26002 
91216 55699 9514 68696 10249 95287 98599 56632 8622 75068 64243 98008 81001 18712 67837 13867 48053 3573 27715 88959 30060 48505 92227 64728 76005 47619 7111 2591 62993 9515 50448 58318 13407 52896 36480 43436 12563 89618 1576 92485 40849 77274 69292 42481 16592 52111 24517 32749 27936 14360 
12224 16381 23320 43909 74273 49798 94363 43278 20911 86932 30079 80481 38111 16447 65323 24328 12554 35149 21610 12934 88904 82030 44716 92172 75649 58855 36130 6106 55034 30598 56962 95546 1129 76003 60019 40558 91533 76536 12516 19021 70423 75817 63397 13067 45691 49443 81724 65375 34177 60642 
78656 79840 90178 19792 86959 73690 54889 51472 53314 83494 83959 58471 54586 8495 87860 62612 22517 96365 3871 49180 3376 83066 68959 21131 39616 14247 33883 58149 52795 7568 37599 66742 97434 30144 55786 26819 88815 46428 50683 5374 81835 57727 21518 53753 83456 83564 14681 7396 62230 95434 
98748 53446 82126 89105 4417 4839 52850 55991 24185 32419 78009 53698 50695 93609 33085 83850 43467 77757 6499 49296 60952 45672 32248 40161 66729 40191 83488 55072 82344 34651 38867 78745 55036 3826 49222 73709 43481 77653 2014 73670 79156 94681 63577 65124 49185 32372 23972 63676 34795 43673 
14126 7680 49606 56947 29207 36289 56437 32058 44749 27308 76162 64405 59142 37663 13556 72263 35303 67475 15952 88084 93787 90850 76408 59220 26455 9798 34030 69822 83707 91600 75184 62419 74843 6865 70122 80646 68121 70222 16240 94247 93410 93231 83785 75955 32392 63436 37513 96714 39144 74403 
