20
11062 57829 22007 41875 18130 71837 78485 19053 36850 91447 69675 11359 26388 18789 23392 59251 76654 38224 50190 73541 
73670 57980 87813 21193 94080 94604 6984 26672 38016 65350 2539 62437 58712 40043 79498 41473 43483 69061 76590 80996 
19090 95091 45926 34585 56802 2326 80506 13210 73963 7297 26605 73738 22691 82849 74174 28726 9280 63766 68875 78045 
77989 83954 78994 28886 58978 2889 75658 6623 6721 60325 42013 39124 58596 34053 23941 42688 7092 14829 30189 70231 
28837 4105 76811 37552 41487 6967 28473 16486 67116 70730 91071 43819 98324 37149 21661 35596 81305 18236 78081 85615 
89477 24223 45892 22826 69681 19903 23474 58457 84451 91615 1859 88410 42295 39040 19792 37436 33775 68947 40505 62780 
34528 51583 30831 60628 85037 44047 74385 57576 73279 8101 44987 79066 39867 91732 7723 88932 89320 77007 25918 71177 
32663 90554 54453 29461 76915 55252 63659 19378 34407 50560 22663 82997 45826 77674 98341 78740 24600 62637 16328 34727 
85012 11838 79383 79242 49349 61703 23082 82923 51455 33071 90580 57898 65357 76879 20635 56874 1570 85057 87165 70543 
8245 50589 66125 10049 15080 49834 95014 66614 20479 48770 41109 42280 41584 5553 76450 6829 29449 89871 47368 48890 
59127 69625 51131 37309 90660 84502 19720 87614 72056 14352 78905 75876 34439 17452 93324 62793 58747 52225 12470 93799 
77034 23423 37214 33597 74203 23808 89872 38205 54595 10903 7399 93475 50420 4422 97535 71175 64946 82265 92287 64690 
16969 61675 1024 48809 43423 52776 6355 38959 55401 67867 53299 49012 85612 64105 50798 64290 54660 88418 92143 5315 
77509 28837 5073 35626 6184 50668 52097 65225 61540 86237 86962 48313 27762 50095 74078 12604 84733 98979 32587 62779 
69858 31631 1951 84646 81805 17848 24522 68959 49202 45106 62889 46190 47586 48408 52771 1972 93064 16045 16596 37741 
27421 52135 98965 7413 24835 47773 91216 84238 32941 26680 37249 47255 44822 71791 87436 36930 40354 71753 89358 72208 
44194 97164 95697 51397 82624 69089 48646 20890 68239 17310 53555 60394 20166 75811 81070 45847 27289 36454 28466 40888 
62959 56428 73955 57826 29557 95086 50211 2770 63757 55101 89491 70957 83347 75610 95701 6967 21538 24904 30246 74313 
76395 55178 60733 26936 86451 13278 6272 93547 22468 54424 88123 81723 72487 67703 91912 58015 29033 61372 76483 35655 
9333 47734 97998 84785 62229 47966 56140 90557 93448 88134 7551 69856 61107 26722 10039 60841 45493 52534 10419 84061 
