10
98277 39310 89010 38921 31043 42463 21586 16264 65980 82396 
32185 61525 36324 64513 23188 7789 87958 51712 56770 72753 
32752 71186 91807 51233 98500 43192 9777 72055 52469 66771 
73999 19078 58279 33808 37878 11214 41190 3382 95970 64474 
66040 75619 96754 68241 62679 47406 68521 2596 25543 27994 
58454 7222 47133 9220 50170 98922 20792 32752 75733 74385 
50777 80138 23823 68071 47548 21489 2836 87224 91793 40934 
81981 44476 38089 38143 8083 79876 97015 72307 81509 61372 
43462 78635 29669 66790 84845 98806 29401 50116 20559 45469 
44460 24310 68567 25930 76473 68770 15013 23776 91452 93256 
