100
2818 76130 90808 84178 47794 28225 77644 66214 6701 5553 84795 42082 11034 40213 4294 13177 46630 74773 82847 30825 24677 94426 27172 76307 39776 67876 90120 74550 90625 37690 2906 80795 93445 77599 51148 42435 46271 2373 72460 74790 10477 7130 55553 25380 33435 12448 27387 51539 66435 32166 24199 20612 59788 26867 42895 59948 84550 70561 62788 20425 3647 64504 34643 57133 96148 3325 65809 32253 65075 8189 79538 19896 53769 95825 28467 46949 79807 82418 88687 32152 21547 11638 66580 7495 45199 54275 47089 57844 10567 91387 36356 97804 37851 74242 93232 4927 20352 5359 77686 10519 
10845 71755 36681 54580 70720 14221 32056 66151 28320 19675 55201 95251 50322 45189 51427 76983 20363 52872 13976 89201 70557 86303 36406 52777 47233 68218 19506 98121 89029 17991 84771 52256 40886 42299 10642 67990 3929 11465 65423 34620 24467 41635 82556 52139 77875 37481 41171 28406 81676 64036 3381 32191 75284 41173 67926 82005 9082 92785 61270 25796 67636 19421 76210 88599 80010 78473 86230 2275 31384 67829 57097 41842 75204 21340 75886 97759 4218 13842 44143 69780 16564 27754 31509 34237 56457 10953 98179 66201 81529 11158 37797 34562 64593 27358 17146 92017 97696 25981 54414 19699 
16312 64689 97462 66404 43731 84772 22377 51553 53237 45140 66312 63163 48880 48481 77950 85969 68908 65476 43145 77300 31081 40094 56622 62083 21460 84679 23724 37493 57565 45423 15297 29014 50209 3728 43795 97738 15049 39717 8616 97318 79090 76887 23140 1000 98315 45635 52893 38058 34341 67123 71143 17059 26533 68642 44536 98500 71881 98168 96888 6353 12859 97445 23879 50761 2608 54007 47558 3316 85564 94186 73108 50880 95584 53578 14485 13478 62993 3676 27874 1020 34810 86346 10843 98587 11360 83728 66336 81723 33274 62971 2965 88839 80686 37463 26214 29751 80292 42427 35889 40139 
80170 90392 64648 2809 11662 55235 5720 8088 26020 84605 7687 38989 56054 26653 61357 31216 27175 96958 38255 84244 32811 69914 46209 96598 9562 76488 6784 64284 20026 65174 17020 23388 44792 44580 9676 29409 23478 64963 62296 19318 41148 27075 33868 65444 18292 93179 66218 63085 91825 96403 54046 24986 77351 86608 20431 14569 12999 22944 10770 39706 12364 48916 91677 10963 50250 66309 9181 95769 67708 75911 23980 81319 31847 40629 70696 64393 17947 46352 49741 28918 52393 31360 60375 17898 23440 66313 29260 32203 1750 84484 9613 93411 44173 42147 76631 68977 13242 98955 19354 32458 
16759 24532 68468 31540 31613 77795 11177 41032 11474 73948 45442 34630 2863 56320 80353 7593 20446 27118 1669 13500 19200 64792 1462 31153 24088 22791 90042 1406 79117 50335 36889 22456 17837 97719 40654 5710 15480 49573 73524 87562 36928 84152 18906 68833 5195 1233 83665 32610 75838 75475 64514 17493 97252 39292 26285 68908 98017 49312 86077 58996 6490 50326 68794 75156 67240 82949 16217 16714 65354 28861 51819 66916 24200 27007 97448 53763 33472 79543 46885 35870 16714 29839 14653 74316 67513 35859 10828 22774 88363 36010 28746 19657 75959 78408 69736 54700 68365 1784 36366 12145 
32269 49768 24627 46560 27541 57115 29417 81201 98299 32932 50447 28360 80299 84379 78904 76471 70528 77051 74396 82087 23701 30749 40750 75223 81600 95232 89875 22000 85778 94001 73177 56041 39437 58537 35349 57771 10522 72498 69925 72766 70304 59296 44851 62317 61985 26575 92457 12962 53123 92791 85812 28987 23791 65608 15636 24955 24907 70973 13480 34411 19930 82852 26953 90556 96070 70580 61914 95494 35320 16609 19297 70843 68767 90316 87303 92184 34753 30280 33807 82172 85441 98534 39569 5326 39313 21682 50915 47380 58337 23287 21668 1782 56916 35092 74221 12420 46835 27988 43100 61176 
67336 86017 3582 38608 46114 66362 16151 3277 84037 60472 3692 62839 71407 77491 63986 43854 73395 33586 18620 59788 28369 64721 64505 96342 57113 73696 5295 74919 22807 1705 17173 29128 84562 49094 95948 35581 64916 75853 75984 47559 49445 73477 26039 54542 52462 31483 1359 56279 87565 8251 36001 93649 52431 66332 60224 33104 49735 13716 12164 48740 74638 9634 16292 98277 65161 11891 49078 81912 94492 32643 77215 24827 86628 24918 79856 42432 71982 93736 55335 37180 89284 64965 15930 16534 17154 6245 23005 50002 97755 44709 57418 49747 4519 17808 38839 48439 12700 85712 70877 53807 
42130 53877 63694 72134 64660 7891 28209 33184 37582 54094 49759 53802 95504 64039 15044 83172 1789 48675 78201 5720 98968 10049 35372 27784 79592 83520 63601 82487 5847 7235 23085 64882 13909 95224 28324 68688 48168 63733 32280 13503 76846 49885 9012 63647 12633 88740 5453 37712 20899 16624 97864 67031 23662 87860 53479 56497 77638 44516 41263 96862 63943 78720 26104 98686 70166 34255 94604 29454 13051 18025 37362 10906 27163 92860 32300 51121 77522 19572 91132 29618 45563 65593 11497 52480 45561 69340 9942 50844 29892 57255 15542 62710 51332 25240 4037 29817 17979 4677 83259 34480 
28297 22107 33229 81064 90130 28233 13998 39424 1045 90164 69841 49426 53838 94331 51666 41698 55282 22127 58915 49257 63436 23521 33580 74057 90773 51888 70101 30164 49316 5032 55201 26026 70868 79855 53273 96847 1984 82207 41000 92193 26366 23896 59892 21746 55864 6662 5786 78378 17247 90384 48627 15631 4967 57460 42688 1924 57546 33490 1369 49205 41550 8546 82735 2965 3728 68158 37594 58365 24708 6037 81074 17008 86857 40564 14023 31732 73015 74169 16645 98947 55393 12685 82213 57864 74564 52247 44332 21670 26296 61938 84328 21175 89755 21754 48572 25267 97207 75757 35158 92557 
23416 31561 95438 1222 66108 94366 61427 5440 86266 32333 12544 16492 29844 82065 43765 1987 26137 52112 87397 27979 41407 53956 96508 74941 85621 68752 13978 52650 14915 32782 84311 75583 90233 89880 52875 95521 71902 21715 56041 23755 75250 63706 66634 20026 62153 33157 65728 72568 20467 25356 47107 31663 25702 79459 69193 80668 95304 55098 24240 31478 44447 91201 5663 43015 79681 53446 82322 33211 37168 88442 69469 42323 3432 21013 53014 5942 60975 55897 53074 38132 34345 52894 30070 59971 65641 39832 67690 59830 64049 32292 65546 26066 92324 4130 34434 69082 32396 61330 64861 67201 
56883 8524 56945 51061 17506 40636 25257 67821 4161 17643 85706 41996 53075 6625 46145 87788 22219 91530 57873 41341 2759 45444 5831 45988 16087 37993 4702 94545 33241 3205 6283 7310 5608 89712 29917 10793 44308 23325 25970 10972 83884 6418 13922 90024 19081 49685 98233 3662 27020 17667 15598 37808 65206 97210 76834 74933 65044 1674 75862 76575 66448 20206 57141 73566 96487 35929 73930 28612 17983 79845 90670 61237 15289 6814 44126 58630 49485 50871 30863 84662 80322 91843 8110 5432 61507 25375 42877 73710 23369 21442 27211 68870 38443 6681 64281 6153 59725 68664 13669 87373 
21152 68845 7687 93215 51236 94556 95108 41320 25350 77547 22378 7257 30225 3394 89643 45786 11611 37732 69321 77794 60040 6802 27894 60952 93457 42617 11233 14554 91603 92269 26567 86761 12940 25621 3716 20654 71921 78421 94879 44283 95633 27103 38291 46597 39973 23569 30673 2890 66079 58246 75223 76562 31957 65048 33124 93716 39372 18811 2818 7134 12252 97875 37461 14186 66334 56395 31630 46120 46585 5078 54199 53092 98471 42967 63864 76240 76185 54373 95728 3262 13412 38717 58965 59797 90698 62506 50112 89295 77786 81396 44363 18028 55725 44481 38851 59101 55288 90757 41780 59216 
83713 94816 10266 59053 88033 97387 54078 70627 83904 73905 4801 17129 83603 92329 79676 8237 14938 37892 76768 15838 96598 50225 83482 35434 16039 72915 62455 28167 11497 46595 68465 54802 49622 80289 51031 25558 66958 42042 73429 53247 95176 76405 57008 66462 86616 48136 82530 36902 23740 43886 60053 39318 28618 28378 95858 62320 44487 43705 64477 29038 24157 20770 74701 90080 21937 92832 16892 76185 60257 3841 3447 95758 78913 44452 42210 88291 4063 91555 14128 89228 95157 74718 98015 9083 43948 39670 53977 16174 61848 28780 84802 48574 98292 70270 91255 24134 51796 29029 67171 92212 
83445 62416 89776 68927 95074 79039 92605 15391 50302 48443 77810 71299 16799 86695 29332 96377 33862 15590 68356 20552 55657 83812 91324 79559 31939 54946 62962 17360 38140 24229 31024 97456 3850 31294 7183 89551 59552 9874 81368 44612 6631 7852 9649 54571 3043 58670 51064 25144 22570 16534 33403 14765 94171 6436 70195 71845 21163 40887 15925 95745 7798 68812 20897 60478 56101 46977 54334 71719 50954 44871 41367 61660 11041 87395 64698 28795 89746 14179 65569 53212 12977 43267 4082 18364 56439 26434 49735 52029 46182 85267 4669 70696 28123 12196 67285 36955 71848 4627 31243 48282 
3200 29262 56317 71699 9253 30776 70756 34774 14924 59143 84985 22981 71621 89118 64570 86878 95446 94636 32684 36062 94155 26677 16409 13393 55558 40240 46537 57001 6258 25775 42124 26179 1774 40708 14953 37669 77977 21910 48982 16841 35993 67691 13116 23138 54391 27592 71560 15904 94195 84055 79882 95965 32058 17149 64363 94729 51554 9820 56761 95948 25996 45016 4135 3386 57802 29147 16705 34372 7435 49909 73557 36119 96407 59968 85975 62663 81525 59881 76794 21300 4681 69464 26135 31033 90172 60307 67552 31424 89275 56956 13465 86400 12277 30480 91642 96881 46153 11133 69241 32809 
85906 74752 59002 96034 90901 66011 58438 90019 77203 5418 20714 17203 59692 56207 72178 10405 91269 90479 82597 57992 20590 2482 52426 71182 5183 4142 67960 61120 25168 28821 86968 24548 61238 59760 95323 29416 42656 88096 84907 77463 34652 36312 54157 70855 31227 30070 14020 12133 68543 17416 24420 70786 94724 44476 20236 39572 69616 9842 88570 81421 34568 88327 66254 8977 35797 10315 12862 13715 86505 97106 77278 75763 56971 84097 26179 7734 2675 88863 72406 23553 30455 83548 7805 10927 45899 57629 46003 78905 9226 22386 3401 46900 7304 89758 80758 6647 38507 15278 19447 51578 
68782 90603 41479 86017 97038 12965 17215 5304 13708 43390 93112 32366 16255 31657 48334 67842 74064 26016 55623 28507 58127 64714 10211 45814 48635 55270 37266 74224 58595 74146 5275 41905 35471 20873 91864 83075 50645 8005 43192 94402 63073 80327 77038 31297 74279 47077 59515 14038 65062 95964 49281 81274 6205 67158 22764 70172 39565 79540 8850 44633 36139 36149 51751 37289 10653 75616 87418 14587 24453 92893 83728 14335 46102 89677 90508 33232 51480 43483 16948 61363 46372 28072 71069 50620 82127 13028 80395 13403 28159 94317 90487 65884 62308 7136 19394 65377 85254 88147 84628 36245 
81295 7678 86029 85920 6148 73181 86131 75624 9715 97173 77140 33641 43498 74571 72353 35437 45831 82398 30155 66250 23420 20952 26332 25501 44485 51445 15409 2800 10381 96965 68431 93380 15663 14437 76038 57085 92891 47570 17491 14772 67875 77374 71394 5686 7894 89688 13989 69066 72190 10531 17441 17967 44343 18118 84984 45190 22706 90094 29854 80101 71983 8671 43630 27337 90729 63239 73234 53200 13774 84790 79363 16784 52786 46675 59542 11698 97194 1769 83763 74872 6382 13269 42013 95590 39520 5078 85492 26710 6541 57388 22267 68136 88396 75214 26640 95227 13539 91952 50032 82213 
31990 28771 15991 30198 98230 1564 72838 61750 2651 20415 4564 97026 41272 93746 9743 30158 21934 14285 92818 27181 31519 97503 14221 71485 25187 7695 67436 26221 6585 9668 24187 19927 48829 75698 70909 18068 88475 69325 26569 28740 74873 67657 49201 25047 42763 40246 17494 4838 31069 61583 68697 77450 7900 23921 46019 52345 16643 21156 92112 10108 24450 78867 31024 39236 62740 79877 40627 26506 9572 59114 31009 34138 27694 38591 64809 22333 26270 34618 22876 6471 8470 47998 20977 61474 13732 25535 94480 71804 57529 75682 47407 29644 63942 93464 71281 38189 56008 24595 51310 25268 
81095 76136 96830 1668 55666 6046 80761 16117 63271 55306 63324 40294 79845 36190 34852 88141 3926 61781 3997 49282 77809 75890 41059 23000 8029 29489 28779 30476 26578 59745 73984 2116 87999 10144 89900 93295 49981 37403 46916 50620 74977 28777 55802 54907 4095 34180 85015 78841 74194 17528 18718 59483 95344 37378 97296 67128 70423 19258 32023 9142 72775 46298 27304 33697 54172 70442 15678 57968 2729 63679 51863 95182 11807 83728 78940 20219 45829 78268 1871 5355 67348 8299 45774 36552 80740 78803 62733 93164 82458 64661 37756 5422 80955 49431 16114 56410 37437 1477 10929 46098 
63677 66679 39318 3851 91491 85803 80830 1760 58729 75955 97783 43205 93269 71104 35326 65434 79938 35107 69112 54937 91057 57634 19357 52606 12377 91647 18454 18501 57011 2548 11674 98052 78207 86063 61364 97944 40347 6478 33983 25210 66690 18737 83116 8521 56598 96564 64698 25048 21614 37492 20368 64694 80468 22173 52919 56798 9015 68516 91885 38230 88330 35366 75819 92656 13292 24151 45625 44528 46466 68364 78246 24025 4801 16109 87389 54244 53635 92553 4592 71032 7398 63640 48823 21238 38980 48799 19108 20805 25507 16642 18136 57421 63042 65098 89249 54937 84178 68517 57362 61582 
50257 22272 53533 61702 68115 4672 52374 24112 60907 21972 32484 24592 79460 57103 11035 15962 72739 94114 8395 26291 69538 65593 33766 13840 90115 69316 96693 6900 36823 64378 85101 80170 30785 95348 44278 57139 53520 18643 30763 15280 69666 86905 89593 26695 30777 53617 63804 88452 43602 74949 89968 90766 29326 67501 74729 59702 83512 88864 3031 8517 58847 74584 84300 92914 34727 87701 87378 21370 68593 26005 46309 46155 49731 23194 88753 47590 42174 30000 90754 63297 27971 46896 40474 67275 6178 85847 92953 47675 98658 45154 62083 21757 34291 87095 82111 87526 46682 88600 66578 39407 
77537 65556 14497 91508 63937 53933 8361 72685 58870 5107 87681 14097 25506 93974 3360 17931 84062 86437 21819 82239 7498 11400 14203 73885 66102 7321 13861 66301 18019 9183 13863 90199 24224 84115 55651 80607 59335 28387 19638 34302 41947 39560 38876 12885 12470 89038 64039 77770 90350 1075 60478 30844 49123 17713 97036 16183 12865 44245 36052 38539 85696 61342 87909 85185 38911 8564 19198 70014 57954 88376 85340 6844 81169 47297 85889 58714 52963 25732 71983 31266 64267 33590 63739 28726 45970 38710 23539 20632 83978 88528 21030 64594 37449 32577 70080 63439 5641 66139 7399 77227 
31622 96160 59177 13133 82372 62973 79403 18964 58771 6742 1230 73864 92374 67231 97791 49320 27667 24847 61774 11305 86131 57352 48136 66367 38185 70564 51477 37420 89217 16355 30157 85198 58561 53329 20754 21855 5107 41672 5248 25219 27260 35938 74429 62452 24955 50115 58326 57826 61299 63918 56320 75935 89312 15421 30055 36508 85687 66310 32307 27931 41455 22828 2270 21409 32494 45418 76017 26074 49594 53010 66653 83881 95761 98606 59179 76371 84646 86041 24064 45583 28495 90262 5901 7028 94210 21134 91396 93355 89935 96331 97867 98731 75629 32126 14444 44491 19483 45116 76468 27970 
49608 12537 85788 72424 78487 23012 45868 15007 61219 86425 98341 75845 31177 24636 90658 59971 20740 79335 70006 91522 87055 27031 7928 67989 90095 97876 78429 70399 31409 95074 88680 93286 40510 41935 89584 53877 98278 91623 62130 25948 57008 55819 52096 82568 82957 53967 4478 16630 60100 67510 24071 43252 23533 20401 48856 84655 3809 93688 54557 72653 94587 7288 44573 86181 71403 98193 9890 57837 84295 46099 4754 21844 70060 65964 11557 90305 49378 45733 54803 29755 47278 89687 27647 46541 20932 90313 4477 79400 91174 40921 66717 25896 14482 92028 49663 37099 1723 47582 36123 57268 
33226 88003 50780 10354 3475 92131 9358 63698 69400 88984 66178 13681 16901 54766 13717 75358 64982 66615 45306 19813 39799 35572 70399 70698 63400 14590 67453 17781 56266 45450 70618 72042 59622 27803 46971 32263 41178 6082 59104 67246 61201 42274 31555 76418 74365 61405 34465 11592 88408 95615 26598 48382 67972 4507 40469 9188 52548 24778 35697 71536 69561 93440 97894 91312 58926 96220 7620 53591 90599 74796 16763 57947 78539 70840 25273 2533 52564 17317 79387 34857 49586 20892 6367 14896 36055 31331 28381 31039 48460 34534 44617 11017 81046 10802 88792 1648 85436 69297 75628 17087 
86083 41818 84490 46581 97275 24397 79822 88797 57109 9361 71119 88643 48781 89613 55115 25059 2104 29179 66142 50617 45039 96823 33400 69913 32415 22265 15228 6727 65920 26280 89845 46117 10212 15943 25109 92485 64955 18053 37885 13088 3322 25159 38498 21580 86249 1657 13186 32630 97984 34273 40582 85870 3835 98962 39961 60484 98803 54972 11179 34957 62962 95464 2059 48037 96784 62740 37504 29812 66619 36703 63964 15282 18892 73627 64238 59687 56256 24206 13596 86275 41646 52942 41464 17779 97327 36836 60420 97319 83282 66810 3341 79106 71067 37346 13492 92439 23836 87346 30381 67862 
10212 5474 46573 67162 50943 1315 56277 63301 98779 25960 92493 28891 84606 18977 83809 55711 64603 25956 5038 74251 2173 4526 77213 75553 3093 1909 8212 61430 67749 19220 7515 68263 89587 95967 32473 38953 10892 98488 35145 59268 10279 46990 78129 13634 49049 36280 70543 48001 51708 48898 64357 54355 73201 44364 41237 74841 51589 3883 97093 11661 25925 29374 91000 37483 96748 36442 5005 42626 28003 53827 83084 80533 51391 36151 36609 20335 27321 50596 46882 24178 15106 74960 80568 41769 84039 74799 73530 74332 61983 15901 23818 20929 18781 78996 97314 15066 37690 10595 11166 3994 
47521 80707 80404 31561 43973 61726 40317 62257 29747 69169 5245 70266 73043 64865 49385 49399 58639 85632 55969 54398 94787 8563 21423 72763 77992 96106 46801 37446 29031 3682 25556 35271 59857 87838 49249 38668 81952 40582 8182 41403 9880 17359 12999 60052 27392 18051 29927 88575 74881 67201 89305 4909 85352 35920 48976 51818 25993 4746 63298 53728 11856 87264 29335 76310 70169 86518 46235 24571 18083 72798 87491 57394 2698 33493 95388 90637 5152 52903 63976 21454 24544 54064 53614 12811 84324 39689 79675 19657 48004 36088 91825 56043 23542 49660 86998 36931 29673 10159 95914 14482 
59238 75298 51210 8704 26905 21517 43144 54154 44353 92593 37612 33907 27710 37387 75157 4747 88656 94868 45559 33637 90398 77162 69578 65683 86027 14284 25998 30339 3262 60985 71379 51106 79501 33977 28269 32806 1294 39316 18676 27059 23583 30224 67453 14773 42063 94473 56241 4303 26737 58375 85989 42712 9578 68748 12412 59495 56208 22807 87311 71638 34331 47881 54278 11922 88516 28705 65620 69887 6002 21454 15527 78844 33886 60139 83580 7615 76542 57082 61580 93559 53015 64917 25503 80989 2410 30414 86672 82175 85396 76996 46037 93405 95641 34022 63166 45100 62266 3541 66659 7408 
33367 40791 66623 92902 60346 64584 44178 67216 80659 54097 54131 39453 98080 47179 74332 83430 33937 58776 92672 62848 18649 72846 7240 35574 59703 36492 26950 82386 33479 29062 66355 11647 61198 37033 41980 57514 67964 78825 68824 67145 30415 63337 13458 32049 33174 23695 66294 43617 55111 96151 53785 47311 31691 76585 92902 59902 23572 6759 74112 21015 40999 12111 1195 36034 81722 81295 15063 11842 87829 4529 71737 60638 16192 35411 8993 12879 52631 8126 37749 50090 71702 69181 86635 86873 21264 77302 2218 13216 15472 2375 49336 96459 84329 54152 85771 28178 23836 69700 31663 33830 
12829 45877 11032 88219 23021 55981 86212 19306 81260 32239 97760 52956 32503 80396 92243 96973 98830 47115 48195 74929 76490 97315 94500 45514 80443 60598 66676 5440 16820 88610 13231 32770 37288 87013 67618 15191 30368 24719 47519 49379 26905 70561 39299 55217 62476 14841 44828 79697 90693 48587 37755 89726 17275 77833 97676 90723 44266 40329 98881 38131 46171 19546 9424 21751 43318 62223 4600 16056 78875 59437 55162 72588 16775 59137 37907 20147 21023 11773 52966 4459 21841 40380 68083 94766 83908 3941 54080 56740 22644 69276 19848 44318 63629 90616 25957 32990 56155 18793 54019 93523 
1315 58611 24310 23258 38438 65650 85519 68080 66552 68542 65332 58382 82135 98762 62245 12685 71020 18506 72928 97552 88642 98384 39475 78940 6031 89725 84826 39831 32319 1656 54782 18143 80353 34789 87418 21649 59458 38074 55708 96687 17555 12790 38524 79943 80926 48881 47446 85648 21457 89470 61291 70408 44184 28144 98137 35232 55867 11240 15136 16339 10738 29257 62778 61969 66365 74684 16623 85231 59872 42112 52720 9457 46018 31366 81346 54015 94588 89842 88803 44317 27130 59842 58678 95514 53179 77751 98602 94277 55576 95709 87610 86407 72401 12438 11167 25507 21424 98798 43749 45541 
81486 54331 67426 54478 31286 70245 45248 25083 12376 18191 67465 51418 36611 9013 96906 86429 92256 97804 93588 69274 1606 97723 52495 90825 71931 43852 75116 34426 67783 10942 16376 52768 90531 36034 25953 89467 87705 67283 66523 34335 61644 81048 2149 38547 31810 23555 31515 41527 90220 37571 74992 84019 62427 66421 77398 11258 18457 25607 22996 9086 68230 26181 66242 97000 35854 56497 54841 62960 73255 48925 10287 71301 93353 21577 87959 96769 56635 68509 65863 37394 3277 72571 74929 34537 7706 68017 43993 49726 27362 40387 9288 33781 37431 86433 46509 27777 14434 26721 32446 24710 
92743 2090 29341 3314 20977 66798 22155 47206 73619 72667 29153 41788 74303 11584 82851 37342 50823 12774 56218 96979 85656 23560 4890 97061 68986 49069 85291 63942 69967 20631 58744 69953 33083 26421 77113 92164 29826 13267 38249 82309 5341 57115 1806 91828 90156 64783 1390 49408 91762 80673 96045 2835 57893 39715 58818 16973 10598 67898 72689 56840 3382 33886 87195 37166 53267 53554 51036 93267 13249 1402 29984 39185 78157 71288 92464 84394 3585 70564 69636 57259 27244 28084 36052 51973 76822 37219 71071 31171 75434 36691 92146 49249 58432 21129 25441 44159 71664 78261 11494 96250 
81163 49075 16177 29514 46603 32190 54737 36811 63907 5824 23797 97205 61683 77731 50766 97082 10409 48590 92149 9387 68583 89595 74565 33886 47198 77915 73163 70133 50029 56878 18319 91023 35743 4150 2167 27729 12197 73737 34775 59415 69925 79042 87428 26943 26615 69402 49861 72649 15550 38552 78979 18118 27960 71843 57662 92449 57416 58478 85060 13462 43703 78252 33587 14270 73624 18450 8797 25302 46819 34479 13930 98821 70362 5140 97801 14290 82005 89474 97981 60114 53788 85012 87547 84973 88757 71935 42844 74134 93020 91735 48796 78269 36606 18150 7805 26938 68341 11941 63957 96681 
28897 89732 57798 49161 16006 18010 3273 42018 43742 91465 69405 12885 7648 35742 40880 76624 46014 45793 81577 98505 2301 91424 87253 61499 70932 1679 92134 97949 89829 58997 29438 87169 57570 65786 77180 87973 15553 84720 23187 47923 95423 86228 93193 19720 59963 14099 50909 55063 69318 33661 10523 4651 23703 68599 93133 80188 5679 48661 76633 96943 74365 5935 43212 15664 30632 65892 43387 72704 81244 46477 23635 96022 92785 35371 48034 87244 4924 1328 13015 48263 75356 73269 18642 54928 89369 14639 63574 32359 25273 28148 32062 70381 48490 92229 18112 62665 64882 66775 75091 64934 
35905 54472 87728 16280 69508 89431 66172 69615 93517 52256 62170 18690 91485 9745 56587 57345 51397 14134 84994 82593 91950 55186 57810 79687 96158 10965 54470 30270 77377 1982 72633 69447 8835 52208 40140 85384 81877 47473 72811 39103 3827 51734 88534 78075 54789 70490 79924 97825 95834 68830 68221 1636 28723 57830 95188 92794 13655 33422 40804 76072 15007 20182 47474 77788 96606 55360 1422 94198 89771 8191 41617 67034 51175 11341 83736 60427 42715 21073 83859 69931 19264 63998 23431 50054 54576 23570 16648 10409 5006 91408 52336 91972 3508 3796 26353 9613 49929 34357 51453 59107 
37013 36202 39673 25642 88236 12037 76017 8120 94634 16172 58713 43547 63542 78398 53245 82320 73183 4024 9334 16291 30655 48586 22345 28162 57402 78126 85528 39474 22895 71134 3383 94735 60784 66979 61528 69640 16732 85005 86085 34265 15684 30761 56943 31963 6529 42967 50224 72381 70264 38215 97964 59035 72169 2332 18852 26197 27553 70875 81532 87641 44164 91293 76409 73180 94578 75718 64264 12847 56406 73766 81799 13531 86093 34440 96392 80326 90199 42625 11605 94993 45587 85414 55133 34213 24655 43425 78642 91320 19051 4987 52156 75043 58106 16708 10096 39042 11440 59090 88579 67306 
79534 21001 36019 3194 84964 60198 19979 14827 55546 54670 34763 74395 24820 62137 87736 34930 98347 13599 48964 23977 49642 13597 32812 39727 34378 23683 56705 63795 13045 54067 70609 75236 62160 64332 55197 74809 52568 5987 75142 57420 92368 1571 96638 75762 84155 78535 59671 63340 25475 9126 12498 33121 81147 2377 92452 10114 71921 79380 86740 87694 89213 86847 51054 11725 94447 85379 37691 70053 56401 67072 19927 74194 37742 31135 55501 86031 91942 25201 24886 40279 30218 10562 78307 11629 54109 80731 71377 76711 5851 63456 68575 46283 14731 88577 73901 11631 47606 14618 41309 73993 
79474 45250 6932 91797 33415 28074 14151 5648 7449 91716 36754 13098 47129 51457 4285 68900 72973 23893 15061 87032 97187 32732 47712 58897 69691 24751 55759 77248 92332 97279 48922 62711 88279 37162 96946 11484 34566 95984 87019 78616 90082 82338 69336 77717 38494 58028 6001 84277 62527 50824 41671 94398 83585 55846 72373 85368 61462 67357 26049 44621 12412 63568 86442 83488 15445 83875 97327 52765 19081 41828 91167 50884 59344 34670 82964 41575 52222 81127 85629 81621 98451 5262 23148 48914 70258 83347 82207 27270 69398 33008 30781 33409 55237 49897 79479 31600 96016 79714 62045 44222 
37645 69571 44934 47412 80893 17380 3859 50483 75118 94005 46435 41441 59944 76564 21283 76278 90988 60546 1464 77432 93337 14716 69481 1310 15820 13423 72730 8047 69834 59121 88836 18769 53740 59599 10499 66582 46846 32290 35914 34871 98605 6635 78091 35512 33613 70408 89911 34984 74397 18331 97172 85005 63668 32869 47198 78769 77419 24371 62575 93892 92581 45675 94157 6755 10441 22423 27228 38675 90109 9075 48007 31815 98713 77373 71023 18345 38047 13804 37072 95545 61504 62782 97834 91596 2926 68412 63562 27449 37082 82448 8914 61070 39754 2463 41284 81779 89894 15552 43183 24158 
8138 84256 98912 58071 49787 38403 30450 10243 61846 84865 39435 12159 67399 92129 56575 17020 64516 90490 3322 43489 83157 18442 92503 6348 95875 37324 66439 29395 85803 9028 42112 84050 52130 29404 86878 65770 11638 96757 30852 79881 67551 35416 1931 98212 14932 76650 67877 6522 19669 63722 25235 39958 82963 38068 77899 42586 83467 1587 82684 35192 29585 54487 4660 6006 76935 42230 66702 18644 15430 97149 4005 84031 60259 43597 94793 88059 20591 63331 91976 78515 51136 81046 18404 32459 78079 52692 22177 93143 65710 53954 85228 46918 88471 38798 44498 22130 45874 56963 25801 80779 
41266 46817 51490 76420 49893 80748 59873 61363 87085 26726 19418 71199 24668 13526 89215 2834 67804 7054 97114 85366 81055 59531 34429 12494 72142 98948 43962 62128 60499 52189 85693 25126 91349 48462 45307 43623 4051 43633 5133 84802 83584 15391 91486 10711 48523 2359 78967 68391 90885 46524 41821 46502 86730 88275 24433 14683 43649 30853 86438 14701 87478 88399 76921 9484 1384 98463 57073 21670 89766 22649 92938 61194 89172 1193 37279 78898 23118 13129 80578 64812 41857 98469 95745 58954 4495 10934 8341 88168 61714 92091 64201 63212 76865 74980 2539 67965 46943 14645 95065 6921 
58483 5041 44824 31227 18347 61357 57087 89826 76080 43201 89859 57047 88795 98669 41002 75971 53011 13564 4519 91957 24600 71445 36670 68391 11365 73098 5368 72982 60823 83311 91158 96310 23500 21102 39703 25336 8465 68074 71990 27689 74058 37957 3951 53759 23523 90728 83818 65463 28066 58816 21558 59445 4708 85629 72901 43138 2818 74449 48828 37300 60913 65737 94639 48815 26623 13772 13711 58737 27521 44356 96495 37986 91450 95858 50204 26504 65180 13662 55324 93085 83423 35677 47102 59955 57164 81709 73211 35895 52515 15407 66874 49354 86149 15868 17392 65808 53110 15201 46496 66067 
13367 1909 87355 98728 98582 8567 43807 80337 28142 63320 78943 76266 72262 15756 39655 47572 22213 46957 60816 59382 94411 22616 81260 66238 7732 48457 25083 74161 28177 18417 25722 73745 27031 25138 97784 46721 87496 60372 78406 4922 14264 92903 12658 64860 92116 61955 64819 17345 93187 17262 96958 56691 82702 76770 24427 91189 56745 34512 43300 81739 96648 42787 46192 58188 64060 34857 31792 87112 26566 73952 62872 3076 69085 9391 13483 78286 23284 32324 50846 4874 85810 49654 93127 76994 48214 10341 72085 38003 40615 5542 38834 48406 46952 36865 69576 88787 88387 46047 36835 97699 
70600 64670 71750 49795 88058 32695 94378 47218 61009 83932 96367 13924 78224 52954 61031 55693 7023 82576 50112 1891 4620 4780 58947 95113 49267 32238 91505 14671 12104 73532 3116 1491 61442 17323 52621 95806 81973 88903 94411 60851 20512 93814 62502 19114 3599 9840 76281 67854 29274 94675 58284 39050 5402 39133 93006 57575 75452 24196 70772 27437 39028 9401 52432 38281 87274 60166 43680 76222 75079 79300 55819 12085 9805 61773 45213 31260 25094 33391 71176 64243 65517 23198 16120 38836 13880 43643 58170 67605 60957 60570 76345 32356 91258 70361 7159 26617 4743 45628 20006 19991 
9593 41053 22857 13238 93769 9118 96393 48808 84728 82716 19945 28513 75444 85291 2737 79258 28099 74931 75575 32230 90292 37091 81425 21208 3197 95713 24803 94855 16639 13768 23624 22815 26368 62982 76921 81591 69751 52024 28195 23878 47287 33249 87713 27409 50942 84268 37132 64000 7389 38395 69664 92492 9817 89657 4811 80695 27186 80881 75184 51086 82566 32958 71209 90491 33625 9712 92359 6115 79100 50476 96238 88546 6499 52012 25089 53960 22573 30493 50977 45629 13960 20743 60710 77269 64228 17546 82800 62111 15583 55585 15847 40040 9662 86272 44348 20656 14305 96847 65407 13908 
13969 87763 98547 34231 23659 30682 48730 20185 88219 4022 57530 51193 75844 11265 79302 77665 64819 72195 67567 89786 9037 75163 53138 79609 64360 3384 30302 68527 88654 50122 89290 66935 39935 59054 42373 59518 21776 93775 33364 59209 69960 7582 98039 46615 76771 97417 65461 84675 27646 77936 85420 14437 32502 50581 30776 19969 13187 18967 77525 51922 47178 35071 88660 19671 3511 57469 34729 39357 17070 38970 19446 34127 85202 97281 92485 81629 14535 21696 52168 54471 87130 84178 10405 31389 69694 27739 1690 2806 85351 36762 61908 28644 15629 8056 25912 24055 88281 68240 70879 42085 
41988 84719 11816 6420 73222 10795 32524 71986 12365 3736 60753 48619 45409 98274 8209 21415 94596 72960 4531 52903 11348 66959 16075 66817 74530 87160 27487 91652 79551 31599 84563 36694 72988 7804 35137 88843 55745 36293 42869 83053 36752 57184 60899 23918 95074 60608 81436 95318 54544 39551 44522 31333 70293 63689 11290 12544 74485 45310 67948 34747 65317 81196 88427 56917 55609 31889 52732 6857 62074 9793 55991 92800 94490 40218 48202 37683 26442 54937 17383 20308 88239 91274 52138 81664 77644 63052 13543 74758 67267 90401 22213 49050 79237 83401 67316 92556 63578 17935 44398 15018 
42391 82109 67027 8956 80549 34341 66108 30229 19530 23948 2287 17630 13392 9670 64463 54118 6789 44747 86023 86494 60567 19070 18286 48641 68248 29069 16164 39289 56080 26506 75513 31837 1786 7864 85231 72076 66179 28843 52837 56914 14032 41293 92962 85609 60590 87164 81859 70037 9331 70354 23403 94996 32488 69010 88178 37798 78472 88309 46058 42067 68599 50016 82904 79829 40399 63242 75184 4999 59775 90122 75584 35989 10026 86537 78799 50695 32874 64291 31614 89616 89860 3420 41227 14824 89398 29295 10698 13099 35038 87323 5163 60746 6075 75642 24467 83863 25723 84080 57572 77889 
47502 98395 80401 63236 78766 74995 9462 6481 59326 51633 78508 52947 71401 5327 51483 33103 38842 53224 50466 33481 47897 74022 98958 82837 19126 18046 79230 36295 55945 68626 32257 11177 75223 14032 80038 83342 21286 26784 75241 94600 21868 78601 6693 65095 21163 70629 71815 85852 21358 45930 81240 32488 72031 73015 81541 2708 91300 13680 16865 32027 67111 86292 84451 46623 63145 50149 17204 8895 90040 13876 9107 14381 11157 2561 88163 39177 52755 32493 54693 34382 9316 18110 74557 39433 16895 79415 44236 24682 10705 33886 44818 16016 57724 27010 1633 73744 33583 34709 15090 72786 
40086 4552 54523 65749 58375 18536 23016 93121 60830 98305 92946 18301 22181 72136 63931 37751 54982 76925 65362 48550 20804 1222 41129 52831 90732 74881 42829 30745 79546 7453 63905 56985 85254 57066 29156 43988 6937 37612 95122 63762 1690 12604 7038 13459 48804 43210 54921 66949 61480 83423 94942 75787 77665 68930 53335 46144 60121 58116 74056 74065 36604 22157 22949 72271 94615 34655 10164 61612 13096 7174 86035 64312 15325 73003 39022 24097 42030 70021 97660 27187 43511 35923 42636 53716 54713 67918 25177 89236 7819 58750 34164 47567 41602 65510 93101 46088 28925 17592 89050 3607 
13517 36247 3559 7980 18778 74035 32992 89483 51867 89686 53046 43061 65867 52943 54720 55902 40663 79646 23163 61760 4100 78151 82965 84917 28792 10774 32179 93337 35222 82623 88597 65155 98143 27945 36689 64001 59739 51562 37276 12940 68506 76297 54891 51733 57919 42088 38066 95934 17002 9379 76749 32568 76572 11967 25523 38330 57050 78183 84343 12858 55334 75472 75912 78262 73990 52710 49205 27967 64978 36757 13869 11881 92286 27749 42364 92057 48787 39225 25824 41443 22084 91648 37714 73522 45716 28278 94222 2665 7663 49202 37690 83986 96134 44479 44371 94799 80977 48025 66021 33142 
69349 34280 8722 11795 70682 6716 57545 6160 7149 33734 88346 90342 4289 78912 88837 63735 1653 79012 56071 43678 62728 18928 56830 89119 4765 80739 90640 42304 16777 11425 38964 13982 21515 19858 34309 94422 78796 61828 19805 21901 18085 25965 64575 61459 4165 3504 2756 21598 52665 96759 51954 8800 81962 38916 93673 6073 14668 80201 32131 23086 52293 96995 90808 62477 9196 75158 52531 87022 53475 79524 20543 64348 85641 65314 9796 26386 60864 92437 80983 45563 42566 34994 89990 58630 85856 32977 2421 34737 6844 70099 41302 38824 33229 50458 73957 49244 10825 8571 12151 61897 
72497 70129 80561 97528 51136 21673 59522 21689 96684 54141 64633 48724 32548 11471 29224 32689 61543 51230 10163 98893 73501 97922 34337 63819 70509 69445 60808 64918 75665 82454 98866 21888 9015 79778 75225 41294 80001 13252 98022 95058 14885 56317 44067 14785 43182 55683 79920 20584 56800 32113 8236 32827 97945 23806 34087 85565 15692 8569 51346 15589 48569 57544 68437 65531 87918 87496 34166 72555 93645 30697 89569 82360 60783 53247 18048 84810 29364 63556 28745 12522 64018 65853 83593 78710 6298 86196 82541 23517 76353 78618 86570 39949 71794 46983 11243 30377 98585 15835 31885 43401 
44920 48099 35947 10594 24458 29724 60955 31551 11025 68439 34233 51155 30529 19162 88937 61808 45278 31744 50895 39880 92545 24055 87817 63256 78876 17276 40321 92340 69772 47818 18197 61372 22576 61489 44784 68470 8837 38970 53917 45894 26279 93226 50912 93387 73909 54871 76663 26903 13014 95542 28621 42779 93943 81858 37264 60299 65775 9879 53546 41148 94705 57337 91534 64648 46864 52810 42659 22699 98556 57609 83747 45238 4817 30151 55739 50475 71398 83248 62857 27987 31687 55015 78255 17010 91695 8377 11833 82634 55993 57541 68594 45109 46377 97641 16870 42055 51563 26023 72918 80332 
86482 1276 96160 92813 67133 23901 15109 96016 40951 16893 14953 96058 88393 11458 71509 52694 25269 75787 33034 2449 51548 56100 73661 3790 89038 38537 2740 33373 95390 72373 93313 49480 16260 65107 44785 13753 95035 91612 71839 80457 65116 65959 29506 52167 82287 51074 39538 54790 42995 77167 31636 26029 88928 9397 6617 76049 54349 26425 58021 5042 75835 79129 36083 15598 22966 70735 24828 39498 30086 50833 75154 7559 83740 95671 74863 8737 1254 15994 91576 73471 12013 90100 33969 52381 29312 72809 63685 39643 10684 89035 7768 69059 98992 18343 23175 70633 36280 20800 10274 24984 
82414 97722 87151 77091 86221 12595 4664 20153 15717 84398 30346 91140 81569 35935 97187 82285 2593 32234 84354 50440 16256 36994 85825 52493 56375 63990 84327 57763 36982 70553 84863 34557 19655 82744 81184 82909 72669 34080 45676 82234 23923 11209 4243 59950 14209 17614 73573 6045 11298 74012 64143 14933 3237 42103 30874 25741 15584 9197 80357 90805 60036 46695 9013 27105 96679 5673 46643 97472 38420 28579 97967 98855 3150 89812 43075 37276 52848 14090 74252 64072 44170 26386 87869 38299 44731 25194 58813 8356 35597 38401 87571 39034 10154 92863 54304 81742 44062 52658 61996 55782 
24416 13198 34702 12855 31684 73327 30016 41009 8026 53353 51380 88471 89006 93088 97159 7279 85990 52689 73747 87830 29217 32898 68535 93955 6642 89164 67369 81469 71513 3771 61063 40909 28270 86366 74029 58112 76225 35113 94792 77581 71288 17396 83188 19192 41572 64068 89387 56364 16873 32044 59133 55675 75088 66670 67914 82524 36832 97324 61801 73324 25547 92917 20607 91886 57853 16921 88786 6377 15063 58408 52027 9784 6768 10067 61311 14272 26443 71839 55981 78788 52448 14014 66849 65566 30806 41234 22097 2786 90984 37720 15609 72156 29907 81166 5719 34573 13891 27972 87909 70174 
98153 55003 27937 74233 33870 42670 28370 6733 82750 39772 88795 92984 23945 67112 2848 58502 5532 21232 54259 56993 2858 59233 82720 43666 76449 24578 76107 76712 31032 51033 37922 66835 59640 12796 59116 50266 75547 62051 1803 52876 9232 40517 73919 37784 27608 57810 17811 73477 2032 81628 19282 6760 28788 56778 82468 36145 47124 82981 82136 35454 5623 78413 74193 31136 46363 75893 50539 8921 75301 91999 77469 98050 85060 53957 79840 54214 75592 96275 87729 96840 6130 14908 8820 83242 50432 15616 28090 78127 10288 61913 73191 68797 28135 76164 56279 64927 57643 97844 11760 62236 
36328 18142 27898 98203 20932 81284 52441 91148 1416 10437 88366 97504 39278 73528 90447 42819 29958 64042 81865 61885 92037 76192 19370 77060 19591 13484 26200 87188 29487 12331 48220 88435 97712 31152 42852 24531 66686 85873 20899 28150 24002 95624 66409 60883 88417 35521 76455 54709 75191 32830 76582 65227 75493 44405 24593 7289 4606 3853 94345 22631 36735 97882 14257 2272 93096 60877 54216 4397 4144 40618 53756 42886 13137 5437 38926 27528 67460 40512 85562 59044 63456 72906 30309 73611 85741 1387 47816 25042 75899 18852 65296 7230 75952 78790 30850 44369 67942 12925 21053 4602 
28156 51598 40492 40771 2206 49348 4923 37273 32054 68323 29257 45568 46582 20060 13510 97547 60935 16509 10129 9331 12273 66969 69523 95263 26517 87046 2824 95414 20324 2906 34651 86662 74802 34498 5262 12865 47691 31879 93150 6532 58546 84248 53287 80944 67600 41421 45415 46005 52305 4996 18754 67501 90017 31021 86746 8084 52026 55495 89201 67202 43563 13387 17442 17037 12704 80993 31180 96133 19246 20244 57943 81337 97986 11557 83472 4771 12639 27033 26722 7979 94171 29857 96625 53751 30692 80722 64375 74101 46153 18055 14300 21205 15566 41371 75217 13461 28656 68924 85629 64396 
50688 28675 48676 15244 95529 2133 66136 30949 31289 83734 17055 14558 6761 90497 78085 75691 90754 25479 45427 57158 92260 98086 11499 53731 73211 37893 28441 30704 56020 29582 79345 36580 39238 75462 90277 82543 55537 22373 27820 28468 8170 15202 2845 11326 61116 35041 70820 87454 95156 74022 81456 78521 41231 25372 59813 82009 82222 93955 66475 20127 28907 56698 19220 75859 4661 31163 74162 61246 16580 14923 27415 49150 15004 39178 28187 48616 79602 95338 34404 78586 91241 48597 55927 64053 95761 41354 77601 86869 31663 25118 30936 66081 86068 80335 72705 80994 34147 7484 65021 16099 
69695 14203 65236 96187 45082 12262 55946 66133 75292 38640 16858 54995 45283 1390 8842 11072 52066 52030 89221 72178 95896 54511 3209 18622 50171 84307 30075 88927 41169 3502 92422 81482 96382 37112 78047 37602 77083 23929 11522 14320 14017 95295 14545 46531 13342 64365 60400 73097 36004 18775 61254 86269 49235 90390 72993 44342 71831 25855 50842 54374 36262 15990 33692 74389 59261 42634 45901 11356 75820 49445 89983 11275 93616 32398 8514 21036 47742 94366 18066 72240 43997 43294 91096 20495 59597 54143 91119 47975 71232 66263 22173 55329 91927 65826 58312 44670 46542 86657 82316 90439 
87229 64301 13802 23806 71052 50420 29078 32643 96443 95459 60098 16862 77596 68621 97164 27975 8036 27679 85339 81109 1777 56518 96038 30358 88081 38377 57568 66545 80653 67821 96355 52732 36111 97911 44047 51817 8146 62137 2825 49873 45307 11652 36961 87973 71116 25809 89212 96616 33180 96644 21835 8977 90502 94881 27073 39970 19082 25978 66103 52411 8588 14924 3498 76236 36572 8967 36443 65267 12949 25974 78436 8793 16417 81349 34462 85536 32929 68548 65348 88555 55923 81937 18217 67196 19363 78859 27431 63946 18330 84062 65191 97540 33877 49189 70715 23645 36223 50572 21103 13769 
54139 43270 57769 3588 41501 66989 89740 17758 90074 7687 35320 10255 64764 51628 52066 27289 95117 13342 21285 96686 15688 70447 94332 78190 25921 6600 5184 95053 47195 9094 67618 97051 14457 2471 11770 81637 26752 83265 42464 14413 58810 17845 9021 82423 75989 63732 92047 14384 82480 48708 11826 58756 10860 36675 79138 9872 64276 40494 54874 3343 23455 73105 95143 19033 15037 15280 73897 97831 2350 27226 82333 41275 72649 35480 52233 87454 44609 32625 43575 67675 30916 24670 86288 94182 36466 78175 94812 54748 96631 80913 39884 53914 67370 8939 50376 23907 79201 54921 17572 43691 
7586 91720 65200 8639 15493 10978 63331 37405 52633 60768 19519 85453 78877 68761 79151 69685 52993 22924 76420 51045 52341 41257 25761 95266 46441 96032 51018 65242 8605 16500 24682 69245 20038 82883 59599 2185 11467 85783 25672 4901 61618 34760 17715 35590 71523 9343 63687 87986 2510 20235 31750 83840 91882 85111 72433 79446 31650 88769 25213 9325 98323 12604 7195 61149 44339 13789 46613 71473 2828 17072 79850 7210 18702 66152 34837 17422 36130 32239 77230 28801 59254 85225 85261 82504 65634 86878 17044 64516 61401 52197 73669 7435 97417 63755 5537 48736 93812 52936 64750 10897 
57273 76798 20371 92174 4092 10631 27640 20819 25507 98895 84865 45887 21020 7906 33403 59563 4683 23461 45127 11728 71182 93052 55540 64376 42964 87396 95591 9629 12019 57839 10732 70369 85507 28820 21844 62907 25890 30113 20195 31211 76915 27507 31600 29571 81281 48589 97210 52429 15829 47517 88300 79045 11275 10282 46873 32172 78271 62776 83040 90404 94396 26940 16957 84500 27094 35601 68635 3513 41921 40528 5802 64073 19756 10593 79387 90478 23040 21641 91099 43292 6097 8059 30360 76950 36946 77494 9988 52399 52044 75714 91116 48016 74995 97383 51348 86869 95328 40334 25717 15153 
73107 21842 2634 63763 5427 97358 28215 47908 30295 84672 85405 1499 39532 39664 44527 29328 18730 1416 11371 37419 30984 84868 27799 94295 60106 28228 26905 12985 95665 26236 82975 41467 71456 87324 43908 16605 86377 15630 64903 18409 2614 58114 98456 81297 85054 28561 21175 84849 19927 74434 34912 60190 95818 52693 75501 66448 29012 66871 66559 37829 18481 34781 56500 92200 22384 47000 76795 25004 45451 46388 30766 81582 87697 1937 54328 30959 76043 61242 49001 81439 71371 8357 88777 29546 41765 95140 75673 42772 17653 18879 31578 33910 87211 25583 16402 65410 16188 66016 79273 31600 
31785 11962 36136 40150 83590 88759 36265 98587 72154 15031 32307 26002 80814 49259 1000 3557 2571 64309 42290 5656 22165 79257 5314 52555 30238 52656 70111 60206 35542 52953 94645 20071 55224 28849 11350 1437 76114 97480 72634 14115 1151 78295 78552 96612 14048 73281 5719 65491 87997 89038 73976 52897 6094 31855 69964 33859 47685 14480 68042 19855 29212 72436 34970 29109 92706 8112 22927 7696 93409 34504 16375 63982 82720 76711 24780 90458 81559 54052 82488 30634 37288 77481 65482 95679 47176 32611 50373 62399 95464 93238 47780 53843 79588 49123 63758 62444 2943 98692 73111 8280 
85169 91778 11367 67639 11926 82840 16553 73240 63721 48758 13516 8532 78910 42539 59662 78832 64141 90388 67213 56584 83198 19827 50041 33604 22089 65164 42819 62565 72556 73963 12997 6706 15604 52228 17430 71995 37528 76584 37429 89099 27426 80677 61790 79730 72046 71296 22984 88149 20128 22890 47342 18169 97565 59349 16843 94589 37644 98380 93619 17443 33668 50207 50969 18574 11836 59826 78504 49978 35665 70516 68692 5686 75943 77042 73060 44727 96654 59327 45685 17175 71775 25786 9388 19717 45895 65197 15218 2476 67144 50923 60212 25108 74690 64970 5005 59082 4074 90790 24431 17806 
40312 96344 76798 93471 76355 11668 55637 94179 4519 61197 66943 2983 91265 90991 69505 88542 3039 28182 14575 22762 97879 72093 16768 96909 19736 98807 41539 64432 65278 93044 30618 84784 29391 19757 25276 89101 40153 92439 17784 12403 14995 85645 50668 22015 61447 26157 92935 20829 13509 30466 3262 51058 34711 94288 48974 72969 72674 40540 4405 65630 47835 44821 17740 1968 13196 47118 59384 37991 56937 65250 32404 12874 51559 59863 10146 47127 14728 83512 13143 88055 1361 85582 6093 19450 49609 21736 39547 92545 94638 37919 45155 78918 19204 39729 29653 52477 1683 19155 47530 46525 
31441 70593 25316 63991 48004 95345 26110 23193 1660 84430 94357 39990 29971 64858 28290 36113 81152 86336 72808 15100 23737 37645 72131 73609 30445 74267 70450 7723 70897 49321 8086 44007 36515 31523 39641 73267 10252 56919 18168 90935 9928 94861 53243 2030 48823 41086 93152 63552 92071 26999 52876 64355 14620 90418 52533 89633 77314 1654 60340 14696 96337 80702 43947 60022 89850 39499 72138 87533 38930 4687 42291 10193 31510 23921 71581 5824 62268 12841 96108 65243 98572 12426 70633 90102 14013 63672 46048 72094 25685 55783 40162 23032 38162 59446 8378 31068 9910 92151 74647 2283 
29711 34590 34909 54440 13402 74971 97652 85309 87466 20269 46190 78248 19074 35357 91252 31231 83176 12115 9861 91162 86569 56816 35602 35625 11230 49978 74638 53533 26425 86566 36704 70112 24253 1816 76014 27028 79522 56425 84043 97519 77149 32040 75196 81867 54242 77498 83291 28901 13851 94066 28853 65153 12265 4860 29476 36795 43262 57817 37696 37644 75994 4127 88031 36346 53993 50728 17248 66521 2700 74194 70109 51762 87370 18374 34863 50714 47087 12231 68475 45004 19768 14140 5968 93160 85443 64768 50638 33094 79559 40657 88894 63541 44607 32000 11497 6529 67890 79846 97609 43535 
67715 67858 66826 52449 13852 45476 91084 44666 52696 17311 88561 91513 6006 25119 79734 24405 35427 38914 18274 72842 89155 87298 18913 20313 58071 61478 44018 66795 5475 26881 47050 76816 45014 45790 14855 76026 41455 46378 10171 57118 73863 51073 11461 86674 53275 98751 67391 82729 75970 31717 24734 70426 84189 49892 83577 32177 84964 4359 19621 58993 65763 77635 36921 25480 89857 30161 55873 57883 44948 58508 34520 57727 9539 84377 15175 67978 22466 4059 30904 78310 1114 16834 60118 84445 57631 19558 78996 6679 5338 81927 54028 27979 8785 52275 46530 23545 91655 89063 81862 15559 
59308 30571 96403 8905 69446 47322 72274 59748 88597 28111 31525 87414 72502 33726 66238 6283 29021 75466 46519 5992 87889 81231 11862 81242 79244 2367 90690 66673 13645 6505 54910 10666 65390 84769 60306 19118 50173 27252 44811 22759 57616 8803 45423 56371 12988 66103 18491 53029 64469 38188 71075 3594 83786 34413 27732 11361 42972 44067 41129 27533 77768 75604 81505 5257 24164 20908 16648 77829 61192 41971 12394 21381 61314 65608 74449 30345 76796 7261 66444 34489 66595 24756 87076 1941 85118 85848 50695 55288 14257 93970 14359 50323 30902 16335 93358 21158 60829 74860 12499 34903 
97687 73968 67744 59661 62455 94084 25630 32059 69742 87620 78403 63460 10627 1428 34003 63513 87706 16192 8975 79027 13397 55222 30745 43451 19036 34387 1310 44586 77768 49927 23332 33232 46954 18614 23890 41101 91444 65882 26185 46046 72888 55369 38707 69358 43769 35389 51336 72601 13009 20860 66939 84421 70641 56937 39430 67948 13470 43318 92130 14477 25180 72950 59799 4536 32925 70750 38086 80238 64296 17301 14744 94378 76673 40591 39682 44972 48869 60877 93984 25818 24904 72627 97779 81886 59314 43542 7180 35638 88540 30025 38425 30628 98110 44737 74208 20359 10357 89983 55188 54181 
98317 52880 81266 49198 6532 7523 84905 87102 77944 75772 32055 6082 77036 3919 91056 64635 62477 50032 46198 19027 72764 81085 81141 15892 2162 13511 37930 72054 48043 14737 36478 44871 78001 91687 37483 63442 45280 9195 36701 27784 18869 40456 13259 42166 13508 44273 55757 80734 6181 75987 33844 23682 52268 59640 86808 24049 10810 71460 65020 97333 77335 26379 87211 96706 1784 9477 33277 48007 50456 76226 68641 86429 2832 74665 24720 88480 85600 9431 5740 18994 64921 86465 46350 51877 90051 64162 57472 52057 66634 38108 26628 39948 64814 56044 11199 9028 90664 15886 57736 45250 
87183 57958 51928 71372 93020 70006 66059 45334 59200 12100 98666 55778 5947 35744 79728 31850 53704 30742 2630 68173 16171 49162 29412 58661 95167 12354 22234 66964 77950 83764 35629 40885 54837 28791 85640 51489 83356 18830 28346 85703 10645 95913 29692 29631 90072 60518 36455 6922 13043 53790 75307 19082 10392 94405 15462 40270 9409 90292 13246 70013 22689 8952 89343 97570 55876 69202 21214 68491 34139 48338 65002 18873 5043 11866 20259 19171 89665 56542 52962 36631 18208 51589 76878 28187 10099 38305 93426 39970 64338 14263 2820 88870 27014 52279 43625 45318 74201 58879 10726 19918 
45859 94628 17578 22489 91972 87795 40222 5310 66353 11438 84043 30367 34231 34901 45145 86194 15127 94353 28195 89605 10241 64802 13302 89995 82743 25242 50716 96544 1468 10684 61246 96157 83862 69284 86158 61399 86464 29621 67009 78992 45502 30880 51167 44560 68985 97231 60865 79407 71906 30437 5851 78536 66071 85956 63508 33174 3130 86548 80680 33639 73333 73756 53158 66781 42416 55891 22519 81992 14320 33694 92403 61390 88244 70214 90913 20576 48618 87229 94492 65752 38722 59947 74863 23257 21437 76824 85056 20366 26992 15631 21761 60658 10733 68530 72853 1419 13564 70758 29775 36835 
27979 4633 83924 12889 66456 78340 47980 87299 49566 84783 8389 54201 29778 54457 26236 37534 89431 42775 29302 69982 15784 1018 34710 49377 57725 13108 84424 59194 21907 20239 11952 67815 64108 80452 36109 18351 16027 27238 21399 2228 63523 37957 70824 27000 74583 76810 1720 91288 46954 54211 19499 30893 45700 91108 47455 7948 1904 77061 32950 73087 74107 27394 95514 73813 51599 86559 22359 70794 89107 21710 25996 31691 19369 49216 85201 20986 12270 39622 57910 58185 60813 16072 41257 44759 47735 75699 63886 80644 31525 57886 5079 32836 98150 70709 31656 38782 80789 65749 10160 45886 
29350 90703 38188 23345 60501 89727 57893 3384 66650 89273 5142 24780 75970 63806 97895 95401 86975 89513 43533 2211 93988 6519 30492 97561 22002 81359 42580 78001 27840 35680 21145 60670 36163 60298 91225 77362 84403 24407 31051 58477 13951 53548 66853 69473 67789 31301 55699 42272 84108 74689 88977 93079 25026 96687 34322 30337 36331 3891 15822 93862 48217 75889 71132 1938 66977 67258 88492 94987 16459 38389 15918 36253 86715 91147 51981 48220 91842 46054 84829 18792 60835 29089 35862 56350 92071 20116 50538 90680 68764 68338 58795 60751 71611 7696 47812 41257 80908 15913 85636 61376 
15277 31456 6821 62998 82666 70011 13049 49229 32366 67024 91779 91343 82825 52690 49434 93293 76259 55343 83935 81142 35434 56929 36190 51166 49708 48659 10027 2703 49983 12681 52525 57155 56260 15613 15706 83386 77176 50587 66493 72478 97342 93205 69568 90326 30419 54055 86252 34946 79831 57588 72743 55143 72697 8416 20632 59389 13507 66806 19756 68714 88165 12781 28781 52987 78581 68785 24774 78022 62260 32632 52859 18851 43643 81508 17368 58592 93074 86560 75820 40281 70145 94939 57483 88710 75572 49511 92296 70633 8507 5833 96583 10409 49540 58606 28756 68658 2815 87364 38851 66787 
87064 54067 30028 48043 71956 92755 51286 94960 45878 55032 48934 31272 67392 27003 87046 5841 91301 38355 54451 22189 93059 16540 3181 11681 36132 31128 13691 2235 32117 89768 98128 66677 36160 18487 37220 53632 14961 55315 26515 3325 90163 85383 37712 29434 42356 13471 59011 60045 79380 50289 86554 84610 44776 36526 43881 51307 20479 12224 47863 28450 22223 50470 44665 62068 88579 46728 14227 85279 75964 8102 12259 84070 14071 89329 80734 9403 32431 17706 31104 48847 5756 98708 77983 95745 12499 40938 37313 98629 94033 28259 92041 46213 1018 45787 7596 58510 47205 66441 64170 6653 
60038 51269 43630 66034 6573 12103 81516 88594 58462 96540 22944 75963 73488 31791 70683 82852 7096 27547 79999 36403 77998 70049 46135 71994 7754 85978 8143 23341 21957 50620 48169 9406 18595 59999 47276 9056 37709 93616 48046 95235 9627 88582 8297 22386 84739 83560 97138 68455 37774 53906 5656 97401 78103 39849 9115 89613 32290 82070 32554 60008 68590 28122 73438 40994 44743 54716 52374 91726 31820 22007 35794 27127 87019 17631 16116 37525 7966 98803 25629 33017 8692 79150 39522 31619 81886 42035 60845 48180 52583 26944 87360 3262 90030 56845 19186 88876 91132 15367 64499 40060 
68359 94336 52201 18433 55049 45460 30159 61333 11510 24928 12760 36253 60568 59039 95677 22873 52147 53704 82070 27352 22903 15095 19726 14681 11284 39394 35629 69072 59359 79879 12089 39641 79348 47086 40312 30776 38374 60680 35672 59509 25678 15454 2746 82473 82285 85987 97706 21477 5957 24490 34731 2198 76270 57916 61030 7402 11560 38776 96947 17386 23572 29457 98074 91227 65250 64418 97638 60559 1795 97782 74037 46117 21346 71616 66825 90961 13559 35533 58048 24833 50819 10835 96841 62641 52036 32822 43512 89566 31453 88708 55088 23908 73830 36224 20440 56100 35023 4386 50852 82507 
4442 85563 20350 60579 37352 22177 14503 58159 53416 40037 22446 94429 78393 56071 35196 64810 73102 78868 91541 51568 61240 33112 8806 19761 78097 29740 91012 23351 3944 38230 52417 26938 21092 9237 40941 39502 76173 33975 43552 33025 74332 64483 81415 73522 68698 35262 48304 50207 63319 93298 63996 32427 94401 14869 92251 73434 36544 70872 60914 77995 90765 82787 21036 43192 58224 96994 52336 13126 31587 11456 52918 11791 67480 42454 85267 9372 60823 60922 39464 41351 24704 4186 22095 8056 79333 42220 81286 74792 30851 70957 19606 35791 45390 9095 91542 7478 4513 86183 66051 28341 
94203 3629 69552 29760 6930 44838 20404 62778 94717 18316 6435 48078 13435 56914 92827 84057 21484 51253 98605 40093 98078 18452 48646 8752 4134 33078 71344 70348 73663 23274 90205 59599 89665 90451 8599 79706 75925 13055 17926 58925 67825 46240 98884 22990 96387 70015 30595 15556 94358 70784 89497 14010 89419 64535 6552 21565 71974 97570 45810 12517 88405 70120 60175 47373 7435 2266 26712 89176 39394 92980 68095 54438 94735 81991 35440 19915 19385 3304 25009 6010 4421 27712 1756 79586 13755 6118 60553 3325 30682 89416 82348 5812 17212 18558 36198 16300 65205 12460 51460 78814 
57772 67114 29602 54376 81516 24508 3040 5239 1275 25272 23287 11692 28952 72851 21807 34579 66958 66288 8631 40109 61190 46232 14851 44289 39518 91870 42756 68058 63745 19613 63838 70828 40192 80768 51908 16041 8272 10257 10126 21150 18280 10789 95887 86302 73174 41275 26043 72271 73189 8869 15877 75155 62159 53563 20714 44236 27935 83489 4132 2713 78076 88711 50215 62973 33519 88935 37179 33980 62278 53758 82612 80561 68810 11627 64540 25539 75671 82504 11872 86116 8558 53305 4363 91050 22669 23797 97111 54011 48220 93420 75191 8255 44696 52072 13929 79618 12536 20719 64837 12160 
44167 61890 55045 85771 60529 78016 15274 87391 37311 25795 21535 91945 22414 30358 85663 2596 66285 76891 27487 59138 49787 69652 83911 71278 57180 80305 77509 60121 57646 37936 25660 26752 8450 27853 49144 89678 62057 30891 50928 89863 8650 85765 58283 92132 25164 96724 14618 57180 44139 64967 8418 45576 28323 40477 45577 41638 11099 16651 76732 95761 87451 36366 94685 98201 95854 91457 33524 93129 60834 4639 12258 55525 25685 91839 86125 30376 97690 31122 16336 79125 48058 58210 13717 96157 70264 31096 20794 7456 81321 89050 30124 25642 37768 22962 28273 71833 26110 89970 34058 63800 
6944 17404 1920 28329 3431 59824 30805 97624 44503 97726 25693 35958 87957 7255 76788 44322 12583 41155 70930 24292 89631 73601 62578 50566 73817 15290 45059 12255 87039 67104 32110 40000 41859 32257 40279 64656 16561 13051 65221 41912 87348 84706 40728 92872 95776 90082 22520 74116 62293 12930 79308 71130 21190 88410 90155 45145 51535 93024 72272 42388 74848 68425 86704 41924 69214 33715 19514 14887 67899 79183 68777 2834 33340 8005 77764 74581 6578 11550 59731 50170 9027 82335 38278 4135 6067 46429 28210 26757 86193 26371 45388 11893 26167 25417 74911 77617 79034 22660 56527 90708 
65404 56935 55293 76992 50923 28771 9006 41809 35070 45393 20316 66874 19816 92489 64984 83617 75440 46486 98878 55744 72230 68820 94021 76186 21478 49369 15157 75956 75852 81355 88776 88813 54057 88842 89765 79205 65007 65879 89246 37324 87661 88438 22904 8049 54380 71492 51008 17911 75066 21211 46252 25273 74528 61363 59318 60332 22175 79500 91621 14860 65019 93219 27246 50442 92743 17255 83305 71987 42875 50221 21566 65842 15913 7359 7060 30400 65057 62866 79952 31563 10551 70555 28294 81735 52237 26503 47910 47896 58240 49811 50192 64789 56023 4795 25376 46834 93440 66799 29263 69985 
68137 3983 4423 69689 80623 1181 21938 61600 85699 26224 33163 48268 37825 78815 21955 71350 91399 11101 26632 79722 11260 50374 56772 17145 21088 67820 78746 55825 42272 43909 45398 43717 41632 54476 59521 53341 28144 89245 23330 69333 76041 83997 89104 22974 12106 46681 43279 37486 77791 17710 13354 31671 14347 61678 82540 48187 29305 5941 75356 78651 25030 23655 86626 35117 2529 3085 18667 8176 52595 60382 5866 44263 34231 94789 92278 83741 12307 79948 1984 77770 54327 14706 2782 74152 75582 61543 64522 5198 4253 33431 98503 2696 44989 48692 13617 60842 8149 81491 52807 14104 
38366 40991 90549 32238 42838 24474 36469 27649 24073 5774 30823 49865 67608 63850 33004 43264 33089 27682 30445 41347 12979 21286 12082 32393 87690 49009 88282 53821 33481 55246 96820 62164 89947 98026 78814 79184 90506 7446 51163 57133 62447 67696 19093 87499 27043 17103 65872 49059 77814 41311 16524 21062 47450 98250 51628 80229 73898 78945 21944 51294 64963 1516 12918 22342 90665 48799 29794 7785 79426 34198 16804 41860 30217 76535 34969 40802 13714 11220 95326 37116 70363 78184 77659 48733 57597 38262 39757 81808 60303 1146 16039 57505 76213 82978 48023 21340 16552 14567 67996 78899 
43855 79698 72231 12255 48899 51781 73818 78445 53893 89539 37564 51720 85438 64320 57529 86723 67114 19840 80248 41932 59914 95491 98851 12876 24853 51039 14452 53045 67132 24940 21169 12012 77035 18472 51382 54487 97818 68515 23966 93822 69788 2215 38739 88015 96271 82460 76370 79930 73120 46792 38305 82432 36001 16173 76760 87427 72090 48245 13954 24497 40580 81991 15105 6364 76394 1729 92232 87501 52751 24112 64401 34642 59491 9186 41545 4002 70214 86219 31891 39811 80364 41921 8092 61316 51696 35281 37115 43688 44218 82725 81963 30814 56373 87925 59338 22423 2065 58441 60376 54520 
23964 76375 21361 51181 1409 86995 49290 73466 32174 9360 85729 65381 78991 65933 18271 83895 18536 77711 93955 90746 34328 68203 6116 31029 2606 90610 10391 65278 53940 19993 63467 64440 98476 97597 97949 40624 92164 80839 71477 39322 52597 41743 6410 3107 17929 62810 48202 65971 40816 35566 78275 17614 61294 66109 85348 54080 77437 86073 68178 49921 25493 26407 8020 24592 18932 29481 61705 83066 91329 91880 52813 14925 6355 69517 92874 20278 38950 34086 19223 50792 67012 66874 94954 57409 33097 96724 23254 17866 53734 86859 82744 2076 35926 48619 29499 19112 87085 36928 10645 24175 
57868 53410 90097 69744 89687 92610 14593 31247 89839 39184 68095 37606 54991 11329 4759 47503 64693 39079 41080 11842 58858 92787 63448 67905 36658 8473 95473 46917 57457 12091 89146 27922 11629 47822 48700 56233 1007 88286 55895 80663 51971 8590 70822 61759 94627 84634 4684 37045 93256 92629 45842 41817 32720 62127 94737 90856 66166 60806 21607 71308 50469 3196 75304 77467 24149 65948 12672 24714 65072 81817 48074 93583 29959 97566 96733 87106 4933 81724 19631 67474 30275 34352 27856 8051 78955 52407 46610 53659 32377 15478 16691 89450 5805 89655 91103 1372 57575 59377 47429 96454 
66712 96181 73880 3093 52408 43503 58253 11551 77728 91027 70663 74825 83353 93178 52066 35974 24076 51389 47224 83846 73654 95597 31114 40643 43540 24065 69814 92526 73534 45234 15147 31577 56616 91349 41941 4748 38506 58135 18834 31695 94807 77632 32336 50460 58567 43429 18613 23174 85515 88651 1099 49969 87291 44012 98671 3794 85555 57199 41955 39490 35534 49690 84324 15661 90586 23985 24792 24038 26926 31429 9541 95959 51754 50900 50783 39970 58217 68904 8452 14271 38608 18514 61204 54177 21338 71269 2575 55450 8795 17047 57508 47919 53059 55105 92447 18873 92645 62798 48439 70383 
40171 54909 95345 28608 20008 29313 55187 10194 51147 81963 80611 43652 78756 36604 37112 51742 38091 61363 86948 30895 19465 6165 6414 63209 95910 68223 11572 12208 74990 38581 44875 60714 7214 30142 74374 39717 32969 3878 93472 53581 56182 79168 87324 67931 70069 79540 28405 93743 90854 24037 56917 17332 49689 77259 59392 23173 82438 40681 85992 43611 86725 6559 43363 61182 46945 35731 78775 62578 13695 48763 15922 33722 95232 65620 59970 84498 89722 57304 41807 3322 6082 45770 63528 89615 50926 29314 60742 64999 84427 17353 10711 44671 44200 66487 68392 97138 22542 40448 51292 23599 
