1000 5000
227
198
9
101
631
938
538
347
43
174
970
563
360
394
14
657
658
412
183
167
46
284
441
541
514
881
68
137
975
915
577
832
963
554
519
748
746
198
158
367
510
705
611
910
468
771
614
761
24
548
249
602
356
207
114
372
341
957
826
806
799
31
311
800
499
368
231
597
845
426
349
346
458
928
305
878
546
133
123
402
74
51
969
587
622
581
154
102
773
985
337
91
853
56
501
901
409
105
176
889
704
181
695
421
832
667
538
195
906
575
517
453
848
759
246
531
508
999
280
764
835
245
415
273
186
967
36
520
663
443
435
199
948
319
284
519
39
427
687
460
869
491
436
578
545
729
873
482
527
115
949
949
14
537
461
808
157
106
844
600
461
815
745
816
975
296
708
129
112
230
480
682
602
176
327
464
293
466
530
431
270
419
353
970
958
37
763
791
206
419
357
806
393
566
960
132
268
400
526
691
313
13
229
44
282
686
840
824
452
688
713
707
569
997
420
466
243
210
728
191
782
144
975
362
285
254
753
714
848
519
803
740
836
928
669
603
164
982
125
857
239
333
110
581
873
771
349
334
142
662
118
151
948
891
601
515
49
961
987
234
517
605
571
533
265
344
354
55
816
550
70
92
868
552
689
198
405
260
309
725
622
754
811
455
8
331
877
538
131
910
112
845
922
443
902
885
646
843
258
271
350
247
837
544
182
176
609
109
701
511
973
817
275
63
808
297
115
736
409
958
69
541
158
499
255
183
67
869
421
227
406
763
423
761
17
254
714
23
847
275
842
246
747
343
694
612
229
739
732
441
614
328
398
813
814
627
253
42
612
812
262
742
246
916
2
381
777
822
698
124
35
528
218
944
775
761
326
104
82
21
331
688
339
223
279
832
656
534
195
69
47
603
999
854
577
58
135
689
950
799
525
959
621
875
768
221
707
623
83
765
190
256
464
940
938
780
103
685
308
628
441
910
157
154
858
242
553
620
647
639
640
602
52
992
245
197
505
525
157
896
110
498
802
500
764
101
265
622
654
676
817
28
896
47
158
96
295
33
444
211
673
13
223
598
758
599
594
317
991
832
550
949
870
654
214
912
870
372
682
630
644
93
352
726
7
23
841
389
156
341
411
79
893
429
506
948
587
676
245
396
561
791
207
566
363
571
682
60
271
247
515
12
250
368
130
123
302
517
664
251
987
957
198
647
300
334
107
603
179
799
662
305
168
808
21
626
677
32
742
154
229
127
596
695
39
221
93
723
86
739
121
919
27
657
972
907
965
7
72
772
567
760
661
253
2
196
91
729
669
37
586
344
323
708
727
168
276
53
697
509
742
264
445
892
909
665
183
100
968
330
722
687
478
32
410
392
337
795
247
36
818
802
293
886
438
287
746
174
151
174
56
802
430
500
604
224
495
189
237
802
237
782
881
371
569
373
732
281
525
814
595
731
765
991
760
445
8
990
695
250
323
953
936
561
390
455
301
459
508
349
591
996
245
371
340
336
190
920
269
48
924
291
205
485
917
252
539
324
8
779
116
651
301
135
922
459
175
433
746
934
665
785
357
75
471
241
629
655
855
330
83
838
744
332
654
531
2
914
302
772
262
444
825
498
831
982
486
503
112
106
113
9
80
818
999
838
780
136
314
424
4
169
55
595
969
175
21
356
516
519
537
605
603
379
72
326
584
440
452
646
842
746
851
299
792
982
100
726
43
328
164
458
771
527
720
206
661
822
588
241
580
364
923
118
942
574
144
305
392
900
300
944
316
153
912
981
305
262
598
51
908
458
683
902
454
403
200
200
894
176
905
954
777
890
957
712
503
551
832
784
783
505
557
628
566
31
912
950
516
859
83
300
407
764
647
156
44
780
501
745
587
205
797
822
619
823
23
194
518
965
593
445
446
81
945
339
96
613
811
431
784
723
732
137
45
551
567
411
230
92
752
184
205
708
520
661
243
37
89
13
836
304
227
456
533
435
766
588
331
265
1000
367
93
952
841
795
709
724
157
579
323
986
433
733
523
319
602
849
552
386
547
25
312
120
198
544
354
55
909
296
398
420
376
799
660
393
825
986
759
249
703
901
99
94
144
17
861
269
307
15
74
944
605
493
651
333
241
694
615
413
453
790
41
807
571
951
628
341
990
525
172
464
390
873
799
960
141
300
83
854
170
818
498
998
358
553
796
159
598
378
19
197
296
39
781
824
489
142
533
78
222
637
467
767
977
14
517
880
959
253
134
970
160
936
279
283
791
518
75
182
475
931
663
775
684
419
449
865
466
180
795 376 1
954 66 1
624 708 1
101 426 1
598 352 1
189 864 1
114 733 1
73 53 1
753 193 1
572 704 1
50 56 1
105 353 1
499 569 1
177 290 1
993 189 1
667 645 1
204 315 1
747 882 1
401 736 1
469 663 1
306 789 1
595 630 1
76 681 1
190 825 1
343 16 1
842 321 1
779 388 1
749 911 1
705 460 1
506 602 1
800 690 1
688 139 1
697 977 1
928 685 1
996 6 1
943 426 1
948 478 1
64 225 1
785 321 1
807 188 1
133 453 1
793 681 1
682 798 1
967 871 1
641 445 1
933 764 1
477 719 1
662 28 1
346 607 1
818 613 1
136 750 1
371 881 1
381 298 1
596 203 1
465 541 1
931 893 1
259 599 1
64 482 1
437 254 1
350 151 1
539 870 1
467 736 1
818 284 1
491 664 1
511 919 1
145 384 1
685 977 1
160 236 1
443 521 1
134 467 1
941 77 1
130 126 1
465 247 1
472 770 1
789 109 1
587 177 1
848 470 1
915 901 1
678 777 1
335 135 1
928 552 1
508 375 1
803 541 1
974 133 1
423 116 1
726 344 1
635 906 1
694 109 1
552 652 1
705 714 1
315 954 1
86 643 1
462 677 1
334 996 1
281 599 1
915 496 1
621 74 1
684 546 1
250 845 1
966 19 1
594 978 1
62 747 1
269 851 1
4 35 1
230 694 1
322 834 1
957 462 1
278 214 1
263 852 1
347 573 1
379 229 1
975 613 1
758 750 1
88 977 1
618 62 1
848 309 1
442 163 1
539 404 1
465 48 1
399 599 1
660 485 1
596 305 1
725 615 1
387 521 1
577 514 1
523 144 1
396 156 1
514 244 1
28 467 1
777 171 1
563 986 1
123 388 1
601 960 1
360 771 1
609 642 1
773 235 1
986 762 1
134 353 1
690 175 1
894 470 1
414 647 1
302 733 1
749 250 1
788 494 1
29 114 1
214 146 1
877 880 1
16 144 1
758 744 1
971 815 1
452 623 1
46 341 1
569 724 1
256 160 1
827 517 1
71 467 1
301 164 1
67 91 1
524 90 1
615 362 1
347 969 1
737 644 1
649 624 1
311 736 1
744 427 1
156 930 1
114 530 1
163 126 1
215 267 1
852 191 1
106 490 1
213 889 1
677 600 1
307 483 1
570 401 1
833 658 1
780 474 1
391 458 1
565 643 1
815 294 1
377 778 1
108 858 1
242 440 1
324 462 1
950 680 1
288 566 1
934 557 1
105 616 1
968 491 1
149 365 1
871 153 1
770 156 1
578 301 1
794 500 1
146 904 1
592 680 1
688 28 1
194 464 1
622 747 1
752 29 1
12 714 1
268 61 1
943 726 1
858 264 1
45 533 1
666 777 1
476 393 1
547 137 1
203 280 1
274 569 1
513 687 1
499 495 1
157 569 1
888 732 1
333 154 1
232 707 1
323 513 1
673 731 1
205 781 1
73 184 1
764 47 1
801 879 1
799 481 1
307 617 1
337 637 1
30 355 1
80 817 1
880 611 1
480 489 1
603 997 1
823 910 1
35 111 1
322 918 1
559 825 1
320 587 1
373 234 1
429 120 1
371 951 1
786 554 1
220 580 1
875 59 1
903 360 1
169 429 1
406 636 1
569 37 1
397 485 1
604 806 1
458 666 1
361 232 1
317 175 1
720 319 1
175 4 1
792 465 1
672 392 1
516 827 1
243 50 1
625 931 1
141 745 1
859 971 1
470 146 1
784 156 1
430 538 1
789 482 1
820 692 1
7 383 1
283 965 1
205 930 1
383 591 1
589 721 1
799 723 1
900 828 1
826 18 1
682 796 1
398 254 1
365 668 1
23 220 1
701 719 1
38 85 1
552 818 1
2 85 1
46 763 1
667 803 1
872 451 1
460 827 1
236 992 1
560 584 1
148 93 1
209 446 1
56 590 1
973 286 1
969 359 1
274 443 1
880 525 1
500 942 1
438 311 1
604 941 1
13 925 1
618 113 1
951 458 1
895 511 1
902 774 1
636 199 1
835 775 1
656 564 1
738 18 1
800 827 1
550 356 1
455 135 1
561 534 1
432 812 1
55 232 1
785 91 1
588 116 1
627 438 1
739 71 1
431 717 1
665 28 1
115 215 1
137 266 1
685 108 1
632 870 1
992 747 1
820 588 1
589 584 1
969 938 1
859 217 1
612 397 1
962 640 1
436 281 1
124 211 1
597 491 1
69 19 1
126 873 1
261 98 1
526 340 1
379 16 1
931 172 1
764 39 1
323 525 1
956 118 1
6 554 1
749 99 1
379 703 1
342 661 1
203 987 1
413 984 1
483 229 1
368 426 1
798 589 1
904 198 1
842 247 1
72 495 1
969 876 1
509 279 1
435 186 1
862 264 1
562 661 1
637 987 1
230 821 1
622 495 1
754 34 1
207 893 1
959 37 1
145 522 1
407 457 1
127 988 1
989 618 1
356 256 1
603 325 1
794 699 1
132 128 1
632 55 1
739 699 1
540 529 1
635 271 1
825 689 1
97 382 1
394 498 1
647 284 1
8 554 1
667 844 1
576 292 1
471 558 1
849 980 1
65 863 1
524 882 1
454 993 1
853 796 1
323 37 1
577 261 1
364 582 1
928 290 1
529 152 1
965 638 1
773 881 1
52 812 1
504 350 1
843 589 1
392 17 1
724 315 1
412 690 1
546 534 1
809 964 1
434 220 1
616 506 1
45 534 1
88 361 1
3 617 1
24 695 1
321 114 1
160 52 1
165 550 1
760 272 1
162 177 1
152 797 1
648 717 1
538 703 1
581 709 1
901 769 1
10 874 1
836 562 1
575 126 1
471 528 1
609 959 1
239 755 1
37 310 1
695 29 1
261 297 1
794 297 1
402 6 1
520 402 1
74 841 1
165 29 1
293 584 1
803 217 1
771 733 1
646 893 1
280 163 1
848 12 1
562 108 1
119 5 1
562 426 1
332 893 1
273 549 1
646 41 1
846 381 1
326 486 1
485 81 1
387 420 1
681 991 1
417 123 1
629 812 1
230 348 1
144 358 1
853 355 1
471 56 1
983 44 1
752 854 1
926 36 1
932 538 1
803 584 1
643 958 1
771 948 1
847 99 1
822 325 1
922 577 1
713 919 1
825 328 1
916 935 1
486 847 1
949 648 1
736 603 1
438 168 1
102 570 1
93 624 1
452 999 1
739 399 1
892 49 1
120 529 1
688 760 1
997 887 1
367 648 1
257 814 1
623 305 1
552 356 1
874 581 1
200 216 1
12 516 1
470 602 1
516 669 1
585 139 1
841 406 1
909 422 1
791 781 1
700 982 1
329 968 1
423 642 1
473 90 1
987 791 1
6 431 1
666 781 1
214 402 1
502 773 1
980 764 1
118 497 1
307 600 1
218 604 1
364 501 1
913 747 1
484 940 1
974 908 1
810 594 1
830 590 1
871 680 1
597 682 1
519 665 1
234 233 1
583 268 1
584 806 1
576 123 1
30 933 1
659 467 1
409 659 1
845 229 1
872 168 1
452 428 1
704 683 1
730 248 1
393 892 1
602 314 1
689 864 1
497 9 1
984 968 1
168 260 1
4 347 1
295 801 1
678 150 1
163 190 1
404 649 1
363 38 1
584 868 1
887 502 1
17 529 1
946 40 1
272 404 1
42 239 1
926 488 1
765 357 1
556 939 1
95 578 1
923 741 1
121 814 1
142 853 1
588 112 1
284 301 1
254 879 1
834 495 1
84 770 1
336 912 1
337 819 1
307 140 1
46 825 1
804 554 1
707 950 1
342 953 1
900 6 1
101 643 1
599 841 1
790 905 1
805 627 1
193 120 1
880 442 1
86 626 1
284 727 1
687 143 1
344 937 1
322 582 1
575 326 1
651 607 1
658 692 1
951 587 1
456 215 1
827 486 1
993 139 1
134 99 1
863 317 1
412 920 1
926 917 1
789 764 1
62 991 1
461 79 1
127 714 1
589 601 1
996 583 1
395 966 1
818 758 1
133 271 1
115 534 1
523 316 1
662 628 1
206 153 1
218 351 1
515 831 1
267 465 1
605 805 1
707 528 1
114 119 1
637 741 1
596 765 1
550 324 1
796 263 1
109 830 1
930 671 1
796 340 1
447 423 1
919 268 1
718 254 1
429 481 1
680 989 1
637 750 1
648 646 1
611 195 1
166 511 1
618 811 1
48 571 1
188 397 1
678 978 1
240 322 1
60 843 1
132 430 1
685 175 1
403 755 1
598 207 1
768 114 1
914 144 1
956 939 1
244 806 1
573 432 1
737 743 1
839 524 1
863 210 1
199 1 1
1 600 1
414 387 1
693 305 1
858 191 1
623 250 1
475 521 1
991 54 1
77 780 1
56 58 1
9 170 1
171 733 1
569 102 1
316 920 1
788 912 1
874 499 1
278 226 1
485 928 1
924 145 1
747 971 1
887 126 1
548 874 1
591 733 1
255 458 1
673 125 1
316 106 1
300 81 1
419 108 1
680 351 1
685 385 1
48 511 1
202 252 1
834 742 1
522 842 1
253 524 1
288 217 1
538 626 1
44 814 1
390 64 1
664 315 1
983 614 1
429 137 1
588 585 1
966 2 1
162 49 1
229 867 1
924 361 1
877 447 1
75 646 1
265 999 1
975 115 1
131 809 1
468 668 1
759 687 1
377 922 1
544 682 1
837 903 1
267 846 1
962 258 1
467 647 1
910 581 1
165 564 1
512 773 1
381 684 1
920 82 1
768 366 1
922 320 1
844 749 1
581 652 1
244 884 1
7 451 1
833 542 1
707 464 1
534 9 1
997 20 1
562 508 1
229 755 1
307 294 1
699 724 1
713 329 1
930 849 1
848 224 1
415 969 1
371 428 1
812 258 1
581 573 1
64 298 1
753 807 1
242 888 1
462 179 1
62 687 1
339 672 1
831 731 1
537 649 1
629 766 1
784 376 1
304 869 1
994 163 1
566 703 1
176 935 1
114 126 1
217 770 1
54 849 1
210 318 1
426 656 1
955 682 1
13 650 1
102 691 1
530 556 1
565 299 1
471 651 1
724 744 1
883 180 1
453 553 1
814 361 1
171 749 1
238 711 1
897 36 1
39 990 1
555 841 1
490 601 1
445 465 1
265 966 1
371 813 1
89 863 1
241 158 1
649 99 1
644 818 1
682 407 1
608 841 1
16 521 1
948 350 1
417 590 1
731 474 1
339 578 1
124 843 1
698 440 1
196 477 1
258 499 1
346 679 1
906 173 1
939 290 1
378 869 1
336 373 1
590 830 1
909 788 1
660 261 1
619 74 1
450 691 1
432 269 1
835 741 1
701 713 1
564 248 1
376 752 1
921 313 1
979 856 1
254 356 1
405 229 1
667 690 1
808 881 1
903 313 1
635 929 1
184 935 1
976 490 1
850 366 1
8 612 1
127 807 1
54 237 1
701 680 1
145 97 1
510 743 1
670 377 1
812 940 1
446 129 1
11 562 1
588 510 1
556 375 1
665 112 1
591 93 1
491 557 1
1000 15 1
68 775 1
374 911 1
863 430 1
368 583 1
800 168 1
232 95 1
268 432 1
437 271 1
238 381 1
699 917 1
812 589 1
662 353 1
945 498 1
367 23 1
389 699 1
926 229 1
586 110 1
224 854 1
560 469 1
995 854 1
235 398 1
392 407 1
603 143 1
624 347 1
21 226 1
43 227 1
672 605 1
204 7 1
554 326 1
561 823 1
340 501 1
825 882 1
835 514 1
655 476 1
793 688 1
118 45 1
412 762 1
781 760 1
420 326 1
974 753 1
99 215 1
378 699 1
504 47 1
807 913 1
332 76 1
476 251 1
1 242 1
539 36 1
688 122 1
128 353 1
658 122 1
986 60 1
889 316 1
448 666 1
752 187 1
798 961 1
912 676 1
64 279 1
396 490 1
38 303 1
23 612 1
440 109 1
941 594 1
780 340 1
848 990 1
366 565 1
932 728 1
183 923 1
524 429 1
1 677 1
774 400 1
513 563 1
196 17 1
950 645 1
885 510 1
802 761 1
668 271 1
807 163 1
711 462 1
435 561 1
618 111 1
647 159 1
141 164 1
4 545 1
308 476 1
303 544 1
645 565 1
943 503 1
287 423 1
212 982 1
953 75 1
946 990 1
673 772 1
951 686 1
614 141 1
33 821 1
368 627 1
275 921 1
262 245 1
314 655 1
528 681 1
475 60 1
511 440 1
87 612 1
121 157 1
281 210 1
570 618 1
727 279 1
743 76 1
40 453 1
100 855 1
510 894 1
297 925 1
43 673 1
488 715 1
456 638 1
842 45 1
964 217 1
427 483 1
50 308 1
467 27 1
846 984 1
150 194 1
737 108 1
950 989 1
731 442 1
600 525 1
673 141 1
741 234 1
535 904 1
457 247 1
879 763 1
737 414 1
171 511 1
200 77 1
111 429 1
619 154 1
387 465 1
559 859 1
279 237 1
199 865 1
471 435 1
298 766 1
506 810 1
331 796 1
126 678 1
795 208 1
670 353 1
533 415 1
823 710 1
88 303 1
191 864 1
315 201 1
870 318 1
411 526 1
530 617 1
688 832 1
734 649 1
521 586 1
866 733 1
765 698 1
681 258 1
805 894 1
94 919 1
846 677 1
905 14 1
562 96 1
617 924 1
281 376 1
362 637 1
236 106 1
305 786 1
523 864 1
13 572 1
351 689 1
553 166 1
874 573 1
855 646 1
774 529 1
55 788 1
428 986 1
656 430 1
542 928 1
358 507 1
383 504 1
877 94 1
545 903 1
597 862 1
102 715 1
830 660 1
83 476 1
470 412 1
787 596 1
865 344 1
440 730 1
96 177 1
631 365 1
877 167 1
164 895 1
790 627 1
315 112 1
992 795 1
66 381 1
37 158 1
659 217 1
729 409 1
694 738 1
930 201 1
998 487 1
110 593 1
754 113 1
938 654 1
567 151 1
856 169 1
780 486 1
160 421 1
839 880 1
770 114 1
742 237 1
362 34 1
257 208 1
510 514 1
910 500 1
884 611 1
68 814 1
855 137 1
884 916 1
636 443 1
20 990 1
672 420 1
191 956 1
892 681 1
82 729 1
372 397 1
199 790 1
20 506 1
327 146 1
764 408 1
372 409 1
229 306 1
157 154 1
852 455 1
214 77 1
959 583 1
535 844 1
662 104 1
947 418 1
52 247 1
468 426 1
141 258 1
44 593 1
330 941 1
367 494 1
875 795 1
472 577 1
965 376 1
490 394 1
340 765 1
808 459 1
314 772 1
326 449 1
489 140 1
745 446 1
109 615 1
788 747 1
518 282 1
101 357 1
485 596 1
704 29 1
948 883 1
283 44 1
267 724 1
657 270 1
656 785 1
482 623 1
214 56 1
834 155 1
2 489 1
33 778 1
410 168 1
668 549 1
662 556 1
411 186 1
388 311 1
266 606 1
647 312 1
859 11 1
647 909 1
315 759 1
87 972 1
732 55 1
883 836 1
708 788 1
144 311 1
244 614 1
473 107 1
795 766 1
294 906 1
924 184 1
280 814 1
45 625 1
427 761 1
473 373 1
867 76 1
953 452 1
482 286 1
38 869 1
112 168 1
819 788 1
116 270 1
952 313 1
690 520 1
225 113 1
390 658 1
881 312 1
576 953 1
401 262 1
465 647 1
78 722 1
252 25 1
658 717 1
480 887 1
561 945 1
941 923 1
478 137 1
605 766 1
23 626 1
630 151 1
79 843 1
717 109 1
898 529 1
333 928 1
758 774 1
264 122 1
377 43 1
77 372 1
349 699 1
210 206 1
443 18 1
212 399 1
991 597 1
397 702 1
464 308 1
501 560 1
307 526 1
532 827 1
880 419 1
782 58 1
373 728 1
49 74 1
985 15 1
715 388 1
12 157 1
824 717 1
813 56 1
242 706 1
797 776 1
457 720 1
34 500 1
150 426 1
462 577 1
882 348 1
409 31 1
260 320 1
100 237 1
603 663 1
272 246 1
257 699 1
534 91 1
33 786 1
944 187 1
690 613 1
935 288 1
851 730 1
175 508 1
66 86 1
696 652 1
376 711 1
751 804 1
47 738 1
860 955 1
735 480 1
285 41 1
125 815 1
795 118 1
269 590 1
626 932 1
154 240 1
743 599 1
899 309 1
846 100 1
912 693 1
458 488 1
573 694 1
920 410 1
758 992 1
710 620 1
277 695 1
823 630 1
919 601 1
578 860 1
293 273 1
101 810 1
106 291 1
156 716 1
640 608 1
383 202 1
993 820 1
794 900 1
362 575 1
382 682 1
490 649 1
232 512 1
548 370 1
600 872 1
648 505 1
965 792 1
353 482 1
824 965 1
427 661 1
710 656 1
979 981 1
410 208 1
252 630 1
122 712 1
887 371 1
816 843 1
674 863 1
612 685 1
428 146 1
79 156 1
960 166 1
171 623 1
720 371 1
162 5 1
637 295 1
773 50 1
772 514 1
463 133 1
506 634 1
152 597 1
315 834 1
117 581 1
151 904 1
400 45 1
823 863 1
404 428 1
374 506 1
173 683 1
459 290 1
5 699 1
663 794 1
777 74 1
434 568 1
294 226 1
282 999 1
198 2 1
839 451 1
863 281 1
936 165 1
214 40 1
122 864 1
471 935 1
355 635 1
617 843 1
890 632 1
688 743 1
73 107 1
522 680 1
637 239 1
407 357 1
446 710 1
402 455 1
674 984 1
381 486 1
686 926 1
732 892 1
280 231 1
321 14 1
7 250 1
680 751 1
124 989 1
227 527 1
613 541 1
105 133 1
78 591 1
218 400 1
571 943 1
278 261 1
61 391 1
911 132 1
929 51 1
772 675 1
271 778 1
512 463 1
536 167 1
138 368 1
297 224 1
390 373 1
128 823 1
988 776 1
245 192 1
127 851 1
803 922 1
865 803 1
495 673 1
213 923 1
600 59 1
677 468 1
559 594 1
285 780 1
329 321 1
600 501 1
34 939 1
393 992 1
877 728 1
236 729 1
113 113 1
983 901 1
766 758 1
571 473 1
265 798 1
959 652 1
812 287 1
927 968 1
169 967 1
632 853 1
712 234 1
272 199 1
519 468 1
132 97 1
58 921 1
210 193 1
987 395 1
616 670 1
419 453 1
172 47 1
450 702 1
805 342 1
548 495 1
298 342 1
381 456 1
458 32 1
582 616 1
195 356 1
191 884 1
23 254 1
975 722 1
100 143 1
123 350 1
539 206 1
667 589 1
204 542 1
619 360 1
623 178 1
201 259 1
702 142 1
730 359 1
881 831 1
778 228 1
474 414 1
515 763 1
627 265 1
341 35 1
4 635 1
872 26 1
17 22 1
286 407 1
107 53 1
132 182 1
734 806 1
570 811 1
579 696 1
81 938 1
775 458 1
548 718 1
580 357 1
747 185 1
254 90 1
508 116 1
8 270 1
306 439 1
224 253 1
691 731 1
385 221 1
604 150 1
672 501 1
560 735 1
737 341 1
785 266 1
922 279 1
14 622 1
48 247 1
397 429 1
433 616 1
235 876 1
874 959 1
58 876 1
90 499 1
474 504 1
606 765 1
444 913 1
422 764 1
786 966 1
816 564 1
683 79 1
860 592 1
702 59 1
784 926 1
4 585 1
141 659 1
459 44 1
889 390 1
248 827 1
990 521 1
869 328 1
706 645 1
83 390 1
185 493 1
969 329 1
57 558 1
710 385 1
804 157 1
780 807 1
451 313 1
358 403 1
32 731 1
451 541 1
941 100 1
787 586 1
979 542 1
745 849 1
686 973 1
978 775 1
911 511 1
237 768 1
762 129 1
291 463 1
954 356 1
825 456 1
153 105 1
348 444 1
52 737 1
196 332 1
517 400 1
380 882 1
635 178 1
616 140 1
144 566 1
840 690 1
698 874 1
125 579 1
300 399 1
338 562 1
189 575 1
589 255 1
986 77 1
277 467 1
287 580 1
549 276 1
939 682 1
218 714 1
445 741 1
170 625 1
514 391 1
406 32 1
161 262 1
810 945 1
944 728 1
858 131 1
375 821 1
159 572 1
717 317 1
314 506 1
43 252 1
239 884 1
590 578 1
54 52 1
881 472 1
967 848 1
290 888 1
204 201 1
59 52 1
107 868 1
260 858 1
579 192 1
359 799 1
567 126 1
109 153 1
346 559 1
375 745 1
170 947 1
222 873 1
359 902 1
863 306 1
974 704 1
106 346 1
785 333 1
210 316 1
777 538 1
114 775 1
255 969 1
901 140 1
487 991 1
823 66 1
822 132 1
18 212 1
421 986 1
652 822 1
702 705 1
527 572 1
335 211 1
120 596 1
957 300 1
37 284 1
915 964 1
41 311 1
963 888 1
745 404 1
228 893 1
356 775 1
677 463 1
158 733 1
409 33 1
294 298 1
603 709 1
993 293 1
299 271 1
630 14 1
322 477 1
484 350 1
794 274 1
336 72 1
738 947 1
852 847 1
513 145 1
268 313 1
640 65 1
730 546 1
493 312 1
629 411 1
909 826 1
293 957 1
522 909 1
995 825 1
965 441 1
711 905 1
94 484 1
433 980 1
170 811 1
628 654 1
468 179 1
951 22 1
463 881 1
350 357 1
674 630 1
737 892 1
725 776 1
980 676 1
67 965 1
639 259 1
305 577 1
326 966 1
134 961 1
827 802 1
643 952 1
466 400 1
325 83 1
398 561 1
921 665 1
850 29 1
823 917 1
67 242 1
642 478 1
516 795 1
175 934 1
121 95 1
476 698 1
617 708 1
643 962 1
846 779 1
262 810 1
438 893 1
261 760 1
199 895 1
814 367 1
278 354 1
525 219 1
825 511 1
581 893 1
582 49 1
421 202 1
531 722 1
942 663 1
624 307 1
452 559 1
650 766 1
459 25 1
369 334 1
860 235 1
476 2 1
968 676 1
131 53 1
164 705 1
893 826 1
717 414 1
611 102 1
94 967 1
92 542 1
120 527 1
603 563 1
106 16 1
767 395 1
153 44 1
225 850 1
273 957 1
19 473 1
692 320 1
655 309 1
371 663 1
909 859 1
483 470 1
945 83 1
586 854 1
324 34 1
522 385 1
722 205 1
252 413 1
21 146 1
57 517 1
496 801 1
669 187 1
382 676 1
397 227 1
11 931 1
882 732 1
651 595 1
335 232 1
914 511 1
928 535 1
884 687 1
379 766 1
670 192 1
715 182 1
604 740 1
370 594 1
884 172 1
247 312 1
251 755 1
209 828 1
343 189 1
307 442 1
957 24 1
520 67 1
60 370 1
632 873 1
954 835 1
252 6 1
45 108 1
958 178 1
772 512 1
389 932 1
239 874 1
456 603 1
380 471 1
280 292 1
244 286 1
195 671 1
37 293 1
78 382 1
377 37 1
243 782 1
855 128 1
652 873 1
201 2 1
318 842 1
381 807 1
361 154 1
464 51 1
311 683 1
584 592 1
555 524 1
288 347 1
741 420 1
626 479 1
3 322 1
72 119 1
553 596 1
435 990 1
188 174 1
400 81 1
307 734 1
120 279 1
95 158 1
838 472 1
541 297 1
583 964 1
2 466 1
733 429 1
238 809 1
828 816 1
380 999 1
569 80 1
921 4 1
215 156 1
419 687 1
660 481 1
844 998 1
739 435 1
423 806 1
627 136 1
978 309 1
89 445 1
844 262 1
817 517 1
465 310 1
347 543 1
556 29 1
508 152 1
188 510 1
705 674 1
2 922 1
211 803 1
722 737 1
128 16 1
664 699 1
846 899 1
629 703 1
486 42 1
330 26 1
998 755 1
764 818 1
719 981 1
593 531 1
208 424 1
529 578 1
555 904 1
81 664 1
199 270 1
908 801 1
701 384 1
699 709 1
191 385 1
143 815 1
686 700 1
267 676 1
179 517 1
423 742 1
776 457 1
419 594 1
975 679 1
529 951 1
11 215 1
287 897 1
287 338 1
475 764 1
244 905 1
663 444 1
806 307 1
39 636 1
737 746 1
952 334 1
712 805 1
604 219 1
486 147 1
915 579 1
97 166 1
716 798 1
619 358 1
348 876 1
819 856 1
438 19 1
139 30 1
253 711 1
51 912 1
782 207 1
215 52 1
704 86 1
932 82 1
408 198 1
881 771 1
521 812 1
772 292 1
185 872 1
290 325 1
714 595 1
586 367 1
454 310 1
836 748 1
116 128 1
270 769 1
707 528 1
832 266 1
636 596 1
393 973 1
278 218 1
825 594 1
932 125 1
185 625 1
513 811 1
999 420 1
622 780 1
598 111 1
51 269 1
614 597 1
997 509 1
256 213 1
559 111 1
596 117 1
116 426 1
558 797 1
363 6 1
783 959 1
100 88 1
504 429 1
611 375 1
556 796 1
339 432 1
382 720 1
700 647 1
585 961 1
127 407 1
247 204 1
953 428 1
884 876 1
535 943 1
179 802 1
154 105 1
281 986 1
307 771 1
809 897 1
336 910 1
136 844 1
383 983 1
74 59 1
210 85 1
229 230 1
995 646 1
468 398 1
450 766 1
902 359 1
310 250 1
153 396 1
81 180 1
216 876 1
318 216 1
933 916 1
415 414 1
747 573 1
602 672 1
867 847 1
332 271 1
321 110 1
417 18 1
592 380 1
482 535 1
924 231 1
416 884 1
358 452 1
216 783 1
781 604 1
160 733 1
154 534 1
985 241 1
925 766 1
29 941 1
95 37 1
459 85 1
7 384 1
160 818 1
737 197 1
120 797 1
588 163 1
550 957 1
659 233 1
504 50 1
302 226 1
183 602 1
970 728 1
821 93 1
110 519 1
560 964 1
615 275 1
390 223 1
263 381 1
89 79 1
9 521 1
845 665 1
832 139 1
199 12 1
832 700 1
65 541 1
637 575 1
691 609 1
555 401 1
876 330 1
806 704 1
810 958 1
427 835 1
566 37 1
127 971 1
555 105 1
726 721 1
544 442 1
190 992 1
644 867 1
174 507 1
426 631 1
9 330 1
317 273 1
839 921 1
438 130 1
349 42 1
419 339 1
284 221 1
530 230 1
240 340 1
399 632 1
890 628 1
746 250 1
568 25 1
421 72 1
123 704 1
220 817 1
241 947 1
949 385 1
197 281 1
274 323 1
140 28 1
821 27 1
152 327 1
307 91 1
74 216 1
556 204 1
484 466 1
387 95 1
933 926 1
89 916 1
408 803 1
22 252 1
455 427 1
498 170 1
220 704 1
489 95 1
713 471 1
470 678 1
217 747 1
25 100 1
702 406 1
683 796 1
939 156 1
273 339 1
317 160 1
232 191 1
902 242 1
49 901 1
906 849 1
901 892 1
414 574 1
362 516 1
133 257 1
846 451 1
805 1 1
683 17 1
258 494 1
996 658 1
905 776 1
623 228 1
352 965 1
459 657 1
460 623 1
620 391 1
146 837 1
117 551 1
338 436 1
582 243 1
369 516 1
918 11 1
302 535 1
994 25 1
479 376 1
198 308 1
13 873 1
595 362 1
38 200 1
170 346 1
921 474 1
1000 465 1
327 327 1
131 114 1
160 529 1
940 51 1
915 760 1
981 222 1
3 727 1
773 430 1
702 29 1
786 699 1
575 148 1
918 231 1
671 726 1
485 257 1
807 785 1
861 682 1
433 32 1
951 591 1
336 21 1
173 374 1
869 507 1
821 220 1
651 881 1
245 118 1
789 436 1
47 55 1
351 235 1
31 905 1
379 721 1
618 895 1
853 710 1
746 27 1
48 511 1
840 420 1
2 544 1
889 226 1
925 823 1
243 645 1
208 763 1
273 98 1
278 197 1
990 103 1
621 693 1
15 346 1
426 904 1
508 500 1
11 792 1
840 836 1
52 333 1
622 314 1
742 587 1
871 976 1
845 852 1
849 336 1
153 767 1
898 34 1
464 152 1
950 540 1
809 779 1
53 632 1
604 843 1
113 584 1
449 808 1
734 797 1
230 681 1
610 488 1
892 637 1
775 416 1
756 48 1
495 174 1
574 748 1
32 174 1
11 758 1
752 335 1
860 907 1
42 195 1
73 883 1
721 859 1
551 461 1
197 717 1
124 979 1
908 896 1
932 806 1
667 154 1
618 413 1
828 7 1
615 723 1
762 885 1
182 711 1
11 422 1
628 423 1
214 357 1
58 143 1
341 540 1
381 79 1
868 294 1
415 731 1
875 457 1
631 207 1
248 918 1
919 722 1
753 419 1
100 170 1
513 656 1
307 321 1
368 474 1
186 367 1
744 789 1
917 360 1
5 349 1
755 758 1
260 806 1
616 522 1
432 362 1
667 39 1
633 91 1
50 600 1
198 498 1
765 196 1
188 95 1
313 142 1
487 666 1
127 474 1
448 514 1
540 276 1
304 740 1
169 683 1
597 190 1
69 711 1
986 540 1
706 503 1
340 642 1
237 214 1
882 835 1
866 902 1
796 698 1
192 109 1
287 680 1
417 104 1
783 981 1
413 717 1
551 906 1
103 805 1
974 966 1
416 970 1
970 887 1
90 957 1
529 891 1
232 276 1
13 224 1
876 18 1
984 777 1
304 399 1
481 930 1
314 81 1
845 918 1
394 283 1
154 542 1
717 165 1
591 541 1
199 748 1
376 338 1
917 923 1
233 582 1
921 42 1
361 495 1
409 199 1
577 532 1
537 34 1
36 801 1
216 694 1
137 13 1
865 420 1
471 82 1
924 33 1
594 677 1
260 108 1
915 263 1
193 153 1
428 43 1
25 849 1
715 681 1
370 333 1
38 586 1
452 48 1
713 949 1
277 85 1
340 769 1
116 586 1
193 460 1
546 147 1
532 252 1
502 122 1
628 68 1
216 253 1
961 185 1
328 576 1
358 853 1
576 701 1
472 844 1
135 553 1
295 766 1
864 633 1
470 44 1
730 316 1
726 813 1
929 331 1
600 35 1
733 942 1
274 130 1
889 833 1
320 345 1
982 416 1
359 517 1
593 510 1
623 866 1
507 740 1
55 379 1
256 871 1
254 580 1
123 459 1
807 85 1
327 175 1
91 378 1
288 497 1
942 329 1
171 124 1
939 212 1
436 103 1
585 983 1
135 896 1
410 100 1
857 41 1
593 653 1
23 33 1
524 778 1
311 638 1
659 652 1
214 897 1
16 521 1
337 795 1
207 281 1
168 823 1
816 55 1
272 919 1
154 533 1
201 460 1
626 577 1
535 40 1
996 956 1
876 742 1
521 86 1
374 325 1
299 162 1
812 177 1
485 823 1
951 618 1
670 337 1
735 553 1
431 805 1
604 224 1
442 877 1
934 425 1
238 219 1
495 258 1
377 392 1
511 623 1
661 607 1
296 1000 1
230 766 1
259 85 1
18 765 1
962 368 1
954 123 1
176 330 1
369 741 1
910 920 1
618 71 1
1000 479 1
87 296 1
751 134 1
871 801 1
72 155 1
231 567 1
285 224 1
285 817 1
674 159 1
313 412 1
570 916 1
476 229 1
243 170 1
389 262 1
272 457 1
410 605 1
974 7 1
420 201 1
921 812 1
175 295 1
223 282 1
928 540 1
757 100 1
551 707 1
625 862 1
935 713 1
808 750 1
908 216 1
672 946 1
356 121 1
833 130 1
729 701 1
184 551 1
894 214 1
220 821 1
936 953 1
236 108 1
319 223 1
352 813 1
605 796 1
664 51 1
94 279 1
306 903 1
713 684 1
648 761 1
310 726 1
568 708 1
120 625 1
638 50 1
805 199 1
159 463 1
899 824 1
207 970 1
917 200 1
382 89 1
815 412 1
791 813 1
174 765 1
761 182 1
612 200 1
801 112 1
466 301 1
55 342 1
542 303 1
328 437 1
320 907 1
388 53 1
296 764 1
841 827 1
106 870 1
688 666 1
108 922 1
454 860 1
199 482 1
702 476 1
580 70 1
748 189 1
145 725 1
933 728 1
820 8 1
158 42 1
320 443 1
618 284 1
382 293 1
128 568 1
909 59 1
476 896 1
132 432 1
85 904 1
64 863 1
791 215 1
922 868 1
554 650 1
842 232 1
978 803 1
730 907 1
320 120 1
20 567 1
625 630 1
437 739 1
974 311 1
526 173 1
556 906 1
865 244 1
332 282 1
841 460 1
221 145 1
661 371 1
497 7 1
926 172 1
494 117 1
375 210 1
918 623 1
581 855 1
553 570 1
766 397 1
33 570 1
31 509 1
262 904 1
233 935 1
755 257 1
11 641 1
17 90 1
614 627 1
74 770 1
173 250 1
153 537 1
115 627 1
504 896 1
266 539 1
610 201 1
697 532 1
642 17 1
669 947 1
68 106 1
492 816 1
667 558 1
158 966 1
106 344 1
388 419 1
230 845 1
302 826 1
459 932 1
567 839 1
151 282 1
284 435 1
604 161 1
349 681 1
354 554 1
795 23 1
276 576 1
691 473 1
594 71 1
577 578 1
943 357 1
81 269 1
892 64 1
601 844 1
748 24 1
139 262 1
305 214 1
714 14 1
943 869 1
331 881 1
168 479 1
471 393 1
256 155 1
61 920 1
513 614 1
133 206 1
586 584 1
346 431 1
899 721 1
303 367 1
421 540 1
494 584 1
472 890 1
509 333 1
564 50 1
811 375 1
603 783 1
329 760 1
975 763 1
467 982 1
849 699 1
937 771 1
922 26 1
97 202 1
613 738 1
48 348 1
12 56 1
89 460 1
530 368 1
101 568 1
305 282 1
444 906 1
557 387 1
482 789 1
233 862 1
957 915 1
240 996 1
902 470 1
671 762 1
502 542 1
73 499 1
115 323 1
122 693 1
404 52 1
649 704 1
489 783 1
303 380 1
446 257 1
213 370 1
145 960 1
430 462 1
674 15 1
80 107 1
883 698 1
921 648 1
288 219 1
767 850 1
425 716 1
648 346 1
174 486 1
371 576 1
618 393 1
295 8 1
522 645 1
667 508 1
176 105 1
262 882 1
715 778 1
672 328 1
913 662 1
824 389 1
672 200 1
935 497 1
770 71 1
388 527 1
927 163 1
530 362 1
535 704 1
847 375 1
168 790 1
231 274 1
372 479 1
793 755 1
271 739 1
535 649 1
128 225 1
596 463 1
662 727 1
497 607 1
653 283 1
672 221 1
216 219 1
869 365 1
1 834 1
361 232 1
671 452 1
201 298 1
872 388 1
455 23 1
487 635 1
175 688 1
839 836 1
53 129 1
57 6 1
589 813 1
682 906 1
194 795 1
81 525 1
116 586 1
879 328 1
836 643 1
40 54 1
321 143 1
753 558 1
440 641 1
603 706 1
543 524 1
463 831 1
379 24 1
145 750 1
795 369 1
874 538 1
484 625 1
121 459 1
214 952 1
674 82 1
103 753 1
378 830 1
551 294 1
738 70 1
76 174 1
810 464 1
39 702 1
127 666 1
822 30 1
239 175 1
451 229 1
653 972 1
133 400 1
961 363 1
789 551 1
834 576 1
60 944 1
974 978 1
531 169 1
953 356 1
755 968 1
628 853 1
47 853 1
64 380 1
926 570 1
211 232 1
573 809 1
546 816 1
869 119 1
480 86 1
216 400 1
910 713 1
202 987 1
980 435 1
654 647 1
630 200 1
238 142 1
834 624 1
167 145 1
913 671 1
908 452 1
420 843 1
626 148 1
562 565 1
948 94 1
583 212 1
783 209 1
631 446 1
625 655 1
267 873 1
758 1000 1
946 577 1
347 200 1
460 730 1
911 602 1
723 585 1
974 189 1
19 430 1
56 518 1
276 837 1
994 413 1
198 365 1
299 620 1
596 919 1
257 38 1
499 235 1
900 429 1
949 744 1
972 351 1
97 628 1
79 945 1
182 59 1
238 676 1
184 690 1
296 815 1
209 598 1
231 13 1
812 832 1
482 969 1
582 324 1
90 999 1
829 435 1
817 597 1
630 382 1
135 186 1
58 275 1
847 357 1
385 77 1
106 585 1
346 519 1
923 936 1
288 169 1
411 69 1
865 942 1
37 215 1
4 277 1
716 787 1
505 655 1
763 328 1
550 984 1
390 73 1
750 834 1
680 647 1
300 582 1
124 133 1
729 85 1
31 400 1
778 62 1
190 142 1
894 528 1
116 550 1
919 978 1
327 121 1
726 744 1
372 839 1
516 241 1
423 925 1
766 272 1
184 85 1
840 336 1
595 847 1
814 291 1
398 423 1
423 68 1
752 799 1
923 619 1
856 94 1
790 514 1
411 569 1
253 662 1
331 113 1
369 120 1
988 733 1
562 220 1
488 873 1
21 449 1
726 567 1
873 10 1
783 150 1
302 637 1
417 152 1
231 754 1
71 128 1
722 558 1
361 475 1
870 497 1
703 454 1
964 780 1
436 265 1
545 887 1
401 139 1
35 690 1
23 678 1
433 386 1
625 419 1
672 335 1
570 161 1
659 740 1
563 91 1
227 670 1
559 800 1
616 144 1
842 703 1
726 198 1
415 369 1
451 913 1
177 169 1
944 947 1
357 874 1
583 299 1
118 465 1
428 83 1
657 27 1
302 120 1
578 655 1
456 298 1
62 975 1
555 237 1
243 555 1
23 6 1
709 438 1
506 210 1
58 485 1
759 156 1
896 934 1
362 365 1
133 981 1
875 457 1
263 333 1
513 871 1
582 885 1
202 473 1
991 280 1
544 374 1
154 170 1
558 420 1
166 640 1
955 657 1
499 463 1
590 212 1
176 871 1
675 936 1
758 361 1
956 81 1
501 671 1
972 545 1
254 540 1
432 349 1
992 76 1
463 428 1
271 636 1
284 544 1
466 525 1
841 640 1
403 477 1
957 828 1
565 551 1
609 867 1
297 852 1
24 770 1
617 178 1
78 894 1
489 540 1
755 964 1
387 730 1
679 470 1
506 434 1
952 601 1
353 351 1
457 45 1
124 761 1
790 69 1
263 917 1
349 751 1
270 471 1
303 390 1
157 69 1
256 406 1
865 269 1
882 479 1
22 922 1
121 614 1
451 275 1
27 632 1
475 525 1
662 497 1
997 314 1
422 421 1
534 154 1
567 452 1
877 89 1
960 995 1
32 872 1
257 72 1
709 504 1
6 638 1
115 413 1
972 938 1
986 32 1
76 637 1
8 159 1
262 588 1
574 993 1
295 188 1
10 292 1
190 498 1
838 810 1
500 922 1
985 892 1
786 389 1
29 717 1
655 73 1
177 738 1
209 28 1
599 503 1
380 664 1
728 518 1
929 182 1
87 117 1
329 564 1
156 909 1
475 760 1
18 898 1
138 466 1
826 976 1
874 821 1
49 74 1
764 303 1
856 281 1
64 666 1
835 651 1
786 881 1
244 873 1
521 878 1
752 934 1
244 859 1
498 661 1
165 8 1
31 546 1
962 205 1
962 356 1
42 568 1
977 137 1
678 665 1
96 666 1
792 444 1
612 897 1
87 111 1
762 273 1
987 781 1
233 84 1
239 738 1
166 210 1
261 584 1
710 873 1
702 905 1
633 968 1
601 638 1
933 697 1
148 151 1
209 366 1
673 156 1
139 827 1
483 996 1
556 612 1
1 427 1
410 976 1
618 753 1
886 534 1
322 265 1
336 927 1
724 152 1
911 365 1
656 935 1
325 170 1
799 105 1
803 932 1
13 329 1
537 952 1
45 598 1
264 100 1
563 928 1
148 337 1
326 40 1
684 457 1
933 99 1
867 453 1
340 648 1
236 642 1
31 170 1
938 437 1
198 759 1
854 389 1
905 530 1
908 480 1
22 798 1
824 720 1
625 596 1
989 663 1
251 391 1
718 577 1
398 870 1
785 586 1
967 753 1
344 672 1
877 792 1
842 305 1
250 929 1
938 144 1
936 760 1
806 548 1
765 131 1
307 1 1
234 479 1
462 75 1
152 949 1
446 40 1
348 329 1
480 462 1
429 181 1
803 942 1
835 449 1
254 743 1
802 318 1
159 381 1
247 291 1
230 683 1
571 719 1
80 318 1
158 360 1
8 156 1
430 980 1
923 302 1
439 269 1
330 74 1
957 458 1
318 180 1
336 597 1
375 413 1
575 519 1
757 828 1
473 898 1
931 877 1
375 336 1
345 823 1
726 64 1
585 651 1
660 330 1
804 897 1
817 683 1
694 109 1
424 306 1
119 962 1
69 123 1
155 909 1
233 940 1
805 526 1
804 327 1
343 818 1
986 576 1
669 981 1
522 615 1
603 230 1
755 39 1
811 371 1
415 832 1
76 487 1
877 27 1
575 641 1
513 957 1
692 751 1
775 645 1
669 826 1
688 592 1
345 355 1
620 453 1
684 799 1
153 773 1
148 31 1
874 429 1
263 115 1
196 719 1
268 752 1
701 278 1
351 880 1
173 457 1
833 153 1
146 49 1
623 624 1
62 910 1
337 727 1
668 799 1
854 365 1
484 801 1
294 813 1
978 243 1
544 298 1
142 543 1
206 377 1
991 370 1
709 423 1
809 560 1
641 957 1
161 922 1
465 897 1
726 769 1
863 175 1
163 104 1
11 775 1
938 5 1
96 801 1
971 576 1
174 399 1
261 311 1
578 65 1
716 433 1
747 23 1
972 97 1
630 2 1
813 454 1
829 628 1
895 393 1
451 562 1
472 438 1
515 742 1
196 583 1
753 914 1
932 877 1
433 978 1
586 232 1
288 377 1
484 249 1
928 47 1
703 246 1
991 521 1
965 654 1
249 649 1
650 742 1
613 216 1
212 531 1
398 985 1
961 312 1
755 464 1
46 250 1
273 371 1
173 786 1
152 872 1
78 955 1
11 103 1
137 78 1
436 673 1
122 650 1
255 569 1
22 47 1
541 625 1
334 461 1
916 537 1
962 168 1
501 460 1
136 383 1
407 459 1
565 885 1
274 502 1
386 575 1
358 647 1
595 472 1
589 314 1
732 458 1
46 75 1
372 973 1
411 206 1
199 125 1
766 276 1
183 398 1
375 69 1
739 83 1
681 201 1
402 17 1
134 147 1
9 717 1
160 912 1
724 277 1
826 460 1
114 677 1
118 399 1
548 992 1
848 70 1
807 378 1
170 556 1
167 452 1
441 459 1
958 48 1
8 869 1
46 101 1
732 384 1
115 645 1
209 978 1
197 77 1
203 592 1
228 332 1
30 549 1
957 8 1
922 258 1
101 126 1
721 113 1
947 280 1
515 886 1
610 556 1
133 744 1
878 330 1
749 716 1
352 438 1
361 931 1
941 959 1
992 581 1
676 495 1
712 150 1
727 733 1
690 736 1
361 927 1
540 457 1
346 875 1
861 839 1
383 776 1
398 489 1
77 96 1
615 575 1
470 833 1
72 941 1
909 517 1
449 996 1
231 430 1
691 833 1
548 310 1
193 866 1
812 158 1
417 878 1
213 429 1
424 965 1
372 764 1
981 472 1
609 599 1
676 786 1
96 686 1
630 951 1
845 541 1
742 332 1
80 449 1
792 775 1
129 156 1
845 8 1
550 619 1
906 280 1
419 102 1
130 376 1
777 391 1
656 214 1
394 239 1
490 172 1
332 437 1
923 522 1
980 632 1
792 13 1
741 520 1
437 999 1
209 191 1
120 144 1
78 462 1
926 37 1
325 93 1
892 809 1
279 187 1
497 474 1
217 151 1
139 181 1
850 182 1
903 452 1
107 54 1
733 391 1
214 962 1
651 73 1
777 535 1
632 956 1
77 422 1
764 679 1
386 340 1
303 231 1
894 30 1
175 324 1
814 977 1
78 958 1
268 368 1
354 623 1
41 111 1
151 515 1
836 216 1
522 341 1
620 580 1
519 819 1
563 661 1
470 438 1
11 745 1
169 235 1
45 921 1
498 685 1
480 859 1
50 342 1
71 797 1
429 459 1
319 843 1
308 824 1
119 610 1
506 228 1
776 222 1
60 502 1
495 153 1
227 696 1
936 485 1
516 179 1
333 748 1
802 484 1
768 910 1
945 101 1
926 387 1
110 231 1
804 561 1
990 758 1
982 824 1
124 701 1
309 556 1
287 236 1
473 763 1
819 79 1
616 168 1
582 745 1
462 983 1
254 961 1
789 281 1
402 628 1
134 946 1
910 219 1
385 242 1
891 846 1
450 121 1
958 40 1
77 487 1
448 181 1
506 707 1
326 522 1
68 745 1
57 380 1
79 217 1
160 436 1
608 790 1
277 81 1
106 404 1
246 15 1
438 670 1
925 615 1
490 191 1
962 70 1
957 815 1
239 658 1
242 624 1
196 274 1
331 298 1
612 157 1
704 699 1
119 774 1
153 59 1
338 479 1
728 272 1
596 524 1
130 597 1
755 753 1
943 304 1
686 926 1
87 452 1
572 681 1
200 436 1
941 661 1
470 249 1
831 379 1
266 494 1
332 614 1
535 449 1
641 299 1
224 949 1
274 192 1
421 278 1
725 108 1
592 853 1
980 824 1
859 437 1
39 429 1
845 253 1
905 790 1
37 687 1
817 206 1
101 320 1
829 677 1
962 752 1
386 719 1
995 956 1
423 318 1
761 707 1
394 225 1
790 350 1
291 989 1
993 620 1
984 539 1
744 4 1
800 306 1
143 972 1
356 567 1
648 481 1
475 761 1
363 104 1
757 538 1
313 933 1
19 435 1
387 610 1
4 343 1
601 427 1
667 956 1
695 583 1
967 45 1
178 505 1
403 939 1
924 735 1
679 244 1
292 939 1
734 677 1
994 769 1
155 556 1
625 104 1
637 929 1
798 452 1
314 95 1
728 603 1
219 109 1
432 879 1
460 674 1
227 459 1
552 728 1
773 810 1
538 488 1
57 236 1
903 310 1
62 354 1
194 430 1
20 116 1
455 495 1
816 969 1
996 576 1
515 215 1
661 840 1
994 332 1
688 850 1
986 156 1
224 489 1
106 531 1
61 472 1
606 37 1
108 94 1
872 900 1
171 815 1
993 435 1
944 70 1
217 865 1
475 42 1
180 487 1
304 622 1
894 733 1
321 158 1
351 770 1
692 119 1
362 971 1
897 534 1
11 662 1
543 4 1
447 951 1
135 760 1
913 411 1
944 973 1
106 347 1
85 677 1
880 67 1
756 702 1
435 380 1
249 109 1
164 62 1
826 289 1
774 474 1
372 241 1
985 247 1
766 864 1
372 787 1
580 471 1
324 517 1
359 300 1
307 593 1
915 130 1
650 115 1
761 945 1
713 71 1
574 143 1
902 216 1
100 751 1
597 352 1
335 17 1
880 816 1
939 275 1
719 960 1
684 390 1
641 113 1
693 923 1
739 49 1
501 672 1
928 751 1
591 686 1
314 807 1
82 165 1
456 232 1
49 34 1
808 884 1
11 519 1
455 512 1
748 611 1
887 221 1
373 581 1
456 607 1
283 563 1
275 132 1
596 39 1
562 910 1
655 645 1
380 628 1
307 702 1
351 998 1
272 281 1
479 160 1
374 562 1
879 601 1
251 867 1
229 364 1
257 338 1
234 598 1
63 715 1
346 297 1
630 664 1
505 417 1
423 14 1
311 542 1
467 746 1
758 521 1
43 876 1
401 698 1
153 658 1
959 465 1
871 40 1
424 379 1
695 351 1
615 271 1
266 420 1
409 666 1
789 602 1
653 216 1
200 138 1
764 60 1
993 218 1
251 930 1
857 515 1
158 523 1
453 480 1
144 840 1
560 444 1
641 531 1
959 771 1
110 162 1
261 332 1
175 165 1
703 909 1
541 835 1
891 832 1
955 664 1
69 965 1
582 937 1
882 743 1
896 931 1
897 395 1
289 584 1
638 470 1
375 51 1
304 143 1
408 463 1
710 349 1
917 691 1
222 498 1
346 457 1
230 992 1
587 104 1
23 531 1
73 678 1
350 111 1
708 185 1
556 163 1
659 672 1
25 287 1
307 909 1
204 938 1
837 950 1
878 447 1
859 876 1
105 280 1
651 388 1
787 595 1
924 101 1
935 84 1
289 104 1
789 20 1
21 55 1
952 777 1
390 967 1
169 374 1
748 111 1
578 860 1
827 54 1
630 144 1
88 624 1
167 791 1
913 746 1
960 392 1
720 878 1
333 25 1
368 825 1
863 877 1
744 507 1
588 388 1
793 918 1
190 291 1
195 867 1
98 237 1
525 257 1
661 42 1
644 271 1
834 32 1
763 308 1
983 447 1
284 165 1
729 681 1
390 263 1
300 170 1
352 86 1
416 76 1
821 861 1
200 606 1
704 887 1
813 862 1
945 229 1
730 517 1
128 960 1
817 162 1
242 738 1
455 137 1
651 424 1
315 773 1
75 35 1
660 699 1
571 232 1
604 82 1
297 484 1
983 968 1
586 619 1
57 686 1
512 227 1
199 23 1
396 37 1
740 805 1
494 284 1
271 381 1
179 88 1
499 252 1
781 805 1
104 809 1
385 960 1
768 108 1
990 362 1
852 104 1
482 17 1
615 358 1
521 859 1
259 26 1
96 348 1
979 441 1
606 313 1
929 411 1
716 93 1
673 462 1
279 125 1
622 387 1
340 488 1
740 21 1
539 425 1
717 982 1
983 767 1
183 684 1
677 620 1
702 373 1
130 245 1
590 319 1
538 546 1
756 4 1
671 647 1
910 675 1
975 202 1
39 401 1
697 998 1
568 842 1
225 951 1
91 955 1
242 295 1
746 170 1
859 896 1
384 385 1
429 818 1
845 310 1
660 127 1
448 14 1
172 158 1
264 860 1
918 293 1
244 596 1
818 715 1
516 597 1
735 877 1
551 614 1
434 295 1
662 480 1
588 117 1
529 997 1
711 890 1
1000 751 1
745 248 1
765 76 1
674 305 1
241 912 1
331 79 1
27 563 1
15 599 1
296 397 1
935 491 1
39 399 1
992 895 1
349 740 1
487 676 1
657 153 1
185 788 1
224 600 1
444 757 1
763 131 1
122 738 1
327 655 1
79 590 1
174 134 1
160 346 1
836 354 1
22 432 1
565 759 1
140 33 1
829 472 1
125 245 1
888 645 1
618 41 1
203 52 1
811 390 1
634 205 1
483 607 1
692 842 1
129 442 1
140 758 1
916 851 1
49 973 1
678 462 1
200 989 1
125 76 1
184 660 1
710 919 1
710 42 1
802 985 1
538 456 1
310 930 1
402 329 1
286 337 1
718 384 1
162 445 1
908 658 1
667 52 1
989 453 1
151 459 1
383 929 1
683 199 1
868 446 1
857 148 1
907 455 1
19 156 1
814 862 1
814 354 1
924 383 1
778 783 1
775 425 1
729 685 1
64 602 1
126 387 1
770 922 1
632 960 1
156 964 1
647 779 1
627 904 1
287 730 1
96 844 1
339 825 1
597 477 1
67 222 1
118 24 1
536 843 1
910 733 1
23 907 1
559 439 1
493 265 1
878 669 1
954 549 1
854 789 1
33 928 1
116 265 1
431 354 1
27 946 1
626 306 1
369 205 1
988 678 1
505 219 1
856 379 1
923 309 1
412 511 1
873 560 1
991 293 1
555 445 1
357 234 1
413 644 1
952 262 1
207 762 1
58 60 1
981 40 1
1 341 1
593 343 1
602 57 1
206 16 1
593 760 1
526 9 1
367 945 1
390 669 1
405 425 1
255 162 1
720 606 1
137 849 1
5 668 1
756 714 1
647 8 1
607 719 1
839 715 1
948 417 1
644 745 1
403 240 1
627 90 1
415 687 1
536 81 1
254 246 1
238 739 1
884 429 1
795 378 1
90 501 1
816 467 1
67 209 1
247 245 1
616 421 1
309 180 1
564 118 1
955 780 1
882 258 1
328 209 1
270 361 1
977 606 1
281 620 1
555 661 1
793 477 1
511 919 1
8 775 1
800 20 1
124 192 1
154 173 1
855 828 1
139 455 1
552 291 1
14 555 1
258 286 1
389 229 1
683 974 1
383 865 1
279 894 1
443 277 1
318 306 1
972 643 1
923 624 1
861 653 1
431 69 1
463 774 1
702 699 1
8 70 1
472 250 1
478 582 1
746 549 1
229 461 1
766 862 1
325 554 1
728 485 1
479 715 1
11 5 1
617 390 1
932 79 1
233 966 1
172 946 1
982 457 1
900 875 1
157 751 1
332 930 1
411 493 1
860 350 1
822 490 1
775 594 1
313 257 1
637 351 1
335 73 1
104 428 1
831 354 1
497 716 1
633 761 1
979 319 1
161 981 1
256 203 1
849 963 1
356 36 1
748 807 1
479 305 1
400 636 1
718 665 1
963 374 1
380 766 1
98 950 1
813 290 1
638 845 1
683 423 1
39 340 1
701 379 1
85 924 1
180 379 1
141 674 1
752 359 1
833 93 1
315 575 1
220 955 1
588 964 1
836 728 1
398 82 1
489 449 1
570 532 1
932 528 1
851 865 1
987 281 1
936 14 1
717 820 1
679 876 1
577 356 1
408 923 1
884 879 1
680 94 1
330 239 1
519 73 1
364 497 1
964 657 1
179 875 1
487 492 1
556 187 1
191 321 1
269 894 1
197 504 1
727 719 1
825 476 1
724 680 1
428 912 1
826 973 1
182 417 1
265 551 1
168 274 1
850 439 1
484 701 1
401 804 1
660 201 1
452 494 1
801 543 1
700 924 1
213 362 1
355 627 1
522 278 1
710 127 1
668 975 1
158 143 1
797 101 1
354 156 1
872 775 1
311 971 1
128 430 1
642 316 1
169 619 1
741 473 1
767 668 1
120 690 1
695 723 1
554 368 1
274 687 1
153 377 1
129 383 1
854 669 1
333 788 1
716 358 1
950 174 1
98 861 1
967 674 1
647 226 1
239 403 1
950 499 1
851 839 1
162 714 1
802 187 1
148 888 1
186 121 1
458 78 1
329 872 1
226 22 1
662 893 1
728 893 1
401 537 1
276 228 1
368 275 1
487 551 1
380 368 1
944 606 1
340 512 1
946 482 1
912 283 1
136 18 1
656 611 1
292 686 1
470 875 1
531 795 1
792 144 1
789 305 1
443 624 1
476 617 1
301 385 1
955 348 1
18 490 1
834 408 1
122 455 1
151 291 1
616 465 1
854 941 1
453 965 1
108 89 1
966 447 1
129 396 1
492 118 1
324 569 1
811 817 1
811 853 1
565 466 1
403 175 1
791 978 1
533 641 1
684 981 1
946 869 1
185 352 1
120 962 1
410 536 1
389 214 1
451 644 1
787 121 1
200 630 1
13 471 1
617 734 1
729 950 1
792 528 1
670 24 1
325 431 1
664 931 1
580 482 1
290 448 1
645 253 1
316 505 1
725 523 1
637 190 1
3 379 1
218 153 1
118 344 1
95 457 1
724 150 1
621 508 1
214 658 1
389 161 1
923 145 1
492 253 1
729 356 1
168 299 1
931 178 1
538 345 1
664 598 1
844 649 1
920 563 1
237 798 1
580 237 1
298 784 1
214 2 1
752 17 1
127 489 1
983 888 1
640 577 1
385 934 1
115 621 1
355 128 1
267 526 1
755 148 1
553 586 1
331 263 1
481 732 1
301 174 1
220 524 1
912 676 1
614 689 1
793 779 1
195 427 1
133 174 1
678 878 1
422 959 1
554 300 1
348 141 1
253 394 1
574 928 1
858 550 1
138 368 1
646 887 1
809 58 1
804 805 1
942 92 1
669 539 1
289 524 1
146 963 1
775 260 1
524 128 1
556 896 1
463 729 1
971 819 1
9 341 1
13 358 1
105 634 1
864 339 1
358 955 1
266 114 1
166 689 1
495 730 1
337 272 1
727 562 1
772 894 1
636 655 1
578 335 1
610 201 1
320 325 1
303 378 1
336 551 1
493 158 1
120 527 1
134 521 1
243 256 1
120 590 1
433 863 1
393 556 1
27 73 1
468 862 1
2 566 1
236 74 1
224 204 1
585 681 1
206 279 1
681 233 1
16 672 1
80 472 1
630 460 1
827 298 1
676 342 1
154 85 1
637 791 1
484 507 1
131 285 1
279 207 1
826 634 1
584 731 1
526 830 1
120 34 1
802 328 1
232 74 1
514 513 1
246 28 1
659 513 1
616 486 1
945 158 1
96 856 1
338 18 1
177 255 1
722 716 1
569 271 1
301 530 1
480 116 1
300 6 1
264 538 1
618 822 1
109 859 1
278 345 1
566 209 1
831 542 1
893 941 1
859 343 1
84 511 1
464 863 1
600 511 1
86 567 1
386 612 1
84 535 1
979 915 1
42 219 1
472 594 1
463 587 1
719 749 1
205 64 1
329 448 1
834 180 1
913 718 1
136 466 1
355 778 1
543 262 1
208 653 1
264 965 1
953 143 1
197 704 1
698 321 1
232 885 1
74 26 1
282 831 1
495 640 1
941 799 1
927 137 1
956 674 1
884 147 1
249 21 1
96 737 1
631 855 1
946 95 1
209 502 1
367 360 1
962 405 1
508 797 1
799 580 1
35 705 1
82 768 1
197 467 1
280 837 1
927 716 1
85 281 1
807 522 1
814 434 1
593 588 1
920 203 1
781 526 1
87 163 1
131 951 1
530 319 1
770 9 1
117 577 1
269 161 1
702 160 1
536 600 1
765 394 1
769 513 1
941 568 1
474 180 1
736 57 1
78 186 1
434 569 1
242 66 1
820 395 1
158 651 1
420 669 1
172 123 1
315 307 1
792 272 1
584 614 1
16 213 1
155 847 1
71 975 1
540 183 1
164 889 1
597 936 1
888 972 1
29 601 1
344 107 1
239 806 1
1000 86 1
986 223 1
889 580 1
666 898 1
795 807 1
999 515 1
935 915 1
892 803 1
318 904 1
803 550 1
486 688 1
663 281 1
303 970 1
858 188 1
128 8 1
928 933 1
848 998 1
875 597 1
889 252 1
728 407 1
111 350 1
283 558 1
610 586 1
399 494 1
176 986 1
176 406 1
1000 122 1
716 228 1
474 396 1
975 65 1
426 938 1
382 7 1
302 20 1
871 648 1
398 587 1
207 585 1
212 677 1
140 215 1
388 842 1
316 616 1
181 30 1
709 798 1
593 704 1
454 375 1
194 513 1
965 745 1
325 962 1
851 420 1
371 136 1
822 615 1
429 697 1
326 576 1
977 611 1
338 343 1
331 570 1
731 794 1
277 427 1
48 318 1
409 216 1
556 948 1
662 11 1
549 586 1
706 717 1
798 492 1
935 913 1
640 211 1
25 965 1
220 989 1
694 633 1
245 500 1
367 324 1
948 43 1
583 227 1
443 639 1
617 874 1
149 403 1
487 160 1
974 958 1
936 278 1
367 8 1
281 345 1
373 995 1
480 48 1
11 591 1
524 576 1
61 633 1
377 998 1
719 380 1
555 60 1
436 208 1
641 704 1
115 586 1
916 353 1
391 540 1
712 756 1
918 143 1
874 238 1
365 607 1
114 34 1
266 78 1
803 390 1
818 459 1
33 385 1
780 676 1
362 215 1
405 785 1
232 464 1
709 43 1
606 102 1
714 93 1
449 230 1
796 770 1
49 57 1
792 695 1
40 51 1
305 74 1
738 683 1
380 476 1
798 853 1
315 267 1
44 796 1
629 443 1
863 348 1
243 245 1
85 39 1
758 920 1
124 517 1
791 920 1
783 618 1
199 220 1
626 195 1
592 668 1
714 345 1
443 27 1
392 433 1
724 185 1
512 331 1
148 796 1
29 354 1
173 129 1
56 147 1
635 869 1
968 705 1
144 857 1
228 856 1
960 221 1
263 833 1
111 107 1
986 454 1
72 232 1
329 967 1
87 623 1
391 163 1
137 543 1
19 451 1
707 717 1
631 67 1
56 101 1
238 314 1
311 701 1
407 61 1
748 514 1
903 767 1
526 32 1
219 443 1
393 292 1
606 261 1
5 932 1
640 294 1
838 617 1
912 342 1
733 572 1
260 23 1
335 319 1
982 672 1
733 573 1
520 407 1
372 228 1
452 603 1
717 314 1
485 96 1
600 950 1
18 92 1
988 928 1
396 74 1
554 108 1
278 469 1
123 875 1
868 359 1
311 307 1
503 74 1
296 216 1
640 191 1
934 338 1
675 918 1
13 217 1
263 317 1
251 494 1
147 276 1
766 356 1
203 208 1
725 343 1
474 310 1
198 972 1
722 307 1
496 393 1
362 554 1
570 838 1
247 293 1
908 292 1
759 255 1
260 469 1
138 130 1
972 525 1
601 828 1
817 351 1
476 56 1
88 195 1
118 10 1
492 438 1
260 915 1
163 682 1
678 878 1
641 576 1
229 481 1
829 923 1
518 200 1
683 727 1
637 678 1
754 954 1
709 270 1
303 281 1
39 26 1
745 382 1
618 521 1
990 241 1
330 422 1
718 125 1
60 87 1
743 957 1
344 411 1
832 70 1
952 535 1
259 270 1
161 227 1
652 237 1
127 624 1
63 907 1
661 485 1
97 403 1
405 763 1
661 46 1
421 885 1
866 451 1
443 420 1
395 509 1
299 90 1
887 885 1
158 549 1
714 378 1
285 159 1
788 143 1
766 651 1
456 916 1
910 850 1
912 831 1
936 391 1
687 212 1
125 712 1
447 466 1
716 159 1
261 617 1
900 111 1
25 833 1
952 34 1
154 724 1
690 442 1
417 982 1
563 847 1
524 228 1
601 425 1
791 252 1
922 567 1
166 723 1
281 503 1
830 988 1
95 14 1
988 127 1
363 722 1
646 921 1
709 750 1
201 675 1
999 702 1
91 381 1
477 444 1
522 852 1
655 634 1
164 633 1
100 417 1
945 796 1
762 137 1
517 449 1
51 506 1
442 586 1
81 59 1
214 5 1
526 497 1
929 991 1
709 682 1
194 273 1
725 946 1
154 330 1
631 21 1
297 646 1
998 110 1
87 574 1
919 920 1
78 287 1
81 355 1
702 695 1
318 538 1
561 181 1
594 506 1
625 665 1
956 709 1
246 140 1
851 592 1
876 297 1
730 481 1
516 348 1
167 782 1
338 593 1
745 506 1
143 24 1
936 17 1
528 320 1
977 302 1
47 626 1
594 50 1
24 848 1
819 1000 1
295 773 1
582 55 1
288 614 1
864 32 1
55 570 1
184 768 1
425 854 1
335 904 1
482 724 1
161 987 1
200 788 1
139 776 1
936 595 1
461 601 1
312 620 1
483 123 1
757 277 1
278 351 1
510 307 1
512 344 1
136 688 1
344 214 1
292 515 1
730 778 1
158 993 1
323 963 1
143 588 1
291 40 1
788 121 1
924 671 1
424 221 1
539 302 1
880 762 1
716 392 1
110 95 1
867 138 1
657 158 1
808 462 1
331 435 1
842 840 1
66 521 1
15 143 1
531 902 1
258 294 1
228 546 1
735 204 1
976 356 1
988 576 1
745 958 1
768 129 1
337 90 1
224 558 1
809 213 1
687 129 1
382 627 1
990 761 1
240 539 1
852 464 1
989 76 1
808 90 1
782 528 1
669 719 1
568 888 1
469 643 1
262 137 1
561 788 1
189 405 1
288 99 1
616 933 1
886 799 1
269 573 1
134 262 1
7 824 1
707 366 1
357 150 1
884 867 1
508 267 1
527 401 1
480 842 1
31 549 1
177 577 1
712 255 1
115 7 1
938 611 1
934 636 1
868 560 1
32 144 1
412 183 1
759 463 1
244 24 1
692 90 1
767 883 1
60 505 1
364 707 1
208 241 1
593 695 1
600 408 1
932 459 1
244 329 1
695 828 1
987 260 1
50 467 1
391 140 1
829 20 1
24 856 1
150 352 1
496 26 1
912 584 1
696 836 1
797 826 1
1 197 1
788 369 1
941 302 1
654 600 1
454 729 1
414 839 1
63 516 1
712 385 1
50 594 1
36 853 1
394 947 1
370 764 1
723 550 1
951 235 1
502 92 1
929 225 1
17 54 1
48 746 1
974 473 1
566 542 1
75 497 1
200 852 1
514 428 1
549 75 1
162 161 1
623 650 1
293 993 1
871 181 1
75 876 1
622 219 1
632 487 1
889 567 1
401 853 1
52 52 1
773 987 1
451 956 1
649 849 1
493 962 1
828 797 1
890 871 1
93 194 1
750 730 1
746 561 1
950 723 1
938 990 1
67 42 1
836 711 1
364 787 1
746 25 1
817 469 1
777 380 1
278 483 1
170 927 1
140 83 1
790 38 1
14 309 1
964 971 1
826 534 1
839 996 1
319 782 1
911 964 1
606 862 1
236 835 1
532 790 1
394 698 1
534 462 1
257 338 1
110 499 1
77 573 1
398 549 1
550 808 1
226 431 1
272 238 1
595 622 1
261 952 1
88 485 1
809 332 1
200 424 1
479 404 1
358 984 1
835 161 1
268 151 1
87 23 1
268 884 1
794 18 1
162 281 1
789 377 1
157 11 1
32 363 1
440 442 1
533 935 1
788 466 1
666 864 1
913 56 1
581 345 1
68 281 1
307 165 1
259 544 1
666 210 1
559 254 1
728 959 1
737 87 1
860 259 1
928 330 1
475 176 1
690 257 1
5 225 1
273 91 1
961 647 1
520 510 1
390 594 1
678 329 1
268 622 1
154 232 1
298 916 1
120 729 1
201 787 1
298 127 1
873 814 1
147 636 1
515 439 1
776 757 1
399 108 1
424 697 1
390 74 1
669 890 1
354 632 1
459 743 1
621 373 1
937 929 1
583 540 1
38 396 1
516 750 1
966 912 1
542 944 1
517 449 1
279 71 1
75 444 1
729 258 1
144 660 1
865 856 1
114 651 1
985 553 1
476 412 1
718 185 1
305 233 1
489 722 1
266 848 1
193 96 1
733 612 1
481 99 1
463 25 1
878 457 1
66 479 1
845 355 1
58 787 1
978 705 1
852 138 1
627 927 1
49 960 1
662 522 1
594 329 1
281 182 1
940 949 1
433 2 1
462 745 1
532 575 1
968 587 1
106 372 1
638 142 1
961 389 1
885 927 1
609 493 1
686 511 1
993 938 1
289 979 1
703 776 1
243 824 1
821 953 1
291 995 1
954 267 1
961 416 1
974 138 1
736 632 1
506 288 1
623 529 1
127 434 1
834 665 1
15 253 1
358 890 1
89 313 1
564 101 1
144 732 1
405 144 1
574 610 1
40 322 1
621 924 1
680 152 1
847 710 1
801 625 1
534 374 1
420 159 1
454 801 1
137 551 1
434 480 1
20 675 1
292 324 1
267 925 1
897 405 1
335 63 1
836 505 1
930 1 1
818 395 1
936 67 1
326 450 1
449 299 1
398 188 1
909 137 1
886 187 1
49 409 1
627 830 1
465 153 1
811 787 1
582 252 1
162 972 1
698 550 1
736 375 1
962 73 1
610 338 1
996 391 1
653 63 1
992 593 1
987 525 1
308 455 1
503 295 1
618 33 1
963 888 1
589 38 1
916 599 1
948 690 1
52 1000 1
566 621 1
232 427 1
463 82 1
507 265 1
690 478 1
131 636 1
999 714 1
171 30 1
6 225 1
913 141 1
149 718 1
864 165 1
767 320 1
481 199 1
830 815 1
429 57 1
882 948 1
886 717 1
482 76 1
7 454 1
98 30 1
968 961 1
598 605 1
271 121 1
806 375 1
92 285 1
202 495 1
900 102 1
712 184 1
208 571 1
483 939 1
838 335 1
535 787 1
552 846 1
627 607 1
52 275 1
637 639 1
133 214 1
636 715 1
823 837 1
146 25 1
80 136 1
664 901 1
157 601 1
311 630 1
403 12 1
652 342 1
