R6869 1 0.01 368.7
R7557 0 0.03875 442.5
R1899 1 0.00036 0.02632
R7045 1 0.00081 0.03443
R9647 1 0.004425 7.6
R772 1 0.03643 7.29186
R1418 1 0.03643 7.29186
R1756 0 3.2 5423
R196 1 0.01 6.9
R8613 1 0.0259 3.1865
R6341 1 0.00108 0.15
R7274 1 0.00024 0.01824
R753 0 0.466 20270.4
R7060 1 0.00868 6.88553
R9652 1 0.00068 0.07263
R6178 1 0.00207 0.0591
R7362 1 0.00036 0.02388
R2527 1 0.00868 6.88553
R7308 0 0.4225 927.5
R1347 1 0.01501 1.37785
R4091 1 0.01293 30.697
R5516 1 0.00054 2.7
R6536 1 0.00023 0.06583
R2764 1 0.00795 0.06583
R2487 0 0 0
R9096 0 13.6 45836.5
R8894 0 0.9 41.46
R295 1 0.02 6.145
R9266 1 0.00102 0.15
R9145 0 0.13 99.93
R6676 0 0.01524 5.62667
R4083 1 0.00637 7.5
R6756 1 0.00622 7.5
R6772 1 0.00622 7.5
R1343 1 0.01755 3.8
R6387 1 0.0104 3.1
R7858 1 0.00868 0.1
R4816 1 0.00081 0.03443
R5170 1 0.00081 0.03443
R2508 1 0.03 3835
R316 1 0.7 737.4
R733 1 0.027 13.6
R148 1 0.00555 1.43451
R8477 1 0.01056 1.3113
R419 1 0.00132 0.06392
R2204 0 18.2 29404.5
R2408 1 0.0005 16.39
R5026 1 0.0005 3.69
R418 1 0.0005 16.39
R485 0 0.15 15.625
R6348 1 0.00149 6.38284
R3621 1 0.00795 6.88553
R7204 1 0.00868 6.88553
R3007 0 0.2268 0.3327
R9428 1 0.00868 6.88553
R4053 0 0.2268 0.3327
R1947 1 0.1 8.194
R1006 1 0.01851 4.17
R6021 1 0.00223 24.16
R9276 1 0.00795 6.88553
R1200 1 0.00081 0.06392
R5902 0 0 0
R7896 1 0.00081 0.06392
R7348 1 0.0019 32.77
R4854 1 0.00035 81.94
R711 1 0.01293 30.697
R4430 1 0.00207 0.0591
R1169 1 0.0001 0.01962
R2783 1 0.00016 0.01685
R6312 1 0.00097 0.06187
R7466 1 0.00504 7.6
R7185 0 0.00504 7.6
R3303 0 0 0
R6210 0 0.00504 21.5
R3230 1 0.00132 0.06392
R3772 1 0.00037 0.80407
R4346 1 0.011 0.276098
R186 0 0.09256 32.77
R6384 1 0.00504 7.6
R2620 0 0 0
R4878 0 0.068 3613
R1784 1 0.00868 6.88553
R5431 1 0.00016 0.01685
R3375 0 0 0
R6624 1 0.00132 0.06392
R4059 1 0.00064 0.0483
R7666 1 0.00066 0.04702
R320 1 0.094 7.62
R4286 1 0.01851 4.17
R353 1 0.00795 6.88553
R474 1 0.00019 0.16822
R3918 1 0.00225 0.15
R7705 1 0.06638 12.4
R8141 0 0.09877 913.5
R174 1 0.041322 411.41
R4287 1 0.00868 6.88553
R8335 0 0.10329 0.371
R3599 0 0.1565 50
R9188 1 0.00069 0.04612
R6831 1 0.00244 1788.9
R3639 1 0.01595 5.05844
R6940 1 0.00868 6.88553
R2641 1 0.00016 0.01685
R1579 1 0.01123 3.20616
R7467 1 0.0001 0.01004
R703 1 0.00016 0.01685
R5861 1 0.02031 59.9595
R7314 1 0.00391 2.311
R681 0 0.05711 32.77
R200 0 0.0149 98.32
R2619 0 0.09256 86.03
R4136 1 0.00906 6.422
R6906 1 0.00795 6.88553
R336 1 0.02793 106.806
R9850 1 0.00195 3.96531
R2607 1 0.00868 6.88553
R9962 0 1.36 14.6
R8311 1 0.00158 0.7046
R3817 1 0.02 6.145
R957 1 0.00158 0.7046
R3460 1 0.00079 0.3523
R4218 1 0.00016 0.01684
R7400 1 0.014 3.1
R178 0 0.1106 36.87
R4137 1 0.02 4.17
R6650 0 0 0
R5965 0 0.14259 50
R2587 0 0.1106 153.6
R4248 0 0 0
R2104 0 0.03 50.22
R9219 1 0.00132 0.06392
R2681 1 0.00034 0.02992
R9522 1 0.00081 0.03443
R7405 1 0.01501 1.37785
R2994 1 0.00595 36
R7143 0 6.001 24286
R9975 0 0.52 671.93
R639 1 0.005 36
R2686 1 0.0023 12.29
R9883 1 0.01055 1.33114
R5039 1 0.00008 0.02045
R3704 1 0.00081 0.03443
R915 1 0.00795 6.88553
R2616 1 0.0002 0.0159
R4872 1 0.02239 1.833
R4322 0 0 0
R6848 0 0.000261 193.75
R7471 1 0.00504 16.39
R42 1 0.00149 6.38284
R7946 1 0.01617 1.49399
R386 0 0.006 4.609
R6993 1 0.00016 0.01685
R1998 1 1.02588 1452.61
R3319 1 0.11156 220.739
R9195 1 0.48929 750.839
R4857 0 0.1134 1336.36
R3731 1 0.0014 0.09832
R8581 0 0.0227 3
R6451 0 0.59553 2909.13
R2485 1 0.02428 1.76183
R6433 1 0.00175 6.68
R2250 1 0.00081 0.03443
R1790 0 0.59553 0.04
R9889 1 0.00081 0.03443
R8567 0 0.4912 4097
R5651 1 0.15 16
R6157 1 0.03092 3.1
R5146 0 0.179 4205
R9888 1 0.00506 59.06
R2175 0 0.14317 345
R2428 1 0.08804 826.9
R3527 0 0.03758 682.5
R4665 1 0.00011 0.00695
R3391 1 0.00107 0.07507
R2240 1 0.01851 4.17
R9824 1 0.00434 0.05
R5425 1 0.00252 10.82
R7979 1 0.00504 118.8
R3002 1 0.00391 2.311
R8003 1 0.425 707.9
R5194 0 0.071 140.8
R5597 1 0.0019 32.77
R8204 1 0.00075 5.064
R4467 0 0.1 204.5
R7223 0 0.00603 5
R5949 1 0.01838 833.75
R122 1 0.01293 30.697
R3506 1 0.425 707.9
R3940 1 0.5 221.2
R4625 0 4.99 6332
R3779 1 0.026 819
R4189 1 0.01156 333.1
R7922 1 0.00868 6.88553
R8612 1 0.00081 0.03443
R3533 1 0.00704 1
R409 0 5 11227.2
R5133 0 0 0
R1878 1 0.026 9
R3100 1 0.00042 0.7219
R7741 1 0.00016 0.01685
R9137 1 0.00016 0.01685
R6335 1 0.0184 2.96211
