1 1 MC1006 0 0 0
1 1 MC1006 0 0 0
1 1 MC1006 0 0 0
1 2 MC419 0 0 0
1 2 MC419 0 0 0
1 3 MC3230 0 0 0
1 3 MC3230 0 0 0
1 5 MC6676 0 0 0
1 6 MC4091 0 0 0
1 9 MC3007 0 0 0
1 12 MC7466 0 0 0
1 12 MC7466 0 0 0
1 12 MC7466 0 0 0
1 13 MC6772 0 0 0
1 14 MC5516 0 0 0
1 16 MC753 0 0 0
1 29 MC7348 0 0 0
1 29 MC7348 0 0 0
1 29 MC7348 0 0 0
1 29 MC7348 0 0 0
1 29 MC7348 0 0 0
1 29 MC7348 0 0 0
2 1 MC1006 0 0 0
2 1 MC1006 0 0 0
2 2 MC419 0 0 0
2 2 MC419 0 0 0
2 3 MC3230 0 0 0
2 4 MC7060 0 0 0
2 4 MC7060 0 0 0
2 4 MC7060 0 0 0
2 5 MC6676 0 0 0
2 6 MC4091 0 0 0
2 9 MC3007 0 0 0
2 9 MC3007 0 0 0
2 12 MC7466 0 0 0
2 14 MC5516 0 0 0
2 14 MC5516 0 0 0
2 22 MC4854 0 0 0
2 25 MC7185 0 0 0
2 29 MC7348 0 0 0
2 29 MC7348 0 0 0
2 29 MC7348 0 0 0
2 40 MC5902 0 0 0
3 1 MC1006 0 0 0
3 1 MC1006 0 0 0
3 2 MC419 0 0 0
3 3 MC3230 0 0 0
3 3 MC3230 0 0 0
3 3 MC3230 0 0 0
3 3 MC3230 0 0 0
3 4 MC7060 0 0 0
3 4 MC7060 0 0 0
3 5 MC6676 0 0 0
3 5 MC6676 0 0 0
3 5 MC6676 0 0 0
3 5 MC6676 0 0 0
3 9 MC3007 0 0 0
3 9 MC3007 0 0 0
3 12 MC7466 0 0 0
3 12 MC7466 0 0 0
3 13 MC6772 0 0 0
3 15 MC9145 0 0 0
3 16 MC753 0 0 0
3 17 MC9652 0 0 0
3 18 MC2783 0 0 0
3 29 MC7348 0 0 0
3 29 MC7348 0 0 0
3 42 MC316 0 0 0
4 1 MC1006 0 0 0
4 1 MC1006 0 0 0
4 2 MC419 0 0 0
4 3 MC3230 0 0 0
4 3 MC3230 1 0 0
4 4 MC7060 0 0 0
4 4 MC7060 0 0 0
4 4 MC7060 0 0 0
4 5 MC6676 0 0 0
4 5 MC6676 0 0 0
4 5 MC6676 0 0 0
4 6 MC4091 0 0 0
4 9 MC3007 0 0 0
4 11 MC3303 0 0 0
4 13 MC6772 0 0 0
4 13 MC6772 0 0 0
4 16 MC753 0 0 0
4 17 MC9652 0 0 0
4 29 MC7348 0 0 0
4 29 MC7348 0 0 0
4 29 MC7348 0 0 0
4 29 MC7348 0 0 0
4 36 MC1347 0 0 0
5 1 MC1006 0 0 0
5 1 MC1006 0 0 0
5 1 MC1006 0 0 0
5 2 MC419 0 0 0
5 3 MC3230 0 0 0
5 4 MC7060 0 0 0
5 5 MC6676 0 0 0
5 5 MC6676 0 0 0
5 20 MC196 0 0 0
5 29 MC7348 0 0 0
5 29 MC7348 0 0 0
5 29 MC7348 0 0 0
6 1 MC1006 0 0 0
6 1 MC1006 0 0 0
6 1 MC1006 0 0 0
6 2 MC419 0 0 0
6 2 MC419 0 0 0
6 3 MC3230 0 0 0
6 4 MC7060 0 0 0
6 4 MC7060 0 0 0
6 5 MC6676 0 0 0
6 9 MC3007 0 0 0
6 11 MC3303 0 0 0
6 12 MC7466 0 0 0
6 13 MC6772 0 0 0
6 14 MC5516 0 0 0
6 22 MC4854 0 0 0
6 29 MC7348 0 0 0
6 29 MC7348 0 0 0
6 29 MC7348 0 0 0
6 42 MC316 0 0 0
7 1 MC1006 0 0 0
7 1 MC1006 0 0 0
7 2 MC419 0 0 0
7 2 MC419 0 0 0
7 3 MC3230 0 0 0
7 3 MC3230 0 0 0
7 4 MC7060 0 0 0
7 4 MC7060 0 0 0
7 4 MC7060 0 0 0
7 5 MC6676 0 0 0
7 5 MC6676 0 0 0
7 5 MC6676 0 0 0
7 6 MC4091 0 0 0
7 9 MC3007 0 0 0
7 9 MC3007 0 0 0
7 11 MC3303 0 0 0
7 11 MC3303 0 0 0
7 11 MC3303 0 0 0
7 13 MC6772 0 0 0
7 13 MC6772 0 0 0
7 25 MC7185 0 0 0
7 29 MC7348 0 0 0
7 29 MC7348 0 0 0
7 31 MC2620 0 0 0
8 1 MC1006 0 0 0
8 2 MC419 0 0 0
8 2 MC419 0 0 0
8 3 MC3230 0 0 0
8 3 MC3230 1 0 0
8 4 MC7060 0 0 0
8 5 MC6676 0 0 0
8 9 MC3007 0 0 0
8 9 MC3007 0 0 0
8 9 MC3007 0 0 0
8 12 MC7466 0 0 0
8 13 MC6772 0 0 0
8 15 MC9145 0 0 0
8 15 MC9145 0 0 0
8 25 MC7185 0 0 0
8 29 MC7348 0 0 0
8 29 MC7348 0 0 0
8 29 MC7348 0 0 0
8 29 MC7348 0 0 0
8 29 MC7348 0 0 0
8 40 MC5902 0 0 0
8 43 MC186 0 0 1
9 1 MC1006 0 0 0
9 1 MC1006 0 0 0
9 2 MC419 0 0 0
9 2 MC419 0 0 0
9 3 MC3230 0 0 0
9 3 MC3230 0 0 0
9 3 MC3230 0 0 0
9 4 MC7060 0 0 0
9 4 MC7060 0 0 0
9 4 MC7060 0 0 0
9 5 MC6676 0 0 0
9 5 MC6676 0 0 0
9 5 MC6676 0 0 0
9 9 MC3007 0 0 0
9 9 MC3007 0 0 0
9 12 MC7466 0 0 0
9 12 MC7466 0 0 0
9 12 MC7466 0 0 0
9 14 MC5516 0 0 0
9 16 MC753 0 0 0
9 20 MC196 0 0 0
9 29 MC7348 0 0 0
9 29 MC7348 0 0 0
9 29 MC7348 0 0 0
10 1 MC1006 0 0 0
10 1 MC1006 0 0 0
10 3 MC3230 0 0 0
10 3 MC3230 0 0 0
10 4 MC7060 0 0 0
10 4 MC7060 0 0 0
10 5 MC6676 0 0 0
10 5 MC6676 0 0 0
10 6 MC4091 0 0 0
10 9 MC3007 0 0 0
10 12 MC7466 0 0 0
10 12 MC7466 0 0 0
10 12 MC7466 0 0 0
10 12 MC7466 0 0 0
10 14 MC5516 0 0 0
10 15 MC9145 0 0 0
10 18 MC2783 0 0 0
10 29 MC7348 0 0 0
10 29 MC7348 0 0 0
10 42 MC316 0 0 0
11 1 MC1006 0 0 0
11 1 MC1006 0 0 0
11 3 MC3230 0 0 0
11 3 MC3230 0 0 0
11 3 MC3230 0 0 0
11 4 MC7060 0 0 0
11 4 MC7060 0 0 0
11 5 MC6676 0 0 0
11 5 MC6676 0 0 0
11 11 MC3303 0 0 0
11 11 MC3303 0 0 0
11 13 MC6772 0 0 0
11 18 MC2783 0 0 0
11 29 MC7348 0 0 0
11 31 MC2620 0 0 0
12 1 MC1006 0 0 0
12 1 MC1006 0 0 0
12 1 MC1006 0 0 0
12 2 MC419 0 0 0
12 2 MC419 0 0 0
12 2 MC419 0 0 0
12 3 MC3230 0 0 0
12 3 MC3230 1 0 0
12 3 MC3230 0 0 0
12 4 MC7060 0 0 0
12 4 MC7060 0 0 0
12 4 MC7060 0 0 0
12 5 MC6676 0 0 0
12 11 MC3303 0 0 0
12 13 MC6772 0 0 0
12 15 MC9145 0 0 0
12 15 MC9145 0 0 0
12 17 MC9652 0 0 0
12 29 MC7348 0 0 0
12 42 MC316 0 0 0
13 1 MC1006 0 0 0
13 1 MC1006 0 0 0
13 1 MC1006 0 0 0
13 2 MC419 0 0 0
13 3 MC3230 0 0 0
13 3 MC3230 0 0 0
13 3 MC3230 0 0 0
13 3 MC3230 0 0 0
13 4 MC7060 0 0 0
13 4 MC7060 0 0 0
13 4 MC7060 0 0 0
13 4 MC7060 0 0 0
13 5 MC6676 0 0 0
13 5 MC6676 0 0 0
13 9 MC3007 0 0 0
13 12 MC7466 0 0 0
13 12 MC7466 0 0 0
13 13 MC6772 0 0 0
13 13 MC6772 0 0 0
13 17 MC9652 0 0 0
13 17 MC9652 0 0 0
13 20 MC196 0 0 0
13 21 MC6756 0 0 0
13 21 MC6756 0 0 0
13 29 MC7348 0 0 0
13 29 MC7348 0 0 0
14 1 MC1006 0 0 0
14 2 MC419 0 0 0
14 3 MC3230 0 0 0
14 3 MC3230 0 0 0
14 3 MC3230 0 0 0
14 4 MC7060 0 0 0
14 4 MC7060 0 0 0
14 5 MC6676 0 0 0
14 5 MC6676 0 0 0
14 6 MC4091 0 0 0
14 9 MC3007 0 0 0
14 9 MC3007 0 0 0
14 9 MC3007 0 0 0
14 9 MC3007 0 0 0
14 12 MC7466 0 0 0
14 13 MC6772 0 0 0
14 14 MC5516 0 0 0
14 17 MC9652 0 0 0
14 21 MC6756 0 0 0
14 29 MC7348 0 0 0
14 29 MC7348 0 0 0
14 29 MC7348 0 0 0
14 29 MC7348 0 0 0
14 29 MC7348 0 0 0
15 1 MC1006 0 0 0
15 1 MC1006 0 0 0
15 1 MC1006 0 0 0
15 2 MC419 0 0 0
15 2 MC419 0 0 0
15 2 MC419 0 0 0
15 3 MC3230 0 0 0
15 3 MC3230 0 0 0
15 3 MC3230 0 0 0
15 3 MC3230 0 0 0
15 4 MC7060 0 0 0
15 5 MC6676 0 0 0
15 6 MC4091 0 0 0
15 8 MC6384 1 0 1
15 11 MC3303 0 0 0
15 12 MC7466 0 0 0
15 13 MC6772 0 0 0
15 13 MC6772 0 0 0
15 13 MC6772 0 0 0
15 15 MC9145 0 0 0
15 16 MC753 0 0 0
15 17 MC9652 0 0 0
15 19 MC8477 0 0 0
15 29 MC7348 0 0 0
15 29 MC7348 0 0 0
15 29 MC7348 0 0 0
15 39 MC7896 0 0 0
16 1 MC1006 0 0 0
16 1 MC1006 0 0 0
16 2 MC419 0 0 0
16 2 MC419 0 0 0
16 3 MC3230 0 0 0
16 3 MC3230 0 0 0
16 3 MC3230 0 0 0
16 4 MC7060 0 0 0
16 4 MC7060 0 0 0
16 5 MC6676 0 0 0
16 11 MC3303 0 0 0
16 11 MC3303 0 0 0
16 11 MC3303 0 0 0
16 12 MC7466 0 0 0
16 19 MC8477 0 0 0
16 29 MC7348 0 0 0
16 38 MC7858 0 0 0
17 1 MC1006 0 0 0
17 1 MC1006 0 0 0
17 2 MC419 1 0 0
17 2 MC419 0 0 0
17 4 MC7060 0 0 0
17 4 MC7060 0 0 0
17 4 MC7060 0 0 0
17 5 MC6676 0 0 0
17 5 MC6676 0 0 0
17 5 MC6676 0 0 0
17 6 MC4091 0 0 0
17 9 MC3007 0 0 0
17 9 MC3007 0 0 0
17 9 MC3007 0 0 0
17 10 MC5170 0 0 0
17 11 MC3303 0 0 0
17 12 MC7466 0 0 0
17 12 MC7466 0 0 0
17 13 MC6772 0 0 0
17 29 MC7348 0 0 0
17 29 MC7348 0 0 0
17 38 MC7858 0 0 0
17 40 MC5902 0 0 0
17 49 MC6536 0 0 0
18 1 MC1006 0 0 0
18 2 MC419 0 0 0
18 2 MC419 0 0 0
18 3 MC3230 0 0 0
18 3 MC3230 0 0 0
18 4 MC7060 0 0 0
18 4 MC7060 1 0 0
18 4 MC7060 0 0 0
18 5 MC6676 0 0 0
18 5 MC6676 0 0 0
18 6 MC4091 0 0 0
18 11 MC3303 0 0 0
18 12 MC7466 0 0 0
18 20 MC196 0 0 0
18 22 MC4854 0 0 0
18 23 MC6021 0 0 0
18 29 MC7348 0 0 0
18 29 MC7348 0 0 0
18 29 MC7348 0 0 0
18 29 MC7348 0 0 0
18 42 MC316 0 0 0
18 42 MC316 0 0 0
19 1 MC1006 0 0 0
19 1 MC1006 0 0 0
19 1 MC1006 0 0 0
19 2 MC419 0 0 0
19 2 MC419 0 0 0
19 2 MC419 0 0 0
19 3 MC3230 0 0 0
19 3 MC3230 1 0 0
19 3 MC3230 0 0 0
19 4 MC7060 0 0 0
19 5 MC6676 0 0 0
19 5 MC6676 0 0 0
19 11 MC3303 0 0 0
19 12 MC7466 0 0 0
19 16 MC753 0 0 0
19 17 MC9652 0 0 0
19 29 MC7348 0 0 0
19 29 MC7348 0 0 0
19 29 MC7348 0 0 0
19 29 MC7348 0 0 0
19 29 MC7348 0 0 0
19 42 MC316 0 0 0
19 42 MC316 0 0 0
19 49 MC6536 0 0 0
20 1 MC1006 0 0 0
20 1 MC1006 0 0 0
20 2 MC419 0 0 0
20 3 MC3230 0 0 0
20 4 MC7060 0 0 0
20 4 MC7060 0 0 0
20 4 MC7060 0 0 0
20 4 MC7060 0 0 0
20 5 MC6676 0 0 0
20 5 MC6676 0 0 0
20 5 MC6676 0 0 0
20 6 MC4091 0 0 0
20 8 MC6384 0 0 0
20 8 MC6384 0 0 0
20 9 MC3007 0 0 0
20 11 MC3303 0 0 0
20 12 MC7466 0 0 0
20 13 MC6772 0 0 0
20 13 MC6772 0 0 0
20 15 MC9145 0 0 0
20 16 MC753 0 0 0
20 17 MC9652 0 0 0
20 19 MC8477 0 0 0
20 29 MC7348 0 0 0
20 29 MC7348 0 0 0
20 29 MC7348 0 0 0
20 42 MC316 0 0 0
21 1 MC1006 0 0 0
21 1 MC1006 0 0 0
21 2 MC419 0 0 0
21 2 MC419 0 0 0
21 3 MC3230 0 0 0
21 3 MC3230 0 0 0
21 3 MC3230 0 0 0
21 4 MC7060 0 0 0
21 4 MC7060 0 0 0
21 5 MC6676 0 0 0
21 5 MC6676 0 0 0
21 6 MC4091 0 0 0
21 6 MC4091 0 0 0
21 12 MC7466 0 0 0
21 14 MC5516 0 0 0
21 15 MC9145 0 0 0
21 16 MC753 0 0 0
21 22 MC4854 0 0 0
21 27 MC7204 0 0 0
21 29 MC7348 0 0 0
21 29 MC7348 0 0 0
21 29 MC7348 0 0 0
21 42 MC316 0 0 0
21 42 MC316 0 0 0
22 1 MC1006 0 0 0
22 1 MC1006 0 0 0
22 1 MC1006 0 0 0
22 2 MC419 0 0 0
22 2 MC419 0 0 0
22 2 MC419 0 0 0
22 2 MC419 0 0 0
22 3 MC3230 0 0 0
22 4 MC7060 0 0 0
22 4 MC7060 0 0 0
22 4 MC7060 0 0 0
22 4 MC7060 0 0 0
22 5 MC6676 0 0 0
22 5 MC6676 0 0 0
22 9 MC3007 0 0 0
22 13 MC6772 0 0 0
22 18 MC2783 0 0 0
22 29 MC7348 0 0 0
22 29 MC7348 0 0 0
22 29 MC7348 0 0 0
22 29 MC7348 0 0 0
22 29 MC7348 0 0 0
23 1 MC1006 0 0 0
23 1 MC1006 0 0 0
23 2 MC419 0 0 0
23 2 MC419 0 0 0
23 2 MC419 0 0 0
23 3 MC3230 0 0 0
23 3 MC3230 0 0 0
23 3 MC3230 0 0 0
23 4 MC7060 0 0 0
23 4 MC7060 0 0 0
23 5 MC6676 0 0 0
23 5 MC6676 0 0 0
23 6 MC4091 0 0 0
23 7 MC1200 0 0 0
23 12 MC7466 0 0 0
23 19 MC8477 0 0 0
23 19 MC8477 0 0 0
23 29 MC7348 0 0 0
23 29 MC7348 0 0 0
23 29 MC7348 0 0 0
23 42 MC316 0 0 0
23 44 MC4053 0 0 1
24 1 MC1006 0 0 0
24 1 MC1006 0 0 0
24 1 MC1006 0 0 0
24 1 MC1006 0 0 0
24 2 MC419 0 0 0
24 2 MC419 0 0 0
24 2 MC419 0 0 0
24 3 MC3230 0 0 0
24 3 MC3230 0 0 0
24 3 MC3230 0 0 0
24 4 MC7060 0 0 0
24 4 MC7060 0 0 0
24 4 MC7060 0 0 0
24 4 MC7060 0 0 0
24 5 MC6676 0 0 0
24 9 MC3007 0 0 0
24 9 MC3007 0 0 0
24 9 MC3007 0 0 0
24 11 MC3303 0 0 0
24 12 MC7466 0 0 0
24 14 MC5516 0 0 0
24 17 MC9652 0 0 0
24 18 MC2783 0 0 0
24 29 MC7348 0 0 0
24 29 MC7348 0 0 0
24 29 MC7348 0 0 0
24 42 MC316 0 0 0
25 1 MC1006 0 0 0
25 2 MC419 0 0 0
25 2 MC419 0 0 0
25 2 MC419 0 0 0
25 3 MC3230 0 0 0
25 3 MC3230 0 0 0
25 3 MC3230 1 0 0
25 4 MC7060 0 0 0
25 4 MC7060 0 0 0
25 5 MC6676 0 0 0
25 6 MC4091 0 0 0
25 8 MC6384 0 0 0
25 9 MC3007 0 0 0
25 12 MC7466 0 0 0
25 12 MC7466 0 0 0
25 12 MC7466 0 0 0
25 13 MC6772 0 0 0
25 13 MC6772 0 0 0
25 14 MC5516 0 0 0
25 15 MC9145 0 0 0
25 17 MC9652 0 0 0
25 18 MC2783 0 0 0
25 19 MC8477 0 0 0
25 19 MC8477 0 0 0
25 29 MC7348 0 0 0
25 40 MC5902 0 0 0
25 42 MC316 0 0 0
26 1 MC1006 0 0 0
26 1 MC1006 0 0 0
26 3 MC3230 0 0 0
26 3 MC3230 0 0 0
26 4 MC7060 1 0 0
26 4 MC7060 0 0 0
26 5 MC6676 0 0 0
26 5 MC6676 0 0 0
26 5 MC6676 0 0 0
26 6 MC4091 0 0 0
26 6 MC4091 0 0 0
26 7 MC1200 0 0 0
26 9 MC3007 0 0 0
26 9 MC3007 0 0 0
26 10 MC5170 0 0 0
26 11 MC3303 0 0 0
26 12 MC7466 0 0 0
26 13 MC6772 0 0 0
26 13 MC6772 0 0 0
26 24 MC772 0 0 0
26 29 MC7348 0 0 0
26 29 MC7348 0 0 0
26 29 MC7348 0 0 0
26 29 MC7348 0 0 0
26 29 MC7348 0 0 0
26 42 MC316 0 0 0
27 1 MC1006 0 0 0
27 2 MC419 0 0 0
27 2 MC419 0 0 0
27 2 MC419 0 0 0
27 3 MC3230 1 0 0
27 3 MC3230 0 0 0
27 3 MC3230 0 0 0
27 4 MC7060 0 0 0
27 4 MC7060 0 0 0
27 5 MC6676 0 0 0
27 9 MC3007 0 0 0
27 11 MC3303 0 0 0
27 12 MC7466 0 0 0
27 16 MC753 0 0 0
27 17 MC9652 0 0 0
27 20 MC196 0 0 0
27 28 MC6348 0 0 0
27 29 MC7348 0 0 0
27 29 MC7348 0 0 0
27 42 MC316 0 0 0
27 43 MC186 0 0 1
28 1 MC1006 0 0 0
28 1 MC1006 0 0 0
28 2 MC419 0 0 0
28 3 MC3230 0 0 0
28 3 MC3230 0 0 0
28 4 MC7060 0 0 0
28 4 MC7060 0 0 0
28 9 MC3007 0 0 0
28 11 MC3303 0 0 0
28 11 MC3303 0 0 0
28 11 MC3303 0 0 0
28 13 MC6772 0 0 0
28 16 MC753 0 0 0
28 17 MC9652 0 0 0
28 29 MC7348 0 0 0
28 29 MC7348 0 0 0
28 42 MC316 0 0 0
28 42 MC316 0 0 0
29 1 MC1006 0 0 0
29 2 MC419 0 0 0
29 2 MC419 0 0 0
29 3 MC3230 0 0 0
29 4 MC7060 0 0 0
29 4 MC7060 0 0 0
29 5 MC6676 0 0 0
29 5 MC6676 0 0 0
29 6 MC4091 0 0 0
29 8 MC6384 0 0 0
29 9 MC3007 0 0 0
29 9 MC3007 0 0 0
29 12 MC7466 0 0 0
29 15 MC9145 0 0 0
29 17 MC9652 0 0 0
29 29 MC7348 0 0 0
29 29 MC7348 0 0 0
29 29 MC7348 0 0 0
29 29 MC7348 0 0 0
29 30 MC5431 0 0 0
29 49 MC6536 0 0 0
30 1 MC1006 0 0 0
30 1 MC1006 0 0 0
30 1 MC1006 0 0 0
30 2 MC419 0 0 0
30 3 MC3230 0 0 0
30 3 MC3230 0 0 0
30 3 MC3230 0 0 0
30 4 MC7060 0 0 0
30 4 MC7060 0 0 0
30 5 MC6676 0 0 0
30 5 MC6676 0 0 0
30 9 MC3007 0 0 0
30 12 MC7466 0 0 0
30 13 MC6772 0 0 0
30 17 MC9652 0 0 0
30 17 MC9652 0 0 0
30 20 MC196 0 0 0
30 25 MC7185 0 0 0
30 29 MC7348 0 0 0
30 29 MC7348 0 0 0
31 1 MC1006 0 0 0
31 1 MC1006 0 0 0
31 2 MC419 0 0 0
31 2 MC419 0 0 0
31 2 MC419 0 0 0
31 2 MC419 0 0 0
31 3 MC3230 0 0 0
31 3 MC3230 0 0 0
31 4 MC7060 0 0 0
31 4 MC7060 0 0 0
31 4 MC7060 0 0 0
31 9 MC3007 0 0 0
31 11 MC3303 0 0 0
31 11 MC3303 0 0 0
31 13 MC6772 0 0 0
31 13 MC6772 0 0 0
31 17 MC9652 0 0 0
31 23 MC6021 0 0 0
31 26 MC1947 0 0 0
31 27 MC7204 0 0 0
31 29 MC7348 0 0 0
31 29 MC7348 0 0 0
31 29 MC7348 0 0 0
31 42 MC316 0 0 0
32 1 MC1006 0 0 0
32 1 MC1006 0 0 0
32 1 MC1006 0 0 0
32 1 MC1006 0 0 0
32 2 MC419 0 0 0
32 3 MC3230 0 0 0
32 4 MC7060 0 0 0
32 4 MC7060 1 0 0
32 5 MC6676 0 0 0
32 5 MC6676 0 0 0
32 9 MC3007 0 0 0
32 9 MC3007 0 0 0
32 12 MC7466 0 0 0
32 17 MC9652 0 0 0
32 18 MC2783 0 0 0
32 23 MC6021 1 0 1
32 29 MC7348 0 0 0
32 29 MC7348 0 0 0
32 29 MC7348 0 0 0
32 29 MC7348 0 0 0
32 29 MC7348 0 0 0
32 42 MC316 0 0 0
33 1 MC1006 0 0 0
33 1 MC1006 0 0 0
33 2 MC419 0 0 0
33 3 MC3230 0 0 0
33 3 MC3230 0 0 0
33 3 MC3230 0 0 0
33 4 MC7060 0 0 0
33 4 MC7060 0 0 0
33 4 MC7060 0 0 0
33 5 MC6676 0 0 0
33 5 MC6676 0 0 0
33 5 MC6676 0 0 0
33 6 MC4091 0 0 0
33 9 MC3007 0 0 0
33 9 MC3007 0 0 0
33 9 MC3007 0 0 0
33 11 MC3303 0 0 0
33 12 MC7466 0 0 0
33 14 MC5516 0 0 0
33 17 MC9652 0 0 0
33 42 MC316 0 0 0
33 42 MC316 0 0 0
34 1 MC1006 0 0 0
34 2 MC419 0 0 0
34 2 MC419 0 0 0
34 3 MC3230 0 0 0
34 3 MC3230 0 0 0
34 4 MC7060 0 0 0
34 5 MC6676 0 0 0
34 6 MC4091 0 0 0
34 13 MC6772 0 0 0
34 20 MC196 0 0 0
34 27 MC7204 0 0 0
34 29 MC7348 0 0 0
34 29 MC7348 0 0 0
34 29 MC7348 0 0 0
34 29 MC7348 0 0 0
34 42 MC316 0 0 0
34 42 MC316 0 0 0
35 1 MC1006 0 0 0
35 1 MC1006 0 0 0
35 3 MC3230 1 0 0
35 3 MC3230 0 0 0
35 4 MC7060 0 0 0
35 4 MC7060 0 0 0
35 4 MC7060 0 0 0
35 4 MC7060 0 0 0
35 6 MC4091 0 0 0
35 9 MC3007 0 0 0
35 9 MC3007 0 0 0
35 9 MC3007 0 0 0
35 14 MC5516 0 0 0
35 14 MC5516 0 0 0
35 15 MC9145 0 0 0
35 16 MC753 0 0 0
35 17 MC9652 0 0 0
35 18 MC2783 0 0 0
35 21 MC6756 0 0 0
35 27 MC7204 0 0 0
35 29 MC7348 0 0 0
35 29 MC7348 0 0 0
35 29 MC7348 0 0 0
35 42 MC316 0 0 0
35 42 MC316 0 0 0
36 1 MC1006 0 0 0
36 3 MC3230 0 0 0
36 3 MC3230 0 0 0
36 4 MC7060 0 0 0
36 4 MC7060 0 0 0
36 5 MC6676 0 0 0
36 5 MC6676 0 0 0
36 5 MC6676 0 0 0
36 9 MC3007 0 0 0
36 9 MC3007 0 0 0
36 12 MC7466 0 0 0
36 12 MC7466 0 0 0
36 13 MC6772 0 0 0
36 29 MC7348 0 0 0
36 29 MC7348 0 0 0
36 29 MC7348 0 0 0
36 29 MC7348 0 0 0
36 29 MC7348 0 0 0
36 42 MC316 0 0 0
37 1 MC1006 0 0 0
37 2 MC419 0 0 0
37 2 MC419 0 0 0
37 3 MC3230 0 0 0
37 3 MC3230 0 0 0
37 3 MC3230 0 0 0
37 3 MC3230 1 0 0
37 4 MC7060 0 0 0
37 4 MC7060 0 0 0
37 4 MC7060 0 0 0
37 5 MC6676 0 0 0
37 5 MC6676 0 0 0
37 6 MC4091 0 0 0
37 9 MC3007 0 0 0
37 11 MC3303 0 0 0
37 11 MC3303 0 0 0
37 29 MC7348 0 0 0
37 29 MC7348 0 0 0
37 29 MC7348 0 0 0
37 29 MC7348 0 0 0
37 29 MC7348 0 0 0
37 29 MC7348 0 0 0
37 29 MC7348 0 0 0
37 31 MC2620 0 0 0
37 40 MC5902 0 0 0
37 42 MC316 0 0 0
37 42 MC316 0 0 0
37 42 MC316 0 0 0
38 1 MC1006 0 0 0
38 1 MC1006 0 0 0
38 1 MC1006 0 0 0
38 2 MC419 0 0 0
38 2 MC419 0 0 0
38 3 MC3230 0 0 0
38 3 MC3230 0 0 0
38 4 MC7060 0 0 0
38 4 MC7060 0 0 0
38 4 MC7060 0 0 0
38 4 MC7060 0 0 0
38 5 MC6676 0 0 0
38 5 MC6676 0 0 0
38 12 MC7466 0 0 0
38 12 MC7466 0 0 0
38 13 MC6772 0 0 0
38 13 MC6772 0 0 0
38 13 MC6772 0 0 0
38 13 MC6772 0 0 0
38 25 MC7185 0 0 0
38 29 MC7348 0 0 0
38 29 MC7348 0 0 0
38 29 MC7348 0 0 0
38 40 MC5902 1 0 0
39 1 MC1006 0 0 0
39 1 MC1006 0 0 0
39 1 MC1006 0 0 0
39 2 MC419 0 0 0
39 2 MC419 0 0 0
39 3 MC3230 0 0 0
39 3 MC3230 0 0 0
39 3 MC3230 1 0 0
39 4 MC7060 0 0 0
39 4 MC7060 0 0 0
39 4 MC7060 0 0 0
39 5 MC6676 0 0 0
39 5 MC6676 0 0 0
39 9 MC3007 0 0 0
39 9 MC3007 0 0 0
39 9 MC3007 0 0 0
39 9 MC3007 0 0 0
39 13 MC6772 0 0 0
39 14 MC5516 0 0 0
39 20 MC196 0 0 0
39 21 MC6756 0 0 0
39 29 MC7348 0 0 0
39 29 MC7348 0 0 0
39 29 MC7348 0 0 0
40 1 MC1006 0 0 0
40 2 MC419 0 0 0
40 2 MC419 0 0 0
40 4 MC7060 0 0 0
40 4 MC7060 0 0 0
40 9 MC3007 0 0 0
40 9 MC3007 0 0 0
40 10 MC5170 0 0 0
40 11 MC3303 0 0 0
40 11 MC3303 0 0 0
40 12 MC7466 0 0 0
40 13 MC6772 0 0 0
40 16 MC753 0 0 0
40 17 MC9652 0 0 0
40 29 MC7348 0 0 0
40 29 MC7348 0 0 0
40 29 MC7348 0 0 0
40 29 MC7348 0 0 0
40 29 MC7348 0 0 0
40 29 MC7348 0 0 0
40 34 MC733 0 0 0
40 49 MC6536 0 0 0
41 1 MC1006 0 0 0
41 2 MC419 0 0 0
41 3 MC3230 0 0 0
41 4 MC7060 0 0 0
41 4 MC7060 0 0 0
41 4 MC7060 0 0 0
41 5 MC6676 0 0 0
41 5 MC6676 0 0 0
41 6 MC4091 0 0 0
41 6 MC4091 0 0 0
41 9 MC3007 1 0 0
41 11 MC3303 0 0 0
41 15 MC9145 0 0 0
41 16 MC753 0 0 0
41 16 MC753 0 0 0
41 27 MC7204 0 0 0
41 28 MC6348 1 0 0
41 29 MC7348 0 0 0
41 29 MC7348 0 0 0
41 29 MC7348 0 0 0
41 31 MC2620 0 0 0
42 1 MC1006 0 0 0
42 1 MC1006 0 0 0
42 2 MC419 0 0 0
42 2 MC419 0 0 0
42 3 MC3230 0 0 0
42 3 MC3230 0 0 0
42 3 MC3230 0 0 0
42 4 MC7060 0 0 0
42 4 MC7060 0 0 0
42 5 MC6676 0 0 0
42 6 MC4091 0 0 0
42 9 MC3007 0 0 0
42 9 MC3007 0 0 0
42 9 MC3007 0 0 0
42 12 MC7466 0 0 0
42 12 MC7466 0 0 0
42 13 MC6772 0 0 0
42 15 MC9145 0 0 0
42 17 MC9652 0 0 0
42 26 MC1947 0 0 0
42 29 MC7348 0 0 0
42 29 MC7348 0 0 0
42 38 MC7858 0 0 0
42 42 MC316 0 0 0
43 1 MC1006 0 0 0
43 1 MC1006 0 0 0
43 2 MC419 0 0 0
43 2 MC419 0 0 0
43 3 MC3230 0 0 0
43 4 MC7060 0 0 0
43 4 MC7060 0 0 0
43 5 MC6676 0 0 0
43 5 MC6676 0 0 0
43 6 MC4091 0 0 0
43 9 MC3007 0 0 0
43 11 MC3303 0 0 0
43 13 MC6772 0 0 0
43 13 MC6772 0 0 0
43 14 MC5516 0 0 0
43 15 MC9145 0 0 0
43 24 MC772 1 0 0
43 29 MC7348 0 0 0
43 29 MC7348 0 0 0
43 29 MC7348 0 0 0
43 29 MC7348 0 0 0
43 29 MC7348 0 0 0
43 29 MC7348 0 0 0
43 42 MC316 0 0 0
43 42 MC316 0 0 0
44 1 MC1006 0 0 0
44 1 MC1006 0 0 0
44 2 MC419 0 0 0
44 2 MC419 0 0 0
44 3 MC3230 0 0 0
44 3 MC3230 1 0 0
44 4 MC7060 0 0 0
44 4 MC7060 0 0 0
44 5 MC6676 0 0 0
44 5 MC6676 0 0 0
44 7 MC1200 0 0 0
44 9 MC3007 0 0 0
44 10 MC5170 0 0 0
44 15 MC9145 0 0 0
44 17 MC9652 0 0 0
44 17 MC9652 0 0 0
44 18 MC2783 0 0 0
44 22 MC4854 0 0 0
44 23 MC6021 0 0 0
44 29 MC7348 0 0 0
44 29 MC7348 0 0 0
44 29 MC7348 0 0 0
44 29 MC7348 0 0 0
44 29 MC7348 0 0 0
44 39 MC7896 0 0 0
44 49 MC6536 0 0 1
44 49 MC6536 0 0 1
44 49 MC6536 0 0 0
45 1 MC1006 0 0 0
45 1 MC1006 0 0 0
45 1 MC1006 0 0 0
45 2 MC419 0 0 0
45 2 MC419 0 0 0
45 2 MC419 0 0 0
45 3 MC3230 0 0 0
45 3 MC3230 0 0 0
45 4 MC7060 0 0 0
