75 50
93981
48313
330994
247183
291617
249734
81793
212230
114975
249714
45945
273732
379349
222811
152524
115934
60827
307687
148122
176538
62663
147442
186309
205329
236657
67083
198639
151031
379969
350188
154970
190302
114853
202316
153836
6469
168401
235628
218699
283376
201694
380995
157107
181042
203805
25982
13327
264631
333668
161449
157521
112682
308890
343829
318010
261898
127264
233000
12929
107232
183188
167898
13885
14392
86565
167720
20860
254966
119700
355910
138341
321393
336905
295447
218786
57061 5 12 19 48 10 66
284130 6 19 64 1 32 39 29
6591 4 4 27 19 43
104547 4 33 46 40 25
61990 2 49 75
552506 5 11 51 49 73 41
479253 1 37
197744 1 45
232882 4 12 34 10 39
232979 2 35 56
224814 6 72 63 21 67 36 25
357539 4 75 40 56 41
264619 5 54 62 57 23 45
500613 2 55 49
212248 5 54 9 41 17 65
9187 3 62 29 17
406183 2 8 41
340829 2 74 46
463040 3 24 29 12
116372 4 51 58 53 24
223532 1 3
6715 5 71 6 39 52 67
33044 4 26 73 53 66
482051 6 41 49 65 20 72 70
499658 5 68 59 2 22 10
13558 5 49 37 34 54 75
493412 4 20 32 47 17
94809 6 19 9 55 67 51 41
135870 5 60 14 19 39 12
471227 3 47 40 74
244358 5 29 59 36 51 3
210143 5 71 53 65 66 39
221647 2 14 49
53400 2 9 36
122651 6 51 37 29 1 8 45
370424 6 71 4 50 31 52 75
278055 6 30 71 15 68 69 49
446908 1 25
162669 3 60 19 55
198463 5 8 13 40 29 63
105707 3 66 6 31
147397 2 8 28
475783 1 75
21447 6 46 22 40 65 33 17
150158 4 71 20 9 55
292509 6 8 71 4 38 62 16
395811 3 23 40 3
484311 1 52
67616 4 73 5 74 44
123412 6 28 65 63 47 73 42
