35 30
130
73
653
1225
1476
1023
281
63
156
140
1020
184
1317
1086
1039
332
192
372
1127
335
1025
1046
527
1285
841
434
193
684
565
1411
117
694
335
1121
771
663 6 31 30 35 29 17 18
579 1 10
372 6 3 28 12 23 20 22
155 2 34 30
685 1 7
628 3 24 18 9
24 4 3 5 24 8
213 5 19 17 5 15 25
407 6 1 7 27 22 26 16
412 2 25 7
76 1 1
604 4 9 13 34 24
654 6 31 26 17 14 19 21
31 2 28 13
746 1 16
459 6 31 16 10 21 34 25
712 6 29 20 18 8 11 17
350 3 33 6 19
584 5 4 23 24 10 3
329 2 10 34
79 1 10
208 4 8 3 27 20
622 5 30 13 26 7 23
311 2 18 17
640 5 26 19 1 24 5
710 4 12 21 30 6
313 2 20 32
139 4 7 35 6 9
164 5 4 33 22 15 3
682 1 28
