40 75
6042
12293
7464
7395
207
14372
5495
7959
9738
2764
8124
10485
1557
4776
12575
2546
1284
4417
3331
314
389
8952
12531
14464
3888
9531
10783
5752
7106
5319
7840
13147
8963
6655
11894
521
12378
2388
8479
7116
4004 3 32 20 10
6526 1 5
2294 3 38 3 40
998 2 10 40
5229 4 30 20 14 33
2427 3 33 4 7
2764 3 30 26 22
7241 3 19 37 31
7393 4 21 35 33 20
3572 2 22 4
1131 1 33
5550 2 17 16
521 2 20 7
5965 2 28 2
4624 4 28 34 24 10
966 3 22 12 20
382 4 1 15 19 11
3463 3 33 36 12
1428 4 13 19 26 37
5461 1 30
1436 4 17 29 24 18
3475 2 40 18
4893 1 33
314 3 3 16 21
6778 4 8 9 36 13
5006 1 1
1818 2 30 33
7093 2 14 8
1435 4 2 6 37 14
3998 2 19 36
2444 3 8 21 34
1216 1 1
7443 1 19
3783 1 16
3968 2 1 33
4159 2 32 26
6113 1 31
2769 3 21 10 17
5568 2 3 8
2178 1 23
5319 1 17
1371 3 31 36 23
3139 1 15
4403 4 28 14 13 20
1159 3 40 37 15
562 1 15
2167 4 22 24 36 34
4344 4 5 31 2 32
6553 4 8 27 6 20
3831 1 18
5086 4 6 32 9 10
506 3 17 19 3
452 2 36 17
6972 2 11 23
670 2 23 8
4400 1 5
1299 4 21 28 17 25
5940 1 34
6446 3 3 24 17
4586 2 5 33
666 4 10 16 11 31
170 1 30
4569 1 34
4719 4 6 38 24 34
2662 4 14 7 21 28
6629 4 37 7 25 33
3299 3 20 9 38
1402 3 39 6 21
2567 3 6 17 30
1592 2 14 37
1927 1 10
3274 1 37
1254 4 25 40 21 17
7119 3 37 39 32
5318 1 23
