25 30
35
521
522
147
758
159
674
649
282
304
18
237
736
178
294
665
275
16
527
677
301
281
494
268
128
298 3 9 16 7
49 2 3 22
350 5 6 23 10 12 4
354 5 14 6 18 4 10
357 4 11 12 5 3
317 4 23 25 21 4
148 3 8 22 24
169 2 22 6
215 2 9 14
365 5 6 20 22 17 2
380 2 15 9
207 3 14 6 10
285 1 9
82 4 5 14 6 3
369 5 6 5 8 23 21
215 2 17 7
170 3 10 12 9
16 4 22 21 3 6
32 4 14 2 18 21
390 4 23 11 20 4
290 3 1 12 19
294 3 25 16 10
77 3 2 22 7
248 2 12 6
15 1 7
232 1 23
282 5 8 2 25 24 6
202 5 24 21 14 13 16
210 4 25 11 12 6
383 3 18 15 4
