70 75
9936
787
3822
6171
2562
5786
8663
9257
2218
1184
4434
2101
3528
3399
9044
8143
3858
2227
1863
5507
1983
617
9143
82
7491
385
3154
6059
3794
3935
8205
3729
1073
2026
6251
3634
4163
1266
2891
6381
2449
3676
8481
2328
7074
7524
471
7283
6102
2333
2789
8084
9301
8284
4518
3143
8668
7671
5554
2462
7958
3758
2542
9030
2136
5145
2664
6298
6410
1906
4030 1 31
2510 1 16
1385 1 58
2487 1 39
1922 1 64
1439 3 21 52 43
2544 1 51
1438 3 8 4 63
3637 3 70 57 66
1652 2 24 57
1561 3 57 69 47
3725 3 32 18 69
1782 3 50 34 36
3990 2 15 17
1715 2 22 62
4182 1 48
2789 1 35
3932 2 47 6
927 3 53 1 37
626 2 35 29
3660 1 5
2777 2 42 1
2633 2 18 56
3428 3 19 67 29
533 1 32
3163 2 38 60
1708 2 2 54
219 3 30 40 53
2077 3 51 61 15
2351 2 43 10
4141 1 12
4051 1 52
4583 3 13 6 16
3692 3 33 23 20
4519 3 63 58 3
2107 1 46
1127 2 2 17
1994 1 38
1135 1 49
185 3 30 68 20
1413 3 35 34 21
2669 2 52 37
3244 1 37
2076 3 21 33 68
479 1 26
2473 1 64
4959 3 54 35 33
3504 1 64
1268 1 28
2723 3 36 53 2
915 2 46 51
2781 2 13 45
2637 3 21 53 3
22 2 33 49
2823 1 23
1326 2 16 63
4429 2 48 33
4130 1 47
4836 3 39 68 66
361 2 22 23
3075 2 38 56
4065 1 35
1888 1 69
4565 3 15 10 8
3239 3 67 31 16
2798 1 13
4525 2 11 42
987 3 64 2 11
1101 3 66 36 38
502 3 47 41 49
3244 1 58
1811 2 44 29
4058 1 16
3906 1 63
4533 2 34 21
