75 75
3512
76406
120325
44948
110888
109373
96935
112415
122592
66602
94969
108166
56213
74007
10358
63488
109879
139824
108219
22229
129402
33312
11808
129724
56326
21905
5903
141025
23570
135969
87211
108177
64083
59243
4833
107774
20323
101767
71897
75718
101172
99669
116687
9092
106480
59848
5383
68066
132476
113601
23098
113585
79717
116002
27820
68846
137906
33722
142674
13183
21399
81592
54164
18285
73639
58996
58862
26765
93566
63562
35287
46445
14939
3681
136632
121418 3 71 57 53
40127 4 21 7 45 15
121492 2 46 13
48693 2 16 58
60930 3 50 38 52
39928 5 63 34 61 23 4
37024 2 74 68
44897 2 4 72
107910 4 63 42 6 34
62591 4 69 23 34 57
114082 5 19 18 40 23 5
58839 1 4
147449 6 27 52 42 3 51 45
11785 4 69 39 22 74
137783 1 27
112710 4 60 1 41 44
88725 5 8 18 16 57 3
852 6 75 22 63 41 25 15
134547 5 70 55 68 17 31
56601 3 34 38 21
94950 5 38 39 33 49 47
120662 1 5
22136 5 16 29 6 55 46
103348 1 32
18252 5 63 52 57 70 3
39818 3 1 24 46
106202 5 55 64 10 29 52
70854 1 36
117762 5 42 39 56 48 9
84063 3 26 52 60
138251 4 31 62 51 39
26452 5 61 1 40 64 70
121866 2 61 28
131081 6 38 19 60 71 44 45
88976 1 71
146160 4 54 35 43 40
96176 4 3 61 20 4
46818 6 44 17 5 61 3 32
80897 3 47 57 8
126391 2 29 2
145178 3 66 65 55
38759 6 71 63 43 74 48 62
9083 1 22
81867 3 4 60 66
76108 5 14 58 56 73 1
27708 5 3 12 27 45 2
102639 4 62 1 33 30
127394 1 16
69280 1 15
83951 1 18
48437 6 29 11 20 12 43 69
135353 5 72 66 23 35 44
130507 3 30 28 15
119430 1 72
23459 2 25 43
14592 5 60 47 71 65 34
34685 1 2
136245 4 55 57 45 4
146890 1 31
117914 2 36 39
46585 1 35
2847 6 37 73 60 26 57 31
114717 2 65 13
24582 4 74 13 55 68
141742 5 59 33 66 31 29
125204 4 32 18 6 39
10262 6 37 3 67 70 33 65
43559 5 2 42 18 75 54
138851 2 23 37
133388 6 46 34 37 75 8 31
92560 4 49 55 7 51
128044 5 61 12 71 59 14
91489 6 65 68 70 73 67 31
75167 4 53 23 11 52
68784 3 59 43 30
