75 75
660747
622346
52391
277073
664751
249100
717959
800752
591706
215963
590717
354281
286835
97690
872191
220297
530820
677006
207653
139148
446380
302123
237900
847195
10376
782456
83449
689022
254678
95645
48870
915424
717990
615464
192497
896945
378768
910455
211902
970473
640622
802619
324754
927457
414513
711149
147754
945332
388156
869611
598684
834535
685938
836583
195935
696313
133244
279383
899540
387921
889231
948409
817549
607221
563873
524251
18372
456846
948910
230273
427319
589533
32892
266278
516990
961608 9 31 4 6 35 34 64 59 46 9
459219 4 47 31 23 66
821372 3 3 17 58
247076 2 13 43
783614 5 31 68 35 19 74
982165 9 4 2 10 68 60 55 53 36 24
125812 10 66 64 7 69 5 17 26 1 59 43
90707 7 13 4 62 11 46 60 66
421017 9 58 9 26 35 21 5 36 64 59
43202 7 42 71 33 30 13 35 8
41727 7 75 39 66 3 25 53 49
265685 4 73 32 3 6
114522 10 27 39 15 74 52 43 41 25 75 70
550378 6 54 9 64 53 25 55
752244 1 9
2962 7 29 55 21 32 60 2 23
971765 7 49 2 16 21 56 26 72
973623 7 7 6 48 71 35 72 27
28801 2 35 49
283397 9 28 31 72 65 9 19 52 26 44
786081 3 45 74 73
466070 6 24 34 54 6 49 41
182807 2 32 24
10533 8 34 52 62 41 25 51 49 43
975829 4 11 58 16 32
210285 10 27 5 66 38 59 71 43 9 36 22
652720 5 45 49 27 55 2
791033 10 26 41 68 45 44 32 4 36 63 67
841790 8 29 1 63 48 9 69 46 45
339290 1 48
584394 4 37 65 74 54
942551 8 75 55 51 15 39 16 17 7
790038 4 35 33 49 7
744123 4 1 64 70 15
409203 9 61 10 32 50 60 63 9 5 39
278296 5 19 55 70 34 48
30703 1 57
198560 10 7 19 17 32 71 57 26 10 70 21
513478 4 52 22 63 16
772270 4 55 47 24 73
474291 3 8 50 19
878162 8 30 49 14 48 42 45 43 1
213797 5 70 44 1 50 73
422755 9 13 29 58 67 52 6 41 54 23
936591 8 18 22 36 48 47 26 72 14
815046 2 14 19
441466 5 40 46 34 37 45
726584 4 73 29 18 26
995825 5 4 11 8 31 28
359769 8 52 53 69 49 43 41 42 33
495069 2 17 75
456415 7 36 3 50 62 52 56 2
820824 10 5 1 74 13 6 57 55 34 48 59
878132 5 25 10 26 36 3
603869 2 29 38
642308 8 1 3 58 56 26 47 38 23
595340 8 4 6 19 37 31 2 66 20
361182 10 22 39 54 24 10 59 38 36 15 73
471481 10 23 18 9 25 40 58 10 43 41 28
712385 1 29
285307 10 32 22 14 71 52 37 5 35 74 17
818833 3 31 70 59
44193 4 1 63 70 18
766918 6 60 63 8 18 58 14
761593 9 22 39 62 17 67 23 74 27 73
188580 1 10
415430 2 68 2
844228 1 64
811333 8 11 15 24 73 74 18 55 64
690083 6 11 73 67 4 64 15
761534 2 64 17
502729 9 16 38 43 17 54 65 57 13 52
326528 4 53 42 54 47
435496 8 6 27 30 55 70 33 44 61
361709 2 50 28
