70 70
3054
547
3168
3521
117
98
2775
1522
2150
3461
3760
361
1964
2121
2861
1716
1578
1169
1013
481
3896
1962
551
3179
2276
3127
2546
2303
3752
3435
2068
2806
333
1588
2326
450
1685
1452
1971
186
912
2082
547
3227
202
3759
942
2131
1279
1954
2611
1174
268
3162
353
2543
2640
3250
845
2392
3036
3265
1549
3369
852
3874
170
2888
1325
2492
1074 1 64
1972 1 45
1730 1 46
1009 2 48 14
1329 1 16
223 1 47
1068 2 43 42
664 1 5
889 2 14 35
1903 1 63
476 2 8 3
252 2 60 70
1489 1 25
818 2 53 52
1184 1 29
299 1 12
962 1 28
202 2 42 26
299 2 19 46
522 2 48 43
1313 1 54
1153 2 8 60
1477 2 54 12
1779 2 60 31
1314 1 56
341 2 63 34
1589 1 14
1507 1 45
1096 2 29 48
1695 2 1 52
1049 2 30 9
1595 1 39
119 2 11 44
1834 2 36 17
719 2 25 11
1815 2 9 11
1199 1 39
1959 1 50
1871 2 10 14
701 2 11 1
1638 1 42
599 2 17 16
779 1 16
100 1 27
1914 2 35 14
905 1 52
1215 1 43
1085 2 53 40
174 2 62 36
382 2 19 42
765 1 57
1896 1 3
1995 2 41 1
1141 1 14
45 2 8 39
620 2 65 34
1266 1 57
10 2 23 31
990 1 14
106 2 70 43
754 2 40 21
1094 2 32 13
665 2 60 14
1689 1 6
383 2 61 19
233 2 69 37
222 2 19 67
1647 2 67 10
580 2 49 12
1668 2 55 30
