75 75
739964
461291
483851
735642
886833
102505
951287
261055
24147
963839
511674
976096
921473
247652
149032
483190
793365
61939
638304
261453
390654
285907
724307
820415
348429
454591
629793
746084
884690
238291
909605
138859
213787
393456
874500
100620
495960
339993
361674
520106
303832
873347
10407
739509
120999
159438
736903
428568
735580
375207
690021
640438
175319
928532
975058
37952
383124
604851
784035
782018
843142
207845
920877
56929
601300
309582
671752
97260
649574
547631
131570
467610
420978
141976
207119
56748 6 11 22 71 18 66 49
509206 9 46 74 57 28 56 49 19 10 3
714808 1 57
1400357 6 14 29 46 36 20 21
394937 3 61 64 52
448748 8 19 6 47 27 51 45 8 4
1129117 7 74 11 36 41 34 69 59
630201 8 64 6 20 8 3 72 38 63
1097366 4 21 19 32 3
1034321 9 31 11 43 13 24 61 75 37 26
1007122 5 61 45 14 26 28
1374316 4 30 71 70 66
440395 2 62 17
427017 1 75
913163 7 43 11 51 72 50 4 74
17375 6 37 6 1 62 10 11
1157569 2 17 67
1051793 2 52 54
660796 9 24 21 45 25 59 64 12 34 32
1221891 5 12 59 21 74 20
259363 5 58 13 62 55 6
528595 1 68
135222 3 23 31 16
580573 8 60 48 11 49 36 21 57 45
473109 3 44 75 6
991190 2 18 6
371283 9 60 7 68 45 6 16 75 21 39
1201691 2 63 66
218127 3 11 63 43
573501 8 23 47 1 22 52 72 56 69
643613 1 69
841782 4 39 7 4 54
1318070 6 69 62 58 56 53 64
1283525 10 52 23 9 61 45 55 38 67 31 34
254469 7 12 39 47 49 15 10 32
733709 5 15 71 33 54 53
416259 6 18 45 47 46 67 33
4860 3 12 68 56
862428 3 4 21 14
190202 4 39 57 31 71
169392 5 62 23 5 40 52
699770 7 70 15 19 17 58 51 48
1201243 9 17 51 58 20 55 10 74 24 49
1073792 9 21 59 25 7 6 47 58 52 70
1468718 6 13 46 49 40 18 21
471803 6 48 38 30 4 18 17
207017 3 42 10 48
309953 9 72 45 75 55 68 34 31 63 21
1150565 3 46 17 27
814755 5 37 39 57 44 42
1078 5 21 68 26 30 17
371237 5 66 10 51 45 3
537402 10 65 49 20 41 58 43 57 9 33 53
165187 8 12 65 67 39 26 64 32 28
278040 3 16 70 15
90252 5 59 5 31 58 69
1469863 10 11 38 22 45 46 31 68 4 10 34
990606 9 37 35 57 64 29 6 75 21 59
628307 9 63 52 62 33 41 43 70 39 12
296953 9 11 62 49 20 45 33 31 26 22
443049 2 3 36
393272 1 57
1081414 10 11 18 57 43 35 24 14 73 13 31
1349855 3 17 19 14
692535 4 46 44 66 5
1446140 6 41 50 8 74 7 32
250021 4 13 51 36 14
49855 8 3 72 1 25 66 70 20 4
291532 10 26 51 70 56 49 17 73 24 25 71
334069 3 5 7 46
40634 2 36 73
212328 3 47 29 39
253701 8 35 40 30 20 42 58 47 36
54131 10 53 12 20 54 7 3 11 63 10 33
780782 1 68
