35 50
185
351
113
699
1014
348
1471
1063
1457
1622
588
1680
440
1873
284
1655
621
655
972
857
693
319
96
506
1892
1766
449
1068
641
472
1284
825
1174
1396
1523
540 4 20 32 2 27
190 3 31 22 6
412 2 27 13
890 1 8
985 2 24 16
870 3 13 8 5
567 2 17 7
757 1 3
359 4 29 25 12 1
313 4 35 21 33 24
235 3 32 34 20
355 1 11
718 3 30 27 8
405 3 26 32 12
349 1 18
600 3 30 17 16
556 1 13
915 3 2 26 29
538 4 19 21 9 34
175 4 2 34 32 11
400 2 34 30
342 2 2 23
170 3 3 5 9
153 3 3 29 1
531 4 23 27 31 25
865 4 3 25 16 14
485 3 21 33 28
527 2 4 16
770 2 24 27
549 2 32 19
764 4 6 25 34 14
496 1 33
445 2 13 29
593 1 29
68 2 33 11
83 1 27
205 2 27 6
30 3 15 34 6
81 4 7 24 29 10
754 3 14 5 15
923 3 23 13 22
761 1 9
843 1 12
47 2 16 5
468 2 19 8
112 2 23 34
806 2 8 11
964 4 15 11 5 24
745 3 10 15 3
225 4 24 7 21 19
