75 75
381439
331261
42665
96340
400041
22438
452791
244717
26764
7106
151216
357013
55877
39338
73772
332704
480807
43916
192256
157166
458156
419881
1447
464981
447118
389769
422163
457584
488045
450516
351434
369483
281776
394098
482174
198168
432887
434964
459236
476002
458422
110452
349367
14298
166141
439490
347001
146947
499757
55608
320465
457912
491840
338263
439245
438957
228031
377759
396540
232427
344626
247974
101910
142753
158423
100435
340921
107662
51751
300156
83663
10172
426959
433029
40821
93100 5 48 23 26 32 64
346538 1 1
302134 2 57 17
319818 3 19 68 69
433621 3 56 16 4
428731 4 68 4 57 49
746074 1 43
666598 1 69
392729 4 8 51 70 41
283977 3 34 21 62
95602 4 33 22 8 13
320115 1 43
411163 5 46 69 28 71 52
549896 3 57 41 73
667550 3 48 21 65
545676 3 75 48 35
623953 3 44 26 45
601331 5 32 23 52 12 45
96323 1 17
652949 3 9 32 28
375658 1 52
121005 4 18 57 51 17
365204 2 44 67
703980 2 13 62
12461 5 61 40 33 30 62
587223 1 37
488811 1 68
166465 3 50 17 19
734828 4 52 29 28 58
563017 3 26 74 19
571313 5 7 46 39 52 32
588364 3 68 24 30
451260 5 20 11 56 15 64
547717 4 69 71 26 60
348418 1 58
81414 3 20 45 72
452315 5 12 41 46 75 40
615540 5 47 51 40 66 61
388047 2 49 40
373825 4 35 50 4 55
111452 3 18 15 57
396114 3 23 53 74
365314 5 51 5 66 27 41
195268 3 3 17 75
198802 1 1
31045 3 28 50 47
486779 5 41 20 46 4 59
674694 3 58 34 9
726760 5 74 13 66 16 56
603135 3 49 36 46
83579 2 18 21
524591 2 44 69
139331 4 66 4 64 49
481174 1 8
303884 1 69
491323 4 7 40 71 39
596650 4 12 37 36 17
443375 3 15 22 58
245686 4 67 28 57 55
600826 2 53 61
502040 3 31 40 39
273712 4 11 52 5 1
418690 2 37 34
353716 1 48
338033 2 30 68
511416 3 20 24 53
614472 3 7 34 49
347464 5 13 4 3 69 15
428455 3 15 71 16
343176 4 9 19 53 16
556530 3 60 72 5
355331 3 34 52 5
453167 3 53 58 52
454266 1 54
694859 2 10 33
