75 75
665223
483769
225934
101136
536645
614403
875513
892838
78817
935648
638287
497234
529190
918041
663912
896018
875748
96853
698592
367842
612563
185479
857302
310433
856646
89379
407814
952273
397323
686961
523474
576751
170730
749407
677886
221580
363811
67604
628622
442627
3253
781113
454065
46647
699154
117977
456869
89108
214829
669666
456949
341596
369349
828456
652029
225995
917834
574047
692472
315157
775213
215947
891907
460147
965353
83999
681726
843368
665806
310348
800200
669058
91461
254265
229909
304820 4 24 33 52 68
365080 7 3 40 33 68 29 56 44
454936 10 71 5 69 64 40 8 29 63 66 38
294415 9 27 36 19 12 63 23 45 65 62
876722 4 16 58 3 50
560850 8 54 2 61 19 48 46 24 55
525400 9 17 22 9 44 57 27 56 46 14
449274 5 4 65 69 37 57
29638 4 31 36 37 9
598257 4 4 62 21 41
995449 3 57 52 26
499124 1 30
811505 6 43 37 70 46 3 40
225561 4 67 23 14 5
742200 5 19 12 55 57 32
406574 9 39 53 32 68 55 34 3 9 58
494954 6 29 74 9 69 35 44
495385 8 35 41 70 11 59 6 65 17
369009 10 15 30 54 47 22 34 5 24 19 49
485862 7 31 12 23 39 5 57 8
999107 6 42 7 11 52 68 18
162152 9 20 73 14 44 35 8 25 59 4
495962 6 50 6 52 49 21 33
555952 5 51 23 46 57 33
769250 5 3 69 58 61 13
590973 1 62
128369 6 47 3 46 50 29 63
122599 4 17 50 32 49
487164 1 24
7420 9 57 14 34 68 27 30 16 25 6
292113 5 68 26 34 15 75
647117 2 52 73
333043 6 29 44 59 41 63 24
537036 3 58 36 45
447702 5 74 25 7 56 4
184444 8 29 19 62 5 41 56 54 35
26935 7 55 65 48 1 29 3 6
503553 5 27 16 19 26 17
978433 6 20 62 31 25 5 69
788972 2 11 9
14863 3 67 24 2
899551 8 54 62 20 56 45 50 47 71
303237 3 73 58 44
217895 9 31 11 3 12 4 8 73 67 16
231486 4 60 38 15 18
551446 4 56 29 26 25
209242 5 73 17 70 55 60
961439 10 67 37 64 4 18 71 53 9 22 48
828843 8 42 15 6 22 21 9 47 52
851173 9 50 51 15 6 12 42 16 4 3
802231 9 20 52 13 5 17 57 26 64 62
854229 5 54 21 51 74 29
362561 5 63 19 1 38 34
966349 7 75 22 7 54 2 42 51
261264 9 55 46 12 6 11 74 21 17 29
999200 10 27 47 43 53 11 62 54 26 72 60
879865 3 58 3 36
901092 8 66 54 33 36 15 24 41 35
27310 4 52 9 72 75
481519 4 11 15 4 36
909480 8 64 12 22 23 14 58 67 48
857479 1 60
985591 7 8 26 25 1 54 33 72
315963 6 23 41 52 26 53 16
690789 1 27
796707 5 41 69 62 9 18
131273 1 55
631069 7 39 14 54 63 67 32 21
836383 7 58 62 4 35 65 56 50
335734 8 54 43 37 71 14 75 4 31
577575 1 62
208644 7 26 35 70 13 3 10 43
368646 8 6 45 27 70 26 53 75 31
347463 2 26 7
531624 1 14
