60 75
724765
203268
243571
306007
387566
269529
50238
128073
137701
239714
449857
694688
298710
755574
404806
4485
139882
143833
727971
32494
269136
53921
299450
101799
229004
290310
679699
479959
180707
60781
400219
146537
563620
184427
752115
192251
453955
43418
619895
132293
283131
610389
367618
122478
607028
13489
426534
287547
157322
695143
320041
726029
749063
619490
68893
518704
150865
748591
239729
631143
350010 2 11 27
365011 4 42 5 30 58
32533 5 43 58 6 30 32
268331 3 1 9 57
378263 7 26 6 39 44 52 43 27
627031 2 37 20
120607 4 1 33 41 58
53379 3 32 18 2
364658 3 46 2 42
318859 1 22
353735 5 19 7 50 3 41
637738 6 35 45 14 3 56 28
442858 4 32 27 4 25
206212 3 11 21 18
55481 6 31 33 24 42 32 14
145446 5 21 30 47 5 44
717649 7 49 16 12 52 2 35 19
418818 1 38
634386 3 59 51 14
558018 2 38 24
746646 7 29 21 13 41 51 46 26
504859 6 14 46 40 58 48 15
124070 1 14
412479 4 15 35 8 28
486899 6 57 50 6 58 10 18
187618 3 60 52 27
462847 7 56 31 8 27 20 55 33
270225 4 38 3 56 52
451794 2 11 56
575754 6 45 3 57 54 21 58
45217 2 49 2
324481 2 49 59
118287 2 10 55
147340 1 33
466145 6 20 1 59 6 11 54
705474 4 30 14 58 15
179900 1 50
41534 1 51
366014 3 39 4 37
471465 4 32 24 40 4
625587 7 16 33 60 21 35 45 24
333955 7 30 26 21 47 13 2 24
701985 4 29 7 22 32
298700 1 44
594519 1 15
465760 3 24 17 18
298995 1 45
371559 5 21 57 14 38 10
145165 3 11 16 13
663271 2 19 8
481582 3 6 52 60
79606 7 2 13 21 18 23 35 39
302305 4 24 27 14 29
691280 5 29 38 26 45 50
758564 2 60 19
302100 7 25 19 53 44 46 56 45
706210 2 12 42
421230 6 57 42 34 26 38 49
205732 3 14 30 56
343003 2 55 43
378018 3 59 36 25
413772 2 10 38
611621 5 47 40 3 60 35
443804 5 60 13 46 19 18
682573 4 34 49 1 9
377574 5 7 33 4 49 25
468216 2 53 10
680110 2 48 58
29997 1 34
551779 3 46 44 7
215481 6 14 2 27 54 35 59
604490 6 23 21 13 47 26 30
569245 3 26 46 23
469445 2 45 56
269809 6 34 6 5 22 58 18
