4 4 2 4 4 2 4 4 2 4 4 2 4 4 2 4 4 2 4 4 2 
4 4 2 4 4 2 4 4 2 4 4 2 4 4 2 4 4 2 4 4 2 
4 4 2 4 4 2 4 4 2 4 4 2 4 4 2 4 2 4 4 2 4 
4 2 4 4 2 4 4 2 4 4 2 4 4 2 4 4 2 4 4 2 4 
4 2 4 4 2 4 4 2 4 4 2 4 4 2 4 4 2 4 4 2 4 
4 2 4 4 2 4 4 2 4 4 3 3 2 4 4 2 4 4 2 4 4 
2 4 4 2 4 4 2 4 4 2 4 4 2 4 4 2 4 4 2 4 4 
2 4 4 2 4 4 2 4 4 2 4 4 2 4 4 2 4 4 2 4 4 
2 4 4 2 4 4 2 4 2 4 4 2 4 4 2 4 4 2 4 4 2 
4 4 2 4 4 2 4 4 2 4 4 2 4 4 2 4 4 2 4 4 2 
4 4 2 4 4 2 4 4 2 4 4 2 4 4 2 4 4 2 4 4 2 
4 4 2 4 2 4 4 2 4 4 2 4 4 2 4 4 2 4 4 2 4 
4 2 4 4 2 4 4 2 4 4 2 4 4 2 4 4 2 4 4 2 4 
4 2 4 4 2 4 4 2 4 4 2 4 4 3 3 4 2 4 4 2 4 
2 5 3 2 4 4 2 4 4 2 4 4 2 4 4 2 4 4 2 4 4 
2 4 4 2 4 4 2 4 4 2 4 4 2 4 4 2 4 4 2 4 4 
2 4 4 2 4 4 2 4 4 2 4 4 2 4 2 4 4 2 4 4 2 
4 4 2 4 4 2 4 4 2 4 4 2 4 4 2 4 4 2 4 4 2 
4 4 2 4 4 2 4 4 2 4 4 2 4 4 2 4 4 2 4 4 2 
4 4 2 4 4 2 4 4 2 4 2 4 4 2 4 4 2 4 4 2 4 
4 2 4 4 2 4 4 2 4 4 2 4 4 2 4 4 2 4 4 2 4 
4 2 4 4 2 4 4 2 4 4 2 4 4 2 4 4 2 4 4 2 4 
4 2 4 4 3 3 2 4 4 2 4 4 2 4 4 2 4 4 2 4 4 
2 4 4 2 4 4 2 4 4 2 4 4 2 4 4 2 4 4 2 4 4 
2 4 4 2 4 4 2 4 4 2 4 4 2 4 4 2 4 4 2 4 4 
2 4 2 4 4 2 4 4 2 4 4 2 4 4 2 4 4 2 4 4 2 
4 4 2 4 4 2 4 4 2 4 4 2 4 4 2 4 4 2 4 4 2 
4 4 2 4 4 2 4 4 2 4 4 2 4 4 2 4 4 2 4 2 4 
4 2 4 4 2 4 4 2 4 4 2 4 4 2 4 4 2 4 4 2 4 
4 2 4 4 2 4 4 2 4 4 2 4 4 2 4 4 2 4 4 2 4 
4 2 4 4 2 4 4 3 3 4 2 4 2 4 4 2 5 3 2 4 4 
2 4 4 2 4 4 2 4 4 2 4 4 2 4 4 2 4 4 2 4 4 
2 4 4 2 4 4 2 4 4 2 4 4 2 4 4 2 4 4 2 4 4 
2 4 4 2 4 4 2 4 2 4 4 2 4 4 2 4 4 2 4 4 2 
4 4 2 4 4 2 4 4 2 4 4 2 4 4 2 4 4 2 4 4 2 
4 4 2 4 4 2 4 4 2 4 4 2 4 4 2 4 4 2 4 4 2 
4 4 2 4 2 4 4 2 4 4 2 4 4 2 4 4 2 4 4 2 4 
4 2 4 4 2 4 4 2 4 4 2 4 4 2 4 4 2 4 4 2 4 
4 2 4 4 2 4 4 2 4 4 2 4 4 2 4 4 2 4 4 3 3 
2 4 4 2 4 4 2 4 4 2 4 4 2 4 4 2 4 4 2 4 4 
2 4 4 2 4 4 2 4 4 2 4 4 2 4 4 2 4 4 2 4 4 
2 4 4 2 4 4 2 4 4 2 4 4 2 4 4 2 4 2 4 4 2 
4 4 2 4 4 2 4 4 2 4 4 2 4 4 2 4 4 2 4 4 2 
4 4 2 4 4 2 4 4 2 4 4 2 4 4 2 4 4 2 4 4 2 
4 4 2 4 4 2 4 4 2 4 4 2 4 2 4 4 2 4 4 2 4 
4 2 4 4 2 4 4 2 4 4 2 4 4 2 4 4 2 4 4 2 4 
4 2 4 4 2 4 4 2 4 4 2 4 4 2 4 4 2 4 4 2 4 
4 3 3 4 2 4 2 4 4 2 5 3 2 4 4 2 4 4 2 4 4 
2 4 4 2 4 4 2 4 4 2 4 4 2 4 4 2 4 4 2 4 4 
2 4 4 2 4 4 2 4 4 2 4 4 2 4 4 2 4 4 2 4 4 
2 4 2 4 4 2 4 4 2 4 4 2 4 4 2 4 4 2 4 4 2 
4 4 2 4 4 2 4 4 2 4 4 2 4 4 2 4 4 2 4 4 2 
4 4 2 4 4 2 4 4 2 4 4 2 4 4 2 4 4 2 4 2 4 
4 2 4 4 2 4 4 2 4 4 2 4 4 2 4 4 2 4 4 2 4 
4 2 4 4 2 4 4 2 4 4 2 4 4 2 4 4 2 4 4 2 4 
4 2 4 4 2 4 4 2 4 4 2 4 4 3 3 2 4 4 2 4 4 
2 4 4 2 4 4 2 4 4 2 4 4 2 4 4 2 4 4 2 4 4 
2 4 4 2 4 4 2 4 4 2 4 4 2 4 4 2 4 4 2 4 4 
2 4 4 2 4 4 2 4 4 2 4 2 4 4 2 4 4 2 4 4 2 
4 4 2 4 4 2 4 4 2 4 4 2 4 4 2 4 4 2 4 4 2 
4 4 2 4 4 2 4 4 2 4 4 2 4 4 2 4 4 2 4 4 2 
4 4 2 4 2 4 4 2 4 4 2 4 4 2 4 4 2 4 4 2 4 
4 2 4 4 2 4 4 2 4 4 2 4 4 2 4 4 2 4 4 2 4 
4 2 4 4 2 4 4 2 4 4 2 4 4 2 4 4 3 3 4 2 4 
2 4 4 2 5 3 2 4 4 2 4 4 2 4 4 2 4 4 2 4 4 
2 4 4 2 4 4 2 4 4 2 4 4 2 4 4 2 4 4 2 4 4 
2 4 4 2 4 4 2 4 4 2 4 4 2 4 4 2 4 2 4 4 2 
4 4 2 4 4 2 4 4 2 4 4 2 4 4 2 4 4 2 4 4 2 
4 4 2 4 4 2 4 4 2 4 4 2 4 4 2 4 4 2 4 4 2 
4 4 2 4 4 2 4 4 2 4 4 2 4 2 4 4 2 4 4 2 4 
4 2 4 4 2 4 4 2 4 4 2 4 4 2 4 4 2 4 4 2 4 
4 2 4 4 2 4 4 2 4 4 2 4 4 2 4 4 2 4 4 2 4 
4 2 4 4 2 4 4 3 3 2 4 4 2 4 4 2 4 4 2 4 4 
2 4 4 2 4 4 2 4 4 2 4 4 2 4 4 2 4 4 2 4 4 
2 4 4 2 4 4 2 4 4 2 4 4 2 4 4 2 4 4 2 4 4 
2 4 4 2 4 2 4 4 2 4 4 2 4 4 2 4 4 2 4 4 2 
4 4 2 4 4 2 4 4 2 4 4 2 4 4 2 4 4 2 4 4 2 
4 4 2 4 4 2 4 4 2 4 4 2 4 4 2 4 4 2 4 2 4 
4 2 4 4 2 4 4 2 4 4 2 4 4 2 4 4 2 4 4 2 4 
4 2 4 4 2 4 4 2 4 4 2 4 4 2 4 4 2 4 4 2 4 
4 2 4 4 2 4 4 2 4 4 3 3 4 2 4 2 4 4 2 5 3 
2 4 4 2 4 4 2 4 4 2 4 4 2 4 4 2 4 4 2 4 4 
2 4 4 2 4 4 2 4 4 2 4 4 2 4 4 2 4 4 2 4 4 
2 4 4 2 4 4 2 4 4 2 4 2 4 4 2 4 4 2 4 4 2 
4 4 2 4 4 2 4 4 2 4 4 2 4 4 2 4 4 2 4 4 2 
4 4 2 4 4 2 4 4 2 4 4 2 4 4 2 4 4 2 4 4 2 
4 4 2 4 4 2 4 2 4 4 2 4 4 2 4 4 2 4 4 2 4 
4 2 4 4 2 4 4 2 4 4 2 4 4 2 4 4 2 4 4 2 4 
4 2 4 4 2 4 4 2 4 4 2 4 4 2 4 4 2 4 4 2 4 
4 3 3 2 4 4 2 4 4 2 4 4 2 4 4 2 4 4 2 4 4 
2 4 4 2 4 4 2 4 4 2 4 4 2 4 4 2 4 4 2 4 4 
2 4 4 2 4 4 2 4 4 2 4 4 2 4 4 2 4 2 4 4 2 
4 4 2 4 4 2 4 4 2 4 4 2 4 4 2 4 4 2 4 4 2 
4 4 2 4 4 2 4 4 2 4 4 2 4 4 2 4 4 2 4 4 2 
4 4 2 4 4 2 4 4 2 4 4 2 4 2 4 4 2 4 4 2 4 
4 2 4 4 2 4 4 2 4 4 2 4 4 2 4 4 2 4 4 2 4 
4 2 4 4 2 4 4 2 4 4 2 4 4 2 4 4 2 4 4 2 4 
4 2 4 4 3 3 4 2 4 2 4 4 2 5 3 2 4 4 2 4 4 
2 4 4 2 4 4 2 4 4 2 4 4 2 4 4 2 4 4 2 4 4 
2 4 4 2 4 4 2 4 4 2 4 4 2 4 4 2 4 4 2 4 4 
2 4 4 2 4 2 4 4 2 4 4 2 4 4 2 4 4 2 4 4 2 
4 4 2 4 4 2 4 4 2 4 4 2 4 4 2 4 4 2 4 4 2 
4 4 2 4 4 2 4 4 2 4 4 2 4 4 2 4 4 2 4 4 2 
4 2 4 4 2 4 4 2 4 4 2 4 4 2 4 4 2 4 4 2 4 
4 2 4 4 2 4 4 2 4 4 2 4 4 2 4 4 2 4 4 2 4 
4 2 4 4 2 4 4 2 4 4 2 4 4 2 4 4 3 3 2 4 4 
2 4 4 2 4 4 2 4 4 2 4 4 2 4 4 2 4 4 2 4 4 
2 4 4 2 4 4 2 4 4 2 4 4 2 4 4 2 4 4 2 4 4 
2 4 4 2 4 4 2 4 4 2 4 2 4 4 2 4 4 2 4 4 2 
4 4 2 4 4 2 4 4 2 4 4 2 4 4 2 4 4 2 4 4 2 
4 4 2 4 4 2 4 4 2 4 4 2 4 4 2 4 4 2 4 4 2 
4 4 2 4 4 2 4 2 4 4 2 4 4 2 4 4 2 4 4 2 4 
4 2 4 4 2 4 4 2 4 4 2 4 4 2 4 4 2 4 4 2 4 
4 2 4 4 2 4 4 2 4 4 2 4 4 2 4 4 2 4 4 3 3 
4 2 4 2 4 4 2 5 3 2 4 4 2 4 4 2 4 4 2 4 4 
2 4 4 2 4 4 2 4 4 2 4 4 2 4 4 2 4 4 2 4 4 
2 4 4 2 4 4 2 4 4 2 4 4 2 4 4 2 4 4 2 4 2 
4 4 2 4 4 2 4 4 2 4 4 2 4 4 2 4 4 2 4 4 2 
4 4 2 4 4 2 4 4 2 4 4 2 4 4 2 4 4 2 4 4 2 
4 4 2 4 4 2 4 4 2 4 4 2 4 4 2 4 2 4 4 2 4 
4 2 4 4 2 4 4 2 4 4 2 4 4 2 4 4 2 4 4 2 4 
4 2 4 4 2 4 4 2 4 4 2 4 4 2 4 4 2 4 4 2 4 
4 2 4 4 2 4 4 2 4 2 5 3 2 4 4 2 4 4 2 4 4 
2 4 4 2 4 4 2 4 4 2 4 4 2 4 4 2 4 4 2 4 4 
2 4 4 2 4 4 2 4 4 2 4 4 2 4 4 2 4 4 2 4 4 
2 4 4 2 4 2 4 4 2 4 4 2 4 4 2 4 4 2 4 4 2 
4 4 2 4 4 2 4 4 2 4 4 2 4 4 2 4 4 2 4 4 2 
4 4 2 4 4 2 4 4 2 4 4 2 4 4 2 4 4 2 4 4 2 
4 2 4 4 2 4 4 2 4 4 2 4 4 2 4 4 2 4 4 2 4 
4 2 4 4 2 4 4 2 4 4 2 4 4 2 4 4 2 4 4 2 4 
4 2 4 4 2 4 4 2 4 4 2 4 4 3 3 4 2 4 2 4 4 
2 5 3 2 4 4 2 4 4 2 4 4 2 4 4 2 4 4 2 4 4 
2 4 4 2 4 4 2 4 4 2 4 4 2 4 4 2 4 4 2 4 4 
2 4 4 2 4 4 2 4 4 2 4 4 2 4 2 4 4 2 4 4 2 
4 4 2 4 4 2 4 4 2 4 4 2 4 4 2 4 4 2 4 4 2 
4 4 2 4 4 2 4 4 2 4 4 2 4 4 2 4 4 2 4 4 2 
4 4 2 4 4 2 4 4 2 4 2 4 4 2 4 4 2 4 4 2 4 
4 2 4 4 2 4 4 2 4 4 2 4 4 2 4 4 2 4 4 2 4 
4 2 4 4 2 4 4 2 4 4 2 4 4 2 4 4 2 4 4 2 4 
4 2 4 2 5 3 2 4 4 2 4 4 2 4 4 2 4 4 2 4 4 
2 4 4 2 4 4 2 4 4 2 4 4 2 4 4 2 4 4 2 4 4 
2 4 4 2 4 4 2 4 4 2 4 4 2 4 4 2 4 4 2 4 2 
4 4 2 4 4 2 4 4 2 4 4 2 4 4 2 4 4 2 4 4 2 
4 4 2 4 4 2 4 
87 - 0
117 - 0
386 - 0
655 - 195
685 - 0
954 - 0
984 - 0
1253 - 0
1283 - 0
1552 - 0
1821 - 546
1851 - 0
2120 - 0
2150 - 0
2419 - 0
2718 - 0
2987 - 0
3017 - 0
3286 - 0
3316 - 0
3585 - 0
3884 - 0
4153 - 0
4183 - 0
4452 - 0
4482 - 0
4751 - 0
5050 - 0
5319 - 0
5349 - 0
5618 - 0
5648 - 0
5917 - 0
6216 - 0
6485 - 0
6515 - 0
6784 - 0
6814 - 0
7083 - 0
7382 - 0
7651 - 0
7681 - 0
7950 - 0
7980 - 0
8249 - 0
8548 - 0
8817 - 0
8847 - 0
9116 - 0
9146 - 0
9415 - 0
9714 - 0
9983 - 0
