4 4 2 4 4 2 4 4 2 4 4 2 4 4 2 4 4 2 4 4 2 
4 4 2 4 4 2 4 4 2 4 4 2 4 4 2 4 4 2 4 4 2 
4 4 2 4 4 2 4 4 2 4 4 2 4 4 2 4 2 4 4 2 4 
4 2 4 4 2 4 4 2 4 4 2 4 4 2 4 4 2 4 4 2 4 
4 2 4 4 2 4 4 2 4 4 2 4 4 2 4 4 2 4 4 2 4 
4 2 4 4 2 4 4 2 4 4 3 3 2 4 4 2 4 4 2 4 4 
2 4 4 2 4 4 2 4 4 2 4 4 2 4 4 2 4 4 2 4 4 
2 4 4 2 4 4 2 4 4 2 4 4 2 4 4 2 4 4 2 4 4 
2 4 4 2 4 4 2 4 2 4 4 2 4 4 2 4 4 2 4 4 2 
4 4 2 4 4 2 4 4 2 4 4 2 4 4 2 4 4 2 4 4 2 
4 4 2 4 4 2 4 4 2 4 4 2 4 4 2 4 4 2 4 4 2 
4 4 2 4 2 4 4 2 4 4 2 4 4 2 4 4 2 4 4 2 4 
4 2 4 4 2 4 4 2 4 4 2 4 4 2 4 4 2 4 4 2 4 
4 2 4 4 2 4 4 2 4 4 2 4 4 3 3 4 2 4 4 2 4 
2 5 3 2 4 4 2 4 4 2 4 4 2 4 4 2 4 4 2 4 4 
2 4 4 2 4 4 2 4 4 2 4 4 2 4 4 2 4 4 2 4 4 
2 4 4 2 4 4 2 4 4 2 4 4 2 4 2 4 4 2 4 4 2 
4 4 2 4 4 2 4 4 2 4 4 2 4 4 2 4 4 2 4 4 2 
4 4 2 4 4 2 4 4 2 4 4 2 4 4 2 4 4 2 4 4 2 
4 4 2 4 4 2 4 4 2 4 2 4 4 2 4 4 2 4 4 2 4 
4 2 4 4 2 4 4 2 4 4 2 4 4 2 4 4 2 4 4 2 4 
4 2 4 4 2 4 4 2 4 4 2 4 4 2 4 4 2 4 4 2 4 
4 2 4 4 3 3 2 4 4 2 4 4 2 4 4 2 4 4 2 4 4 
2 4 4 2 4 4 2 4 4 2 4 4 2 4 4 2 4 4 2 4 4 
2 4 4 2 4 4 2 4 4 2 4 4 2 4 4 2 4 4 2 4 4 
2 4 2 4 4 2 4 4 2 4 4 2 4 4 2 4 4 2 4 4 2 
4 4 2 4 4 2 4 4 2 4 4 2 4 4 2 4 4 2 4 4 2 
4 4 2 4 4 2 4 4 2 4 4 2 4 4 2 4 4 2 4 2 4 
4 2 4 4 2 4 4 2 4 4 2 4 4 2 4 4 2 4 4 2 4 
4 2 4 4 2 4 4 2 4 4 2 4 4 2 4 4 2 4 4 2 4 
4 2 4 4 2 4 4 3 3 4 2 4 2 4 4 2 5 3 2 4 4 
2 4 4 2 4 4 2 4 4 2 4 4 2 4 4 2 4 4 2 4 4 
2 4 4 2 4 4 2 4 4 2 4 4 2 4 4 2 4 4 2 4 4 
2 4 4 2 4 4 2 4 2 4 4 2 4 4 2 4 4 2 4 4 2 
4 4 2 4 4 2 4 4 2 4 4 2 4 4 2 4 4 2 4 4 2 
4 4 2 4 4 2 4 4 2 4 4 2 4 4 2 4 4 2 4 4 2 
4 4 2 4 2 4 4 2 4 4 2 4 4 2 4 4 2 4 4 2 4 
4 2 4 4 2 4 4 2 4 4 2 4 4 2 4 4 2 4 4 2 4 
4 2 4 4 2 4 4 2 4 4 2 4 4 2 4 4 2 4 4 3 3 
2 4 4 2 4 4 2 4 4 2 4 4 2 4 4 2 4 4 2 4 4 
2 4 4 2 4 4 2 4 4 2 4 4 2 4 4 2 4 4 2 4 4 
2 4 4 2 4 4 2 4 4 2 4 4 2 4 4 2 4 2 4 4 2 
4 4 2 4 4 2 4 4 2 4 4 2 4 4 2 4 4 2 4 4 2 
4 4 2 4 4 2 4 4 2 4 4 2 4 4 2 4 4 2 4 4 2 
4 4 2 4 4 2 4 4 2 4 4 2 4 2 4 4 2 4 4 2 4 
4 2 4 4 2 4 4 2 4 4 2 4 4 2 4 4 2 4 4 2 4 
4 2 4 4 2 4 4 2 4 4 2 4 4 2 4 4 2 4 4 2 4 
4 3 3 4 2 4 2 4 4 2 5 3 2 4 4 2 4 4 2 4 4 
2 4 4 2 4 4 2 4 4 2 4 4 2 4 4 2 4 4 2 4 4 
2 4 4 2 4 4 2 4 4 2 4 4 2 4 4 2 4 4 2 4 4 
2 4 2 4 4 2 4 4 2 4 4 2 4 4 2 4 4 2 4 4 2 
4 4 2 4 4 2 4 4 2 4 4 2 4 4 2 4 4 2 4 4 2 
4 4 2 4 4 2 4 4 2 4 4 2 4 4 2 4 4 2 4 2 4 
4 2 4 4 2 4 4 2 4 4 2 4 4 2 4 4 2 4 4 2 4 
4 2 4 4 2 4 4 2 4 4 2 4 4 2 4 4 2 4 4 2 4 
4 2 4 4 2 4 4 2 4 4 2 4 4 3 3 2 4 4 2 4 4 
2 4 4 2 4 4 2 4 4 2 4 4 2 4 4 2 4 4 2 4 4 
2 4 4 2 4 4 2 4 4 2 4 4 2 4 4 2 4 4 2 4 4 
2 4 4 2 4 4 2 4 4 2 4 2 4 4 2 4 4 2 4 4 2 
4 4 2 4 4 2 4 4 2 4 4 2 4 4 2 4 4 2 4 4 2 
4 4 2 4 4 2 4 4 2 4 4 2 4 4 2 4 4 2 4 4 2 
4 4 2 4 2 4 4 2 4 4 2 4 4 2 4 4 2 4 4 2 4 
4 2 4 4 2 4 4 2 4 4 2 4 4 2 4 4 2 4 4 2 4 
4 2 4 4 2 4 4 2 4 4 2 4 4 2 4 4 3 3 4 2 4 
2 4 4 2 5 3 2 4 4 2 4 4 2 4 4 2 4 4 2 4 4 
2 4 4 2 4 4 2 4 4 2 4 4 2 4 4 2 4 4 2 4 4 
2 4 4 2 4 4 2 4 4 2 4 4 2 4 4 2 4 2 4 4 2 
4 4 2 4 4 2 4 4 2 4 4 2 4 4 2 4 4 2 4 4 2 
4 4 2 4 4 2 4 4 2 4 4 2 4 4 2 4 4 2 4 4 2 
4 4 2 4 4 2 4 4 2 4 4 2 4 2 4 4 2 4 4 2 4 
4 2 4 4 2 4 4 2 4 4 2 4 4 2 4 4 2 4 4 2 4 
4 2 4 4 2 4 4 2 4 4 2 4 4 2 4 4 2 4 4 2 4 
4 2 4 4 2 4 4 3 3 2 4 4 2 4 4 2 4 4 2 4 4 
2 4 4 2 4 4 2 4 4 2 4 4 2 4 4 2 4 4 2 4 4 
2 4 4 2 4 4 2 4 4 2 4 4 2 4 4 2 4 4 2 4 4 
2 4 4 2 4 2 4 4 2 4 4 2 4 4 2 4 4 2 4 4 2 
4 4 2 4 4 2 4 4 2 4 4 2 4 4 2 4 4 2 4 4 2 
4 4 2 4 4 2 4 4 2 4 4 2 4 4 2 4 4 2 4 2 4 
4 2 4 4 2 4 4 2 4 4 2 4 4 2 4 4 2 4 4 2 4 
4 2 4 4 2 4 4 2 4 4 2 4 4 2 4 4 2 4 4 2 4 
4 2 4 4 2 4 4 2 4 4 3 3 4 2 4 2 4 4 2 5 3 
2 4 4 2 4 4 2 4 4 2 4 4 2 4 4 2 4 4 2 4 4 
2 4 4 2 4 4 2 4 4 2 4 4 2 4 4 2 4 4 2 4 4 
2 4 4 2 4 4 2 4 4 2 4 2 4 4 2 4 4 2 4 4 2 
4 4 2 4 4 2 4 4 2 4 4 2 4 4 2 4 4 2 4 4 2 
4 4 2 4 4 2 4 4 2 4 4 2 4 4 2 4 4 2 4 4 2 
4 4 2 4 4 2 4 2 4 4 2 4 4 2 4 4 2 4 4 2 4 
4 2 4 4 2 4 4 2 4 4 2 4 4 2 4 4 2 4 4 2 4 
4 2 4 4 2 4 4 2 4 4 2 4 4 2 4 4 2 4 4 2 4 
4 3 3 2 4 4 2 4 4 2 4 4 2 4 4 2 4 4 2 4 4 
2 4 4 2 4 4 2 4 4 2 4 4 2 4 4 2 4 4 2 4 4 
2 4 4 2 4 4 2 4 4 2 4 4 2 4 4 2 4 2 4 4 2 
4 4 2 4 4 2 4 4 2 4 4 2 4 4 2 4 4 2 4 4 2 
4 4 2 4 4 2 4 4 2 4 4 2 4 4 2 4 4 2 4 4 2 
4 4 2 4 4 2 4 4 2 4 4 2 4 2 4 4 2 4 4 2 4 
4 2 4 4 2 4 4 2 4 4 2 4 4 2 4 4 2 4 4 2 4 
4 2 4 4 2 4 4 2 4 4 2 4 4 2 4 4 2 4 4 2 4 
4 2 4 4 3 3 4 2 4 2 4 4 2 5 3 2 4 4 2 4 4 
2 4 4 2 4 4 2 4 4 2 4 4 2 4 4 2 4 4 2 4 4 
2 4 4 2 4 4 2 4 4 2 4 4 2 4 4 2 4 4 2 4 4 
2 4 4 2 4 2 4 4 2 4 4 2 4 4 2 4 4 2 4 4 2 
4 4 2 4 4 2 4 4 2 4 4 2 4 4 2 4 4 2 4 4 2 
4 4 2 4 4 2 4 4 2 4 4 2 4 4 2 4 4 2 4 4 2 
4 2 4 4 2 4 4 2 4 4 2 4 4 2 4 4 2 4 4 2 4 
4 2 4 4 2 4 4 2 4 4 2 4 4 2 4 4 2 4 4 2 4 
4 2 4 4 2 4 4 2 4 4 2 4 4 2 4 4 3 3 2 4 4 
2 4 4 2 4 4 2 4 4 2 4 4 2 4 4 2 4 4 2 4 4 
2 4 4 2 4 4 2 4 4 2 4 4 2 4 4 2 4 4 2 4 4 
2 4 4 2 4 4 2 4 4 2 4 2 4 4 2 4 4 2 4 4 2 
4 4 2 4 4 2 4 4 2 4 4 2 4 4 2 4 4 2 4 4 2 
4 4 2 4 4 2 4 4 2 4 4 2 4 4 2 4 4 2 4 4 2 
4 4 2 4 4 2 4 2 4 4 2 4 4 2 4 4 2 4 4 2 4 
4 2 4 4 2 4 4 2 4 4 2 4 4 2 4 4 2 4 4 2 4 
4 2 4 4 2 4 4 2 4 4 2 4 4 2 4 4 2 4 4 3 3 
4 2 4 2 4 4 2 5 3 2 4 4 2 4 4 2 4 4 2 4 4 
2 4 4 2 4 4 2 4 4 2 4 4 2 4 4 2 4 4 2 4 4 
2 4 4 2 4 4 2 4 4 2 4 4 2 4 4 2 4 4 2 4 2 
4 4 2 4 4 2 4 4 2 4 4 2 4 4 2 4 4 2 4 4 2 
4 4 2 4 4 2 4 4 2 4 4 2 4 4 2 4 4 2 4 4 2 
4 4 2 4 4 2 4 4 2 4 4 2 4 4 2 4 2 4 4 2 4 
4 2 4 4 2 4 4 2 4 4 2 4 4 2 4 4 2 4 4 2 4 
4 2 4 4 2 4 4 2 4 4 2 4 4 2 4 4 2 4 4 2 4 
4 2 4 4 2 4 4 2 4 2 5 3 2 4 4 2 4 4 2 4 4 
2 4 4 2 4 4 2 4 4 2 4 4 2 4 4 2 4 4 2 4 4 
2 4 4 2 4 4 2 4 4 2 4 4 2 4 4 2 4 4 2 4 4 
2 4 4 2 4 2 4 4 2 4 4 2 4 4 2 4 4 2 4 4 2 
4 4 2 4 4 2 4 4 2 4 4 2 4 4 2 4 4 2 4 4 2 
4 4 2 4 4 2 4 4 2 4 4 2 4 4 2 4 4 2 4 4 2 
4 2 4 4 2 4 4 2 4 4 2 4 4 2 4 4 2 4 4 2 4 
4 2 4 4 2 4 4 2 4 4 2 4 4 2 4 4 2 4 4 2 4 
4 2 4 4 2 4 4 2 4 4 2 4 4 3 3 4 2 4 2 4 4 
2 5 3 2 4 4 2 4 4 2 4 4 2 4 4 2 4 4 2 4 4 
2 4 4 2 4 4 2 4 4 2 4 4 2 4 4 2 4 4 2 4 4 
2 4 4 2 4 4 2 4 4 2 4 4 2 4 2 4 4 2 4 4 2 
4 4 2 4 4 2 4 4 2 4 4 2 4 4 2 4 4 2 4 4 2 
4 4 2 4 4 2 4 4 2 4 4 2 4 4 2 4 4 2 4 4 2 
4 4 2 4 4 2 4 4 2 4 2 4 4 2 4 4 2 4 4 2 4 
4 2 4 4 2 4 4 2 4 4 2 4 4 2 4 4 2 4 4 2 4 
4 2 4 4 2 4 4 2 4 4 2 4 4 2 4 4 2 4 4 2 4 
4 2 4 2 5 3 2 4 4 2 4 4 2 4 4 2 4 4 2 4 4 
2 4 4 2 4 4 2 4 4 2 4 4 2 4 4 2 4 4 2 4 4 
2 4 4 2 4 4 2 4 4 2 4 4 2 4 4 2 4 4 2 4 2 
4 4 2 4 4 2 4 4 2 4 4 2 4 4 2 4 4 2 4 4 2 
4 4 2 4 4 2 4 4 2 4 4 2 4 4 2 4 4 2 4 4 2 
4 4 2 4 4 2 4 4 2 4 4 2 4 4 2 4 2 4 4 2 4 
4 2 4 4 2 4 4 2 4 4 2 4 4 2 4 4 2 4 4 2 4 
4 2 4 4 2 4 4 2 4 4 2 4 4 2 4 4 2 4 4 2 4 
4 2 4 4 2 4 4 3 3 4 2 4 2 4 4 2 5 3 2 4 4 
2 4 4 2 4 4 2 4 4 2 4 4 2 4 4 2 4 4 2 4 4 
2 4 4 2 4 4 2 4 4 2 4 4 2 4 4 2 4 4 2 4 4 
2 4 4 2 4 4 2 4 2 4 4 2 4 4 2 4 4 2 4 4 2 
4 4 2 4 4 2 4 4 2 4 4 2 4 4 2 4 4 2 4 4 2 
4 4 2 4 4 2 4 4 2 4 4 2 4 4 2 4 4 2 4 4 2 
4 2 4 4 2 4 4 2 4 4 2 4 4 2 4 4 2 4 4 2 4 
4 2 4 4 2 4 4 2 4 4 2 4 4 2 4 4 2 4 4 2 4 
4 2 4 4 2 4 4 2 4 4 2 4 4 2 4 4 2 4 2 5 3 
2 4 4 2 4 4 2 4 4 2 4 4 2 4 4 2 4 4 2 4 4 
2 4 4 2 4 4 2 4 4 2 4 4 2 4 4 2 4 4 2 4 4 
2 4 4 2 4 4 2 4 4 2 4 4 2 4 2 4 4 2 4 4 2 
4 4 2 4 4 2 4 4 2 4 4 2 4 4 2 4 4 2 4 4 2 
4 4 2 4 4 2 4 4 2 4 4 2 4 4 2 4 4 2 4 4 2 
4 4 2 4 4 2 4 4 2 4 2 4 4 2 4 4 2 4 4 2 4 
4 2 4 4 2 4 4 2 4 4 2 4 4 2 4 4 2 4 4 2 4 
4 2 4 4 2 4 4 2 4 4 2 4 4 2 4 4 2 4 4 2 4 
4 3 3 4 2 4 2 4 4 2 4 4 2 4 4 2 4 4 2 4 4 
2 4 4 2 4 4 2 4 4 2 4 4 2 4 4 2 4 4 2 4 4 
2 4 4 2 4 4 2 4 4 2 4 4 2 4 4 2 4 4 2 4 4 
2 4 2 4 4 2 4 4 2 4 4 2 4 4 2 4 4 2 4 4 2 
4 4 2 4 4 2 4 4 2 4 4 2 4 4 2 4 4 2 4 4 2 
4 4 2 4 4 2 4 4 2 4 4 2 4 4 2 4 2 4 4 2 4 
4 2 4 4 2 4 4 2 4 4 2 4 4 2 4 4 2 4 4 2 4 
4 2 4 4 2 4 4 2 4 4 2 4 4 2 4 4 2 4 4 2 4 
4 2 4 4 3 3 4 2 4 4 2 4 2 5 3 2 4 4 2 4 4 
2 4 4 2 4 4 2 4 4 2 4 4 2 4 4 2 4 4 2 4 4 
2 4 4 2 4 4 2 4 4 2 4 4 2 4 4 2 4 4 2 4 4 
2 4 4 2 4 4 2 4 2 4 4 2 4 4 2 4 4 2 4 4 2 
4 4 2 4 4 2 4 4 2 4 4 2 4 4 2 4 4 2 4 4 2 
4 4 2 4 4 2 4 4 2 4 4 2 4 4 2 4 4 2 4 4 2 
4 4 2 4 2 4 4 2 4 4 2 4 4 2 4 4 2 4 4 2 4 
4 2 4 4 2 4 4 2 4 4 2 4 4 2 4 4 2 4 4 2 4 
4 2 4 4 2 4 4 2 4 4 2 4 4 2 4 4 3 3 4 2 4 
2 4 4 2 4 4 2 4 4 2 4 4 2 4 4 2 4 4 2 4 4 
2 4 4 2 4 4 2 4 4 2 4 4 2 4 4 2 4 4 2 4 4 
2 4 4 2 4 4 2 4 4 2 4 4 2 4 2 4 4 2 4 4 2 
4 4 2 4 4 2 4 4 2 4 4 2 4 4 2 4 4 2 4 4 2 
4 4 2 4 4 2 4 4 2 4 4 2 4 4 2 4 4 2 4 4 2 
4 4 2 4 4 2 4 4 2 4 2 4 4 2 4 4 2 4 4 2 4 
4 2 4 4 2 4 4 2 4 4 2 4 4 2 4 4 2 4 4 2 4 
4 2 4 4 2 4 4 2 4 4 2 4 4 2 4 4 2 4 4 3 3 
4 2 4 4 2 4 2 5 3 2 4 4 2 4 4 2 4 4 2 4 4 
2 4 4 2 4 4 2 4 4 2 4 4 2 4 4 2 4 4 2 4 4 
2 4 4 2 4 4 2 4 4 2 4 4 2 4 4 2 4 4 2 4 4 
2 4 2 4 4 2 4 4 2 4 4 2 4 4 2 4 4 2 4 4 2 
4 4 2 4 4 2 4 4 2 4 4 2 4 4 2 4 4 2 4 4 2 
4 4 2 4 4 2 4 4 2 4 4 2 4 4 2 4 4 2 4 2 4 
4 2 4 4 2 4 4 2 4 4 2 4 4 2 4 4 2 4 4 2 4 
4 2 4 4 2 4 4 2 4 4 2 4 4 2 4 4 2 4 4 2 4 
4 2 4 4 2 4 4 2 4 4 3 3 4 2 4 2 4 4 2 4 4 
2 4 4 2 4 4 2 4 4 2 4 4 2 4 4 2 4 4 2 4 4 
2 4 4 2 4 4 2 4 4 2 4 4 2 4 4 2 4 4 2 4 4 
2 4 4 2 4 4 2 4 2 4 4 2 4 4 2 4 4 2 4 4 2 
4 4 2 4 4 2 4 4 2 4 4 2 4 4 2 4 4 2 4 4 2 
4 4 2 4 4 2 4 4 2 4 4 2 4 4 2 4 4 2 4 4 2 
4 4 2 4 2 4 4 2 4 4 2 4 4 2 4 4 2 4 4 2 4 
4 2 4 4 2 4 4 2 4 4 2 4 4 2 4 4 2 4 4 2 4 
4 2 4 4 2 4 4 2 4 4 2 4 4 3 3 4 2 4 4 2 4 
2 5 3 2 4 4 2 4 4 2 4 4 2 4 4 2 4 4 2 4 4 
2 4 4 2 4 4 2 4 4 2 4 4 2 4 4 2 4 4 2 4 4 
2 4 4 2 4 4 2 4 4 2 4 4 2 4 4 2 4 2 4 4 2 
4 4 2 4 4 2 4 4 2 4 4 2 4 4 2 4 4 2 4 4 2 
4 4 2 4 4 2 4 4 2 4 4 2 4 4 2 4 4 2 4 4 2 
4 4 2 4 4 2 4 4 2 4 4 2 4 2 4 4 2 4 4 2 4 
4 2 4 4 2 4 4 2 4 4 2 4 4 2 4 4 2 4 4 2 4 
4 2 4 4 2 4 4 2 4 4 2 4 4 2 4 4 2 4 4 2 4 
4 2 4 4 3 3 2 4 4 2 4 4 2 4 4 2 4 4 2 4 4 
2 4 4 2 4 4 2 4 4 2 4 4 2 4 4 2 4 4 2 4 4 
2 4 4 2 4 4 2 4 4 2 4 4 2 4 4 2 4 4 2 4 4 
2 4 2 4 4 2 4 4 2 4 4 2 4 4 2 4 4 2 4 4 2 
4 4 2 4 4 2 4 4 2 4 4 2 4 4 2 4 4 2 4 4 2 
4 4 2 4 4 2 4 4 2 4 4 2 4 4 2 4 4 2 4 2 4 
4 2 4 4 2 4 4 2 4 4 2 4 4 2 4 4 2 4 4 2 4 
4 2 4 4 2 4 4 2 4 4 2 4 4 2 4 4 2 4 4 2 4 
4 2 4 4 2 4 4 3 3 4 2 4 4 2 4 2 5 3 2 4 4 
2 4 4 2 4 4 2 4 4 2 4 4 2 4 4 2 4 4 2 4 4 
2 4 4 2 4 4 2 4 4 2 4 4 2 4 4 2 4 4 2 4 4 
2 4 4 2 4 4 2 4 4 2 4 2 4 4 2 4 4 2 4 4 2 
4 4 2 4 4 2 4 4 2 4 4 2 4 4 2 4 4 2 4 4 2 
4 4 2 4 4 2 4 4 2 4 4 2 4 4 2 4 4 2 4 4 2 
4 4 2 4 4 2 4 2 4 4 2 4 4 2 4 4 2 4 4 2 4 
4 2 4 4 2 4 4 2 4 4 2 4 4 2 4 4 2 4 4 2 4 
4 2 4 4 2 4 4 2 4 4 2 4 4 2 4 4 2 4 4 3 3 
2 4 4 2 4 4 2 4 4 2 4 4 2 4 4 2 4 4 2 4 4 
2 4 4 2 4 4 2 4 4 2 4 4 2 4 4 2 4 4 2 4 4 
2 4 4 2 4 4 2 4 4 2 4 4 2 4 4 2 4 2 4 4 2 
4 4 2 4 4 2 4 4 2 4 4 2 4 4 2 4 4 2 4 4 2 
4 4 2 4 4 2 4 4 2 4 4 2 4 4 2 4 4 2 4 4 2 
4 4 2 4 4 2 4 4 2 4 4 2 4 2 4 4 2 4 4 2 4 
4 2 4 4 2 4 4 2 4 4 2 4 4 2 4 4 2 4 4 2 4 
4 2 4 4 2 4 4 2 4 4 2 4 4 2 4 4 2 4 4 2 4 
4 3 3 4 2 4 4 2 4 2 5 3 2 4 4 2 4 4 2 4 4 
2 4 4 2 4 4 2 4 4 2 4 4 2 4 4 2 4 4 2 4 4 
2 4 4 2 4 4 2 4 4 2 4 4 2 4 4 2 4 4 2 4 4 
2 4 4 2 4 2 4 4 2 4 4 2 4 4 2 4 4 2 4 4 2 
4 4 2 4 4 2 4 4 2 4 4 2 4 4 2 4 4 2 4 4 2 
4 4 2 4 4 2 4 4 2 4 4 2 4 4 2 4 4 2 4 2 4 
4 2 4 4 2 4 4 2 4 4 2 4 4 2 4 4 2 4 4 2 4 
4 2 4 4 2 4 4 2 4 4 2 4 4 2 4 4 2 4 4 2 4 
4 2 4 4 2 4 4 2 4 4 2 4 4 3 3 2 4 4 2 4 4 
2 4 4 2 4 4 2 4 4 2 4 4 2 4 4 2 4 4 2 4 4 
2 4 4 2 4 4 2 4 4 2 4 4 2 4 4 2 4 4 2 4 4 
2 4 4 2 4 4 2 4 4 2 4 2 4 4 2 4 4 2 4 4 2 
4 4 2 4 4 2 4 4 2 4 4 2 4 4 2 4 4 2 4 4 2 
4 4 2 4 4 2 4 4 2 4 4 2 4 4 2 4 4 2 4 4 2 
4 4 2 4 4 2 4 2 4 4 2 4 4 2 4 4 2 4 4 2 4 
4 2 4 4 2 4 4 2 4 4 2 4 4 2 4 4 2 4 4 2 4 
4 2 4 4 2 4 4 2 4 4 2 4 4 2 4 4 3 3 4 2 4 
4 2 4 2 5 3 2 4 4 2 4 4 2 4 4 2 4 4 2 4 4 
2 4 4 2 4 4 2 4 4 2 4 4 2 4 4 2 4 4 2 4 4 
2 4 4 2 4 4 2 4 4 2 4 4 2 4 4 2 4 4 2 4 2 
4 4 2 4 4 2 4 4 2 4 4 2 4 4 2 4 4 2 4 4 2 
4 4 2 4 4 2 4 4 2 4 4 2 4 4 2 4 4 2 4 4 2 
4 4 2 4 4 2 4 4 2 4 4 2 4 2 4 4 2 4 4 2 4 
4 2 4 4 2 4 4 2 4 4 2 4 4 2 4 4 2 4 4 2 4 
4 2 4 4 2 4 4 2 4 4 2 4 4 2 4 4 2 4 4 2 4 
4 2 4 4 2 4 4 3 3 2 4 4 2 4 4 2 4 4 2 4 4 
2 4 4 2 4 4 2 4 4 2 4 4 2 4 4 2 4 4 2 4 4 
2 4 4 2 4 4 2 4 4 2 4 4 2 4 4 2 4 4 2 4 4 
2 4 4 2 4 2 4 4 2 4 4 2 4 4 2 4 4 2 4 4 2 
4 4 2 4 4 2 4 4 2 4 4 2 4 4 2 4 4 2 4 4 2 
4 4 2 4 4 2 4 4 2 4 4 2 4 4 2 4 4 2 4 4 2 
4 2 4 4 2 4 4 2 4 4 2 4 4 2 4 4 2 4 4 2 4 
4 2 4 4 2 4 4 2 4 4 2 4 4 2 4 4 2 4 4 2 4 
4 2 4 4 2 4 4 2 4 4 3 3 4 2 4 4 2 4 2 5 3 
2 4 4 2 4 4 2 4 4 2 4 4 2 4 4 2 4 4 2 4 4 
2 4 4 2 4 4 2 4 4 2 4 4 2 4 4 2 4 4 2 4 4 
2 4 4 2 4 4 2 4 4 2 4 2 4 4 2 4 4 2 4 4 2 
4 4 2 4 4 2 4 4 2 4 4 2 4 4 2 4 4 2 4 4 2 
4 4 2 4 4 2 4 4 2 4 4 2 4 4 2 4 4 2 4 4 2 
4 4 2 4 4 2 4 2 4 4 2 4 4 2 4 4 2 4 4 2 4 
4 2 4 4 2 4 4 2 4 4 2 4 4 2 4 4 2 4 4 2 4 
4 2 4 4 2 4 4 2 4 4 2 4 4 2 4 4 2 4 4 2 4 
4 3 3 2 4 4 2 4 4 2 4 4 2 4 4 2 4 4 2 4 4 
2 4 4 2 4 4 2 4 4 2 4 4 2 4 4 2 4 4 2 4 4 
2 4 4 2 4 4 2 4 4 2 4 4 2 4 4 2 4 4 2 4 2 
4 4 2 4 4 2 4 4 2 4 4 2 4 4 2 4 4 2 4 4 2 
4 4 2 4 4 2 4 4 2 4 4 2 4 4 2 4 4 2 4 4 2 
4 4 2 4 4 2 4 4 2 4 4 2 4 4 2 4 2 4 4 2 4 
4 2 4 4 2 4 4 2 4 4 2 4 4 2 4 4 2 4 4 2 4 
4 2 4 4 2 4 4 2 4 4 2 4 4 2 4 4 2 4 4 2 4 
4 2 4 4 3 3 4 2 4 4 2 4 2 5 3 2 4 4 2 4 4 
2 4 4 2 4 4 2 4 4 2 4 4 2 4 4 2 4 4 2 4 4 
2 4 4 2 4 4 2 4 4 2 4 4 2 4 4 2 4 4 2 4 4 
2 4 4 2 4 2 4 4 2 4 4 2 4 4 2 4 4 2 4 4 2 
4 4 2 4 4 2 4 4 2 4 4 2 4 4 2 4 4 2 4 4 2 
4 4 2 4 4 2 4 4 2 4 4 2 4 4 2 4 4 2 4 4 2 
4 2 4 4 2 4 4 2 4 4 2 4 4 2 4 4 2 4 4 2 4 
4 2 4 4 2 4 4 2 4 4 2 4 4 2 4 4 2 4 4 2 4 
4 2 4 4 2 4 4 2 4 4 2 4 4 2 4 4 3 3 2 4 4 
2 4 4 2 4 4 2 4 4 2 4 4 2 4 4 2 4 4 2 4 4 
2 4 4 2 4 4 2 4 4 2 4 4 2 4 4 2 4 4 2 4 4 
2 4 4 2 4 4 2 4 4 2 4 4 2 4 2 4 4 2 4 4 2 
4 4 2 4 4 2 4 4 2 4 4 2 4 4 2 4 4 2 4 4 2 
4 4 2 4 4 2 4 4 2 4 4 2 4 4 2 4 4 2 4 4 2 
4 4 2 4 4 2 4 4 2 4 2 4 4 2 4 4 2 4 4 2 4 
4 2 4 4 2 4 4 2 4 4 2 4 4 2 4 4 2 4 4 2 4 
4 2 4 4 2 4 4 2 4 4 2 4 4 2 4 4 2 4 4 3 3 
4 2 4 2 4 4 2 5 3 2 4 4 2 4 4 2 4 4 2 4 4 
2 4 4 2 4 4 2 4 4 2 4 4 2 4 4 2 4 4 2 4 4 
2 4 4 2 4 4 2 4 4 2 4 4 2 4 4 2 4 4 2 4 2 
4 4 2 4 4 2 4 4 2 4 4 2 4 4 2 4 4 2 4 4 2 
4 4 2 4 4 2 4 4 2 4 4 2 4 4 2 4 4 2 4 4 2 
4 4 2 4 4 2 4 4 2 4 4 2 4 4 2 4 2 4 4 2 4 
4 2 4 4 2 4 4 2 4 4 2 4 4 2 4 4 2 4 4 2 4 
4 2 4 4 2 4 4 2 4 4 2 4 4 2 4 4 2 4 4 2 4 
4 2 4 4 2 4 4 2 4 4 3 3 2 4 4 2 4 4 2 4 4 
2 4 4 2 4 4 2 4 4 2 4 4 2 4 4 2 4 4 2 4 4 
2 4 4 2 4 4 2 4 4 2 4 4 2 4 4 2 4 4 2 4 4 
2 4 4 2 4 4 2 4 2 4 4 2 4 4 2 4 4 2 4 4 2 
4 4 2 4 4 2 4 4 2 4 4 2 4 4 2 4 4 2 4 4 2 
4 4 2 4 4 2 4 4 2 4 4 2 4 4 2 4 4 2 4 4 2 
4 4 2 4 2 4 4 2 4 4 2 4 4 2 4 4 2 4 4 2 4 
4 2 4 4 2 4 4 2 4 4 2 4 4 2 4 4 2 4 4 2 4 
4 2 4 4 2 4 4 2 4 4 2 4 4 3 3 4 2 4 2 4 4 
2 5 3 2 4 4 2 4 4 2 4 4 2 4 4 2 4 4 2 4 4 
2 4 4 2 4 4 2 4 4 2 4 4 2 4 4 2 4 4 2 4 4 
2 4 4 2 4 4 2 4 4 2 4 4 2 4 2 4 4 2 4 4 2 
4 4 2 4 4 2 4 4 2 4 4 2 4 4 2 4 4 2 4 4 2 
4 4 2 4 4 2 4 4 2 4 4 2 4 4 2 4 4 2 4 4 2 
4 4 2 4 4 2 4 4 2 4 2 4 4 2 4 4 2 4 4 2 4 
4 2 4 4 2 4 4 2 4 4 2 4 4 2 4 4 2 4 4 2 4 
4 2 4 4 2 4 4 2 4 4 2 4 4 2 4 4 2 4 4 2 4 
4 2 4 4 3 3 2 4 4 2 4 4 2 4 4 2 4 4 2 4 4 
2 4 4 2 4 4 2 4 4 2 4 4 2 4 4 2 4 4 2 4 4 
2 4 4 2 4 4 2 4 4 2 4 4 2 4 4 2 4 4 2 4 4 
2 4 2 4 4 2 4 4 2 4 4 2 4 4 2 4 4 2 4 4 2 
4 4 2 4 4 2 4 4 2 4 4 2 4 4 2 4 4 2 4 4 2 
4 4 2 4 4 2 4 4 2 4 4 2 4 4 2 4 2 4 4 2 4 
4 2 4 4 2 4 4 2 4 4 2 4 4 2 4 4 2 4 4 2 4 
4 2 4 4 2 4 4 2 4 4 2 4 4 2 4 4 2 4 4 2 4 
4 2 4 4 2 4 4 3 3 4 2 4 2 4 4 2 5 3 2 4 4 
2 4 4 2 4 4 2 4 4 2 4 4 2 4 4 2 4 4 2 4 4 
2 4 4 2 4 4 2 4 4 2 4 4 2 4 4 2 4 4 2 4 4 
2 4 4 2 4 4 2 4 2 4 4 2 4 4 2 4 4 2 4 4 2 
4 4 2 4 4 2 4 4 2 4 4 2 4 4 2 4 4 2 4 4 2 
4 4 2 4 4 2 4 4 2 4 4 2 4 4 2 4 4 2 4 4 2 
4 4 2 4 2 4 4 2 4 4 2 4 4 2 4 4 2 4 4 2 4 
4 2 4 4 2 4 4 2 4 4 2 4 4 2 4 4 2 4 4 2 4 
4 2 4 4 2 4 4 2 4 4 2 4 4 2 4 4 2 4 4 3 3 
2 4 4 2 4 4 2 4 4 2 4 4 2 4 4 2 4 4 2 4 4 
2 4 4 2 4 4 2 4 4 2 4 4 2 4 4 2 4 4 2 4 4 
2 4 4 2 4 4 2 4 4 2 4 4 2 4 4 2 4 2 4 4 2 
4 4 2 4 4 2 4 4 2 4 4 2 4 4 2 4 4 2 4 4 2 
4 4 2 4 4 2 4 4 2 4 4 2 4 4 2 4 4 2 4 4 2 
4 4 2 4 4 2 4 4 2 4 2 4 4 2 4 4 2 4 4 2 4 
4 2 4 4 2 4 4 2 4 4 2 4 4 2 4 4 2 4 4 2 4 
4 2 4 4 2 4 4 2 4 4 2 4 4 2 4 4 2 4 4 2 4 
4 3 3 4 2 4 2 4 4 2 5 3 2 4 4 2 4 4 2 4 4 
2 4 4 2 4 4 2 4 4 2 4 4 2 4 4 2 4 4 2 4 4 
2 4 4 2 4 4 2 4 4 2 4 4 2 4 4 2 4 4 2 4 4 
2 4 2 4 4 2 4 4 2 4 4 2 4 4 2 4 4 2 4 4 2 
4 4 2 4 4 2 4 4 2 4 4 2 4 4 2 4 4 2 4 4 2 
4 4 2 4 4 2 4 4 2 4 4 2 4 4 2 4 4 2 4 2 4 
4 2 4 4 2 4 4 2 4 4 2 4 4 2 4 4 2 4 4 2 4 
4 2 4 4 2 4 4 2 4 4 2 4 4 2 4 4 2 4 4 2 4 
4 2 4 4 2 4 4 2 4 4 2 4 4 3 3 2 4 4 2 4 4 
2 4 4 2 4 4 2 4 4 2 4 4 2 4 4 2 4 4 2 4 4 
2 4 4 2 4 4 2 4 4 2 4 4 2 4 4 2 4 4 2 4 4 
2 4 4 2 4 4 2 4 2 4 4 2 4 4 2 4 4 2 4 4 2 
4 4 2 4 4 2 4 4 2 4 4 2 4 4 2 4 4 2 4 4 2 
4 4 2 4 4 2 4 4 2 4 4 2 4 4 2 4 4 2 4 4 2 
4 4 2 4 2 4 4 2 4 4 2 4 4 2 4 4 2 4 4 2 4 
4 2 4 4 2 4 4 2 4 4 2 4 4 2 4 4 2 4 4 2 4 
4 2 4 4 2 4 4 2 4 4 2 4 4 2 4 4 3 3 4 2 4 
2 4 4 2 5 3 2 4 4 2 4 4 2 4 4 2 4 4 2 4 4 
2 4 4 2 4 4 2 4 4 2 4 4 2 4 4 2 4 4 2 4 4 
2 4 4 2 4 4 2 4 4 2 4 4 2 4 4 2 4 2 4 4 2 
4 4 2 4 4 2 4 4 2 4 4 2 4 4 2 4 4 2 4 4 2 
4 4 2 4 4 2 4 4 2 4 4 2 4 4 2 4 4 2 4 4 2 
4 4 2 4 4 2 4 4 2 4 4 2 4 2 4 4 2 4 4 2 4 
4 2 4 4 2 4 4 2 4 4 2 4 4 2 4 4 2 4 4 2 4 
4 2 4 4 2 4 4 2 4 4 2 4 4 2 4 4 2 4 4 2 4 
4 2 4 4 2 4 4 3 3 2 4 4 2 4 4 2 4 4 2 4 4 
2 4 4 2 4 4 2 4 4 2 4 4 2 4 4 2 4 4 2 4 4 
2 4 4 2 4 4 2 4 4 2 4 4 2 4 4 2 4 4 2 4 4 
2 4 2 4 4 2 4 4 2 4 4 2 4 4 2 4 4 2 4 4 2 
4 4 2 4 4 2 4 4 2 4 4 2 4 4 2 4 4 2 4 4 2 
4 4 2 4 4 2 4 4 2 4 4 2 4 4 2 4 4 2 4 2 4 
4 2 4 4 2 4 4 2 4 4 2 4 4 2 4 4 2 4 4 2 4 
4 2 4 4 2 4 4 2 4 4 2 4 4 2 4 4 2 4 4 2 4 
4 2 4 4 2 4 4 2 4 4 3 3 4 2 4 2 4 4 2 5 3 
2 4 4 2 4 4 2 4 4 2 4 4 2 4 4 2 4 4 2 4 4 
2 4 4 2 4 4 2 4 4 2 4 4 2 4 4 2 4 4 2 4 4 
2 4 4 2 4 4 2 4 4 2 4 2 4 4 2 4 4 2 4 4 2 
4 4 2 4 4 2 4 4 2 4 4 2 4 4 2 4 4 2 4 4 2 
4 4 2 4 4 2 4 4 2 4 4 2 4 4 2 4 4 2 4 4 2 
4 4 2 4 4 2 4 2 4 4 2 4 4 2 4 4 2 4 4 2 4 
4 2 4 4 2 4 4 2 4 4 2 4 4 2 4 4 2 4 4 2 4 
4 2 4 4 2 4 4 2 4 4 2 4 4 2 4 4 2 4 4 2 4 
2 5 3 2 4 4 2 4 4 2 4 4 2 4 4 2 4 4 2 4 4 
2 4 4 2 4 4 2 4 4 2 4 4 2 4 4 2 4 4 2 4 4 
2 4 4 2 4 4 2 4 4 2 4 4 2 4 4 2 4 2 4 4 2 
4 4 2 4 4 2 4 4 2 4 4 2 4 4 2 4 4 2 4 4 2 
4 4 2 4 4 2 4 4 2 4 4 2 4 4 2 4 4 2 4 4 2 
4 4 2 4 4 2 4 4 2 4 4 2 4 2 4 4 2 4 4 2 4 
4 2 4 4 2 4 4 2 4 4 2 4 4 2 4 4 2 4 4 2 4 
4 2 4 4 2 4 4 2 4 4 2 4 4 2 4 4 2 4 4 2 4 
4 2 4 4 3 3 4 2 4 2 4 4 2 5 3 2 4 4 2 4 4 
2 4 4 2 4 4 2 4 4 2 4 4 2 4 4 2 4 4 2 4 4 
2 4 4 2 4 4 2 4 4 2 4 4 2 4 4 2 4 4 2 4 4 
2 4 4 2 4 2 4 4 2 4 4 2 4 4 2 4 4 2 4 4 2 
4 4 2 4 4 2 4 4 2 4 4 2 4 4 2 4 4 2 4 4 2 
4 4 2 4 4 2 4 4 2 4 4 2 4 4 2 4 4 2 4 2 4 
4 2 4 4 2 4 4 2 4 4 2 4 4 2 4 4 2 4 4 2 4 
4 2 4 4 2 4 4 2 4 4 2 4 4 2 4 4 2 4 4 2 4 
4 2 4 4 2 4 4 2 4 4 2 4 4 2 4 2 5 3 2 4 4 
2 4 4 2 4 4 2 4 4 2 4 4 2 4 4 2 4 4 2 4 4 
2 4 4 2 4 4 2 4 4 2 4 4 2 4 4 2 4 4 2 4 4 
2 4 4 2 4 4 2 4 4 2 4 2 4 4 2 4 4 2 4 4 2 
4 4 2 4 4 2 4 4 2 4 4 2 4 4 2 4 4 2 4 4 2 
4 4 2 4 4 2 4 4 2 4 4 2 4 4 2 4 4 2 4 4 2 
4 4 2 4 4 2 4 2 4 4 2 4 4 2 4 4 2 4 4 2 4 
4 2 4 4 2 4 4 2 4 4 2 4 4 2 4 4 2 4 4 2 4 
4 2 4 4 2 4 4 2 4 4 2 4 4 2 4 4 2 4 4 3 3 
4 2 4 2 4 4 2 4 4 2 4 4 2 4 4 2 4 4 2 4 4 
2 4 4 2 4 4 2 4 4 2 4 4 2 4 4 2 4 4 2 4 4 
2 4 4 2 4 4 2 4 4 2 4 4 2 4 4 2 4 4 2 4 2 
4 4 2 4 4 2 4 4 2 4 4 2 4 4 2 4 4 2 4 4 2 
4 4 2 4 4 2 4 4 2 4 4 2 4 4 2 4 4 2 4 4 2 
4 4 2 4 4 2 4 4 2 4 4 2 4 2 4 4 2 4 4 2 4 
4 2 4 4 2 4 4 2 4 4 2 4 4 2 4 4 2 4 4 2 4 

87 - 0
117 - 0
386 - 0
655 - 195
685 - 0
954 - 0
984 - 0
1253 - 0
1283 - 0
1552 - 0
1821 - 546
1851 - 0
2120 - 0
2150 - 0
2419 - 0
2718 - 0
2987 - 0
3017 - 0
3286 - 0
3316 - 0
3585 - 0
3884 - 0
4153 - 0
4183 - 0
4452 - 0
4482 - 0
4751 - 0
5050 - 0
5319 - 0
5349 - 0
5618 - 0
5648 - 0
5917 - 0
6216 - 0
6485 - 0
6515 - 0
6784 - 0
6814 - 0
7083 - 0
7382 - 0
7651 - 0
7681 - 0
7950 - 0
7980 - 0
8249 - 0
8548 - 0
8817 - 0
8847 - 0
9116 - 0
9146 - 0
9415 - 0
9714 - 0
9983 - 0
10013 - 0
10282 - 0
10312 - 0
10581 - 0
10880 - 0
11149 - 0
11179 - 0
11448 - 0
11747 - 0
12016 - 0
12046 - 0
12315 - 0
12345 - 0
12614 - 0
12913 - 0
13182 - 0
13212 - 0
13481 - 0
13511 - 0
13780 - 0
14079 - 0
14348 - 0
14378 - 0
14647 - 0
14677 - 0
14946 - 0
15245 - 0
15514 - 0
15544 - 0
15813 - 0
15843 - 0
16112 - 0
16411 - 0
16680 - 0
16710 - 0
16979 - 0
17009 - 0
17278 - 0
17547 - 5280
17577 - 0
17846 - 0
17876 - 0
18145 - 0
18175 - 0
18444 - 0
18713 - 5631
18743 - 0
19012 - 0
19042 - 0
19311 - 0
19341 - 0
19610 - 0
19879 - 5982
19909 - 0
20178 - 0
20208 - 0
20477 - 0
20776 - 0
21045 - 0
21075 - 0
21344 - 0
21374 - 0
21643 - 0
21942 - 0
22211 - 0
22241 - 0
22510 - 0
22540 - 0
22809 - 0
23108 - 0
23377 - 0
23407 - 0
23676 - 0
23706 - 0
23975 - 0
24274 - 0
24543 - 0
24573 - 0
24842 - 0
24872 - 0
25141 - 0
25440 - 0
25709 - 0
25739 - 0
26008 - 0
26038 - 0
26307 - 0
26606 - 0
26875 - 0
26905 - 0
27174 - 0
27204 - 0
27473 - 0
27772 - 0
28041 - 0
28071 - 0
28340 - 0
28370 - 0
28639 - 0
28938 - 0
29207 - 0
29237 - 0
29506 - 0
29805 - 0
