0 -> 224
1 -> 129024
2 -> 74317824
3 -> 42807066624
4 -> 24656870375424
5 -> 14202357336244224
6 -> 8180557825676673024
7 -> 8081568793827999744
8 -> 6404118670120845312
9 -> -576460752303423488
10 -> 0
       0       1       3       6      10      15      21      28      36      45      55      66      78      91     105     120     136     153     171     190     210     231     253     276     300     325     351     378     406     435     465     496     528     561     595     630     666     703     741     780     820     861     903     946     990    1035    1081    1128    1176    1225    1275    1326    1378    1431    1485    1540    1596    1653    1711    1770    1830    1891    1953    2016    2080    2145    2211    2278    2346    2415    2485    2556    2628    2701    2775    2850    2926    3003    3081    3160
       1       2       7      12      21      30      43      56      73      90     111     132     157     182     211     240     273     306     343     380     421     462     507     552     601     650     703     756     813     870     931     992    1057    1122    1191    1260    1333    1406    1483    1560    1641    1722    1807    1892    1981    2070    2163    2256    2353    2450    2551    2652    2757    2862    2971    3080    3193    3306    3423    3540    3661    3782    3907    4032    4161    4290    4423    4556    4693    4830    4971    5112    5257    5402    5551    5700    5853    6006    6163    6320
       3       7      12      18      33      49      66      84     111     139     168     198     237     277     318     360     411     463     516     570     633     697     762     828     903     979    1056    1134    1221    1309    1398    1488    1587    1687    1788    1890    2001    2113    2226    2340    2463    2587    2712    2838    2973    3109    3246    3384    3531    3679    3828    3978    4137    4297    4458    4620    4791    4963    5136    5310    5493    5677    5862    6048    6243    6439    6636    6834    7041    7249    7458    7668    7887    8107    8328    8550    8781    9013    9246    9480
       6      12      18      24      46      68      90     112     150     188     226     264     318     372     426     480     550     620     690     760     846     932    1018    1104    1206    1308    1410    1512    1630    1748    1866    1984    2118    2252    2386    2520    2670    2820    2970    3120    3286    3452    3618    3784    3966    4148    4330    4512    4710    4908    5106    5304    5518    5732    5946    6160    6390    6620    6850    7080    7326    7572    7818    8064    8326    8588    8850    9112    9390    9668    9946   10224   10518   10812   11106   11400   11710   12020   12330   12640
      10      21      33      46      68      91     115     140     190     241     293     346     408     471     535     600     690     781     873     966    1068    1171    1275    1380    1510    1641    1773    1906    2048    2191    2335    2480    2650    2821    2993    3166    3348    3531    3715    3900    4110    4321    4533    4746    4968    5191    5415    5640    5890    6141    6393    6646    6908    7171    7435    7700    7990    8281    8573    8866    9168    9471    9775   10080   10410   10741   11073   11406   11748   12091   12435   12780   13150   13521   13893   14266   14648   15031   15415   15800
      15      30      49      68      91     114     141     168     231     294     361     428     499     570     645     720     831     942    1057    1172    1291    1410    1533    1656    1815    1974    2137    2300    2467    2634    2805    2976    3183    3390    3601    3812    4027    4242    4461    4680    4935    5190    5449    5708    5971    6234    6501    6768    7071    7374    7681    7988    8299    8610    8925    9240    9591    9942   10297   10652   11011   11370   11733   12096   12495   12894   13297   13700   14107   14514   14925   15336   15783   16230   16681   17132   17587   18042   18501   18960
      21      43      66      90     115     141     168     196     273     351     430     510     591     673     756     840     973    1107    1242    1378    1515    1653    1792    1932    2121    2311    2502    2694    2887    3081    3276    3472    3717    3963    4210    4458    4707    4957    5208    5460    5761    6063    6366    6670    6975    7281    7588    7896    8253    8611    8970    9330    9691   10053   10416   10780   11193   11607   12022   12438   12855   13273   13692   14112   14581   15051   15522   15994   16467   16941   17416   17892   18417   18943   19470   19998   20527   21057   21588   22120
      28      56      84     112     140     168     196     224     316     408     500     592     684     776     868     960    1116    1272    1428    1584    1740    1896    2052    2208    2428    2648    2868    3088    3308    3528    3748    3968    4252    4536    4820    5104    5388    5672    5956    6240    6588    6936    7284    7632    7980    8328    8676    9024    9436    9848   10260   10672   11084   11496   11908   12320   12796   13272   13748   14224   14700   15176   15652   16128   16668   17208   17748   18288   18828   19368   19908   20448   21052   21656   22260   22864   23468   24072   24676   25280
      36      73     111     150     190     231     273     316     408     501     595     690     786     883     981    1080    1260    1441    1623    1806    1990    2175    2361    2548    2784    3021    3259    3498    3738    3979    4221    4464    4788    5113    5439    5766    6094    6423    6753    7084    7464    7845    8227    8610    8994    9379    9765   10152   10620   11089   11559   12030   12502   12975   13449   13924   14448   14973   15499   16026   16554   17083   17613   18144   18756   19369   19983   20598   21214   21831   22449   23068   23736   24405   25075   25746   26418   27091   27765   28440
      45      90     139     188     241     294     351     408     501     594     691     788     889     990    1095    1200    1405    1610    1819    2028    2241    2454    2671    2888    3141    3394    3651    3908    4169    4430    4695    4960    5325    5690    6059    6428    6801    7174    7551    7928    8341    8754    9171    9588   10009   10430   10855   11280   11805   12330   12859   13388   13921   14454   14991   15528   16101   16674   17251   17828   18409   18990   19575   20160   20845   21530   22219   22908   23601   24294   24991   25688   26421   27154   27891   28628   29369   30110   30855   31600
      55     111     168     226     293     361     430     500     595     691     788     886     993    1101    1210    1320    1551    1783    2016    2250    2493    2737    2982    3228    3499    3771    4044    4318    4601    4885    5170    5456    5863    6271    6680    7090    7509    7929    8350    8772    9219    9667   10116   10566   11025   11485   11946   12408   12991   13575   14160   14746   15341   15937   16534   17132   17755   18379   19004   19630   20265   20901   21538   22176   22935   23695   24456   25218   25989   26761   27534   28308   29107   29907   30708   31510   32321   33133   33946   34760
      66     132     198     264     346     428     510     592     690     788     886     984    1098    1212    1326    1440    1698    1956    2214    2472    2746    3020    3294    3568    3858    4148    4438    4728    5034    5340    5646    5952    6402    6852    7302    7752    8218    8684    9150    9616   10098   10580   11062   11544   12042   12540   13038   13536   14178   14820   15462   16104   16762   17420   18078   18736   19410   20084   20758   21432   22122   22812   23502   24192   25026   25860   26694   27528   28378   29228   30078   30928   31794   32660   33526   34392   35274   36156   37038   37920
      78     157     237     318     408     499     591     684     786     889     993    1098    1212    1327    1443    1560    1846    2133    2421    2710    3008    3307    3607    3908    4218    4529    4841    5154    5476    5799    6123    6448    6942    7437    7933    8430    8936    9443    9951   10460   10978   11497   12017   12538   13068   13599   14131   14664   15366   16069   16773   17478   18192   18907   19623   20340   21066   21793   22521   23250   23988   24727   25467   26208   27118   28029   28941   29854   30776   31699   32623   33548   34482   35417   36353   37290   38236   39183   40131   41080
      91     182     277     372     471     570     673     776     883     990    1101    1212    1327    1442    1561    1680    1995    2310    2629    2948    3271    3594    3921    4248    4579    4910    5245    5580    5919    6258    6601    6944    7483    8022    8565    9108    9655   10202   10753   11304   11859   12414   12973   13532   14095   14658   15225   15792   16555   17318   18085   18852   19623   20394   21169   21944   22723   23502   24285   25068   25855   26642   27433   28224   29211   30198   31189   32180   33175   34170   35169   36168   37171   38174   39181   40188   41199   42210   43225   44240
     105     211     318     426     535     645     756     868     981    1095    1210    1326    1443    1561    1680    1800    2145    2491    2838    3186    3535    3885    4236    4588    4941    5295    5650    6006    6363    6721    7080    7440    8025    8611    9198    9786   10375   10965   11556   12148   12741   13335   13930   14526   15123   15721   16320   16920   17745   18571   19398   20226   21055   21885   22716   23548   24381   25215   26050   26886   27723   28561   29400   30240   31305   32371   33438   34506   35575   36645   37716   38788   39861   40935   42010   43086   44163   45241   46320   47400
     120     240     360     480     600     720     840     960    1080    1200    1320    1440    1560    1680    1800    1920    2296    2672    3048    3424    3800    4176    4552    4928    5304    5680    6056    6432    6808    7184    7560    7936    8568    9200    9832   10464   11096   11728   12360   12992   13624   14256   14888   15520   16152   16784   17416   18048   18936   19824   20712   21600   22488   23376   24264   25152   26040   26928   27816   28704   29592   30480   31368   32256   33400   34544   35688   36832   37976   39120   40264   41408   42552   43696   44840   45984   47128   48272   49416   50560
     136     273     411     550     690     831     973    1116    1260    1405    1551    1698    1846    1995    2145    2296    2672    3049    3427    3806    4186    4567    4949    5332    5716    6101    6487    6874    7262    7651    8041    8432    9112    9793   10475   11158   11842   12527   13213   13900   14588   15277   15967   16658   17350   18043   18737   19432   20352   21273   22195   23118   24042   24967   25893   26820   27748   28677   29607   30538   31470   32403   33337   34272   35496   36721   37947   39174   40402   41631   42861   44092   45324   46557   47791   49026   50262   51499   52737   53976
     153     306     463     620     781     942    1107    1272    1441    1610    1783    1956    2133    2310    2491    2672    3049    3426    3807    4188    4573    4958    5347    5736    6129    6522    6919    7316    7717    8118    8523    8928    9657   10386   11119   11852   12589   13326   14067   14808   15553   16298   17047   17796   18549   19302   20059   20816   21769   22722   23679   24636   25597   26558   27523   28488   29457   30426   31399   32372   33349   34326   35307   36288   37593   38898   40207   41516   42829   44142   45459   46776   48097   49418   50743   52068   53397   54726   56059   57392
     171     343     516     690     873    1057    1242    1428    1623    1819    2016    2214    2421    2629    2838    3048    3427    3807    4188    4570    4961    5353    5746    6140    6543    6947    7352    7758    8173    8589    9006    9424   10203   10983   11764   12546   13337   14129   14922   15716   16519   17323   18128   18934   19749   20565   21382   22200   23187   24175   25164   26154   27153   28153   29154   30156   31167   32179   33192   34206   35229   36253   37278   38304   39691   41079   42468   43858   45257   46657   48058   49460   50871   52283   53696   55110   56533   57957   59382   60808
     190     380     570     760     966    1172    1378    1584    1806    2028    2250    2472    2710    2948    3186    3424    3806    4188    4570    4952    5350    5748    6146    6544    6958    7372    7786    8200    8630    9060    9490    9920   10750   11580   12410   13240   14086   14932   15778   16624   17486   18348   19210   20072   20950   21828   22706   23584   24606   25628   26650   27672   28710   29748   30786   31824   32878   33932   34986   36040   37110   38180   39250   40320   41790   43260   44730   46200   47686   49172   50658   52144   53646   55148   56650   58152   59670   61188   62706   64224
     210     421     633     846    1068    1291    1515    1740    1990    2241    2493    2746    3008    3271    3535    3800    4186    4573    4961    5350    5748    6147    6547    6948    7374    7801    8229    8658    9096    9535    9975   10416   11298   12181   13065   13950   14844   15739   16635   17532   18454   19377   20301   21226   22160   23095   24031   24968   26026   27085   28145   29206   30276   31347   32419   33492   34590   35689   36789   37890   39000   40111   41223   42336   43890   45445   47001   48558   50124   51691   53259   54828   56422   58017   59613   61210   62816   64423   66031   67640
     231     462     697     932    1171    1410    1653    1896    2175    2454    2737    3020    3307    3594    3885    4176    4567    4958    5353    5748    6147    6546    6949    7352    7791    8230    8673    9116    9563   10010   10461   10912   11847   12782   13721   14660   15603   16546   17493   18440   19423   20406   21393   22380   23371   24362   25357   26352   27447   28542   29641   30740   31843   32946   34053   35160   36303   37446   38593   39740   40891   42042   43197   44352   45991   47630   49273   50916   52563   54210   55861   57512   59199   60886   62577   64268   65963   67658   69357   71056
     253     507     762    1018    1275    1533    1792    2052    2361    2671    2982    3294    3607    3921    4236    4552    4949    5347    5746    6146    6547    6949    7352    7756    8209    8663    9118    9574   10031   10489   10948   11408   12397   13387   14378   15370   16363   17357   18352   19348   20393   21439   22486   23534   24583   25633   26684   27736   28869   30003   31138   32274   33411   34549   35688   36828   38017   39207   40398   41590   42783   43977   45172   46368   48093   49819   51546   53274   55003   56733   58464   60196   61977   63759   65542   67326   69111   70897   72684   74472
     276     552     828    1104    1380    1656    1932    2208    2548    2888    3228    3568    3908    4248    4588    4928    5332    5736    6140    6544    6948    7352    7756    8160    8628    9096    9564   10032   10500   10968   11436   11904   12948   13992   15036   16080   17124   18168   19212   20256   21364   22472   23580   24688   25796   26904   28012   29120   30292   31464   32636   33808   34980   36152   37324   38496   39732   40968   42204   43440   44676   45912   47148   48384   50196   52008   53820   55632   57444   59256   61068   62880   64756   66632   68508   70384   72260   74136   76012   77888
     300     601     903    1206    1510    1815    2121    2428    2784    3141    3499    3858    4218    4579    4941    5304    5716    6129    6543    6958    7374    7791    8209    8628    9096    9565   10035   10506   10978   11451   11925   12400   13500   14601   15703   16806   17910   19015   20121   21228   22384   23541   24699   25858   27018   28179   29341   30504   31716   32929   34143   35358   36574   37791   39009   40228   41496   42765   44035   45306   46578   47851   49125   50400   52300   54201   56103   58006   59910   61815   63721   65628   67584   69541   71499   73458   75418   77379   79341   81304
     325     650     979    1308    1641    1974    2311    2648    3021    3394    3771    4148    4529    4910    5295    5680    6101    6522    6947    7372    7801    8230    8663    9096    9565   10034   10507   10980   11457   11934   12415   12896   14053   15210   16371   17532   18697   19862   21031   22200   23405   24610   25819   27028   28241   29454   30671   31888   33141   34394   35651   36908   38169   39430   40695   41960   43261   44562   45867   47172   48481   49790   51103   52416   54405   56394   58387   60380   62377   64374   66375   68376   70413   72450   74491   76532   78577   80622   82671   84720
     351     703    1056    1410    1773    2137    2502    2868    3259    3651    4044    4438    4841    5245    5650    6056    6487    6919    7352    7786    8229    8673    9118    9564   10035   10507   10980   11454   11937   12421   12906   13392   14607   15823   17040   18258   19485   20713   21942   23172   24427   25683   26940   28198   29465   30733   32002   33272   34567   35863   37160   38458   39765   41073   42382   43692   45027   46363   47700   49038   50385   51733   53082   54432   56511   58591   60672   62754   64845   66937   69030   71124   73243   75363   77484   79606   81737   83869   86002   88136
     378     756    1134    1512    1906    2300    2694    3088    3498    3908    4318    4728    5154    5580    6006    6432    6874    7316    7758    8200    8658    9116    9574   10032   10506   10980   11454   11928   12418   12908   13398   13888   15162   16436   17710   18984   20274   21564   22854   24144   25450   26756   28062   29368   30690   32012   33334   34656   35994   37332   38670   40008   41362   42716   44070   45424   46794   48164   49534   50904   52290   53676   55062   56448   58618   60788   62958   65128   67314   69500   71686   73872   76074   78276   80478   82680   84898   87116   89334   91552
     406     813    1221    1630    2048    2467    2887    3308    3738    4169    4601    5034    5476    5919    6363    6808    7262    7717    8173    8630    9096    9563   10031   10500   10978   11457   11937   12418   12908   13399   13891   14384   15718   17053   18389   19726   21072   22419   23767   25116   26474   27833   29193   30554   31924   33295   34667   36040   37422   38805   40189   41574   42968   44363   45759   47156   48562   49969   51377   52786   54204   55623   57043   58464   60726   62989   65253   67518   69792   72067   74343   76620   78906   81193   83481   85770   88068   90367   92667   94968
     435     870    1309    1748    2191    2634    3081    3528    3979    4430    4885    5340    5799    6258    6721    7184    7651    8118    8589    9060    9535   10010   10489   10968   11451   11934   12421   12908   13399   13890   14385   14880   16275   17670   19069   20468   21871   23274   24681   26088   27499   28910   30325   31740   33159   34578   36001   37424   38851   40278   41709   43140   44575   46010   47449   48888   50331   51774   53221   54668   56119   57570   59025   60480   62835   65190   67549   69908   72271   74634   77001   79368   81739   84110   86485   88860   91239   93618   96001   98384
     465     931    1398    1866    2335    2805    3276    3748    4221    4695    5170    5646    6123    6601    7080    7560    8041    8523    9006    9490    9975   10461   10948   11436   11925   12415   12906   13398   13891   14385   14880   15376   16833   18291   19750   21210   22671   24133   25596   27060   28525   29991   31458   32926   34395   35865   37336   38808   40281   41755   43230   44706   46183   47661   49140   50620   52101   53583   55066   56550   58035   59521   61008   62496   64945   67395   69846   72298   74751   77205   79660   82116   84573   87031   89490   91950   94411   96873   99336  101800
     496     992    1488    1984    2480    2976    3472    3968    4464    4960    5456    5952    6448    6944    7440    7936    8432    8928    9424    9920   10416   10912   11408   11904   12400   12896   13392   13888   14384   14880   15376   15872   17392   18912   20432   21952   23472   24992   26512   28032   29552   31072   32592   34112   35632   37152   38672   40192   41712   43232   44752   46272   47792   49312   50832   52352   53872   55392   56912   58432   59952   61472   62992   64512   67056   69600   72144   74688   77232   79776   82320   84864   87408   89952   92496   95040   97584  100128  102672  105216
     528    1057    1587    2118    2650    3183    3717    4252    4788    5325    5863    6402    6942    7483    8025    8568    9112    9657   10203   10750   11298   11847   12397   12948   13500   14053   14607   15162   15718   16275   16833   17392   18912   20433   21955   23478   25002   26527   28053   29580   31108   32637   34167   35698   37230   38763   40297   41832   43368   44905   46443   47982   49522   51063   52605   54148   55692   57237   58783   60330   61878   63427   64977   66528   69168   71809   74451   77094   79738   82383   85029   87676   90324   92973   95623   98274  100926  103579  106233  108888
     561    1122    1687    2252    2821    3390    3963    4536    5113    5690    6271    6852    7437    8022    8611    9200    9793   10386   10983   11580   12181   12782   13387   13992   14601   15210   15823   16436   17053   17670   18291   18912   20433   21954   23479   25004   26533   28062   29595   31128   32665   34202   35743   37284   38829   40374   41923   43472   45025   46578   48135   49692   51253   52814   54379   55944   57513   59082   60655   62228   63805   65382   66963   68544   71281   74018   76759   79500   82245   84990   87739   90488   93241   95994   98751  101508  104269  107030  109795  112560
     595    1191    1788    2386    2993    3601    4210    4820    5439    6059    6680    7302    7933    8565    9198    9832   10475   11119   11764   12410   13065   13721   14378   15036   15703   16371   17040   17710   18389   19069   19750   20432   21955   23479   25004   26530   28065   29601   31138   32676   34223   35771   37320   38870   40429   41989   43550   45112   46683   48255   49828   51402   52985   54569   56154   57740   59335   60931   62528   64126   65733   67341   68950   70560   73395   76231   79068   81906   84753   87601   90450   93300   96159   99019  101880  104742  107613  110485  113358  116232
     630    1260    1890    2520    3166    3812    4458    5104    5766    6428    7090    7752    8430    9108    9786   10464   11158   11852   12546   13240   13950   14660   15370   16080   16806   17532   18258   18984   19726   20468   21210   21952   23478   25004   26530   28056   29598   31140   32682   34224   35782   37340   38898   40456   42030   43604   45178   46752   48342   49932   51522   53112   54718   56324   57930   59536   61158   62780   64402   66024   67662   69300   70938   72576   75510   78444   81378   84312   87262   90212   93162   96112   99078  102044  105010  107976  110958  113940  116922  119904
     666    1333    2001    2670    3348    4027    4707    5388    6094    6801    7509    8218    8936    9655   10375   11096   11842   12589   13337   14086   14844   15603   16363   17124   17910   18697   19485   20274   21072   21871   22671   23472   25002   26533   28065   29598   31140   32683   34227   35772   37342   38913   40485   42058   43640   45223   46807   48392   50002   51613   53225   54838   56460   58083   59707   61332   62982   64633   66285   67938   69600   71263   72927   74592   77626   80661   83697   86734   89780   92827   95875   98924  101998  105073  108149  111226  114312  117399  120487  123576
     703    1406    2113    2820    3531    4242    4957    5672    6423    7174    7929    8684    9443   10202   10965   11728   12527   13326   14129   14932   15739   16546   17357   18168   19015   19862   20713   21564   22419   23274   24133   24992   26527   28062   29601   31140   32683   34226   35773   37320   38903   40486   42073   43660   45251   46842   48437   50032   51663   53294   54929   56564   58203   59842   61485   63128   64807   66486   68169   69852   71539   73226   74917   76608   79743   82878   86017   89156   92299   95442   98589  101736  104919  108102  111289  114476  117667  120858  124053  127248
     741    1483    2226    2970    3715    4461    5208    5956    6753    7551    8350    9150    9951   10753   11556   12360   13213   14067   14922   15778   16635   17493   18352   19212   20121   21031   21942   22854   23767   24681   25596   26512   28053   29595   31138   32682   34227   35773   37320   38868   40465   42063   43662   45262   46863   48465   50068   51672   53325   54979   56634   58290   59947   61605   63264   64924   66633   68343   70054   71766   73479   75193   76908   78624   81861   85099   88338   91578   94819   98061  101304  104548  107841  111135  114430  117726  121023  124321  127620  130920
     780    1560    2340    3120    3900    4680    5460    6240    7084    7928    8772    9616   10460   11304   12148   12992   13900   14808   15716   16624   17532   18440   19348   20256   21228   22200   23172   24144   25116   26088   27060   28032   29580   31128   32676   34224   35772   37320   38868   40416   42028   43640   45252   46864   48476   50088   51700   53312   54988   56664   58340   60016   61692   63368   65044   66720   68460   70200   71940   73680   75420   77160   78900   80640   83980   87320   90660   94000   97340  100680  104020  107360  110764  114168  117572  120976  124380  127784  131188  134592
     820    1641    2463    3286    4110    4935    5761    6588    7464    8341    9219   10098   10978   11859   12741   13624   14588   15553   16519   17486   18454   19423   20393   21364   22384   23405   24427   25450   26474   27499   28525   29552   31108   32665   34223   35782   37342   38903   40465   42028   43640   45253   46867   48482   50098   51715   53333   54952   56652   58353   60055   61758   63462   65167   66873   68580   70336   72093   73851   75610   77370   79131   80893   82656   86100   89545   92991   96438   99886  103335  106785  110236  113736  117237  120739  124242  127746  131251  134757  138264
     861    1722    2587    3452    4321    5190    6063    6936    7845    8754    9667   10580   11497   12414   13335   14256   15277   16298   17323   18348   19377   20406   21439   22472   23541   24610   25683   26756   27833   28910   29991   31072   32637   34202   35771   37340   38913   40486   42063   43640   45253   46866   48483   50100   51721   53342   54967   56592   58317   60042   61771   63500   65233   66966   68703   70440   72213   73986   75763   77540   79321   81102   82887   84672   88221   91770   95323   98876  102433  105990  109551  113112  116709  120306  123907  127508  131113  134718  138327  141936
     903    1807    2712    3618    4533    5449    6366    7284    8227    9171   10116   11062   12017   12973   13930   14888   15967   17047   18128   19210   20301   21393   22486   23580   24699   25819   26940   28062   29193   30325   31458   32592   34167   35743   37320   38898   40485   42073   43662   45252   46867   48483   50100   51718   53345   54973   56602   58232   59983   61735   63488   65242   67005   68769   70534   72300   74091   75883   77676   79470   81273   83077   84882   86688   90343   93999   97656  101314  104981  108649  112318  115988  119683  123379  127076  130774  134481  138189  141898  145608
     946    1892    2838    3784    4746    5708    6670    7632    8610    9588   10566   11544   12538   13532   14526   15520   16658   17796   18934   20072   21226   22380   23534   24688   25858   27028   28198   29368   30554   31740   32926   34112   35698   37284   38870   40456   42058   43660   45262   46864   48482   50100   51718   53336   54970   56604   58238   59872   61650   63428   65206   66984   68778   70572   72366   74160   75970   77780   79590   81400   83226   85052   86878   88704   92466   96228   99990  103752  107530  111308  115086  118864  122658  126452  130246  134040  137850  141660  145470  149280
     990    1981    2973    3966    4968    5971    6975    7980    8994   10009   11025   12042   13068   14095   15123   16152   17350   18549   19749   20950   22160   23371   24583   25796   27018   28241   29465   30690   31924   33159   34395   35632   37230   38829   40429   42030   43640   45251   46863   48476   50098   51721   53345   54970   56604   58239   59875   61512   63318   65125   66933   68742   70560   72379   74199   76020   77850   79681   81513   83346   85188   87031   88875   90720   94590   98461  102333  106206  110088  113971  117855  121740  125634  129529  133425  137322  141228  145135  149043  152952
    1035    2070    3109    4148    5191    6234    7281    8328    9379   10430   11485   12540   13599   14658   15721   16784   18043   19302   20565   21828   23095   24362   25633   26904   28179   29454   30733   32012   33295   34578   35865   37152   38763   40374   41989   43604   45223   46842   48465   50088   51715   53342   54973   56604   58239   59874   61513   63152   64987   66822   68661   70500   72343   74186   76033   77880   79731   81582   83437   85292   87151   89010   90873   92736   96715  100694  104677  108660  112647  116634  120625  124616  128611  132606  136605  140604  144607  148610  152617  156624
    1081    2163    3246    4330    5415    6501    7588    8676    9765   10855   11946   13038   14131   15225   16320   17416   18737   20059   21382   22706   24031   25357   26684   28012   29341   30671   32002   33334   34667   36001   37336   38672   40297   41923   43550   45178   46807   48437   50068   51700   53333   54967   56602   58238   59875   61513   63152   64792   66657   68523   70390   72258   74127   75997   77868   79740   81613   83487   85362   87238   89115   90993   92872   94752   98841  102931  107022  111114  115207  119301  123396  127492  131589  135687  139786  143886  147987  152089  156192  160296
    1128    2256    3384    4512    5640    6768    7896    9024   10152   11280   12408   13536   14664   15792   16920   18048   19432   20816   22200   23584   24968   26352   27736   29120   30504   31888   33272   34656   36040   37424   38808   40192   41832   43472   45112   46752   48392   50032   51672   53312   54952   56592   58232   59872   61512   63152   64792   66432   68328   70224   72120   74016   75912   77808   79704   81600   83496   85392   87288   89184   91080   92976   94872   96768  100968  105168  109368  113568  117768  121968  126168  130368  134568  138768  142968  147168  151368  155568  159768  163968
    1176    2353    3531    4710    5890    7071    8253    9436   10620   11805   12991   14178   15366   16555   17745   18936   20352   21769   23187   24606   26026   27447   28869   30292   31716   33141   34567   35994   37422   38851   40281   41712   43368   45025   46683   48342   50002   51663   53325   54988   56652   58317   59983   61650   63318   64987   66657   68328   70224   72121   74019   75918   77818   79719   81621   83524   85428   87333   89239   91146   93054   94963   96873   98784  103096  107409  111723  116038  120354  124671  128989  133308  137628  141949  146271  150594  154918  159243  163569  167896
    1225    2450    3679    4908    6141    7374    8611    9848   11089   12330   13575   14820   16069   17318   18571   19824   21273   22722   24175   25628   27085   28542   30003   31464   32929   34394   35863   37332   38805   40278   41755   43232   44905   46578   48255   49932   51613   53294   54979   56664   58353   60042   61735   63428   65125   66822   68523   70224   72121   74018   75919   77820   79725   81630   83539   85448   87361   89274   91191   93108   95029   96950   98875  100800  105225  109650  114079  118508  122941  127374  131811  136248  140689  145130  149575  154020  158469  162918  167371  171824
    1275    2551    3828    5106    6393    7681    8970   10260   11559   12859   14160   15462   16773   18085   19398   20712   22195   23679   25164   26650   28145   29641   31138   32636   34143   35651   37160   38670   40189   41709   43230   44752   46443   48135   49828   51522   53225   54929   56634   58340   60055   61771   63488   65206   66933   68661   70390   72120   74019   75919   77820   79722   81633   83545   85458   87372   89295   91219   93144   95070   97005   98941  100878  102816  107355  111895  116436  120978  125529  130081  134634  139188  143751  148315  152880  157446  162021  166597  171174  175752
    1326    2652    3978    5304    6646    7988    9330   10672   12030   13388   14746   16104   17478   18852   20226   21600   23118   24636   26154   27672   29206   30740   32274   33808   35358   36908   38458   40008   41574   43140   44706   46272   47982   49692   51402   53112   54838   56564   58290   60016   61758   63500   65242   66984   68742   70500   72258   74016   75918   77820   79722   81624   83542   85460   87378   89296   91230   93164   95098   97032   98982  100932  102882  104832  109486  114140  118794  123448  128118  132788  137458  142128  146814  151500  156186  160872  165574  170276  174978  179680
    1378    2757    4137    5518    6908    8299    9691   11084   12502   13921   15341   16762   18192   19623   21055   22488   24042   25597   27153   28710   30276   31843   33411   34980   36574   38169   39765   41362   42968   44575   46183   47792   49522   51253   52985   54718   56460   58203   59947   61692   63462   65233   67005   68778   70560   72343   74127   75912   77818   79725   81633   83542   85460   87379   89299   91220   93166   95113   97061   99010  100968  102927  104887  106848  111618  116389  121161  125934  130716  135499  140283  145068  149878  154689  159501  164314  169136  173959  178783  183608
    1431    2862    4297    5732    7171    8610   10053   11496   12975   14454   15937   17420   18907   20394   21885   23376   24967   26558   28153   29748   31347   32946   34549   36152   37791   39430   41073   42716   44363   46010   47661   49312   51063   52814   54569   56324   58083   59842   61605   63368   65167   66966   68769   70572   72379   74186   75997   77808   79719   81630   83545   85460   87379   89298   91221   93144   95103   97062   99025  100988  102955  104922  106893  108864  113751  118638  123529  128420  133315  138210  143109  148008  152943  157878  162817  167756  172699  177642  182589  187536
    1485    2971    4458    5946    7435    8925   10416   11908   13449   14991   16534   18078   19623   21169   22716   24264   25893   27523   29154   30786   32419   34053   35688   37324   39009   40695   42382   44070   45759   47449   49140   50832   52605   54379   56154   57930   59707   61485   63264   65044   66873   68703   70534   72366   74199   76033   77868   79704   81621   83539   85458   87378   89299   91221   93144   95068   97041   99015  100990  102966  104943  106921  108900  110880  115885  120891  125898  130906  135915  140925  145936  150948  156009  161071  166134  171198  176263  181329  186396  191464
    1540    3080    4620    6160    7700    9240   10780   12320   13924   15528   17132   18736   20340   21944   23548   25152   26820   28488   30156   31824   33492   35160   36828   38496   40228   41960   43692   45424   47156   48888   50620   52352   54148   55944   57740   59536   61332   63128   64924   66720   68580   70440   72300   74160   76020   77880   79740   81600   83524   85448   87372   89296   91220   93144   95068   96992   98980  100968  102956  104944  106932  108920  110908  112896  118020  123144  128268  133392  138516  143640  148764  153888  159076  164264  169452  174640  179828  185016  190204  195392
    1596    3193    4791    6390    7990    9591   11193   12796   14448   16101   17755   19410   21066   22723   24381   26040   27748   29457   31167   32878   34590   36303   38017   39732   41496   43261   45027   46794   48562   50331   52101   53872   55692   57513   59335   61158   62982   64807   66633   68460   70336   72213   74091   75970   77850   79731   81613   83496   85428   87361   89295   91230   93166   95103   97041   98980  100968  102957  104947  106938  108930  110923  112917  114912  120156  125401  130647  135894  141142  146391  151641  156892  162192  167493  172795  178098  183402  188707  194013  199320
    1653    3306    4963    6620    8281    9942   11607   13272   14973   16674   18379   20084   21793   23502   25215   26928   28677   30426   32179   33932   35689   37446   39207   40968   42765   44562   46363   48164   49969   51774   53583   55392   57237   59082   60931   62780   64633   66486   68343   70200   72093   73986   75883   77780   79681   81582   83487   85392   87333   89274   91219   93164   95113   97062   99015  100968  102957  104946  106939  108932  110929  112926  114927  116928  122293  127658  133027  138396  143769  149142  154519  159896  165309  170722  176139  181556  186977  192398  197823  203248
    1711    3423    5136    6850    8573   10297   12022   13748   15499   17251   19004   20758   22521   24285   26050   27816   29607   31399   33192   34986   36789   38593   40398   42204   44035   45867   47700   49534   51377   53221   55066   56912   58783   60655   62528   64402   66285   68169   70054   71940   73851   75763   77676   79590   81513   83437   85362   87288   89239   91191   93144   95098   97061   99025  100990  102956  104947  106939  108932  110926  112929  114933  116938  118944  124431  129919  135408  140898  146397  151897  157398  162900  168427  173955  179484  185014  190553  196093  201634  207176
    1770    3540    5310    7080    8866   10652   12438   14224   16026   17828   19630   21432   23250   25068   26886   28704   30538   32372   34206   36040   37890   39740   41590   43440   45306   47172   49038   50904   52786   54668   56550   58432   60330   62228   64126   66024   67938   69852   71766   73680   75610   77540   79470   81400   83346   85292   87238   89184   91146   93108   95070   97032   99010  100988  102966  104944  106938  108932  110926  112920  114930  116940  118950  120960  126570  132180  137790  143400  149026  154652  160278  165904  171546  177188  182830  188472  194130  199788  205446  211104
    1830    3661    5493    7326    9168   11011   12855   14700   16554   18409   20265   22122   23988   25855   27723   29592   31470   33349   35229   37110   39000   40891   42783   44676   46578   48481   50385   52290   54204   56119   58035   59952   61878   63805   65733   67662   69600   71539   73479   75420   77370   79321   81273   83226   85188   87151   89115   91080   93054   95029   97005   98982  100968  102955  104943  106932  108930  110929  112929  114930  116940  118951  120963  122976  128710  134445  140181  145918  151664  157411  163159  168908  174666  180425  186185  191946  197716  203487  209259  215032
    1891    3782    5677    7572    9471   11370   13273   15176   17083   18990   20901   22812   24727   26642   28561   30480   32403   34326   36253   38180   40111   42042   43977   45912   47851   49790   51733   53676   55623   57570   59521   61472   63427   65382   67341   69300   71263   73226   75193   77160   79131   81102   83077   85052   87031   89010   90993   92976   94963   96950   98941  100932  102927  104922  106921  108920  110923  112926  114933  116940  118951  120962  122977  124992  130851  136710  142573  148436  154303  160170  166041  171912  177787  183662  189541  195420  201303  207186  213073  218960
    1953    3907    5862    7818    9775   11733   13692   15652   17613   19575   21538   23502   25467   27433   29400   31368   33337   35307   37278   39250   41223   43197   45172   47148   49125   51103   53082   55062   57043   59025   61008   62992   64977   66963   68950   70938   72927   74917   76908   78900   80893   82887   84882   86878   88875   90873   92872   94872   96873   98875  100878  102882  104887  106893  108900  110908  112917  114927  116938  118950  120963  122977  124992  127008  132993  138979  144966  150954  156943  162933  168924  174916  180909  186903  192898  198894  204891  210889  216888  222888
    2016    4032    6048    8064   10080   12096   14112   16128   18144   20160   22176   24192   26208   28224   30240   32256   34272   36288   38304   40320   42336   44352   46368   48384   50400   52416   54432   56448   58464   60480   62496   64512   66528   68544   70560   72576   74592   76608   78624   80640   82656   84672   86688   88704   90720   92736   94752   96768   98784  100800  102816  104832  106848  108864  110880  112896  114912  116928  118944  120960  122976  124992  127008  129024  135136  141248  147360  153472  159584  165696  171808  177920  184032  190144  196256  202368  208480  214592  220704  226816
    2080    4161    6243    8326   10410   12495   14581   16668   18756   20845   22935   25026   27118   29211   31305   33400   35496   37593   39691   41790   43890   45991   48093   50196   52300   54405   56511   58618   60726   62835   64945   67056   69168   71281   73395   75510   77626   79743   81861   83980   86100   88221   90343   92466   94590   96715   98841  100968  103096  105225  107355  109486  111618  113751  115885  118020  120156  122293  124431  126570  128710  130851  132993  135136  141248  147361  153475  159590  165706  171823  177941  184060  190180  196301  202423  208546  214670  220795  226921  233048
    2145    4290    6439    8588   10741   12894   15051   17208   19369   21530   23695   25860   28029   30198   32371   34544   36721   38898   41079   43260   45445   47630   49819   52008   54201   56394   58591   60788   62989   65190   67395   69600   71809   74018   76231   78444   80661   82878   85099   87320   89545   91770   93999   96228   98461  100694  102931  105168  107409  109650  111895  114140  116389  118638  120891  123144  125401  127658  129919  132180  134445  136710  138979  141248  147361  153474  159591  165708  171829  177950  184075  190200  196329  202458  208591  214724  220861  226998  233139  239280
    2211    4423    6636    8850   11073   13297   15522   17748   19983   22219   24456   26694   28941   31189   33438   35688   37947   40207   42468   44730   47001   49273   51546   53820   56103   58387   60672   62958   65253   67549   69846   72144   74451   76759   79068   81378   83697   86017   88338   90660   92991   95323   97656   99990  102333  104677  107022  109368  111723  114079  116436  118794  121161  123529  125898  128268  130647  133027  135408  137790  140181  142573  144966  147360  153475  159591  165708  171826  177953  184081  190210  196340  202479  208619  214760  220902  227053  233205  239358  245512
    2278    4556    6834    9112   11406   13700   15994   18288   20598   22908   25218   27528   29854   32180   34506   36832   39174   41516   43858   46200   48558   50916   53274   55632   58006   60380   62754   65128   67518   69908   72298   74688   77094   79500   81906   84312   86734   89156   91578   94000   96438   98876  101314  103752  106206  108660  111114  113568  116038  118508  120978  123448  125934  128420  130906  133392  135894  138396  140898  143400  145918  148436  150954  153472  159590  165708  171826  177944  184078  190212  196346  202480  208630  214780  220930  227080  233246  239412  245578  251744
    2346    4693    7041    9390   11748   14107   16467   18828   21214   23601   25989   28378   30776   33175   35575   37976   40402   42829   45257   47686   50124   52563   55003   57444   59910   62377   64845   67314   69792   72271   74751   77232   79738   82245   84753   87262   89780   92299   94819   97340   99886  102433  104981  107530  110088  112647  115207  117768  120354  122941  125529  128118  130716  133315  135915  138516  141142  143769  146397  149026  151664  154303  156943  159584  165706  171829  177953  184078  190212  196347  202483  208620  214782  220945  227109  233274  239448  245623  251799  257976
    2415    4830    7249    9668   12091   14514   16941   19368   21831   24294   26761   29228   31699   34170   36645   39120   41631   44142   46657   49172   51691   54210   56733   59256   61815   64374   66937   69500   72067   74634   77205   79776   82383   84990   87601   90212   92827   95442   98061  100680  103335  105990  108649  111308  113971  116634  119301  121968  124671  127374  130081  132788  135499  138210  140925  143640  146391  149142  151897  154652  157411  160170  162933  165696  171823  177950  184081  190212  196347  202482  208621  214760  220935  227110  233289  239468  245651  251834  258021  264208
    2485    4971    7458    9946   12435   14925   17416   19908   22449   24991   27534   30078   32623   35169   37716   40264   42861   45459   48058   50658   53259   55861   58464   61068   63721   66375   69030   71686   74343   77001   79660   82320   85029   87739   90450   93162   95875   98589  101304  104020  106785  109551  112318  115086  117855  120625  123396  126168  128989  131811  134634  137458  140283  143109  145936  148764  151641  154519  157398  160278  163159  166041  168924  171808  177941  184075  190210  196346  202483  208621  214760  220900  227089  233279  239470  245662  251855  258049  264244  270440
    2556    5112    7668   10224   12780   15336   17892   20448   23068   25688   28308   30928   33548   36168   38788   41408   44092   46776   49460   52144   54828   57512   60196   62880   65628   68376   71124   73872   76620   79368   82116   84864   87676   90488   93300   96112   98924  101736  104548  107360  110236  113112  115988  118864  121740  124616  127492  130368  133308  136248  139188  142128  145068  148008  150948  153888  156892  159896  162900  165904  168908  171912  174916  177920  184060  190200  196340  202480  208620  214760  220900  227040  233244  239448  245652  251856  258060  264264  270468  276672
    2628    5257    7887   10518   13150   15783   18417   21052   23736   26421   29107   31794   34482   37171   39861   42552   45324   48097   50871   53646   56422   59199   61977   64756   67584   70413   73243   76074   78906   81739   84573   87408   90324   93241   96159   99078  101998  104919  107841  110764  113736  116709  119683  122658  125634  128611  131589  134568  137628  140689  143751  146814  149878  152943  156009  159076  162192  165309  168427  171546  174666  177787  180909  184032  190180  196329  202479  208630  214782  220935  227089  233244  239448  245653  251859  258066  264274  270483  276693  282904
    2701    5402    8107   10812   13521   16230   18943   21656   24405   27154   29907   32660   35417   38174   40935   43696   46557   49418   52283   55148   58017   60886   63759   66632   69541   72450   75363   78276   81193   84110   87031   89952   92973   95994   99019  102044  105073  108102  111135  114168  117237  120306  123379  126452  129529  132606  135687  138768  141949  145130  148315  151500  154689  157878  161071  164264  167493  170722  173955  177188  180425  183662  186903  190144  196301  202458  208619  214780  220945  227110  233279  239448  245653  251858  258067  264276  270489  276702  282919  289136
    2775    5551    8328   11106   13893   16681   19470   22260   25075   27891   30708   33526   36353   39181   42010   44840   47791   50743   53696   56650   59613   62577   65542   68508   71499   74491   77484   80478   83481   86485   89490   92496   95623   98751  101880  105010  108149  111289  114430  117572  120739  123907  127076  130246  133425  136605  139786  142968  146271  149575  152880  156186  159501  162817  166134  169452  172795  176139  179484  182830  186185  189541  192898  196256  202423  208591  214760  220930  227109  233289  239470  245652  251859  258067  264276  270486  276705  282925  289146  295368
    2850    5700    8550   11400   14266   17132   19998   22864   25746   28628   31510   34392   37290   40188   43086   45984   49026   52068   55110   58152   61210   64268   67326   70384   73458   76532   79606   82680   85770   88860   91950   95040   98274  101508  104742  107976  111226  114476  117726  120976  124242  127508  130774  134040  137322  140604  143886  147168  150594  154020  157446  160872  164314  167756  171198  174640  178098  181556  185014  188472  191946  195420  198894  202368  208546  214724  220902  227080  233274  239468  245662  251856  258066  264276  270486  276696  282922  289148  295374  301600
    2926    5853    8781   11710   14648   17587   20527   23468   26418   29369   32321   35274   38236   41199   44163   47128   50262   53397   56533   59670   62816   65963   69111   72260   75418   78577   81737   84898   88068   91239   94411   97584  100926  104269  107613  110958  114312  117667  121023  124380  127746  131113  134481  137850  141228  144607  147987  151368  154918  158469  162021  165574  169136  172699  176263  179828  183402  186977  190553  194130  197716  201303  204891  208480  214670  220861  227053  233246  239448  245651  251855  258060  264274  270489  276705  282922  289148  295375  301603  307832
    3003    6006    9013   12020   15031   18042   21057   24072   27091   30110   33133   36156   39183   42210   45241   48272   51499   54726   57957   61188   64423   67658   70897   74136   77379   80622   83869   87116   90367   93618   96873  100128  103579  107030  110485  113940  117399  120858  124321  127784  131251  134718  138189  141660  145135  148610  152089  155568  159243  162918  166597  170276  173959  177642  181329  185016  188707  192398  196093  199788  203487  207186  210889  214592  220795  226998  233205  239412  245623  251834  258049  264264  270483  276702  282925  289148  295375  301602  307833  314064
    3081    6163    9246   12330   15415   18501   21588   24676   27765   30855   33946   37038   40131   43225   46320   49416   52737   56059   59382   62706   66031   69357   72684   76012   79341   82671   86002   89334   92667   96001   99336  102672  106233  109795  113358  116922  120487  124053  127620  131188  134757  138327  141898  145470  149043  152617  156192  159768  163569  167371  171174  174978  178783  182589  186396  190204  194013  197823  201634  205446  209259  213073  216888  220704  226921  233139  239358  245578  251799  258021  264244  270468  276693  282919  289146  295374  301603  307833  314064  320296
    3160    6320    9480   12640   15800   18960   22120   25280   28440   31600   34760   37920   41080   44240   47400   50560   53976   57392   60808   64224   67640   71056   74472   77888   81304   84720   88136   91552   94968   98384  101800  105216  108888  112560  116232  119904  123576  127248  130920  134592  138264  141936  145608  149280  152952  156624  160296  163968  167896  171824  175752  179680  183608  187536  191464  195392  199320  203248  207176  211104  215032  218960  222888  226816  233048  239280  245512  251744  257976  264208  270440  276672  282904  289136  295368  301600  307832  314064  320296  326528




   0   1   2   3   4   5   6   7   8   9  10  11  12  13  14  15  16  17  18  19  20  21  22  23  24  25  26  27  28  29  30  31  32  33  34  35  36  37  38  39  40  41  42  43  44  45  46  47  48  49  50  51  52  53  54  55  56  57  58  59  60  61  62  63  64  65  66  67  68  69  70  71  72  73  74  75  76  77  78  79
   1   0   3   2   5   4   7   6   9   8  11  10  13  12  15  14  17  16  19  18  21  20  23  22  25  24  27  26  29  28  31  30  33  32  35  34  37  36  39  38  41  40  43  42  45  44  47  46  49  48  51  50  53  52  55  54  57  56  59  58  61  60  63  62  65  64  67  66  69  68  71  70  73  72  75  74  77  76  79  78
   2   3   0   1   6   7   4   5  10  11   8   9  14  15  12  13  18  19  16  17  22  23  20  21  26  27  24  25  30  31  28  29  34  35  32  33  38  39  36  37  42  43  40  41  46  47  44  45  50  51  48  49  54  55  52  53  58  59  56  57  62  63  60  61  66  67  64  65  70  71  68  69  74  75  72  73  78  79  76  77
   3   2   1   0   7   6   5   4  11  10   9   8  15  14  13  12  19  18  17  16  23  22  21  20  27  26  25  24  31  30  29  28  35  34  33  32  39  38  37  36  43  42  41  40  47  46  45  44  51  50  49  48  55  54  53  52  59  58  57  56  63  62  61  60  67  66  65  64  71  70  69  68  75  74  73  72  79  78  77  76
   4   5   6   7   0   1   2   3  12  13  14  15   8   9  10  11  20  21  22  23  16  17  18  19  28  29  30  31  24  25  26  27  36  37  38  39  32  33  34  35  44  45  46  47  40  41  42  43  52  53  54  55  48  49  50  51  60  61  62  63  56  57  58  59  68  69  70  71  64  65  66  67  76  77  78  79  72  73  74  75
   5   4   7   6   1   0   3   2  13  12  15  14   9   8  11  10  21  20  23  22  17  16  19  18  29  28  31  30  25  24  27  26  37  36  39  38  33  32  35  34  45  44  47  46  41  40  43  42  53  52  55  54  49  48  51  50  61  60  63  62  57  56  59  58  69  68  71  70  65  64  67  66  77  76  79  78  73  72  75  74
   6   7   4   5   2   3   0   1  14  15  12  13  10  11   8   9  22  23  20  21  18  19  16  17  30  31  28  29  26  27  24  25  38  39  36  37  34  35  32  33  46  47  44  45  42  43  40  41  54  55  52  53  50  51  48  49  62  63  60  61  58  59  56  57  70  71  68  69  66  67  64  65  78  79  76  77  74  75  72  73
   7   6   5   4   3   2   1   0  15  14  13  12  11  10   9   8  23  22  21  20  19  18  17  16  31  30  29  28  27  26  25  24  39  38  37  36  35  34  33  32  47  46  45  44  43  42  41  40  55  54  53  52  51  50  49  48  63  62  61  60  59  58  57  56  71  70  69  68  67  66  65  64  79  78  77  76  75  74  73  72
   8   9  10  11  12  13  14  15   0   1   2   3   4   5   6   7  24  25  26  27  28  29  30  31  16  17  18  19  20  21  22  23  40  41  42  43  44  45  46  47  32  33  34  35  36  37  38  39  56  57  58  59  60  61  62  63  48  49  50  51  52  53  54  55  72  73  74  75  76  77  78  79  64  65  66  67  68  69  70  71
   9   8  11  10  13  12  15  14   1   0   3   2   5   4   7   6  25  24  27  26  29  28  31  30  17  16  19  18  21  20  23  22  41  40  43  42  45  44  47  46  33  32  35  34  37  36  39  38  57  56  59  58  61  60  63  62  49  48  51  50  53  52  55  54  73  72  75  74  77  76  79  78  65  64  67  66  69  68  71  70
  10  11   8   9  14  15  12  13   2   3   0   1   6   7   4   5  26  27  24  25  30  31  28  29  18  19  16  17  22  23  20  21  42  43  40  41  46  47  44  45  34  35  32  33  38  39  36  37  58  59  56  57  62  63  60  61  50  51  48  49  54  55  52  53  74  75  72  73  78  79  76  77  66  67  64  65  70  71  68  69
  11  10   9   8  15  14  13  12   3   2   1   0   7   6   5   4  27  26  25  24  31  30  29  28  19  18  17  16  23  22  21  20  43  42  41  40  47  46  45  44  35  34  33  32  39  38  37  36  59  58  57  56  63  62  61  60  51  50  49  48  55  54  53  52  75  74  73  72  79  78  77  76  67  66  65  64  71  70  69  68
  12  13  14  15   8   9  10  11   4   5   6   7   0   1   2   3  28  29  30  31  24  25  26  27  20  21  22  23  16  17  18  19  44  45  46  47  40  41  42  43  36  37  38  39  32  33  34  35  60  61  62  63  56  57  58  59  52  53  54  55  48  49  50  51  76  77  78  79  72  73  74  75  68  69  70  71  64  65  66  67
  13  12  15  14   9   8  11  10   5   4   7   6   1   0   3   2  29  28  31  30  25  24  27  26  21  20  23  22  17  16  19  18  45  44  47  46  41  40  43  42  37  36  39  38  33  32  35  34  61  60  63  62  57  56  59  58  53  52  55  54  49  48  51  50  77  76  79  78  73  72  75  74  69  68  71  70  65  64  67  66
  14  15  12  13  10  11   8   9   6   7   4   5   2   3   0   1  30  31  28  29  26  27  24  25  22  23  20  21  18  19  16  17  46  47  44  45  42  43  40  41  38  39  36  37  34  35  32  33  62  63  60  61  58  59  56  57  54  55  52  53  50  51  48  49  78  79  76  77  74  75  72  73  70  71  68  69  66  67  64  65
  15  14  13  12  11  10   9   8   7   6   5   4   3   2   1   0  31  30  29  28  27  26  25  24  23  22  21  20  19  18  17  16  47  46  45  44  43  42  41  40  39  38  37  36  35  34  33  32  63  62  61  60  59  58  57  56  55  54  53  52  51  50  49  48  79  78  77  76  75  74  73  72  71  70  69  68  67  66  65  64
  16  17  18  19  20  21  22  23  24  25  26  27  28  29  30  31   0   1   2   3   4   5   6   7   8   9  10  11  12  13  14  15  48  49  50  51  52  53  54  55  56  57  58  59  60  61  62  63  32  33  34  35  36  37  38  39  40  41  42  43  44  45  46  47  80  81  82  83  84  85  86  87  88  89  90  91  92  93  94  95
  17  16  19  18  21  20  23  22  25  24  27  26  29  28  31  30   1   0   3   2   5   4   7   6   9   8  11  10  13  12  15  14  49  48  51  50  53  52  55  54  57  56  59  58  61  60  63  62  33  32  35  34  37  36  39  38  41  40  43  42  45  44  47  46  81  80  83  82  85  84  87  86  89  88  91  90  93  92  95  94
  18  19  16  17  22  23  20  21  26  27  24  25  30  31  28  29   2   3   0   1   6   7   4   5  10  11   8   9  14  15  12  13  50  51  48  49  54  55  52  53  58  59  56  57  62  63  60  61  34  35  32  33  38  39  36  37  42  43  40  41  46  47  44  45  82  83  80  81  86  87  84  85  90  91  88  89  94  95  92  93
  19  18  17  16  23  22  21  20  27  26  25  24  31  30  29  28   3   2   1   0   7   6   5   4  11  10   9   8  15  14  13  12  51  50  49  48  55  54  53  52  59  58  57  56  63  62  61  60  35  34  33  32  39  38  37  36  43  42  41  40  47  46  45  44  83  82  81  80  87  86  85  84  91  90  89  88  95  94  93  92
  20  21  22  23  16  17  18  19  28  29  30  31  24  25  26  27   4   5   6   7   0   1   2   3  12  13  14  15   8   9  10  11  52  53  54  55  48  49  50  51  60  61  62  63  56  57  58  59  36  37  38  39  32  33  34  35  44  45  46  47  40  41  42  43  84  85  86  87  80  81  82  83  92  93  94  95  88  89  90  91
  21  20  23  22  17  16  19  18  29  28  31  30  25  24  27  26   5   4   7   6   1   0   3   2  13  12  15  14   9   8  11  10  53  52  55  54  49  48  51  50  61  60  63  62  57  56  59  58  37  36  39  38  33  32  35  34  45  44  47  46  41  40  43  42  85  84  87  86  81  80  83  82  93  92  95  94  89  88  91  90
  22  23  20  21  18  19  16  17  30  31  28  29  26  27  24  25   6   7   4   5   2   3   0   1  14  15  12  13  10  11   8   9  54  55  52  53  50  51  48  49  62  63  60  61  58  59  56  57  38  39  36  37  34  35  32  33  46  47  44  45  42  43  40  41  86  87  84  85  82  83  80  81  94  95  92  93  90  91  88  89
  23  22  21  20  19  18  17  16  31  30  29  28  27  26  25  24   7   6   5   4   3   2   1   0  15  14  13  12  11  10   9   8  55  54  53  52  51  50  49  48  63  62  61  60  59  58  57  56  39  38  37  36  35  34  33  32  47  46  45  44  43  42  41  40  87  86  85  84  83  82  81  80  95  94  93  92  91  90  89  88
  24  25  26  27  28  29  30  31  16  17  18  19  20  21  22  23   8   9  10  11  12  13  14  15   0   1   2   3   4   5   6   7  56  57  58  59  60  61  62  63  48  49  50  51  52  53  54  55  40  41  42  43  44  45  46  47  32  33  34  35  36  37  38  39  88  89  90  91  92  93  94  95  80  81  82  83  84  85  86  87
  25  24  27  26  29  28  31  30  17  16  19  18  21  20  23  22   9   8  11  10  13  12  15  14   1   0   3   2   5   4   7   6  57  56  59  58  61  60  63  62  49  48  51  50  53  52  55  54  41  40  43  42  45  44  47  46  33  32  35  34  37  36  39  38  89  88  91  90  93  92  95  94  81  80  83  82  85  84  87  86
  26  27  24  25  30  31  28  29  18  19  16  17  22  23  20  21  10  11   8   9  14  15  12  13   2   3   0   1   6   7   4   5  58  59  56  57  62  63  60  61  50  51  48  49  54  55  52  53  42  43  40  41  46  47  44  45  34  35  32  33  38  39  36  37  90  91  88  89  94  95  92  93  82  83  80  81  86  87  84  85
  27  26  25  24  31  30  29  28  19  18  17  16  23  22  21  20  11  10   9   8  15  14  13  12   3   2   1   0   7   6   5   4  59  58  57  56  63  62  61  60  51  50  49  48  55  54  53  52  43  42  41  40  47  46  45  44  35  34  33  32  39  38  37  36  91  90  89  88  95  94  93  92  83  82  81  80  87  86  85  84
  28  29  30  31  24  25  26  27  20  21  22  23  16  17  18  19  12  13  14  15   8   9  10  11   4   5   6   7   0   1   2   3  60  61  62  63  56  57  58  59  52  53  54  55  48  49  50  51  44  45  46  47  40  41  42  43  36  37  38  39  32  33  34  35  92  93  94  95  88  89  90  91  84  85  86  87  80  81  82  83
  29  28  31  30  25  24  27  26  21  20  23  22  17  16  19  18  13  12  15  14   9   8  11  10   5   4   7   6   1   0   3   2  61  60  63  62  57  56  59  58  53  52  55  54  49  48  51  50  45  44  47  46  41  40  43  42  37  36  39  38  33  32  35  34  93  92  95  94  89  88  91  90  85  84  87  86  81  80  83  82
  30  31  28  29  26  27  24  25  22  23  20  21  18  19  16  17  14  15  12  13  10  11   8   9   6   7   4   5   2   3   0   1  62  63  60  61  58  59  56  57  54  55  52  53  50  51  48  49  46  47  44  45  42  43  40  41  38  39  36  37  34  35  32  33  94  95  92  93  90  91  88  89  86  87  84  85  82  83  80  81
  31  30  29  28  27  26  25  24  23  22  21  20  19  18  17  16  15  14  13  12  11  10   9   8   7   6   5   4   3   2   1   0  63  62  61  60  59  58  57  56  55  54  53  52  51  50  49  48  47  46  45  44  43  42  41  40  39  38  37  36  35  34  33  32  95  94  93  92  91  90  89  88  87  86  85  84  83  82  81  80
  32  33  34  35  36  37  38  39  40  41  42  43  44  45  46  47  48  49  50  51  52  53  54  55  56  57  58  59  60  61  62  63   0   1   2   3   4   5   6   7   8   9  10  11  12  13  14  15  16  17  18  19  20  21  22  23  24  25  26  27  28  29  30  31  96  97  98  99 100 101 102 103 104 105 106 107 108 109 110 111
  33  32  35  34  37  36  39  38  41  40  43  42  45  44  47  46  49  48  51  50  53  52  55  54  57  56  59  58  61  60  63  62   1   0   3   2   5   4   7   6   9   8  11  10  13  12  15  14  17  16  19  18  21  20  23  22  25  24  27  26  29  28  31  30  97  96  99  98 101 100 103 102 105 104 107 106 109 108 111 110
  34  35  32  33  38  39  36  37  42  43  40  41  46  47  44  45  50  51  48  49  54  55  52  53  58  59  56  57  62  63  60  61   2   3   0   1   6   7   4   5  10  11   8   9  14  15  12  13  18  19  16  17  22  23  20  21  26  27  24  25  30  31  28  29  98  99  96  97 102 103 100 101 106 107 104 105 110 111 108 109
  35  34  33  32  39  38  37  36  43  42  41  40  47  46  45  44  51  50  49  48  55  54  53  52  59  58  57  56  63  62  61  60   3   2   1   0   7   6   5   4  11  10   9   8  15  14  13  12  19  18  17  16  23  22  21  20  27  26  25  24  31  30  29  28  99  98  97  96 103 102 101 100 107 106 105 104 111 110 109 108
  36  37  38  39  32  33  34  35  44  45  46  47  40  41  42  43  52  53  54  55  48  49  50  51  60  61  62  63  56  57  58  59   4   5   6   7   0   1   2   3  12  13  14  15   8   9  10  11  20  21  22  23  16  17  18  19  28  29  30  31  24  25  26  27 100 101 102 103  96  97  98  99 108 109 110 111 104 105 106 107
  37  36  39  38  33  32  35  34  45  44  47  46  41  40  43  42  53  52  55  54  49  48  51  50  61  60  63  62  57  56  59  58   5   4   7   6   1   0   3   2  13  12  15  14   9   8  11  10  21  20  23  22  17  16  19  18  29  28  31  30  25  24  27  26 101 100 103 102  97  96  99  98 109 108 111 110 105 104 107 106
  38  39  36  37  34  35  32  33  46  47  44  45  42  43  40  41  54  55  52  53  50  51  48  49  62  63  60  61  58  59  56  57   6   7   4   5   2   3   0   1  14  15  12  13  10  11   8   9  22  23  20  21  18  19  16  17  30  31  28  29  26  27  24  25 102 103 100 101  98  99  96  97 110 111 108 109 106 107 104 105
  39  38  37  36  35  34  33  32  47  46  45  44  43  42  41  40  55  54  53  52  51  50  49  48  63  62  61  60  59  58  57  56   7   6   5   4   3   2   1   0  15  14  13  12  11  10   9   8  23  22  21  20  19  18  17  16  31  30  29  28  27  26  25  24 103 102 101 100  99  98  97  96 111 110 109 108 107 106 105 104
  40  41  42  43  44  45  46  47  32  33  34  35  36  37  38  39  56  57  58  59  60  61  62  63  48  49  50  51  52  53  54  55   8   9  10  11  12  13  14  15   0   1   2   3   4   5   6   7  24  25  26  27  28  29  30  31  16  17  18  19  20  21  22  23 104 105 106 107 108 109 110 111  96  97  98  99 100 101 102 103
  41  40  43  42  45  44  47  46  33  32  35  34  37  36  39  38  57  56  59  58  61  60  63  62  49  48  51  50  53  52  55  54   9   8  11  10  13  12  15  14   1   0   3   2   5   4   7   6  25  24  27  26  29  28  31  30  17  16  19  18  21  20  23  22 105 104 107 106 109 108 111 110  97  96  99  98 101 100 103 102
  42  43  40  41  46  47  44  45  34  35  32  33  38  39  36  37  58  59  56  57  62  63  60  61  50  51  48  49  54  55  52  53  10  11   8   9  14  15  12  13   2   3   0   1   6   7   4   5  26  27  24  25  30  31  28  29  18  19  16  17  22  23  20  21 106 107 104 105 110 111 108 109  98  99  96  97 102 103 100 101
  43  42  41  40  47  46  45  44  35  34  33  32  39  38  37  36  59  58  57  56  63  62  61  60  51  50  49  48  55  54  53  52  11  10   9   8  15  14  13  12   3   2   1   0   7   6   5   4  27  26  25  24  31  30  29  28  19  18  17  16  23  22  21  20 107 106 105 104 111 110 109 108  99  98  97  96 103 102 101 100
  44  45  46  47  40  41  42  43  36  37  38  39  32  33  34  35  60  61  62  63  56  57  58  59  52  53  54  55  48  49  50  51  12  13  14  15   8   9  10  11   4   5   6   7   0   1   2   3  28  29  30  31  24  25  26  27  20  21  22  23  16  17  18  19 108 109 110 111 104 105 106 107 100 101 102 103  96  97  98  99
  45  44  47  46  41  40  43  42  37  36  39  38  33  32  35  34  61  60  63  62  57  56  59  58  53  52  55  54  49  48  51  50  13  12  15  14   9   8  11  10   5   4   7   6   1   0   3   2  29  28  31  30  25  24  27  26  21  20  23  22  17  16  19  18 109 108 111 110 105 104 107 106 101 100 103 102  97  96  99  98
  46  47  44  45  42  43  40  41  38  39  36  37  34  35  32  33  62  63  60  61  58  59  56  57  54  55  52  53  50  51  48  49  14  15  12  13  10  11   8   9   6   7   4   5   2   3   0   1  30  31  28  29  26  27  24  25  22  23  20  21  18  19  16  17 110 111 108 109 106 107 104 105 102 103 100 101  98  99  96  97
  47  46  45  44  43  42  41  40  39  38  37  36  35  34  33  32  63  62  61  60  59  58  57  56  55  54  53  52  51  50  49  48  15  14  13  12  11  10   9   8   7   6   5   4   3   2   1   0  31  30  29  28  27  26  25  24  23  22  21  20  19  18  17  16 111 110 109 108 107 106 105 104 103 102 101 100  99  98  97  96
  48  49  50  51  52  53  54  55  56  57  58  59  60  61  62  63  32  33  34  35  36  37  38  39  40  41  42  43  44  45  46  47  16  17  18  19  20  21  22  23  24  25  26  27  28  29  30  31   0   1   2   3   4   5   6   7   8   9  10  11  12  13  14  15 112 113 114 115 116 117 118 119 120 121 122 123 124 125 126 127
  49  48  51  50  53  52  55  54  57  56  59  58  61  60  63  62  33  32  35  34  37  36  39  38  41  40  43  42  45  44  47  46  17  16  19  18  21  20  23  22  25  24  27  26  29  28  31  30   1   0   3   2   5   4   7   6   9   8  11  10  13  12  15  14 113 112 115 114 117 116 119 118 121 120 123 122 125 124 127 126
  50  51  48  49  54  55  52  53  58  59  56  57  62  63  60  61  34  35  32  33  38  39  36  37  42  43  40  41  46  47  44  45  18  19  16  17  22  23  20  21  26  27  24  25  30  31  28  29   2   3   0   1   6   7   4   5  10  11   8   9  14  15  12  13 114 115 112 113 118 119 116 117 122 123 120 121 126 127 124 125
  51  50  49  48  55  54  53  52  59  58  57  56  63  62  61  60  35  34  33  32  39  38  37  36  43  42  41  40  47  46  45  44  19  18  17  16  23  22  21  20  27  26  25  24  31  30  29  28   3   2   1   0   7   6   5   4  11  10   9   8  15  14  13  12 115 114 113 112 119 118 117 116 123 122 121 120 127 126 125 124
  52  53  54  55  48  49  50  51  60  61  62  63  56  57  58  59  36  37  38  39  32  33  34  35  44  45  46  47  40  41  42  43  20  21  22  23  16  17  18  19  28  29  30  31  24  25  26  27   4   5   6   7   0   1   2   3  12  13  14  15   8   9  10  11 116 117 118 119 112 113 114 115 124 125 126 127 120 121 122 123
  53  52  55  54  49  48  51  50  61  60  63  62  57  56  59  58  37  36  39  38  33  32  35  34  45  44  47  46  41  40  43  42  21  20  23  22  17  16  19  18  29  28  31  30  25  24  27  26   5   4   7   6   1   0   3   2  13  12  15  14   9   8  11  10 117 116 119 118 113 112 115 114 125 124 127 126 121 120 123 122
  54  55  52  53  50  51  48  49  62  63  60  61  58  59  56  57  38  39  36  37  34  35  32  33  46  47  44  45  42  43  40  41  22  23  20  21  18  19  16  17  30  31  28  29  26  27  24  25   6   7   4   5   2   3   0   1  14  15  12  13  10  11   8   9 118 119 116 117 114 115 112 113 126 127 124 125 122 123 120 121
  55  54  53  52  51  50  49  48  63  62  61  60  59  58  57  56  39  38  37  36  35  34  33  32  47  46  45  44  43  42  41  40  23  22  21  20  19  18  17  16  31  30  29  28  27  26  25  24   7   6   5   4   3   2   1   0  15  14  13  12  11  10   9   8 119 118 117 116 115 114 113 112 127 126 125 124 123 122 121 120
  56  57  58  59  60  61  62  63  48  49  50  51  52  53  54  55  40  41  42  43  44  45  46  47  32  33  34  35  36  37  38  39  24  25  26  27  28  29  30  31  16  17  18  19  20  21  22  23   8   9  10  11  12  13  14  15   0   1   2   3   4   5   6   7 120 121 122 123 124 125 126 127 112 113 114 115 116 117 118 119
  57  56  59  58  61  60  63  62  49  48  51  50  53  52  55  54  41  40  43  42  45  44  47  46  33  32  35  34  37  36  39  38  25  24  27  26  29  28  31  30  17  16  19  18  21  20  23  22   9   8  11  10  13  12  15  14   1   0   3   2   5   4   7   6 121 120 123 122 125 124 127 126 113 112 115 114 117 116 119 118
  58  59  56  57  62  63  60  61  50  51  48  49  54  55  52  53  42  43  40  41  46  47  44  45  34  35  32  33  38  39  36  37  26  27  24  25  30  31  28  29  18  19  16  17  22  23  20  21  10  11   8   9  14  15  12  13   2   3   0   1   6   7   4   5 122 123 120 121 126 127 124 125 114 115 112 113 118 119 116 117
  59  58  57  56  63  62  61  60  51  50  49  48  55  54  53  52  43  42  41  40  47  46  45  44  35  34  33  32  39  38  37  36  27  26  25  24  31  30  29  28  19  18  17  16  23  22  21  20  11  10   9   8  15  14  13  12   3   2   1   0   7   6   5   4 123 122 121 120 127 126 125 124 115 114 113 112 119 118 117 116
  60  61  62  63  56  57  58  59  52  53  54  55  48  49  50  51  44  45  46  47  40  41  42  43  36  37  38  39  32  33  34  35  28  29  30  31  24  25  26  27  20  21  22  23  16  17  18  19  12  13  14  15   8   9  10  11   4   5   6   7   0   1   2   3 124 125 126 127 120 121 122 123 116 117 118 119 112 113 114 115
  61  60  63  62  57  56  59  58  53  52  55  54  49  48  51  50  45  44  47  46  41  40  43  42  37  36  39  38  33  32  35  34  29  28  31  30  25  24  27  26  21  20  23  22  17  16  19  18  13  12  15  14   9   8  11  10   5   4   7   6   1   0   3   2 125 124 127 126 121 120 123 122 117 116 119 118 113 112 115 114
  62  63  60  61  58  59  56  57  54  55  52  53  50  51  48  49  46  47  44  45  42  43  40  41  38  39  36  37  34  35  32  33  30  31  28  29  26  27  24  25  22  23  20  21  18  19  16  17  14  15  12  13  10  11   8   9   6   7   4   5   2   3   0   1 126 127 124 125 122 123 120 121 118 119 116 117 114 115 112 113
  63  62  61  60  59  58  57  56  55  54  53  52  51  50  49  48  47  46  45  44  43  42  41  40  39  38  37  36  35  34  33  32  31  30  29  28  27  26  25  24  23  22  21  20  19  18  17  16  15  14  13  12  11  10   9   8   7   6   5   4   3   2   1   0 127 126 125 124 123 122 121 120 119 118 117 116 115 114 113 112
  64  65  66  67  68  69  70  71  72  73  74  75  76  77  78  79  80  81  82  83  84  85  86  87  88  89  90  91  92  93  94  95  96  97  98  99 100 101 102 103 104 105 106 107 108 109 110 111 112 113 114 115 116 117 118 119 120 121 122 123 124 125 126 127   0   1   2   3   4   5   6   7   8   9  10  11  12  13  14  15
  65  64  67  66  69  68  71  70  73  72  75  74  77  76  79  78  81  80  83  82  85  84  87  86  89  88  91  90  93  92  95  94  97  96  99  98 101 100 103 102 105 104 107 106 109 108 111 110 113 112 115 114 117 116 119 118 121 120 123 122 125 124 127 126   1   0   3   2   5   4   7   6   9   8  11  10  13  12  15  14
  66  67  64  65  70  71  68  69  74  75  72  73  78  79  76  77  82  83  80  81  86  87  84  85  90  91  88  89  94  95  92  93  98  99  96  97 102 103 100 101 106 107 104 105 110 111 108 109 114 115 112 113 118 119 116 117 122 123 120 121 126 127 124 125   2   3   0   1   6   7   4   5  10  11   8   9  14  15  12  13
  67  66  65  64  71  70  69  68  75  74  73  72  79  78  77  76  83  82  81  80  87  86  85  84  91  90  89  88  95  94  93  92  99  98  97  96 103 102 101 100 107 106 105 104 111 110 109 108 115 114 113 112 119 118 117 116 123 122 121 120 127 126 125 124   3   2   1   0   7   6   5   4  11  10   9   8  15  14  13  12
  68  69  70  71  64  65  66  67  76  77  78  79  72  73  74  75  84  85  86  87  80  81  82  83  92  93  94  95  88  89  90  91 100 101 102 103  96  97  98  99 108 109 110 111 104 105 106 107 116 117 118 119 112 113 114 115 124 125 126 127 120 121 122 123   4   5   6   7   0   1   2   3  12  13  14  15   8   9  10  11
  69  68  71  70  65  64  67  66  77  76  79  78  73  72  75  74  85  84  87  86  81  80  83  82  93  92  95  94  89  88  91  90 101 100 103 102  97  96  99  98 109 108 111 110 105 104 107 106 117 116 119 118 113 112 115 114 125 124 127 126 121 120 123 122   5   4   7   6   1   0   3   2  13  12  15  14   9   8  11  10
  70  71  68  69  66  67  64  65  78  79  76  77  74  75  72  73  86  87  84  85  82  83  80  81  94  95  92  93  90  91  88  89 102 103 100 101  98  99  96  97 110 111 108 109 106 107 104 105 118 119 116 117 114 115 112 113 126 127 124 125 122 123 120 121   6   7   4   5   2   3   0   1  14  15  12  13  10  11   8   9
  71  70  69  68  67  66  65  64  79  78  77  76  75  74  73  72  87  86  85  84  83  82  81  80  95  94  93  92  91  90  89  88 103 102 101 100  99  98  97  96 111 110 109 108 107 106 105 104 119 118 117 116 115 114 113 112 127 126 125 124 123 122 121 120   7   6   5   4   3   2   1   0  15  14  13  12  11  10   9   8
  72  73  74  75  76  77  78  79  64  65  66  67  68  69  70  71  88  89  90  91  92  93  94  95  80  81  82  83  84  85  86  87 104 105 106 107 108 109 110 111  96  97  98  99 100 101 102 103 120 121 122 123 124 125 126 127 112 113 114 115 116 117 118 119   8   9  10  11  12  13  14  15   0   1   2   3   4   5   6   7
  73  72  75  74  77  76  79  78  65  64  67  66  69  68  71  70  89  88  91  90  93  92  95  94  81  80  83  82  85  84  87  86 105 104 107 106 109 108 111 110  97  96  99  98 101 100 103 102 121 120 123 122 125 124 127 126 113 112 115 114 117 116 119 118   9   8  11  10  13  12  15  14   1   0   3   2   5   4   7   6
  74  75  72  73  78  79  76  77  66  67  64  65  70  71  68  69  90  91  88  89  94  95  92  93  82  83  80  81  86  87  84  85 106 107 104 105 110 111 108 109  98  99  96  97 102 103 100 101 122 123 120 121 126 127 124 125 114 115 112 113 118 119 116 117  10  11   8   9  14  15  12  13   2   3   0   1   6   7   4   5
  75  74  73  72  79  78  77  76  67  66  65  64  71  70  69  68  91  90  89  88  95  94  93  92  83  82  81  80  87  86  85  84 107 106 105 104 111 110 109 108  99  98  97  96 103 102 101 100 123 122 121 120 127 126 125 124 115 114 113 112 119 118 117 116  11  10   9   8  15  14  13  12   3   2   1   0   7   6   5   4
  76  77  78  79  72  73  74  75  68  69  70  71  64  65  66  67  92  93  94  95  88  89  90  91  84  85  86  87  80  81  82  83 108 109 110 111 104 105 106 107 100 101 102 103  96  97  98  99 124 125 126 127 120 121 122 123 116 117 118 119 112 113 114 115  12  13  14  15   8   9  10  11   4   5   6   7   0   1   2   3
  77  76  79  78  73  72  75  74  69  68  71  70  65  64  67  66  93  92  95  94  89  88  91  90  85  84  87  86  81  80  83  82 109 108 111 110 105 104 107 106 101 100 103 102  97  96  99  98 125 124 127 126 121 120 123 122 117 116 119 118 113 112 115 114  13  12  15  14   9   8  11  10   5   4   7   6   1   0   3   2
  78  79  76  77  74  75  72  73  70  71  68  69  66  67  64  65  94  95  92  93  90  91  88  89  86  87  84  85  82  83  80  81 110 111 108 109 106 107 104 105 102 103 100 101  98  99  96  97 126 127 124 125 122 123 120 121 118 119 116 117 114 115 112 113  14  15  12  13  10  11   8   9   6   7   4   5   2   3   0   1
  79  78  77  76  75  74  73  72  71  70  69  68  67  66  65  64  95  94  93  92  91  90  89  88  87  86  85  84  83  82  81  80 111 110 109 108 107 106 105 104 103 102 101 100  99  98  97  96 127 126 125 124 123 122 121 120 119 118 117 116 115 114 113 112  15  14  13  12  11  10   9   8   7   6   5   4   3   2   1   0
