7000000001 499999 1250
555689
2383724
4663351
7972322
9407941
9710437
10468056
10495021
11106808
11720681
12289381
14064398
14581382
14665265
14773058
17507954
18408934
19178724
20605653
22223777
22268018
22502380
22507481
22678700
23408933
23906664
26009942
26234800
26323657
27149797
27618985
28300205
30806767
32316080
33290813
33638829
34070604
34661774
35450506
35827283
35898695
36022728
36481935
36714544
36947753
37128354
37204991
38973856
39290534
40311986
42803980
44051792
44165105
44913338
45317387
45974881
46429708
46968835
47125762
51437881
51584483
52131922
53090979
53581363
56391628
56535498
56681237
56726991
58479139
58602415
59560889
59973751
60128296
62662749
62811350
65311305
65723247
65743776
65749634
66956936
67270197
68026502
68206852
68642853
68653484
69349183
69548758
70100927
70469908
71771101
72955636
74189528
74506006
75647268
77511282
79209272
81110115
81203397
81217308
82185969
82315054
82658269
83004344
84529896
84535317
86312739
86659392
88671449
89382364
90180695
90234054
90750200
93946008
94450321
94768198
95184390
95306712
95577721
95717210
96035126
96907392
100884931
101262249
101903294
103597988
103695306
104220983
104525824
104532519
105163347
108153519
108391705
108531096
109972331
111044208
112070581
112712610
113728708
114536348
115024828
115134577
116418351
118534259
119297354
121003086
121586773
122220242
122692875
123524867
125615870
126778840
128147668
129899905
130392899
131179010
131201692
131797861
132470276
132480081
132660946
133926304
135544574
135700467
137522181
138862164
139604986
139679162
140897484
143548563
143715179
146348564
146414406
146792468
148759297
150410803
151823631
152616675
154475951
159104000
160041372
161972275
163494250
163807065
164214817
165822165
166227262
166272643
169054574
171217584
174360207
174536312
176280462
181665172
183545024
184499309
185512834
186640587
190606995
192547640
194537942
194696915
201069076
202227069
202949941
203679797
203918338
204592037
205358758
205619684
207617504
208216138
210734108
211328756
220097070
220976426
221019111
221270158
223967579
226038739
228352378
229144230
235151927
235508720
238504966
238537611
239879586
242059125
249132092
249763791
250274021
251005373
251927729
252811439
254106701
254805464
257574365
257760388
257846543
258385276
259676931
260013014
261319102
265160059
268157417
269610527
274480144
275111904
276766169
279938846
282889069
283937353
285325129
286210239
289245984
290800756
290910504
290918658
292338758
293230924
293941765
294638416
296243743
297682826
297957950
298958246
300913520
302581404
302948982
302964143
303349705
305248308
305466212
306287269
306770718
307898617
308787020
310852693
312631972
315375189
315427680
316562765
318495845
320185205
323927225
324281607
326374508
326589768
327515299
329053301
329505738
330660547
330769915
332407686
332541035
334890929
335651060
336041087
336397604
336521669
337509037
343847612
347041824
350159265
350763213
352930730
354839282
357425245
361353293
361732749
363077224
364632257
364918736
367119521
370702988
370921710
371165911
373211716
374714028
377897133
381388145
381490337
381582433
382447606
383648066
385191242
385862614
385881524
390462494
391432720
392153077
393178062
396272514
402604023
409006685
413513688
413573782
413680114
414111419
416272358
418231639
419627365
421645726
423573820
426141125
426729263
427922981
428563580
429869466
430193738
433884123
434348155
437027296
437546287
438338969
441994648
443110855
446365576
447204603
450513281
451813102
452248817
454617999
454926106
456307499
456553463
456782101
461138139
461583882
463464113
463668836
465732582
471340479
471705079
475059054
477097302
477442777
482120170
483032819
485094597
486876699
489914251
490084018
490442374
491099933
491111224
492983327
496770431
496965421
498849689
501721679
507517367
507903960
508624708
510848557
510848888
510969052
514303340
517546497
520654022
523941941
525430269
525711131
529340651
531900412
532628430
532673991
532853921
534422662
535342330
539718347
539770352
541149253
543453192
543495614
544318745
546157125
546831598
550179079
550318661
553552793
556718633
558290869
559355008
560427425
565335975
566526566
569600479
569761890
569921057
570233143
573103050
575786073
576509488
576694290
576862667
578337296
578720864
580338680
582357155
583354203
583478241
584107078
584225753
586855108
588089682
588360073
589199936
592148632
593344247
594422539
599085889
602079865
603525260
605086704
608406033
608589490
610118676
613127411
614594873
616993032
622249318
623485065
623776776
624966063
625727685
626604190
634165621
636947815
641537539
645531451
645905334
647590054
648423166
648629924
653086516
654016056
654696427
656568599
657844060
662089079
664282782
664752465
669080538
673418593
675623416
676228325
677734636
677955004
679443159
681322656
681663041
684258021
686946497
687321822
690348760
693530376
708490525
709438619
712105350
712351717
713474493
713498062
714002438
715420577
717331998
717479056
723607893
727718011
728284600
729327629
733451820
736421714
738824819
740247150
744100687
745425635
747855426
748572956
749312156
749608762
750495228
750632319
751685342
757281157
757838447
757889481
758708329
759920177
763054561
763957315
765291712
765646610
766464934
769335935
770525487
772437215
772684174
774215160
778028153
778108895
779855048
782460756
785102511
787582609
789631267
790254661
791529343
794501797
795468526
795947289
800190500
802264768
803873585
804306933
807289739
808770635
808912205
811560663
812988551
813023770
815543275
815929999
816214692
818485251
820628448
820710562
823012574
825328980
827397531
828685152
829588461
829699363
833466692
838119283
840206855
841802987
844669594
845512515
848019061
850235880
851265514
853804760
854574191
857169236
857889177
857928142
857970600
858886932
860220124
860805107
861878751
861945532
864245947
865300192
867773170
869831972
871302525
875412793
875436096
875699355
877043211
877385224
877931229
878302715
878998441
879081811
884069061
884719134
889161853
889841142
891009750
893248455
894328618
894958697
897717883
897885375
898339408
899293762
899905686
899973441
901436517
903609086
904061397
904591102
911422817
911988372
912039004
912490941
913960725
914532537
915544344
917081327
918933099
919034204
919670205
920743846
921698282
922362905
926341629
926607174
928645773
930256260
932702931
933874241
934906628
935365830
941127790
942734304
944512158
945836357
946366625
947418617
948245739
949981889
950171457
952715277
953164992
954350004
957748015
958855530
959357692
961336762
961792420
962989203
963222719
964510157
967402451
969218236
969714935
971992639
972909215
974630206
975268504
979758092
980498266
981493039
983280211
988823528
989601387
997939004
1001861074
1002059510
1003836900
1004329848
1005354207
1006855859
1008415479
1010362689
1012788219
1014688814
1016768754
1017810767
1018504136
1018654379
1020649462
1023053099
1025259480
1026177446
1026320718
1030195267
1031657732
1032221226
1035585598
1037671629
1039060701
1040418612
1042859696
1043128650
1043707642
1045058936
1045676465
1047181871
1047353492
1048153965
1048185289
1049302317
1050590111
1051277151
1051683821
1053844932
1055061299
1056441827
1057827545
1062399174
1063358607
1063508860
1063821522
1064107213
1065028161
1065136377
1067416150
1069720874
1069935421
1071986639
1072616899
1073983610
1074111996
1075450285
1079000304
1079847845
1082609081
1082640400
1083506485
1083519936
1084272096
1086342286
1087114609
1089616677
1089929042
1090198794
1091632022
1093350641
1095393711
1099403674
1099614839
1101602594
1103454088
1105626794
1107904491
1108938793
1110356676
1110817567
1112257132
1113085437
1113180115
1114150367
1118374453
1120640167
1127651620
1127972833
1130055484
1130246607
1137630155
1137940995
1138737289
1143001933
1146829493
1147136946
1147990989
1149593460
1149724177
1150712628
1151802004
1151914394
1152175262
1157477172
1159326991
1161143344
1163160182
1163268775
1165067852
1166205706
1171085697
1172612893
1173989215
1177608135
1178072138
1178954563
1182286355
1185172836
1185878014
1187370417
1194217230
1194434156
1195843699
1197689106
1198405629
1199005502
1202479067
1202881136
1203205283
1203828442
1204567972
1209851725
1212505946
1213817850
1217099315
1220394488
1223852045
1226908997
1229842483
1230373774
1230978139
1231430278
1232003791
1232576221
1233700442
1238117257
1238307452
1239209192
1242015716
1242894025
1246113424
1246760994
1248151109
1249065571
1250593747
1252172404
1253137342
1253299177
1254584159
1254662059
1259482720
1263856651
1265723777
1266002482
1266885340
1269180279
1269805870
1272011986
1272439470
1273844284
1278528403
1280212010
1283223692
1284174887
1284302462
1286326053
1287260061
1292616357
1299646329
1300745656
1308551714
1308595909
1310498544
1310570975
1312963878
1315139707
1317959022
1318658411
1321237238
1321457455
1322622539
1323826345
1325621649
1327442220
1329765960
1332991499
1334502573
1335613858
1338149334
1339961889
1343629007
1345073958
1345922837
1349781617
1350527757
1354244943
1356008277
1356525458
1357426378
1359251168
1360795221
1362226512
1362778897
1362987925
1363126286
1364848078
1364949333
1368230381
1372010170
1373520242
1375533124
1378418196
1378656993
1379977206
1380273076
1385001152
1386869641
1391346550
1391701940
1392137044
1392396615
1394823427
1400771330
1401590018
1402248648
1402765852
1404586847
1407466649
1411605377
1415980645
1417182373
1418066771
1419469119
1421634079
1425650673
1425734057
1427355708
1429368553
1430367452
1436699382
1437748150
1438034479
1439186332
1442740382
1443333117
1444332908
1446372192
1451716109
1451848142
1452168480
1453332016
1454070685
1454112478
1455380626
1455591059
1456336997
1456427864
1457719304
1461123960
1466187485
1468061904
1469133727
1470084515
1472498597
1472565472
1477361279
1478388256
1481979624
1482337392
1482469442
1487509880
1492563369
1495435885
1496008809
1496747329
1503631141
1504265362
1506036430
1506125322
1506415300
1506670966
1506861618
1508952375
1509265406
1511843400
1513523085
1515997898
1516171801
1516558390
1518944696
1521202947
1524939504
1529004416
1530456131
1530779513
1535403105
1537795917
1540216572
1541855092
1546000306
1548725824
1551320868
1552179678
1555890864
1558579707
1560018146
1560377795
1561181947
1562109150
1563685307
1564738126
1565435565
1565952168
1567044623
1567381844
1568855016
1572078333
1573458978
1577389975
1578265037
1580124578
1581862340
1582155109
1582388698
1583684326
1586362982
1588984468
1589826908
1593003625
1595309271
1595708331
1599426374
1602136577
1602482358
1602916145
1608327027
1608457076
1610339668
1612070967
1612417427
1615309408
1617446452
1619983269
1621656798
1621936818
1627435218
1630035425
1634780150
1634947212
1635338390
1637092327
1640053534
1640256394
1640686187
1643104418
1643202222
1643648429
1645703014
1646016878
1649313599
1652209560
1652464532
1653423725
1655089109
1656119957
1656591627
1660256252
1662980843
1664704427
1667483514
1670759645
1673122674
1675916408
1676130937
1678350965
1680108180
1681544208
1682452857
1683750681
1684232584
1684677986
1685351141
1685914671
1686797034
1687942646
1688626547
1691493788
1695010345
1695669319
1695672626
1696813001
1697164554
1697548936
1699274623
1702600595
1703729331
1704666135
1708127734
1711743426
1712260505
1712831558
1713882682
1716824658
1717564815
1718621078
1721625738
1722458069
1723824817
1723864509
1725592397
1727386670
1728131775
1729911782
1730078160
1730543026
1731163723
1732319975
1732344378
1733915974
1739192376
1739222780
1739834326
1740700772
1740853133
1743422738
1746035491
1747235621
1748088925
1749268519
1749972202
1750806387
1750966821
1752355925
1753845790
1754563938
1756442580
1765637829
1769581668
1774825119
1779533060
1780672462
1788164080
1788261698
1791318792
1794590534
1797055428
1797645628
1797742489
1799321891
1799392057
1800019638
1800140852
1800997861
1803528874
1803801465
1804228531
1806893617
1811026720
1811502641
1812089534
1814601019
1815023206
1816433193
1816445965
1817226686
1818221168
1819660636
1820959416
1821040430
1828363724
1829380816
1831642929
1832348230
1832608616
1835741031
1836614334
1836623872
1837147991
1838909625
1842522130
1845572297
1847708336
1854552198
1854887949
1854985783
1856121037
1857963881
1863188720
1863477523
1863623476
1866593076
1866986610
1868840178
1868882541
1869023333
1869038565
1870190819
1878988461
1879003697
1881038097
1881490155
1883870512
1885018772
1885784796
1887209822
1889100732
1892590691
1897150047
1902847535
1903869531
1904096267
1905014540
1906499085
1910103627
1911106458
1912731864
1915880466
1916368852
1917604099
1919271457
1923051046
1923548113
1923806288
1923979835
1925063373
1925469680
1928317564
1932259774
1933256594
1933945020
1935269705
1939987603
1942801865
1942880702
1951560908
1952467940
1953690104
1956340599
1959669244
1959760223
1960998752
1961282424
1961591759
1964209745
1965424950
1969714976
1970655592
1974173705
1974902284
1976218091
1978758052
1983027601
1983626913
1985189087
1986130423
1992509950
1997691065
1999010617
