100
5 10
10 9 8 7 6 5 4 3 2 1
6 10
10 9 8 7 6 5 4 3 2 1
5 10
0 1 2 3 4 5 6 7 8 9
6 10
0 1 2 3 4 5 6 7 8 9
6 3
999982 499991 0
6 10
2 4 8 16 32 64 128 256 512 1024
6 9
2048 4096 8192 16384 32768 65536 131072 124317 110807
4 1
0
5 1
123
6 1
999971
6 3
327 822692 646222
6 4
327 822692 646222 104357
5 3
35311 35314 35317
5 3
82128 41068 20538
6 3
999982 998756 105795
5 10
326 59786 59786 59786 59786 59786 59786 59786 59786 59786
5 10
5375 27891 27891 27891 27891 27891 27891 27891 27891 27891
5 10
60535 16269 16269 16269 16269 16269 16269 16269 16269 16269
5 10
61780 50257 50257 50257 50257 50257 50257 50257 50257 50257
5 10
37939 23598 23598 23598 23598 23598 23598 23598 23598 23598
6 2
299321 94417
6 3
142885 185182 130146
6 4
210094 408533 522319 511108
6 5
190484 59896 564180 647350 86556
6 6
119147 236867 288244 252234 583184 271311
6 4
70482 142535 31854 67770
5 3
49517 22634 65827
6 4
193050 121413 122589 120911
6 3
611636 128791 226306
6 4
950980 516681 625367 936639
6 3
544723 74425 568072
6 4
153473 96196 384579 402451
5 3
3841 59901 50737
6 4
371198 93031 238885 446550
5 3
39711 4623 26656
6 4
435946 146180 264401 115790
5 3
59736 56880 59912
6 4
167277 100720 19566 149061
5 3
9192 23398 4089
6 4
164302 98123 43058 32131
6 3
191306 145018 149189
6 4
491357 307673 106496 326864
6 3
211436 297661 73926
5 4
3742 33337 10090 26693
6 3
792777 790768 360727
5 4
81482 71578 54767 12635
5 3
25062 23215 17123
5 4
7801 63781 54225 74957
6 3
247915 372456 351389
6 10
248811 248812 248813 248814 248815 248816 248817 248818 248819 248820
5 10
51833 51835 51837 51839 51841 51843 51845 51847 51849 51851
5 10
79151 79154 79157 79160 79163 79166 79169 79172 79175 79178
3 3
259 309 309
4 3
6437 6293 5657
6 8
768787 226226 725416 303111 623108 441911 78134 663780
6 3
86073 35918 54220
4 10
1984 1773 2340 650 3059 1062 863 1428 802 1970
6 10
299092 107277 506421 441658 586612 455604 169623 210897 232740 564809
6 4
99265 102559 55443 129936
4 4
256 267 1673 1730
4 7
2053 110 1443 1611 395 2141 1467
6 4
104743 158490 25802 117715
6 4
904953 681610 22123 809019
6 9
31983 15682 129712 6521 30315 48877 71249 42876 76152
4 3
1332 412 3146
4 10
2711 5771 5871 123 3585 546 1608 1145 3729 53
6 10
116125 20462 172545 144804 133053 111154 173120 163034 80807 170856
4 7
354 2997 177 1871 2339 2773 1380
4 6
3122 5056 5401 1248 8951 7999
6 10
357295 127302 245840 232408 354869 328882 150630 332819 272774 297182
6 4
60131 250152 249128 49684
6 4
112474 356839 60733 96477
6 9
14400 180362 195174 14364 16399 88669 153255 68371 105579
6 9
115162 94374 228306 122923 90762 210010 159306 64440 226056
6 6
228708 363574 514088 233314 853853 61917
4 8
3722 1253 4500 5214 1763 2035 4581 1927
4 5
7098 3611 5401 2537 9014
5 7
78137 17067 30919 44624 96821 78727 13305
6 6
721164 566688 112323 105065 101444 651044
4 4
7984 7235 4254 7849
6 8
19935 543411 447740 389308 201526 611128 550481 43910
5 8
2642 54603 4932 43372 37331 59686 41831 29506
5 6
37750 3923 22286 50410 25670 30094
4 4
2587 2160 49 4940
4 8
8533 6049 3875 5736 8396 4115 3733 8713
5 7
22936 2463 23398 38100 567 25138 30493
6 8
338408 233328 76487 66698 3348 325336 298742 187983
5 3
23847 24306 25697
5 6
25177 50168 31222 37401 35280 35502
6 9
428370 410154 74984 30003 155504 13007 65457 315857 478678
4 6
3179 9187 4149 1240 7579 2952
4 8
4624 3409 101 2216 2728 2419 1153 2253
5 4
33636 18341 26473 16491
4 4
891 1233 807 1252
4 4
4022 3045 3240 3616
4 9
1096 1087 405 2116 1174 1236 1709 3366 1789
4 10
4611 1063 7384 1744 3932 5721 312 6271 686 5923
5 10
19584 34061 7856 39180 31631 38141 3506 5046 29252 367
5 4
24837 41186 65763 76690
5 3
104 5448 9261
