100
2 10
0 1 2 3 4 5 6 7 8 9
3 1
13
1 5
6 6 6 6 6
2 4
3 1 8 9
3 10
10 9 8 7 6 5 4 3 2 1
4 10
10 9 8 7 6 5 4 3 2 1
3 10
0 1 2 3 4 5 6 7 8 9
4 10
0 1 2 3 4 5 6 7 8 9
1 6
5 4 3 2 1 0
4 5
9972 7479 4986 2493 0
4 10
1 2 4 8 16 32 64 128 256 512
4 10
4 8 16 32 64 128 256 512 1024 831
1 1
0
4 1
123
3 1
996
4 2
0 0
1 2
0 1
4 2
5234 5234
4 10
0 0 0 0 0 0 0 0 0 0
4 10
1 0 1 0 1 0 1 0 1 0
4 3
17 7276 8084
4 4
17 7276 8084 7147
3 3
359 363 367
4 3
8040 4024 2016
4 3
9972 8080 9854
4 10
4786 320 320 320 320 320 320 320 320 320
4 10
1140 858 858 858 858 858 858 858 858 858
4 10
3054 1693 1693 1693 1693 1693 1693 1693 1693 1693
4 10
3512 480 480 480 480 480 480 480 480 480
4 10
4776 3787 3787 3787 3787 3787 3787 3787 3787 3787
4 2
5523 265
4 3
1001 421 357
4 4
459 144 567 2787
4 5
2892 1580 746 2375 3918
4 6
5122 4482 6179 7905 6911 3108
3 4
64 339 260 247
4 3
5310 1080 790
4 4
5021 8666 8155 8497
4 3
312 3122 7447
4 4
526 1306 2759 1837
4 3
2749 717 3398
4 4
8171 3052 6465 7213
4 3
7071 6777 1884
3 4
136 201 164 752
4 3
1719 478 1588
4 4
972 384 109 3620
3 3
16 86 95
4 4
6687 509 1728 667
3 3
90 135 77
4 4
1878 3504 5603 4168
3 3
133 52 495
3 4
464 281 182 98
3 3
329 102 620
4 4
3735 3077 2076 1131
3 3
645 462 404
4 4
1743 2917 4866 3940
3 3
268 246 100
3 4
16 299 59 367
3 3
150 267 363
3 10
867 868 869 870 871 872 873 874 875 876
3 10
369 371 373 375 377 379 381 383 385 387
4 10
3731 3734 3737 3740 3743 3746 3749 3752 3755 3758
2 3
46 43 49
3 3
110 254 218
4 3
2224 2224 2224
4 7
518 2081 1966 1653 1375 822 909
4 6
308 204 230 25 374 386
4 10
36 18 43 39 27 70 41 33 9 16
4 9
4208 1043 2579 3462 4798 2188 1906 100 4651
4 8
28 83 227 66 102 120 129 17
4 9
39 1 48 59 51 31 52 69 5
4 3
33 39 57
4 6
13 79 84 21 85 44
4 5
39 173 151 133 36
4 3
2458 688 1579
4 10
261 104 25 40 247 95 85 254 253 55
4 6
15 15 15 15 15 15
4 3
15 12 25
4 6
11 4 10 3 9 2
4 6
5608 781 6084 5689 2894 5637
4 4
60 33 68 15
4 9
520 420 368 103 494 618 233 165 632
4 6
37 51 9 38 48 18
4 9
39 42 56 3 16 53 60 69 40
4 8
7368 8679 1323 5797 8158 5583 1464 4066
4 4
417 237 158 209
4 8
166 430 469 175 287 570 90 552
4 6
33 9 37 50 12 102
4 9
1050 826 556 772 150 423 1103 559 545
4 7
1271 2411 2120 348 6028 4993 3079
4 7
30 18 33 1 41 44 27
4 8
41 348 214 37 320 18 187 609
4 7
24 343 724 421 244 199 854
4 6
1 0 1 0 1 0
4 4
2645 805 592 1953
4 9
1943 893 803 42 1634 3729 2402 1083 66
4 7
2002 1344 196 2236 173 1501 1986
4 9
189 1042 3412 1377 498 2800 2569 1839 1958
4 8
143 858 916 566 407 214 938 840
4 9
218 228 109 220 120 47 200 358 246
