100
2 10
0 1 2 3 4 5 6 7 8 9
3 1
13
1 5
6 6 6 6 6
2 4
3 1 8 9
3 10
10 9 8 7 6 5 4 3 2 1
4 10
10 9 8 7 6 5 4 3 2 1
3 10
0 1 2 3 4 5 6 7 8 9
4 10
0 1 2 3 4 5 6 7 8 9
1 6
5 4 3 2 1 0
4 5
9972 7479 4986 2493 0
4 10
1 2 4 8 16 32 64 128 256 512
4 10
4 8 16 32 64 128 256 512 1024 831
1 1
0
4 1
123
3 1
996
4 2
0 0
1 2
0 1
4 2
5234 5234
4 10
0 0 0 0 0 0 0 0 0 0
4 10
1 0 1 0 1 0 1 0 1 0
4 3
17 7276 8084
4 4
17 7276 8084 7147
3 3
359 363 367
4 3
8040 4024 2016
4 3
9972 8080 9854
4 10
2687 644 644 644 644 644 644 644 644 644
4 10
1387 885 885 885 885 885 885 885 885 885
4 10
1643 2336 2336 2336 2336 2336 2336 2336 2336 2336
4 10
633 696 696 696 696 696 696 696 696 696
4 10
2331 2484 2484 2484 2484 2484 2484 2484 2484 2484
4 2
934 1559
4 3
563 1143 1198
4 4
2006 3601 3359 1674
4 5
7529 5805 7131 2515 9037
4 6
44 1135 2118 708 1761 1862
3 4
106 3 352 852
4 3
3565 824 6995
4 4
1007 3326 4786 2754
3 3
76 407 148
3 4
115 74 92 45
4 3
3929 1478 1605
3 4
139 223 10 160
4 3
2926 2762 5082
3 4
39 97 877 582
3 3
113 470 783
3 4
93 145 137 63
4 3
2271 2186 307
3 4
84 97 0 85
3 3
488 387 208
4 4
7550 8015 511 1328
3 3
204 50 192
4 4
6605 6476 7178 2729
3 3
451 218 234
4 4
919 1491 3791 735
3 3
214 378 470
3 4
353 464 360 517
3 3
108 129 118
3 4
555 4 482 492
3 3
219 86 168
3 10
919 920 921 922 923 924 925 926 927 928
4 10
8799 8801 8803 8805 8807 8809 8811 8813 8815 8817
3 10
427 430 433 436 439 442 445 448 451 454
2 3
11 11 11
3 3
67 67 67
4 3
412 786 786
4 3
53 60 1
4 10
39 1554 2944 1886 3347 1567 1972 193 4127 2873
4 6
1425 2671 210 807 1818 984
4 3
146 308 32
4 5
313 113 427 120 509
4 10
20 162 546 583 12 543 451 68 75 383
4 4
25 32 29 25
4 5
20 63 69 17 18
4 5
5 1 23 25 14
4 9
3046 4992 4730 317 3119 586 5981 4675 1640
4 8
66 48 53 7 36 32 25 31
4 10
11 9 19 15 12 4 21 5 16 7
4 3
8 9 6
4 4
19 6 14 18
4 8
69 367 284 467 143 248 723 603
4 9
118 49 147 159 64 69 43 113 75
4 4
26 108 240 254
4 7
494 375 338 107 112 355 19
4 3
367 413 248
4 6
32 44 34 7 3 24
4 9
37 17 24 69 35 25 65 51 34
4 5
47 52 7 80 4
4 4
311 314 175 315
4 5
25 186 210 160 75
4 9
3765 5903 1347 4851 3423 1404 4546 1835 6126
4 5
9 9 9 9 9
4 6
355 296 446 405 438 457
4 4
315 206 409 337
4 6
54 504 261 495 460 536
4 7
7 3 1 0 5 2 6
4 10
57 19 15 53 57 19 15 53 57 19
4 8
186 711 445 75 43 147 632 496
4 7
85 6 204 201 182 341 91
4 4
2 2 2 2
4 3
284 245 318
