100
100 15
442 566 535 619 543 834 748 653 575 887 762 690 766 619 567
442 807 928 426 839 526 871 805 575 578 859 747 873 949 415
385 566 535 324 914 698 456 588 575 451 859 844 873 725 519
570 528 295 533 252 369 612 542 266 703 666 535 384 319 567
766 942 622 895 839 622 612 457 864 201 372 844 471 836 835
873 860 766 619 438 694 748 653 575 578 859 535 873 733 702
68 125 188 206 164 155 174 46 91 309 155 98 156 111 177
63 127 235 43 49 74 72 21 13 52 177 75 202 96 154
662 473 622 426 373 621 612 653 358 887 859 844 688 841 904
106 203 284 407 175 272 177 95 128 353 245 109 384 217 185
491 300 622 426 543 358 343 179 266 321 479 690 272 295 567
410 473 266 426 175 502 399 653 575 855 365 261 272 443 281
442 807 188 324 373 448 153 653 178 283 155 435 471 396 519
766 942 766 930 683 663 261 805 714 704 666 844 873 788 796
662 223 928 930 438 761 343 457 714 393 762 464 766 655 835
442 860 622 895 543 633 871 805 358 887 503 535 688 814 415
873 566 766 306 438 511 871 588 575 855 859 464 766 983 702
523 942 766 206 683 959 871 457 575 451 762 535 873 526 415
68 528 356 306 438 348 261 443 178 393 479 535 471 292 702
539 807 535 930 278 970 711 805 358 887 762 844 873 517 835
168 300 100 84 110 252 139 179 128 221 109 373 319 188 483
51 63 84 29 33 49 39 13 11 30 32 57 51 66 52
766 566 535 779 373 808 871 653 864 704 762 844 688 633 702
127 409 353 533 278 501 612 437 178 578 372 435 688 437 415
289 185 295 183 252 273 307 291 210 283 372 204 521 233 483
180 473 133 206 195 183 112 413 67 97 109 261 384 147 112
442 258 928 606 543 681 399 588 575 578 276 435 820 785 904
289 717 235 407 221 333 177 437 266 201 333 464 521 241 185
442 717 295 171 195 335 748 325 91 321 276 522 766 258 185
442 352 465 206 278 222 177 179 91 63 23 261 384 177 123
410 566 535 324 49 346 377 443 358 277 762 535 587 274 281
137 258 375 324 195 237 456 209 210 393 109 209 171 185 227
570 127 409 779 175 406 307 370 358 321 276 261 171 340 519
570 409 535 606 683 362 261 209 266 578 109 464 521 318 227
491 528 421 606 683 515 555 805 714 887 666 373 617 966 904
14 18 66 17 30 27 38 12 10 21 25 3 25 46 32
662 566 188 324 683 420 555 542 358 321 372 109 471 371 702
244 860 465 306 543 441 177 653 358 221 503 690 680 390 567
10 2 11 10 0 5 37 6 9 3 3 1 20 35 11
539 860 535 533 543 873 377 805 266 855 666 747 617 578 796
539 528 622 619 914 954 871 653 575 704 585 535 688 531 483
873 717 284 930 278 668 871 209 714 887 585 658 820 787 519
570 409 375 619 438 732 261 805 266 887 762 844 873 709 415
64 300 295 59 134 200 177 46 67 368 245 348 256 155 281
539 473 295 128 373 479 456 291 128 201 666 464 384 412 483
168 258 85 619 543 486 456 170 714 451 479 261 820 420 61
180 203 465 324 221 319 177 291 178 451 245 348 384 234 281
873 807 535 619 543 987 456 588 864 887 859 658 873 485 796
137 54 21 324 373 268 399 95 575 166 333 109 202 201 52
766 473 375 206 278 506 343 530 358 393 503 251 688 466 690
662 566 766 779 543 586 871 805 714 704 372 690 688 898 835
244 566 535 779 438 967 871 413 864 704 372 844 873 520 281
523 566 928 779 543 933 871 35 864 855 333 844 688 551 904
68 223 21 59 49 73 78 21 36 63 44 230 256 87 61
14 3 21 26 30 46 63 13 62 30 11 3 63 52 95
127 168 375 306 195 176 153 209 29 393 25 204 156 120 237
289 300 126 206 151 453 555 291 67 578 585 535 384 404 835
180 352 133 183 252 243 148 370 36 201 177 435 587 187 281
491 287 622 533 373 427 612 291 358 451 845 261 471 383 603
168 54 188 128 164 229 177 325 266 166 109 98 99 181 415
68 181 68 57 91 63 114 95 13 30 15 34 99 76 61
766 942 622 779 758 642 555 805 836 578 859 690 873 813 702
106 258 71 75 110 131 122 179 29 97 44 75 471 100 95
662 473 622 426 673 493 555 542 266 368 44 109 660 423 181
873 717 465 606 758 708 748 805 864 353 585 844 521 718 904
766 942 766 533 758 853 871 413 714 704 859 844 873 609 702
289 300 133 84 438 262 139 170 266 451 365 261 272 190 175
873 566 766 619 758 833 871 805 358 887 276 747 660 620 281
873 528 465 779 914 813 612 457 864 283 372 747 521 626 702
766 717 535 324 839 995 377 443 358 887 666 535 587 467 904
289 63 421 598 195 320 307 588 210 451 585 464 319 239 415
180 258 71 84 221 192 307 209 67 166 18 209 319 152 281
662 473 766 426 758 877 456 457 714 887 503 844 660 576 603
766 717 622 619 988 617 177 805 864 704 503 435 384 853 519
51 18 85 84 137 103 122 209 91 136 44 69 69 98 281
766 409 622 930 683 605 711 457 358 855 245 844 873 886 776
662 717 928 930 758 684 612 805 91 578 585 747 688 743 567
873 860 266 426 879 623 343 805 864 393 372 844 688 833 702
289 566 622 779 543 537 871 653 210 704 859 747 873 942 835
244 860 356 407 252 980 177 805 836 704 372 535 660 507 835
873 860 928 930 683 619 871 370 128 578 479 535 820 851 237
385 409 295 128 914 469 153 653 358 578 372 348 319 406 281
662 942 928 533 543 547 555 805 864 451 762 535 688 936 702
385 203 928 619 535 985 343 653 864 887 762 658 384 504 796
137 223 126 45 91 149 78 161 67 97 333 109 167 103 123
570 473 375 619 683 941 871 805 266 368 479 844 873 547 904
244 223 535 324 438 435 261 457 358 451 109 261 617 389 835
523 352 100 128 535 338 555 457 210 201 109 261 521 262 483
244 258 622 779 839 991 748 805 864 887 666 535 688 473 835
410 697 409 426 252 447 612 653 210 393 177 373 617 392 281
766 409 766 533 758 855 748 805 36 578 503 690 873 597 904
180 697 284 779 683 580 711 291 864 887 503 747 873 899 112
570 807 766 779 175 575 456 653 864 855 845 658 873 910 567
873 528 766 895 683 552 748 653 358 855 666 747 766 922 796
873 860 766 779 438 625 711 588 358 283 859 658 660 828 519
662 566 356 779 543 805 871 653 575 704 859 844 766 643 904
570 528 356 206 914 603 711 588 575 578 762 690 617 892 567
40 39 71 45 33 68 148 21 67 97 44 34 69 80 112
539 860 766 930 758 512 711 443 358 578 666 747 319 975 904
662 717 928 619 879 919 871 805 575 578 859 844 766 568 835
5 2
4 1
1 1
5 4
2 2
4 4
20 8
159 123 154 154 155 132 137 185
23 32 28 21 33 34 25 26
126 103 94 102 124 113 88 153
67 63 42 57 39 27 40 45
52 64 62 66 74 50 52 134
69 66 71 67 104 85 70 147
111 77 90 76 121 109 70 141
155 155 187 197 197 188 199 198
85 70 72 70 85 82 66 94
133 120 130 117 141 117 132 155
39 41 22 35 39 43 44 94
144 107 114 109 138 124 95 152
119 78 91 87 133 115 91 149
143 119 108 133 150 131 136 161
103 71 88 77 123 97 87 145
171 161 159 174 159 167 150 191
20 14 17 15 21 25 27 57
167 125 161 187 165 172 144 184
43 44 32 64 58 72 53 139
199 166 190 196 176 175 198 197
20 4
86 65 126 102
178 91 151 109
91 72 90 71
129 83 118 75
195 178 184 198
69 33 59 68
79 63 64 69
174 172 177 166
40 20 22 57
152 90 136 95
150 103 152 187
106 73 124 77
41 22 18 31
20 16 50 53
168 124 156 196
48 19 48 47
200 182 189 199
186 173 170 196
125 85 120 77
58 46 52 60
92 8
11 39 29 25 26 39 38 32
25 99 98 97 98 96 95 99
53 12 5 2 6 2 0 0
99 96 97 94 96 98 95 93
88 51 66 63 59 51 47 49
68 63 56 71 69 60 61 60
26 1 5 2 1 1 0 3
60 29 25 27 41 31 29 30
81 28 41 41 29 26 17 21
78 14 33 30 14 18 4 11
15 53 38 44 38 51 52 40
32 17 15 21 26 18 21 21
29 6 10 11 6 8 8 9
80 23 38 40 26 23 12 18
64 44 45 38 55 48 42 45
90 58 71 67 64 63 57 59
37 40 33 31 38 45 38 37
79 19 35 31 23 22 8 13
46 67 62 57 69 73 70 69
57 19 20 15 29 15 17 16
36 37 25 27 35 42 33 36
16 59 41 48 41 62 57 43
97 92 94 89 86 87 87 86
20 72 66 65 75 81 75 69
3 8 4 5 6 10 12 7
33 26 16 22 31 29 25 26
51 90 85 94 93 91 91 89
54 13 8 5 16 4 4 4
2 6 3 2 3 9 8 5
40 53 40 41 48 54 47 52
0 0 0 0 0 0 0 0
98 93 95 90 90 91 91 89
13 48 35 37 35 45 47 39
66 55 51 44 59 55 52 53
84 34 48 48 46 37 29 30
31 10 13 15 18 14 17 16
91 74 75 70 68 64 61 60
30 8 12 13 14 10 12 11
17 63 51 51 48 64 61 46
86 44 61 54 51 42 38 40
83 31 47 44 41 31 25 29
39 50 35 35 41 48 42 40
52 96 98 97 95 96 95 93
87 48 62 57 56 48 42 46
10 37 28 20 21 37 33 28
34 31 18 25 32 31 29 34
77 10 30 27 11 13 0 9
24 93 95 93 91 94 91 89
96 90 92 87 84 80 83 84
19 69 65 57 65 73 70 65
74 89 85 87 88 89 87 86
48 77 71 67 77 83 79 76
70 69 64 77 76 69 70 65
5 23 10 13 11 23 21 20
65 51 49 39 56 51 47 49
1 1 2 1 1 7 4 2
69 67 60 73 71 67 66 63
22 83 80 76 86 83 83 76
9 34 24 19 19 35 29 24
95 87 91 85 83 78 79 73
18 65 57 54 54 71 66 55
59 22 22 22 38 26 25 24
58 21 21 17 37 18 21 18
50 86 83 78 91 87 87 83
23 87 83 90 88 89 87 86
92 75 80 73 71 69 66 63
42 59 49 48 56 57 57 55
93 77 85 80 73 71 70 65
28 5 8 7 3 2 4 5
72 77 77 83 80 78 79 80
71 72 71 80 77 77 75 72
94 85 88 83 80 73 75 68
49 81 79 73 80 85 83 79
21 77 75 71 77 82 79 73
44 62 54 51 61 66 61 57
12 44 30 31 32 42 42 34
67 59 54 61 65 57 57 57
41 55 41 47 51 55 52 54
73 83 78 85 84 86 83 84
47 76 66 61 73 76 75 75
4 14 5 9 10 15 17 13
45 65 57 54 65 67 66 60
8 26 17 17 16 26 25 21
61 33 30 31 46 39 33 37
85 40 51 51 48 39 33 32
82 29 45 43 32 29 21 26
75 93 88 90 94 94 91 92
56 17 18 12 21 10 12 13
76 98 93 96 96 98 95 93
62 40 41 35 51 45 38 43
55 14 13 9 20 6 8 8
89 55 69 64 62 60 52 51
36 7
22 42 26 11 39 40 7
71 66 85 73 77 80 75
57 30 74 43 3 0 31
33 7 7 69 39 64 5
97 89 40 56 22 34 85
2 42 40 88 90 64 75
85 66 85 73 70 80 99
33 40 34 22 77 52 75
76 17 40 6 77 64 32
17 42 65 73 90 92 27
8 18 0 11 77 12 27
17 14 6 11 35 40 23
1 11 7 10 39 40 15
8 42 17 22 11 12 85
85 15 40 88 70 80 27
28 15 17 0 39 5 64
3 7 7 0 70 12 15
59 40 40 32 70 40 64
97 89 26 56 39 80 40
95 66 74 43 30 92 40
71 30 40 73 77 32 85
8 66 85 34 39 52 40
70 4 26 69 29 25 23
59 42 26 34 22 52 7
71 66 35 6 20 3 40
33 66 40 43 70 25 27
76 89 65 73 90 34 40
33 66 7 22 90 64 85
3 42 17 33 0 40 32
33 30 65 0 35 64 64
3 18 17 56 11 34 5
57 30 74 69 67 25 75
59 89 85 19 39 92 85
33 66 85 43 70 80 15
33 89 85 88 39 64 97
85 66 85 73 9 5 64
40 3
77 48 35
32 29 23
16 23 18
197 147 152
176 157 166
192 188 184
125 115 79
17 24 20
27 21 13
102 85 71
137 135 109
85 71 51
117 104 74
66 39 32
199 193 189
115 80 61
184 164 161
143 138 148
121 121 101
171 149 166
95 59 66
181 149 166
188 167 181
33 40 27
80 48 60
155 141 149
46 27 28
134 127 118
57 25 24
159 146 150
147 139 146
53 36 30
186 187 182
131 112 75
98 79 64
136 131 98
190 177 163
138 136 144
156 148 155
120 110 85
20 7
70 35 24 24 15 14 37
142 135 143 149 120 103 138
118 104 110 122 119 86 133
102 69 67 61 42 40 52
138 146 111 129 110 85 103
115 96 102 100 75 76 72
112 91 80 100 58 58 69
82 67 38 24 21 36 26
113 95 77 94 57 47 57
148 155 146 152 138 174 163
183 191 156 171 191 185 186
126 103 86 107 79 81 97
127 120 123 139 122 91 125
106 80 72 86 49 50 53
191 182 151 168 180 183 175
147 152 145 160 131 165 149
94 58 54 50 22 24 41
160 159 185 196 194 196 199
92 57 59 42 23 27 44
122 116 100 105 82 82 102
20 2
176 166
50 50
183 174
194 198
51 61
20 13
37 35
70 107
198 199
62 60
122 124
119 120
82 70
126 135
110 113
178 185
170 152
48 38
99 105
93 111
62 7
73 45 75 74 77 72 76
73 90 75 40 66 21 52
1 15 40 61 25 16 20
20 2 45 27 4 0 20
20 35 27 4 5 43 20
16 11 3 34 25 72 60
52 45 40 74 54 91 85
52 45 45 10 25 48 20
14 3 27 10 25 0 52
20 21 27 27 33 3 20
67 27 75 61 93 51 76
12 9 17 43 21 28 19
73 53 59 74 38 81 52
73 53 69 45 54 81 39
65 70 57 74 77 81 85
91 70 75 61 77 65 67
25 0 66 1 10 21 14
52 53 40 61 77 81 76
20 35 75 90 70 16 76
42 30 8 20 10 51 39
5 3 17 14 21 0 3
52 89 75 53 66 51 67
67 53 69 53 54 72 60
0 16 45 14 25 28 42
5 45 40 45 38 16 14
36 35 5 27 38 21 52
31 24 1 37 38 43 2
25 45 27 10 38 16 1
14 16 27 20 5 14 20
52 66 45 90 70 72 60
1 27 27 20 5 3 3
73 70 61 45 93 91 85
25 35 66 40 5 5 14
44 66 45 83 77 48 42
5 16 16 55 17 5 52
73 90 61 90 70 51 85
5 35 45 20 20 16 60
73 45 75 34 77 72 76
36 70 75 34 93 81 52
44 32 17 57 12 21 42
73 53 75 90 77 81 31
44 90 75 45 12 91 42
91 10 69 90 38 72 85
12 70 66 74 93 65 85
67 25 27 61 54 51 76
73 70 75 57 77 91 76
73 53 75 40 77 51 69
31 35 8 14 21 65 3
52 90 75 90 92 51 85
91 90 75 83 77 28 69
31 21 22 7 54 28 31
16 35 5 10 18 48 14
20 21 61 83 38 81 85
36 3 27 14 33 43 60
44 45 75 90 70 81 69
70 53 75 45 77 28 85
66 32 75 61 77 28 42
1 35 45 27 70 43 50
25 30 8 37 25 5 51
52 45 75 83 54 72 85
44 70 22 57 93 91 60
31 25 22 7 38 14 3
56 7
85 40 67 91 65 62 51
2 24 55 19 35 32 71
8 28 2 35 65 5 51
56 28 1 6 20 25 1
3 69 19 2 25 67 0
43 28 17 89 6 38 71
68 69 22 91 65 67 71
17 0 2 6 3 25 62
26 58 67 40 65 38 9
30 69 42 6 43 9 51
56 17 51 35 17 25 11
35 39 35 40 10 67 71
3 40 84 91 65 82 64
9 28 67 19 35 32 12
85 90 26 40 65 9 71
9 0 35 19 83 38 24
56 40 19 16 25 16 42
56 40 10 86 17 38 51
9 17 10 55 43 67 69
68 81 77 40 83 87 24
85 12 42 79 93 82 62
56 54 2 2 43 7 51
43 7 67 70 10 17 42
17 17 42 79 35 9 24
68 81 95 79 80 17 64
43 40 15 40 1 17 12
17 90 77 55 83 93 1
56 90 84 70 54 67 85
56 81 55 55 54 67 12
56 89 51 89 54 25 71
26 28 26 9 43 17 71
26 90 10 55 80 13 85
85 40 84 91 65 87 85
35 90 84 19 83 93 85
43 54 42 55 6 62 64
35 69 67 19 95 62 24
56 54 17 79 96 38 24
66 12 92 91 43 38 85
43 28 42 10 43 6 71
43 17 22 10 43 38 9
68 40 77 35 54 67 85
43 26 55 70 54 87 71
17 40 55 14 65 32 34
85 69 95 35 54 93 85
3 0 53 86 17 67 12
85 40 7 70 25 38 7
17 4 84 99 54 82 42
85 81 77 86 96 36 85
43 90 95 79 96 93 42
43 58 84 40 80 62 42
68 90 55 98 54 93 85
68 58 77 91 43 87 34
68 4 35 40 3 38 42
35 54 15 79 10 67 51
1 24 35 19 10 38 51
9 17 55 10 65 38 12
64 2
83 79
30 35
29 33
42 42
68 61
59 50
17 20
14 17
66 57
72 64
58 48
32 36
23 26
95 91
47 2
47 96
35 38
25 29
80 75
61 51
16 18
64 55
34 37
97 93
44 43
18 21
38 40
19 22
26 31
62 52
24 27
6 13
67 58
47 2
22 23
86 80
73 65
94 90
70 62
3 7
53 45
2 6
82 78
74 66
65 56
76 67
55 47
79 69
87 83
11 15
5 11
1 5
40 41
78 68
90 86
91 87
92 88
46 44
4 9
81 76
8 14
36 39
47 96
13 16
20 9
13 24 34 63 30 31 15 63 31
135 95 142 138 131 154 108 131 139
63 78 87 87 75 69 56 99 98
37 37 62 66 50 50 32 70 35
34 33 60 64 39 60 42 72 41
82 35 33 30 14 39 15 47 13
41 67 105 103 78 79 63 95 94
168 144 182 162 158 189 196 179 177
92 85 92 100 60 67 46 94 81
125 91 120 116 105 149 91 111 124
139 98 151 144 114 151 101 113 122
177 183 200 188 161 200 159 175 195
98 86 119 105 93 87 89 102 136
42 29 75 81 83 82 86 89 51
160 135 173 153 150 184 128 162 156
141 121 167 146 143 166 116 146 154
163 148 188 151 154 187 149 179 172
36 17 43 76 57 75 50 75 73
173 169 175 176 160 185 157 167 174
30 16 15 30 25 15 15 33 19
37 7
25 23 14 4 10 51 6
83 84 75 43 75 82 89
83 43 27 80 46 68 63
49 55 58 80 65 51 63
82 0 2 72 34 61 56
64 10 19 63 14 24 42
83 84 42 80 75 24 24
29 3 19 8 10 34 6
64 55 72 80 65 86 42
64 43 42 72 75 51 63
83 19 60 80 51 86 63
29 23 14 8 5 61 6
5 3 27 22 20 34 61
45 43 37 41 8 86 56
49 55 65 80 46 49 89
45 38 60 43 34 34 18
64 55 75 8 51 75 33
64 10 19 40 20 16 18
75 55 60 43 51 73 63
83 84 86 63 75 11 63
13 1 7 22 5 24 33
43 10 12 6 4 0 18
13 30 34 63 20 16 56
13 23 19 63 32 6 6
33 84 75 80 75 49 63
83 39 42 22 75 86 63
83 43 86 72 44 75 24
49 23 37 5 46 6 24
83 43 75 80 75 86 89
9 55 37 72 51 51 89
3 31 27 0 32 0 6
75 31 86 72 34 59 89
37 3 10 8 20 16 28
33 3 14 41 34 34 33
5 31 1 22 15 44 4
83 55 65 43 75 61 42
43 43 75 80 51 70 63
63 7
19 21 3 27 10 2 11
57 53 71 27 76 85 44
81 56 90 83 46 82 68
3 5 24 20 17 19 25
27 14 24 35 46 28 6
27 9 8 2 10 19 25
0 21 35 5 39 9 0
41 5 24 27 10 53 25
1 1 8 2 2 28 25
57 53 62 83 85 60 84
57 70 90 80 79 9 49
27 47 35 7 0 38 10
81 47 44 7 85 53 68
32 14 30 27 27 35 6
41 35 8 1 8 43 11
41 30 44 7 17 43 11
81 97 71 69 2 75 49
57 89 90 76 79 47 38
16 4 33 7 46 14 11
50 21 8 35 39 60 37
12 21 35 7 4 5 11
50 70 44 83 54 75 68
19 53 21 17 32 2 38
50 56 44 56 54 85 84
81 83 64 95 73 60 68
81 47 71 35 79 60 49
81 89 64 91 85 75 38
32 9 2 35 17 4 44
69 70 90 56 54 47 84
41 47 35 35 27 19 68
57 70 7 80 17 14 38
69 88 90 83 73 75 49
32 14 41 6 70 43 44
19 2 8 20 4 19 25
81 56 44 76 39 75 84
50 56 71 95 85 53 84
50 70 71 56 17 28 11
3 30 41 20 29 14 25
69 89 90 76 85 35 38
12 2 64 56 54 0 1
69 89 24 83 29 60 84
57 70 44 80 76 75 84
69 83 44 83 85 42 84
81 35 44 56 85 60 49
19 56 71 98 73 73 44
81 56 71 98 85 85 49
32 5 8 35 32 43 1
81 89 61 35 54 47 49
69 89 44 69 9 85 68
41 56 71 56 54 85 25
32 70 20 83 15 60 49
41 35 71 95 79 19 68
69 35 30 56 54 85 44
3 9 8 20 17 38 11
27 21 33 35 0 5 6
81 56 64 69 85 85 84
57 70 90 56 29 60 49
16 21 21 35 32 9 11
81 97 71 69 54 85 68
41 9 24 35 15 28 38
27 35 3 27 10 5 25
50 56 64 69 70 53 84
69 56 44 35 54 53 49
68 7
12 12 11 9 10 14 14
77 73 80 78 71 74 78
82 80 84 80 80 80 82
66 56 64 66 63 65 64
87 92 86 88 85 95 90
83 81 86 87 83 84 87
70 68 74 73 68 72 72
95 87 90 93 85 88 96
80 78 76 78 76 74 80
75 71 76 76 70 73 76
87 92 90 93 91 95 87
78 76 83 80 76 77 81
54 52 50 53 52 58 51
91 95 90 82 92 95 96
59 56 60 64 60 63 61
36 31 27 27 29 30 23
25 22 22 23 19 22 25
40 37 40 35 34 41 37
18 15 17 16 14 19 20
73 72 81 77 72 74 78
29 28 24 27 26 29 33
50 47 48 49 49 54 48
29 26 27 27 26 30 31
87 92 90 88 92 88 96
95 84 97 97 97 95 95
56 47 57 53 55 58 58
18 17 18 16 19 25 18
17 17 18 16 15 24 21
41 39 36 37 41 38 40
64 59 64 68 62 64 63
47 43 45 42 46 45 44
65 62 66 63 60 65 66
27 24 24 26 23 27 28
74 68 74 75 68 71 75
86 86 86 82 81 84 83
43 41 42 40 44 42 41
70 62 73 74 67 68 72
0 9 7 3 7 5 8
50 46 51 45 49 50 48
56 55 57 59 58 58 56
21 21 22 21 23 26 22
63 52 60 64 58 58 61
6 8 6 5 6 5 8
3 1 2 1 0 0 3
68 60 66 70 66 67 66
50 47 48 46 49 49 47
69 64 71 70 63 68 71
24 23 24 24 25 27 30
13 13 14 11 11 16 15
49 44 47 44 47 47 45
3 7 2 1 4 4 5
39 37 32 35 40 36 39
59 50 53 59 55 54 58
7 10 9 7 8 10 11
79 77 84 82 79 80 84
55 50 53 53 52 51 51
43 42 42 41 45 42 42
22 17 18 22 15 21 24
84 89 90 93 94 95 90
7 10 10 8 9 11 11
5 3 4 3 4 1 5
93 87 90 88 85 88 93
2 4 0 0 1 3 0
16 14 15 15 13 18 16
99 95 81 97 90 92 93
34 29 29 30 29 33 34
38 36 35 34 33 36 36
37 33 29 30 32 34 27
10 3
56 56 60
54 54 40
53 53 30
52 22 29
55 55 50
52 52 20
93 53 21
85 55 41
54 12 49
51 51 10
93 7
16 17 14 15 20 22 32
21 13 13 21 31 15 14
61 69 65 45 48 52 63
25 25 36 24 18 13 20
80 82 82 71 64 65 65
133 144 112 119 113 133 124
121 129 108 107 92 97 108
44 60 66 40 63 68 92
32 30 30 22 23 25 27
34 22 17 23 39 48 54
118 128 117 123 110 111 117
56 49 56 47 51 49 43
73 96 93 102 83 94 99
41 43 36 28 36 24 25
181 174 178 190 194 195 174
68 78 75 60 52 65 81
137 147 138 135 120 134 127
120 135 114 133 111 136 121
50 55 54 42 45 42 44
194 196 189 187 187 196 196
154 157 151 157 150 166 156
148 150 142 153 139 159 146
76 89 91 97 88 97 102
28 23 32 26 33 28 37
174 169 156 165 151 169 160
114 121 105 113 97 115 120
196 194 188 173 165 170 157
92 91 81 75 62 70 83
65 62 43 51 59 64 66
136 145 124 126 126 144 135
49 46 39 38 49 58 53
192 186 185 181 182 187 177
40 54 41 27 41 32 41
165 164 153 154 147 168 159
111 131 118 139 136 156 133
112 130 109 121 125 160 146
197 197 192 197 199 199 199
130 137 129 142 135 163 151
37 44 52 41 65 43 40
103 108 99 98 96 105 109
87 102 97 93 85 78 78
62 56 70 63 76 63 75
160 163 150 163 141 165 153
153 173 172 161 145 173 162
132 136 124 131 131 142 140
99 113 104 105 105 106 106
71 78 73 54 56 38 57
42 48 38 36 44 40 55
26 20 24 17 15 14 17
23 21 27 20 30 26 18
93 102 96 103 93 87 95
198 200 196 191 198 197 195
199 199 200 198 200 200 198
96 106 95 101 89 90 86
74 81 78 73 77 69 79
119 113 100 118 102 114 119
47 53 61 66 57 31 50
168 170 165 180 188 191 184
127 139 136 136 112 143 118
115 119 105 120 109 111 105
83 86 89 87 83 79 96
97 124 116 116 91 113 127
30 35 34 25 22 27 34
55 67 45 31 38 30 33
180 174 161 172 153 176 167
140 151 139 151 128 146 143
53 66 58 46 50 46 49
150 160 148 156 143 164 154
187 180 170 179 177 179 169
177 171 158 168 158 174 163
60 61 64 68 57 57 72
48 45 48 31 37 35 44
141 146 140 150 138 161 152
116 118 111 108 95 103 103
185 183 175 185 165 171 168
163 152 133 147 134 141 141
22 13 14 19 16 18 16
46 36 21 15 29 21 14
77 83 87 83 80 72 87
179 178 179 191 193 181 178
67 85 83 78 70 76 104
90 90 92 84 81 75 84
36 39 44 35 32 29 26
52 56 60 57 65 50 59
184 172 153 164 183 198 192
190 185 173 174 170 181 170
164 152 135 138 137 145 134
144 155 144 152 142 167 155
104 116 110 115 119 125 110
66 69 71 56 70 59 60
107 107 101 106 106 121 115
195 191 183 183 186 190 182
129 139 123 134 118 140 126
20 5
183 181 195 139 148
30 22 68 61 33
195 196 185 194 200
56 29 57 59 25
116 98 122 118 114
58 44 98 91 62
171 147 146 136 127
88 95 104 98 37
166 175 176 139 173
93 72 105 111 64
169 187 151 185 182
75 64 102 97 54
123 110 119 116 102
146 164 160 180 174
87 53 101 54 16
55 21 35 26 21
135 122 137 130 118
138 136 147 137 129
127 112 132 129 105
16 20 20 22 13
41 7
38 26 31 33 31 35 22
66 61 67 63 52 62 62
52 51 49 58 44 51 42
90 93 76 93 60 95 80
80 93 85 76 70 84 67
74 68 78 69 69 69 63
90 74 85 76 70 76 80
20 15 14 9 15 15 9
8 5 4 4 10 9 4
32 25 26 31 28 27 22
50 49 47 54 42 48 39
43 41 38 40 33 38 31
48 42 42 46 39 45 36
21 26 26 14 20 27 22
16 21 23 21 22 22 16
38 40 23 36 31 34 30
49 48 46 50 41 46 38
42 39 31 33 30 35 29
54 56 53 57 46 59 42
65 69 65 63 50 62 60
54 56 53 62 48 61 53
80 80 85 86 70 89 72
75 73 75 68 55 69 63
1 0 3 1 1 7 3
12 12 13 8 11 13 5
66 72 68 67 52 68 61
21 21 23 21 23 22 16
54 65 53 58 49 59 54
11 6 18 9 12 14 6
0 4 1 0 1 0 2
43 47 42 40 35 44 31
90 78 85 76 70 76 77
80 78 81 93 70 89 80
80 84 85 92 60 95 80
16 20 21 12 15 20 9
32 26 15 31 28 27 22
21 21 18 21 23 22 19
80 93 68 86 56 84 95
79 80 76 88 70 76 67
75 87 85 93 96 89 72
15 8 5 7 12 6 7
37 7
43 53 60 3 60 23 52
33 84 49 74 32 96 88
67 94 34 83 38 77 65
43 36 11 0 60 35 23
67 36 14 93 76 96 65
4 55 49 62 60 1 56
67 17 49 75 38 77 65
67 55 79 93 84 60 27
43 84 74 11 38 16 65
67 94 79 75 84 23 88
17 5 60 20 58 16 35
17 31 11 42 18 73 65
67 84 49 93 15 77 35
67 94 74 62 32 60 52
59 7 2 20 32 60 18
43 7 39 53 19 44 3
59 55 18 42 95 49 29
67 17 49 35 38 96 65
29 10 34 20 84 77 88
43 36 14 53 84 77 48
67 55 39 83 95 96 52
22 1 18 3 58 60 65
22 31 49 75 10 48 56
14 17 74 53 19 49 4
34 80 71 83 95 49 65
43 55 39 53 10 73 34
43 17 11 3 76 16 41
59 10 2 20 72 77 41
67 84 18 12 84 44 51
4 36 79 42 84 49 88
67 36 79 83 38 60 88
67 84 79 35 76 60 88
0 10 18 35 72 23 65
22 55 79 35 60 23 65
34 3 2 53 1 49 56
67 80 79 42 76 23 65
34 55 60 20 60 16 29
91 8
1 3 4 1 5 0 0 0
44 29 39 44 56 88 14 46
3 5 0 2 7 28 0 3
86 90 92 87 81 25 84 95
84 85 81 75 76 24 77 87
6 8 2 15 5 44 0 10
54 54 64 60 59 38 62 65
66 56 67 41 67 22 62 73
49 66 50 56 47 65 54 50
10 12 11 6 17 2 14 6
15 35 14 27 27 47 21 26
77 66 67 71 81 94 62 70
36 32 35 19 35 34 36 32
67 70 73 56 70 8 62 70
77 75 71 86 83 68 77 80
39 37 42 22 38 36 45 37
70 73 64 67 59 67 70 59
8 8 21 5 14 15 14 7
83 75 75 62 72 9 70 74
56 70 54 65 50 66 62 55
42 50 47 48 40 51 45 36
61 70 67 75 56 80 62 57
5 5 6 2 9 14 7 3
92 96 95 82 87 57 91 95
39 47 42 27 42 6 45 54
49 50 57 39 56 21 54 64
29 37 19 40 29 62 28 42
55 36 42 50 59 89 21 50
49 43 57 27 47 37 54 41
15 14 14 8 24 3 21 7
38 41 39 50 33 75 28 34
20 14 22 27 1 71 0 15
92 93 88 87 95 97 84 90
4 8 8 6 13 29 7 7
44 46 50 53 43 76 36 49
67 50 55 60 68 92 45 66
17 8 6 25 2 58 0 15
24 5 33 27 50 86 0 39
92 85 95 97 95 85 91 92
70 73 71 77 63 81 70 59
22 18 25 33 3 72 7 19
87 77 94 94 93 69 84 83
80 88 77 80 89 95 70 77
77 83 81 71 75 41 77 85
14 26 10 22 20 46 14 23
24 27 14 34 17 60 14 26
80 83 81 90 89 83 84 90
32 18 28 17 31 18 28 19
22 14 25 10 19 16 21 10
32 30 33 44 29 74 21 29
67 63 67 67 76 54 70 66
17 18 17 10 27 4 28 10
49 54 50 49 47 52 54 45
29 30 28 15 24 33 28 31
72 77 75 82 64 82 77 61
88 90 81 82 92 96 77 85
59 40 47 53 62 90 28 58
2 4 8 2 11 1 7 1
92 93 97 99 97 70 91 92
61 57 62 50 50 53 62 46
24 22 28 41 9 73 14 26
72 59 62 65 70 93 54 69
31 47 42 44 39 50 36 34
89 88 81 77 87 11 84 80
98 97 97 90 93 12 91 82
90 85 89 80 86 56 84 87
84 77 77 71 76 10 77 77
6 12 11 10 14 31 14 14
44 37 55 25 40 20 45 39
72 61 73 62 68 40 70 75
92 93 93 94 89 26 91 99
91 90 91 77 83 42 84 92
92 97 97 96 97 43 91 98
44 61 47 47 45 64 45 46
42 25 35 34 55 87 7 42
36 27 39 18 32 19 36 23
60 64 64 67 54 78 54 55
72 77 77 70 72 23 70 83
28 32 17 38 24 61 21 32
65 50 57 34 64 7 54 61
20 14 11 27 7 59 7 19
10 23 4 21 14 45 7 19
80 66 77 71 83 55 77 77
32 23 27 22 35 5 36 37
17 41 28 34 33 48 28 29
9 18 22 14 20 32 21 15
61 47 50 56 64 91 36 63
39 43 35 41 35 63 36 44
56 57 57 62 45 77 45 50
0 2 0 0 4 13 0 1
98 97 89 97 97 99 91 95
61 7
32 50 0 15 35 13 21
57 77 13 95 33 33 82
84 68 70 68 83 70 85
84 44 55 77 83 49 85
9 17 38 24 51 26 29
48 50 38 33 1 37 21
63 77 30 65 59 62 49
84 77 86 77 35 81 85
42 17 13 1 7 37 21
61 27 73 72 76 62 82
83 58 86 72 24 70 67
52 36 30 24 15 18 64
15 17 1 10 7 1 49
68 77 73 77 76 62 67
46 9 4 41 7 26 0
42 10 45 1 51 13 8
22 58 49 24 35 49 0
32 17 4 24 26 33 35
48 58 55 95 48 70 64
4 44 45 5 24 10 6
52 34 4 20 7 10 35
9 14 37 10 3 37 35
84 44 30 33 33 47 55
63 36 19 41 35 47 15
42 17 4 15 26 26 15
63 68 70 68 83 81 85
84 77 86 20 49 49 67
84 77 86 95 83 37 35
17 3 22 0 21 13 28
32 44 55 65 59 49 15
1 24 3 20 21 8 6
84 77 55 8 59 70 67
63 77 86 77 35 70 55
74 68 73 53 59 69 35
22 10 4 15 26 18 49
74 77 86 77 59 81 67
84 65 86 49 83 81 85
74 27 49 24 76 62 67
9 6 47 33 71 0 49
84 58 86 61 71 81 67
22 27 19 8 3 13 8
5 58 86 77 59 81 15
9 27 38 53 3 8 35
84 68 30 53 51 49 85
17 50 55 41 76 49 67
57 14 22 10 15 18 35
84 77 70 53 76 26 85
68 68 73 70 83 81 85
68 68 73 77 59 81 49
46 77 55 33 49 81 55
74 77 86 71 83 70 14
74 17 49 33 71 70 55
57 77 49 49 51 81 67
68 36 47 41 76 49 85
5 36 26 41 26 1 0
48 6 30 20 26 37 64
68 77 86 77 83 62 21
57 68 73 77 83 49 85
84 77 55 65 83 18 85
22 58 4 41 15 25 8
22 10 26 1 35 49 29
32 6
68 112 110 105 123 142
140 174 141 114 128 144
155 178 169 130 138 150
31 60 42 46 51 38
104 157 116 94 84 114
156 183 177 165 163 146
181 197 200 194 197 197
55 87 46 71 64 56
28 36 24 39 14 23
19 53 35 45 31 36
131 171 132 118 131 145
179 196 184 178 194 167
171 184 176 168 188 165
66 110 49 73 79 87
103 134 51 82 81 115
42 71 44 59 62 60
108 153 65 91 91 115
33 56 37 42 46 50
79 105 55 85 75 80
172 190 183 172 195 172
36 69 43 52 53 53
132 175 171 131 132 166
122 162 63 87 82 71
164 189 179 146 190 171
112 162 126 118 103 130
23 41 28 37 13 13
102 160 56 102 95 135
86 103 52 72 70 75
143 173 150 123 119 132
129 170 111 115 103 136
158 182 170 147 168 154
83 101 50 61 73 70
20 6
56 59 46 27 72 55
21 20 40 24 38 65
168 171 180 151 182 153
27 36 45 29 40 67
87 127 155 138 133 99
16 17 42 15 28 35
69 81 102 83 108 85
131 156 121 98 154 137
94 117 106 91 131 93
73 116 105 90 125 86
141 169 195 167 158 119
32 40 58 54 80 68
13 31 78 42 73 46
187 178 169 146 155 103
65 79 99 61 93 69
160 161 157 150 180 156
161 172 182 172 196 190
66 70 97 57 101 81
179 199 200 190 181 185
84 146 128 131 139 119
20 4
113 95 93 152
124 118 100 154
143 123 105 172
136 137 101 168
192 185 175 180
41 62 39 81
97 83 76 116
17 24 15 16
199 200 196 200
156 173 134 178
37 47 66 39
130 114 96 139
64 71 43 106
28 42 42 68
25 35 43 34
21 30 21 16
65 60 72 86
187 174 144 199
182 178 175 193
109 91 92 117
13 4
1 5 4 5
1 5 4 5
1 5 4 5
1 5 4 5
1 5 4 5
1 5 4 5
1 5 4 5
1 5 4 5
1 5 4 5
1 5 4 5
1 5 4 5
1 5 4 5
1 5 4 5
31 17
730 803 723 917 253 562 432 371 830 924 873 911 651 608 529 350 823
183 300 216 315 507 324 470 371 548 323 374 101 570 608 529 547 508
722 867 366 917 588 868 962 654 443 528 770 324 786 710 735 530 707
186 288 334 164 269 236 239 221 357 228 103 101 58 106 325 236 173
79 31 81 67 112 129 59 79 200 135 42 75 26 25 107 101 81
326 300 366 363 379 488 531 233 445 390 374 291 120 189 366 607 286
816 758 723 724 379 626 540 847 548 838 490 743 651 710 735 650 173
970 758 618 724 773 553 540 654 961 932 708 604 427 916 735 692 508
104 51 161 80 269 312 119 530 245 239 475 124 120 44 143 161 210
80 81 148 101 22 53 119 79 178 129 139 65 120 89 183 100 47
645 900 723 724 773 693 540 654 830 826 490 421 786 219 973 692 508
326 582 267 631 112 344 400 221 827 324 490 589 379 282 366 236 173
200 427 366 521 379 491 470 512 763 399 236 218 334 282 359 650 195
730 582 334 631 364 458 470 548 320 385 374 218 551 282 366 236 105
124 81 267 101 420 512 192 548 721 435 490 743 251 127 203 350 290
326 427 267 558 112 196 208 271 245 217 236 124 251 106 203 101 81
587 758 618 558 930 791 540 599 830 751 374 324 786 710 529 692 210
816 867 618 785 420 628 962 847 961 831 873 462 786 916 735 465 823
587 313 723 785 445 696 540 271 548 791 853 898 379 916 529 692 290
970 803 723 724 507 599 400 654 830 901 873 743 455 916 529 692 759
730 900 366 917 570 616 239 548 548 888 853 743 786 282 529 607 823
645 867 267 785 570 516 947 599 830 977 873 462 786 916 973 692 759
730 427 334 363 930 548 540 512 830 945 490 658 786 818 735 692 707
627 582 334 631 445 392 218 530 445 341 820 658 427 178 325 465 508
816 383 334 468 570 971 237 654 763 527 983 911 334 818 735 964 759
816 900 267 785 773 864 328 582 961 689 820 743 577 710 529 607 759
50 2 23 13 18 52 17 10 62 90 17 62 9 4 77 68 17
645 582 216 363 445 508 239 548 320 424 490 290 551 608 203 464 508
124 271 195 164 98 183 328 100 433 160 236 75 251 127 203 161 105
261 900 723 724 588 704 540 654 830 782 873 898 651 608 366 964 290
722 582 723 628 930 985 218 654 830 496 983 911 577 189 366 465 707
20 2
188 192
156 117
62 55
66 53
150 153
198 199
73 64
173 177
134 111
162 144
106 94
178 156
31 44
127 106
136 114
93 70
85 88
20 19
79 67
200 181
70 3
151 165 166
187 195 194
196 197 187
130 131 155
92 97 118
34 26 43
69 62 117
113 127 140
149 149 160
105 111 136
45 29 52
46 38 58
88 80 130
60 56 92
49 35 60
159 169 176
23 15 31
38 27 46
108 91 109
48 32 54
172 188 182
118 113 137
95 89 129
57 43 80
165 173 189
37 25 44
144 128 156
158 141 152
62 41 61
29 19 39
183 194 195
85 74 127
148 148 162
91 89 108
41 34 57
94 83 98
200 198 198
98 110 135
61 51 66
21 14 18
42 20 21
125 124 138
114 121 149
64 50 85
32 23 52
174 192 183
131 126 143
154 156 165
124 123 144
65 57 93
147 132 159
78 76 98
157 154 157
58 44 83
133 139 151
55 49 82
199 200 200
52 53 89
163 186 180
17 17 22
53 46 69
178 183 177
79 87 111
75 78 105
177 170 184
72 67 96
194 189 178
50 40 77
135 136 164
76 76 120
37 4
111 117 110 111
15 37 41 34
20 28 14 16
188 179 189 179
21 24 25 37
24 37 43 52
200 198 199 191
110 131 114 127
14 16 15 27
135 147 143 145
38 81 58 55
62 82 59 67
173 178 184 176
152 156 173 171
67 91 96 87
82 108 89 93
94 100 83 100
18 30 27 42
44 72 56 43
132 142 128 151
150 170 158 160
31 69 55 51
103 121 94 91
128 144 151 156
97 85 66 79
118 140 119 132
64 83 64 71
108 113 116 114
65 92 71 104
157 159 164 162
36 78 45 53
162 163 161 158
185 192 194 197
182 180 187 178
164 176 172 167
143 162 171 163
29 67 21 16
67 7
2 63 52 88 9 49 36
52 85 63 71 48 28 84
35 17 39 42 83 16 60
35 63 15 13 19 13 47
2 43 2 39 37 28 10
19 45 9 46 11 20 4
80 41 78 51 48 28 60
72 43 23 4 83 5 36
80 7 63 13 23 5 4
90 47 78 30 63 78 60
7 35 39 30 23 78 47
90 47 63 51 53 76 84
47 35 78 8 46 90 75
28 5 16 71 8 7 36
35 4 4 30 29 71 36
52 85 78 13 37 20 60
11 13 61 4 19 28 36
90 85 78 30 53 78 32
35 47 78 88 61 20 84
7 7 4 19 53 28 36
52 47 78 71 63 90 60
19 14 49 51 53 8 47
47 45 78 71 53 78 34
35 27 49 0 37 71 3
19 63 23 25 63 28 25
52 63 35 23 23 0 60
52 85 4 46 63 49 36
52 0 36 0 1 16 60
28 47 39 88 61 71 84
7 17 16 19 3 49 47
80 1 95 13 37 28 75
80 63 52 71 11 90 75
52 47 78 71 89 76 84
17 17 63 9 23 67 60
35 85 63 51 9 28 60
52 47 39 51 6 28 32
90 47 52 88 89 49 47
80 85 63 25 63 78 75
90 76 27 51 63 67 10
52 78 95 51 97 59 60
19 27 78 88 63 71 84
28 17 4 9 29 13 25
72 85 95 39 63 78 84
19 17 23 51 23 49 8
52 27 16 13 46 1 0
47 63 14 42 48 90 47
72 17 52 23 37 20 75
47 7 52 13 23 20 27
52 85 63 51 83 90 84
72 85 63 88 63 16 99
35 41 63 4 48 49 24
28 63 61 19 6 59 18
52 27 27 88 48 49 75
28 63 63 88 37 78 27
90 27 78 51 53 28 18
72 35 52 88 83 59 36
17 27 63 30 89 90 84
11 3 39 51 63 28 34
2 24 49 7 11 16 47
11 14 36 51 29 28 47
0 39 27 46 3 28 18
47 63 78 25 97 78 84
19 7 63 51 63 67 60
52 78 78 51 89 78 84
19 78 27 30 19 67 18
80 63 27 42 53 28 10
19 63 52 12 11 8 27
31 17
83 270 349 76 170 747 277 438 392 177 127 650 568 89 471 629 197
372 278 423 504 170 70 277 15 811 293 17 535 782 89 634 346 418
987 950 991 910 938 982 977 948 996 983 983 932 983 938 923 990 998
836 876 749 840 567 902 805 817 873 895 764 839 672 925 797 900 729
637 355 449 576 680 555 784 492 392 492 510 536 761 710 797 452 418
479 800 666 601 237 621 634 509 718 805 764 350 530 782 641 488 573
276 355 214 174 170 227 277 307 781 492 510 308 460 579 27 346 100
369 270 449 615 680 636 666 542 718 895 626 764 530 782 634 452 418
933 921 974 865 800 888 919 871 975 919 958 899 941 925 893 921 969
215 355 214 23 170 430 733 484 84 241 127 308 53 538 27 401 133
369 674 621 676 173 888 733 656 718 827 510 764 600 411 634 779 418
83 270 214 112 452 430 634 384 718 177 147 393 761 257 471 452 100
276 184 349 162 452 621 277 374 290 827 510 350 460 257 265 153 242
276 30 545 99 170 493 277 401 84 241 127 308 600 257 471 346 197
637 270 214 55 170 70 666 452 182 293 510 308 460 342 265 488 573
442 413 214 249 170 70 382 209 290 790 626 308 460 676 471 401 242
899 920 880 871 822 978 852 947 911 953 861 900 881 935 817 921 919
276 30 573 68 39 227 382 447 84 492 292 308 460 396 265 346 242
276 739 349 218 170 412 277 296 392 710 127 36 460 102 634 346 100
369 373 573 659 555 555 666 608 822 492 180 535 782 342 675 470 418
215 413 621 209 452 555 277 304 84 710 147 308 460 102 471 729 687
532 184 666 473 237 430 666 29 182 241 17 36 763 89 265 346 617
899 876 749 565 279 580 733 488 873 710 510 650 808 257 797 452 919
442 674 749 783 755 888 733 804 894 919 764 899 792 876 797 729 573
215 184 423 311 39 227 733 136 290 241 180 393 672 257 471 418 100
685 817 430 677 452 493 784 676 392 492 626 453 530 899 471 629 700
215 184 214 169 39 580 382 372 84 177 127 535 38 538 265 153 133
836 814 942 772 643 731 666 764 894 827 897 764 761 899 675 779 712
83 278 214 472 557 412 634 132 290 293 230 470 38 676 265 346 133
920 896 880 761 755 731 839 688 956 790 525 839 881 876 857 470 949
637 674 880 610 555 621 634 512 811 714 626 393 469 709 634 767 700
3 4
1 2 3 4
6 5 4 3
2 3 4 6
53 5
22 24 21 16 14
40 16 31 69 68
36 31 32 63 53
172 188 168 176 185
108 89 114 106 110
23 27 15 16 14
182 162 189 185 176
66 50 76 90 71
94 83 109 101 94
50 48 51 62 66
118 93 121 108 113
110 117 127 118 128
64 35 56 56 14
166 153 180 163 160
31 33 28 43 35
138 128 134 123 130
42 49 72 91 71
74 81 97 96 101
48 43 38 67 52
124 102 125 113 131
149 140 146 151 138
119 115 132 114 127
55 39 43 72 55
96 84 110 100 106
65 52 94 94 87
139 121 138 136 152
99 86 120 110 123
67 52 89 82 86
146 129 144 157 143
147 129 145 138 132
199 196 190 189 173
175 163 179 174 186
86 73 64 69 54
93 78 77 95 101
100 97 124 112 124
68 68 79 88 81
160 151 156 138 157
78 74 105 103 117
151 156 157 160 164
178 171 173 171 167
200 197 199 200 193
193 189 186 179 188
171 157 149 161 163
157 145 162 167 172
190 195 181 178 187
28 25 21 40 48
47 38 70 73 83
29 16 15 37 14
150 141 147 154 137
188 193 194 192 190
197 192 195 193 192
125 126 142 132 147
76 63 84 78 79
20 4
70 56 75 123
24 15 25 22
148 121 137 172
118 118 102 148
35 21 35 30
186 199 174 200
169 148 168 188
127 122 169 178
47 25 47 47
100 91 133 170
37 23 39 37
92 99 101 130
61 45 67 109
16 13 24 25
108 105 105 147
87 67 76 137
54 34 48 69
52 26 52 83
163 119 136 167
198 172 171 192
40 7
7 1 24 54 1 36 58
50 9 11 54 39 4 24
74 66 67 63 50 56 72
70 61 17 80 87 63 72
91 66 54 84 87 75 72
70 66 54 37 61 27 46
57 49 48 54 50 47 24
57 66 85 84 39 92 87
91 49 61 68 61 53 72
45 0 11 8 42 11 45
17 9 48 11 50 30 15
33 66 61 84 87 36 58
6 6 1 11 1 47 3
17 53 42 4 28 30 42
65 87 85 84 87 75 87
28 6 24 37 39 27 35
33 32 1 8 25 5 24
11 35 1 11 42 30 9
28 53 16 0 17 11 35
11 18 11 11 28 11 24
87 45 61 68 61 75 21
45 1 48 54 28 47 12
74 87 67 84 87 75 72
67 53 67 84 61 92 58
1 19 24 1 17 5 24
57 37 11 63 50 36 53
67 87 67 80 78 63 72
87 31 42 68 61 75 87
67 87 54 84 61 53 54
17 19 24 4 0 23 15
91 66 85 68 87 63 46
45 37 21 37 50 47 35
45 62 1 63 78 56 54
7 37 42 11 1 2 21
33 87 85 80 23 63 87
66 87 67 84 50 75 58
31 37 11 11 28 23 19
70 30 85 68 87 34 58
74 66 67 44 87 56 58
50 1 19 11 27 11 24
47 8
84 31 55 74 22 49 65 92
84 65 55 56 73 49 92 92
2 6 7 2 5 3 2 7
84 77 84 67 86 84 82 92
28 31 25 20 37 72 21 18
36 84 72 70 86 84 75 80
28 21 22 13 14 19 12 25
12 11 13 4 8 3 5 7
25 25 67 29 37 35 27 39
84 84 55 97 45 63 48 63
1 9 5 1 7 2 1 3
41 18 25 32 11 35 28 25
43 77 25 72 56 69 74 56
5 7 11 16 23 16 14 16
25 47 22 21 50 7 23 39
53 31 72 33 45 74 30 80
43 84 72 68 56 98 78 80
20 31 13 7 11 5 10 18
2 10 4 6 1 10 7 2
43 84 34 77 79 35 62 37
0 3 3 0 0 1 0 1
12 56 67 79 28 49 61 71
53 21 39 43 14 32 37 80
36 65 58 53 86 74 98 92
51 55 84 69 79 49 77 92
53 47 84 66 28 49 83 56
84 20 39 94 79 74 55 36
12 84 98 76 86 35 64 92
43 27 31 54 56 63 95 56
28 65 20 39 37 49 36 25
36 18 22 45 28 19 39 11
20 14 7 17 8 14 18 6
53 57 84 65 14 84 84 63
53 65 84 63 50 84 86 92
28 27 34 36 56 19 33 37
41 77 84 60 86 74 87 63
53 84 84 89 86 69 57 53
36 42 39 49 45 74 45 39
12 21 19 8 2 16 11 16
20 31 67 57 37 84 90 71
5 42 30 22 56 28 25 63
84 47 84 86 50 74 60 63
84 57 84 95 67 92 53 80
51 57 72 93 86 98 56 45
5 42 39 52 28 69 46 71
53 65 58 73 79 63 67 80
53 31 39 47 23 63 43 39
20 6
80 56 87 97 102 112
101 60 86 83 62 96
115 63 124 118 125 128
109 111 99 103 104 117
70 44 51 41 57 58
169 76 103 128 155 153
175 155 134 133 148 141
186 188 175 178 180 191
25 13 15 22 49 20
158 142 105 114 124 123
58 25 20 26 53 54
174 172 151 154 160 157
39 14 29 41 54 32
26 24 48 70 99 111
76 49 67 75 62 59
177 177 143 144 157 146
194 193 170 162 168 178
81 53 46 87 118 119
195 198 179 197 175 188
200 199 189 198 195 192
35 7
16 41 48 5 64 27 25
69 88 89 58 85 78 87
41 14 41 0 5 1 29
77 47 79 79 64 78 99
36 17 5 40 39 17 28
31 24 5 27 39 27 14
16 38 5 20 60 36 9
41 7 48 5 16 17 41
49 47 79 41 96 78 58
49 88 63 70 61 50 44
77 88 89 58 87 50 87
21 15 28 5 16 3 29
36 47 48 41 64 62 25
1 33 5 38 27 27 44
12 12 25 3 16 17 44
91 35 79 79 58 78 44
77 76 63 33 75 78 64
91 17 89 11 27 22 87
41 47 63 79 75 22 76
69 41 69 41 48 36 87
2 29 5 11 48 50 14
69 47 63 58 57 50 87
49 88 69 34 64 78 64
49 47 69 79 75 50 76
69 41 79 79 87 62 64
77 29 79 41 87 78 58
2 27 25 19 39 2 9
12 17 28 27 5 27 2
21 0 28 3 0 3 2
10 33 48 20 1 36 34
77 76 41 79 85 62 87
41 47 43 41 96 62 76
91 47 89 41 87 36 87
91 76 79 34 64 78 44
10 27 25 18 48 36 34
20 6
20 38 29 18 22 37
169 152 173 131 165 180
98 130 146 121 130 128
78 102 139 89 117 101
47 74 126 65 80 81
28 62 71 31 31 39
21 53 48 24 25 40
84 126 144 92 123 103
76 81 130 67 104 95
163 147 181 166 180 184
82 108 145 106 143 139
122 134 178 148 177 181
34 59 71 42 48 61
95 129 147 125 163 161
46 69 113 44 59 65
175 192 193 181 194 186
27 45 51 19 23 25
66 80 129 51 72 77
162 140 175 144 172 167
161 137 154 127 149 152
62 2
4440 9785
4224 446
1889 3227
3836 862
6273 8065
8065 6273
6048 9177
9717 4467
1780 3243
4813 9468
3243 1780
3227 1889
7469 7521
862 3836
3408 1392
3373 1548
5278 9264
4254 9936
9190 5978
4387 9902
7833 6278
1113 3440
9005 6218
3440 1113
7572 6810
5525 9211
9264 5278
9936 4254
6053 9172
9902 4387
9785 4440
1640 3274
3168 2067
7521 7469
895 3717
715 3874
1392 3408
3717 895
426 4237
3627 973
9172 6053
3874 715
2067 3168
9468 4813
5978 9190
7749 6765
7768 6295
6765 7749
6295 7768
6278 7833
9177 6048
4237 426
3021 2665
3274 1640
6810 7572
446 4224
1548 3373
9211 5525
4467 9717
6218 9005
2665 3021
973 3627
57 7
4 23 42 25 70 30 64
3 78 25 91 84 84 76
54 44 42 9 69 84 38
45 19 25 76 43 84 38
32 6 1 9 23 30 15
0 67 1 28 70 54 56
15 65 82 72 43 54 72
85 44 82 36 70 84 76
26 88 82 27 70 54 27
15 78 25 9 31 21 9
54 44 42 36 31 3 76
15 37 25 3 14 21 56
4 44 64 46 17 43 42
85 43 13 91 70 84 76
32 23 1 18 23 54 64
75 23 42 46 8 64 15
85 88 82 51 70 3 15
54 19 42 72 23 21 51
15 67 82 28 31 84 42
75 63 64 76 31 43 56
26 78 64 51 43 66 56
85 44 64 91 84 73 76
26 11 64 36 31 30 1
54 6 64 51 17 19 35
26 67 64 36 84 84 56
32 1 7 76 23 75 64
45 18 32 76 43 30 46
75 67 82 51 40 30 76
54 23 32 46 23 75 0
75 23 64 64 84 30 72
54 88 42 18 84 3 38
85 76 32 76 84 84 76
15 23 18 76 6 66 6
85 11 82 76 98 43 46
75 42 42 90 84 84 86
75 44 42 22 23 0 9
32 23 18 0 31 75 35
26 78 42 91 43 43 27
54 76 82 91 43 66 9
14 39 32 64 40 19 15
50 65 32 1 43 1 27
50 78 64 91 43 84 15
75 44 42 28 70 73 76
8 78 13 36 1 9 6
85 67 82 51 43 54 98
2 44 64 1 8 75 1
85 44 42 18 70 30 64
54 1 13 22 43 15 42
54 39 42 36 12 16 46
45 88 18 76 15 43 15
32 15 42 36 43 9 56
10 14 32 28 43 16 27
10 1 42 51 40 21 27
54 23 7 28 31 75 35
75 44 82 64 43 43 86
8 88 82 76 84 66 86
75 78 42 91 84 43 86
90 11
64 49 62 65 45 66 49 69 45 61 58
67 73 72 71 80 81 78 57 81 78 58
4 0 0 0 2 0 1 1 2 1 10
4 8 0 4 3 3 12 0 3 13 0
0 19 0 2 4 6 16 6 4 6 6
80 69 72 88 37 68 59 72 42 82 74
19 16 0 20 6 11 19 17 6 6 0
60 69 62 63 68 56 59 54 73 71 51
35 27 0 20 38 49 26 14 52 17 51
28 12 30 42 24 23 9 39 28 41 24
3 3 10 14 9 6 5 10 9 5 15
9 3 10 11 10 3 3 3 12 3 24
67 52 72 71 75 77 59 78 77 71 82
35 39 19 15 22 16 23 14 23 19 22
44 57 30 32 52 25 46 39 57 27 34
22 25 10 24 15 16 22 26 17 13 8
56 63 51 48 63 73 59 50 68 34 47
12 6 19 15 18 11 7 17 20 11 26
60 73 62 57 67 49 65 57 72 64 56
51 44 40 40 55 32 36 20 61 45 44
22 24 10 22 40 37 28 20 51 10 3
80 91 82 80 86 68 77 78 87 71 80
4 3 10 2 8 3 4 25 8 31 15
35 44 51 50 44 46 49 44 47 50 51
84 91 91 92 97 93 94 97 98 96 95
71 76 72 77 81 84 86 74 82 57 86
44 31 51 59 34 37 44 59 39 55 45
72 59 62 70 36 66 49 67 41 77 58
14 19 30 22 26 28 29 24 30 27 34
95 91 91 92 93 93 94 92 94 93 95
14 31 19 27 21 19 19 8 22 23 26
92 95 91 84 96 84 97 84 97 89 92
84 76 82 89 82 77 70 90 83 89 76
72 76 72 65 79 73 67 69 80 74 63
44 38 19 35 51 60 58 23 56 24 63
33 31 19 27 50 41 29 30 54 15 10
39 12 30 40 23 24 24 34 27 49 29
60 42 51 50 33 62 47 60 38 55 56
32 18 40 44 30 28 12 41 35 43 31
31 49 51 50 60 48 47 44 65 61 51
47 49 62 63 65 49 54 60 70 57 66
40 31 10 27 49 56 38 20 53 22 58
19 19 0 15 7 34 24 14 7 6 2
74 55 72 77 77 56 76 63 78 68 71
40 57 30 32 53 46 41 36 58 19 17
84 90 82 84 83 81 78 84 84 89 86
19 19 0 10 5 6 12 10 5 6 4
64 63 51 57 64 73 72 63 69 39 75
22 8 19 32 16 6 5 28 18 34 21
7 12 10 6 11 6 17 3 13 19 17
67 68 62 71 70 81 78 72 75 43 84
9 25 10 6 12 15 17 7 14 16 7
40 27 40 44 29 34 41 41 34 50 34
0 2 0 6 1 0 0 1 1 0 13
74 52 62 71 35 60 54 67 40 80 66
89 95 91 92 92 96 85 92 93 96 95
22 27 10 11 13 14 19 13 15 11 9
96 82 91 99 90 96 92 84 91 93 80
14 8 30 24 25 19 9 33 29 39 29
56 63 51 59 62 41 54 50 67 46 47
82 87 82 71 87 77 88 74 88 82 82
96 82 91 92 94 91 99 96 95 96 92
56 55 51 50 61 40 44 29 66 60 47
22 44 40 44 43 37 41 26 48 57 39
17 31 40 35 31 41 35 36 36 46 45
74 63 72 71 72 68 54 74 76 78 66
40 52 62 56 66 49 65 48 71 64 58
84 91 91 84 99 93 97 97 99 93 95
92 76 82 89 47 87 78 78 43 85 76
17 37 30 35 27 27 29 10 31 42 37
47 42 30 35 42 25 29 17 49 24 33
33 39 19 26 41 19 29 34 50 17 13
51 59 40 50 59 68 67 48 64 36 72
56 31 40 42 28 41 36 54 32 53 39
64 44 51 69 32 49 38 63 37 74 43
49 59 40 35 58 49 53 41 63 31 39
82 73 72 80 46 68 59 78 44 85 72
51 62 40 44 57 28 49 44 62 31 38
67 82 72 65 78 63 70 60 79 68 66
74 82 82 80 88 91 83 94 89 80 65
74 87 82 80 89 87 88 78 90 82 92
90 76 82 89 84 84 92 84 85 85 86
12 16 19 15 19 19 27 5 21 24 31
94 99 91 97 95 96 88 90 96 85 86
99 82 91 98 91 96 83 94 92 99 86
2 1 0 1 0 0 1 8 0 3 4
7 7 19 15 17 16 8 31 19 36 22
50 39 30 48 54 63 59 31 60 27 66
90 63 82 84 85 87 86 84 86 74 84
60 69 62 65 69 76 72 54 74 53 51
42 7
23 74 83 69 83 85 76
0 74 27 8 56 46 59
23 47 21 84 14 42 74
19 47 49 69 78 37 45
34 26 8 6 35 58 95
19 47 49 84 35 85 59
10 4 66 38 35 15 1
49 82 84 56 83 24 95
1 82 84 27 83 58 87
14 92 84 69 3 15 38
81 22 66 38 35 29 97
34 47 49 45 27 5 87
49 31 21 8 68 37 36
34 26 5 45 27 22 22
49 92 84 94 83 58 76
14 5 37 27 14 6 76
49 82 37 27 7 0 36
1 18 37 56 14 46 22
95 47 84 45 68 85 38
6 82 49 56 1 6 1
49 26 14 27 44 58 22
19 14 37 6 14 43 45
19 26 66 45 44 29 38
49 14 5 8 7 6 45
95 82 84 27 44 85 97
82 47 14 53 44 20 76
49 47 66 53 83 46 45
95 92 66 56 56 85 59
5 31 4 56 14 24 12
95 47 49 26 78 58 45
49 20 27 69 56 6 59
49 47 13 69 27 58 38
82 82 84 82 99 58 76
23 46 49 69 35 15 7
34 92 84 8 83 85 58
49 9 14 84 13 46 7
49 47 66 84 83 58 12
23 5 84 45 78 43 6
1 9 31 8 6 58 12
34 74 49 69 7 85 22
82 74 31 84 68 29 87
82 14 84 94 27 58 59
35 7
76 90 60 53 87 78 29
53 47 26 11 16 10 53
76 68 70 71 47 56 90
32 72 62 43 88 78 72
1 1 0 17 39 20 26
55 72 70 30 44 61 83
89 90 56 30 71 56 73
65 90 62 53 88 78 53
7 15 6 15 42 7 8
53 25 39 30 0 7 29
76 54 62 84 78 61 76
24 23 20 27 29 40 29
7 25 26 27 0 9 3
45 19 58 11 39 20 29
94 56 70 84 47 20 76
55 62 70 61 88 10 58
7 1 50 17 53 20 29
7 56 19 30 31 40 8
65 15 39 43 16 61 8
76 56 49 64 31 78 73
32 14 20 43 0 35 8
45 62 60 91 46 61 76
55 47 70 84 71 78 90
43 25 6 17 39 20 8
94 72 26 91 78 55 81
89 90 62 71 71 40 76
45 68 26 52 88 78 73
7 9 3 17 16 6 29
89 54 62 53 71 78 60
76 72 56 84 88 61 90
65 90 70 43 16 40 90
65 72 70 64 47 78 60
94 19 70 71 53 78 83
32 25 50 27 31 5 4
32 53 20 30 9 35 26
20 6
37 13 39 29 14 17
85 89 107 72 73 71
75 59 71 61 46 54
66 37 57 56 23 39
108 118 130 121 138 101
109 127 138 120 97 97
190 188 172 150 168 159
139 121 153 130 141 111
169 169 166 137 155 135
103 105 125 105 90 88
156 147 157 129 125 107
74 53 60 59 58 44
140 136 160 133 154 136
160 151 169 146 180 192
200 195 173 157 189 195
76 79 109 101 84 87
183 175 171 148 182 183
199 198 184 179 191 196
97 73 99 70 61 64
53 22 51 49 16 38
99 8
21 4 14 0 41 22 4 0
73 72 77 25 75 56 43 34
18 21 55 54 16 56 5 0
84 59 82 20 65 56 43 67
84 82 66 50 59 66 81 67
21 4 36 30 12 30 36 0
21 45 36 69 2 45 43 0
21 59 11 21 5 30 30 0
33 16 8 27 33 28 0 0
4 54 20 48 33 10 22 0
60 58 77 62 65 83 67 67
27 16 2 9 33 30 43 0
27 21 41 40 47 70 36 34
80 95 94 80 81 8 90 67
7 32 3 42 9 22 13 0
77 25 74 28 81 48 22 34
60 47 14 64 33 39 30 34
60 2 50 85 65 22 22 34
46 4 41 88 75 22 20 34
38 4 55 24 53 30 17 0
60 82 94 56 84 83 60 67
52 10 36 4 75 76 43 34
21 36 4 66 12 73 54 0
52 44 30 19 59 6 5 34
7 59 55 75 0 0 36 0
46 47 66 72 0 3 43 0
60 82 50 17 75 76 90 67
10 0 30 81 10 15 13 0
46 15 55 92 84 48 43 34
0 0 23 84 59 19 13 0
52 25 66 82 16 61 72 34
33 32 4 60 10 30 5 0
59 88 50 47 75 76 57 67
92 72 82 32 84 76 90 67
84 72 82 96 98 83 87 67
68 54 98 86 84 83 81 67
52 41 20 94 22 10 11 0
46 21 8 13 51 48 67 34
27 32 41 7 65 72 27 34
68 70 36 98 26 16 43 34
94 88 72 83 53 73 90 67
80 54 74 65 41 66 90 67
95 95 82 2 81 70 11 67
95 88 82 77 5 56 90 67
13 16 14 39 23 8 17 0
38 36 1 63 26 10 27 0
27 47 41 37 65 48 36 34
13 59 23 97 16 10 5 0
77 45 28 95 23 16 60 34
84 59 66 11 84 75 60 67
18 59 66 52 59 61 42 34
41 36 30 1 45 41 5 34
27 72 17 43 26 61 22 34
5 72 30 49 38 61 67 34
60 88 74 71 84 94 87 67
68 70 20 22 51 45 60 34
41 82 60 70 26 76 75 34
80 54 80 73 3 48 60 34
80 95 82 29 84 94 60 67
77 10 82 89 84 30 30 67
5 8 30 3 53 45 22 0
13 8 11 91 16 10 30 0
33 72 55 41 75 83 43 67
2 25 25 45 16 19 36 0
58 47 72 58 21 66 57 34
0 10 60 78 15 0 67 0
21 21 0 6 59 30 17 0
7 10 25 36 41 30 27 0
73 59 82 8 84 99 90 67
68 36 60 31 41 66 43 34
73 86 11 14 84 94 90 67
10 3 17 87 65 16 5 0
13 16 36 33 12 19 30 0
73 95 41 23 65 48 81 67
68 25 4 10 65 56 54 34
46 72 66 79 39 3 75 34
33 32 50 57 5 22 0 0
41 95 60 44 59 83 67 67
60 59 82 38 84 54 90 67
18 41 41 16 53 41 36 34
41 59 41 46 23 30 43 34
46 59 8 67 65 76 60 34
13 14 4 12 47 28 21 0
10 25 25 15 47 3 0 0
92 86 94 26 84 94 75 67
95 72 98 59 47 76 75 67
52 25 80 34 26 41 75 34
84 47 41 5 84 83 72 67
84 88 30 68 84 83 75 67
95 88 94 74 53 94 81 67
60 72 77 76 4 6 54 34
27 88 82 53 65 83 90 67
84 41 82 35 53 83 87 67
38 47 60 61 26 39 13 34
33 25 60 55 33 61 57 34
2 16 50 51 26 54 30 0
52 59 82 93 98 83 72 67
41 36 17 18 39 0 0 0
84 72 41 99 45 41 81 67
33 7
19 1 30 34 8 39 9
99 42 43 17 75 82 80
19 70 0 6 8 0 26
43 42 80 50 75 22 33
43 15 3 8 54 0 21
96 70 55 30 61 65 50
19 21 22 59 8 22 26
19 42 37 8 0 7 33
43 40 43 59 46 82 80
13 70 75 94 61 57 80
1 18 55 58 61 53 6
15 77 37 94 8 65 33
13 21 22 8 45 65 50
43 15 80 17 71 65 0
82 21 92 79 68 82 9
37 7 55 17 50 0 26
82 17 92 34 95 89 50
37 77 80 59 61 89 80
82 21 30 28 1 14 21
82 77 43 94 52 22 50
43 21 7 50 8 22 9
15 68 55 17 50 14 9
19 42 7 17 54 58 26
43 70 80 34 68 41 80
43 21 30 79 46 0 40
2 42 55 50 8 41 21
2 42 7 50 6 58 0
96 42 75 79 4 82 26
82 42 30 59 54 65 80
37 5 37 59 44 41 40
37 1 80 2 61 14 50
82 77 80 79 75 89 80
43 18 92 34 75 89 80
53 7
5 34 27 21 2 27 11
18 18 21 16 2 35 48
22 18 2 5 13 0 11
48 9 34 43 24 19 1
31 39 2 33 53 11 26
63 77 83 81 69 83 80
40 34 2 13 24 11 13
1 9 51 26 31 22 1
14 44 21 13 31 67 7
78 86 76 81 88 64 97
63 77 83 56 13 44 97
78 77 83 74 43 35 63
18 89 83 81 43 77 86
63 95 83 98 80 44 54
31 39 41 10 13 42 29
88 34 83 67 43 83 80
52 77 55 81 34 69 63
39 89 83 56 69 83 36
40 4 27 21 40 51 36
48 77 55 79 88 83 42
78 89 83 81 53 24 86
14 51 18 33 2 24 13
63 86 13 43 69 17 48
58 44 41 16 53 27 38
8 18 41 13 13 27 7
22 95 99 81 53 83 42
58 29 34 26 34 0 29
8 18 0 33 31 0 13
96 64 83 74 88 69 63
22 18 13 20 13 51 13
78 8 76 79 53 59 54
52 27 27 43 1 18 54
22 29 51 21 12 44 13
1 64 19 33 27 42 13
58 77 55 72 80 69 85
13 51 41 8 43 69 42
78 51 83 43 69 83 63
63 77 76 74 88 44 77
4 39 34 10 11 35 13
96 64 83 81 88 83 63
7 89 41 67 88 83 29
88 51 76 72 80 44 54
85 64 55 56 69 83 86
52 27 13 16 2 21 48
8 3 2 33 2 11 42
63 51 55 56 69 59 80
88 77 21 56 34 83 86
14 26 55 26 13 27 48
85 15 55 81 53 24 4
43 44 55 43 80 51 63
18 62 55 56 69 77 48
31 51 13 2 27 59 48
63 64 51 81 88 35 86
35 7
83 7 88 78 57 91 68
4 39 3 2 14 17 0
49 84 65 68 83 91 86
4 30 65 51 49 4 31
32 52 65 11 52 17 9
26 2 29 43 3 17 4
88 30 79 78 2 74 86
13 52 9 0 25 32 24
72 52 57 61 59 91 40
65 25 29 20 14 4 11
32 25 40 20 0 32 0
32 39 64 51 14 37 6
72 84 65 68 83 50 86
13 20 15 51 1 17 11
65 69 88 78 83 37 11
72 75 29 48 37 50 86
13 7 29 5 37 3 31
72 46 79 78 57 47 62
72 75 65 78 83 91 62
72 39 40 11 59 37 31
32 15 0 43 4 24 29
72 84 79 39 70 24 29
2 20 9 5 28 37 11
4 7 29 41 49 37 66
13 15 14 20 14 17 11
95 69 88 20 70 50 86
49 46 15 5 4 24 40
62 52 65 61 37 70 86
49 75 57 78 70 74 77
65 52 40 2 59 24 4
32 84 79 78 59 74 68
49 25 40 65 52 74 77
70 75 79 61 83 74 68
70 52 79 68 70 74 86
49 39 3 48 37 74 9
80 2
46 604
6 964
71 391
30 748
4 964
76 316
61 463
43 643
10 928
15 895
8 928
32 712
60 460
44 604
41 643
78 316
65 427
28 748
18 856
14 892
19 859
25 787
47 607
58 496
12 892
7 967
52 532
9 931
49 571
77 319
17 859
24 784
3 1003
33 715
56 496
50 568
54 532
21 823
38 676
39 679
11 931
70 388
57 499
16 856
13 895
72 352
5 967
40 640
48 568
53 535
34 712
31 751
67 427
37 679
36 676
75 355
0 1000
42 640
1 1003
63 463
59 499
23 823
79 319
20 820
64 424
68 388
66 424
29 751
2 1000
69 391
27 787
73 355
45 607
62 460
55 535
74 352
22 820
51 571
26 784
35 715
42 7
25 14 38 30 28 31 35
18 36 2 18 17 1 18
25 11 38 37 36 44 1
53 25 8 46 65 24 35
53 81 90 67 13 60 52
41 61 93 63 18 60 78
82 46 36 56 79 77 85
6 25 13 4 10 24 35
25 11 33 0 13 31 24
6 4 25 1 0 44 17
6 36 52 3 18 21 18
31 61 70 47 65 65 78
62 36 25 47 45 53 52
6 4 12 4 28 59 12
62 61 11 67 73 31 44
53 81 70 47 79 65 35
97 36 52 67 79 65 52
41 72 62 61 40 88 85
82 61 93 67 79 83 85
31 58 98 56 45 44 44
38 96 70 47 45 53 68
82 81 70 40 65 75 52
53 72 25 67 56 3 52
6 4 10 4 25 24 24
41 72 62 30 36 74 68
82 46 70 40 73 53 3
53 25 62 40 79 88 24
73 72 70 63 40 88 78
73 61 70 67 36 65 85
25 13 52 37 28 77 12
31 10 36 37 33 60 3
1 4 2 4 35 3 35
31 14 6 4 10 31 3
73 53 38 67 79 71 85
49 3 2 18 40 44 35
18 46 69 18 79 83 85
98 46 38 30 79 83 68
18 55 6 30 0 24 12
82 81 90 67 45 53 44
62 35 93 47 79 71 78
73 57 98 67 73 77 85
0 25 13 4 18 22 24
38 7
55 24 64 67 71 70 78
66 91 76 67 54 70 20
46 34 26 88 71 48 61
2 44 49 43 9 29 42
86 61 57 81 71 38 85
39 4 11 28 31 10 29
10 34 49 10 2 20 7
25 15 38 2 9 0 7
39 61 0 37 47 10 1
10 44 2 35 9 20 16
2 7 40 9 15 3 25
66 84 64 90 71 70 61
43 7 46 10 2 57 61
16 52 57 22 0 44 7
21 14 2 28 2 17 7
25 52 26 28 14 0 29
16 43 49 10 29 20 7
84 84 76 90 71 29 85
16 34 0 10 29 37 1
10 15 11 43 34 20 16
66 84 46 71 71 48 70
55 96 76 81 19 70 85
86 91 76 71 60 70 61
25 52 64 71 47 38 25
55 81 57 53 54 38 61
16 34 26 53 19 48 42
66 81 76 43 71 65 78
66 60 64 53 71 70 16
66 61 76 90 60 34 42
98 61 64 96 28 57 85
25 52 8 37 15 9 42
44 61 76 53 71 57 70
46 81 39 81 60 70 78
21 61 76 96 47 48 70
44 96 76 81 71 48 35
86 61 57 96 71 10 85
55 44 76 22 71 65 85
2 52 26 22 34 10 22
64 7
40 7 12 26 22 7 10
33 92 93 55 53 60 82
20 80 42 82 63 60 52
66 92 93 74 63 81 59
74 21 61 82 82 81 59
20 52 28 26 15 24 27
40 80 10 70 63 52 82
5 2 4 26 31 19 42
87 52 67 82 63 49 49
62 49 67 82 82 81 72
16 21 47 18 15 52 26
15 25 49 24 53 30 15
66 80 99 47 63 76 82
40 42 38 7 15 44 59
4 52 6 55 5 0 27
66 70 78 47 99 30 82
13 58 28 26 0 19 52
18 42 8 47 33 7 3
48 42 28 55 22 44 22
24 79 42 40 33 30 27
24 92 8 79 22 6 82
5 49 28 26 53 14 10
48 49 42 47 53 68 10
0 18 6 61 33 7 0
74 58 78 40 82 68 49
74 80 78 74 82 52 82
33 47 12 4 33 76 59
87 80 61 40 3 68 56
87 58 67 74 63 81 27
59 7 19 18 33 7 42
24 18 19 9 33 44 3
40 27 28 55 15 30 27
11 2 0 5 2 0 17
87 15 93 40 48 60 82
5 52 0 9 5 4 27
74 80 78 65 63 68 56
40 27 19 9 1 24 27
59 92 78 70 53 81 82
48 58 93 79 63 68 42
16 27 28 54 33 52 27
18 2 38 18 5 30 27
33 16 51 26 33 79 22
87 80 61 40 82 14 59
74 58 78 72 48 81 79
74 58 67 82 82 16 82
24 21 19 26 33 30 22
74 92 78 82 63 49 82
40 70 75 82 82 60 79
66 70 51 82 82 81 82
24 16 19 24 48 52 10
48 25 51 7 32 7 56
66 47 78 55 63 68 59
62 7 61 9 22 16 52
13 58 3 61 15 4 72
87 92 51 82 63 49 72
74 70 51 47 48 81 79
48 70 28 74 48 19 27
62 70 67 65 63 81 17
87 80 67 82 53 81 42
24 80 61 72 63 30 72
5 52 38 9 5 24 27
48 21 49 40 3 43 10
2 7 19 9 22 24 49
11 27 28 65 53 30 0
20 5
55 33 27 59 20
111 119 120 137 148
88 90 110 74 80
137 165 129 142 164
97 74 99 131 90
65 73 69 93 79
85 75 112 122 46
25 22 36 28 21
16 17 30 24 15
103 97 113 134 122
135 136 123 138 151
117 135 118 135 142
37 34 58 38 31
195 181 153 171 184
200 197 179 176 181
159 175 148 161 167
147 171 145 153 166
144 167 136 150 161
51 51 108 92 64
189 182 195 194 186
20 8
166 177 182 174 179 172 177 190
40 15 33 50 37 73 61 52
41 25 26 24 31 36 44 36
69 58 119 73 97 102 73 72
65 59 136 91 117 145 141 138
153 153 179 167 159 165 174 164
96 68 143 83 113 123 85 78
74 81 128 108 116 132 87 78
47 34 73 57 32 62 38 59
98 114 145 126 130 138 113 91
115 95 150 135 151 143 133 136
180 200 199 200 195 178 184 193
51 39 95 47 28 69 54 66
172 197 190 181 181 181 200 192
119 138 151 116 66 81 92 77
88 53 116 116 111 155 99 141
33 33 34 16 21 24 14 28
117 130 166 144 124 136 102 120
64 42 103 63 65 122 64 67
140 131 173 165 152 162 145 159
35 7
64 30 37 13 72 45 82
71 53 52 13 36 77 62
0 61 27 13 51 60 2
40 42 52 49 23 16 18
4 18 52 40 51 45 39
44 72 5 63 38 27 2
71 84 18 85 51 60 82
14 72 89 49 46 37 62
11 61 0 49 23 45 62
71 8 5 49 78 45 46
58 30 27 30 75 45 2
44 84 52 40 78 16 39
11 0 0 40 75 27 39
21 8 27 12 51 35 62
3 78 9 13 51 10 18
58 30 52 13 23 77 82
71 84 89 76 51 27 46
64 84 18 63 51 60 82
71 61 52 85 78 60 82
14 18 52 0 38 37 39
40 42 37 0 23 16 18
64 33 2 13 51 45 13
44 53 86 6 78 45 82
14 53 27 30 73 10 2
71 36 5 30 78 60 82
40 16 18 6 10 45 46
21 78 37 30 78 77 39
64 42 89 76 10 9 18
44 18 18 6 5 37 62
44 53 73 63 74 77 46
4 36 73 30 5 16 18
44 36 73 40 7 2 17
71 42 73 63 78 60 18
64 84 27 30 22 97 62
21 72 37 63 38 16 62
3 3
4 4 6
5 5 5
4 5 4
37 7
70 56 36 49 86 45 90
28 56 36 99 57 74 15
10 17 3 23 0 60 49
94 88 12 81 70 45 90
70 39 5 79 9 25 44
3 88 32 23 14 54 33
70 76 47 23 57 22 60
28 28 21 23 70 6 44
70 4 12 81 41 54 60
94 8 60 93 70 85 85
94 88 78 52 70 85 70
24 16 47 81 7 22 9
18 28 19 17 56 18 44
3 24 2 1 14 4 15
1 56 5 3 26 54 36
24 56 47 3 14 6 60
10 28 60 23 86 60 70
70 39 47 93 86 25 60
28 56 47 3 41 25 60
59 98 60 52 26 60 49
70 76 78 52 70 74 90
28 56 32 20 0 18 5
59 24 78 93 70 85 15
18 28 5 52 86 25 49
28 76 78 52 41 74 85
3 8 60 44 26 60 36
28 39 60 81 99 60 70
3 17 5 93 14 25 1
28 88 36 21 86 60 70
28 88 60 44 70 74 70
24 56 78 2 41 74 39
94 21 21 52 4 85 60
70 76 36 52 86 45 49
28 17 78 52 57 74 49
22 39 47 17 6 45 60
59 76 36 93 4 25 27
21 8 21 44 26 25 70
20 5
105 126 103 90 132
131 163 167 143 159
54 39 58 28 61
89 141 125 111 145
184 168 185 175 184
104 150 128 92 124
128 155 139 119 146
59 65 64 43 91
76 100 103 51 102
168 167 162 142 153
200 195 200 177 199
196 175 197 176 187
55 20 42 36 63
47 33 18 23 54
95 134 118 86 127
61 64 95 41 86
65 95 96 65 122
18 29 33 17 54
24 36 34 20 56
53 53 44 31 85
54 7
46 11 10 29 4 7 52
9 28 17 50 0 7 8
1 72 58 80 28 70 80
23 37 7 27 4 22 14
23 10 0 16 42 18 52
77 77 6 21 69 66 80
23 48 68 44 69 42 80
18 72 38 4 23 18 37
14 5 16 27 14 0 9
60 0 38 29 0 18 41
14 28 48 1 28 23 37
46 11 38 16 54 18 41
89 89 29 80 69 86 77
89 28 53 69 60 42 80
89 77 68 80 52 42 52
23 48 38 1 37 1 37
18 21 10 57 44 41 18
54 77 68 8 69 86 80
54 69 48 21 15 86 75
18 48 58 80 69 36 64
16 19 53 21 54 23 2
77 77 68 80 60 86 18
37 69 68 44 92 85 80
37 28 38 10 8 29 5
37 58 0 10 7 42 27
77 19 58 57 92 70 14
44 72 58 69 69 70 80
60 69 68 57 32 36 69
89 72 58 80 69 66 77
70 89 68 77 49 42 48
7 28 17 57 8 29 27
77 77 58 80 69 42 64
89 89 68 80 12 86 64
70 89 53 80 69 86 80
70 5 7 57 0 23 27
77 72 68 80 69 42 80
1 11 17 50 32 17 1
46 5 17 57 54 36 14
0 58 17 21 8 1 11
54 48 58 80 60 70 80
77 58 38 57 60 29 69
46 48 29 1 47 7 41
23 37 0 16 23 36 26
70 89 17 50 69 70 64
7 28 17 4 28 23 48
33 58 68 69 44 70 80
1 11 53 29 32 1 11
9 3 5 8 54 7 27
89 77 53 29 92 42 75
60 21 68 80 60 70 80
33 58 68 80 52 86 77
46 28 10 44 23 23 52
60 58 38 80 49 86 80
9 3 38 29 15 23 52
70 2
56 1
0 1
56 1
56 1
56 1
93 50
9 50
9 50
0 1
56 1
56 1
56 1
9 50
56 1
56 1
56 1
0 1
56 1
9 50
56 1
9 50
56 1
56 1
9 50
56 1
9 50
0 1
9 50
56 1
9 50
0 1
9 50
93 50
0 1
9 50
93 50
9 50
9 50
9 50
56 1
0 1
9 50
56 1
56 1
9 50
56 1
9 50
9 50
9 50
9 50
9 50
0 1
56 1
56 1
93 50
9 50
9 50
9 50
9 50
9 50
9 50
56 1
56 1
9 50
56 1
93 50
56 1
9 50
93 50
56 1
33 7
22 17 27 25 7 21 10
40 83 34 84 64 68 84
1 23 25 51 13 38 67
90 83 48 58 40 57 84
67 30 13 27 34 22 41
79 42 48 84 84 68 70
8 1 0 27 28 12 49
90 19 34 71 40 38 84
40 6 27 6 15 22 28
22 4 8 6 5 5 10
90 55 92 27 84 94 44
53 55 74 51 40 82 74
53 35 1 6 6 22 41
67 80 34 71 20 82 74
62 19 34 27 28 38 28
3 55 8 1 40 17 10
73 55 74 69 64 90 74
79 83 5 27 84 68 74
22 23 25 25 20 17 2
8 42 1 6 40 38 10
73 80 48 71 64 94 84
67 55 92 71 84 50 84
8 1 5 24 38 2 2
79 83 92 63 40 68 49
62 6 27 23 7 12 7
90 30 74 84 34 82 44
33 83 74 84 84 22 84
73 55 48 58 84 50 74
73 83 74 27 84 93 28
90 83 48 63 64 82 70
4 35 27 1 7 17 22
22 6 13 27 25 37 37
79 42 90 84 39 90 49
51 7
71 64 67 80 25 83 74
5 6 49 27 1 13 15
50 51 37 40 17 40 61
39 64 67 23 49 21 89
5 6 14 9 8 40 53
68 57 67 75 88 54 98
50 33 49 80 96 62 74
13 39 17 40 8 40 19
17 19 1 18 32 4 5
17 19 10 18 4 13 4
50 84 67 75 49 70 10
71 51 67 93 25 70 53
45 84 17 17 32 62 61
71 84 67 64 49 83 26
50 57 67 64 73 54 61
37 30 1 3 31 40 3
71 3 37 64 49 77 44
45 39 37 23 49 40 44
68 64 91 39 45 62 89
39 84 91 75 73 62 39
50 64 67 80 73 77 10
71 61 41 64 88 83 74
71 51 49 80 71 83 89
39 6 30 27 49 25 61
45 33 30 27 17 40 44
5 6 41 26 49 77 74
95 64 49 80 49 70 53
71 51 49 93 97 83 98
5 39 49 27 32 23 26
13 25 24 27 49 38 61
45 19 24 40 25 3 26
29 39 41 40 32 25 15
95 84 30 64 90 12 53
95 84 41 93 97 62 26
71 57 91 80 90 83 89
71 60 67 80 73 62 61
29 25 10 18 32 20 19
71 84 49 80 44 83 53
13 61 49 80 73 77 89
50 51 91 64 73 77 74
71 84 67 64 49 38 85
17 19 27 40 2 0 1
39 64 91 55 49 83 26
37 25 49 40 45 23 19
5 51 1 4 17 7 1
50 39 91 93 71 25 44
29 0 28 27 32 25 19
17 6 14 15 4 13 15
17 33 0 14 17 7 26
50 30 30 55 8 40 61
71 84 67 63 97 54 85
52 7
80 76 88 32 29 16 19
9 36 7 6 0 4 2
38 76 64 73 56 28 66
16 57 5 51 67 15 28
53 16 30 2 46 4 29
14 38 64 19 10 1 46
38 76 78 69 89 44 89
47 38 58 32 68 71 66
64 76 78 73 83 56 66
9 65 78 91 68 44 89
29 9 23 19 29 16 34
38 38 18 4 2 44 8
53 38 50 73 68 71 66
38 38 87 19 56 44 66
20 76 58 91 68 87 34
80 57 88 60 89 71 89
53 65 14 91 89 59 66
29 8 14 51 10 59 21
16 46 33 32 25 16 3
80 54 58 91 46 50 89
53 57 88 51 46 71 66
80 54 58 73 68 87 34
53 28 47 32 10 44 46
80 76 88 51 42 59 46
0 28 7 6 17 4 14
80 65 50 69 89 87 14
64 76 30 91 29 87 66
6 2 0 4 56 36 8
80 76 88 32 83 59 58
80 76 64 73 83 71 58
64 65 50 91 89 50 46
29 2 23 19 17 16 24
53 36 64 91 29 71 89
37 76 64 51 89 28 58
38 46 0 32 10 36 6
64 46 88 6 89 87 34
64 76 64 60 89 59 66
6 38 58 73 56 28 19
38 76 88 73 68 71 66
20 28 23 2 17 4 8
80 15 64 32 83 71 89
2 9 30 1 2 36 3
25 16 33 31 10 4 14
29 9 22 19 2 59 24
13 16 50 32 17 59 21
53 65 7 59 27 36 58
14 57 33 32 42 16 8
38 16 45 69 56 59 58
47 57 78 73 83 71 57
2 2 50 16 2 28 34
9 2 33 19 29 36 31
47 76 78 60 29 50 89
70 3
75 84 53
38 39 1
67 6 53
38 39 1
81 6 53
22 39 1
8 39 1
29 0 1
6 39 1
67 6 53
73 6 53
38 39 1
0 39 1
38 39 1
15 39 1
13 39 1
4 39 1
15 0 1
50 84 53
67 84 53
55 6 53
29 39 1
38 39 1
85 6 53
67 6 53
38 39 1
57 84 53
81 6 53
22 39 1
33 39 1
38 0 1
50 6 53
0 39 1
85 6 53
57 6 53
22 39 1
81 6 53
8 0 1
84 6 53
33 39 1
85 6 53
85 6 53
75 6 53
50 6 53
75 84 53
57 84 53
6 39 1
57 6 53
15 39 1
54 6 53
48 84 53
50 6 53
33 0 1
4 39 1
0 39 1
13 39 1
15 39 1
8 39 1
67 6 53
85 6 53
55 84 53
67 84 53
22 39 1
75 6 53
75 84 53
15 39 1
85 84 53
38 39 1
8 39 1
85 84 53
70 4
71 18 52 62
29 59 0 44
56 90 52 76
29 1 0 9
38 59 0 48
56 18 52 66
0 59 0 21
13 59 0 21
13 59 0 9
83 18 52 88
10 59 0 21
38 59 0 44
38 59 0 36
38 1 0 3
0 1 0 9
0 1 0 3
71 18 52 66
55 18 52 54
38 1 0 1
38 59 0 3
52 90 52 88
13 59 0 36
3 59 0 44
7 59 0 0
56 18 52 76
38 1 0 17
71 90 52 51
29 59 0 36
63 18 52 73
10 59 0 30
71 18 52 88
38 1 0 9
10 59 0 9
89 18 52 88
63 18 52 76
63 18 52 62
63 18 52 54
71 90 52 76
13 59 0 28
83 18 52 62
63 18 52 88
83 18 52 76
63 18 52 88
7 59 0 1
20 59 0 30
29 59 0 36
83 18 52 88
71 18 52 66
71 18 52 76
89 18 52 76
20 59 0 30
52 18 52 76
71 18 52 21
13 1 0 17
29 59 0 28
3 59 0 21
52 18 52 76
89 18 52 73
83 18 52 54
13 1 0 17
38 59 0 36
89 18 52 53
29 59 0 30
62 90 52 73
71 90 52 76
38 1 0 3
89 18 52 88
89 18 52 52
3 1 0 9
63 90 52 88
53 6
13 14 26 15 15 23
140 143 141 100 129 150
163 166 174 145 155 167
131 135 160 127 139 151
49 59 52 53 64 76
22 13 16 23 17 52
101 122 123 84 117 140
37 47 44 44 25 58
178 172 182 155 179 174
44 50 42 45 49 63
100 112 102 88 119 113
192 198 196 190 192 191
52 78 53 58 68 82
189 181 192 172 184 188
29 39 40 40 47 72
97 107 116 90 113 134
94 118 105 86 104 119
76 104 117 91 109 126
91 120 80 71 89 78
159 164 168 140 151 160
179 170 190 153 170 172
168 167 178 146 163 170
71 61 62 65 54 70
121 131 131 93 108 132
92 99 75 56 77 114
27 43 38 33 22 29
69 67 70 77 93 101
200 179 191 176 187 194
63 92 99 76 98 110
31 56 46 45 32 59
146 163 165 129 146 158
55 60 49 63 78 80
118 132 150 103 123 146
73 79 75 75 95 105
138 141 161 116 132 147
39 45 41 35 23 30
45 58 48 47 51 77
154 149 169 142 160 171
151 151 166 137 149 153
93 83 62 78 112 109
26 20 35 21 15 16
116 125 133 99 120 127
149 145 162 113 138 152
161 162 163 126 144 163
17 18 28 14 13 28
58 62 57 55 50 63
112 126 129 121 131 144
187 174 195 182 190 197
191 189 197 181 186 179
86 92 97 74 94 108
98 116 109 81 100 122
196 200 199 193 199 200
156 150 172 151 167 172
55 7
38 91 91 69 70 84 55
43 87 24 48 76 7 5
43 51 91 69 52 62 80
26 71 52 88 83 48 55
30 71 57 13 7 10 8
64 6 19 38 41 62 9
56 96 69 85 90 84 55
30 42 34 38 34 11 55
14 13 57 78 17 3 23
0 7 69 38 83 31 38
51 71 3 69 4 31 55
43 51 24 16 4 1 80
56 87 34 16 21 12 34
4 19 8 16 21 1 38
64 91 34 7 81 31 38
64 32 76 13 70 21 26
7 51 24 48 49 62 46
43 49 91 62 52 84 93
30 71 69 38 40 21 5
7 9 8 48 25 48 26
14 42 76 48 45 48 34
14 19 24 69 34 62 80
92 51 91 38 90 62 55
64 42 34 85 52 48 80
92 51 34 38 83 62 76
92 51 91 16 90 48 96
64 91 8 88 9 48 76
14 71 0 5 50 48 55
30 82 3 48 76 62 93
92 87 34 69 52 62 26
64 96 62 62 70 84 55
56 82 76 88 52 62 11
64 82 19 78 52 48 80
92 51 24 88 90 84 93
7 9 34 69 76 4 38
14 24 8 38 17 12 18
64 51 69 69 34 48 55
38 71 19 2 14 21 0
28 51 52 7 6 7 1
38 19 76 48 81 31 26
64 49 57 78 52 84 38
14 24 62 62 46 4 11
30 51 91 88 50 31 17
51 9 8 48 9 21 11
43 71 24 78 52 84 55
43 91 91 62 83 84 38
64 24 24 2 70 7 90
7 32 0 85 21 12 55
43 7 8 16 34 0 46
4 32 3 0 25 31 18
4 13 76 48 90 62 90
27 71 8 88 25 21 76
64 71 8 38 21 48 23
51 82 34 48 14 84 96
51 19 76 88 25 12 46
38 7
33 51 52 49 51 44 54
95 85 94 84 91 75 84
62 85 78 91 91 78 96
2 6 4 15 4 14 17
50 32 48 46 51 53 54
23 22 15 20 42 30 30
62 67 74 76 70 66 74
16 11 8 6 2 2 5
5 8 12 15 4 16 25
40 22 38 32 31 44 36
49 22 43 27 39 20 47
73 62 74 71 63 66 72
73 71 74 61 69 66 59
73 85 94 98 85 87 96
23 12 21 20 18 20 31
21 19 12 14 24 11 25
57 65 60 61 65 58 58
23 39 34 47 39 20 36
1 2 1 0 0 0 3
62 39 60 47 59 58 71
40 35 34 25 42 50 28
10 8 4 3 1 1 4
50 51 46 51 50 53 41
47 49 72 71 65 51 47
38 39 52 53 42 30 41
12 6 10 6 4 2 12
50 61 60 53 59 58 59
62 75 90 84 82 80 84
62 80 78 95 82 83 78
3 12 10 20 18 15 18
57 29 21 32 51 48 59
55 59 48 60 59 57 44
91 71 92 81 85 69 78
91 94 85 84 70 75 88
35 21 15 27 24 30 31
4 33 21 32 31 16 24
93 80 78 76 70 69 74
95 98 94 99 91 88 99
75 4
145 132 141 119
33 34 32 64
18 17 15 15
83 65 71 58
90 94 102 89
23 30 39 32
103 97 100 77
34 29 22 43
136 120 130 113
152 160 160 147
30 23 23 28
40 33 42 39
86 87 98 84
132 147 156 132
151 142 161 139
161 173 162 157
43 43 59 52
97 96 116 106
63 62 86 65
20 18 19 25
179 182 182 182
49 47 65 73
37 52 35 34
156 164 163 161
38 28 49 46
117 111 127 105
70 48 57 38
81 103 109 99
76 78 97 74
74 79 107 91
159 170 173 149
21 15 17 17
56 61 75 71
163 143 175 166
133 123 143 150
183 193 193 177
44 60 91 59
189 195 197 190
28 31 47 51
187 190 198 199
15 13 13 14
68 70 105 78
119 116 129 106
185 197 195 188
32 34 27 40
129 138 158 127
173 173 178 156
167 178 183 170
93 84 95 80
45 37 63 49
140 134 142 136
144 128 137 121
149 156 146 140
106 108 122 96
122 119 132 104
199 194 189 185
96 104 112 102
194 199 199 194
178 184 184 181
36 32 53 47
139 147 148 123
160 152 133 114
94 76 84 66
148 158 159 127
157 166 172 159
42 53 44 27
87 102 115 97
46 59 73 72
127 122 134 120
184 189 194 184
47 68 94 81
17 19 14 22
65 53 67 56
114 111 120 95
168 172 174 127
20 7
50 61 44 46 100 88 80
35 47 28 33 73 43 58
198 198 180 200 198 196 188
147 166 125 162 163 135 152
83 107 75 88 139 126 119
41 60 50 58 96 67 77
188 180 159 186 191 189 178
17 38 14 25 21 31 30
175 161 120 183 185 182 182
31 39 22 32 24 39 57
112 83 83 98 166 145 129
55 62 57 63 116 98 104
132 130 85 157 148 139 146
49 56 41 44 81 66 62
16 32 13 23 13 26 55
65 65 62 74 109 110 81
162 158 117 166 168 148 170
127 148 94 137 167 158 164
118 132 109 181 176 146 153
141 138 106 165 171 163 159
83 7
16 17 13 25 17 15 31
19 17 25 13 13 15 14
157 168 163 168 167 176 173
123 134 142 169 134 138 163
153 155 166 165 177 166 151
54 47 39 36 38 37 47
30 27 31 29 37 39 39
105 111 114 115 112 129 108
56 58 55 51 54 52 57
127 141 124 120 123 135 124
149 146 133 118 128 130 122
197 188 181 182 188 181 180
181 186 183 192 195 185 185
134 156 148 138 121 139 159
151 169 168 156 145 160 147
132 149 162 171 150 144 140
61 45 52 58 60 58 64
92 99 100 97 89 91 89
68 90 62 57 58 61 54
58 56 54 52 59 59 71
45 29 26 31 21 21 14
73 82 70 62 63 68 70
64 63 59 54 61 67 69
67 71 72 59 74 54 67
66 70 72 66 82 77 84
36 38 40 42 57 64 59
158 167 158 164 149 158 177
112 126 139 115 116 131 116
128 135 154 153 141 147 114
109 124 121 131 132 157 157
24 33 27 28 22 28 14
129 160 164 160 181 160 163
35 28 38 37 39 47 51
115 125 113 102 105 105 100
87 96 87 88 84 82 92
156 158 147 140 120 136 156
55 47 49 49 48 49 52
146 171 169 179 185 172 179
198 189 187 184 189 188 193
33 34 47 41 29 44 50
40 46 68 71 83 77 74
155 183 177 178 185 170 186
22 22 24 27 19 15 14
74 68 83 93 96 83 86
85 93 98 73 89 101 98
113 106 108 98 103 112 105
23 25 13 13 13 27 40
124 140 128 146 152 141 139
200 198 188 186 194 193 199
119 133 129 135 160 174 180
82 79 82 75 85 87 93
164 185 188 188 196 192 192
125 143 152 147 143 166 143
107 116 112 107 114 136 141
117 136 115 114 117 134 119
63 65 66 61 74 70 73
130 139 149 144 145 150 159
194 169 140 108 109 120 110
106 109 107 104 119 124 113
140 177 179 180 190 183 189
83 87 77 72 88 91 96
139 161 158 151 139 151 151
50 35 34 32 32 36 34
141 165 151 145 135 144 151
168 173 171 172 187 177 188
94 103 105 81 91 102 87
21 17 23 13 20 34 29
78 86 76 67 81 76 76
199 195 193 200 199 197 200
147 142 129 106 111 119 117
169 199 180 170 179 163 137
137 149 161 152 157 152 168
48 42 43 33 44 42 45
52 47 50 43 49 51 54
41 37 35 34 28 30 35
69 60 59 60 65 73 83
170 174 176 161 125 121 129
136 163 136 154 163 154 121
89 91 86 95 92 89 91
101 104 106 100 100 106 106
99 98 94 89 93 103 104
114 121 122 132 151 171 176
80 80 85 78 86 80 90
54 8
93 92 85 75 47 52 73 85
26 32 62 29 39 24 49 53
19 5 31 27 39 16 27 4
40 52 47 35 47 35 49 31
48 72 37 42 94 95 57 59
35 14 37 42 47 31 31 9
94 92 10 42 67 50 42 73
63 74 62 80 70 84 86 85
59 74 74 87 70 87 45 39
29 74 74 42 34 28 39 50
1 1 0 2 1 0 0 1
89 87 85 61 62 63 73 31
27 21 31 55 47 26 39 31
28 72 55 75 47 27 57 39
62 87 47 75 70 85 15 73
22 44 16 12 31 20 20 31
20 21 37 29 39 17 45 22
36 52 47 57 25 33 25 39
24 44 55 35 47 23 57 9
5 8 5 9 16 3 15 4
33 52 22 61 62 30 6 53
42 81 5 33 25 44 31 59
12 33 13 9 25 10 4 16
76 33 85 67 94 75 73 16
58 63 85 42 70 89 86 73
57 21 55 61 70 90 49 22
46 69 31 57 5 46 45 22
41 81 44 35 16 40 15 73
70 81 85 92 70 80 52 71
51 74 85 57 94 94 52 53
52 44 62 55 94 93 93 39
7 8 12 6 8 7 6 3
95 37 37 99 31 49 73 53
74 69 37 92 69 77 27 59
84 44 85 87 70 67 73 85
81 74 55 67 39 70 86 85
23 21 16 15 9 21 73 9
77 63 55 67 58 74 34 50
56 52 62 92 67 91 73 31
91 92 54 42 94 58 52 85
71 52 74 75 34 79 57 59
4 6 7 6 3 2 1 4
61 44 74 87 70 86 86 50
9 8 16 15 9 9 20 16
78 87 31 42 25 73 93 16
18 37 22 35 12 15 36 22
53 33 31 80 16 92 93 39
86 87 62 42 62 64 86 39
2 6 3 3 5 1 2 2
14 16 44 22 25 11 31 8
99 92 85 61 70 47 73 39
17 16 22 12 4 12 27 9
69 21 62 80 58 81 45 85
21 8 1 15 12 18 27 31
67 6
69 59 63 66 79 93
167 183 175 187 171 150
181 199 198 200 199 194
27 23 39 40 40 45
149 158 156 150 154 140
50 64 73 65 67 88
144 161 161 161 140 162
132 154 157 139 132 155
177 174 177 179 177 180
184 194 187 199 200 200
120 129 134 112 127 125
42 26 23 20 14 14
57 38 60 61 50 60
139 145 147 133 131 135
155 160 167 183 182 174
65 65 65 71 77 86
105 121 132 110 120 114
56 54 52 30 47 71
109 116 126 94 90 111
26 24 35 36 43 44
67 39 51 46 49 58
106 117 115 99 104 108
73 91 83 76 82 84
48 35 53 36 31 41
90 97 89 84 91 103
41 25 32 22 22 34
39 27 41 35 42 54
21 15 13 16 25 32
183 190 190 191 190 189
36 30 47 28 29 40
133 132 148 168 174 188
76 78 69 74 68 85
143 150 141 119 124 134
78 98 70 83 62 74
175 185 186 192 187 192
99 108 102 91 89 100
86 99 91 89 86 99
77 62 61 54 48 65
29 22 40 31 41 55
38 21 19 24 18 39
138 140 143 121 151 152
116 118 127 117 126 127
112 115 122 105 117 122
44 56 55 56 71 74
98 127 110 98 107 119
131 146 145 149 163 142
74 71 62 60 59 82
191 193 193 198 197 198
114 122 94 91 106 110
45 57 64 52 64 79
157 165 162 182 181 187
159 168 185 188 175 163
25 15 21 23 21 14
130 130 135 129 150 139
174 170 170 172 173 172
93 101 103 96 96 106
156 162 158 151 161 163
89 105 108 101 112 116
136 156 150 131 136 145
119 125 125 106 119 120
151 159 151 154 155 159
17 15 24 16 14 14
82 107 104 91 87 101
55 50 54 41 46 56
85 95 82 78 81 95
33 28 35 25 32 47
87 109 95 107 118 104
34 7
15 13 26 41 11 58 10
6 15 38 58 34 9 33
24 36 45 16 25 3 31
67 94 34 84 78 61 79
95 51 55 55 34 33 57
29 15 22 16 0 58 10
95 51 87 80 78 68 86
8 15 25 41 11 9 17
57 3 11 16 11 33 17
75 63 87 65 80 44 96
86 63 75 80 85 68 92
8 1 34 37 11 9 1
29 29 45 34 25 17 33
15 61 66 84 53 82 79
7 15 55 58 44 5 33
67 63 82 65 80 82 73
55 43 22 55 34 44 33
86 29 64 54 21 82 30
76 94 66 62 40 78 92
95 94 87 91 95 33 73
46 61 87 84 53 82 73
76 63 55 91 74 78 86
46 15 11 1 28 17 2
8 36 26 62 48 44 70
8 36 45 16 28 21 33
57 6 45 41 5 21 10
76 44 82 80 67 61 86
57 63 32 79 74 82 92
46 87 55 16 22 58 86
95 87 64 65 85 61 57
29 44 6 15 28 21 26
24 44 45 91 80 82 33
15 36 32 62 53 33 31
45 44 87 84 67 68 73
45 8
0 2 0 4 3 0 0 1
2 5 1 8 11 3 1 3
21 13 18 26 17 17 13 9
55 50 88 55 82 76 59 55
55 92 62 80 64 59 59 66
39 26 31 55 32 58 44 33
24 14 20 20 17 26 16 15
69 71 72 74 45 76 22 26
17 11 15 8 25 7 11 3
27 16 23 26 45 35 7 28
87 48 92 55 32 59 77 75
55 59 83 80 53 59 81 75
28 20 26 37 22 35 16 18
39 72 70 46 64 76 59 66
10 36 48 37 45 47 3 38
37 34 41 33 51 47 26 35
45 32 40 37 32 7 7 38
79 79 67 49 82 59 22 55
45 81 66 80 82 73 47 75
39 69 78 49 32 17 59 75
3 8 4 17 13 4 3 9
26 37 49 43 64 47 26 27
69 87 64 55 61 76 81 75
55 63 79 55 82 73 81 35
79 47 93 80 32 47 47 18
87 98 56 71 82 76 59 55
55 70 74 46 82 59 81 75
4 7 2 5 11 7 3 3
69 93 61 49 64 59 47 55
37 82 65 71 82 72 81 28
55 60 82 6 28 35 81 55
87 42 99 55 82 76 59 66
4 15 21 20 17 17 13 18
16 41 55 49 51 35 59 17
45 27 34 35 28 17 26 38
45 55 87 74 64 76 59 38
87 77 68 80 64 59 26 75
79 96 57 80 64 76 81 66
28 39 54 32 53 32 26 55
10 19 25 37 25 16 47 2
24 17 24 37 32 35 13 15
31 22 30 46 24 47 11 38
87 45 98 43 61 59 26 75
35 30 35 26 64 26 47 28
69 58 86 80 64 76 47 38
64 12
3 16 2 19 38 7 6 8 15 30 2 0
215 189 400 141 146 76 258 449 236 333 382 589
614 816 676 811 796 906 872 424 806 579 613 639
8 68 80 32 226 210 21 111 110 76 129 337
97 172 53 111 131 74 45 68 56 94 85 354
242 160 519 183 273 312 265 143 145 94 381 367
175 304 303 471 300 381 401 344 236 336 349 101
850 831 871 940 797 931 952 811 879 925 723 884
385 565 640 511 357 693 265 143 685 373 470 626
385 663 400 360 608 456 782 599 236 415 451 258
724 604 827 811 884 970 494 506 806 415 746 659
614 455 676 547 481 595 339 344 480 212 470 506
724 937 882 961 877 968 967 811 965 864 804 884
340 565 764 471 576 559 700 711 806 531 451 659
97 49 303 235 203 167 258 200 200 254 85 224
523 831 612 511 625 731 912 750 806 857 895 784
198 550 281 222 193 144 429 344 163 336 375 224
523 565 781 719 684 810 932 794 632 754 523 833
523 604 603 471 577 549 401 266 236 531 382 474
43 365 116 325 312 422 109 141 236 181 245 101
452 565 871 871 853 945 837 580 659 810 523 718
385 565 666 511 585 533 733 624 437 668 252 506
177 365 303 183 256 223 429 424 203 254 245 381
724 739 676 674 630 753 837 711 806 864 722 850
452 365 303 360 425 621 509 266 236 531 252 589
198 550 281 719 358 672 782 344 632 531 230 381
807 663 827 719 795 901 664 711 722 531 635 850
385 365 612 641 462 601 922 449 437 668 451 292
452 455 508 641 450 605 505 624 575 415 470 718
995 977 969 996 964 1000 998 997 1000 999 979 981
724 718 781 674 656 775 705 794 964 579 804 884
215 101 303 183 118 57 509 322 79 373 231 209
807 960 827 811 760 851 967 930 965 925 921 850
177 189 221 256 311 398 144 110 163 181 243 474
135 189 221 256 306 386 429 222 163 491 81 258
325 189 640 325 559 591 429 266 236 579 470 506
215 304 221 222 163 97 265 222 145 491 115 381
177 101 116 213 264 258 365 200 163 491 150 347
43 26 80 151 108 42 103 143 41 204 42 22
136 95 116 114 42 28 144 222 56 212 115 28
242 365 221 141 224 191 144 323 236 181 150 427
215 739 519 511 408 635 509 424 688 579 399 292
523 863 764 719 697 812 952 794 717 857 746 333
136 455 443 547 400 654 579 534 480 754 252 292
340 603 519 624 369 658 663 599 480 415 613 784
651 863 640 674 720 814 579 787 925 644 723 784
614 831 827 941 655 771 872 787 913 810 723 718
651 739 781 941 666 788 579 424 575 668 523 563
335 663 519 256 595 497 509 624 722 415 635 718
8 172 53 183 277 320 20 68 41 123 42 92
452 550 443 547 378 656 365 344 697 254 252 506
651 663 781 932 794 859 932 711 697 810 635 850
38 26 32 32 167 143 21 68 90 51 36 28
242 189 443 222 270 307 109 121 203 123 252 427
614 604 519 641 729 840 733 580 722 810 375 639
242 455 443 235 620 452 782 580 575 644 399 659
850 917 882 938 921 979 837 811 965 668 921 937
850 917 882 961 683 802 922 930 965 925 921 937
452 565 508 360 587 508 339 344 480 644 231 506
340 455 740 360 340 714 401 222 437 373 470 474
651 455 666 547 580 544 579 506 697 491 592 784
385 863 827 871 801 933 733 748 925 621 635 850
850 831 882 961 937 982 912 624 913 864 895 784
43 365 277 325 336 447 144 121 410 317 150 357
39 7
5 63 33 15 19 69 38
97 38 82 69 48 75 55
61 63 26 27 64 36 16
61 6 41 6 37 13 16
76 31 41 11 59 21 2
51 77 58 27 81 78 65
61 6 26 43 37 13 32
41 38 41 83 32 78 65
41 38 20 8 48 21 55
40 77 85 43 9 75 16
51 77 26 83 81 95 65
51 6 41 68 64 21 9
17 22 82 43 19 78 88
17 31 41 15 64 36 9
61 38 1 69 26 9 20
82 6 85 27 64 21 88
5 22 64 9 64 21 20
23 22 58 79 48 9 65
61 0 1 15 32 5 55
82 97 64 27 81 69 35
5 63 64 11 1 36 4
51 22 41 81 26 78 88
30 38 85 79 26 36 38
35 63 85 15 81 36 32
51 31 5 13 6 5 4
22 6 20 27 9 21 37
97 38 64 15 99 36 20
82 63 33 43 64 36 65
23 77 85 43 37 78 65
82 22 58 69 79 36 14
41 12 26 27 9 67 55
82 38 64 83 26 36 88
30 38 85 83 81 75 20
38 12 7 69 19 13 38
76 77 7 83 81 13 38
61 77 64 83 81 36 88
35 21 1 10 19 78 55
5 38 41 15 59 69 38
61 0 41 81 19 12 20
66 7
42 34 12 0 31 46 65
86 78 80 40 31 90 30
42 16 40 3 45 1 5
15 8 12 20 9 57 30
42 59 40 47 31 79 89
63 78 57 47 94 74 76
86 95 80 47 7 36 89
30 86 5 47 66 25 76
5 2 40 40 75 68 16
63 44 18 20 45 20 76
2 34 18 47 3 4 65
56 16 1 40 7 0 16
18 9 70 40 5 22 41
56 9 38 20 75 17 76
52 95 18 97 94 90 89
32 86 12 70 85 90 16
63 59 80 76 31 81 30
80 44 80 76 31 57 41
15 44 18 12 21 57 76
5 44 70 76 5 36 76
12 59 18 3 57 17 5
80 59 40 70 31 81 30
63 44 94 97 24 57 16
18 44 0 47 31 46 14
4 16 18 20 75 13 0
56 34 57 3 9 13 14
5 59 18 20 45 41 5
42 78 70 47 85 25 65
32 2 57 32 9 74 11
95 86 57 76 85 46 2
95 43 18 3 94 57 89
95 59 80 12 31 90 41
12 59 57 32 31 46 41
63 9 80 70 66 33 41
63 14 70 76 91 22 89
5 59 40 32 59 22 41
52 1 57 3 59 9 30
42 59 80 47 94 74 41
32 16 9 37 9 57 16
63 16 57 76 45 68 65
2 86 80 20 3 57 11
63 0 70 47 24 25 16
23 16 6 47 31 81 1
42 16 40 32 66 33 41
18 34 40 32 16 32 5
95 59 94 76 31 68 89
18 44 40 47 16 81 65
80 78 40 47 85 25 89
32 44 18 20 16 46 30
56 14 70 15 24 68 16
86 86 40 76 66 90 11
86 44 80 40 20 41 41
52 2 9 15 16 57 41
42 59 80 37 59 81 41
63 78 57 20 75 33 16
63 34 12 47 45 13 41
56 86 80 76 45 90 16
1 59 40 15 2 25 2
63 16 80 76 75 81 41
32 59 38 20 24 41 16
30 78 94 47 59 74 76
42 44 6 40 91 17 41
23 95 80 76 45 46 41
86 86 57 97 57 4 89
85 34 94 47 85 36 76
80 2 1 0 24 46 5
20 4
77 66 48 66
168 162 129 128
160 164 170 149
174 177 143 154
199 178 180 178
105 138 114 111
16 46 41 32
189 189 185 181
187 172 157 145
15 18 13 15
143 132 96 77
32 16 25 25
72 50 44 45
127 130 92 72
188 159 128 104
65 44 28 42
146 157 125 113
80 73 62 65
85 96 64 69
100 91 80 85
69 7
95 97 98 97 97 98 98
75 66 71 75 66 76 69
69 64 66 68 65 70 65
27 18 25 35 34 32 28
13 4 8 12 16 8 8
61 52 61 65 63 56 63
42 32 31 45 43 31 44
21 13 17 18 20 20 22
10 7 6 12 8 2 6
16 11 15 21 22 12 13
13 9 14 19 13 8 14
35 32 33 42 27 36 35
35 22 23 31 35 23 33
42 28 35 45 43 32 41
38 28 27 39 35 24 41
2 0 1 2 8 2 0
77 82 86 80 78 80 87
89 85 92 97 92 90 96
24 18 19 28 26 19 24
48 36 37 50 45 39 46
66 66 66 72 69 68 69
40 23 27 35 38 24 35
64 57 55 65 59 63 56
79 72 75 84 75 82 79
77 72 76 83 68 81 72
71 70 76 79 72 73 81
48 34 36 48 30 42 39
64 66 66 72 69 63 65
9 6 4 11 3 1 5
61 57 55 65 55 53 63
81 90 89 93 88 85 88
31 23 21 35 35 24 30
2 0 2 2 2 0 0
68 70 71 75 71 69 72
89 92 96 95 96 94 82
56 49 44 56 55 50 55
32 28 31 39 38 36 32
54 45 42 54 52 47 48
59 52 45 59 54 52 59
19 15 18 24 23 14 22
66 52 65 59 62 54 59
76 69 71 80 66 75 69
60 49 45 56 53 50 59
95 99 98 99 97 92 98
29 18 19 20 30 21 28
16 10 8 12 16 10 10
83 83 89 88 76 85 84
89 90 96 93 81 92 94
47 36 37 48 45 43 46
71 75 84 75 72 76 84
81 75 86 89 76 85 72
10 3 7 9 15 6 3
69 65 63 68 63 74 65
54 45 42 55 50 49 50
86 83 78 91 85 85 82
52 41 40 53 48 44 48
19 11 13 15 19 14 15
57 51 55 58 59 54 56
61 52 53 62 55 56 50
24 17 21 31 25 30 24
53 36 41 50 51 46 44
6 2 5 8 14 5 2
42 35 34 43 41 39 41
79 75 78 84 72 82 79
86 85 92 90 80 90 91
34 23 25 34 27 21 39
83 92 92 95 92 94 94
15 14 15 21 21 12 15
10 7 8 17 12 7 6
41 7
56 68 77 79 17 75 69
62 68 48 65 93 3 69
89 20 90 54 38 75 81
45 4 48 39 17 60 62
45 68 68 65 38 88 81
35 4 8 1 38 54 7
62 84 48 61 66 9 38
45 68 8 6 38 60 81
62 84 48 11 62 75 95
89 51 90 98 66 88 19
45 63 33 11 3 75 22
4 40 14 22 32 13 38
89 20 68 79 93 17 81
7 9 68 58 17 25 1
62 40 28 79 93 42 95
13 4 28 30 17 60 22
13 27 14 11 33 13 22
58 51 33 56 33 2 38
39 63 48 79 93 88 81
62 99 93 61 38 60 87
45 36 4 11 17 3 22
45 9 14 58 38 25 87
89 68 48 98 12 75 22
13 40 33 39 1 42 1
33 40 7 77 38 60 69
89 27 68 11 66 88 22
58 84 68 22 33 25 69
7 51 93 34 38 42 95
62 68 77 22 38 88 62
45 1 33 65 3 9 22
62 9 48 22 66 6 80
89 84 77 79 38 69 38
35 40 33 39 66 88 38
9 51 33 39 17 42 81
39 36 93 20 66 25 69
11 51 4 1 3 17 38
43 9 33 61 13 54 19
13 51 32 30 15 69 69
58 27 48 79 62 88 38
13 51 14 79 66 75 95
62 9 13 33 62 75 1
30 12
12 40 34 42 24 17 40 9 23 8 26 42
91 81 86 94 89 85 95 94 88 86 88 86
25 46 44 57 37 26 53 22 28 28 39 43
83 81 62 57 68 85 63 95 79 89 79 78
21 49 55 50 48 32 63 10 28 9 36 46
25 40 34 35 55 59 28 43 37 47 33 59
56 61 69 72 68 66 87 79 61 72 65 59
2 14 11 13 31 17 7 26 22 29 3 9
18 37 23 15 32 35 20 27 28 31 19 32
31 69 64 57 55 56 80 61 37 68 66 48
18 37 23 12 18 12 28 19 20 25 19 36
0 0 2 0 0 2 5 4 3 3 0 3
68 74 69 72 62 59 88 77 69 70 71 68
52 51 64 70 49 35 80 67 37 66 52 55
9 23 30 25 51 26 16 41 23 46 25 48
12 72 43 42 52 43 28 49 37 52 66 62
2 16 7 3 4 4 13 5 6 6 5 8
83 63 79 89 87 73 93 88 79 84 83 78
25 40 30 25 45 43 40 32 37 43 26 41
96 99 99 99 94 96 97 99 95 96 97 99
90 89 77 89 83 91 78 96 88 93 83 86
69 61 64 72 81 67 63 86 69 79 66 68
9 33 13 7 8 8 20 6 10 7 7 9
9 36 12 7 17 8 19 17 17 22 7 9
69 80 79 91 76 73 90 85 79 73 83 78
31 51 62 71 50 59 58 73 53 64 52 48
1 5 9 5 8 6 6 13 14 13 2 4
31 46 44 39 62 65 61 74 56 55 34 62
94 97 94 91 89 95 96 97 94 94 95 96
56 74 61 50 67 73 53 76 69 54 71 76
41 7
57 37 50 44 35 50 42
61 42 52 47 40 51 48
93 84 90 87 75 95 93
77 68 65 78 63 70 71
90 74 83 94 88 84 77
96 68 74 95 75 84 91
14 8 22 16 12 19 14
53 35 47 42 31 44 40
32 19 25 19 26 30 17
10 7 16 6 9 9 7
10 8 23 8 2 15 14
14 12 37 29 12 26 23
77 65 65 86 65 75 67
18 28 30 29 28 26 23
82 84 90 93 73 95 93
52 41 47 48 40 43 42
73 65 64 78 58 70 73
62 49 53 52 42 62 50
12 3 18 8 9 9 7
39 31 39 38 30 37 30
6 1 6 5 7 8 2
68 52 58 59 47 66 54
1 0 1 1 0 2 0
84 84 83 95 91 95 91
7 3 11 11 8 9 3
18 17 24 19 17 26 17
76 62 61 64 58 68 59
18 19 26 19 22 19 17
67 50 55 55 46 64 52
77 68 69 78 63 70 73
37 28 29 26 28 31 23
39 35 39 29 31 37 31
88 73 83 95 84 75 77
73 57 60 63 52 67 56
27 31 41 37 22 31 31
54 46 54 48 45 51 50
46 38 42 39 35 42 39
81 74 74 85 65 84 87
96 58 83 87 87 84 93
84 74 82 95 86 82 93
70 62 61 64 50 69 67
86 3
23 16 17
99 113 129
39 38 44
38 19 36
27 17 22
28 23 35
29 25 13
171 189 192
176 184 177
158 166 164
109 102 111
108 105 81
22 14 20
63 96 69
157 160 153
144 145 154
89 94 84
77 73 74
149 141 141
193 199 197
85 93 84
61 62 75
122 123 112
165 178 149
135 140 147
136 137 137
32 20 25
51 63 59
163 173 169
68 80 79
121 124 130
49 50 54
178 183 171
43 43 48
195 198 186
141 144 149
132 139 143
91 85 101
98 90 71
57 56 61
34 34 29
154 153 144
115 119 127
56 65 76
119 135 146
79 79 77
105 127 113
40 52 45
36 33 43
25 24 27
162 158 163
55 47 51
114 121 120
130 136 130
54 55 47
62 84 104
33 27 33
133 147 139
116 104 121
83 97 97
156 161 170
124 134 123
127 133 133
189 190 185
153 155 148
167 180 166
53 59 58
131 106 128
148 154 162
160 170 155
60 73 62
191 188 179
72 82 70
181 187 181
168 166 167
111 113 124
76 73 62
24 13 21
180 181 172
198 200 199
107 109 113
190 191 189
112 103 107
48 45 51
37 28 41
42 42 46
39 7
62 88 86 86 83 55 83
0 24 7 14 13 49 11
55 66 60 75 73 88 39
47 47 23 35 63 25 4
27 54 60 86 23 55 52
5 47 14 2 26 12 2
33 24 1 2 63 3 27
58 88 95 90 93 55 55
33 88 95 28 73 94 83
19 40 49 60 4 35 36
62 45 60 41 85 94 55
19 24 58 8 4 23 49
76 40 38 90 16 88 52
47 64 23 28 35 24 27
54 40 23 90 73 55 78
76 66 49 41 37 55 98
76 23 38 60 93 21 83
76 82 60 28 69 79 83
14 1 23 1 26 1 24
55 66 86 86 93 94 55
9 88 49 86 85 88 27
27 11 16 45 37 25 0
47 11 15 41 37 41 6
76 66 95 45 85 75 55
33 20 2 45 37 12 39
8 66 16 14 16 25 6
58 47 16 72 37 75 55
42 24 5 28 35 38 1
42 56 60 60 23 41 2
19 2 5 8 4 3 52
58 24 7 8 4 38 36
55 66 38 90 37 88 27
0 16 23 27 26 35 6
62 82 93 99 73 79 81
10 24 16 14 69 18 49
5 16 23 28 26 1 11
76 66 60 75 85 25 81
99 88 38 75 63 41 11
76 82 60 60 73 75 55
37 7
6 46 5 53 40 37 44
45 16 83 31 88 79 44
25 36 22 77 47 54 44
6 16 22 77 9 79 31
18 64 38 53 89 37 44
71 61 38 12 89 54 44
85 64 72 12 15 12 44
18 61 38 89 58 92 19
25 64 72 89 47 79 42
54 46 38 31 4 17 31
54 36 13 4 58 37 31
71 93 72 77 47 79 44
54 7 13 12 47 54 19
16 3 22 31 40 17 31
54 20 38 27 26 67 4
13 20 22 31 3 9 4
0 7 38 53 26 22 69
89 61 22 77 15 67 31
34 64 71 20 38 67 9
34 64 83 89 77 54 78
18 7 13 12 38 1 31
71 46 22 53 89 79 72
47 64 38 74 12 79 72
47 46 22 53 9 37 31
18 10 22 74 4 67 19
10 10 83 77 89 50 78
89 90 83 20 77 79 72
85 64 83 48 58 79 14
71 64 83 48 12 37 78
0 20 19 48 37 22 14
71 64 5 53 89 9 78
54 46 3 31 12 3 72
54 20 38 89 15 95 92
84 36 13 53 1 50 9
10 64 83 4 77 67 92
34 2 72 20 77 67 29
54 93 38 76 26 50 44
59 7
47 48 45 45 43 44 47
79 78 78 73 77 78 77
18 16 15 10 10 8 19
25 27 25 23 24 29 27
38 38 42 40 40 41 46
79 78 81 75 73 81 77
33 20 33 28 24 29 29
46 40 42 33 38 41 43
58 55 54 50 43 50 61
13 8 11 10 10 8 10
71 75 71 70 70 74 69
85 89 88 87 90 88 89
99 87 99 84 87 93 95
26 18 25 21 19 20 24
94 90 97 94 91 93 91
88 97 93 89 91 97 95
21 20 25 23 28 20 29
76 77 75 71 73 77 75
2 1 0 0 3 3 0
51 55 52 47 57 49 55
9 9 11 3 13 12 5
47 53 48 42 56 48 50
38 50 47 33 46 45 47
1 2 2 5 0 0 7
22 16 18 21 19 22 19
41 44 42 42 37 41 40
51 48 54 47 39 55 57
69 76 68 66 68 60 72
49 50 48 46 51 45 50
17 15 15 6 16 8 19
9 3 6 6 3 1 8
51 60 53 50 58 60 57
18 13 15 20 13 17 11
68 72 62 55 65 50 64
97 93 93 91 98 91 91
63 64 60 58 64 55 62
30 29 28 29 32 25 37
89 78 84 80 82 82 83
84 82 88 79 81 87 86
40 43 40 37 34 33 36
71 68 54 63 59 71 69
96 93 84 93 91 97 91
75 70 71 64 70 74 72
16 20 18 15 19 22 11
67 59 59 55 46 63 64
2 6 4 6 2 3 9
71 67 62 61 65 69 69
30 33 29 33 28 33 29
69 64 57 52 59 67 60
83 81 84 78 80 82 82
28 38 18 29 24 25 29
91 86 96 89 87 86 89
18 10 14 15 16 17 18
91 87 92 94 83 89 95
30 31 29 15 22 33 27
63 72 57 66 68 63 68
33 31 40 33 33 33 43
2 3 6 2 0 3 1
90 82 88 81 83 84 86
65 7
80 58 44 74 75 83 25
26 77 44 10 1 6 14
72 77 76 14 93 83 83
63 5 44 26 4 43 3
90 77 76 63 19 25 83
52 71 27 77 27 73 3
63 15 44 74 7 25 8
32 41 11 84 19 25 40
52 71 65 4 27 73 40
2 31 65 18 16 68 38
8 15 65 26 41 43 7
62 41 20 18 1 0 14
2 41 24 57 75 83 72
90 31 11 77 75 61 72
7 21 16 4 53 54 14
32 41 65 42 1 68 83
8 2 29 26 53 5 20
32 69 76 18 75 54 29
72 92 76 77 17 83 60
81 58 1 26 75 25 20
32 41 65 42 93 61 72
29 31 29 13 35 43 60
2 15 5 42 53 38 5
14 21 29 26 36 12 40
52 21 2 7 53 25 40
90 92 27 57 4 2 40
32 92 76 96 4 73 29
29 31 7 42 53 43 23
14 31 29 26 53 73 25
32 69 29 63 27 38 72
90 77 65 84 75 73 40
18 58 16 42 7 19 29
63 5 44 96 93 19 91
32 19 29 18 41 61 59
81 58 76 42 19 83 29
90 77 5 84 53 19 89
32 13 65 63 7 12 72
90 92 16 42 93 73 37
81 41 29 10 17 12 53
14 41 29 77 75 61 40
52 71 16 96 53 61 53
18 21 21 4 53 7 22
29 71 0 77 53 17 0
8 21 29 42 19 12 29
0 5 11 18 53 53 14
26 3 44 16 41 61 60
8 77 21 26 41 24 53
90 21 76 84 19 54 83
18 92 29 42 75 25 72
32 58 44 57 53 83 53
18 77 76 84 53 83 60
72 58 76 63 7 83 91
18 4 65 26 53 73 23
52 41 76 26 75 68 72
52 92 44 96 93 54 29
26 58 76 26 36 73 40
52 5 2 7 27 7 8
81 41 76 77 75 83 72
63 77 76 63 75 12 60
63 41 44 63 75 83 91
52 19 2 57 27 10 53
72 41 76 18 36 61 91
18 21 21 3 19 38 25
81 21 76 57 93 68 83
72 41 44 9 75 10 14
18 9
83273 95183 82406 94523 92390 108793 85476 117855 129852
14209 26119 13342 25459 23326 39729 16412 48791 60788
73905 85815 73038 85155 83022 99425 76108 108487 120484
146304 158214 145437 157554 155421 171824 148507 180886 192883
35042 46952 34175 46292 44159 60562 37245 69624 81621
65744 77654 64877 76994 74861 91264 67947 100326 112323
158328 170238 157461 169578 167445 183848 160531 192910 204907
113677 125587 112810 124927 122794 139197 115880 148259 160256
176813 188723 175946 188063 185930 202333 179016 211395 223392
131667 143577 130800 142917 140784 157187 133870 166249 178246
102252 114162 101385 113502 111369 127772 104455 136834 148831
25223 37133 24356 36473 34340 50743 27426 59805 71802
125471 137381 124604 136721 134588 150991 127674 160053 172050
52858 64768 51991 64108 61975 78378 55061 87440 99437
95172 107082 94305 106422 104289 120692 97375 129754 141751
41683 53593 40816 52933 50800 67203 43886 76265 88262
161974 173884 161107 173224 171091 187494 164177 196556 208553
6529 18439 5662 17779 15646 32049 8732 41111 53108
58 7
18 25 23 27 19 21 32
71 82 83 80 83 71 81
37 44 42 43 46 43 50
3 6 8 4 3 2 3
4 9 10 8 7 9 5
48 59 55 55 63 50 57
5 12 16 10 14 13 7
9 10 11 10 9 10 10
87 97 93 90 87 86 95
9 19 20 16 15 18 12
67 79 72 77 79 68 78
59 70 66 69 63 63 63
16 18 20 20 18 18 21
39 49 49 47 49 45 51
92 79 93 82 87 95 93
17 23 23 22 19 18 23
26 33 27 26 24 31 31
22 29 29 31 25 31 36
67 75 75 76 79 73 77
28 35 28 32 25 34 35
56 67 66 69 72 62 73
32 45 34 38 45 22 40
71 83 75 82 81 78 81
44 51 52 50 55 48 54
11 15 12 18 10 17 17
99 93 93 85 94 95 95
35 36 30 34 37 34 47
95 98 86 85 87 78 90
53 66 62 64 71 52 63
93 83 89 90 87 73 91
52 62 62 58 69 60 63
87 88 77 90 94 86 86
26 33 30 32 27 33 39
95 88 89 90 83 90 85
48 60 55 54 55 52 61
34 48 42 46 46 43 46
43 50 50 49 53 45 52
65 72 71 72 72 66 74
2 3 4 1 2 1 1
22 30 23 22 22 24 23
39 52 50 47 53 49 54
32 40 40 38 39 41 44
55 64 62 64 69 60 63
5 14 18 10 12 16 10
93 94 86 90 94 90 86
5 11 16 10 10 10 6
44 56 52 51 55 50 58
71 83 77 79 81 78 81
1 1 0 0 1 0 0
46 57 55 55 63 59 61
31 36 34 37 31 40 43
37 46 48 44 46 24 44
66 74 72 74 77 69 76
11 13 18 18 16 15 12
36 40 40 38 44 42 48
0 6 4 5 3 2 4
57 69 70 72 76 66 74
71 98 93 90 83 86 95
36 7
38 45 57 50 33 49 40
67 66 72 65 61 60 55
25 27 44 35 21 30 28
44 48 58 58 42 53 50
80 59 68 65 50 76 52
7 21 30 19 17 22 26
1 0 5 7 0 3 0
97 94 99 98 88 92 82
19 11 2 9 10 7 26
1 10 12 4 8 1 11
4 11 27 7 12 3 18
74 52 66 61 61 60 62
23 11 18 25 9 7 11
29 21 36 28 21 30 17
83 73 72 83 61 83 78
44 45 59 68 56 53 55
25 30 27 37 30 41 39
24 25 42 9 17 24 21
21 27 12 35 12 22 37
79 65 72 70 76 73 71
67 52 62 69 61 60 62
0 8 5 3 0 0 3
95 73 91 83 90 90 96
44 63 68 62 50 53 52
36 30 55 39 25 39 29
97 97 97 92 92 90 91
36 41 44 33 25 30 29
29 43 36 39 25 41 29
4 5 18 9 12 7 21
38 45 51 50 40 49 45
80 68 82 80 56 76 62
83 73 83 83 78 79 73
91 91 91 92 92 92 96
74 68 81 70 76 73 62
89 84 83 83 78 79 69
91 88 90 98 80 87 84
39 7
67 39 62 49 39 41 54
29 26 27 30 21 30 20
93 77 83 77 87 78 81
81 60 79 76 59 58 65
13 8 21 13 6 15 4
18 19 11 20 17 19 8
81 60 77 67 59 75 66
77 64 86 77 86 94 97
93 64 86 83 70 85 97
32 28 30 36 22 31 31
6 13 3 17 6 7 4
40 25 30 30 26 26 36
75 70 81 54 50 70 80
29 30 30 30 28 31 20
64 39 60 51 39 44 55
70 51 69 54 50 53 61
42 28 43 38 30 31 44
35 33 43 42 25 34 42
18 20 13 26 13 17 15
59 38 54 42 30 38 46
22 20 13 26 22 22 31
0 5 2 8 4 2 2
87 77 86 77 70 94 68
77 77 83 83 59 78 93
18 17 22 20 11 19 8
56 44 67 52 34 44 59
77 52 75 60 53 54 62
52 36 54 45 34 38 46
87 64 80 83 87 82 68
6 11 7 1 1 7 0
46 35 43 38 30 34 39
87 77 83 83 87 85 81
97 77 86 83 87 85 68
97 77 95 73 87 94 81
26 20 23 26 15 22 15
74 53 78 53 37 54 62
13 13 10 15 15 18 3
97 77 95 83 87 70 97
76 72 81 60 53 58 66
24 7
109 100 84 82 70 119 105
188 190 134 173 173 163 165
151 172 144 170 179 165 168
137 127 98 102 114 128 122
149 156 117 160 145 148 143
178 168 119 156 146 154 129
124 139 99 119 137 146 127
66 81 64 69 43 65 68
40 65 63 60 49 79 45
38 32 50 32 25 46 27
56 60 58 51 34 58 18
105 121 81 80 92 128 105
36 19 43 27 17 37 24
179 177 138 163 150 167 170
23 14 15 20 14 36 15
37 44 57 52 27 63 34
100 85 79 77 59 75 33
125 137 103 139 138 139 124
55 72 68 66 55 86 55
158 163 106 168 163 158 163
191 199 188 175 181 191 181
89 116 80 89 79 115 98
96 84 71 72 67 88 88
197 196 148 190 189 196 185
70 3
62 26 0
0 4 0
0 1 0
14 51 47
62 51 0
62 35 0
62 10 0
62 26 0
14 35 47
62 51 0
62 35 0
14 35 47
14 31 47
96 87 47
0 1 0
62 69 0
62 1 0
62 10 0
62 51 0
14 51 47
14 87 47
62 35 0
62 35 0
14 26 47
14 18 47
62 51 0
14 70 47
14 70 47
0 4 0
14 70 47
96 87 47
62 25 0
62 31 0
14 70 47
14 51 47
14 87 47
62 51 0
14 87 47
14 18 47
0 4 0
62 10 0
62 35 0
14 70 47
62 35 0
14 18 47
62 35 0
0 4 0
14 87 47
62 10 0
14 87 47
14 70 47
62 51 0
14 70 47
14 70 47
14 70 47
62 51 0
14 70 47
14 48 47
14 87 47
0 0 0
62 51 0
0 9 0
14 87 47
14 10 47
62 35 0
14 10 47
14 51 47
0 4 0
14 35 47
96 70 47
37 7
46 31 64 66 47 54 58
79 50 60 66 47 55 69
12 7 9 13 7 14 10
68 62 64 69 41 55 62
37 31 46 46 37 38 50
92 86 95 93 91 74 90
31 31 46 46 46 38 41
82 87 76 74 70 74 83
17 16 26 19 17 22 21
10 2 6 2 0 9 8
92 90 85 93 91 74 95
68 53 72 69 81 59 61
28 25 31 26 36 37 30
44 28 50 31 38 44 37
13 22 20 13 11 22 12
14 13 15 16 8 15 12
45 43 50 53 62 42 56
22 28 41 31 29 32 41
79 98 85 74 85 63 90
20 23 26 19 17 29 21
21 25 31 22 28 35 30
82 69 75 79 85 70 81
46 50 58 66 76 49 50
14 15 20 18 11 15 12
56 53 60 63 47 55 62
92 90 95 79 94 92 90
91 69 85 79 85 63 81
92 99 95 93 94 74 95
25 28 40 31 29 36 39
46 43 54 53 70 46 56
9 3 4 2 3 9 4
68 62 64 73 62 50 77
56 46 57 61 76 48 58
72 69 64 72 41 59 69
82 69 93 85 83 73 68
82 62 73 76 83 59 80
10 16 19 9 9 15 11
99 8
57 59 61 55 53 57 85 55
0 0 4 0 1 1 34 0
65 65 66 64 63 63 55 64
97 98 97 99 99 97 66 97
20 26 23 22 20 28 42 25
82 86 85 83 85 86 29 85
84 82 84 81 77 83 93 79
32 32 38 31 34 31 76 28
15 5 13 11 14 6 69 6
59 62 63 57 57 60 86 58
86 84 83 86 85 84 62 85
40 45 40 48 39 43 16 46
72 74 74 71 77 77 26 76
71 68 73 68 71 71 25 73
83 81 81 83 82 80 61 82
11 15 10 11 9 14 5 16
32 35 31 38 32 31 13 37
20 8 15 14 22 9 70 10
44 38 35 40 39 41 47 40
4 7 7 6 6 6 36 6
17 22 21 20 19 27 41 22
96 94 93 97 92 94 65 94
34 41 36 40 35 34 14 40
86 84 86 85 82 85 94 82
62 59 63 60 61 60 54 61
7 10 3 8 6 12 3 10
31 30 36 28 31 28 75 25
36 42 39 43 38 38 15 43
65 68 66 66 63 66 88 64
6 10 10 9 9 9 37 10
4 9 2 6 4 8 2 6
62 65 65 60 60 63 87 61
62 62 60 63 65 60 22 64
75 76 76 75 80 78 27 79
93 88 92 90 92 90 96 88
9 13 4 10 8 13 4 13
48 48 52 45 48 49 82 46
91 88 86 89 87 88 63 88
38 39 42 34 39 36 78 34
78 78 78 79 75 75 59 76
42 35 33 36 35 38 46 37
91 99 97 96 98 98 33 97
93 91 90 91 90 91 64 91
81 79 81 79 76 80 92 76
76 76 77 75 73 71 58 73
59 59 58 60 61 57 21 61
54 56 54 54 56 56 52 55
29 32 29 32 29 26 11 34
50 51 46 49 49 49 50 49
44 49 44 50 43 46 17 49
79 82 79 77 82 80 28 82
68 68 68 69 67 67 56 67
51 53 48 51 51 52 51 52
76 75 74 77 73 76 91 73
12 21 19 19 17 20 40 19
89 97 96 94 96 95 32 94
10 17 16 14 16 19 39 16
57 56 56 57 59 52 20 58
36 35 41 32 35 33 77 31
79 80 79 81 80 78 60 79
95 91 93 92 94 93 97 91
54 53 56 51 51 55 84 52
34 31 29 28 26 34 44 31
15 17 12 14 11 15 6 19
25 26 23 27 23 20 9 28
40 40 47 36 42 38 79 37
65 64 61 65 68 63 23 67
22 28 26 25 21 30 43 28
70 65 70 67 69 67 24 70
25 17 21 18 25 20 72 16
74 71 70 71 69 70 57 70
13 1 7 1 4 0 67 0
46 45 50 43 46 45 81 43
27 28 28 30 26 23 10 31
19 22 18 22 17 17 8 25
61 58 58 57 58 57 53 58
27 22 23 22 26 23 73 19
69 71 68 69 65 67 89 67
38 32 31 34 32 36 45 34
2 3 6 3 2 3 35 3
14 3 9 3 11 4 68 3
72 73 70 71 71 71 90 70
22 13 19 17 23 11 71 13
29 25 33 25 29 25 74 22
17 20 16 21 14 16 7 22
99 96 99 98 96 98 99 97
98 94 95 95 95 95 98 94
3 5 1 3 2 5 1 3
52 51 51 53 54 47 18 52
52 49 54 47 49 52 83 49
1 2 0 1 0 1 0 0
43 42 48 38 43 43 80 40
47 42 42 42 43 42 48 43
8 15 14 11 11 17 38 13
86 91 90 93 90 91 31 91
89 86 89 86 87 86 95 85
85 88 86 86 87 88 30 88
48 45 44 46 46 47 49 46
54 53 52 55 55 49 19 55
35 7
91 36 87 86 54 53 29
35 51 24 37 32 14 33
14 20 8 37 18 57 33
61 50 39 37 75 75 63
35 27 8 6 14 2 1
21 61 74 86 78 75 63
70 94 87 86 86 75 63
1 1 24 7 18 47 1
6 0 66 7 14 30 1
70 99 74 82 97 97 63
70 61 63 61 54 57 63
14 27 12 17 32 44 29
6 51 34 17 54 24 33
47 12 34 7 32 14 23
27 36 66 73 86 97 84
47 36 39 73 54 66 33
31 83 66 73 78 95 63
6 20 39 37 75 30 55
91 73 66 26 78 75 84
63 73 66 86 78 95 84
81 36 76 17 54 97 11
1 51 27 17 54 66 33
63 73 12 73 54 66 84
35 61 4 26 18 57 29
61 97 87 73 32 75 84
27 27 12 26 7 7 23
47 51 5 2 17 2 50
14 12 54 26 0 24 11
45 8 2 61 7 10 23
27 8 63 37 50 47 11
91 72 76 82 78 75 59
81 61 27 86 78 75 50
47 12 54 17 18 47 55
91 94 66 37 49 13 84
63 83 87 61 86 75 61
