100
12 10
76438 70700 532035 291439 105388 326625 200808 37982 250759 108668
144456 393379 106925 389131 105388 637208 200808 240383 83876 106352
559522 620352 721526 719037 233305 689797 600013 543748 625828 706604
22861 169830 516113 341044 105388 293669 98805 37623 100679 7192
144456 918750 106925 719037 480441 827270 200808 543748 126613 411159
144456 70700 532035 389131 480441 72892 200808 118927 170108 520596
559522 918750 721526 796281 233305 827270 600013 543748 625828 520596
536952 169830 106925 190887 480441 637208 70122 118927 174874 108668
559522 169830 721526 961215 750623 162997 600013 240383 625828 706604
144456 393379 721526 961215 750623 827270 932739 543748 250759 520596
76438 620352 57398 389131 233305 235334 98805 10591 79534 169306
559522 918750 529489 719037 750623 827270 200808 204920 625828 169306
13 10
345181 339340 317284 163340 180668 178774 401213 182150 301306 149823
512387 436374 564469 210166 401692 789852 452020 459744 422699 149823
482502 650577 564469 210166 583100 903187 638672 459744 541071 273848
362093 350736 449508 163340 222099 178774 413314 27625 356018 128072
621873 855406 943188 210166 401692 437652 517960 442716 422699 273848
977107 855406 491881 210166 222099 903187 452020 309725 541071 271416
512387 436374 943188 210166 606446 593942 638672 182150 364799 956612
94009 232067 16852 26234 146286 68101 99629 27625 167633 130392
231803 73082 14794 50343 169218 154698 25459 12993 167633 55452
621873 650577 943188 210166 606446 437652 5940 561314 541071 956612
482502 650577 16852 210166 222099 292934 99629 459744 422699 685636
482502 397993 564469 207277 606446 292934 452020 767145 541071 273848
512387 843774 564469 210166 606446 593942 638672 459744 386093 273848
14 10
713160 730210 418488 657790 564964 396044 795560 520766 703731 993836
174027 335256 109877 267271 117184 191502 53601 158053 501980 229394
713160 895438 773354 644847 433565 631069 975543 520766 703731 675188
626087 979909 773354 327741 117184 752526 614426 661170 703731 713908
713160 895438 730116 657790 564964 306249 614426 865145 703731 713908
174027 68404 7187 28780 16993 135362 88719 102731 418017 87160
24086 243844 333733 90669 82723 104560 88719 122064 2649 50127
435961 522793 773354 327741 564964 752526 795560 865145 594643 857274
435961 702876 418488 657790 433565 631069 614426 661170 70095 87160
372144 97351 366206 90669 315487 191502 246851 158053 501980 376878
435961 522793 324575 597528 433565 752526 374742 865145 977594 376878
372144 335256 366206 327741 315487 131615 246851 429905 7622 84915
626087 730210 773354 657790 433565 396044 374742 520766 594643 601360
713160 522793 418488 657790 564964 317813 374742 865145 703731 857274
15 10
520393 624637 347909 993522 623751 570132 343714 193583 781687 352121
476131 551876 857127 713950 805967 393097 480610 54137 781687 772266
61695 75667 615615 231870 123062 489126 22837 193583 696736 57679
927045 551876 155476 591744 623751 239008 480610 769290 868542 657327
154075 111092 155476 231870 123062 393097 343714 193583 69632 86016
273298 624637 624409 591744 286918 608623 108801 432200 868542 305736
84066 624637 624409 804052 805967 830821 794604 432200 69632 935091
84066 551876 857127 804052 805967 830821 606514 769290 971248 657327
396350 75667 32562 453337 618530 31024 343714 54137 69632 577908
273298 350998 472534 453337 22512 31024 606514 432200 347709 112132
539510 624637 624409 713950 286918 489881 709662 769290 629071 577908
154075 551876 308993 804052 43771 393097 108801 84969 347709 260482
927045 358761 472534 713950 286918 690745 794604 432200 696736 146458
396350 358761 472534 591744 286918 381528 343714 29211 696736 146458
57943 111092 415538 231870 286918 570132 709662 193583 26174 772266
16 2
4 964
1 1003
5 967
3 1003
12 892
0 1000
15 895
2 1000
11 931
7 967
6 964
14 892
9 931
13 895
8 928
10 928
16 3
869 858 864
254 241 258
58 149 88
176 144 65
153 194 151
186 115 47
384 351 385
907 909 920
386 434 412
75 93 118
191 214 271
311 282 244
396 402 419
467 440 388
100 111 132
59 51 66
16 10
55014 116105 255414 18658 146771 23165 184774 40509 74087 92708
393629 89231 60370 18658 146771 184690 224271 124094 131773 309846
231560 116105 255414 314889 51931 51049 784738 325912 437745 118529
30279 16840 15902 2517 51931 1089 46912 12481 25275 80028
594924 104487 148027 79615 303106 583631 552122 177040 400479 453138
110538 262693 388671 79615 369676 184690 638980 177040 323225 235569
110538 262693 388671 79615 369676 51049 224271 114842 131773 154002
660317 834908 641929 687171 757882 767562 799509 341506 966309 578898
700946 503919 823603 534906 757882 733682 880128 425616 881484 578898
151997 440149 568277 534906 731508 701938 784738 242251 437745 453138
700946 503919 388671 859520 369676 913949 799509 946241 792817 818934
596655 262693 388671 438412 750451 195915 401419 242251 486879 161658
700946 708490 823603 687171 731508 905913 880128 425616 792817 453138
294230 261193 568277 438412 352992 583631 799509 341506 545524 309846
660317 116105 255414 687171 352992 767562 638980 242251 599943 578898
700946 503919 641929 687171 757882 751861 880128 325912 599943 818934
16 7
736 672 602 663 748 817 897
415 368 339 349 330 318 328
719 679 675 659 640 634 615
418 435 414 436 422 412 392
429 435 430 421 414 414 418
224 210 236 231 209 216 244
302 262 257 295 389 472 526
234 231 258 243 264 293 345
133 186 170 167 206 261 312
549 528 498 412 409 493 508
540 553 546 561 583 566 595
343 345 371 374 358 338 312
2 0 0 0 58 0 22
706 715 734 749 760 740 735
660 739 773 791 838 835 856
686 665 661 687 668 659 654
16 3
590 542 572
978 1000 981
652 727 653
750 726 763
938 937 923
97 62 69
656 732 781
875 861 869
633 670 637
61 99 57
802 807 760
402 467 511
882 895 860
583 574 569
822 744 688
510 431 421
16 10
367746 198106 653662 85845 504685 537515 92921 291305 85177 101086
516484 578375 254125 195404 162550 250546 657445 441303 269890 56437
816966 610853 489229 849467 162550 730330 300996 525747 525866 597218
200180 43252 489229 9003 487243 475632 710813 83870 25970 764059
516484 492447 374499 195404 380104 97712 571819 82118 525866 600100
816966 610853 964408 712727 814191 544546 300996 525747 919177 950610
467768 198106 381910 572075 21188 475632 3602 83870 25970 245050
378024 610853 202304 572075 814191 544546 515944 441303 487937 245050
186348 922591 381910 289640 21188 730330 92921 373253 525866 509410
816966 963753 289451 289640 380104 475632 794827 525747 525866 101086
759673 963753 489229 712727 380104 996358 657445 525747 919177 600100
516484 610853 972889 289640 687695 544546 571819 525747 269890 509410
200180 116534 79584 195404 687695 284067 3602 373253 269890 101086
667488 380020 653662 195404 687695 325748 3602 373253 773913 930658
378024 157922 653662 572075 504685 730330 995179 525747 525866 864921
667488 610853 653662 712727 504685 453381 794827 356353 773913 864921
15 10
343803 690919 403016 510926 169345 418369 566440 469490 712187 180363
927659 598324 300330 558962 578162 640487 761762 520351 816686 521811
489073 397781 403016 470828 636009 600104 427875 469490 528473 626407
211237 397781 96322 249340 169345 87294 566440 225963 266134 130622
572339 879107 468420 558962 582360 463625 761762 520351 816686 651674
200548 342193 28944 104420 96172 83172 428009 89445 210522 123628
211237 296144 96322 150962 96172 100439 55793 100808 41939 17499
933801 879107 468420 749189 636009 640487 484019 763536 712187 712528
343803 342193 248367 249340 169345 418369 415571 398675 266134 263426
226733 598324 248367 510926 611370 276839 754085 372914 600078 365465
572339 534986 468420 600203 753316 640487 566440 520351 816686 712528
572339 879107 468420 749189 753316 463625 761762 459753 816686 521811
572339 690919 927643 749189 836234 600104 761762 921310 712187 712528
226733 94110 183415 72212 96172 396518 383680 285988 41939 130622
39068 86407 96322 1257 47108 332422 55793 225963 28265 17499
15 4
6 7 8 1
6 7 8 1
6 7 8 1
6 7 8 1
6 7 8 1
6 7 8 1
6 7 8 1
6 7 8 1
6 7 8 1
6 7 8 1
6 7 8 1
6 7 8 1
6 7 8 1
6 7 8 1
6 7 8 1
16 2
356 383
936 950
475 462
104 141
378 404
84 74
693 647
549 477
89 48
596 593
320 341
694 687
925 934
988 977
8 0
990 1057
11 10
589506 262739 730500 751765 811976 602480 689047 555236 762137 579799
529055 7395 185206 277466 78299 351577 103880 288069 145221 231968
68348 20965 323553 277466 359070 5101 357315 19381 702336 48385
634838 672284 736291 888355 935995 364866 607137 796259 762137 827320
589506 391836 116235 147633 195267 52301 337077 288069 145221 579799
128761 262739 29611 679779 359070 731219 541817 288069 145221 121350
68348 20965 185206 707395 663719 151363 541817 19381 575943 34288
634838 391836 736291 888355 935995 990887 639203 555236 762137 827320
634838 675368 849029 679779 702219 499477 689047 737205 974140 877093
482814 20965 323553 707395 195267 52301 357315 19381 466013 159835
128761 20965 185206 147633 663719 393153 337077 19381 466013 159835
15 10
483407 190026 74688 108258 282546 71183 608517 676309 315202 273571
420321 719047 559747 663695 583720 651986 162249 720437 700552 590066
872524 719047 504841 474920 219518 765954 859896 41500 633949 698150
831705 190026 74688 663695 583720 464414 608517 541029 315202 63081
247201 315360 559747 437892 282546 464414 22948 190976 295468 421125
483407 516944 74688 200781 61638 687841 453637 3992 315202 336417
45964 190026 504841 120042 87100 89223 209543 166086 286760 273571
483407 315360 559747 474920 87100 651986 73592 166086 111750 241620
872524 516944 559747 264411 552593 89223 859896 720437 700552 772881
183129 315360 74688 30863 219518 228359 22948 190976 213764 403586
872524 719047 983062 663695 246395 765954 859896 720437 315202 273571
483407 719047 290106 264411 583720 464414 248814 494218 213764 698150
247201 161493 19955 200781 560023 228359 248814 424622 101654 9506
483407 516944 983062 474920 583720 765954 209543 720437 633949 549798
247201 719047 536485 200781 282546 931305 693728 190976 315202 590066
16 10
46703 566416 21011 152992 300139 22865 360072 249549 5591 38893
288710 776745 342890 551453 915359 825693 509684 788147 534241 226098
46703 238855 97304 152992 142983 26424 199284 22462 31166 6419
281063 14553 97304 332820 320845 33103 76283 249549 495099 165140
698046 776745 342890 551453 754354 493733 566550 628682 828668 389058
432199 668805 653415 551453 542337 557028 542646 788147 715161 165140
371582 715743 751617 551453 754354 493733 566550 788147 874594 677118
19957 238855 53175 93255 320845 33103 5462 73175 196859 38893
915218 715743 212912 375248 915359 825693 509684 445304 715161 389058
961786 776745 751617 497982 371525 557028 566550 556796 874594 677118
604284 776745 147359 497982 754354 801046 360072 767980 653361 389058
698046 715743 147359 497982 754354 557028 566550 575255 828668 389058
222092 566416 97304 93255 215152 374920 237373 249549 495099 7314
961786 736527 653415 551453 976991 557028 566550 422955 715161 624470
288710 650532 751617 455771 542337 492547 542646 628682 653361 677118
163876 566416 21011 152992 371525 412879 76283 73175 156972 38893
12 10
933442 198735 720175 875899 930457 980061 656928 774366 596752 717881
482519 60358 70535 97933 413992 199719 418501 26979 141921 575449
70953 450603 206500 252487 280560 199719 229589 374685 245842 222071
203385 198735 122393 252487 109151 199719 574699 277452 141120 16082
203385 450603 164001 97933 413992 473708 418501 545653 329767 676190
928305 816227 598109 875899 708055 473708 791830 545653 596752 717881
482519 670849 206500 29117 127932 26937 656928 374685 454854 87048
203385 138114 206500 252487 280560 199719 346982 374685 454854 105752
933442 350872 720175 589266 930457 766985 599441 739556 245842 993675
94647 138114 12145 813820 127932 26937 346982 177780 329767 105752
203385 20564 598109 589266 658880 473708 192501 545653 454854 362746
341700 816227 720175 832387 708055 621939 599441 774366 846720 717881
12 10
972780 420076 713912 948964 399213 669731 729982 818970 545037 399868
710490 26149 10780 100357 248325 133113 247343 287917 89518 101001
51059 140246 359241 148305 135156 105962 247343 125273 89518 147967
333795 366758 264075 148305 200450 133113 81036 125273 89518 55258
826526 804582 905121 948964 399213 689543 729982 557985 545037 399868
826526 614760 859789 148305 257428 439410 727898 818970 827707 746524
419114 140246 359241 89005 207969 133113 340871 287917 508436 153070
948208 440052 660684 506590 362120 290059 825804 706166 620358 716115
803117 440052 841864 506590 399213 795647 825804 557985 603088 746524
992897 808527 507951 673390 399213 899737 545497 706166 620358 399868
972780 808527 859789 506590 324403 290059 340871 557985 462993 988639
734035 440052 713912 948964 399213 439410 545497 706166 827707 243605
12 10
7186 146846 165813 26814 114686 113651 138917 23391 67093 87398
523237 721206 798030 407088 293969 888755 359207 369774 186766 514990
591616 457686 798030 410120 440432 888755 182614 508593 372890 777455
254057 824440 798030 330064 440432 612637 370666 725269 372890 584210
591616 721206 718892 410120 440432 346886 370666 941948 631454 476397
187979 146846 165813 330064 114686 309252 323950 23391 67093 312629
187979 146846 160536 26814 947 103319 68294 23391 48937 312629
523237 364442 718892 263448 440432 663090 252644 725269 186766 584210
254057 364442 798030 410120 990214 692202 370666 662802 372890 777455
591616 457686 290030 410120 293969 461355 370666 377507 631454 514620
31704 80076 37476 26814 114686 113651 138917 23391 67093 130854
591616 364442 988765 410120 440432 692202 370666 941948 186766 584210
5 2
4 1
4 4
2 2
1 1
5 4
12 10
117097 194966 760376 600315 380646 223390 120670 167406 355589 306990
471122 492103 21741 40791 224779 223390 204930 75921 355589 306990
903458 829311 810611 966672 781551 484163 767155 886997 450975 766713
117097 194966 402511 24825 402296 223390 180502 551559 450975 306990
471122 123805 21741 560260 11888 166741 113229 167406 272730 150214
471122 484779 150359 40791 402296 212357 198708 167406 450975 306990
698524 194966 150359 9320 11888 223390 204930 75921 229279 150214
790199 829311 402511 966672 402296 867019 767155 886997 450975 496015
704063 492103 324235 612713 11888 7542 204930 167406 355589 150214
903458 585067 918712 665826 781551 365627 426620 632312 777293 496015
641987 829311 975186 787986 910631 725353 453646 632312 734890 766713
769254 602023 760376 787986 910631 603835 453646 632312 734890 465222
16 5
540632 85981 193150 875383 693872
540632 302692 193150 55469 24931
92241 302692 48883 305104 24931
317766 302692 193150 55469 24931
658969 302692 193150 305104 24931
962847 85981 724921 565745 693872
883379 721014 724921 700749 693872
658969 302692 193150 530872 24931
658969 85981 844870 875383 693872
92241 85981 844870 745601 693872
66973 302692 48883 305104 24931
883379 721014 892262 565745 693872
317766 85981 892262 875383 693872
883379 721014 892262 565745 693872
27554 67855 48883 16554 24931
463954 302692 193150 55469 24931
16 18
214 25 183 127 133 126 172 253 24 296 198 87 110 287 109 83 89 179
555 203 394 622 233 619 615 300 559 728 415 247 213 385 358 515 223 492
658 900 797 924 799 852 856 636 769 968 510 499 306 655 793 667 495 714
286 176 276 151 197 221 349 346 76 313 415 210 149 367 133 92 346 437
658 900 495 453 459 347 684 705 559 878 752 900 645 655 181 477 733 987
287 178 316 161 193 456 349 253 233 258 220 222 149 210 181 477 89 305
379 423 183 265 339 456 233 346 396 296 654 134 149 184 502 117 346 497
214 423 394 161 202 665 172 128 559 117 605 247 68 287 358 398 231 484
963 670 495 622 672 852 349 636 559 313 852 148 645 655 557 227 570 806
128 1 119 118 131 117 63 22 18 20 191 3 2 43 52 23 10 14
379 306 495 453 925 665 684 705 559 333 752 653 645 962 793 667 788 688
555 670 797 924 896 852 185 619 769 878 973 653 213 835 980 667 346 690
287 306 394 371 437 279 628 619 233 566 510 499 213 385 147 227 495 539
658 842 797 371 572 852 856 925 769 269 752 722 345 385 793 515 570 855
555 924 394 924 837 456 684 346 902 333 852 222 345 385 557 117 788 710
131 670 797 924 747 336 684 925 478 728 752 247 556 835 980 667 346 734
11 10
134873 409330 228501 14523 56732 184156 173812 360260 22417 196712
60198 16700 292408 254019 486544 184156 540946 89788 444122 282999
211650 250154 382079 78301 486544 87537 540946 89788 236123 342813
686079 968613 756642 254019 619235 625904 915722 530320 538978 583355
686079 855531 382079 626437 761352 625904 915722 714736 957144 583355
211650 409330 270204 254019 392538 184156 173812 360260 22417 342813
867777 731847 756642 626437 619235 625904 662497 530320 536051 583355
867777 821498 283143 626437 619235 959969 904848 714736 350911 583355
554248 409330 382079 78301 109737 184156 111904 360260 350911 282999
554248 250154 351250 254019 392538 37883 307834 360260 350911 342813
867777 731847 756642 961186 810947 625904 915722 714736 538978 881772
16 10
86471 383324 250180 105604 608920 364054 468466 29069 104946 778799
86471 354187 221003 356796 127203 132492 1213 24447 473364 57490
456332 721668 250180 678680 184705 82604 64535 89591 158405 182683
456332 354187 665822 17423 184705 132492 336760 212799 42708 235047
456332 383324 250180 356796 639944 728424 242956 60350 158405 107987
584368 895010 664297 678680 912008 870641 561532 60350 158405 791744
584368 721668 993581 922145 723716 728424 921537 862913 957566 813198
983863 383324 841350 306544 608920 364054 921537 461755 158405 550488
86471 383324 250180 105604 127203 132492 525790 89591 104946 14211
777309 895010 665822 581249 184705 728424 221268 29069 982758 235047
404044 303515 947606 895311 167104 439893 85824 461755 407060 550488
777309 674781 665822 678680 152849 439893 921537 212799 957566 235047
777309 775813 978898 356796 723716 132492 561532 909074 473364 550488
86471 383324 250180 105604 458845 98293 85824 89591 117476 107987
777309 895010 665822 895311 443617 439893 561532 209765 982758 813198
777309 983755 841350 678680 912008 870641 561532 461755 472525 235047
16 2
99 87
36 6
56 64
26 45
51 51
0 12
36 95
16 37
3 29
28 48
36 95
64 67
13 32
36 6
79 81
74 79
13 10
269734 589005 377470 397262 215372 100362 221076 467757 571124 371044
563240 928146 579577 181463 347978 878583 500163 563207 571124 972793
269734 589005 58228 89100 215372 165538 390151 55829 478096 623415
269734 18392 189638 181463 347978 165538 196063 55829 478096 131381
181139 38275 430799 353153 22744 42882 500163 563207 422967 131381
563240 159962 774510 829959 672091 217688 500163 797034 571124 315149
230673 159962 430799 829959 347978 217688 866021 55829 691233 623415
269734 159962 774510 397262 943282 217688 660339 797034 571124 600224
4055 38275 50686 353153 215372 217688 221076 563207 402868 371044
563240 928146 430799 829959 347978 143529 654977 797034 691233 596621
4055 38275 26786 181463 22744 42882 660339 46922 571124 371044
563240 159962 579577 397262 672091 878583 866021 797034 571124 623415
563240 701868 579577 809083 672091 217688 492850 269174 691233 623415
16 3
427 402 347
24 13 5
962 996 961
196 215 204
36 46 11
289 360 292
682 633 661
435 418 479
540 520 497
370 363 359
552 508 555
3 44 27
719 692 755
100 112 161
886 850 841
789 776 767
16 3
911 920 894
185 180 170
774 840 795
58 78 61
73 57 70
862 842 833
444 432 439
730 762 792
125 154 180
855 839 891
828 835 834
776 678 694
452 466 475
128 119 170
230 209 161
14 0 0
16 11
373 376 336 322 334 287 291 255 279 228 193
456 453 390 377 368 411 439 510 476 425 441
189 171 158 163 162 154 158 162 155 166 166
672 698 683 709 724 761 734 740 751 757 741
936 934 938 933 930 928 922 922 930 925 918
913 902 913 920 929 920 909 915 907 905 901
496 449 462 441 399 370 407 394 440 474 507
455 427 342 412 467 473 410 375 461 436 504
77 62 61 55 62 38 35 43 45 50 75
391 394 409 396 358 358 331 318 355 317 321
82 100 81 64 56 73 56 59 42 47 52
363 391 368 366 337 382 407 382 365 397 359
849 869 920 909 862 814 822 855 847 811 800
308 366 338 352 409 438 468 451 445 454 414
555 565 544 581 623 584 554 596 620 592 634
533 537 587 513 490 503 416 378 362 363 312
13 10
228643 168567 7065 363929 111403 119190 92623 94426 172501 6116
571924 769525 469322 595026 537299 944380 686673 603164 175918 907816
213981 803487 700810 82269 612209 741387 338762 603164 267623 236531
571924 707671 700810 595026 348986 944380 442685 414880 348621 503122
333169 249378 336368 443221 313059 119190 353342 299916 267623 236531
333169 707671 7065 82269 348986 6831 651975 299916 171615 503122
333169 803487 609305 595026 612209 600171 792168 299916 584174 907816
794938 276326 700810 595026 631824 741387 792168 603164 584174 369676
794938 803487 700810 437608 537299 416061 792168 414880 434830 907816
228643 803487 609305 595026 631824 944380 686673 493900 434830 369676
333169 276326 336368 443221 300624 377344 348114 414880 175918 236531
571924 647819 469322 562180 348986 741387 353342 493900 267623 503122
571924 769525 469322 595026 631824 600171 442685 603164 434830 503122
15 10
182507 560483 682438 533676 284455 666650 133849 313802 894651 127468
717043 27751 87217 214577 574672 270368 272355 589943 93102 127468
892701 282786 422864 964465 710231 454193 586498 667475 121486 270371
251377 560483 422864 147976 597360 97861 59067 27824 492235 25149
892701 452932 624900 774516 860347 767689 586498 979765 754793 957851
354645 788804 778997 774516 654323 689738 586498 417418 959316 270371
354645 788804 422864 988405 990199 767689 586498 518784 816738 534186
892701 252046 422864 661219 710231 454193 736379 667475 729639 959781
717043 932384 778997 992685 842815 767689 106237 187847 910046 959781
354645 487610 624900 533676 284455 454193 272355 518784 318345 127468
251377 385746 87217 214577 597360 666650 106237 417418 318345 25149
892701 932384 965547 661219 654323 619576 586498 667475 910046 994238
717043 760539 422864 964465 896396 767689 736379 602307 754793 534186
354645 27751 87217 533676 284455 270368 736166 169387 318345 25149
717043 385746 403028 134690 45785 454193 44166 911067 492235 534186
16 4
409 345 348 349
386 441 414 427
40 7 45 24
778 804 864 858
950 985 991 1022
583 611 590 566
505 464 428 467
313 342 292 323
247 228 218 206
265 270 280 275
797 820 817 822
783 815 782 766
477 499 514 465
762 787 777 755
865 930 980 1069
93 144 157 216
15 17
961 966 835 968 923 968 1000 946 934 992 945 921 980 813 962 968 991
847 784 371 488 713 876 552 607 738 834 369 704 770 713 834 756 718
343 586 111 488 333 625 253 334 275 50 635 648 541 324 229 326 398
630 690 666 713 782 729 420 450 592 929 734 700 768 725 834 663 741
343 206 113 325 333 625 420 466 275 279 140 648 639 589 480 708 234
686 444 301 237 333 162 134 607 279 398 140 107 541 228 229 637 227
916 816 686 720 836 906 877 793 796 986 895 875 793 729 866 823 965
953 784 666 565 782 625 964 883 796 977 830 875 938 713 834 836 796
583 586 111 269 575 469 33 334 592 198 140 281 768 228 480 326 290
583 152 371 325 48 446 253 90 448 419 635 338 719 228 229 637 225
847 690 432 269 713 185 552 607 738 734 774 704 639 589 628 823 462
141 152 301 41 333 162 420 250 592 603 140 281 541 228 229 637 1
583 631 432 225 736 162 33 250 275 120 140 107 644 228 480 326 385
916 586 432 488 575 469 877 710 738 801 734 648 768 324 628 674 479
686 152 301 237 48 162 274 450 275 568 734 700 628 378 480 637 185
3 4
1 2 3 4
2 3 4 6
6 5 4 3
14 10
240628 54734 475523 50099 389325 286142 262006 249165 171915 531068
812308 549082 562549 68888 168643 815182 217999 579017 222670 369839
429627 531378 805558 302202 960546 692820 603873 598311 816559 703103
404893 203288 136320 177334 235865 324890 256312 249165 11627 531068
552006 549082 805558 577107 960546 815182 378825 598311 411156 956976
429627 549082 562549 577107 906051 404628 603873 33047 697612 956976
18888 203288 21832 68888 235865 324890 262006 13181 11627 369839
422756 325801 403042 293134 168643 215983 262006 249165 171915 369839
812308 549082 562549 448925 596024 511180 603873 598311 411156 703103
746588 470100 805558 448925 389325 815182 407927 887821 222670 703103
422756 172665 21832 56155 39770 215983 67162 249165 60398 23640
812308 446703 482934 577107 596024 404628 378825 598311 411156 672002
946372 470100 320912 370363 596024 616323 603873 487788 816559 703103
36764 54734 136320 56155 39770 309286 196924 249165 11627 42757
13 10
306338 190904 372763 712509 710863 825795 731398 696489 422360 798951
125198 33194 546045 233570 424044 15803 325202 125345 6700 746428
713 355478 328095 299227 305053 582748 813636 149381 7978 61266
337170 355478 372763 712509 710863 15803 520040 678347 657532 748382
337170 145947 55020 74964 398950 268234 731398 645282 211657 61266
125198 591216 789464 712509 710863 783116 882218 575786 421859 748382
585014 591216 546045 84072 424044 456119 813636 696489 691711 798951
585014 864239 861954 712509 413938 825795 461780 645282 691711 792506
337170 591216 809082 501569 273070 821489 160953 139680 211657 5421
337170 591216 55020 299227 305053 456119 91137 149381 422360 61266
585014 864239 235305 712509 424044 818091 269218 696489 685283 599725
125198 133907 328095 501569 70279 783116 520040 658544 7978 599725
585014 190904 861954 299227 710863 582748 881631 575786 7978 798951
16 10
212603 32772 84702 292374 165030 58002 305891 295753 28565 482964
573560 612149 435152 639696 697063 907818 730901 627803 708215 720784
11855 328812 84702 250836 408723 52761 451503 107646 215687 535313
175910 928122 948253 319471 832070 58002 523999 722828 741967 633627
861355 201313 459022 639696 697063 619810 730901 722828 317235 535313
573560 895183 459022 437191 604468 619810 730901 699229 614675 482964
861355 761086 977718 639696 604468 763024 838875 541265 614675 720784
493743 137961 51416 50410 297083 388957 310437 107646 317235 395003
212603 486937 774223 430529 344130 763024 960206 722828 708215 633627
573560 761086 671588 437191 825730 273630 523999 722828 612493 720784
573560 546298 686401 437191 408723 388957 730901 487842 95336 633627
11855 32772 180722 50410 312311 265166 350412 487842 134797 395003
493743 761086 435152 319471 668088 388957 451503 627803 215687 720784
11855 201313 180722 105159 90221 273630 45626 295753 73514 392289
212603 486937 51416 105159 90221 58002 384987 619284 134797 240772
861355 536551 459022 639696 694325 907818 868491 699229 741967 720784
16 12
239 552 392 658 139 670 442 638 564 273 426 457
485 604 459 339 413 567 197 429 92 482 200 420
229 181 167 262 52 113 118 340 60 58 309 378
651 714 871 959 733 837 724 755 674 800 708 796
986 996 994 995 741 923 800 993 949 963 920 910
256 552 698 272 139 614 197 403 317 476 432 457
91 126 98 63 12 28 110 56 35 8 31 96
485 552 698 339 306 379 197 407 92 672 432 719
256 675 392 714 619 630 505 340 199 333 200 244
115 167 133 522 52 283 412 132 92 125 168 102
244 181 392 80 33 259 144 138 60 101 168 102
246 675 459 658 139 698 442 437 199 219 309 184
246 181 167 231 302 104 144 138 60 9 159 234
651 714 698 841 732 898 724 761 376 886 407 457
740 868 868 714 306 918 505 761 674 926 780 796
740 714 871 522 619 732 724 437 446 751 788 796
15 10
850829 775476 265083 427004 615803 505668 390446 970908 775219 793785
850829 775476 558036 542580 694806 505668 578927 735618 775219 482474
873551 340836 265083 321147 694806 388653 578927 308380 775219 417227
964174 664482 558036 542580 831585 817764 578927 254423 775219 697853
177307 288515 235939 207984 576341 250782 220819 254423 653804 297227
873551 775476 265083 427004 766169 505668 390446 408394 775219 793785
784359 775476 558036 321147 831585 505668 578927 762916 655141 319978
784359 664482 207499 542580 771678 505668 373690 654447 655141 697853
850829 763908 558036 542580 831585 817764 373690 735618 775219 482474
17824 118389 87603 13478 195814 50719 44747 72736 113473 89551
28093 55877 49917 25401 74081 56281 90931 100524 92519 20212
177307 429485 192072 321147 576341 416629 220819 242862 623254 417227
961995 353507 486886 542580 831585 817764 578927 500947 655141 793785
154678 274985 169508 108979 515179 235877 182037 221498 583761 288790
91848 207738 133860 35467 404959 137806 147706 206494 325782 240694
14 7
142428 123857 139785 122891 142741 138564 150429
71201 52630 68558 51664 71514 67337 79202
50614 32043 47971 31077 50927 46750 58615
66709 48138 64066 47172 67022 62845 74710
93120 74549 90477 73583 93433 89256 101121
102241 83670 99598 82704 102554 98377 110242
130876 112305 128233 111339 131189 127012 138877
166515 147944 163872 146978 166828 162651 174516
84565 65994 81922 65028 84878 80701 92566
42297 23726 39654 22760 42610 38433 50298
34699 16128 32056 15162 35012 30835 42700
122465 103894 119822 102928 122778 118601 130466
154009 135438 151366 134472 154322 150145 162010
113533 94962 110890 93996 113846 109669 121534
16 5
399 386 355 378 347
450 432 495 562 496
165 161 183 169 243
663 690 704 706 762
711 720 724 731 721
290 296 344 299 313
65 73 86 99 95
775 726 670 689 637
948 924 881 812 813
360 394 345 335 348
997 991 952 936 953
659 666 631 645 648
354 370 381 366 367
241 277 224 255 314
71 59 55 48 43
740 727 748 720 702
16 6
28 44 83 15 35 33
180 181 168 162 171 167
677 684 675 681 732 718
796 777 765 733 722 751
33 34 28 7 0 0
319 290 252 272 207 201
443 410 455 379 305 329
250 259 301 234 267 326
359 342 337 356 334 343
270 230 198 176 192 196
237 230 216 224 240 250
392 451 477 506 523 557
191 244 228 243 230 184
986 1018 1048 1065 1057 1065
837 871 834 812 845 843
655 660 661 659 649 640
16 8
491 511 549 583 624 618 623 623
961 1030 1100 1108 1091 1156 1154 1219
984 973 959 945 935 937 947 953
668 702 685 660 647 633 625 623
648 658 639 652 635 655 657 658
108 81 31 73 21 1 33 91
314 276 293 330 346 345 329 303
0 43 0 0 0 89 65 97
453 462 452 432 408 446 413 375
471 458 450 428 475 514 568 584
120 137 154 179 228 152 221 143
642 650 654 646 630 639 620 614
716 773 691 729 754 673 632 601
784 754 756 741 773 802 873 933
498 498 508 515 504 498 507 503
428 447 499 538 507 526 498 538
16 10
364927 5130 573555 122760 362098 26580 354637 7517 304310 89844
364927 49258 249043 135255 334910 675515 217129 160402 536566 123256
620801 598887 974841 861230 651797 935894 758822 418377 847320 886112
194958 62248 573555 135255 362098 533424 357162 160402 7167 123256
748411 710209 873247 598409 536407 935894 758822 564743 693094 679822
364927 62248 383560 135255 163724 215032 357162 160402 536566 89844
286533 23648 249043 247375 10426 675515 113186 105284 5603 123256
974015 607360 873247 725828 651797 935894 597078 528732 847320 886112
620801 75761 2413 122760 362098 369660 51388 418377 304310 222888
748411 607360 634590 598409 651797 533424 758822 564743 596473 679822
364927 75761 383560 255773 433036 26580 113186 143166 7167 330176
56022 390493 435451 255773 633672 671959 73084 160402 799350 330176
620801 322901 634590 63764 433036 9280 357162 418377 304310 222888
748411 710209 873247 669969 433036 675515 597078 564743 693094 679822
748411 710209 847569 669969 651797 935107 597078 564743 847320 531364
686652 390493 801895 255773 536407 935107 758822 564743 596473 531364
16 2
601 579
716 713
704 735
941 970
212 269
308 315
534 548
180 232
568 510
817 803
552 612
163 153
618 594
916 951
60 21
46 70
12 10
823230 717714 899536 865728 385708 379552 702129 670651 366609 899679
749427 448712 567860 645620 286301 379552 702129 914502 876314 619776
839441 796805 465529 645620 737490 379552 702129 503076 189683 619776
932768 549464 567860 645620 385708 882814 578588 503076 366609 482714
447314 171938 120242 192885 31225 38274 200369 102968 35035 184230
344238 171938 120242 192885 31225 38274 75622 121795 122662 59192
932768 448712 567860 468402 716786 324168 540164 164573 136119 482714
932768 796805 899536 865728 385708 882814 702129 670651 935662 619776
631988 717714 424586 865728 737490 324168 578588 503076 621900 344404
68902 129717 39654 443810 69035 38274 182449 164573 152987 335731
447314 129717 120242 192885 69035 7261 200369 159899 35035 59192
839441 796805 567860 468402 737490 379552 526575 808311 189683 915290
15 17
352 676 889 459 667 414 950 725 512 602 657 771 666 375 747 674 365
893 772 568 356 264 369 880 725 775 615 417 520 750 838 967 674 860
719 772 699 459 667 848 397 408 959 999 859 771 750 838 580 363 860
893 772 699 459 667 556 602 721 763 773 314 771 393 838 866 363 860
296 287 629 230 287 216 166 262 512 282 153 166 393 124 448 244 631
352 676 568 232 425 414 199 262 512 521 84 372 290 531 123 326 266
300 275 334 232 218 310 71 408 287 259 370 166 550 271 580 337 266
125 287 334 62 218 216 23 204 435 204 47 166 117 375 36 164 170
125 271 314 207 164 184 14 204 280 35 84 134 207 94 123 177 105
719 772 889 232 425 414 802 408 731 710 417 520 666 531 967 674 860
296 411 568 361 287 310 266 262 731 538 153 372 393 815 448 177 226
300 622 699 372 952 848 432 725 763 815 314 520 550 838 726 363 266
662 772 629 281 952 848 581 552 675 775 417 771 910 554 747 363 365
352 411 887 361 667 794 721 725 675 766 657 520 534 375 580 292 860
79 187 165 20 77 34 8 66 32 9 39 38 54 32 0 32 55
14 10
104684 634103 57429 30068 924178 982327 471566 531794 690155 156365
589657 197598 550917 570451 924178 166166 804463 710720 374832 508522
104684 352073 191284 359494 210366 44201 671775 531794 437240 49661
589657 892706 550917 269219 210366 430804 346996 710720 437240 633564
104684 66626 90712 434546 386554 44201 346996 115295 11746 269396
75294 154434 191284 269219 903594 278398 471566 115295 3786 633564
540376 276173 427499 434546 386554 462301 566506 173609 554835 347818
416462 634103 550917 570451 386554 278398 804463 674171 690155 60863
540376 426231 371776 63148 32265 221187 346996 68697 11746 662210
37164 276173 57163 1307 210366 841779 177146 173609 554835 82605
103402 634103 261509 570451 924178 462301 804463 173609 11746 662210
589657 545207 550917 269219 210366 462301 566506 531794 690155 973235
416462 634103 427499 63148 32265 278398 24823 531794 374832 347818
589657 575780 550917 570451 852417 841779 741785 710720 690155 633564
16 3
383 352 313
898 917 982
209 199 218
650 654 652
816 803 774
680 714 718
135 152 180
229 214 228
880 836 846
173 208 234
630 590 556
722 726 730
179 169 172
868 863 871
692 668 709
276 277 255
16 4
326 391 350 318
408 423 381 353
218 160 137 180
608 606 591 578
109 47 73 113
640 630 619 621
140 58 5 0
424 440 411 401
755 767 755 764
486 478 482 471
385 413 426 497
586 620 601 615
498 511 494 477
621 640 661 652
106 162 157 114
531 499 485 485
16 3
549 564 607
273 277 292
243 251 256
783 770 777
126 138 133
591 591 594
656 702 675
66 30 0
961 991 964
198 222 205
401 389 404
789 806 765
663 669 670
811 779 773
346 353 302
409 396 372
16 9
895 976 1033 948 1010 960 1026 1084 1015
707 725 654 625 538 610 517 579 569
835 818 798 801 799 819 846 857 833
78 71 38 74 69 52 46 42 44
969 981 983 970 982 1005 1017 996 997
669 735 738 668 700 625 647 651 739
208 205 215 191 164 135 157 134 123
798 816 815 844 747 839 817 912 883
843 835 836 847 854 844 832 818 811
971 889 821 817 862 789 755 755 821
938 948 940 913 900 886 860 844 886
965 875 940 914 929 855 886 890 866
354 328 327 363 332 288 259 218 196
391 458 471 513 560 622 622 568 591
945 978 952 1002 912 886 978 1068 995
220 239 236 230 220 222 240 213 177
16 10
241129 222202 820863 478139 388257 40015 215492 224174 403693 9469
131315 22266 14168 660002 390041 499456 419483 82427 139823 259356
131315 677821 142917 87779 390041 5504 95072 823604 83912 41104
616317 755901 272340 272519 743736 33305 424321 932240 614049 194960
500317 417694 709609 746945 27912 418968 737665 314527 761010 259356
616317 177990 894059 746945 900687 518472 539426 506449 139823 936805
271946 141215 709609 272519 743736 499456 334800 224174 29118 259356
42352 699660 1198 107615 27912 40015 737665 224174 29118 41104
94037 699660 709609 660002 743736 777357 720632 823604 139823 543370
500317 263886 272340 26938 743736 518472 539426 82427 614049 6248
616317 755901 14168 272519 390041 418968 932623 784750 761010 875369
46985 677821 14168 478139 27912 338842 424321 82427 29118 259356
271946 270334 272340 478139 1847 338842 539426 49552 83912 41104
241129 113081 185524 746945 900687 777357 720632 932240 403693 543370
552469 677821 820863 746945 900687 777357 932623 506449 761010 543370
271946 417694 894059 746945 390041 777357 539426 506449 614049 543370
11 10
92996 941323 916580 377173 317842 538520 789549 378313 253075 799729
346757 566042 548889 51350 317842 700378 230021 193381 253075 1627
919799 566042 435371 377173 747379 700378 538737 378313 240560 614619
52007 447346 548889 3382 74949 443485 538737 71959 91180 614619
406200 311433 435371 377173 317842 538520 101818 193381 253075 392864
346757 566042 806970 370509 317842 443485 789549 378313 558603 155046
919799 566042 899290 837024 860416 700378 789549 378313 558603 799729
406200 941323 916580 64907 860416 957332 789549 201715 558603 614619
406200 544375 181080 333470 317842 258178 230021 201715 91180 46514
406200 309268 435371 377173 317842 258178 789549 378313 72356 392864
327982 143574 181080 333470 145392 355 524392 100347 70227 155046
12 10
366756 647422 931473 807291 782442 955427 746711 389129 233023 806954
845626 147939 502923 46783 426711 377366 594128 112824 527060 38475
694230 754514 361179 970916 269995 842228 914035 389129 595700 700638
511513 534726 502923 350652 782442 60343 594128 389129 808014 65072
366756 206927 48823 807291 31266 412750 709196 161976 233023 155670
147038 67993 482101 229964 457039 412750 709196 319843 12905 700638
147038 206927 48823 229964 457039 163286 111355 389129 410815 155670
853747 867093 750145 72516 457039 412750 914035 319843 808014 482149
877537 595394 502923 430515 782442 842228 287569 891572 903408 482149
694230 67993 931473 970916 907780 955427 746711 891572 808014 806954
82813 30197 750145 807291 457039 842228 536735 672056 410815 465361
684335 938815 631470 430515 907780 412750 746711 672056 903408 806954
3 3
4 5 4
4 4 6
5 5 5
16 10
367512 577464 591554 900340 940872 137301 831642 477705 938593 628609
367512 777109 903840 473549 654921 861532 471257 354787 821940 730204
159235 411722 415180 473549 422193 435396 162602 147649 428643 656941
49466 80840 51923 249904 271029 65743 36347 20454 195310 97220
49466 80840 45834 249904 165636 133249 36347 80684 345376 97220
159235 777109 591554 629228 970930 749716 286373 477705 881658 523425
367512 777109 591554 815376 555632 435396 472749 196616 516125 998059
267492 537736 975375 900340 625248 861532 163242 177929 558102 730204
267492 193420 308332 438741 422193 137301 309928 143398 401540 459947
159235 80840 51923 249904 271029 117127 233803 72134 195310 386204
267492 777109 903840 580211 970930 900727 309928 477705 558102 682342
367512 577464 575069 815376 654921 435396 660087 354787 558102 730204
49466 80317 35937 183601 200931 65743 36347 20454 119939 274157
265974 577464 565468 571835 555632 613727 831642 435630 516125 682342
367512 577464 591554 900340 654921 900727 660087 477705 558102 523425
354285 411722 359623 580211 654921 900727 660087 477705 797340 628609
11 10
23570 262805 15601 432499 628412 260879 752465 157444 691737 111926
478030 595446 438860 434561 738849 541756 515271 399206 691737 369176
360214 595446 963361 225345 929533 375481 243318 347154 785145 558741
478030 341594 543231 200424 628412 260879 515271 699136 785145 926625
291392 212423 276133 150052 309300 26017 49173 347778 691737 357851
360214 346359 15613 225345 193649 375481 243318 265002 179766 122287
291392 183618 543231 434561 309300 230796 243318 347778 609042 558741
939186 772711 744344 822920 309300 541756 952339 670955 452218 558741
478030 346359 744344 538447 929533 541756 952339 699136 785145 122287
478030 595446 543231 538447 205117 472728 515271 662578 179766 421466
23570 106334 438860 211342 205117 26017 49173 75579 179766 122287
16 6
915 921 932 929 939 941
142 127 132 132 137 143
307 280 245 256 223 260
331 381 424 454 430 437
951 946 964 983 973 986
725 736 700 699 665 696
303 268 233 265 284 286
975 985 1005 990 971 959
868 809 809 752 723 665
883 931 997 1025 1081 1118
876 853 849 872 861 868
699 665 634 630 591 595
901 962 977 945 860 886
870 938 912 841 830 786
455 441 481 501 510 523
670 682 709 697 701 736
12 10
64270 149501 221042 142409 320829 152255 214633 373399 196808 159082
64270 517240 60310 469340 145056 467566 214633 727840 264210 4496
932674 885026 821265 692160 697832 655051 493165 844215 525649 675406
798343 966026 768132 692160 844714 419510 371339 966581 588633 806141
364337 841533 768132 692160 661660 655051 772912 966581 514430 806141
35765 517240 161715 469340 145056 152255 129673 237032 264210 159082
64270 71240 660455 55613 320829 152255 134178 727840 264210 587549
49299 517240 221042 142409 57533 80767 214633 727840 200896 159082
956672 966026 660455 692160 697832 655051 493165 397318 588633 806141
755850 737477 821265 692160 479032 517450 788589 844215 588633 806141
956672 841533 660455 692160 648282 655051 788589 844215 872765 557450
64270 508303 221042 469340 320829 152255 134178 392870 264210 4496
16 17
60 129 203 285 264 231 195 139 234 151 247 159 179 235 174 170 76
256 259 269 270 264 269 266 256 263 256 266 270 270 281 292 281 295
649 642 656 648 647 637 635 644 657 665 659 656 664 661 648 644 653
105 78 23 0 47 51 53 53 15 0 20 40 0 15 19 27 34
667 687 645 574 609 590 604 546 488 479 483 486 481 426 420 391 339
818 861 940 907 933 888 954 1003 929 918 881 938 1012 1067 1034 1105 1159
441 412 434 406 384 366 412 395 396 356 332 305 337 337 322 280 246
914 954 901 854 896 842 861 873 821 838 860 913 878 879 890 879 880
542 501 449 474 523 520 546 520 554 498 517 574 567 532 564 528 580
836 867 898 885 903 933 966 994 989 1025 1002 1014 995 993 983 1008 992
297 371 334 412 422 323 360 335 316 369 369 374 439 528 464 511 608
469 446 426 438 419 405 411 410 429 408 383 378 370 359 381 361 366
337 371 368 404 394 424 386 386 388 418 422 445 485 466 422 461 449
228 305 332 314 309 371 442 513 501 566 557 514 492 540 581 528 532
821 782 790 775 737 749 778 838 872 906 870 888 947 952 963 1023 1048
678 621 572 548 515 519 486 441 508 573 626 686 663 614 632 700 699
15 10
628402 743260 460678 782819 413602 610899 669350 646353 711176 555791
432195 403981 460678 669751 729057 965025 669350 646353 711176 714317
246410 598929 192599 250606 275287 380578 278591 296163 449739 329882
343970 323591 434717 782819 729057 380578 407496 957056 529327 842516
432195 609636 196657 669751 729057 610899 852483 446327 894596 555791
78760 5445 27014 42636 6938 56473 53522 58304 1403 40498
217924 403981 153938 651750 275287 380578 278591 309376 269302 329882
628402 743260 196657 669751 433713 610899 934260 442126 529327 842516
343970 743260 413405 765449 413602 459123 934260 957056 270248 842516
197072 297854 128492 474566 231514 331451 227898 286822 119973 215034
628402 323591 460678 67450 433713 610899 554661 446327 913794 555791
149320 5445 49705 312903 162077 180605 103121 202656 119139 177264
343970 743260 460678 782819 306837 459123 407496 446327 913794 842516
149320 220940 78069 67450 84239 98087 54967 184820 57602 96663
432195 609636 196657 474566 729057 459123 563311 646353 456163 714317
13 2
6870 7412
7654 4790
4790 7654
1975 1493
8642 4734
2109 963
1493 1975
7412 6870
963 2109
1580 1580
9474 3974
3974 9474
4734 8642
15 10
788849 833120 296841 862630 779790 869634 614712 592911 594078 611705
788849 833120 724566 398835 564054 869634 328203 775744 928608 372343
788849 631533 296841 486244 853127 382247 897942 421070 756503 611705
384532 170190 1155 84638 92188 374419 70449 191819 77760 68379
384532 134800 17646 6797 109376 53461 268714 260313 261120 11833
384532 182052 17646 111377 92188 280622 70449 191819 361978 7701
788849 293373 571537 273190 779790 755042 897942 263005 846957 611705
614733 833120 762957 954921 564054 869634 614712 263005 935525 270363
702883 631533 571537 954921 393399 612744 379104 592911 771268 468641
319785 182052 17646 44768 109376 301124 9263 33884 361978 68379
788849 833120 571537 425824 853127 755042 614712 775744 935525 468641
614733 941410 762957 160083 779790 612744 614712 263005 594078 611705
384532 236600 17646 44768 8383 294167 239966 70496 307198 68379
553199 833120 762957 486244 283764 755042 897942 728857 928608 611705
607930 293373 488738 486244 853127 612744 614712 421070 846957 611705
16 5
21 40 70 96 105
835 858 878 870 864
211 253 230 230 240
164 191 221 240 219
261 228 185 187 220
362 293 267 348 441
638 632 648 641 653
421 443 443 454 421
649 603 605 606 577
447 452 478 457 449
785 839 875 866 869
336 294 347 297 247
422 407 426 414 391
952 923 906 867 851
763 813 816 775 768
146 214 154 90 169
16 4
31528 399261 111105 780627
600493 662370 853041 282468
31528 13817 447507 145373
600493 860103 783347 282468
31528 524819 447507 780627
31528 399261 111105 145373
31528 13817 111105 145373
600493 860103 853041 282468
31528 224712 351807 780627
31528 224712 8682 780627
31528 13817 447507 780627
600493 709777 896552 282468
600493 702153 896552 282468
600493 524819 935506 282468
600493 837638 896552 282468
600493 662370 536192 972670
12 10
105777 109461 451131 173717 265864 5638 289662 4842 171793 232121
218021 509773 811161 337062 592961 329006 900359 206064 510869 845930
828821 509773 811161 786709 460610 329006 600086 634756 683258 668197
828821 509773 811161 173717 460610 329006 806604 634756 792906 668197
432707 323494 661496 337062 674769 739999 600086 634756 879105 822599
745995 509773 811161 894596 276221 739999 560693 877915 763206 845930
828821 508938 459783 706985 592961 854523 806604 983523 763206 698409
277715 109461 49021 168087 26930 5638 168197 6868 171793 638055
828821 323494 741344 786709 674769 669172 806604 461368 472734 845930
432707 251573 811161 786709 674769 739999 900359 461368 510869 668197
218021 70864 83366 274543 26930 159952 138773 206064 171793 192640
277715 109461 83366 6371 26930 5638 19072 206064 141599 232121
15 10
226548 129628 117662 201738 1969 16986 171872 78774 16963 33677
501640 327536 203303 482742 16760 133678 430475 529078 396695 702576
430278 649053 415130 558244 481791 484012 643725 484365 256841 505466
265897 327536 203303 418742 449362 74794 241470 313003 95607 337476
667916 838564 693657 631978 599429 175509 643725 823323 499858 808518
265897 327536 203303 538108 16760 479772 241470 253166 92424 390917
667916 794798 693657 820262 767648 783881 683466 823323 718405 945115
667916 626155 603770 538108 767648 783881 846524 996841 513101 945115
455393 189379 672812 496781 481791 527782 430475 197464 513101 390917
501640 838564 693657 683774 599429 577817 705128 529078 513101 986834
8193 189379 136967 418742 13407 359073 221996 62894 28585 44788
251747 174043 136967 228004 274798 71372 191492 253166 57084 37707
501640 794798 693657 952532 921415 783881 286609 872074 718405 986834
667916 838564 415130 558244 274798 577817 924427 872074 718405 945115
991190 649053 693657 820262 599429 577817 924427 872074 718405 702576
16 3
576 569 542
588 592 575
221 270 240
448 450 455
744 712 684
826 836 852
162 157 135
775 727 672
516 516 452
619 638 648
84 101 126
20 31 42
542 544 597
121 126 163
310 291 290
860 852 847
13 10
113199 7750 79787 1181 211013 37344 17835 131237 89958 95774
153058 177480 427918 64345 227718 563499 198563 189797 215516 248278
781329 980539 875190 853789 978462 815452 603770 418135 633135 516214
153058 19210 179198 444067 301611 145497 187471 418135 215516 326263
781329 980539 875190 853789 799355 712159 570165 974652 763469 958333
655463 535912 917956 694799 897280 717857 572422 639660 356041 885683
127459 15284 132717 81050 238964 120647 132814 151646 154859 248278
93609 818428 748434 694799 678571 277382 353913 744640 633135 516214
153058 19210 179198 444067 301611 92396 328548 418135 215516 227353
655463 436045 954317 507326 897280 865794 601646 974652 633135 866189
293121 405526 554948 112136 301611 704683 353913 970654 356041 326263
293121 177480 554948 807244 678571 186319 353913 556937 356041 885683
487689 436045 427918 694799 865524 865794 603770 639660 763469 638510
11 10
366876 828376 695200 539239 607620 920298 335054 584877 621933 778424
849949 734437 695200 345212 784711 558236 431162 584877 621933 825846
517868 734437 695200 345212 625365 558236 335054 538096 972633 825846
131667 90667 71940 128991 370248 508946 168193 50 154213 754671
78012 257745 646992 128991 370248 121614 30672 284974 72155 351188
200459 213357 337184 128991 83909 121614 30672 100725 154213 465209
849949 257745 646992 539239 625365 934935 431162 584877 932226 778424
268316 90667 542527 24065 83909 121614 203635 167232 154213 754671
268316 483955 71940 128991 83909 508946 30672 100725 154213 465209
366876 828376 695200 345212 784711 934935 335054 476390 762809 825846
716212 711618 695200 539239 784711 659336 675977 584877 621933 825846
11 10
117202 72195 119282 25088 345253 205887 36290 72178 695475 14016
399695 446989 217347 178391 345253 732867 36290 190991 221299 98367
779485 446989 637249 659968 345253 661978 982581 356543 845267 932739
494463 697102 914920 970196 859473 359777 727192 790722 695475 746164
494463 254639 458814 659968 859473 306180 508359 356543 845267 98367
65650 254639 637249 659968 4736 503754 602501 759510 402604 361462
117202 254639 618481 465359 86168 503754 872452 72178 372785 4692
117202 73583 217347 138642 86168 359777 508359 356543 402604 204305
79801 520187 914920 970196 345253 661978 872452 790722 845267 756916
703776 697102 458814 465359 859473 776263 508359 790722 402604 204305
494463 697102 458814 178391 962058 889102 602501 790722 840519 756916
12 10
734662 574029 840842 945025 881419 464988 831049 495641 534131 719869
603376 624496 999357 587686 289189 564430 785382 495641 515082 790168
224564 273282 339628 561584 116780 115758 11525 38844 69055 84467
36149 273282 50796 525708 241204 304424 122242 189078 294249 218421
32345 116381 235275 164501 1485 453724 593050 38844 196545 218421
919837 574029 383304 919633 881419 464988 632073 296726 520736 733169
463327 624496 792422 945025 881419 564430 785382 495641 555152 601124
224564 17419 235275 523700 1485 304424 122242 189078 196545 84467
734662 574029 840842 654524 289189 304424 766831 296726 920863 733169
734662 463499 383304 654524 881419 564430 949329 296726 555152 790168
919837 733212 383304 945025 289189 564430 831049 495641 920863 790168
36149 116381 34935 243794 241204 56054 523657 38844 177130 218421
16 4
734725 500293 898742 856176
62084 500293 68186 546632
861471 500293 68186 280060
861471 500293 68186 546632
242543 500293 68186 280060
443143 24364 400570 280060
443143 500293 68186 973715
242543 24364 400570 274586
861471 500293 68186 973715
172162 24364 400570 523760
62084 24364 400570 546632
191932 24364 400570 86608
191932 24364 400570 546632
172162 24364 400570 280060
24799 24364 24690 9338
734725 500293 68186 86608
16 9
473 508 430 495 566 555 474 513 546
973 955 961 935 910 883 875 856 836
181 211 246 256 315 297 354 294 297
925 921 844 939 1032 952 974 1023 1038
655 655 651 655 656 657 660 668 661
374 352 370 378 385 403 425 440 460
471 429 448 455 411 467 528 536 590
468 396 402 341 346 277 223 204 183
135 111 99 83 134 123 143 201 223
641 621 628 660 682 740 794 771 828
805 784 724 664 642 614 559 574 515
886 910 898 918 931 932 937 947 954
157 208 259 256 319 373 327 385 412
331 332 332 310 300 292 336 323 337
677 720 779 799 799 815 782 796 807
807 786 744 728 684 668 683 649 691
16 10
132431 138504 12562 16635 39414 197186 192145 7413 83372 97593
503490 906178 687691 787036 864904 379201 868810 692843 168250 503544
454200 847263 299369 672711 378973 529905 868810 203428 436818 394469
199424 269146 74537 26596 127464 72358 19470 98020 83372 61893
685068 906178 860276 876877 864904 975020 995095 692843 859346 920312
649734 400890 687691 876877 576068 818485 940962 877414 688379 920312
503490 993171 859878 787036 864904 975020 772605 877414 688379 920312
339904 400890 251704 609155 659974 376247 261789 320706 415313 435281
503490 903226 425037 787036 576068 808108 941442 320706 688379 503544
281771 281723 74537 307648 127464 217733 500206 98020 187922 141054
370969 400890 132764 609155 322983 523080 820083 203415 387236 299402
503490 281723 567056 307648 512444 379201 261789 203428 447376 429983
685068 400890 860276 609155 860447 529905 500206 320706 526149 435281
454200 906178 687691 672711 778867 379201 500206 692843 461804 503544
156452 65228 53614 26596 83156 72358 122772 4480 56968 60143
281771 281723 120353 307648 321564 179233 174033 192105 108703 226603
16 2
799 766
553 579
511 507
542 517
954 883
513 503
571 582
856 877
996 1030
819 850
371 335
638 613
109 68
860 854
840 821
807 806
16 4
701 682 683 686
910 906 877 938
117 99 101 79
403 379 374 394
234 263 280 304
611 670 609 638
385 401 429 443
336 289 277 220
88 62 116 31
610 628 618 606
665 658 663 669
210 220 222 270
849 858 856 907
847 769 686 596
901 897 879 889
323 388 421 486
12 22
75 42 84 64 99 58 42 62 88 79 90 85 58 76 42 69 91 63 34 97 97 99
1 1 16 6 2 14 5 35 2 5 4 24 16 1 8 6 5 0 0 13 7 5
45 26 43 50 24 51 31 56 29 63 59 58 35 28 28 20 8 44 8 43 35 18
33 12 43 63 36 58 31 56 9 15 44 33 62 29 28 41 9 46 11 43 74 22
75 26 43 95 24 66 77 55 98 79 34 85 66 58 52 79 31 80 78 97 35 65
57 42 84 79 47 66 42 85 88 79 90 85 66 48 86 95 9 98 87 82 54 22
71 37 43 50 41 51 31 44 29 51 59 38 35 31 28 34 49 46 17 48 61 67
47 75 43 79 42 15 77 85 88 51 43 38 66 39 52 95 55 80 97 82 74 67
35 42 84 64 47 66 42 72 29 67 59 38 82 62 52 79 27 63 65 48 97 67
75 90 43 64 47 58 77 85 73 79 34 58 66 63 86 88 55 80 53 48 61 67
13 7 31 11 6 15 25 40 9 36 44 33 34 15 25 11 6 32 1 18 13 8
47 20 17 32 6 15 12 39 9 49 30 37 23 27 19 27 9 19 7 18 9 22
16 4
516065 38816 428348 651219
858273 454388 428348 131109
516065 38816 701802 651219
32775 38816 120894 121336
403265 38816 299507 651219
292710 38816 584185 651219
49479 454388 163058 131109
292710 454388 590450 131109
759096 454388 163058 131109
49479 38816 273576 651219
412317 38816 428348 651219
759096 454388 837055 131109
516065 454388 760474 131109
516065 454388 837055 131109
412317 38816 428348 651219
759096 454388 760474 944961
11 8
201468 487302 425841 184080 180202 36409 242246 522073
825937 797102 905614 184080 667736 757278 709105 69237
240649 39506 258978 8394 419161 36409 341789 156705
206150 144261 148343 678353 382333 327601 131480 523689
825937 276054 425841 111712 839039 821808 779931 548101
240649 276054 258978 8394 180421 327601 341789 59273
240649 797102 425841 111712 382333 821808 709105 548101
206150 487302 240279 8394 180421 327601 83172 156705
240649 797102 425841 184080 667736 273737 779931 548101
240649 797102 905614 816813 667736 273737 779931 548101
240649 466185 425841 816813 419161 821808 895602 548101
16 10
350051 293212 44253 34417 161622 251998 238186 110166 200025 47141
820909 887400 569179 668801 553213 357564 514214 760703 880923 704470
350051 887400 569179 668801 865891 749757 819089 846128 304444 520458
770009 761266 430593 539511 836527 969740 724384 835326 385997 704470
39722 67708 328352 119430 268110 251998 277111 278225 110512 171869
555427 887400 569179 668801 815643 969740 819089 760703 880923 675253
770009 540417 569179 668801 973381 856633 957985 869113 947471 520458
443306 293212 328352 85387 217443 251998 238186 145790 211044 670494
487908 426444 569179 305048 553213 749757 514214 498958 385997 704470
443306 67708 44253 152345 444624 89839 14995 278225 222941 171869
130464 119913 328352 152345 268110 357564 238186 278225 110512 87641
753059 887400 569179 668801 973381 251998 819089 867575 947471 704470
555427 654820 557008 329611 865891 607122 724384 869113 880923 670494
197072 654820 187370 329611 729548 607122 514214 679753 94102 171869
52431 119913 187370 85387 460064 89839 277111 149070 222941 483880
539610 753186 569179 668801 968601 856633 277111 869113 385997 704470
16 4
977 970 928 923
491 482 480 465
872 909 857 867
871 933 915 943
665 678 738 724
405 403 406 421
69 38 31 15
104 107 181 135
645 618 619 641
509 500 508 517
169 199 253 264
820 825 784 797
691 640 629 575
33 106 43 0
277 226 305 345
934 908 850 890
12 10
852444 482236 311308 835606 466577 510450 806530 774070 348704 467768
428182 482236 372942 739183 717372 298142 587269 234903 348704 640680
72555 75274 298861 229140 278830 298142 243958 10935 320982 22878
72555 217771 34918 238551 278830 276139 6256 10935 179607 22878
428182 482236 372942 807970 717372 722411 587269 625317 348704 640680
862265 881069 681821 739183 466577 722411 806530 234903 994719 291086
862265 881069 196534 706566 717372 936234 243958 234903 297070 881613
407486 454987 311308 450471 446951 510450 587269 773509 348704 881613
121501 217771 34918 296547 278830 75205 23063 10935 179607 22878
428182 881069 681821 835606 717372 510450 243958 923308 348704 291086
121501 217771 98202 151067 243827 75205 101067 10935 77011 22878
862265 881069 372942 941992 717372 722411 806530 774070 348704 640680
16 5
937 886 913 970 1005
120 113 96 102 126
134 136 85 154 127
147 185 122 79 3
295 270 271 222 195
298 295 292 260 253
649 662 669 679 674
714 705 671 646 612
564 559 561 551 551
708 637 686 728 644
97 35 0 59 56
834 831 856 873 891
346 383 376 317 342
855 855 858 869 913
475 497 530 559 567
999 934 959 960 1004
16 8
167 143 128 108 128 136 114 121
658 634 643 589 566 523 484 407
783 746 726 710 712 765 766 777
445 413 398 413 405 369 390 382
259 263 261 242 249 224 237 220
715 707 745 788 838 795 712 769
974 959 964 941 921 947 947 930
484 456 465 467 462 470 465 494
932 930 940 995 992 954 1003 1020
195 188 201 237 256 222 256 249
514 515 477 535 552 528 535 563
742 769 800 767 795 807 798 790
134 161 96 132 179 175 163 116
747 756 822 798 851 928 881 903
743 727 649 588 656 738 813 762
192 223 261 261 260 283 272 243
16 4
117 160 135 78
120 88 132 146
138 170 229 292
517 555 610 564
682 632 649 641
349 352 350 321
668 705 637 680
152 119 127 97
198 235 277 345
497 543 563 577
507 514 538 533
187 177 181 177
156 135 144 176
766 762 755 743
586 622 619 606
248 324 331 330
13 10
145198 345843 256680 217521 328559 74808 413427 77873 630804 204707
728130 963634 645918 752736 400272 529962 764051 865556 992164 433462
116012 82129 95264 668565 551473 529962 116066 247906 520504 204707
53086 82129 364986 668565 551473 56269 359445 184204 36316 204707
145198 82129 364986 47753 211265 29748 359445 113067 380891 37185
618132 826524 822838 752736 705333 859900 542035 827362 846688 854025
116012 619709 364986 217521 531212 74808 123665 113067 208863 433462
145198 345843 364986 123932 291400 74808 72366 12910 36316 75307
675642 826524 822838 709743 705333 859900 542035 865556 884724 808045
468829 807069 612358 123932 291400 74808 413427 806690 208863 75307
777321 826524 645918 752736 705333 814661 542035 865556 630804 717874
468829 826524 580371 709743 701486 859900 764051 428695 884724 717874
145198 82129 256680 217521 400272 736259 413427 288109 520504 433462
11 10
457826 350697 518499 787884 759371 97928 659265 979061 239588 396808
370360 350697 389757 323778 304421 890024 315400 597474 818624 95693
968734 279654 356350 664917 432857 754794 508722 597474 535244 198268
377156 350697 826688 100977 304421 896294 659265 597474 239588 680656
457826 238582 271012 787884 432857 453995 315400 523601 818624 197167
429731 238582 816676 664917 724009 754794 279805 979061 818624 396808
37818 983222 826688 323778 218045 453995 851554 93483 535244 198268
457826 350697 347058 142505 759371 754794 976975 523601 535244 198268
36175 85280 271012 55857 13337 29799 82848 77517 15016 26445
37818 825106 518499 142505 759371 896294 508722 597474 239588 198268
37818 94938 79861 54041 13337 97928 173522 442872 156650 26445
16 3
126 85 120
725 748 745
202 214 220
846 808 803
789 729 718
386 390 419
996 1025 1098
159 165 247
651 681 666
740 759 782
423 390 395
299 287 286
628 676 670
522 559 522
936 917 947
343 418 337
16 3
71 136 103
223 203 219
333 289 312
341 365 367
107 119 111
579 609 600
892 881 910
644 646 632
856 851 778
834 830 858
700 705 699
478 480 473
272 297 242
79 75 70
125 43 10
893 932 923
16 11
404856 247295 556541 330737 378671 442298 668374 254133 50569 61855 312399
542548 557561 556541 590176 378671 650744 668374 762915 372153 309513 601973
20960 12843 420912 107521 16838 210059 348233 82381 50569 155116 62305
64810 12843 198118 6824 28427 212592 381511 129046 50569 61855 232923
542548 557561 766802 483002 549575 318154 594426 176977 372153 370983 412112
404856 126842 534480 160596 121661 313306 381511 175113 145307 245387 123034
686537 283807 663021 330737 418693 371421 668374 426590 372153 370983 312399
573959 700950 663021 483002 418693 540758 817004 626988 145307 96983 414791
823434 652502 906649 511074 918934 733860 934921 798994 488100 545818 414791
686537 921911 906649 752232 904775 329015 668374 570040 488100 545818 414791
64810 12843 58248 1969 28427 196273 364665 27889 50569 185567 25138
678897 782025 695363 511074 549575 664094 923463 788952 372153 345018 601973
756539 782025 766802 637984 583943 749670 817004 805430 488100 545818 799376
404856 126842 432838 297991 121661 424911 599684 259080 145307 223659 249287
823434 918111 766802 637984 583943 966574 934921 870255 488100 370983 857304
469591 247295 198118 160596 121661 283343 381511 163441 145307 345018 232923
16 12
72544 82020 46216 72674 37645 23618 19450 45962 17818 161180 181276 8012
734509 723457 618449 561286 801200 527859 515374 775881 443953 805069 858002 575980
362151 334832 205275 102296 236248 383081 161160 240643 196553 432686 373709 162472
809144 951636 756972 646037 833553 947430 641277 780906 646756 927681 901297 640201
979944 974465 775431 938826 986443 983134 949425 953734 892890 936745 943635 676767
542728 468164 520239 334720 523889 397395 641277 653602 443953 566590 908543 414815
557435 723457 520239 627457 730842 527859 515374 691161 443953 754015 854068 317866
236242 244917 205275 131089 505741 190596 290731 326856 196553 376693 538984 73353
672286 506151 618449 524595 686043 527859 838894 659410 646756 805069 908793 575980
506307 593324 463125 334720 640385 272695 452447 559207 404269 408313 601280 162472
130520 143448 85409 101043 297346 57047 229632 314001 117727 269410 286332 17723
709012 951636 732352 705231 775140 821930 915130 695462 835803 903230 933200 659124
362151 468164 430404 524595 644705 397395 452447 538338 316185 566590 601280 414815
176105 143448 85409 79556 142753 57047 29682 240443 142110 165014 190350 17723
427434 396317 289799 132769 603332 508052 452447 606018 316185 468827 601280 304317
176105 203925 289799 146831 516503 190596 290731 491946 142110 341113 288739 73353
10 3
85 55 41
54 54 40
56 56 60
93 53 21
52 52 20
53 53 30
55 55 50
52 22 29
51 51 10
54 12 49
16 21
703 672 653 696 700 718 707 695 691 699 715 684 653 627 632 640 650 654 687 666 646
104 109 94 111 123 109 120 134 115 106 102 112 130 126 104 104 119 132 110 121 118
550 512 487 451 488 447 461 468 428 392 374 343 315 344 286 261 277 323 380 439 399
312 256 247 258 253 279 238 210 231 214 189 237 197 141 144 131 145 178 113 144 107
350 290 242 243 218 301 287 367 350 391 355 426 470 402 444 366 355 277 281 239 311
732 780 780 812 867 849 886 830 848 891 923 958 998 1019 1042 1092 1156 1150 1087 1130 1109
596 617 645 632 632 610 624 645 622 612 609 633 640 641 649 664 690 683 672 653 627
147 166 164 134 162 184 214 191 216 204 197 232 256 289 278 299 320 334 300 288 297
430 390 379 398 393 379 385 377 371 388 411 423 435 424 398 432 477 446 428 441 479
792 800 787 721 780 714 750 695 765 780 779 819 846 784 717 762 788 781 774 715 656
679 639 563 610 662 593 568 619 592 628 720 630 633 580 631 723 689 784 877 949 955
680 670 659 669 681 684 685 674 676 676 680 674 687 678 665 678 683 672 662 662 671
52 96 66 17 69 85 143 82 105 134 172 226 276 328 357 393 377 388 369 432 426
834 826 784 839 844 788 824 820 826 779 822 775 813 852 865 821 829 848 793 824 809
812 765 674 644 561 653 716 627 552 498 426 445 484 555 466 374 388 470 385 453 465
831 869 938 1018 1047 1037 1061 1029 992 1026 992 1053 1113 1043 1076 1151 1085 1095 1117 1035 1101
14 10
317600 738372 889904 618486 706994 508188 329522 475469 903093 579858
62434 716780 889904 618486 955740 587959 917288 798859 903093 637631
398269 738372 563723 579067 955740 587959 866136 213908 575263 382620
21937 233074 53794 378409 468788 362604 148345 32231 108560 30179
398269 615673 889904 618486 524125 508188 766902 798859 903093 131298
54911 615673 343 219781 538440 50722 278131 73386 334622 131298
21937 233074 53794 79716 253160 226030 148345 203885 223212 5689
36444 233074 44194 378409 25569 138588 278131 73386 334622 66937
398269 738372 889904 400044 785391 587959 563714 269508 539294 637631
398269 716780 563723 219781 706994 587959 221874 475469 575263 631437
255156 413510 563723 618486 900735 505338 766902 798859 448755 637631
62434 2066 53794 171537 253160 362604 329522 32231 334622 66937
262987 738372 441694 618486 785391 503557 917288 780413 448755 579858
62434 738372 441694 618486 955740 587959 567879 798859 119765 637631
13 19
50 63 85 29 86 58 40 96 87 65 77 74 14 57 86 99 16 60 50
34 27 68 34 70 35 34 57 57 41 48 67 49 7 77 57 71 23 27
15 15 16 13 30 24 16 39 25 17 26 9 40 2 42 50 18 20 9
70 45 39 34 31 40 23 35 88 40 68 9 21 8 2 54 24 25 37
15 63 39 69 31 92 51 58 94 80 75 74 60 57 34 74 71 59 86
12 20 12 17 17 22 10 35 40 26 17 9 21 2 10 26 18 9 8
6 5 2 5 9 7 6 29 2 0 15 3 10 1 1 10 12 6 2
15 27 39 34 31 24 21 52 62 41 26 35 31 8 42 53 24 14 37
80 63 85 97 86 37 50 58 88 65 55 74 60 30 89 91 85 60 70
34 45 82 97 53 58 82 40 92 19 56 35 49 57 77 68 24 70 65
80 40 68 69 53 40 93 58 92 82 77 70 49 39 65 61 51 39 50
50 63 95 34 53 92 95 58 59 99 56 74 49 39 76 60 18 60 70
80 63 58 64 53 99 62 40 94 41 76 35 32 57 29 73 71 39 70
16 3
593021 1295 91012
593021 1295 297590
593021 1295 44495
91040 595323 554342
593021 1295 91012
79297 1295 87752
91040 595323 988980
967475 595323 988980
593021 1295 297590
91040 595323 905497
967475 595323 554342
91040 595323 297590
91040 595323 554342
593021 1295 82489
593021 1295 297590
91040 595323 912614
15 25
80 66 59 80 18 22 55 80 74 57 51 66 85 72 73 35 55 60 39 49 73 58 96 37 26
19 19 18 14 17 9 25 8 6 21 22 41 20 24 6 21 16 29 15 10 14 34 21 18 11
5 5 14 8 18 9 31 6 6 19 21 29 17 9 9 10 6 5 11 10 14 7 19 17 5
53 40 38 70 40 28 87 84 2 73 66 81 78 24 73 74 28 79 6 49 73 58 78 89 53
80 66 88 70 89 59 38 91 74 71 50 92 64 72 40 74 98 79 39 66 73 87 35 73 63
20 21 18 18 35 12 32 27 50 57 51 33 24 24 25 23 20 60 15 17 21 44 26 49 11
80 66 38 80 71 61 87 82 74 21 35 81 79 72 40 68 44 89 82 49 41 87 35 89 63
75 40 74 70 71 69 87 96 74 21 66 99 61 59 40 83 28 60 82 78 30 82 26 89 63
1 2 8 0 11 7 7 1 1 2 8 5 8 8 2 2 0 1 3 0 7 0 6 15 1
75 66 66 68 53 69 55 98 54 73 66 64 60 59 40 83 55 60 79 78 62 58 86 80 45
53 40 88 86 89 26 55 47 54 96 66 57 90 72 40 74 44 89 68 78 30 51 86 89 63
53 27 74 35 53 61 55 90 69 89 66 94 74 59 73 54 44 89 79 46 28 53 63 80 53
53 40 18 51 18 28 48 31 6 4 9 45 32 47 25 63 28 48 28 48 30 54 26 49 39
20 5 59 60 40 61 84 42 69 5 35 94 59 55 30 54 20 41 34 59 29 58 21 80 11
20 21 73 18 35 12 38 38 54 79 35 57 58 47 12 35 28 30 39 17 21 42 54 22 26
