100
6 6 2 3
1 7 5
100 1 5 3
1 50 7
0 1 255 3
114 157 87
1 0 1 3
36 81 131
1 0 0 3
1 3 2
1 0 0 3
13 12 13
255 0 0 2
100 200
255 0 0 3
111 220 125
255 0 0 3
0 169 255
255 255 255 3
255 0 255
2 2 254 3
255 0 255
255 255 0 1
13
255 70 110 2
193 216
62 40 34 3
92 29 51
38 23 37 3
48 65 66
255 17 10 2
17 122
60 0 0 3
35 60 1
255 48 41 3
106 18 5
130 82 49 3
38 18 49
231 0 0 3
48 42 5
104 44 31 3
117 60 65
75 9 10 2
62 17
23 4 4 3
4 8 16
99 11 17 2
3 76
232 0 0 2
121 71
98 18 33 2
48 10
198 25 42 2
73 173
99 149 79 3
50 78 127
142 0 0 2
114 151
85 1 1 3
23 39 25
37 1 1 3
22 39 17
160 0 0 2
11 72
255 34 61 2
38 33
248 220 110 2
53 12
215 70 41 2
202 50
174 36 36 2
43 82
255 255 206 3
191 245 4
255 84 45 3
109 244 72
161 33 18 3
67 83 87
38 2 1 2
17 2
99 25 14 3
4 27 52
19 63 57 3
67 14 44
217 19 15 2
76 95
255 51 34 3
34 66 71
91 14 15 2
106 46
139 5 4 2
83 28
255 108 184 3
136 72 118
241 14 21 2
85 137
255 108 103 3
0 151 123
255 98 82 3
114 120 36
56 16 16 2
121 167
71 1 2 2
163 178
66 4 2 2
10 33
255 210 142 2
47 186
245 0 0 3
47 144 134
229 34 19 3
24 115 62
72 3 2 3
153 121 106
63 7 4 3
35 14 34
112 6 5 3
69 72 89
255 0 0 2
223 205
255 255 185 3
70 191 23
74 0 1 2
22 182
255 11 21 3
126 107 128
81 79 44 3
111 18 119
57 0 0 2
20 8
96 16 18 3
39 78 122
255 212 109 2
4 235
119 55 29 3
14 26 7
96 10 14 3
43 1 48
148 234 117 3
35 160 53
255 29 15 3
182 8 48
132 30 40 3
70 86 47
80 22 11 2
69 50
53 34 32 3
23 14 19
54 19 12 2
7 20
255 92 50 3
39 65 166
255 1 1 3
55 4 130
96 108 85 3
167 55 80
255 203 166 2
109 223
227 157 106 2
126 27
175 13 25 3
40 55 108
151 20 35 2
68 15
146 33 17 3
138 46 76
18 32 35 3
18 48 2
17 5 5 3
12 5 8
24 7 6 2
17 15
110 138 69 2
80 33
255 91 112 2
76 192
178 255 230 2
198 126
105 45 48 2
134 36
69 32 37 2
28 65
255 11 7 3
147 244 208
89 2 2 2
11 34
200 13 10 3
68 54 52
246 68 43 3
79 75 30
38 15 8 3
6 23 14
255 90 53 3
107 98 26
62 26 13 3
6 27 31
167 139 75 3
49 53 115
16 2 1 2
23 29
