182
35
78 58
88 80
51 77
43 40
26 47
29 28
5 50
73 16
86 43
12 78
23 87
10 28
93 97
58 26
72 5
81 64
32 94
39 79
2 79
54 60
98 87
69 77
16 11
32 23
60 97
37 68
6 30
58 26
50 38
80 43
9 43
72 26
44 83
23 82
4 67
3 90
18 73
36 41
100 76
24 27
17 11
63 55
13 82
65 10
96 95
9 56
54 76
90 37
91 8
60 27
62 5
10 10
55 70
29 52
45 68
43 83
36 21
61 91
15 87
26 100
17 2
45 23
14 89
92 8
92 26
42 44
75 44
14 16
48 17
53 70
4 100
74 94
77 40
76 60
73 74
24 100
47 35
96 10
54 26
54 67
75 69
29 3
3 97
76 16
53 59
16 91
25 76
85 78
8 52
52 42
46 35
96 94
98 75
33 75
100 18
4 22
53 8
16 99
34 63
8 38
70 15
26 43
46 91
96 38
46 16
5 53
18 49
98 82
20 82
5 80
75 54
90 33
77 91
40 63
85 67
10 59
76 46
99 51
73 29
19 22
82 65
51 74
69 84
6 17
83 83
24 16
64 81
15 8
11 35
33 93
35 61
34 33
94 87
14 41
69 67
45 62
20 6
13 47
12 38
15 93
98 19
78 43
10 40
33 3
35 4
39 16
56 80
51 1
88 47
29 2
27 37
91 74
45 20
16 53
14 93
43 27
54 65
19 81
85 23
86 58
2 97
98 60
49 25
23 20
7 6
30 27
65 30
25 54
48 63
52 69
39 25
88 84
18 78
70 22
93 49
67 61
12 23
89 85
9 47
92 92
38 87
42 34
