10

5 1 5 4 1 1 3 1
3 1 3 10 1 5 7 5  +
4 1 4 3 1 4 2 4 '. 2
2 3 2 5 4 2 5 2 '. 1
7 2 7 5 3 5 7 5  ^| 
6 3 6 5 1 2 4 2  .' 2
1 2 1 4 3 5 6 5  .' 1
1 2 1 4 1 4 6 4  Ã
1 2 1 7 3 4 10 4  |-
5 2 5 8 2 8 7 8   T
4 1 4 4 1 3 2 3   -|
2 6 2 10 1 4 10 4     _|_


10

6 1 6 5 1 6 5 6
5 1 5 2 1 6 6 6
6 1 6 6 1 6 6 6

1 1 1 6 3 6 6 6
2 1 2 4 1 6 6 6
1 1 1 4 1 6 6 6
2 1 2 6 1 4 6 4

1 1 4 1 6 3 6 6
1 1 6 1 4 3 4 6
6 1 6 6 1 2 4 2
1 2 6 2 5 2 5 6

1 1 1 6 3 2 6 2
1 2 1 6 2 1 6 1
1 1 6 1 2 4 2 6
1 2 6 2 3 1 3 6

1 4 1 6 5 1 6 1
1 1 1 3 4 6 6 6




4 6 4 8 5 5 9 5
