3000
-30000 30000 -29996 30022
-30000 30022 -29996 30027
-30000 30027 -29999 30033
-30000 30033 -29999 31000
-29999 30027 -29998 30067
-29999 30067 -29998 31000
-29998 30027 -29996 30060
-29998 30060 -29996 30102
-29998 30102 -29996 30114
-29998 30114 -29997 31000
-29997 30114 -29996 30157
-29997 30157 -29996 31000
-29996 30000 -29938 30007
-29996 30007 -29995 30030
-29995 30007 -29994 30030
-29994 30007 -29993 30030
-29993 30007 -29938 30030
-29996 30030 -29995 30093
-29995 30030 -29993 30093
-29993 30030 -29992 30093
-29992 30030 -29988 30093
-29988 30030 -29938 30033
-29988 30033 -29987 30093
-29987 30033 -29938 30034
-29987 30034 -29938 30035
-29987 30035 -29985 30093
-29985 30035 -29938 30093
-29996 30093 -29938 30096
-29996 30096 -29992 30124
-29992 30096 -29938 30097
-29992 30097 -29938 30099
-29992 30099 -29938 30124
-29996 30124 -29938 30126
-29996 30126 -29938 30128
-29996 30128 -29938 30143
-29996 30143 -29994 30196
-29994 30143 -29990 30196
-29990 30143 -29987 30196
-29987 30143 -29984 30196
-29984 30143 -29938 30144
-29984 30144 -29938 30145
-29984 30145 -29983 30196
-29983 30145 -29938 30146
-29983 30146 -29938 30196
-29996 30196 -29994 30214
-29994 30196 -29990 30214
-29990 30196 -29938 30214
-29996 30214 -29992 30249
-29992 30214 -29991 30249
-29991 30214 -29938 30216
-29991 30216 -29938 30219
-29991 30219 -29987 30249
-29987 30219 -29938 30249
-29996 30249 -29995 30293
-29996 30293 -29995 31000
-29995 30249 -29994 30277
-29995 30277 -29994 31000
-29994 30249 -29993 30270
-29994 30270 -29993 31000
-29993 30249 -29990 30280
-29990 30249 -29987 30280
-29987 30249 -29938 30250
-29987 30250 -29985 30280
-29985 30250 -29938 30280
-29993 30280 -29989 30297
-29989 30280 -29938 30297
-29993 30297 -29938 30299
-29993 30299 -29992 30323
-29992 30299 -29938 30300
-29992 30300 -29938 30323
-29993 30323 -29992 30357
-29993 30357 -29992 31000
-29992 30323 -29989 30359
-29992 30359 -29989 30364
-29992 30364 -29989 30370
-29992 30370 -29991 31000
-29991 30370 -29990 31000
-29990 30370 -29989 31000
-29989 30323 -29938 30325
-29989 30325 -29988 30350
-29989 30350 -29988 31000
-29988 30325 -29985 30343
-29985 30325 -29938 30343
-29988 30343 -29938 30346
-29988 30346 -29985 30377
-29985 30346 -29981 30377
-29981 30346 -29980 30377
-29980 30346 -29938 30377
-29988 30377 -29986 30401
-29988 30401 -29987 31000
-29987 30401 -29986 31000
-29986 30377 -29982 30379
-29986 30379 -29985 31000
-29985 30379 -29982 30398
-29985 30398 -29984 31000
-29984 30398 -29982 30428
-29984 30428 -29983 31000
-29983 30428 -29982 31000
-29982 30377 -29981 30393
-29981 30377 -29938 30393
-29982 30393 -29981 30416
-29981 30393 -29938 30394
-29981 30394 -29938 30416
-29982 30416 -29981 31000
-29981 30416 -29980 30432
-29981 30432 -29980 31000
-29980 30416 -29978 30452
-29978 30416 -29938 30419
-29978 30419 -29975 30452
-29975 30419 -29938 30452
-29980 30452 -29979 31000
-29979 30452 -29977 30488
-29979 30488 -29977 30516
-29979 30516 -29977 30547
-29979 30547 -29977 31000
-29977 30452 -29976 31000
-29976 30452 -29975 30460
-29976 30460 -29975 31000
-29975 30452 -29974 30489
-29975 30489 -29974 31000
-29974 30452 -29973 31000
-29973 30452 -29970 30478
-29973 30478 -29970 30499
-29973 30499 -29970 30510
-29973 30510 -29972 31000
-29972 30510 -29970 31000
-29970 30452 -29938 30461
-29970 30461 -29969 30484
-29969 30461 -29938 30484
-29970 30484 -29967 30507
-29970 30507 -29967 30519
-29970 30519 -29967 30541
-29970 30541 -29967 30551
-29970 30551 -29967 31000
-29967 30484 -29966 31000
-29966 30484 -29965 30487
-29966 30487 -29965 31000
-29965 30484 -29964 31000
-29964 30484 -29963 31000
-29963 30484 -29962 30490
-29963 30490 -29962 31000
-29962 30484 -29961 31000
-29961 30484 -29938 30499
-29961 30499 -29938 30501
-29961 30501 -29938 30526
-29961 30526 -29959 30542
-29961 30542 -29960 31000
-29960 30542 -29959 31000
-29959 30526 -29958 31000
-29958 30526 -29957 30539
-29958 30539 -29957 31000
-29957 30526 -29938 30528
-29957 30528 -29938 30529
-29957 30529 -29938 30543
-29957 30543 -29955 30558
-29957 30558 -29956 31000
-29956 30558 -29955 31000
-29955 30543 -29954 31000
-29954 30543 -29953 30550
-29954 30550 -29953 31000
-29953 30543 -29952 31000
-29952 30543 -29951 30559
-29952 30559 -29951 31000
-29951 30543 -29938 30547
-29951 30547 -29938 30556
-29951 30556 -29950 31000
-29950 30556 -29938 30576
-29950 30576 -29949 31000
-29949 30576 -29938 30586
-29949 30586 -29948 31000
-29948 30586 -29938 30611
-29948 30611 -29938 30626
-29948 30626 -29938 30648
-29948 30648 -29947 31000
-29947 30648 -29938 30657
-29947 30657 -29946 31000
-29946 30657 -29938 30672
-29946 30672 -29938 30687
-29946 30687 -29945 31000
-29945 30687 -29938 30692
-29945 30692 -29938 30709
-29945 30709 -29938 30718
-29945 30718 -29944 31000
-29944 30718 -29943 31000
-29943 30718 -29942 31000
-29942 30718 -29938 31000
-29938 30000 -29887 30001
-29887 30000 -29000 30001
-29938 30001 -29917 30002
-29917 30001 -29000 30002
-29938 30002 -29880 30008
-29880 30002 -29874 30003
-29874 30002 -29000 30003
-29880 30003 -29857 30004
-29857 30003 -29849 30004
-29849 30003 -29000 30004
-29880 30004 -29831 30005
-29831 30004 -29824 30005
-29824 30004 -29000 30005
-29880 30005 -29867 30008
-29867 30005 -29815 30006
-29815 30005 -29000 30006
-29867 30006 -29861 30007
-29861 30006 -29824 30007
-29824 30006 -29000 30007
-29867 30007 -29810 30008
-29810 30007 -29785 30008
-29785 30007 -29000 30008
-29938 30008 -29933 30009
-29933 30008 -29000 30009
-29938 30009 -29901 30019
-29901 30009 -29859 30010
-29859 30009 -29000 30010
-29901 30010 -29893 30011
-29893 30010 -29000 30011
-29901 30011 -29863 30019
-29863 30011 -29821 30012
-29821 30011 -29000 30012
-29863 30012 -29838 30013
-29838 30012 -29000 30013
-29863 30013 -29808 30019
-29808 30013 -29789 30019
-29789 30013 -29741 30019
-29741 30013 -29729 30019
-29729 30013 -29709 30014
-29709 30013 -29000 30014
-29729 30014 -29726 30019
-29726 30014 -29722 30019
-29722 30014 -29720 30015
-29720 30014 -29000 30015
-29722 30015 -29693 30016
-29693 30015 -29000 30016
-29722 30016 -29719 30017
-29719 30016 -29000 30017
-29722 30017 -29676 30018
-29676 30017 -29000 30018
-29722 30018 -29691 30019
-29691 30018 -29000 30019
-29938 30019 -29937 30062
-29938 30062 -29937 31000
-29937 30019 -29936 30052
-29937 30052 -29936 31000
-29936 30019 -29935 30026
-29936 30026 -29935 30066
-29936 30066 -29935 31000
-29935 30019 -29933 30066
-29935 30066 -29933 30109
-29935 30109 -29934 30163
-29935 30163 -29934 31000
-29934 30109 -29933 30113
-29934 30113 -29933 31000
-29933 30019 -29932 30059
-29933 30059 -29932 30075
-29933 30075 -29932 31000
-29932 30019 -29931 30073
-29932 30073 -29931 30110
-29932 30110 -29931 31000
-29931 30019 -29930 30050
-29931 30050 -29930 30089
-29931 30089 -29930 31000
-29930 30019 -29917 30024
-29930 30024 -29929 30052
-29930 30052 -29929 31000
-29929 30024 -29917 30029
-29929 30029 -29928 30073
-29929 30073 -29928 31000
-29928 30029 -29917 30048
-29928 30048 -29917 30071
-29928 30071 -29917 30103
-29928 30103 -29927 30132
-29928 30132 -29927 31000
-29927 30103 -29917 30107
-29927 30107 -29926 30130
-29927 30130 -29926 31000
-29926 30107 -29917 30123
-29926 30123 -29925 30125
-29926 30125 -29925 31000
-29925 30123 -29924 30167
-29925 30167 -29924 31000
-29924 30123 -29923 30124
-29924 30124 -29923 31000
-29923 30123 -29917 30127
-29923 30127 -29922 30139
-29923 30139 -29922 31000
-29922 30127 -29921 30133
-29922 30133 -29921 30171
-29922 30171 -29921 31000
-29921 30127 -29920 30167
-29921 30167 -29920 30198
-29921 30198 -29920 31000
-29920 30127 -29919 30146
-29920 30146 -29919 30195
-29920 30195 -29919 31000
-29919 30127 -29918 30146
-29919 30146 -29918 30147
-29919 30147 -29918 31000
-29918 30127 -29917 30164
-29918 30164 -29917 30219
-29918 30219 -29917 31000
-29917 30019 -29915 30072
-29917 30072 -29915 30111
-29917 30111 -29915 30134
-29917 30134 -29916 31000
-29916 30134 -29915 31000
-29915 30019 -29890 30026
-29915 30026 -29913 30072
-29913 30026 -29890 30030
-29913 30030 -29890 30072
-29915 30072 -29913 30120
-29913 30072 -29912 30120
-29912 30072 -29890 30120
-29915 30120 -29890 30123
-29915 30123 -29890 30158
-29915 30158 -29890 30182
-29915 30182 -29890 30193
-29915 30193 -29914 30246
-29914 30193 -29890 30195
-29914 30195 -29913 30246
-29913 30195 -29890 30246
-29915 30246 -29890 30271
-29915 30271 -29890 30272
-29915 30272 -29890 30304
-29915 30304 -29890 30320
-29915 30320 -29914 30362
-29915 30362 -29914 31000
-29914 30320 -29913 30362
-29914 30362 -29913 31000
-29913 30320 -29912 30332
-29913 30332 -29912 31000
-29912 30320 -29910 30363
-29912 30363 -29911 31000
-29911 30363 -29910 30392
-29911 30392 -29910 31000
-29910 30320 -29909 30353
-29910 30353 -29909 31000
-29909 30320 -29908 30345
-29909 30345 -29908 31000
-29908 30320 -29890 30336
-29908 30336 -29907 30343
-29908 30343 -29907 31000
-29907 30336 -29890 30363
-29907 30363 -29906 30395
-29907 30395 -29906 31000
-29906 30363 -29905 30374
-29906 30374 -29905 31000
-29905 30363 -29890 30379
-29905 30379 -29890 30380
-29905 30380 -29890 30399
-29905 30399 -29904 30429
-29905 30429 -29904 31000
-29904 30399 -29890 30423
-29904 30423 -29903 31000
-29903 30423 -29902 30429
-29903 30429 -29902 31000
-29902 30423 -29901 30433
-29902 30433 -29901 31000
-29901 30423 -29890 30448
-29901 30448 -29890 30459
-29901 30459 -29900 31000
-29900 30459 -29899 31000
-29899 30459 -29890 30478
-29899 30478 -29890 30490
-29899 30490 -29898 31000
-29898 30490 -29890 30514
-29898 30514 -29897 31000
-29897 30514 -29890 30529
-29897 30529 -29890 30554
-29897 30554 -29890 30560
-29897 30560 -29890 30586
-29897 30586 -29896 31000
-29896 30586 -29890 30604
-29896 30604 -29895 31000
-29895 30604 -29894 31000
-29894 30604 -29893 31000
-29893 30604 -29892 31000
-29892 30604 -29890 30626
-29892 30626 -29891 31000
-29891 30626 -29890 31000
-29890 30019 -29886 30033
-29890 30033 -29889 30061
-29890 30061 -29889 31000
-29889 30033 -29886 30078
-29889 30078 -29888 30138
-29889 30138 -29888 31000
-29888 30078 -29886 30094
-29888 30094 -29887 30147
-29888 30147 -29887 31000
-29887 30094 -29886 30144
-29887 30144 -29886 31000
-29886 30019 -29885 30062
-29886 30062 -29885 31000
-29885 30019 -29884 30072
-29885 30072 -29884 30108
-29885 30108 -29884 31000
-29884 30019 -29832 30022
-29884 30022 -29832 30023
-29884 30023 -29832 30024
-29884 30024 -29832 30026
-29884 30026 -29882 30060
-29882 30026 -29832 30060
-29884 30060 -29832 30062
-29884 30062 -29832 30063
-29884 30063 -29832 30084
-29884 30084 -29883 30141
-29884 30141 -29883 31000
-29883 30084 -29882 30116
-29883 30116 -29882 30161
-29883 30161 -29882 31000
-29882 30084 -29880 30106
-29882 30106 -29880 30108
-29882 30108 -29880 30162
-29882 30162 -29881 31000
-29881 30162 -29880 30214
-29881 30214 -29880 31000
-29880 30084 -29876 30088
-29880 30088 -29879 30108
-29880 30108 -29879 31000
-29879 30088 -29878 30131
-29879 30131 -29878 31000
-29878 30088 -29877 30136
-29878 30136 -29877 30139
-29878 30139 -29877 31000
-29877 30088 -29876 30136
-29877 30136 -29876 30146
-29877 30146 -29876 31000
-29876 30084 -29832 30085
-29876 30085 -29832 30086
-29876 30086 -29832 30111
-29876 30111 -29832 30119
-29876 30119 -29875 30160
-29876 30160 -29875 31000
-29875 30119 -29873 30178
-29875 30178 -29874 30218
-29875 30218 -29874 31000
-29874 30178 -29873 30209
-29874 30209 -29873 30224
-29874 30224 -29873 31000
-29873 30119 -29871 30130
-29873 30130 -29872 30157
-29873 30157 -29872 31000
-29872 30130 -29871 30179
-29872 30179 -29871 31000
-29871 30119 -29868 30144
-29868 30119 -29865 30144
-29865 30119 -29832 30144
-29871 30144 -29832 30145
-29871 30145 -29868 30172
-29868 30145 -29832 30172
-29871 30172 -29870 30196
-29871 30196 -29870 31000
-29870 30172 -29868 30206
-29870 30206 -29869 30208
-29870 30208 -29869 31000
-29869 30206 -29868 30247
-29869 30247 -29868 31000
-29868 30172 -29832 30173
-29868 30173 -29866 30199
-29866 30173 -29832 30199
-29868 30199 -29832 30213
-29868 30213 -29832 30216
-29868 30216 -29866 30249
-29866 30216 -29865 30249
-29865 30216 -29832 30249
-29868 30249 -29867 30288
-29868 30288 -29867 31000
-29867 30249 -29832 30251
-29867 30251 -29832 30269
-29867 30269 -29866 30277
-29867 30277 -29866 31000
-29866 30269 -29865 30273
-29866 30273 -29865 31000
-29865 30269 -29864 30275
-29865 30275 -29864 31000
-29864 30269 -29863 30276
-29864 30276 -29863 31000
-29863 30269 -29861 30273
-29863 30273 -29861 30311
-29863 30311 -29862 31000
-29862 30311 -29861 30328
-29862 30328 -29861 31000
-29861 30269 -29860 30298
-29861 30298 -29860 31000
-29860 30269 -29832 30284
-29860 30284 -29832 30296
-29860 30296 -29832 30299
-29860 30299 -29859 30332
-29859 30299 -29832 30332
-29860 30332 -29859 30360
-29859 30332 -29832 30360
-29860 30360 -29859 30376
-29860 30376 -29859 31000
-29859 30360 -29832 30361
-29859 30361 -29832 30385
-29859 30385 -29832 30405
-29859 30405 -29858 30414
-29859 30414 -29858 31000
-29858 30405 -29857 30440
-29858 30440 -29857 31000
-29857 30405 -29832 30425
-29857 30425 -29832 30442
-29857 30442 -29855 30459
-29857 30459 -29855 30484
-29857 30484 -29855 31000
-29855 30442 -29854 31000
-29854 30442 -29853 30457
-29854 30457 -29853 31000
-29853 30442 -29852 30464
-29853 30464 -29852 31000
-29852 30442 -29851 30450
-29852 30450 -29851 31000
-29851 30442 -29850 30467
-29851 30467 -29850 31000
-29850 30442 -29849 30480
-29850 30480 -29849 31000
-29849 30442 -29832 30451
-29849 30451 -29848 31000
-29848 30451 -29832 30452
-29848 30452 -29832 30486
-29848 30486 -29847 31000
-29847 30486 -29845 30498
-29847 30498 -29846 31000
-29846 30498 -29845 31000
-29845 30486 -29832 30497
-29845 30497 -29844 31000
-29844 30497 -29832 30520
-29844 30520 -29832 30553
-29844 30553 -29832 30563
-29844 30563 -29832 30571
-29844 30571 -29832 30592
-29844 30592 -29832 30605
-29844 30605 -29832 30608
-29844 30608 -29832 30615
-29844 30615 -29843 31000
-29843 30615 -29842 31000
-29842 30615 -29841 31000
-29841 30615 -29832 30619
-29841 30619 -29832 30633
-29841 30633 -29840 31000
-29840 30633 -29839 31000
-29839 30633 -29838 31000
-29838 30633 -29832 30654
-29838 30654 -29837 31000
-29837 30654 -29832 30664
-29837 30664 -29832 30675
-29837 30675 -29836 31000
-29836 30675 -29835 31000
-29835 30675 -29832 30690
-29835 30690 -29832 31000
-29832 30019 -29829 30066
-29832 30066 -29831 30105
-29832 30105 -29831 31000
-29831 30066 -29830 30122
-29831 30122 -29830 31000
-29830 30066 -29829 30125
-29830 30125 -29829 30171
-29830 30171 -29829 31000
-29829 30019 -29802 30022
-29829 30022 -29802 30026
-29829 30026 -29828 30069
-29828 30026 -29802 30069
-29829 30069 -29802 30077
-29829 30077 -29828 30096
-29829 30096 -29828 31000
-29828 30077 -29827 30085
-29828 30085 -29827 30117
-29828 30117 -29827 31000
-29827 30077 -29825 30115
-29827 30115 -29826 30133
-29827 30133 -29826 31000
-29826 30115 -29825 30122
-29826 30122 -29825 31000
-29825 30077 -29824 30133
-29825 30133 -29824 31000
-29824 30077 -29823 30125
-29824 30125 -29823 31000
-29823 30077 -29822 30135
-29823 30135 -29822 31000
-29822 30077 -29821 30138
-29822 30138 -29821 30177
-29822 30177 -29821 31000
-29821 30077 -29802 30104
-29821 30104 -29820 30153
-29821 30153 -29820 31000
-29820 30104 -29819 30164
-29820 30164 -29819 30193
-29820 30193 -29819 31000
-29819 30104 -29818 30160
-29819 30160 -29818 31000
-29818 30104 -29817 30131
-29818 30131 -29817 30153
-29818 30153 -29817 31000
-29817 30104 -29816 30159
-29817 30159 -29816 30212
-29817 30212 -29816 31000
-29816 30104 -29802 30144
-29816 30144 -29815 30159
-29816 30159 -29815 31000
-29815 30144 -29814 30149
-29815 30149 -29814 30178
-29815 30178 -29814 31000
-29814 30144 -29802 30187
-29814 30187 -29802 30227
-29814 30227 -29802 30246
-29814 30246 -29813 30290
-29814 30290 -29813 31000
-29813 30246 -29802 30276
-29813 30276 -29802 30316
-29813 30316 -29812 30359
-29813 30359 -29812 31000
-29812 30316 -29802 30356
-29812 30356 -29802 30357
-29812 30357 -29811 30396
-29812 30396 -29811 31000
-29811 30357 -29810 30370
-29811 30370 -29810 31000
-29810 30357 -29809 30380
-29810 30380 -29809 31000
-29809 30357 -29808 30397
-29809 30397 -29808 31000
-29808 30357 -29802 30372
-29808 30372 -29807 30392
-29808 30392 -29807 31000
-29807 30372 -29802 30408
-29807 30408 -29806 30423
-29807 30423 -29806 31000
-29806 30408 -29805 30420
-29806 30420 -29805 31000
-29805 30408 -29804 30420
-29805 30420 -29804 30431
-29805 30431 -29804 31000
-29804 30408 -29802 30430
-29804 30430 -29803 30440
-29804 30440 -29803 31000
-29803 30430 -29802 30448
-29803 30448 -29802 30461
-29803 30461 -29802 31000
-29802 30019 -29798 30020
-29798 30019 -29000 30020
-29802 30020 -29780 30044
-29780 30020 -29760 30044
-29760 30020 -29748 30022
-29748 30020 -29000 30021
-29748 30021 -29702 30022
-29702 30021 -29000 30022
-29760 30022 -29754 30044
-29754 30022 -29728 30044
-29728 30022 -29725 30044
-29725 30022 -29699 30023
-29699 30022 -29000 30023
-29725 30023 -29719 30024
-29719 30023 -29000 30024
-29725 30024 -29710 30025
-29710 30024 -29000 30025
-29725 30025 -29687 30026
-29687 30025 -29000 30026
-29725 30026 -29714 30044
-29714 30026 -29667 30027
-29667 30026 -29000 30027
-29714 30027 -29692 30028
-29692 30027 -29000 30028
-29714 30028 -29679 30044
-29679 30028 -29675 30029
-29675 30028 -29000 30029
-29679 30029 -29659 30030
-29659 30029 -29000 30030
-29679 30030 -29638 30044
-29638 30030 -29596 30044
-29596 30030 -29583 30044
-29583 30030 -29558 30031
-29558 30030 -29000 30031
-29583 30031 -29562 30032
-29562 30031 -29000 30032
-29583 30032 -29573 30044
-29573 30032 -29542 30044
-29542 30032 -29000 30033
-29542 30033 -29000 30034
-29542 30034 -29519 30044
-29519 30034 -29000 30035
-29519 30035 -29487 30036
-29487 30035 -29000 30036
-29519 30036 -29516 30037
-29516 30036 -29000 30037
-29519 30037 -29499 30044
-29499 30037 -29000 30038
-29499 30038 -29483 30039
-29483 30038 -29000 30039
-29499 30039 -29467 30040
-29467 30039 -29000 30040
-29499 30040 -29498 30044
-29498 30040 -29473 30044
-29473 30040 -29000 30041
-29473 30041 -29000 30042
-29473 30042 -29459 30043
-29459 30042 -29000 30043
-29473 30043 -29462 30044
-29462 30043 -29000 30044
-29802 30044 -29765 30049
-29765 30044 -29738 30049
-29738 30044 -29700 30045
-29700 30044 -29000 30045
-29738 30045 -29716 30046
-29716 30045 -29000 30046
-29738 30046 -29697 30049
-29697 30046 -29678 30049
-29678 30046 -29643 30049
-29643 30046 -29606 30049
-29606 30046 -29000 30047
-29606 30047 -29000 30049
-29802 30049 -29789 30052
-29789 30049 -29737 30050
-29737 30049 -29000 30050
-29789 30050 -29739 30051
-29739 30050 -29000 30051
-29789 30051 -29786 30052
-29786 30051 -29000 30052
-29802 30052 -29766 30055
-29802 30055 -29800 30106
-29800 30055 -29797 30106
-29797 30055 -29766 30056
-29797 30056 -29766 30106
-29766 30052 -29764 30106
-29764 30052 -29733 30055
-29764 30055 -29761 30106
-29761 30055 -29733 30057
-29761 30057 -29733 30106
-29733 30052 -29686 30056
-29733 30056 -29731 30106
-29731 30056 -29686 30057
-29731 30057 -29727 30106
-29727 30057 -29726 30106
-29726 30057 -29686 30059
-29726 30059 -29686 30106
-29686 30052 -29656 30053
-29656 30052 -29000 30053
-29686 30053 -29684 30106
-29684 30053 -29668 30106
-29668 30053 -29648 30054
-29648 30053 -29000 30054
-29668 30054 -29656 30055
-29656 30054 -29000 30055
-29668 30055 -29665 30057
-29665 30055 -29000 30056
-29665 30056 -29625 30057
-29625 30056 -29000 30057
-29668 30057 -29665 30106
-29665 30057 -29635 30058
-29665 30058 -29635 30060
-29665 30060 -29635 30106
-29635 30057 -29000 30058
-29635 30058 -29624 30059
-29624 30058 -29000 30059
-29635 30059 -29624 30106
-29624 30059 -29000 30060
-29624 30060 -29606 30063
-29606 30060 -29591 30063
-29591 30060 -29000 30061
-29591 30061 -29000 30062
-29591 30062 -29569 30063
-29569 30062 -29000 30063
-29624 30063 -29596 30065
-29596 30063 -29000 30064
-29596 30064 -29574 30065
-29574 30064 -29000 30065
-29624 30065 -29596 30068
-29596 30065 -29000 30066
-29596 30066 -29582 30068
-29582 30066 -29556 30068
-29556 30066 -29000 30067
-29556 30067 -29000 30068
-29624 30068 -29623 30106
-29623 30068 -29622 30106
-29622 30068 -29620 30106
-29620 30068 -29594 30106
-29594 30068 -29000 30069
-29594 30069 -29566 30070
-29566 30069 -29000 30070
-29594 30070 -29000 30071
-29594 30071 -29575 30072
-29594 30072 -29575 30106
-29575 30071 -29574 30074
-29574 30071 -29000 30072
-29574 30072 -29000 30073
-29574 30073 -29548 30074
-29548 30073 -29000 30074
-29575 30074 -29562 30106
-29562 30074 -29541 30076
-29562 30076 -29541 30106
-29541 30074 -29525 30106
-29525 30074 -29514 30106
-29514 30074 -29000 30075
-29514 30075 -29505 30076
-29505 30075 -29000 30076
-29514 30076 -29511 30077
-29511 30076 -29000 30077
-29514 30077 -29000 30078
-29514 30078 -29505 30079
-29505 30078 -29000 30079
-29514 30079 -29000 30080
-29514 30080 -29510 30106
-29510 30080 -29000 30081
-29510 30081 -29481 30083
-29481 30081 -29474 30083
-29474 30081 -29000 30083
-29510 30083 -29000 30084
-29510 30084 -29489 30085
-29489 30084 -29000 30085
-29510 30085 -29509 30106
-29509 30085 -29477 30106
-29477 30085 -29000 30086
-29477 30086 -29475 30087
-29475 30086 -29000 30087
-29477 30087 -29466 30106
-29466 30087 -29462 30106
-29462 30087 -29455 30089
-29455 30087 -29000 30088
-29455 30088 -29000 30089
-29462 30089 -29000 30090
-29462 30090 -29459 30106
-29459 30090 -29440 30106
-29440 30090 -29418 30092
-29418 30090 -29407 30092
-29407 30090 -29000 30092
-29440 30092 -29000 30093
-29440 30093 -29424 30106
-29424 30093 -29000 30094
-29424 30094 -29399 30106
-29399 30094 -29000 30095
-29399 30095 -29000 30096
-29399 30096 -29000 30097
-29399 30097 -29379 30106
-29379 30097 -29000 30098
-29379 30098 -29362 30106
-29362 30098 -29000 30099
-29362 30099 -29359 30106
-29359 30099 -29000 30100
-29359 30100 -29000 30101
-29359 30101 -29335 30106
-29335 30101 -29313 30106
-29313 30101 -29000 30102
-29313 30102 -29000 30103
-29313 30103 -29000 30104
-29313 30104 -29295 30105
-29295 30104 -29000 30105
-29313 30105 -29296 30106
-29296 30105 -29000 30106
-29802 30106 -29772 30107
-29772 30106 -29000 30107
-29802 30107 -29770 30110
-29802 30110 -29801 30141
-29801 30110 -29770 30141
-29770 30107 -29725 30108
-29770 30108 -29769 30141
-29769 30108 -29725 30109
-29769 30109 -29725 30141
-29725 30107 -29700 30109
-29725 30109 -29700 30141
-29700 30107 -29675 30108
-29700 30108 -29675 30141
-29675 30107 -29667 30141
-29667 30107 -29651 30109
-29651 30107 -29621 30109
-29621 30107 -29000 30108
-29621 30108 -29000 30109
-29667 30109 -29659 30141
-29659 30109 -29639 30111
-29639 30109 -29606 30111
-29606 30109 -29000 30110
-29606 30110 -29000 30111
-29659 30111 -29620 30113
-29659 30113 -29658 30141
-29658 30113 -29620 30141
-29620 30111 -29585 30113
-29620 30113 -29585 30115
-29620 30115 -29585 30141
-29585 30111 -29565 30141
-29565 30111 -29541 30113
-29541 30111 -29000 30112
-29541 30112 -29000 30113
-29565 30113 -29000 30114
-29565 30114 -29541 30115
-29541 30114 -29000 30115
-29565 30115 -29531 30116
-29565 30116 -29531 30141
-29531 30115 -29504 30117
-29531 30117 -29504 30141
-29504 30115 -29478 30116
-29504 30116 -29478 30141
-29478 30115 -29000 30116
-29478 30116 -29000 30117
-29478 30117 -29454 30119
-29454 30117 -29448 30119
-29448 30117 -29000 30119
-29478 30119 -29469 30141
-29469 30119 -29000 30120
-29469 30120 -29000 30121
-29469 30121 -29464 30122
-29464 30121 -29000 30122
-29469 30122 -29467 30141
-29467 30122 -29442 30141
-29442 30122 -29000 30123
-29442 30123 -29431 30124
-29431 30123 -29000 30124
-29442 30124 -29416 30141
-29416 30124 -29395 30126
-29395 30124 -29000 30125
-29395 30125 -29000 30126
-29416 30126 -29394 30141
-29394 30126 -29367 30141
-29367 30126 -29347 30141
-29347 30126 -29341 30141
-29341 30126 -29325 30141
-29325 30126 -29000 30127
-29325 30127 -29000 30128
-29325 30128 -29319 30141
-29319 30128 -29000 30129
-29319 30129 -29000 30130
-29319 30130 -29309 30141
-29309 30130 -29000 30131
-29309 30131 -29296 30141
-29296 30131 -29285 30141
-29285 30131 -29281 30141
-29281 30131 -29000 30132
-29281 30132 -29272 30141
-29272 30132 -29269 30141
-29269 30132 -29000 30133
-29269 30133 -29000 30134
-29269 30134 -29262 30141
-29262 30134 -29244 30141
-29244 30134 -29000 30141
-29802 30141 -29801 30179
-29802 30179 -29801 31000
-29801 30141 -29798 30180
-29801 30180 -29800 30231
-29801 30231 -29800 31000
-29800 30180 -29799 30194
-29800 30194 -29799 31000
-29799 30180 -29798 30192
-29799 30192 -29798 30202
-29799 30202 -29798 31000
-29798 30141 -29749 30153
-29798 30153 -29749 30155
-29798 30155 -29795 30194
-29795 30155 -29749 30156
-29795 30156 -29791 30194
-29791 30156 -29788 30194
-29788 30156 -29749 30194
-29798 30194 -29749 30197
-29798 30197 -29749 30199
-29798 30199 -29795 30246
-29795 30199 -29794 30246
-29794 30199 -29749 30201
-29794 30201 -29793 30246
-29793 30201 -29749 30246
-29798 30246 -29797 30264
-29798 30264 -29797 31000
-29797 30246 -29796 30272
-29797 30272 -29796 31000
-29796 30246 -29795 30283
-29796 30283 -29795 31000
-29795 30246 -29791 30277
-29795 30277 -29791 30297
-29795 30297 -29794 31000
-29794 30297 -29793 30322
-29794 30322 -29793 31000
-29793 30297 -29792 30341
-29793 30341 -29792 31000
-29792 30297 -29791 30300
-29792 30300 -29791 31000
-29791 30246 -29790 30257
-29791 30257 -29790 31000
-29790 30246 -29749 30249
-29790 30249 -29749 30252
-29790 30252 -29787 30290
-29787 30252 -29785 30290
-29785 30252 -29749 30290
-29790 30290 -29789 30320
-29790 30320 -29789 31000
-29789 30290 -29786 30336
-29786 30290 -29785 30336
-29785 30290 -29784 30336
-29784 30290 -29749 30292
-29784 30292 -29749 30336
-29789 30336 -29749 30338
-29789 30338 -29749 30339
-29789 30339 -29749 30365
-29789 30365 -29788 30405
-29789 30405 -29788 31000
-29788 30365 -29749 30366
-29788 30366 -29749 30382
-29788 30382 -29787 30416
-29787 30382 -29785 30416
-29785 30382 -29783 30416
-29783 30382 -29749 30416
-29788 30416 -29786 30433
-29788 30433 -29786 30434
-29788 30434 -29786 31000
-29786 30416 -29749 30426
-29786 30426 -29783 30449
-29783 30426 -29749 30449
-29786 30449 -29749 30452
-29786 30452 -29785 30485
-29785 30452 -29749 30453
-29785 30453 -29749 30485
-29786 30485 -29785 31000
-29785 30485 -29784 30517
-29785 30517 -29784 31000
-29784 30485 -29783 30510
-29784 30510 -29783 31000
-29783 30485 -29782 30520
-29782 30485 -29779 30520
-29779 30485 -29749 30520
-29783 30520 -29782 31000
-29782 30520 -29779 30538
-29782 30538 -29781 31000
-29781 30538 -29779 30557
-29781 30557 -29779 31000
-29779 30520 -29749 30534
-29779 30534 -29749 30536
-29779 30536 -29749 30541
-29779 30541 -29778 31000
-29778 30541 -29777 31000
-29777 30541 -29776 31000
-29776 30541 -29775 30562
-29776 30562 -29775 31000
-29775 30541 -29774 31000
-29774 30541 -29749 30545
-29774 30545 -29772 30546
-29774 30546 -29773 31000
-29773 30546 -29772 31000
-29772 30545 -29749 30549
-29772 30549 -29771 31000
-29771 30549 -29769 30559
-29771 30559 -29770 31000
-29770 30559 -29769 31000
-29769 30549 -29768 31000
-29768 30549 -29749 30561
-29768 30561 -29749 30581
-29768 30581 -29749 30601
-29768 30601 -29749 30612
-29768 30612 -29749 30633
-29768 30633 -29749 30647
-29768 30647 -29767 31000
-29767 30647 -29749 30663
-29767 30663 -29749 30670
-29767 30670 -29749 30675
-29767 30675 -29749 30691
-29767 30691 -29765 30707
-29767 30707 -29765 31000
-29765 30691 -29749 30711
-29765 30711 -29749 30718
-29765 30718 -29749 30728
-29765 30728 -29764 31000
-29764 30728 -29749 30730
-29764 30730 -29763 31000
-29763 30730 -29762 31000
-29762 30730 -29749 30738
-29762 30738 -29761 31000
-29761 30738 -29760 31000
-29760 30738 -29749 30751
-29760 30751 -29759 31000
-29759 30751 -29758 31000
-29758 30751 -29749 30761
-29758 30761 -29757 31000
-29757 30761 -29756 31000
-29756 30761 -29749 31000
-29749 30141 -29745 30180
-29749 30180 -29745 30225
-29749 30225 -29748 30231
-29749 30231 -29748 31000
-29748 30225 -29745 30243
-29748 30243 -29747 31000
-29747 30243 -29745 30293
-29747 30293 -29746 31000
-29746 30293 -29745 30297
-29746 30297 -29745 31000
-29745 30141 -29743 30154
-29745 30154 -29743 30208
-29745 30208 -29743 30223
-29745 30223 -29743 30255
-29745 30255 -29743 31000
-29743 30141 -29742 30154
-29743 30154 -29742 31000
-29742 30141 -29741 30149
-29742 30149 -29741 30158
-29742 30158 -29741 31000
-29741 30141 -29703 30154
-29741 30154 -29739 30210
-29739 30154 -29737 30210
-29737 30154 -29734 30210
-29734 30154 -29731 30210
-29731 30154 -29703 30156
-29731 30156 -29703 30210
-29741 30210 -29738 30259
-29738 30210 -29737 30259
-29737 30210 -29735 30259
-29735 30210 -29703 30211
-29735 30211 -29703 30259
-29741 30259 -29703 30275
-29741 30275 -29740 30315
-29741 30315 -29740 31000
-29740 30275 -29737 30279
-29740 30279 -29737 30322
-29740 30322 -29737 30338
-29740 30338 -29737 30347
-29740 30347 -29737 30386
-29740 30386 -29737 31000
-29737 30275 -29703 30282
-29737 30282 -29703 30284
-29737 30284 -29703 30285
-29737 30285 -29703 30287
-29737 30287 -29703 30324
-29737 30324 -29736 30366
-29736 30324 -29733 30366
-29733 30324 -29703 30326
-29733 30326 -29703 30366
-29737 30366 -29736 30398
-29737 30398 -29736 31000
-29736 30366 -29735 30368
-29736 30368 -29735 31000
-29735 30366 -29734 30394
-29735 30394 -29734 31000
-29734 30366 -29703 30367
-29734 30367 -29703 30369
-29734 30369 -29703 30404
-29734 30404 -29703 30420
-29734 30420 -29732 30421
-29734 30421 -29733 31000
-29733 30421 -29732 31000
-29732 30420 -29703 30435
-29732 30435 -29703 30447
-29732 30447 -29703 30457
-29732 30457 -29731 31000
-29731 30457 -29703 30458
-29731 30458 -29703 30461
-29731 30461 -29703 30492
-29731 30492 -29703 30493
-29731 30493 -29703 30498
-29731 30498 -29703 30500
-29731 30500 -29703 30525
-29731 30525 -29730 31000
-29730 30525 -29729 30551
-29729 30525 -29703 30551
-29730 30551 -29729 31000
-29729 30551 -29728 31000
-29728 30551 -29727 31000
-29727 30551 -29726 31000
-29726 30551 -29725 31000
-29725 30551 -29703 30556
-29725 30556 -29703 30575
-29725 30575 -29703 30583
-29725 30583 -29703 30586
-29725 30586 -29703 30587
-29725 30587 -29703 30602
-29725 30602 -29703 30608
-29725 30608 -29724 31000
-29724 30608 -29703 30630
-29724 30630 -29722 30642
-29724 30642 -29722 31000
-29722 30630 -29721 31000
-29721 30630 -29703 30639
-29721 30639 -29703 30646
-29721 30646 -29720 31000
-29720 30646 -29719 31000
-29719 30646 -29717 30652
-29719 30652 -29717 31000
-29717 30646 -29716 31000
-29716 30646 -29715 31000
-29715 30646 -29703 30650
-29715 30650 -29703 30663
-29715 30663 -29714 31000
-29714 30663 -29703 30678
-29714 30678 -29713 31000
-29713 30678 -29703 30687
-29713 30687 -29703 30706
-29713 30706 -29703 30709
-29713 30709 -29712 31000
-29712 30709 -29703 30718
-29712 30718 -29711 31000
-29711 30718 -29710 31000
-29710 30718 -29709 31000
-29709 30718 -29703 30731
-29709 30731 -29708 31000
-29708 30731 -29703 31000
-29703 30141 -29691 30183
-29691 30141 -29657 30143
-29657 30141 -29000 30142
-29657 30142 -29632 30143
-29632 30142 -29000 30143
-29691 30143 -29661 30145
-29691 30145 -29689 30183
-29689 30145 -29661 30183
-29661 30143 -29654 30144
-29654 30143 -29000 30144
-29661 30144 -29622 30145
-29622 30144 -29000 30145
-29661 30145 -29640 30146
-29640 30145 -29000 30146
-29661 30146 -29659 30183
-29659 30146 -29628 30148
-29659 30148 -29628 30183
-29628 30146 -29617 30149
-29617 30146 -29000 30147
-29617 30147 -29000 30148
-29617 30148 -29608 30149
-29608 30148 -29000 30149
-29628 30149 -29621 30152
-29621 30149 -29618 30152
-29618 30149 -29578 30152
-29578 30149 -29576 30152
-29576 30149 -29000 30152
-29628 30152 -29612 30183
-29612 30152 -29609 30183
-29609 30152 -29608 30183
-29608 30152 -29581 30153
-29608 30153 -29581 30183
-29581 30152 -29572 30183
-29572 30152 -29558 30155
-29558 30152 -29547 30155
-29547 30152 -29000 30153
-29547 30153 -29000 30154
-29547 30154 -29000 30155
-29572 30155 -29536 30157
-29536 30155 -29517 30157
-29517 30155 -29000 30157
-29572 30157 -29000 30158
-29572 30158 -29564 30160
-29564 30158 -29545 30160
-29545 30158 -29000 30160
-29572 30160 -29571 30162
-29571 30160 -29552 30162
-29552 30160 -29000 30162
-29572 30162 -29568 30183
-29568 30162 -29547 30183
-29547 30162 -29526 30183
-29526 30162 -29000 30163
-29526 30163 -29495 30164
-29495 30163 -29000 30164
-29526 30164 -29000 30165
-29526 30165 -29491 30166
-29491 30165 -29000 30166
-29526 30166 -29000 30167
-29526 30167 -29503 30168
-29503 30167 -29000 30168
-29526 30168 -29000 30169
-29526 30169 -29505 30183
-29505 30169 -29000 30170
-29505 30170 -29000 30171
-29505 30171 -29488 30183
-29488 30171 -29465 30183
-29465 30171 -29442 30183
-29442 30171 -29440 30183
-29440 30171 -29000 30172
-29440 30172 -29436 30183
-29436 30172 -29416 30183
-29416 30172 -29000 30173
-29416 30173 -29000 30174
-29416 30174 -29000 30175
-29416 30175 -29393 30183
-29393 30175 -29380 30183
-29380 30175 -29000 30176
-29380 30176 -29000 30177
-29380 30177 -29379 30183
-29379 30177 -29000 30178
-29379 30178 -29000 30179
-29379 30179 -29366 30183
-29366 30179 -29000 30180
-29366 30180 -29354 30183
-29354 30180 -29000 30181
-29354 30181 -29330 30183
-29330 30181 -29000 30182
-29330 30182 -29000 30183
-29703 30183 -29702 30218
-29703 30218 -29702 31000
-29702 30183 -29672 30184
-29702 30184 -29672 30188
-29702 30188 -29672 30191
-29702 30191 -29672 30233
-29702 30233 -29701 30264
-29701 30233 -29672 30264
-29702 30264 -29672 30284
-29702 30284 -29701 30289
-29702 30289 -29701 31000
-29701 30284 -29700 30322
-29701 30322 -29700 31000
-29700 30284 -29698 30316
-29698 30284 -29672 30316
-29700 30316 -29698 30347
-29700 30347 -29698 30365
-29700 30365 -29699 31000
-29699 30365 -29698 31000
-29698 30316 -29696 30348
-29698 30348 -29696 30383
-29698 30383 -29697 31000
-29697 30383 -29696 31000
-29696 30316 -29672 30318
-29696 30318 -29672 30353
-29696 30353 -29695 30367
-29696 30367 -29695 31000
-29695 30353 -29694 30387
-29695 30387 -29694 31000
-29694 30353 -29672 30355
-29694 30355 -29672 30365
-29694 30365 -29672 30375
-29694 30375 -29672 30377
-29694 30377 -29672 30402
-29694 30402 -29672 30422
-29694 30422 -29672 30434
-29694 30434 -29672 30462
-29694 30462 -29672 30463
-29694 30463 -29693 31000
-29693 30463 -29692 31000
-29692 30463 -29672 30483
-29692 30483 -29691 31000
-29691 30483 -29672 30485
-29691 30485 -29672 30516
-29691 30516 -29672 30535
-29691 30535 -29672 30558
-29691 30558 -29690 31000
-29690 30558 -29672 30570
-29690 30570 -29689 31000
-29689 30570 -29688 30577
-29689 30577 -29688 31000
-29688 30570 -29672 30595
-29688 30595 -29686 30609
-29688 30609 -29686 30629
-29688 30629 -29686 31000
-29686 30595 -29672 30616
-29686 30616 -29672 30640
-29686 30640 -29685 31000
-29685 30640 -29684 31000
-29684 30640 -29683 31000
-29683 30640 -29672 30663
-29683 30663 -29672 30671
-29683 30671 -29682 31000
-29682 30671 -29681 31000
-29681 30671 -29672 30692
-29681 30692 -29672 30699
-29681 30699 -29672 30712
-29681 30712 -29672 30730
-29681 30730 -29680 31000
-29680 30730 -29679 31000
-29679 30730 -29672 30738
-29679 30738 -29672 30739
-29679 30739 -29678 31000
-29678 30739 -29677 31000
-29677 30739 -29676 31000
-29676 30739 -29672 31000
-29672 30183 -29670 30192
-29672 30192 -29670 30246
-29672 30246 -29671 31000
-29671 30246 -29670 31000
-29670 30183 -29669 30193
-29670 30193 -29669 31000
-29669 30183 -29668 30196
-29669 30196 -29668 31000
-29668 30183 -29667 30228
-29668 30228 -29667 31000
-29667 30183 -29656 30221
-29667 30221 -29666 30253
-29667 30253 -29666 31000
-29666 30221 -29656 30258
-29666 30258 -29665 30306
-29666 30306 -29665 31000
-29665 30258 -29656 30290
-29665 30290 -29656 30311
-29665 30311 -29656 30345
-29665 30345 -29656 30375
-29665 30375 -29656 30405
-29665 30405 -29656 30421
-29665 30421 -29656 30456
-29665 30456 -29656 30470
-29665 30470 -29656 30475
-29665 30475 -29656 30508
-29665 30508 -29664 31000
-29664 30508 -29663 31000
-29663 30508 -29656 30527
-29663 30527 -29662 31000
-29662 30527 -29656 30544
-29662 30544 -29661 31000
-29661 30544 -29660 31000
-29660 30544 -29656 30553
-29660 30553 -29659 31000
-29659 30553 -29656 30559
-29659 30559 -29658 31000
-29658 30559 -29656 30585
-29658 30585 -29656 31000
-29656 30183 -29655 30194
-29656 30194 -29655 31000
-29655 30183 -29654 30230
-29655 30230 -29654 31000
-29654 30183 -29649 30193
-29654 30193 -29653 30212
-29654 30212 -29653 31000
-29653 30193 -29649 30234
-29653 30234 -29649 30243
-29653 30243 -29649 30261
-29653 30261 -29652 31000
-29652 30261 -29651 30262
-29652 30262 -29651 31000
-29651 30261 -29650 30299
-29651 30299 -29650 31000
-29650 30261 -29649 30267
-29650 30267 -29649 31000
-29649 30183 -29629 30216
-29649 30216 -29629 30231
-29649 30231 -29629 30252
-29649 30252 -29648 30257
-29649 30257 -29648 31000
-29648 30252 -29647 30262
-29648 30262 -29647 31000
-29647 30252 -29646 30288
-29647 30288 -29646 31000
-29646 30252 -29645 30292
-29646 30292 -29645 31000
-29645 30252 -29644 30285
-29645 30285 -29644 31000
-29644 30252 -29643 30300
-29644 30300 -29643 31000
-29643 30252 -29642 30291
-29643 30291 -29642 31000
-29642 30252 -29641 30292
-29642 30292 -29641 31000
-29641 30252 -29629 30274
-29641 30274 -29629 30293
-29641 30293 -29640 30319
-29641 30319 -29640 31000
-29640 30293 -29629 30307
-29640 30307 -29639 30348
-29640 30348 -29639 31000
-29639 30307 -29638 30313
-29639 30313 -29638 31000
-29638 30307 -29629 30331
-29638 30331 -29629 30337
-29638 30337 -29637 30352
-29638 30352 -29637 31000
-29637 30337 -29629 30367
-29637 30367 -29636 30392
-29637 30392 -29636 31000
-29636 30367 -29635 30402
-29636 30402 -29635 31000
-29635 30367 -29634 30392
-29635 30392 -29634 31000
-29634 30367 -29633 30383
-29634 30383 -29633 31000
-29633 30367 -29629 30380
-29633 30380 -29632 31000
-29632 30380 -29629 30395
-29632 30395 -29631 31000
-29631 30395 -29629 30410
-29631 30410 -29630 31000
-29630 30410 -29629 30413
-29630 30413 -29629 31000
-29629 30183 -29619 30197
-29629 30197 -29628 30239
-29629 30239 -29628 31000
-29628 30197 -29619 30214
-29628 30214 -29627 30251
-29628 30251 -29627 31000
-29627 30214 -29619 30240
-29627 30240 -29626 30267
-29627 30267 -29626 31000
-29626 30240 -29625 30273
-29626 30273 -29625 31000
-29625 30240 -29619 30252
-29625 30252 -29619 30298
-29625 30298 -29624 31000
-29624 30298 -29623 30322
-29624 30322 -29623 31000
-29623 30298 -29622 30345
-29623 30345 -29622 31000
-29622 30298 -29619 30300
-29622 30300 -29619 30302
-29622 30302 -29619 30323
-29622 30323 -29619 30356
-29622 30356 -29619 30363
-29622 30363 -29619 31000
-29619 30183 -29618 30205
-29619 30205 -29618 31000
-29618 30183 -29578 30184
-29618 30184 -29578 30205
-29618 30205 -29578 30221
-29618 30221 -29578 30223
-29618 30223 -29578 30239
-29618 30239 -29578 30246
-29618 30246 -29578 30247
-29618 30247 -29578 30248
-29618 30248 -29578 30272
-29618 30272 -29578 30280
-29618 30280 -29578 30281
-29618 30281 -29578 30297
-29618 30297 -29615 30316
-29615 30297 -29578 30316
-29618 30316 -29578 30317
-29618 30317 -29578 30334
-29618 30334 -29617 30349
-29618 30349 -29617 31000
-29617 30334 -29616 30340
-29617 30340 -29616 31000
-29616 30334 -29578 30339
-29616 30339 -29614 30349
-29616 30349 -29614 30366
-29616 30366 -29615 31000
-29615 30366 -29614 31000
-29614 30339 -29578 30355
-29614 30355 -29613 30358
-29614 30358 -29613 31000
-29613 30355 -29611 30394
-29613 30394 -29612 31000
-29612 30394 -29611 30422
-29612 30422 -29611 31000
-29611 30355 -29608 30368
-29611 30368 -29608 30378
-29611 30378 -29610 31000
-29610 30378 -29609 31000
-29609 30378 -29608 30415
-29609 30415 -29608 31000
-29608 30355 -29578 30361
-29608 30361 -29605 30391
-29608 30391 -29605 30396
-29608 30396 -29605 30419
-29608 30419 -29605 30433
-29608 30433 -29605 31000
-29605 30361 -29604 30366
-29605 30366 -29604 31000
-29604 30361 -29603 30380
-29604 30380 -29603 31000
-29603 30361 -29602 30366
-29603 30366 -29602 31000
-29602 30361 -29601 30386
-29602 30386 -29601 31000
-29601 30361 -29578 30368
-29601 30368 -29578 30369
-29601 30369 -29578 30409
-29601 30409 -29600 31000
-29600 30409 -29599 31000
-29599 30409 -29598 31000
-29598 30409 -29597 30428
-29598 30428 -29597 31000
-29597 30409 -29596 30424
-29597 30424 -29596 31000
-29596 30409 -29578 30441
-29596 30441 -29595 31000
-29595 30441 -29594 30453
-29595 30453 -29594 31000
-29594 30441 -29578 30473
-29594 30473 -29592 30482
-29594 30482 -29593 31000
-29593 30482 -29592 31000
-29592 30473 -29591 30493
-29592 30493 -29591 31000
-29591 30473 -29578 30483
-29591 30483 -29590 31000
-29590 30483 -29589 30512
-29590 30512 -29589 31000
-29589 30483 -29578 30488
-29589 30488 -29578 30489
-29589 30489 -29588 31000
-29588 30489 -29578 30513
-29588 30513 -29587 31000
-29587 30513 -29578 30540
-29587 30540 -29578 30564
-29587 30564 -29578 30574
-29587 30574 -29578 30581
-29587 30581 -29578 30609
-29587 30609 -29578 30623
-29587 30623 -29586 31000
-29586 30623 -29585 31000
-29585 30623 -29584 31000
-29584 30623 -29583 31000
-29583 30623 -29582 31000
-29582 30623 -29581 31000
-29581 30623 -29578 30645
-29581 30645 -29578 30662
-29581 30662 -29578 30683
-29581 30683 -29580 31000
-29580 30683 -29578 31000
-29578 30183 -29577 30232
-29578 30232 -29577 31000
-29577 30183 -29576 30237
-29577 30237 -29576 31000
-29576 30183 -29575 30198
-29576 30198 -29575 31000
-29575 30183 -29573 30231
-29573 30183 -29572 30231
-29572 30183 -29554 30231
-29575 30231 -29554 30233
-29575 30233 -29554 30242
-29575 30242 -29554 30262
-29575 30262 -29554 30282
-29575 30282 -29554 30289
-29575 30289 -29574 30317
-29575 30317 -29574 31000
-29574 30289 -29554 30302
-29574 30302 -29572 30344
-29574 30344 -29573 31000
-29573 30344 -29572 30380
-29573 30380 -29572 31000
-29572 30302 -29554 30330
-29572 30330 -29571 30355
-29572 30355 -29571 31000
-29571 30330 -29554 30352
-29571 30352 -29569 30385
-29571 30385 -29570 31000
-29570 30385 -29569 30422
-29570 30422 -29569 31000
-29569 30352 -29567 30368
-29569 30368 -29568 31000
-29568 30368 -29567 30405
-29568 30405 -29567 31000
-29567 30352 -29566 30371
-29567 30371 -29566 31000
-29566 30352 -29554 30396
-29566 30396 -29554 30435
-29566 30435 -29554 30453
-29566 30453 -29565 31000
-29565 30453 -29564 31000
-29564 30453 -29554 30468
-29564 30468 -29554 30481
-29564 30481 -29554 30508
-29564 30508 -29554 30532
-29564 30532 -29554 30537
-29564 30537 -29563 31000
-29563 30537 -29562 31000
-29562 30537 -29561 31000
-29561 30537 -29554 30551
-29561 30551 -29554 30564
-29561 30564 -29560 31000
-29560 30564 -29559 31000
-29559 30564 -29554 30570
-29559 30570 -29554 30586
-29559 30586 -29558 31000
-29558 30586 -29557 31000
-29557 30586 -29556 31000
-29556 30586 -29555 31000
-29555 30586 -29554 31000
-29554 30183 -29531 30185
-29554 30185 -29531 30221
-29554 30221 -29552 30232
-29554 30232 -29552 30265
-29554 30265 -29553 31000
-29553 30265 -29552 31000
-29552 30221 -29531 30252
-29552 30252 -29531 30280
-29552 30280 -29551 30283
-29552 30283 -29551 31000
-29551 30280 -29550 30312
-29551 30312 -29550 31000
-29550 30280 -29549 30284
-29550 30284 -29549 31000
-29549 30280 -29548 30324
-29549 30324 -29548 31000
-29548 30280 -29546 30286
-29548 30286 -29546 30327
-29548 30327 -29546 30363
-29548 30363 -29546 31000
-29546 30280 -29545 30294
-29546 30294 -29545 31000
-29545 30280 -29531 30292
-29545 30292 -29531 30333
-29545 30333 -29544 30354
-29545 30354 -29544 31000
-29544 30333 -29531 30374
-29544 30374 -29543 30391
-29544 30391 -29543 31000
-29543 30374 -29542 30404
-29543 30404 -29542 31000
-29542 30374 -29541 30397
-29542 30397 -29541 31000
-29541 30374 -29540 30376
-29541 30376 -29540 31000
-29540 30374 -29531 30409
-29540 30409 -29531 30435
-29540 30435 -29531 30460
-29540 30460 -29531 30487
-29540 30487 -29531 30500
-29540 30500 -29539 31000
-29539 30500 -29531 30507
-29539 30507 -29531 30520
-29539 30520 -29538 31000
-29538 30520 -29531 30544
-29538 30544 -29537 31000
-29537 30544 -29536 31000
-29536 30544 -29531 30568
-29536 30568 -29535 31000
-29535 30568 -29531 30597
-29535 30597 -29531 30603
-29535 30603 -29534 31000
-29534 30603 -29531 30609
-29534 30609 -29533 31000
-29533 30609 -29532 31000
-29532 30609 -29531 31000
-29531 30183 -29000 30184
-29531 30184 -29496 30185
-29496 30184 -29000 30185
-29531 30185 -29521 30198
-29521 30185 -29000 30186
-29521 30186 -29000 30187
-29521 30187 -29510 30198
-29510 30187 -29499 30198
-29499 30187 -29000 30188
-29499 30188 -29473 30198
-29473 30188 -29000 30189
-29473 30189 -29458 30198
-29458 30189 -29000 30190
-29458 30190 -29437 30198
-29437 30190 -29407 30198
-29407 30190 -29384 30198
-29384 30190 -29375 30198
-29375 30190 -29000 30191
-29375 30191 -29000 30192
-29375 30192 -29366 30198
-29366 30192 -29000 30193
-29366 30193 -29000 30194
-29366 30194 -29000 30195
-29366 30195 -29000 30198
-29531 30198 -29525 30241
-29525 30198 -29521 30241
-29521 30198 -29507 30241
-29507 30198 -29000 30199
-29507 30199 -29506 30241
-29506 30199 -29481 30200
-29506 30200 -29481 30241
-29481 30199 -29000 30200
-29481 30200 -29000 30201
-29481 30201 -29465 30203
-29465 30201 -29000 30203
-29481 30203 -29471 30241
-29471 30203 -29000 30204
-29471 30204 -29000 30205
-29471 30205 -29000 30206
-29471 30206 -29467 30207
-29467 30206 -29000 30207
-29471 30207 -29000 30208
-29471 30208 -29439 30210
-29439 30208 -29429 30210
-29429 30208 -29000 30210
-29471 30210 -29458 30241
-29458 30210 -29429 30212
-29458 30212 -29429 30241
-29429 30210 -29422 30212
-29422 30210 -29000 30212
-29429 30212 -29000 30213
-29429 30213 -29418 30241
-29418 30213 -29393 30215
-29418 30215 -29393 30241
-29393 30213 -29379 30241
-29379 30213 -29000 30214
-29379 30214 -29000 30215
-29379 30215 -29000 30216
-29379 30216 -29000 30217
-29379 30217 -29000 30218
-29379 30218 -29369 30241
-29369 30218 -29000 30219
-29369 30219 -29000 30220
-29369 30220 -29000 30221
-29369 30221 -29363 30223
-29363 30221 -29000 30223
-29369 30223 -29000 30224
-29369 30224 -29344 30226
-29344 30224 -29000 30226
-29369 30226 -29000 30227
-29369 30227 -29000 30228
-29369 30228 -29365 30241
-29365 30228 -29000 30229
-29365 30229 -29360 30241
-29360 30229 -29356 30241
-29356 30229 -29351 30241
-29351 30229 -29000 30230
-29351 30230 -29332 30241
-29332 30230 -29316 30241
-29316 30230 -29296 30241
-29296 30230 -29000 30231
-29296 30231 -29000 30232
-29296 30232 -29000 30233
-29296 30233 -29282 30241
-29282 30233 -29000 30234
-29282 30234 -29263 30241
-29263 30234 -29000 30235
-29263 30235 -29249 30241
-29249 30235 -29000 30236
-29249 30236 -29000 30237
-29249 30237 -29248 30241
-29248 30237 -29000 30241
-29531 30241 -29527 30243
-29527 30241 -29000 30242
-29527 30242 -29000 30243
-29531 30243 -29524 30285
-29524 30243 -29494 30246
-29494 30243 -29486 30246
-29486 30243 -29000 30244
-29486 30244 -29000 30246
-29524 30246 -29000 30247
-29524 30247 -29507 30285
-29507 30247 -29000 30248
-29507 30248 -29498 30249
-29498 30248 -29000 30249
-29507 30249 -29000 30250
-29507 30250 -29475 30253
-29507 30253 -29506 30285
-29506 30253 -29475 30285
-29475 30250 -29468 30253
-29468 30250 -29446 30253
-29446 30250 -29417 30253
-29417 30250 -29000 30253
-29475 30253 -29000 30254
-29475 30254 -29461 30285
-29461 30254 -29000 30255
-29461 30255 -29444 30285
-29444 30255 -29417 30257
-29417 30255 -29000 30256
-29417 30256 -29000 30257
-29444 30257 -29431 30285
-29431 30257 -29424 30285
-29424 30257 -29412 30285
-29412 30257 -29403 30285
-29403 30257 -29380 30259
-29380 30257 -29000 30259
-29403 30259 -29386 30285
-29386 30259 -29381 30285
-29381 30259 -29361 30285
-29361 30259 -29000 30260
-29361 30260 -29339 30262
-29339 30260 -29000 30262
-29361 30262 -29336 30263
-29361 30263 -29336 30285
-29336 30262 -29329 30285
-29329 30262 -29000 30263
-29329 30263 -29323 30285
-29323 30263 -29315 30285
-29315 30263 -29310 30285
-29310 30263 -29301 30285
-29301 30263 -29281 30285
-29281 30263 -29275 30285
-29275 30263 -29268 30285
-29268 30263 -29255 30285
-29255 30263 -29241 30285
-29241 30263 -29000 30264
-29241 30264 -29000 30266
-29241 30266 -29000 30267
-29241 30267 -29000 30268
-29241 30268 -29000 30269
-29241 30269 -29240 30285
-29240 30269 -29000 30271
-29240 30271 -29000 30272
-29240 30272 -29000 30273
-29240 30273 -29239 30285
-29239 30273 -29000 30274
-29239 30274 -29000 30275
-29239 30275 -29231 30285
-29231 30275 -29226 30285
-29226 30275 -29224 30285
-29224 30275 -29216 30285
-29216 30275 -29000 30285
-29531 30285 -29529 30297
-29531 30297 -29530 31000
-29530 30297 -29529 30303
-29530 30303 -29529 31000
-29529 30285 -29527 30288
-29529 30288 -29528 31000
-29528 30288 -29527 30317
-29528 30317 -29527 31000
-29527 30285 -29504 30291
-29527 30291 -29526 30321
-29527 30321 -29526 31000
-29526 30291 -29525 30308
-29526 30308 -29525 31000
-29525 30291 -29504 30321
-29525 30321 -29504 30343
-29525 30343 -29504 30346
-29525 30346 -29523 30351
-29525 30351 -29523 30366
-29525 30366 -29524 31000
-29524 30366 -29523 31000
-29523 30346 -29504 30354
-29523 30354 -29522 31000
-29522 30354 -29521 30365
-29522 30365 -29521 31000
-29521 30354 -29504 30356
-29521 30356 -29504 30376
-29521 30376 -29520 30418
-29520 30376 -29504 30418
-29521 30418 -29519 30425
-29521 30425 -29519 30431
-29521 30431 -29519 31000
-29519 30418 -29518 31000
-29518 30418 -29517 31000
-29517 30418 -29504 30433
-29517 30433 -29516 31000
-29516 30433 -29504 30443
-29516 30443 -29504 30469
-29516 30469 -29504 30472
-29516 30472 -29504 30492
-29516 30492 -29504 30500
-29516 30500 -29504 30512
-29516 30512 -29504 30535
-29516 30535 -29504 30537
-29516 30537 -29504 30548
-29516 30548 -29515 31000
-29515 30548 -29514 31000
-29514 30548 -29513 31000
-29513 30548 -29512 31000
-29512 30548 -29511 31000
-29511 30548 -29510 31000
-29510 30548 -29509 31000
-29509 30548 -29508 31000
-29508 30548 -29507 31000
-29507 30548 -29506 31000
-29506 30548 -29504 30565
-29506 30565 -29504 30584
-29506 30584 -29505 31000
-29505 30584 -29504 31000
-29504 30285 -29000 30286
-29504 30286 -29487 30287
-29487 30286 -29000 30287
-29504 30287 -29501 30309
-29501 30287 -29482 30309
-29482 30287 -29469 30309
-29469 30287 -29444 30309
-29444 30287 -29442 30289
-29442 30287 -29000 30289
-29444 30289 -29000 30290
-29444 30290 -29000 30291
-29444 30291 -29000 30292
-29444 30292 -29437 30309
-29437 30292 -29427 30294
-29427 30292 -29000 30294
-29437 30294 -29428 30309
-29428 30294 -29000 30295
-29428 30295 -29000 30296
-29428 30296 -29000 30297
-29428 30297 -29000 30298
-29428 30298 -29000 30299
-29428 30299 -29000 30300
-29428 30300 -29000 30301
-29428 30301 -29000 30302
-29428 30302 -29000 30303
-29428 30303 -29000 30304
-29428 30304 -29401 30309
-29401 30304 -29000 30305
-29401 30305 -29390 30309
-29390 30305 -29366 30309
-29366 30305 -29000 30306
-29366 30306 -29363 30309
-29363 30306 -29355 30309
-29355 30306 -29000 30307
-29355 30307 -29000 30308
-29355 30308 -29000 30309
-29504 30309 -29503 30354
-29504 30354 -29503 31000
-29503 30309 -29502 30352
-29503 30352 -29502 31000
-29502 30309 -29501 30343
-29502 30343 -29501 31000
-29501 30309 -29500 30331
-29501 30331 -29500 31000
-29500 30309 -29485 30334
-29500 30334 -29485 30364
-29500 30364 -29485 30397
-29500 30397 -29499 31000
-29499 30397 -29498 31000
-29498 30397 -29497 30427
-29498 30427 -29497 31000
-29497 30397 -29496 30410
-29497 30410 -29496 31000
-29496 30397 -29495 30415
-29496 30415 -29495 31000
-29495 30397 -29485 30415
-29495 30415 -29494 31000
-29494 30415 -29485 30416
-29494 30416 -29493 31000
-29493 30416 -29492 30454
-29493 30454 -29492 31000
-29492 30416 -29491 30442
-29492 30442 -29491 31000
-29491 30416 -29490 30432
-29491 30432 -29490 31000
-29490 30416 -29485 30447
-29490 30447 -29485 30460
-29490 30460 -29485 30484
-29490 30484 -29485 30517
-29490 30517 -29485 30539
-29490 30539 -29489 31000
-29489 30539 -29488 31000
-29488 30539 -29485 30562
-29488 30562 -29487 31000
-29487 30562 -29485 31000
-29485 30309 -29483 30351
-29483 30309 -29454 30310
-29483 30310 -29454 30351
-29454 30309 -29000 30310
-29454 30310 -29000 30311
-29454 30311 -29000 30312
-29454 30312 -29453 30351
-29453 30312 -29433 30351
-29433 30312 -29412 30315
-29412 30312 -29000 30313
-29412 30313 -29000 30314
-29412 30314 -29000 30315
-29433 30315 -29411 30317
-29411 30315 -29000 30317
-29433 30317 -29000 30318
-29433 30318 -29432 30320
-29432 30318 -29000 30319
-29432 30319 -29000 30320
-29433 30320 -29427 30322
-29427 30320 -29000 30322
-29433 30322 -29000 30323
-29433 30323 -29000 30324
-29433 30324 -29408 30326
-29433 30326 -29408 30351
-29408 30324 -29000 30325
-29408 30325 -29000 30326
-29408 30326 -29397 30351
-29397 30326 -29000 30327
-29397 30327 -29000 30328
-29397 30328 -29000 30329
-29397 30329 -29382 30351
-29382 30329 -29361 30351
-29361 30329 -29337 30351
-29337 30329 -29335 30351
-29335 30329 -29000 30330
-29335 30330 -29325 30351
-29325 30330 -29317 30351
-29317 30330 -29307 30351
-29307 30330 -29000 30331
-29307 30331 -29000 30332
-29307 30332 -29000 30333
-29307 30333 -29290 30351
-29290 30333 -29279 30335
-29279 30333 -29000 30335
-29290 30335 -29000 30336
-29290 30336 -29000 30337
-29290 30337 -29276 30351
-29276 30337 -29000 30338
-29276 30338 -29272 30351
-29272 30338 -29260 30351
-29260 30338 -29000 30339
-29260 30339 -29000 30340
-29260 30340 -29246 30351
-29246 30340 -29230 30351
-29230 30340 -29000 30341
-29230 30341 -29223 30351
-29223 30341 -29000 30342
-29223 30342 -29000 30343
-29223 30343 -29218 30351
-29218 30343 -29209 30351
-29209 30343 -29000 30351
-29485 30351 -29460 30352
-29485 30352 -29484 31000
-29484 30352 -29483 31000
-29483 30352 -29460 30377
-29483 30377 -29481 30414
-29483 30414 -29482 31000
-29482 30414 -29481 31000
-29481 30377 -29480 30398
-29481 30398 -29480 31000
-29480 30377 -29460 30379
-29480 30379 -29460 30411
-29480 30411 -29479 31000
-29479 30411 -29460 30418
-29479 30418 -29478 30457
-29478 30418 -29460 30457
-29479 30457 -29478 31000
-29478 30457 -29460 30486
-29478 30486 -29477 31000
-29477 30486 -29476 31000
-29476 30486 -29475 30508
-29476 30508 -29475 31000
-29475 30486 -29460 30521
-29475 30521 -29474 31000
-29474 30521 -29473 30529
-29474 30529 -29473 31000
-29473 30521 -29460 30540
-29473 30540 -29460 30565
-29473 30565 -29472 31000
-29472 30565 -29460 30579
-29472 30579 -29460 30605
-29472 30605 -29471 31000
-29471 30605 -29460 30608
-29471 30608 -29470 31000
-29470 30608 -29460 30629
-29470 30629 -29469 31000
-29469 30629 -29460 30647
-29469 30647 -29460 30671
-29469 30671 -29460 30680
-29469 30680 -29460 30698
-29469 30698 -29460 30705
-29469 30705 -29460 30714
-29469 30714 -29468 31000
-29468 30714 -29460 30729
-29468 30729 -29460 30747
-29468 30747 -29460 30755
-29468 30755 -29467 31000
-29467 30755 -29466 31000
-29466 30755 -29460 30760
-29466 30760 -29460 31000
-29460 30351 -29455 30353
-29455 30351 -29000 30353
-29460 30353 -29442 30372
-29442 30353 -29000 30354
-29442 30354 -29000 30355
-29442 30355 -29000 30356
-29442 30356 -29431 30372
-29431 30356 -29000 30357
-29431 30357 -29000 30358
-29431 30358 -29427 30372
-29427 30358 -29000 30359
-29427 30359 -29399 30372
-29399 30359 -29380 30372
-29380 30359 -29364 30372
-29364 30359 -29000 30360
-29364 30360 -29341 30372
-29341 30360 -29000 30361
-29341 30361 -29000 30362
-29341 30362 -29327 30372
-29327 30362 -29000 30363
-29327 30363 -29326 30372
-29326 30363 -29313 30372
-29313 30363 -29000 30364
-29313 30364 -29304 30372
-29304 30364 -29296 30372
-29296 30364 -29283 30372
-29283 30364 -29000 30365
-29283 30365 -29264 30372
-29264 30365 -29000 30372
-29460 30372 -29436 30374
-29436 30372 -29000 30374
-29460 30374 -29457 30377
-29457 30374 -29000 30375
-29457 30375 -29451 30377
-29451 30375 -29000 30377
-29460 30377 -29000 30378
-29460 30378 -29000 30379
-29460 30379 -29450 30380
-29450 30379 -29000 30380
-29460 30380 -29444 30382
-29444 30380 -29000 30382
-29460 30382 -29455 30384
-29455 30382 -29000 30384
-29460 30384 -29433 30386
-29433 30384 -29000 30386
-29460 30386 -29445 30407
-29445 30386 -29436 30388
-29436 30386 -29000 30388
-29445 30388 -29000 30389
-29445 30389 -29427 30391
-29427 30389 -29000 30390
-29427 30390 -29000 30391
-29445 30391 -29432 30407
-29432 30391 -29424 30407
-29424 30391 -29405 30407
-29405 30391 -29388 30407
-29388 30391 -29365 30393
-29365 30391 -29000 30393
-29388 30393 -29367 30407
-29367 30393 -29359 30407
-29359 30393 -29336 30407
-29336 30393 -29000 30394
-29336 30394 -29327 30407
-29327 30394 -29310 30407
-29310 30394 -29299 30407
-29299 30394 -29282 30407
-29282 30394 -29275 30407
-29275 30394 -29268 30407
-29268 30394 -29260 30407
-29260 30394 -29000 30395
-29260 30395 -29000 30396
-29260 30396 -29258 30407
-29258 30396 -29252 30407
-29252 30396 -29250 30407
-29250 30396 -29243 30407
-29243 30396 -29000 30397
-29243 30397 -29000 30407
-29460 30407 -29455 30412
-29455 30407 -29000 30408
-29455 30408 -29000 30409
-29455 30409 -29431 30412
-29431 30409 -29000 30410
-29431 30410 -29000 30412
-29460 30412 -29448 30419
-29460 30419 -29448 30421
-29460 30421 -29459 31000
-29459 30421 -29448 30423
-29459 30423 -29448 30432
-29459 30432 -29448 30468
-29459 30468 -29458 31000
-29458 30468 -29457 31000
-29457 30468 -29456 31000
-29456 30468 -29448 30501
-29456 30501 -29455 31000
-29455 30501 -29454 31000
-29454 30501 -29448 30516
-29454 30516 -29453 31000
-29453 30516 -29448 30541
-29453 30541 -29452 31000
-29452 30541 -29448 30572
-29452 30572 -29448 30573
-29452 30573 -29451 31000
-29451 30573 -29450 31000
-29450 30573 -29448 31000
-29448 30412 -29000 30413
-29448 30413 -29430 30415
-29430 30413 -29000 30414
-29430 30414 -29000 30415
-29448 30415 -29445 30442
-29445 30415 -29424 30417
-29424 30415 -29000 30417
-29445 30417 -29442 30442
-29442 30417 -29000 30418
-29442 30418 -29000 30419
-29442 30419 -29440 30442
-29440 30419 -29418 30421
-29418 30419 -29000 30421
-29440 30421 -29423 30442
-29423 30421 -29419 30423
-29419 30421 -29000 30423
-29423 30423 -29411 30442
-29411 30423 -29390 30442
-29390 30423 -29000 30424
-29390 30424 -29000 30425
-29390 30425 -29387 30442
-29387 30425 -29384 30427
-29384 30425 -29000 30427
-29387 30427 -29380 30442
-29380 30427 -29000 30428
-29380 30428 -29000 30429
-29380 30429 -29377 30442
-29377 30429 -29000 30430
-29377 30430 -29361 30442
-29361 30430 -29000 30431
-29361 30431 -29352 30442
-29352 30431 -29347 30442
-29347 30431 -29000 30432
-29347 30432 -29000 30433
-29347 30433 -29345 30442
-29345 30433 -29325 30442
-29325 30433 -29000 30434
-29325 30434 -29000 30435
-29325 30435 -29000 30436
-29325 30436 -29000 30442
-29448 30442 -29447 31000
-29447 30442 -29446 31000
-29446 30442 -29445 31000
-29445 30442 -29437 30453
-29445 30453 -29437 30460
-29445 30460 -29444 31000
-29444 30460 -29443 31000
-29443 30460 -29442 31000
-29442 30460 -29437 30461
-29442 30461 -29441 31000
-29441 30461 -29440 30479
-29441 30479 -29440 31000
-29440 30461 -29439 30473
-29440 30473 -29439 31000
-29439 30461 -29437 30485
-29439 30485 -29437 30501
-29439 30501 -29438 31000
-29438 30501 -29437 31000
-29437 30442 -29428 30472
-29437 30472 -29436 31000
-29436 30472 -29435 31000
-29435 30472 -29434 31000
-29434 30472 -29433 31000
-29433 30472 -29432 30493
-29433 30493 -29432 31000
-29432 30472 -29428 30501
-29432 30501 -29428 30514
-29432 30514 -29431 31000
-29431 30514 -29430 31000
-29430 30514 -29428 30522
-29430 30522 -29429 31000
-29429 30522 -29428 30537
-29429 30537 -29428 31000
-29428 30442 -29420 30473
-29428 30473 -29420 30477
-29428 30477 -29427 31000
-29427 30477 -29420 30500
-29427 30500 -29420 30526
-29427 30526 -29420 30540
-29427 30540 -29420 30561
-29427 30561 -29420 30581
-29427 30581 -29426 31000
-29426 30581 -29425 31000
-29425 30581 -29420 30588
-29425 30588 -29420 30593
-29425 30593 -29420 31000
-29420 30442 -29413 30451
-29413 30442 -29392 30451
-29392 30442 -29368 30451
-29368 30442 -29366 30451
-29366 30442 -29000 30443
-29366 30443 -29000 30444
-29366 30444 -29361 30451
-29361 30444 -29000 30445
-29361 30445 -29000 30446
-29361 30446 -29359 30451
-29359 30446 -29000 30451
-29420 30451 -29409 30485
-29420 30485 -29409 30496
-29420 30496 -29409 30517
-29420 30517 -29419 31000
-29419 30517 -29418 31000
-29418 30517 -29417 31000
-29417 30517 -29416 31000
-29416 30517 -29415 31000
-29415 30517 -29414 31000
-29414 30517 -29409 30521
-29414 30521 -29409 30546
-29414 30546 -29409 30556
-29414 30556 -29413 31000
-29413 30556 -29412 31000
-29412 30556 -29409 30579
-29412 30579 -29411 31000
-29411 30579 -29410 31000
-29410 30579 -29409 31000
-29409 30451 -29408 31000
-29408 30451 -29385 30454
-29408 30454 -29385 30455
-29408 30455 -29385 30468
-29408 30468 -29406 30503
-29406 30468 -29385 30503
-29408 30503 -29407 30536
-29407 30503 -29385 30536
-29408 30536 -29406 30565
-29406 30536 -29385 30565
-29408 30565 -29407 31000
-29407 30565 -29385 30593
-29407 30593 -29385 30605
-29407 30605 -29405 30618
-29407 30618 -29405 31000
-29405 30605 -29403 30622
-29405 30622 -29403 31000
-29403 30605 -29385 30619
-29403 30619 -29385 30636
-29403 30636 -29385 30650
-29403 30650 -29385 30669
-29403 30669 -29385 30685
-29403 30685 -29385 30687
-29403 30687 -29402 31000
-29402 30687 -29385 30695
-29402 30695 -29400 31000
-29400 30695 -29385 30705
-29400 30705 -29385 30718
-29400 30718 -29385 30723
-29400 30723 -29385 30742
-29400 30742 -29385 30760
-29400 30760 -29385 30776
-29400 30776 -29385 30779
-29400 30779 -29399 31000
-29399 30779 -29385 30793
-29399 30793 -29398 31000
-29398 30793 -29385 30797
-29398 30797 -29397 31000
-29397 30797 -29385 30806
-29397 30806 -29385 31000
-29385 30451 -29380 30453
-29380 30451 -29000 30453
-29385 30453 -29359 30475
-29359 30453 -29347 30475
-29347 30453 -29000 30454
-29347 30454 -29000 30455
-29347 30455 -29000 30456
-29347 30456 -29330 30475
-29330 30456 -29000 30457
-29330 30457 -29000 30458
-29330 30458 -29311 30460
-29311 30458 -29000 30460
-29330 30460 -29000 30461
-29330 30461 -29000 30462
-29330 30462 -29316 30475
-29316 30462 -29000 30463
-29316 30463 -29000 30464
-29316 30464 -29000 30465
-29316 30465 -29000 30466
-29316 30466 -29000 30467
-29316 30467 -29000 30468
-29316 30468 -29301 30475
-29301 30468 -29000 30469
-29301 30469 -29000 30470
-29301 30470 -29285 30475
-29285 30470 -29265 30475
-29265 30470 -29000 30471
-29265 30471 -29000 30475
-29385 30475 -29368 30511
-29368 30475 -29367 30511
-29367 30475 -29346 30511
-29346 30475 -29344 30511
-29344 30475 -29322 30511
-29322 30475 -29000 30476
-29322 30476 -29321 30511
-29321 30476 -29307 30511
-29307 30476 -29286 30479
-29307 30479 -29286 30511
-29286 30476 -29277 30511
-29277 30476 -29262 30479
-29262 30476 -29000 30479
-29277 30479 -29259 30511
-29259 30479 -29247 30511
-29247 30479 -29242 30511
-29242 30479 -29000 30480
-29242 30480 -29000 30482
-29242 30482 -29000 30484
-29242 30484 -29000 30485
-29242 30485 -29000 30486
-29242 30486 -29000 30488
-29242 30488 -29000 30490
-29242 30490 -29228 30511
-29228 30490 -29222 30511
-29222 30490 -29207 30511
-29207 30490 -29203 30511
-29203 30490 -29000 30492
-29203 30492 -29000 30493
-29203 30493 -29193 30511
-29193 30493 -29187 30511
-29187 30493 -29000 30495
-29187 30495 -29000 30496
-29187 30496 -29000 30498
-29187 30498 -29176 30511
-29176 30498 -29167 30511
-29167 30498 -29000 30499
-29167 30499 -29159 30511
-29159 30499 -29000 30500
-29159 30500 -29000 30501
-29159 30501 -29156 30511
-29156 30501 -29000 30511
-29385 30511 -29000 30512
-29385 30512 -29000 30513
-29385 30513 -29000 30514
-29385 30514 -29000 30515
-29385 30515 -29383 30541
-29383 30515 -29360 30541
-29360 30515 -29341 30541
-29341 30515 -29000 30516
-29341 30516 -29000 30517
-29341 30517 -29000 30518
-29341 30518 -29000 30519
-29341 30519 -29000 30520
-29341 30520 -29000 30521
-29341 30521 -29000 30522
-29341 30522 -29000 30523
-29341 30523 -29326 30541
-29326 30523 -29322 30525
-29322 30523 -29000 30525
-29326 30525 -29304 30527
-29304 30525 -29000 30527
-29326 30527 -29311 30541
-29311 30527 -29000 30528
-29311 30528 -29000 30529
-29311 30529 -29294 30541
-29294 30529 -29000 30530
-29294 30530 -29000 30531
-29294 30531 -29283 30541
-29283 30531 -29267 30541
-29267 30531 -29000 30532
-29267 30532 -29000 30533
-29267 30533 -29261 30541
-29261 30533 -29252 30541
-29252 30533 -29000 30534
-29252 30534 -29235 30541
-29235 30534 -29000 30541
-29385 30541 -29384 31000
-29384 30541 -29370 30553
-29384 30553 -29383 31000
-29383 30553 -29370 30554
-29383 30554 -29370 30562
-29383 30562 -29382 31000
-29382 30562 -29370 30588
-29382 30588 -29370 30590
-29382 30590 -29381 31000
-29381 30590 -29380 31000
-29380 30590 -29379 31000
-29379 30590 -29370 30593
-29379 30593 -29370 30606
-29379 30606 -29370 30613
-29379 30613 -29370 30619
-29379 30619 -29378 31000
-29378 30619 -29377 31000
-29377 30619 -29370 30620
-29377 30620 -29376 31000
-29376 30620 -29370 30642
-29376 30642 -29370 31000
-29370 30541 -29350 30547
-29350 30541 -29334 30547
-29334 30541 -29324 30547
-29324 30541 -29313 30547
-29313 30541 -29298 30547
-29298 30541 -29000 30547
-29370 30547 -29351 30550
-29370 30550 -29369 31000
-29369 30550 -29368 31000
-29368 30550 -29367 31000
-29367 30550 -29351 30564
-29367 30564 -29351 30577
-29367 30577 -29366 31000
-29366 30577 -29365 31000
-29365 30577 -29351 30586
-29365 30586 -29351 30588
-29365 30588 -29364 31000
-29364 30588 -29351 30608
-29364 30608 -29363 31000
-29363 30608 -29362 31000
-29362 30608 -29351 30619
-29362 30619 -29361 31000
-29361 30619 -29351 30622
-29361 30622 -29360 31000
-29360 30622 -29359 31000
-29359 30622 -29358 31000
-29358 30622 -29351 30625
-29358 30625 -29357 31000
-29357 30625 -29356 31000
-29356 30625 -29355 31000
-29355 30625 -29351 30631
-29355 30631 -29351 31000
-29351 30547 -29342 30554
-29351 30554 -29350 31000
-29350 30554 -29342 30581
-29350 30581 -29349 31000
-29349 30581 -29348 31000
-29348 30581 -29347 31000
-29347 30581 -29342 30585
-29347 30585 -29342 30609
-29347 30609 -29342 30626
-29347 30626 -29342 30649
-29347 30649 -29346 31000
-29346 30649 -29342 31000
-29342 30547 -29341 31000
-29341 30547 -29340 31000
-29340 30547 -29319 30548
-29340 30548 -29338 30570
-29340 30570 -29338 31000
-29338 30548 -29319 30569
-29338 30569 -29337 31000
-29337 30569 -29336 31000
-29336 30569 -29319 30572
-29336 30572 -29335 31000
-29335 30572 -29334 31000
-29334 30572 -29319 30577
-29334 30577 -29319 30584
-29334 30584 -29333 31000
-29333 30584 -29332 31000
-29332 30584 -29331 31000
-29331 30584 -29319 30589
-29331 30589 -29330 31000
-29330 30589 -29319 30591
-29330 30591 -29329 31000
-29329 30591 -29328 31000
-29328 30591 -29327 31000
-29327 30591 -29319 30610
-29327 30610 -29319 30622
-29327 30622 -29326 31000
-29326 30622 -29325 31000
-29325 30622 -29319 30647
-29325 30647 -29319 30661
-29325 30661 -29324 31000
-29324 30661 -29323 31000
-29323 30661 -29319 31000
-29319 30547 -29000 30548
-29319 30548 -29000 30549
-29319 30549 -29304 30557
-29304 30549 -29000 30550
-29304 30550 -29292 30557
-29292 30550 -29000 30551
-29292 30551 -29000 30552
-29292 30552 -29284 30557
-29284 30552 -29000 30557
-29319 30557 -29306 30584
-29319 30584 -29318 31000
-29318 30584 -29306 30588
-29318 30588 -29306 30614
-29318 30614 -29306 30634
-29318 30634 -29317 31000
-29317 30634 -29316 31000
-29316 30634 -29315 31000
-29315 30634 -29314 31000
-29314 30634 -29313 31000
-29313 30634 -29312 31000
-29312 30634 -29311 31000
-29311 30634 -29306 30656
-29311 30656 -29306 30674
-29311 30674 -29310 31000
-29310 30674 -29306 30676
-29310 30676 -29306 31000
-29306 30557 -29296 30572
-29306 30572 -29296 30601
-29306 30601 -29305 31000
-29305 30601 -29304 31000
-29304 30601 -29303 31000
-29303 30601 -29296 30621
-29303 30621 -29302 31000
-29302 30621 -29301 31000
-29301 30621 -29300 31000
-29300 30621 -29296 30626
-29300 30626 -29296 30648
-29300 30648 -29296 30665
-29300 30665 -29296 31000
-29296 30557 -29295 31000
-29295 30557 -29294 31000
-29294 30557 -29286 30561
-29294 30561 -29286 30562
-29294 30562 -29286 30571
-29294 30571 -29293 31000
-29293 30571 -29292 31000
-29292 30571 -29286 30583
-29292 30583 -29291 31000
-29291 30583 -29290 31000
-29290 30583 -29286 30608
-29290 30608 -29289 31000
-29289 30608 -29286 31000
-29286 30557 -29000 30558
-29286 30558 -29271 30569
-29271 30558 -29000 30559
-29271 30559 -29257 30569
-29257 30559 -29248 30569
-29248 30559 -29239 30569
-29239 30559 -29000 30560
-29239 30560 -29237 30569
-29237 30560 -29000 30561
-29237 30561 -29000 30569
-29286 30569 -29000 30571
-29286 30571 -29000 30573
-29286 30573 -29000 30574
-29286 30574 -29269 30586
-29269 30574 -29267 30586
-29267 30574 -29265 30586
-29265 30574 -29000 30575
-29265 30575 -29261 30586
-29261 30575 -29251 30586
-29251 30575 -29000 30576
-29251 30576 -29246 30586
-29246 30576 -29000 30577
-29246 30577 -29000 30578
-29246 30578 -29240 30586
-29240 30578 -29000 30586
-29286 30586 -29281 30598
-29281 30586 -29000 30587
-29281 30587 -29267 30598
-29267 30587 -29000 30588
-29267 30588 -29263 30598
-29263 30588 -29248 30598
-29248 30588 -29000 30589
-29248 30589 -29245 30598
-29245 30589 -29233 30598
-29233 30589 -29000 30598
-29286 30598 -29285 31000
-29285 30598 -29284 31000
-29284 30598 -29283 31000
-29283 30598 -29282 31000
-29282 30598 -29279 30610
-29282 30610 -29281 31000
-29281 30610 -29279 31000
-29279 30598 -29278 31000
-29278 30598 -29277 31000
-29277 30598 -29272 30617
-29277 30617 -29272 30619
-29277 30619 -29272 30635
-29277 30635 -29276 31000
-29276 30635 -29275 31000
-29275 30635 -29272 31000
-29272 30598 -29263 30615
-29272 30615 -29263 30619
-29272 30619 -29263 30631
-29272 30631 -29263 30645
-29272 30645 -29263 30665
-29272 30665 -29263 30666
-29272 30666 -29271 31000
-29271 30666 -29270 31000
-29270 30666 -29269 31000
-29269 30666 -29263 30685
-29269 30685 -29263 31000
-29263 30598 -29000 30599
-29263 30599 -29254 30605
-29254 30599 -29241 30605
-29241 30599 -29000 30600
-29241 30600 -29000 30605
-29263 30605 -29000 30606
-29263 30606 -29248 30618
-29248 30606 -29000 30607
-29248 30607 -29233 30618
-29233 30607 -29221 30618
-29221 30607 -29215 30618
-29215 30607 -29000 30608
-29215 30608 -29000 30609
-29215 30609 -29204 30618
-29204 30609 -29000 30618
-29263 30618 -29245 30621
-29245 30618 -29000 30621
-29263 30621 -29262 31000
-29262 30621 -29260 30627
-29262 30627 -29260 31000
-29260 30621 -29247 30630
-29260 30630 -29247 30653
-29260 30653 -29259 31000
-29259 30653 -29258 31000
-29258 30653 -29247 30664
-29258 30664 -29247 30667
-29258 30667 -29247 30686
-29258 30686 -29247 30691
-29258 30691 -29247 30692
-29258 30692 -29257 31000
-29257 30692 -29247 30707
-29257 30707 -29256 31000
-29256 30707 -29255 31000
-29255 30707 -29254 31000
-29254 30707 -29247 31000
-29247 30621 -29244 30625
-29244 30621 -29233 30625
-29233 30621 -29000 30625
-29247 30625 -29246 31000
-29246 30625 -29245 31000
-29245 30625 -29244 31000
-29244 30625 -29243 31000
-29243 30625 -29242 31000
-29242 30625 -29241 31000
-29241 30625 -29240 31000
-29240 30625 -29236 30631
-29240 30631 -29239 31000
-29239 30631 -29236 30635
-29239 30635 -29236 30641
-29239 30641 -29236 30650
-29239 30650 -29236 31000
-29236 30625 -29000 30626
-29236 30626 -29000 30629
-29236 30629 -29232 30653
-29236 30653 -29232 30669
-29236 30669 -29232 30680
-29236 30680 -29232 31000
-29232 30629 -29000 30630
-29232 30630 -29000 30631
-29232 30631 -29231 30644
-29231 30631 -29215 30644
-29215 30631 -29204 30644
-29204 30631 -29199 30644
-29199 30631 -29000 30632
-29199 30632 -29198 30644
-29198 30632 -29191 30644
-29191 30632 -29000 30633
-29191 30633 -29000 30644
-29232 30644 -29000 30645
-29232 30645 -29216 30662
-29216 30645 -29000 30647
-29216 30647 -29206 30662
-29206 30647 -29000 30649
-29206 30649 -29000 30650
-29206 30650 -29000 30651
-29206 30651 -29200 30662
-29200 30651 -29193 30662
-29193 30651 -29000 30652
-29193 30652 -29000 30653
-29193 30653 -29180 30662
-29180 30653 -29000 30662
-29232 30662 -29229 30670
-29232 30670 -29231 31000
-29231 30670 -29229 31000
-29229 30662 -29000 30663
-29229 30663 -29218 30669
-29218 30663 -29210 30669
-29210 30663 -29208 30669
-29208 30663 -29000 30669
-29229 30669 -29219 30691
-29229 30691 -29228 31000
-29228 30691 -29219 30706
-29228 30706 -29219 30707
-29228 30707 -29227 31000
-29227 30707 -29226 31000
-29226 30707 -29219 30716
-29226 30716 -29225 31000
-29225 30716 -29224 31000
-29224 30716 -29219 31000
-29219 30669 -29215 30685
-29215 30669 -29000 30670
-29215 30670 -29214 30685
-29214 30670 -29000 30671
-29214 30671 -29213 30685
-29213 30671 -29000 30672
-29213 30672 -29000 30673
-29213 30673 -29205 30685
-29205 30673 -29000 30674
-29205 30674 -29204 30685
-29204 30674 -29000 30685
-29219 30685 -29218 31000
-29218 30685 -29211 30702
-29218 30702 -29211 30720
-29218 30720 -29217 31000
-29217 30720 -29211 30739
-29217 30739 -29211 30752
-29217 30752 -29211 30762
-29217 30762 -29211 31000
-29211 30685 -29000 30687
-29211 30687 -29197 30700
-29197 30687 -29000 30688
-29197 30688 -29185 30700
-29185 30688 -29000 30689
-29185 30689 -29000 30690
-29185 30690 -29000 30691
-29185 30691 -29182 30700
-29182 30691 -29000 30692
-29182 30692 -29000 30700
-29211 30700 -29198 30720
-29211 30720 -29210 31000
-29210 30720 -29209 31000
-29209 30720 -29198 30728
-29209 30728 -29208 31000
-29208 30728 -29198 30743
-29208 30743 -29207 31000
-29207 30743 -29206 31000
-29206 30743 -29205 31000
-29205 30743 -29204 31000
-29204 30743 -29198 30746
-29204 30746 -29198 31000
-29198 30700 -29000 30701
-29198 30701 -29191 30707
-29191 30701 -29000 30702
-29191 30702 -29000 30707
-29198 30707 -29000 30708
-29198 30708 -29000 30709
-29198 30709 -29188 30720
-29188 30709 -29177 30720
-29177 30709 -29172 30720
-29172 30709 -29166 30720
-29166 30709 -29000 30710
-29166 30710 -29000 30720
-29198 30720 -29197 31000
-29197 30720 -29196 31000
-29196 30720 -29190 30737
-29196 30737 -29190 30744
-29196 30744 -29195 31000
-29195 30744 -29190 30762
-29195 30762 -29190 31000
-29190 30720 -29000 30721
-29190 30721 -29189 30736
-29189 30721 -29000 30722
-29189 30722 -29178 30736
-29178 30722 -29166 30736
-29166 30722 -29155 30736
-29155 30722 -29000 30723
-29155 30723 -29150 30736
-29150 30723 -29000 30736
-29190 30736 -29189 31000
-29189 30736 -29187 31000
-29187 30736 -29186 31000
-29186 30736 -29178 30743
-29186 30743 -29185 31000
-29185 30743 -29178 30759
-29185 30759 -29178 30773
-29185 30773 -29178 30785
-29185 30785 -29178 31000
-29178 30736 -29000 30737
-29178 30737 -29177 31000
-29177 30737 -29176 31000
-29176 30737 -29175 31000
-29175 30737 -29166 30750
-29175 30750 -29166 30755
-29175 30755 -29166 30760
-29175 30760 -29174 31000
-29174 30760 -29173 31000
-29173 30760 -29172 31000
-29172 30760 -29166 31000
-29166 30737 -29165 31000
-29165 30737 -29164 31000
-29164 30737 -29163 31000
-29163 30737 -29157 30748
-29163 30748 -29162 31000
-29162 30748 -29157 30749
-29162 30749 -29157 31000
-29157 30737 -29000 30738
-29157 30738 -29000 30739
-29157 30739 -29147 30751
-29147 30739 -29000 30740
-29147 30740 -29143 30751
-29143 30740 -29000 30741
-29143 30741 -29000 30751
-29157 30751 -29156 30763
-29156 30751 -29149 30763
-29149 30751 -29141 30763
-29141 30751 -29133 30763
-29133 30751 -29000 30752
-29133 30752 -29000 30763
-29157 30763 -29155 31000
-29155 30763 -29147 30769
-29147 30763 -29000 30764
-29147 30764 -29000 30769
-29155 30769 -29154 31000
-29154 30769 -29152 31000
-29152 30769 -29146 30783
-29146 30769 -29137 30783
-29137 30769 -29000 30770
-29137 30770 -29135 30783
-29135 30770 -29131 30783
-29131 30770 -29128 30783
-29128 30770 -29000 30783
-29152 30783 -29000 30784
-29152 30784 -29151 30799
-29151 30784 -29000 30785
-29151 30785 -29000 30786
-29151 30786 -29000 30787
-29151 30787 -29000 30788
-29151 30788 -29000 30789
-29151 30789 -29000 30799
-29152 30799 -29147 30810
-29147 30799 -29146 30810
-29146 30799 -29000 30800
-29146 30800 -29000 30801
-29146 30801 -29000 30810
-29152 30810 -29149 31000
-29149 30810 -29000 30811
-29149 30811 -29000 30815
-29149 30815 -29148 31000
-29148 30815 -29147 31000
-29147 30815 -29146 31000
-29146 30815 -29142 31000
-29142 30815 -29141 31000
-29141 30815 -29140 31000
-29140 30815 -29136 31000
-29136 30815 -29135 31000
-29135 30815 -29131 30826
-29135 30826 -29131 31000
-29131 30815 -29129 31000
-29129 30815 -29128 31000
-29128 30815 -29127 31000
-29127 30815 -29123 31000
-29123 30815 -29119 30816
-29123 30816 -29119 31000
-29119 30815 -29000 30819
-29119 30819 -29115 30828
-29115 30819 -29112 30828
-29112 30819 -29000 30828
-29119 30828 -29118 30837
-29118 30828 -29000 30829
-29118 30829 -29000 30837
-29119 30837 -29000 30838
-29119 30838 -29000 30842
-29119 30842 -29000 30846
-29119 30846 -29113 30854
-29113 30846 -29000 30847
-29113 30847 -29000 30854
-29119 30854 -29117 31000
-29117 30854 -29110 30856
-29117 30856 -29116 31000
-29116 30856 -29110 31000
-29110 30854 -29109 31000
-29109 30854 -29105 31000
-29105 30854 -29000 30857
-29105 30857 -29000 30858
-29105 30858 -29104 30863
-29104 30858 -29000 30863
-29105 30863 -29000 30864
-29105 30864 -29000 30869
-29105 30869 -29000 30870
-29105 30870 -29000 30876
-29105 30876 -29104 31000
-29104 30876 -29100 31000
-29100 30876 -29099 31000
-29099 30876 -29094 31000
-29094 30876 -29000 30881
-29094 30881 -29000 30883
-29094 30883 -29093 31000
-29093 30883 -29087 30890
-29093 30890 -29087 31000
-29087 30883 -29082 30884
-29087 30884 -29082 31000
-29082 30883 -29000 30884
-29082 30884 -29081 31000
-29081 30884 -29077 31000
-29077 30884 -29000 30890
-29077 30890 -29073 31000
-29073 30890 -29069 31000
-29069 30890 -29000 30891
-29069 30891 -29000 30897
-29069 30897 -29000 30901
-29069 30901 -29000 30905
-29069 30905 -29000 30910
-29069 30910 -29064 30917
-29069 30917 -29064 31000
-29064 30910 -29063 31000
-29063 30910 -29061 31000
-29061 30910 -29000 30913
-29061 30913 -29000 30914
-29061 30914 -29058 31000
-29058 30914 -29000 30918
-29058 30918 -29000 30920
-29058 30920 -29000 30922
-29058 30922 -29000 30924
-29058 30924 -29000 30929
-29058 30929 -29000 30931
-29058 30931 -29055 31000
-29055 30931 -29053 31000
-29053 30931 -29050 31000
-29050 30931 -29000 30933
-29050 30933 -29047 31000
-29047 30933 -29000 30938
-29047 30938 -29000 30942
-29047 30942 -29044 31000
-29044 30942 -29000 30945
-29044 30945 -29000 30946
-29044 30946 -29041 31000
-29041 30946 -29000 30949
-29041 30949 -29000 30952
-29041 30952 -29040 31000
-29040 30952 -29038 31000
-29038 30952 -29000 31000
