200
0 0 1 500
1 0 50 40
1 40 2 500
2 40 7 500
7 40 8 500
8 40 10 500
10 40 12 500
12 40 15 500
15 40 17 500
17 40 50 87
17 87 20 500
20 87 23 500
23 87 50 108
23 108 24 500
24 108 50 121
24 121 26 500
26 121 28 500
28 121 31 500
31 121 33 500
33 121 50 500
50 0 58 18
58 0 500 1
58 1 500 2
58 2 500 4
58 4 76 18
76 4 500 18
50 18 89 36
89 18 500 20
89 20 500 21
89 21 96 36
96 21 500 22
96 22 500 36
50 36 52 500
52 36 54 500
54 36 64 45
54 45 56 500
56 45 64 500
64 36 85 71
64 71 85 82
64 82 85 114
64 114 65 500
65 114 85 141
65 141 66 500
66 141 85 500
85 36 121 64
85 64 87 500
87 64 121 103
87 103 121 107
87 107 88 500
88 107 121 119
88 119 89 500
89 119 92 500
92 119 121 152
92 152 93 500
93 152 94 500
94 152 96 500
96 152 121 500
121 36 151 76
121 76 151 103
121 103 124 500
124 103 125 500
125 103 126 500
126 103 151 108
126 108 127 500
127 108 151 140
127 140 129 500
129 140 130 500
130 140 151 500
151 36 161 44
161 36 500 44
151 44 152 500
152 44 153 500
153 44 160 500
160 44 500 45
160 45 187 57
187 45 500 57
160 57 161 500
161 57 173 68
161 68 173 104
161 104 173 500
173 57 500 61
173 61 191 76
173 76 191 101
173 101 191 135
173 135 175 500
175 135 191 157
175 157 191 500
191 61 198 94
198 61 500 64
198 64 207 94
207 64 234 94
234 64 500 68
234 68 251 94
251 68 272 94
272 68 500 94
191 94 500 96
191 96 500 98
191 98 500 100
191 100 500 101
191 101 500 103
191 103 500 118
191 118 192 500
192 118 500 123
192 123 222 150
222 123 500 126
222 126 500 128
222 128 247 150
247 128 500 129
247 129 500 150
192 150 195 500
195 150 219 170
195 170 196 500
196 170 199 500
199 170 200 500
200 170 202 500
202 170 219 500
219 150 236 180
219 180 220 500
220 180 221 500
221 180 223 500
223 180 236 500
236 150 242 166
242 150 254 166
254 150 500 166
236 166 238 500
238 166 240 500
240 166 259 195
240 195 259 220
240 220 259 231
240 231 259 500
259 166 260 500
260 166 262 500
262 166 500 168
262 168 500 170
262 170 500 184
262 184 265 500
265 184 284 213
265 213 267 500
267 213 269 500
269 213 284 228
269 228 284 500
284 184 500 192
284 192 500 193
284 193 500 194
284 194 500 210
284 210 500 215
284 215 299 224
284 224 285 500
285 224 299 500
299 215 311 219
299 219 311 239
299 239 311 500
311 215 312 500
312 215 329 240
312 240 313 500
313 240 329 500
329 215 335 500
335 215 500 216
335 216 350 235
350 216 500 235
335 235 500 237
335 237 500 239
335 239 500 257
335 257 337 500
337 257 339 500
339 257 350 500
350 257 500 260
350 260 500 277
350 277 359 300
359 277 500 280
359 280 500 300
350 300 500 302
350 302 500 320
350 320 500 329
350 329 500 333
350 333 352 500
352 333 363 500
363 333 500 340
363 340 500 345
363 345 366 500
366 345 500 354
366 354 373 500
373 354 385 500
385 354 387 500
387 354 397 500
397 354 404 500
404 354 500 367
404 367 500 370
404 370 500 379
404 379 414 500
414 379 500 391
414 391 423 500
423 391 425 500
425 391 430 500
430 391 437 500
437 391 500 393
437 393 500 402
437 402 500 406
437 406 443 500
443 406 500 500
