1000
-500 -500 -457 -498
-457 -500 1500 -498
-500 -498 1500 -497
-500 -497 -411 -459
-411 -497 1500 -496
-411 -496 1500 -494
-411 -494 1500 -493
-411 -493 -323 -491
-323 -493 1500 -491
-411 -491 -388 -459
-388 -491 -330 -459
-330 -491 -317 -459
-317 -491 1500 -489
-317 -489 -230 -459
-230 -489 -170 -459
-170 -489 1500 -488
-170 -488 -86 -459
-86 -488 1500 -486
-86 -486 -66 -459
-66 -486 -16 -459
-16 -486 36 -459
36 -486 51 -459
51 -486 52 -459
52 -486 120 -459
120 -486 176 -459
176 -486 230 -459
230 -486 1500 -485
230 -485 1500 -483
230 -483 265 -459
265 -483 1500 -481
265 -481 324 -459
324 -481 331 -459
331 -481 336 -459
336 -481 388 -459
388 -481 435 -459
435 -481 450 -459
450 -481 461 -459
461 -481 1500 -479
461 -479 1500 -478
461 -478 1500 -477
461 -477 1500 -459
-500 -459 -499 500
-499 -459 -495 500
-495 -459 -414 -457
-495 -457 -490 -429
-495 -429 -490 500
-490 -457 -414 -447
-490 -447 -488 500
-488 -447 -414 -435
-488 -435 -484 500
-484 -435 -482 500
-482 -435 -414 -389
-482 -389 -479 500
-479 -389 -414 -358
-479 -358 -414 -348
-479 -348 -414 -316
-479 -316 -475 500
-475 -316 -472 500
-472 -316 -471 500
-471 -316 -468 500
-468 -316 -414 -310
-468 -310 -465 500
-465 -310 -414 -272
-465 -272 -414 -238
-465 -238 -414 -201
-465 -201 -414 -183
-465 -183 -414 -173
-465 -173 -414 -148
-465 -148 -463 500
-463 -148 -460 500
-460 -148 -414 -126
-460 -126 -459 500
-459 -126 -456 500
-456 -126 -414 -105
-456 -105 -454 500
-454 -105 -453 500
-453 -105 -452 500
-452 -105 -414 -82
-452 -82 -451 500
-451 -82 -414 -52
-451 -52 -449 500
-449 -52 -414 500
-414 -459 -412 500
-412 -459 -393 -458
-412 -458 -393 -416
-412 -416 -393 -387
-412 -387 -411 500
-411 -387 -393 -358
-411 -358 -410 500
-410 -358 -409 500
-409 -358 -408 500
-408 -358 -393 500
-393 -459 -334 -446
-334 -459 1500 -458
-334 -458 1500 -457
-334 -457 1500 -456
-334 -456 -308 -446
-308 -456 -217 -446
-217 -456 1500 -455
-217 -455 -186 -446
-186 -455 -146 -446
-146 -455 -107 -446
-107 -455 1500 -454
-107 -454 1500 -446
-393 -446 -390 500
-390 -446 -346 -415
-390 -415 -388 500
-388 -415 -385 500
-385 -415 -346 -387
-385 -387 -384 500
-384 -387 -382 500
-382 -387 -380 500
-380 -387 -346 -372
-380 -372 -346 -329
-380 -329 -346 -301
-380 -301 -378 500
-378 -301 -377 500
-377 -301 -346 -293
-377 -293 -375 500
-375 -293 -374 500
-374 -293 -346 -287
-374 -287 -346 -268
-374 -268 -372 500
-372 -268 -346 -246
-372 -246 -346 -220
-372 -220 -346 500
-346 -446 -332 -445
-346 -445 -345 500
-345 -445 -344 500
-344 -445 -343 500
-343 -445 -332 -416
-343 -416 -332 500
-332 -446 -296 -402
-332 -402 -330 500
-330 -402 -329 500
-329 -402 -327 500
-327 -402 -325 500
-325 -402 -324 500
-324 -402 -323 500
-323 -402 -321 500
-321 -402 -320 500
-320 -402 -319 500
-319 -402 -296 -363
-319 -363 -296 -350
-319 -350 -317 500
-317 -350 -296 -347
-317 -347 -315 500
-315 -347 -314 500
-314 -347 -296 500
-296 -446 -221 -445
-296 -445 -221 -435
-296 -435 -292 500
-292 -435 -290 500
-290 -435 -287 500
-287 -435 -286 500
-286 -435 -285 500
-285 -435 -221 -402
-285 -402 -221 -372
-285 -372 -281 500
-281 -372 -279 500
-279 -372 -221 -340
-279 -340 -278 500
-278 -340 -221 -302
-278 -302 -277 500
-277 -302 -275 500
-275 -302 -272 500
-272 -302 -271 500
-271 -302 -269 500
-269 -302 -221 -300
-269 -300 -221 -282
-269 -282 -267 500
-267 -282 -266 500
-266 -282 -263 500
-263 -282 -221 -271
-263 -271 -262 500
-262 -271 -260 500
-260 -271 -221 -263
-260 -263 -258 500
-258 -263 -256 500
-256 -263 -221 -257
-256 -257 -255 500
-255 -257 -254 500
-254 -257 -253 500
-253 -257 -221 500
-221 -446 -217 500
-217 -446 -145 -431
-217 -431 -213 500
-213 -431 -210 500
-210 -431 -207 500
-207 -431 -204 500
-204 -431 -203 500
-203 -431 -145 -403
-203 -403 -200 500
-200 -403 -199 500
-199 -403 -145 -367
-199 -367 -145 -361
-199 -361 -197 500
-197 -361 -145 -340
-197 -340 -145 -322
-197 -322 -196 500
-196 -322 -145 -316
-196 -316 -194 500
-194 -316 -193 500
-193 -316 -145 -291
-193 -291 -145 -273
-193 -273 -192 500
-192 -273 -145 -247
-192 -247 -145 -209
-192 -209 -145 -201
-192 -201 -190 500
-190 -201 -145 -169
-190 -169 -145 -166
-190 -166 -145 -161
-190 -161 -145 -130
-190 -130 -187 500
-187 -130 -185 500
-185 -130 -182 500
-182 -130 -145 -121
-182 -121 -181 500
-181 -121 -145 500
-145 -446 -133 -401
-145 -401 -144 500
-144 -401 -143 500
-143 -401 -142 500
-142 -401 -133 500
-133 -446 1500 -444
-133 -444 -123 -413
-123 -444 -77 -413
-77 -444 2 -413
2 -444 1500 -442
2 -442 77 -413
77 -442 85 -413
85 -442 1500 -440
85 -440 150 -413
150 -440 181 -413
181 -440 1500 -438
181 -438 1500 -437
181 -437 213 -413
213 -437 242 -413
242 -437 256 -413
256 -437 1500 -435
256 -435 262 -413
262 -435 1500 -434
262 -434 285 -413
285 -434 337 -413
337 -434 363 -413
363 -434 1500 -433
363 -433 1500 -432
363 -432 384 -413
384 -432 403 -413
403 -432 1500 -431
403 -431 1500 -413
-133 -413 1500 -411
-133 -411 1500 -409
-133 -409 1500 -407
-133 -407 -90 -378
-90 -407 1500 -406
-90 -406 1500 -404
-90 -404 1500 -402
-90 -402 -17 -378
-17 -402 1500 -401
-17 -401 58 -378
58 -401 1500 -399
58 -399 61 -378
61 -399 1500 -398
61 -398 80 -378
80 -398 1500 -396
80 -396 129 -378
129 -396 136 -378
136 -396 1500 -395
136 -395 1500 -394
136 -394 137 -378
137 -394 1500 -393
137 -393 153 -378
153 -393 1500 -392
153 -392 1500 -391
153 -391 1500 -390
153 -390 216 -378
216 -390 1500 -389
216 -389 1500 -378
-133 -378 -117 -338
-133 -338 -132 500
-132 -338 -117 -329
-132 -329 -131 500
-131 -329 -130 500
-130 -329 -117 -311
-130 -311 -117 500
-117 -378 -102 -344
-117 -344 -116 500
-116 -344 -115 500
-115 -344 -102 -341
-115 -341 -102 -303
-115 -303 -102 500
-102 -378 -101 500
-101 -378 -100 500
-100 -378 -99 500
-99 -378 -98 500
-98 -378 -97 500
-97 -378 -96 500
-96 -378 -95 500
-95 -378 -81 -371
-95 -371 -81 500
-81 -378 1500 -377
-81 -377 1500 -376
-81 -376 -71 -368
-71 -376 -31 -368
-31 -376 -10 -368
-10 -376 1500 -375
-10 -375 1500 -368
-81 -368 -79 500
-79 -368 -78 500
-78 -368 -76 500
-76 -368 -51 -349
-76 -349 -74 500
-74 -349 -51 -334
-74 -334 -51 -317
-74 -317 -51 -306
-74 -306 -73 500
-73 -306 -51 -300
-73 -300 -51 -271
-73 -271 -71 500
-71 -271 -51 500
-51 -368 -50 500
-50 -368 -49 500
-49 -368 -38 -359
-49 -359 -38 -333
-49 -333 -38 500
-38 -368 1500 -366
-38 -366 37 -336
37 -366 1500 -364
37 -364 1500 -363
37 -363 1500 -362
37 -362 1500 -360
37 -360 58 -336
58 -360 117 -336
117 -360 1500 -359
117 -359 1500 -357
117 -357 1500 -356
117 -356 1500 -355
117 -355 180 -336
180 -355 1500 -354
180 -354 215 -336
215 -354 1500 -353
215 -353 1500 -352
215 -352 256 -336
256 -352 1500 -351
256 -351 296 -336
296 -351 1500 -350
296 -350 1500 -349
296 -349 1500 -348
296 -348 1500 -336
-38 -336 -4 -295
-4 -336 34 -295
34 -336 1500 -334
34 -334 90 -295
90 -334 141 -295
141 -334 1500 -333
141 -333 192 -295
192 -333 1500 -331
192 -331 193 -295
193 -331 204 -295
204 -331 221 -295
221 -331 1500 -329
221 -329 1500 -328
221 -328 1500 -327
221 -327 244 -295
244 -327 1500 -326
244 -326 277 -295
277 -326 1500 -324
277 -324 1500 -322
277 -322 297 -295
297 -322 305 -295
305 -322 334 -295
334 -322 1500 -321
334 -321 355 -295
355 -321 1500 -319
355 -319 389 -295
389 -319 392 -295
392 -319 418 -295
418 -319 1500 -317
418 -317 464 -295
464 -317 1500 -295
-38 -295 1500 -293
-38 -293 1500 -292
-38 -292 1500 -291
-38 -291 1500 -290
-38 -290 9 -273
9 -290 45 -273
45 -290 1500 -289
45 -289 114 -273
114 -289 1500 -288
114 -288 1500 -287
114 -287 1500 -286
114 -286 1500 -285
114 -285 157 -273
157 -285 161 -273
161 -285 1500 -284
161 -284 1500 -283
161 -283 1500 -273
-38 -273 -9 -248
-9 -273 45 -248
45 -273 1500 -271
45 -271 58 -248
58 -271 1500 -269
58 -269 1500 -267
58 -267 1500 -266
58 -266 1500 -265
58 -265 1500 -264
58 -264 89 -248
89 -264 1500 -263
89 -263 124 -248
124 -263 157 -248
157 -263 1500 -262
157 -262 1500 -261
157 -261 190 -248
190 -261 1500 -260
190 -260 201 -248
201 -260 1500 -248
-38 -248 -34 500
-34 -248 -32 500
-32 -248 32 -245
-32 -245 32 -212
-32 -212 -31 500
-31 -212 -28 500
-28 -212 -24 500
-24 -212 32 -205
-24 -205 32 -182
-24 -182 -22 500
-22 -182 32 -163
-22 -163 32 -143
-22 -143 32 -140
-22 -140 -19 500
-19 -140 -16 500
-16 -140 32 -120
-16 -120 32 -108
-16 -108 32 -82
-16 -82 -14 500
-14 -82 -11 500
-11 -82 32 -75
-11 -75 32 -58
-11 -58 -9 500
-9 -58 -8 500
-8 -58 -6 500
-6 -58 32 500
32 -248 34 500
34 -248 90 -228
34 -228 90 -221
34 -221 90 -212
34 -212 90 -181
34 -181 35 500
35 -181 90 -168
35 -168 90 -136
35 -136 37 500
37 -136 90 -123
37 -123 90 -114
37 -114 38 500
38 -114 40 500
40 -114 41 500
41 -114 90 -109
41 -109 44 500
44 -109 90 -89
44 -89 90 -60
44 -60 46 500
46 -60 48 500
48 -60 90 500
90 -248 137 -228
90 -228 137 -199
90 -199 137 -183
90 -183 137 -157
90 -157 91 500
91 -157 94 500
94 -157 96 500
96 -157 137 -142
96 -142 98 500
98 -142 99 500
99 -142 101 500
101 -142 137 -116
101 -116 103 500
103 -116 104 500
104 -116 137 -107
104 -107 137 -96
104 -96 137 500
137 -248 138 500
138 -248 169 -218
138 -218 169 -192
138 -192 140 500
140 -192 169 -179
140 -179 169 -164
140 -164 142 500
142 -164 169 -133
142 -133 144 500
144 -133 146 500
146 -133 169 -120
146 -120 169 500
169 -248 1500 -246
169 -246 1500 -244
169 -244 1500 -243
169 -243 229 -221
229 -243 1500 -241
229 -241 236 -221
236 -241 269 -221
269 -241 1500 -239
269 -239 318 -221
318 -239 1500 -238
318 -238 339 -221
339 -238 369 -221
369 -238 1500 -237
369 -237 1500 -236
369 -236 400 -221
400 -236 1500 -235
400 -235 414 -221
414 -235 1500 -221
169 -221 170 500
170 -221 171 500
171 -221 212 -199
171 -199 174 500
174 -199 212 -189
174 -189 212 -173
174 -173 175 500
175 -173 176 500
176 -173 177 500
177 -173 179 500
179 -173 181 500
181 -173 183 500
183 -173 184 500
184 -173 186 500
186 -173 212 500
212 -221 218 -186
212 -186 218 500
218 -221 237 -194
237 -221 286 -194
286 -221 345 -194
345 -221 1500 -220
345 -220 1500 -218
345 -218 1500 -216
345 -216 1500 -214
345 -214 375 -194
375 -214 1500 -212
375 -212 1500 -211
375 -211 1500 -210
375 -210 1500 -209
375 -209 1500 -208
375 -208 385 -194
385 -208 415 -194
415 -208 1500 -207
415 -207 1500 -194
218 -194 1500 -191
218 -191 1500 -190
218 -190 224 -180
224 -190 1500 -189
224 -189 243 -180
243 -189 288 -180
288 -189 291 -180
291 -189 1500 -180
218 -180 264 -151
218 -151 264 -138
218 -138 264 -116
218 -116 221 500
221 -116 264 -98
221 -98 223 500
223 -98 264 -70
223 -70 264 -52
223 -52 264 -33
223 -33 226 500
226 -33 264 -6
226 -6 264 16
226 16 228 500
228 16 264 39
228 39 230 500
230 39 264 500
264 -180 266 500
266 -180 269 500
269 -180 322 -166
269 -166 272 500
272 -166 322 -151
272 -151 273 500
273 -151 275 500
275 -151 276 500
276 -151 322 -145
276 -145 277 500
277 -145 279 500
279 -145 322 -142
279 -142 282 500
282 -142 322 -109
282 -109 285 500
285 -109 322 -100
285 -100 322 -95
285 -95 322 -75
285 -75 322 -46
285 -46 322 500
322 -180 323 500
323 -180 324 500
324 -180 339 -147
324 -147 325 500
325 -147 339 500
339 -180 1500 -178
339 -178 1500 -177
339 -177 394 -151
394 -177 1500 -175
394 -175 1500 -174
394 -174 1500 -173
394 -173 1500 -172
394 -172 447 -151
447 -172 498 -151
498 -172 536 -151
536 -172 1500 -171
536 -171 550 -151
550 -171 1500 -169
550 -169 595 -151
595 -169 623 -151
623 -169 628 -151
628 -169 1500 -151
339 -151 1500 -150
339 -150 375 -138
375 -150 1500 -149
375 -149 414 -138
414 -149 422 -138
422 -149 1500 -148
422 -148 1500 -138
339 -138 1500 -137
339 -137 387 -123
387 -137 1500 -136
387 -136 440 -123
440 -136 1500 -135
440 -135 1500 -134
440 -134 468 -123
468 -134 1500 -123
339 -123 340 500
340 -123 394 -92
340 -92 341 500
341 -92 344 500
344 -92 394 -83
344 -83 347 500
347 -83 394 -79
347 -79 394 -75
347 -75 349 500
349 -75 394 -58
349 -58 394 -32
349 -32 350 500
350 -32 353 500
353 -32 354 500
354 -32 355 500
355 -32 356 500
356 -32 358 500
358 -32 394 500
394 -123 446 -110
446 -123 1500 -122
446 -122 463 -110
463 -122 1500 -121
463 -121 498 -110
498 -121 1500 -120
498 -120 1500 -110
394 -110 1500 -107
394 -107 419 -83
394 -83 419 -70
394 -70 419 -64
394 -64 419 -61
394 -61 419 -42
394 -42 419 -16
394 -16 419 500
419 -107 421 500
421 -107 446 -84
421 -84 446 -67
421 -67 422 500
422 -67 446 -39
422 -39 423 500
423 -39 446 -15
423 -15 446 500
446 -107 447 500
447 -107 449 500
449 -107 481 -90
449 -90 481 -73
449 -73 481 -44
449 -44 481 -23
449 -23 481 -12
449 -12 450 500
450 -12 451 500
451 -12 453 500
453 -12 481 500
481 -107 1500 -106
481 -106 1500 -102
481 -102 1500 -101
481 -101 1500 -100
481 -100 518 -71
518 -100 1500 -98
518 -98 1500 -97
518 -97 557 -71
557 -97 1500 -95
557 -95 597 -71
597 -95 600 -71
600 -95 640 -71
640 -95 1500 -94
640 -94 648 -71
648 -94 660 -71
660 -94 1500 -92
660 -92 666 -71
666 -92 1500 -71
481 -71 488 -51
488 -71 506 -51
506 -71 538 -51
538 -71 572 -51
572 -71 581 -51
581 -71 1500 -70
581 -70 587 -51
587 -70 591 -51
591 -70 612 -51
612 -70 1500 -51
481 -51 1500 -50
481 -50 516 -39
516 -50 1500 -49
516 -49 556 -39
556 -49 586 -39
586 -49 1500 -39
481 -39 1500 -38
481 -38 507 -30
507 -38 542 -30
542 -38 1500 -30
481 -30 483 500
483 -30 486 500
486 -30 527 -23
486 -23 487 500
487 -23 527 -17
487 -17 490 500
490 -17 527 6
490 6 491 500
491 6 492 500
492 6 494 500
494 6 527 7
494 7 527 500
527 -30 565 -3
527 -3 529 500
529 -3 530 500
530 -3 565 22
530 22 532 500
532 22 565 43
532 43 533 500
533 43 565 54
533 54 535 500
535 54 565 500
565 -30 592 -23
565 -23 592 -8
565 -8 566 500
566 -8 592 6
566 6 592 10
566 10 567 500
567 10 592 500
592 -30 616 -19
616 -30 629 -19
629 -30 651 -19
651 -30 671 -19
671 -30 1500 -19
592 -19 638 -1
592 -1 638 25
592 25 638 36
592 36 594 500
594 36 597 500
597 36 638 45
597 45 638 52
597 52 638 60
597 60 638 74
597 74 638 80
597 80 638 96
597 96 638 500
638 -19 675 2
675 -19 707 2
707 -19 1500 -18
707 -18 1500 -17
707 -17 736 2
736 -17 757 2
757 -17 1500 -16
757 -16 1500 -15
757 -15 1500 2
638 2 679 3
638 3 679 10
638 10 639 500
639 10 642 500
642 10 679 16
642 16 679 23
642 23 679 34
642 34 679 46
642 46 643 500
643 46 679 500
679 2 691 19
679 19 680 500
680 19 691 500
691 2 693 500
693 2 694 500
694 2 696 500
696 2 697 500
697 2 698 500
698 2 700 500
700 2 720 500
720 2 721 500
721 2 730 500
730 2 731 500
731 2 750 19
731 19 750 26
731 26 732 500
732 26 750 500
750 2 751 500
751 2 752 500
752 2 788 14
752 14 788 17
752 17 788 29
752 29 754 500
754 29 755 500
755 29 788 42
755 42 757 500
757 42 788 500
788 2 796 24
788 24 796 500
796 2 798 500
798 2 800 500
800 2 823 23
800 23 823 29
800 29 802 500
802 29 804 500
804 29 823 500
823 2 851 22
823 22 851 33
823 33 825 500
825 33 851 43
825 43 826 500
826 43 828 500
828 43 851 500
851 2 871 6
851 6 871 21
851 21 853 500
853 21 871 30
853 30 871 500
871 2 883 24
883 2 909 24
909 2 1500 4
909 4 1500 5
909 5 1500 6
909 6 1500 7
909 7 1500 24
871 24 886 40
886 24 901 40
901 24 914 40
914 24 934 40
934 24 1500 40
871 40 1500 44
871 44 901 65
901 44 909 65
909 44 925 65
925 44 1500 46
925 46 1500 47
925 47 1500 48
925 48 1500 65
871 65 1500 66
871 66 875 500
875 66 1500 71
875 71 1500 73
875 73 889 93
889 73 905 93
905 73 1500 75
905 75 1500 76
905 76 1500 77
905 77 1500 93
875 93 892 104
875 104 876 500
876 104 892 500
892 93 1500 94
892 94 904 106
904 94 1500 95
904 95 1500 106
892 106 898 500
898 106 900 500
900 106 924 109
900 109 924 115
900 115 901 500
901 115 924 500
924 106 1500 107
924 107 1500 114
924 114 935 121
935 114 1500 121
924 121 940 126
924 126 925 500
925 126 940 500
940 121 942 500
942 121 955 137
955 121 1500 122
955 122 957 137
957 122 966 137
966 122 1500 137
942 137 960 154
960 137 981 154
981 137 1500 138
981 138 1000 154
1000 138 1500 154
942 154 1500 155
942 155 1500 156
942 156 1500 165
942 165 1500 170
942 170 961 182
961 170 1500 171
961 171 1500 182
942 182 1500 187
942 187 967 199
942 199 967 210
942 210 967 219
942 219 967 500
967 187 969 500
969 187 992 192
969 192 970 500
970 192 992 500
992 187 1500 191
992 191 993 500
993 191 994 500
994 191 1009 500
1009 191 1012 199
1012 191 1500 199
1009 199 1500 200
1009 200 1026 202
1009 202 1026 500
1026 200 1050 209
1050 200 1500 209
1026 209 1027 500
1027 209 1028 500
1028 209 1045 500
1045 209 1047 500
1047 209 1048 500
1048 209 1060 214
1048 214 1060 500
1060 209 1066 500
1066 209 1067 500
1067 209 1078 500
1078 209 1086 500
1086 209 1500 210
1086 210 1500 221
1086 221 1097 500
1097 221 1500 228
1097 228 1500 229
1097 229 1500 237
1097 237 1113 238
1097 238 1113 500
1113 237 1117 500
1117 237 1500 238
1117 238 1137 251
1117 251 1119 500
1119 251 1137 500
1137 238 1156 245
1137 245 1138 500
1138 245 1156 500
1156 238 1157 500
1157 238 1174 500
1174 238 1500 242
1174 242 1184 500
1184 242 1190 500
1190 242 1191 500
1191 242 1199 500
1199 242 1210 500
1210 242 1500 247
1210 247 1217 500
1217 247 1500 258
1217 258 1218 500
1218 258 1230 500
1230 258 1232 500
1232 258 1241 500
1241 258 1251 500
1251 258 1500 270
1251 270 1500 271
1251 271 1500 273
1251 273 1263 500
1263 273 1274 500
1274 273 1500 280
1274 280 1500 282
1274 282 1500 293
1274 293 1500 304
1274 304 1500 314
1274 314 1278 500
1278 314 1500 317
1278 317 1500 324
1278 324 1280 500
1280 324 1500 325
1280 325 1291 500
1291 325 1302 500
1302 325 1304 500
1304 325 1311 500
1311 325 1500 326
1311 326 1500 334
1311 334 1500 342
1311 342 1314 500
1314 342 1319 500
1319 342 1500 344
1319 344 1327 500
1327 344 1500 348
1327 348 1335 500
1335 348 1338 500
1338 348 1340 500
1340 348 1500 355
1340 355 1500 361
1340 361 1500 364
1340 364 1500 367
1340 367 1343 500
1343 367 1344 500
1344 367 1346 500
1346 367 1500 371
1346 371 1500 500
