500
0 0 5 173
5 0 61 173
61 0 97 15
97 0 142 15
142 0 1000 15
61 15 125 27
125 15 1000 27
61 27 69 173
69 27 75 173
75 27 149 173
149 27 162 173
162 27 217 34
162 34 217 173
217 27 274 40
217 40 274 173
274 27 318 41
318 27 1000 41
274 41 1000 43
274 43 1000 53
274 53 1000 55
274 55 1000 66
274 66 279 173
279 66 1000 71
279 71 1000 74
279 74 1000 76
279 76 1000 82
279 82 1000 88
279 88 336 173
336 88 1000 90
336 90 343 173
343 90 1000 93
343 93 349 173
349 93 415 173
415 93 450 173
450 93 1000 101
450 101 483 173
483 101 1000 106
483 106 495 173
495 106 512 173
512 106 1000 109
512 109 549 173
549 109 575 173
575 109 1000 173
0 173 59 209
59 173 127 209
127 173 1000 174
127 174 1000 178
127 178 151 209
151 178 187 209
187 178 255 209
255 178 1000 182
255 182 1000 209
0 209 35 258
35 209 130 258
130 209 151 258
151 209 1000 214
151 214 1000 218
151 218 163 258
163 218 240 258
240 218 1000 222
240 222 307 258
307 222 363 258
363 222 1000 223
363 223 1000 258
0 258 35 294
35 258 1000 260
35 260 66 294
66 260 81 294
81 260 1000 262
81 262 123 294
123 262 183 294
183 262 223 294
223 262 1000 294
0 294 1000 297
0 297 1000 300
0 300 1000 304
0 304 97 336
97 304 1000 308
97 308 1000 310
97 310 1000 311
97 311 126 336
126 311 1000 313
126 313 1000 336
0 336 12 426
0 426 12 530
0 530 12 608
0 608 12 684
0 684 12 2000
12 336 16 2000
16 336 63 360
16 360 18 2000
18 360 19 2000
19 360 63 513
19 513 22 2000
22 513 63 633
22 633 23 2000
23 633 63 725
23 725 25 2000
25 725 63 730
25 730 63 776
25 776 28 2000
28 776 63 862
28 862 30 2000
30 862 63 909
30 909 63 958
30 958 33 2000
33 958 34 2000
34 958 63 1043
34 1043 63 2000
63 336 152 365
152 336 216 365
216 336 1000 338
216 338 271 365
271 338 1000 339
271 339 1000 365
63 365 140 379
63 379 140 505
63 505 69 615
63 615 69 2000
69 505 71 2000
71 505 140 571
71 571 72 2000
72 571 78 2000
78 571 140 666
78 666 83 2000
83 666 140 728
83 728 84 2000
84 728 140 849
84 849 88 2000
88 849 92 2000
92 849 95 2000
95 849 140 918
95 918 99 2000
99 918 102 2000
102 918 140 1024
102 1024 140 1029
102 1029 140 1053
102 1053 106 2000
106 1053 108 2000
108 1053 109 2000
109 1053 140 1065
109 1065 111 2000
111 1065 114 2000
114 1065 115 2000
115 1065 118 2000
118 1065 140 2000
140 365 142 2000
142 365 158 442
142 442 158 547
142 547 144 2000
144 547 145 2000
145 547 147 2000
147 547 158 2000
158 365 183 472
158 472 183 476
158 476 160 2000
160 476 183 500
160 500 183 541
160 541 183 638
160 638 183 731
160 731 163 2000
163 731 183 785
163 785 183 2000
183 365 258 431
183 431 258 524
183 524 258 614
183 614 186 2000
186 614 258 668
186 668 187 2000
187 668 194 2000
194 668 258 678
194 678 258 799
194 799 199 2000
199 799 258 818
199 818 204 2000
204 818 209 2000
209 818 258 841
209 841 258 923
209 923 214 2000
214 923 258 970
214 970 219 2000
219 970 221 2000
221 970 222 2000
222 970 258 1037
222 1037 224 2000
224 1037 226 2000
226 1037 258 1101
226 1101 258 1151
226 1151 230 2000
230 1151 258 1232
230 1232 232 2000
232 1232 258 1309
232 1309 258 2000
258 365 1000 366
258 366 1000 368
258 368 1000 370
258 370 1000 383
258 383 1000 391
258 391 275 529
275 391 333 404
275 404 333 529
333 391 1000 392
333 392 1000 404
333 404 348 529
348 404 360 529
360 404 408 529
408 404 422 529
422 404 1000 413
422 413 424 529
424 413 448 529
448 413 1000 417
448 417 463 529
463 417 501 529
501 417 542 529
542 417 1000 424
542 424 581 529
581 424 1000 426
581 426 1000 432
581 432 585 529
585 432 1000 436
585 436 1000 445
585 445 1000 454
585 454 612 529
612 454 1000 529
258 529 261 2000
261 529 328 605
261 605 328 653
261 653 262 2000
262 653 267 2000
267 653 270 2000
270 653 328 770
270 770 274 2000
274 770 276 2000
276 770 328 776
276 776 328 858
276 858 328 895
276 895 328 942
276 942 328 967
276 967 328 1043
276 1043 279 2000
279 1043 282 2000
282 1043 283 2000
283 1043 287 2000
287 1043 328 1130
287 1130 288 2000
288 1130 291 2000
291 1130 328 1149
291 1149 294 2000
294 1149 298 2000
298 1149 328 2000
328 529 329 2000
329 529 334 2000
334 529 336 2000
336 529 396 643
336 643 396 763
336 763 342 805
336 805 342 2000
342 763 344 2000
344 763 396 786
344 786 350 2000
350 786 396 837
350 837 355 2000
355 837 396 904
355 904 396 944
355 944 356 2000
356 944 396 952
356 952 396 985
356 985 361 2000
361 985 365 2000
365 985 368 2000
368 985 396 1010
368 1010 396 1027
368 1027 370 2000
370 1027 396 1107
370 1107 396 2000
396 529 398 2000
398 529 414 664
398 664 414 741
398 741 399 2000
399 741 414 782
399 782 414 2000
414 529 429 652
429 529 1000 541
429 541 1000 542
429 542 433 652
433 542 1000 550
433 550 480 652
480 550 1000 555
480 555 525 652
525 555 1000 565
525 565 571 652
571 565 1000 571
571 571 1000 579
571 579 1000 581
571 581 588 652
588 581 616 652
616 581 1000 589
616 589 650 652
650 589 1000 652
414 652 415 2000
415 652 436 757
415 757 436 847
415 847 416 2000
416 847 417 2000
417 847 436 943
417 943 436 2000
436 652 438 2000
438 652 440 2000
440 652 477 665
440 665 477 721
440 721 442 2000
442 721 477 792
442 792 477 893
442 893 445 2000
445 893 446 2000
446 893 449 2000
449 893 452 2000
452 893 477 989
452 989 477 1017
452 1017 477 2000
477 652 1000 661
477 661 1000 668
477 668 1000 671
477 671 1000 672
477 672 512 750
512 672 1000 674
512 674 1000 679
512 679 524 750
524 679 1000 684
524 684 1000 685
524 685 1000 687
524 687 1000 690
524 690 1000 750
477 750 479 2000
479 750 483 2000
483 750 487 2000
487 750 488 2000
488 750 490 2000
490 750 518 794
490 794 518 899
490 899 518 902
490 902 518 999
490 999 518 1004
490 1004 518 1022
490 1022 492 2000
492 1022 518 2000
518 750 559 836
518 836 559 854
518 854 522 2000
522 854 559 860
522 860 523 2000
523 860 524 2000
524 860 559 932
524 932 559 938
524 938 559 945
524 945 525 2000
525 945 559 976
525 976 559 1069
525 1069 559 2000
559 750 561 2000
561 750 562 2000
562 750 572 759
562 759 572 2000
572 750 573 2000
573 750 588 853
573 853 588 915
573 915 588 982
573 982 588 2000
588 750 1000 752
588 752 1000 773
588 773 1000 789
588 789 1000 793
588 793 1000 810
588 810 591 2000
591 810 607 882
607 810 1000 811
607 811 1000 812
607 812 1000 817
607 817 620 882
620 817 1000 824
620 824 1000 882
591 882 603 920
603 882 611 920
611 882 1000 884
611 884 1000 920
591 920 631 932
591 932 596 2000
596 932 600 2000
600 932 601 2000
601 932 631 945
601 945 631 1022
601 1022 631 1117
601 1117 631 1192
601 1192 631 1233
601 1233 603 2000
603 1233 631 2000
631 920 1000 922
631 922 1000 944
631 944 632 2000
632 944 652 971
632 971 634 2000
634 971 652 1006
634 1006 652 2000
652 944 653 2000
653 944 655 2000
655 944 665 2000
665 944 676 1032
676 944 1000 951
676 951 685 1032
685 951 1000 956
685 956 696 1032
696 956 704 1032
704 956 1000 1032
665 1032 690 1110
665 1110 668 2000
668 1110 670 2000
670 1110 671 2000
671 1110 672 2000
672 1110 690 2000
690 1032 1000 1041
690 1041 1000 1044
690 1044 706 1129
706 1044 736 1129
736 1044 753 1129
753 1044 1000 1047
753 1047 773 1129
773 1047 1000 1129
690 1129 692 2000
692 1129 694 2000
694 1129 705 2000
705 1129 714 1168
705 1168 714 2000
714 1129 717 2000
717 1129 736 1160
717 1160 736 1235
717 1235 736 1284
717 1284 736 2000
736 1129 758 1172
736 1172 737 2000
737 1172 740 2000
740 1172 741 2000
741 1172 758 2000
758 1129 1000 1132
758 1132 780 1218
780 1132 797 1218
797 1132 1000 1134
797 1134 817 1218
817 1134 1000 1218
758 1218 760 2000
760 1218 763 2000
763 1218 765 2000
765 1218 780 2000
780 1218 1000 1221
780 1221 799 1280
799 1221 1000 1280
780 1280 791 1295
780 1295 791 2000
791 1280 1000 1313
791 1313 810 1335
791 1335 810 1385
791 1385 810 2000
810 1313 812 2000
812 1313 813 2000
813 1313 829 2000
829 1313 1000 1315
829 1315 833 1371
833 1315 1000 1371
829 1371 1000 1379
829 1379 843 1420
843 1379 1000 1420
829 1420 1000 1433
829 1433 840 2000
840 1433 846 2000
846 1433 847 2000
847 1433 861 2000
861 1433 867 2000
867 1433 876 2000
876 1433 885 2000
885 1433 888 2000
888 1433 898 2000
898 1433 1000 1479
898 1479 1000 1520
898 1520 902 2000
902 1520 910 2000
910 1520 918 2000
918 1520 1000 1569
918 1569 1000 1605
918 1605 920 2000
920 1605 1000 1621
920 1621 1000 1625
920 1625 925 2000
925 1625 928 2000
928 1625 933 2000
933 1625 939 2000
939 1625 945 2000
945 1625 1000 1657
945 1657 949 2000
949 1657 950 2000
950 1657 952 2000
952 1657 1000 2000
