2000
-500 0 -493 1
-493 0 2000 1
-500 1 -477 3
-477 1 2000 2
-477 2 -378 3
-378 2 2000 3
-500 3 -367 6
-367 3 -280 6
-280 3 -199 6
-199 3 -133 6
-133 3 -68 6
-68 3 2000 6
-500 6 -272 7
-272 6 2000 7
-500 7 -378 8
-378 7 2000 8
-500 8 -298 10
-500 10 -480 34
-480 10 -298 11
-480 11 -298 34
-298 8 -282 34
-282 8 -275 34
-275 8 -112 34
-112 8 2000 9
-112 9 18 10
18 9 2000 10
-112 10 -82 34
-82 10 2000 11
-82 11 2000 12
-82 12 -48 13
-48 12 2000 13
-82 13 2000 14
-82 14 -29 15
-29 14 2000 15
-82 15 -55 17
-55 15 2000 16
-55 16 2000 17
-82 17 2000 18
-82 18 5 19
5 18 2000 19
-82 19 2000 20
-82 20 2000 21
-82 21 -59 23
-59 21 134 23
134 21 2000 22
134 22 2000 23
-82 23 -5 24
-5 23 2000 24
-82 24 74 25
74 24 2000 25
-82 25 -32 34
-32 25 2000 26
-32 26 134 34
134 26 2000 27
134 27 138 28
138 27 2000 28
134 28 205 29
205 28 2000 29
134 29 159 34
159 29 2000 30
159 30 293 31
293 30 2000 31
159 31 263 34
263 31 2000 32
263 32 300 33
300 32 2000 33
263 33 385 34
385 33 2000 34
-500 34 -260 35
-260 34 2000 35
-500 35 -430 36
-430 35 2000 36
-500 36 -442 37
-442 36 2000 37
-500 37 -495 39
-495 37 2000 38
-495 38 -433 39
-433 38 2000 39
-500 39 -479 40
-479 39 2000 40
-500 40 -255 41
-255 40 2000 41
-500 41 -283 42
-283 41 2000 42
-500 42 -427 43
-427 42 2000 43
-500 43 -471 44
-471 43 2000 44
-500 44 -419 45
-419 44 2000 45
-500 45 -481 68
-481 45 -465 68
-465 45 -284 68
-284 45 -127 47
-284 47 -127 68
-127 45 -101 68
-101 45 -4 48
-4 45 76 48
76 45 230 48
230 45 404 48
404 45 2000 48
-101 48 2000 49
-101 49 -94 51
-94 49 -74 51
-74 49 2000 51
-101 51 2000 52
-101 52 2000 53
-101 53 -99 54
-99 53 2000 54
-101 54 -98 68
-98 54 -85 68
-85 54 65 68
65 54 77 56
77 54 2000 55
77 55 2000 56
65 56 156 58
156 56 2000 57
156 57 2000 58
65 58 68 60
68 58 2000 59
68 59 2000 60
65 60 115 68
115 60 248 68
248 60 388 68
388 60 480 68
480 60 600 68
600 60 688 68
688 60 789 68
789 60 2000 61
789 61 832 68
832 61 890 68
890 61 2000 62
890 62 2000 63
890 63 951 68
951 63 1019 68
1019 63 2000 68
-500 68 -499 1000
-499 68 -488 107
-499 107 -488 152
-499 152 -498 1000
-498 152 -497 1000
-497 152 -496 1000
-496 152 -495 1000
-495 152 -488 1000
-488 68 2000 69
-488 69 -317 70
-317 69 2000 70
-488 70 -411 71
-411 70 2000 71
-488 71 -328 72
-328 71 2000 72
-488 72 -304 74
-304 72 2000 73
-304 73 -113 74
-113 73 2000 74
-488 74 -351 75
-351 74 2000 75
-488 75 -444 100
-444 75 -371 78
-371 75 -345 78
-345 75 -129 78
-129 75 -107 78
-107 75 2000 78
-444 78 -436 100
-436 78 -419 100
-419 78 -276 100
-276 78 -273 100
-273 78 -259 100
-259 78 -79 100
-79 78 2000 79
-79 79 12 80
12 79 2000 80
-79 80 2000 81
-79 81 80 82
80 81 2000 82
-79 82 55 84
55 82 2000 83
55 83 2000 84
-79 84 2000 85
-79 85 -68 100
-68 85 99 100
99 85 2000 86
99 86 271 87
99 87 271 100
271 86 305 100
305 86 438 100
438 86 532 100
532 86 662 100
662 86 2000 87
662 87 2000 88
662 88 2000 89
662 89 690 91
690 89 2000 91
662 91 681 100
681 91 786 100
786 91 833 100
833 91 2000 92
833 92 2000 93
833 93 872 100
872 93 2000 94
872 94 951 100
951 94 995 100
995 94 1031 100
1031 94 1118 100
1118 94 2000 95
1118 95 1146 100
1146 95 2000 100
-488 100 -247 103
-488 103 -247 106
-488 106 -247 111
-488 111 -484 148
-484 111 -247 113
-484 113 -247 117
-484 117 -475 148
-475 117 -247 121
-475 121 -247 148
-488 148 -247 150
-488 150 -247 153
-488 153 -468 174
-468 153 -247 154
-468 154 -247 174
-488 174 -471 206
-488 206 -487 1000
-487 206 -471 229
-487 229 -471 270
-487 270 -471 344
-487 344 -486 1000
-486 344 -485 1000
-485 344 -484 1000
-484 344 -471 407
-484 407 -483 1000
-483 407 -471 1000
-471 174 -460 196
-471 196 -460 269
-471 269 -460 334
-471 334 -460 365
-471 365 -470 1000
-470 365 -468 1000
-468 365 -460 1000
-460 174 -455 187
-455 174 -247 187
-460 187 -247 197
-460 197 -452 267
-452 197 -447 267
-447 197 -435 267
-435 197 -247 199
-435 199 -247 206
-435 206 -247 212
-435 212 -422 267
-422 212 -247 216
-422 216 -407 267
-407 216 -390 267
-390 216 -247 221
-390 221 -247 267
-460 267 -247 269
-460 269 -459 308
-459 269 -247 271
-459 271 -449 308
-449 271 -247 273
-449 273 -444 308
-444 273 -247 308
-460 308 -443 358
-460 358 -443 401
-460 401 -443 411
-460 411 -443 426
-460 426 -458 1000
-458 426 -443 447
-458 447 -443 474
-458 474 -443 525
-458 525 -443 1000
-443 308 -427 377
-427 308 -247 315
-427 315 -247 319
-427 319 -247 320
-427 320 -419 377
-419 320 -247 321
-419 321 -247 324
-419 324 -414 377
-414 324 -399 377
-399 324 -247 377
-443 377 -442 1000
-442 377 -440 1000
-440 377 -425 420
-440 420 -438 1000
-438 420 -425 477
-438 477 -436 1000
-436 477 -435 1000
-435 477 -434 1000
-434 477 -425 1000
-425 377 -247 382
-425 382 -424 426
-424 382 -422 426
-422 382 -421 426
-421 382 -410 426
-410 382 -247 386
-410 386 -247 426
-425 426 -423 454
-423 426 -418 454
-418 426 -247 427
-418 427 -247 454
-425 454 -414 493
-425 493 -414 495
-425 495 -414 509
-425 509 -414 1000
-414 454 -247 457
-414 457 -402 492
-402 457 -395 492
-395 457 -390 492
-390 457 -247 492
-414 492 -401 507
-414 507 -401 540
-414 540 -401 583
-414 583 -412 1000
-412 583 -401 1000
-401 492 -392 541
-401 541 -392 550
-401 550 -392 1000
-392 492 -380 529
-392 529 -391 1000
-391 529 -380 536
-391 536 -389 1000
-389 536 -380 1000
-380 492 -247 494
-380 494 -247 498
-380 498 -247 527
-380 527 -247 528
-380 528 -371 560
-371 528 -247 560
-380 560 -247 563
-380 563 -247 566
-380 566 -247 589
-380 589 -247 593
-380 593 -366 619
-366 593 -247 619
-380 619 -375 636
-375 619 -247 636
-380 636 -379 1000
-379 636 -247 650
-379 650 -247 653
-379 653 -247 673
-379 673 -377 1000
-377 673 -376 1000
-376 673 -374 1000
-374 673 -365 1000
-365 673 -247 684
-365 684 -363 1000
-363 684 -355 1000
-355 684 -247 691
-355 691 -247 709
-355 709 -345 712
-355 712 -345 1000
-345 709 -341 1000
-341 709 -339 1000
-339 709 -333 731
-333 709 -247 731
-339 731 -247 736
-339 736 -247 740
-339 740 -338 1000
-338 740 -329 1000
-329 740 -320 755
-329 755 -320 1000
-320 740 -247 753
-320 753 -319 1000
-319 753 -313 1000
-313 753 -247 773
-313 773 -308 1000
-308 773 -301 1000
-301 773 -247 777
-301 777 -298 1000
-298 777 -293 1000
-293 777 -291 1000
-291 777 -247 794
-291 794 -247 814
-291 814 -288 1000
-288 814 -247 824
-288 824 -286 1000
-286 824 -247 830
-286 830 -282 1000
-282 830 -247 834
-282 834 -247 1000
-247 100 -67 108
-247 108 -67 113
-247 113 -67 120
-247 120 -239 181
-239 120 -67 126
-239 126 -230 181
-230 126 -67 129
-230 129 -67 131
-230 131 -219 181
-219 131 -212 181
-212 131 -67 181
-67 100 2000 101
-67 101 83 102
83 101 2000 102
-67 102 2000 103
-67 103 2000 104
-67 104 2000 105
-67 105 56 109
56 105 96 109
96 105 2000 106
96 106 146 109
146 106 2000 107
146 107 2000 108
146 108 158 109
158 108 2000 109
-67 109 -59 181
-59 109 140 115
-59 115 -44 181
-44 115 -35 181
-35 115 140 120
-35 120 -32 181
-32 120 -20 181
-20 120 -6 181
-6 120 140 123
-6 123 5 181
5 123 140 128
5 128 140 181
140 109 2000 110
140 110 193 114
193 110 338 114
338 110 454 114
454 110 591 114
591 110 2000 111
591 111 2000 114
140 114 2000 115
140 115 184 119
184 115 247 119
247 115 2000 116
247 116 2000 117
247 117 2000 118
247 118 2000 119
140 119 255 125
255 119 2000 120
255 120 261 125
261 120 322 125
322 120 2000 121
322 121 486 125
486 121 607 125
607 121 691 125
691 121 2000 125
140 125 294 126
140 126 156 181
156 126 170 181
170 126 179 181
179 126 294 130
179 130 183 181
183 130 294 181
294 125 438 131
294 131 438 135
294 135 308 181
308 135 316 181
316 135 325 181
325 135 438 181
438 125 485 127
485 125 2000 127
438 127 540 130
540 127 649 130
649 127 2000 130
438 130 449 181
449 130 455 181
455 130 456 181
456 130 463 181
463 130 570 181
570 130 686 132
570 132 686 136
570 136 576 181
576 136 686 140
576 140 686 181
686 130 2000 131
686 131 697 181
697 131 818 132
697 132 818 135
697 135 818 139
697 139 818 181
818 131 914 132
818 132 914 136
818 136 824 181
824 136 914 181
914 131 2000 132
914 132 961 136
961 132 1020 136
1020 132 2000 136
914 136 917 181
917 136 925 181
925 136 1005 181
1005 136 1043 181
1043 136 2000 137
1043 137 1069 181
1069 137 1115 142
1115 137 2000 138
1115 138 2000 139
1115 139 2000 142
1069 142 1078 181
1078 142 1087 181
1087 142 1161 181
1161 142 1218 145
1218 142 2000 145
1161 145 1176 181
1176 145 1225 181
1225 145 2000 146
1225 146 2000 149
1225 149 1265 153
1265 149 2000 150
1265 150 2000 153
1225 153 1247 181
1247 153 1269 181
1269 153 2000 154
1269 154 1336 181
1336 154 2000 156
1336 156 2000 158
1336 158 1357 181
1357 158 2000 161
1357 161 2000 162
1357 162 1405 181
1405 162 1463 181
1463 162 1469 181
1469 162 1513 181
1513 162 2000 164
1513 164 2000 165
1513 165 1552 181
1552 165 1576 181
1576 165 1601 181
1601 165 2000 167
1601 167 2000 168
1601 168 2000 181
-247 181 -72 187
-247 187 -233 222
-233 187 -223 222
-223 187 -208 222
-208 187 -72 222
-247 222 -241 237
-241 222 -72 237
-247 237 -234 246
-247 246 -234 248
-247 248 -246 1000
-246 248 -234 312
-246 312 -234 348
-246 348 -234 407
-246 407 -234 1000
-234 237 -72 243
-234 243 -72 246
-234 246 -72 247
-234 247 -233 297
-233 247 -72 252
-233 252 -216 297
-216 252 -72 297
-234 297 -72 301
-234 301 -226 328
-226 301 -212 328
-212 301 -72 328
-234 328 -230 349
-230 328 -72 349
-234 349 -231 1000
-231 349 -228 377
-228 349 -222 377
-222 349 -72 377
-231 377 -229 1000
-229 377 -223 429
-223 377 -218 429
-218 377 -72 378
-218 378 -72 379
-218 379 -217 429
-217 379 -72 429
-229 429 -227 464
-227 429 -72 433
-227 433 -221 464
-221 433 -72 464
-229 464 -227 1000
-227 464 -215 473
-227 473 -225 1000
-225 473 -215 517
-225 517 -224 1000
-224 517 -215 1000
-215 464 -202 503
-202 464 -72 466
-202 466 -200 503
-200 466 -72 503
-215 503 -211 525
-211 503 -72 525
-215 525 -213 1000
-213 525 -211 1000
-211 525 -210 1000
-210 525 -209 1000
-209 525 -208 1000
-208 525 -200 1000
-200 525 -193 565
-193 525 -192 565
-192 525 -72 530
-192 530 -72 565
-200 565 -197 1000
-197 565 -188 593
-188 565 -72 567
-188 567 -72 593
-197 593 -193 1000
-193 593 -188 1000
-188 593 -72 596
-188 596 -176 625
-176 596 -72 625
-188 625 -72 638
-188 638 -177 667
-188 667 -187 1000
-187 667 -177 1000
-177 638 -72 640
-177 640 -72 659
-177 659 -72 666
-177 666 -72 671
-177 671 -175 1000
-175 671 -72 691
-175 691 -174 1000
-174 691 -167 1000
-167 691 -158 722
-158 691 -72 722
-167 722 -160 745
-160 722 -72 745
-167 745 -160 1000
-160 745 -72 759
-160 759 -153 1000
-153 759 -151 1000
-151 759 -72 772
-151 772 -72 791
-151 791 -146 1000
-146 791 -72 795
-146 795 -72 807
-146 807 -72 820
-146 820 -72 824
-146 824 -139 1000
-139 824 -134 1000
-134 824 -72 840
-134 840 -131 1000
-131 840 -72 847
-131 847 -128 1000
-128 847 -122 1000
-122 847 -72 853
-122 853 -72 857
-122 857 -117 1000
-117 857 -72 871
-117 871 -114 1000
-114 871 -109 1000
-109 871 -72 1000
-72 181 -68 216
-72 216 -68 1000
-68 181 -32 248
-68 248 -67 1000
-67 248 -64 1000
-64 248 -32 304
-64 304 -32 329
-64 329 -32 335
-64 335 -61 1000
-61 335 -32 349
-61 349 -32 357
-61 357 -32 380
-61 380 -32 427
-61 427 -32 433
-61 433 -32 461
-61 461 -32 494
-61 494 -32 518
-61 518 -32 545
-61 545 -32 553
-61 553 -60 1000
-60 553 -59 1000
-59 553 -58 1000
-58 553 -32 567
-58 567 -56 1000
-56 567 -54 1000
-54 567 -32 1000
-32 181 -24 259
-24 181 -23 259
-23 181 75 182
-23 182 75 185
-23 185 75 192
-23 192 75 259
75 181 2000 182
75 182 2000 183
75 183 185 188
185 183 2000 184
185 184 282 188
282 184 2000 185
282 185 328 188
328 185 422 188
422 185 571 188
571 185 2000 188
75 188 259 193
259 188 2000 189
259 189 385 193
385 189 407 193
407 189 2000 190
407 190 2000 191
407 191 2000 193
75 193 103 259
103 193 111 259
111 193 260 199
111 199 112 259
112 199 260 204
112 204 260 205
112 205 113 259
113 205 260 211
113 211 260 259
260 193 261 259
261 193 298 259
298 193 333 259
333 193 2000 194
333 194 397 196
397 194 2000 195
397 195 2000 196
333 196 2000 197
333 197 2000 198
333 198 2000 199
333 199 343 202
343 199 485 202
485 199 2000 200
485 200 2000 201
485 201 2000 202
333 202 347 204
347 202 2000 204
333 204 341 259
341 204 343 259
343 204 417 259
417 204 423 259
423 204 548 210
423 210 548 212
423 212 435 259
435 212 439 259
439 212 548 259
548 204 552 259
552 204 562 259
562 204 677 208
562 208 565 259
565 208 677 213
565 213 677 259
677 204 779 206
677 206 779 207
677 207 779 213
677 213 779 259
779 204 2000 205
779 205 789 207
789 205 2000 207
779 207 846 210
779 210 786 259
786 210 846 259
846 207 880 213
880 207 955 213
955 207 2000 208
955 208 2000 209
955 209 2000 210
955 210 2000 213
846 213 925 214
846 214 925 217
846 217 925 259
925 213 938 218
938 213 2000 214
938 214 2000 215
938 215 2000 218
925 218 1024 221
925 221 932 259
932 221 1024 259
1024 218 1065 259
1065 218 1076 222
1076 218 2000 219
1076 219 2000 222
1065 222 1066 259
1066 222 1136 259
1136 222 1152 259
1152 222 1180 259
1180 222 2000 224
1180 224 1218 228
1218 224 2000 225
1218 225 2000 228
1180 228 1226 232
1226 228 1273 232
1273 228 2000 232
1180 232 2000 233
1180 233 1256 236
1256 233 2000 236
1180 236 1199 259
1199 236 1266 259
1266 236 2000 238
1266 238 1310 259
1310 238 2000 240
1310 240 1313 259
1313 240 2000 242
1313 242 2000 244
1313 244 2000 245
1313 245 1356 259
1356 245 1361 259
1361 245 2000 246
1361 246 1386 259
1386 246 1448 259
1448 246 1488 259
1488 246 1521 259
1521 246 1531 259
1531 246 2000 248
1531 248 2000 259
-32 259 -30 1000
-30 259 22 263
-30 263 22 325
-30 325 -29 1000
-29 325 -25 362
-29 362 -25 1000
-25 325 -23 1000
-23 325 -20 1000
-20 325 -15 391
-20 391 -15 1000
-15 325 -13 1000
-13 325 22 375
-13 375 -11 1000
-11 375 22 397
-11 397 22 404
-11 404 -9 1000
-9 404 -8 1000
-8 404 -5 1000
-5 404 -3 1000
-3 404 -2 1000
-2 404 22 452
-2 452 -1 1000
-1 452 22 466
-1 466 2 1000
2 466 22 518
2 518 22 534
2 534 22 540
2 540 22 546
2 546 5 1000
5 546 6 1000
6 546 22 575
6 575 22 1000
22 259 33 304
22 304 33 352
22 352 33 368
22 368 33 404
22 404 33 461
22 461 33 1000
33 259 34 1000
34 259 35 1000
35 259 36 1000
36 259 42 278
36 278 42 1000
42 259 49 332
42 332 49 349
42 349 49 357
42 357 49 1000
49 259 53 321
49 321 53 1000
53 259 59 324
53 324 54 1000
54 324 59 1000
59 259 66 273
59 273 60 1000
60 273 66 309
60 309 66 1000
66 259 67 1000
67 259 68 1000
68 259 72 1000
72 259 73 324
73 259 79 324
79 259 142 324
72 324 73 1000
73 324 74 1000
74 324 79 338
74 338 79 1000
79 324 142 342
79 342 80 1000
80 342 84 1000
84 342 87 1000
87 342 142 350
87 350 88 1000
88 350 92 1000
92 350 142 357
92 357 95 1000
95 357 98 1000
98 357 142 366
98 366 103 377
98 377 103 1000
103 366 104 1000
104 366 107 1000
107 366 142 390
107 390 109 1000
109 390 110 1000
110 390 142 423
110 423 113 1000
113 423 142 476
113 476 142 514
113 514 115 1000
115 514 117 1000
117 514 142 543
117 543 142 556
117 556 142 577
117 577 142 618
117 618 142 626
117 626 120 1000
120 626 121 1000
121 626 142 628
121 628 142 657
121 657 124 1000
124 657 142 675
124 675 142 697
124 697 142 1000
142 259 145 1000
145 259 148 1000
148 259 184 289
148 289 184 300
148 300 184 355
148 355 151 1000
151 355 184 381
151 381 184 401
151 401 184 451
151 451 184 504
151 504 184 547
151 547 152 1000
152 547 184 563
152 563 184 583
152 583 184 621
152 621 184 657
152 657 156 1000
156 657 184 660
156 660 158 1000
158 660 161 1000
161 660 162 1000
162 660 184 690
162 690 184 709
162 709 184 1000
184 259 226 300
184 300 226 302
184 302 226 306
184 306 226 366
184 366 226 372
184 372 187 1000
187 372 226 384
187 384 226 423
187 423 188 1000
188 423 189 1000
189 423 226 429
189 429 226 469
189 469 226 523
189 523 190 1000
190 523 191 1000
191 523 193 1000
193 523 197 1000
197 523 226 563
197 563 226 602
197 602 226 624
197 624 199 1000
199 624 201 1000
201 624 202 1000
202 624 226 639
202 639 226 1000
226 259 336 268
226 268 336 290
226 290 237 311
226 311 228 1000
228 311 237 313
228 313 229 1000
229 313 237 320
229 320 237 1000
237 290 240 1000
240 290 242 1000
242 290 243 1000
243 290 246 1000
246 290 253 314
246 314 253 374
246 374 253 420
246 420 253 1000
253 290 256 352
256 290 257 352
257 290 336 296
257 296 336 352
253 352 254 1000
254 352 262 398
254 398 255 1000
255 398 262 1000
262 352 263 1000
263 352 264 1000
264 352 269 1000
269 352 336 353
269 353 336 395
269 395 275 420
269 420 270 1000
270 420 275 1000
275 395 280 411
275 411 280 1000
280 395 336 418
280 418 286 444
280 444 281 1000
281 444 286 1000
286 418 289 1000
289 418 291 1000
291 418 336 429
291 429 293 1000
293 429 298 475
293 475 298 1000
298 429 336 482
298 482 336 505
298 505 336 553
298 553 302 1000
302 553 304 1000
304 553 305 1000
305 553 308 1000
308 553 336 588
308 588 336 608
308 608 336 646
308 646 311 1000
311 646 336 665
311 665 336 695
311 695 336 697
311 697 314 1000
314 697 336 708
314 708 336 709
314 709 317 1000
317 709 318 1000
318 709 320 1000
320 709 336 1000
336 259 349 315
336 315 338 1000
338 315 349 351
338 351 349 398
338 398 339 1000
339 398 349 428
339 428 349 1000
349 259 374 309
374 259 385 309
385 259 461 263
461 259 2000 260
461 260 577 263
577 260 655 263
655 260 2000 263
385 263 2000 264
385 264 2000 265
385 265 415 309
415 265 512 267
512 265 2000 267
415 267 494 270
415 270 494 309
494 267 516 269
516 267 2000 269
494 269 2000 270
494 270 506 309
506 270 2000 271
506 271 2000 272
506 272 517 309
517 272 640 273
517 273 640 276
517 276 640 309
640 272 716 276
640 276 716 309
716 272 754 276
754 272 2000 273
754 273 870 276
870 273 2000 276
716 276 2000 277
716 277 2000 278
716 278 788 309
788 278 2000 279
788 279 2000 280
788 280 796 309
796 280 898 309
898 280 959 309
959 280 978 309
978 280 2000 281
978 281 1030 309
1030 281 1097 309
1097 281 2000 283
1097 283 2000 284
1097 284 2000 286
1097 286 1129 309
1129 286 2000 287
1129 287 2000 289
1129 289 1200 292
1200 289 2000 292
1129 292 2000 294
1129 294 2000 295
1129 295 2000 296
1129 296 1207 309
1207 296 1212 309
1212 296 1284 309
1284 296 2000 297
1284 297 1345 309
1345 297 2000 299
1345 299 1371 309
1371 299 2000 300
1371 300 2000 301
1371 301 2000 302
1371 302 1401 309
1401 302 2000 303
1401 303 2000 309
349 309 350 1000
350 309 358 325
350 325 358 358
350 358 358 1000
358 309 359 1000
359 309 363 1000
363 309 364 1000
364 309 438 310
364 310 366 1000
366 310 367 1000
367 310 372 379
367 379 372 1000
372 310 373 1000
373 310 438 318
373 318 438 319
373 319 380 337
373 337 374 1000
374 337 380 1000
380 319 382 1000
382 319 383 1000
383 319 387 1000
387 319 438 365
387 365 438 366
387 366 438 374
387 374 393 420
387 420 393 1000
393 374 438 394
393 394 438 408
393 408 438 410
393 410 438 427
393 427 438 443
393 443 438 459
393 459 438 506
393 506 438 532
393 532 438 579
393 579 438 587
393 587 395 1000
395 587 438 625
395 625 438 644
395 644 438 664
395 664 438 689
395 689 396 1000
396 689 398 1000
398 689 438 716
398 716 401 1000
401 716 438 718
401 718 438 747
401 747 438 752
401 752 438 1000
438 309 439 1000
439 309 440 1000
440 309 445 1000
445 309 446 1000
446 309 451 317
446 317 451 1000
451 309 504 316
451 316 504 326
451 326 504 340
451 340 504 381
451 381 452 1000
452 381 457 1000
457 381 504 421
457 421 504 463
457 463 458 1000
458 463 463 517
458 517 463 1000
463 463 504 515
463 515 464 1000
464 515 468 1000
468 515 470 1000
470 515 504 534
470 534 471 1000
471 534 475 1000
475 534 504 569
475 569 504 591
475 591 504 615
475 615 476 1000
476 615 504 644
476 644 504 666
476 666 504 688
476 688 477 1000
477 688 504 718
477 718 480 1000
480 718 483 1000
483 718 504 1000
504 309 505 1000
505 309 511 371
505 371 511 1000
511 309 587 312
511 312 587 342
511 342 512 1000
512 342 519 344
512 344 513 1000
513 344 519 1000
519 342 587 374
519 374 520 1000
520 374 524 1000
524 374 530 407
524 407 525 1000
525 407 530 1000
530 374 587 389
530 389 587 403
530 403 535 407
530 407 535 1000
535 403 587 445
535 445 536 1000
536 445 587 452
536 452 539 1000
539 452 542 1000
542 452 587 482
542 482 546 1000
546 482 587 501
546 501 549 1000
549 501 587 531
549 531 553 1000
553 531 587 569
553 569 587 611
553 611 555 1000
555 611 557 1000
557 611 587 622
557 622 587 658
557 658 587 690
557 690 561 1000
561 690 587 717
561 717 564 1000
564 717 566 1000
566 717 587 744
566 744 587 768
566 768 567 1000
567 768 569 1000
569 768 587 1000
587 309 2000 310
587 310 698 313
698 310 2000 311
698 311 2000 313
587 313 2000 314
587 314 607 317
607 314 612 317
612 314 2000 317
587 317 712 318
587 318 712 319
587 319 712 355
712 317 720 355
720 317 2000 318
720 318 807 322
807 318 2000 319
807 319 2000 320
807 320 2000 322
720 322 739 324
739 322 2000 324
720 324 830 328
830 324 864 328
864 324 921 328
921 324 2000 328
720 328 840 331
720 331 840 355
840 328 2000 329
840 329 2000 330
840 330 2000 331
840 331 943 333
943 331 2000 333
840 333 927 355
927 333 2000 335
927 335 985 338
985 335 1085 338
1085 335 2000 338
927 338 2000 339
927 339 987 341
987 339 2000 341
927 341 974 355
974 341 2000 343
974 343 2000 344
974 344 981 355
981 344 2000 346
981 346 2000 347
981 347 2000 348
981 348 2000 349
981 349 2000 350
981 350 2000 351
981 351 1033 355
1033 351 2000 352
1033 352 1112 355
1112 352 2000 355
587 355 727 358
587 358 597 386
597 358 727 386
587 386 588 1000
588 386 592 1000
592 386 594 1000
594 386 727 390
594 390 727 394
594 394 599 446
599 394 727 395
599 395 612 446
612 395 727 446
594 446 601 481
594 481 595 1000
595 481 601 1000
601 446 602 1000
602 446 603 1000
603 446 614 460
603 460 605 1000
605 460 614 1000
614 446 727 457
614 457 615 1000
615 457 619 1000
619 457 625 488
619 488 625 1000
625 457 727 476
625 476 727 477
625 477 632 513
632 477 727 513
625 513 727 515
625 515 630 525
625 525 630 1000
630 515 633 552
633 515 727 516
633 516 727 552
630 552 727 568
630 568 632 1000
632 568 637 1000
637 568 727 579
637 579 727 582
637 582 727 611
637 611 639 1000
639 611 640 1000
640 611 647 1000
647 611 652 1000
652 611 653 1000
653 611 659 1000
659 611 662 1000
662 611 667 1000
667 611 727 622
667 622 727 624
667 624 727 657
667 657 668 1000
668 657 727 681
668 681 669 1000
669 681 727 687
669 687 727 704
669 704 727 720
669 720 675 1000
675 720 727 721
675 721 680 1000
680 721 684 1000
684 721 688 1000
688 721 727 742
688 742 727 743
688 743 727 751
688 751 727 769
688 769 727 779
688 779 689 1000
689 779 727 802
689 802 727 808
689 808 727 1000
727 355 734 402
727 402 728 1000
728 402 734 1000
734 355 735 1000
735 355 790 394
735 394 738 1000
738 394 742 438
738 438 742 1000
742 394 745 1000
745 394 746 1000
746 394 790 447
746 447 790 449
746 449 790 480
746 480 747 1000
747 480 751 1000
751 480 752 1000
752 480 756 1000
756 480 759 1000
759 480 760 1000
760 480 763 1000
763 480 764 1000
764 480 790 533
764 533 765 1000
765 533 766 1000
766 533 769 1000
769 533 770 1000
770 533 772 1000
772 533 774 1000
774 533 775 1000
775 533 790 548
775 548 777 1000
777 548 790 1000
790 355 879 364
790 364 791 1000
791 364 795 1000
795 364 797 1000
797 364 879 394
797 394 803 433
797 433 798 1000
798 433 803 1000
803 394 879 396
803 396 879 434
803 434 807 1000
807 434 808 1000
808 434 879 445
808 445 816 465
808 465 816 496
808 496 816 1000
816 445 823 450
816 450 817 1000
817 450 823 1000
823 445 825 1000
825 445 830 487
825 487 830 1000
830 445 831 1000
831 445 879 455
831 455 835 1000
835 455 839 1000
839 455 879 466
839 466 879 511
839 511 879 550
839 550 842 1000
842 550 844 1000
844 550 845 1000
845 550 879 560
845 560 847 1000
847 560 850 1000
850 560 879 595
850 595 879 633
850 633 853 1000
853 633 855 1000
855 633 858 1000
858 633 861 1000
861 633 879 667
861 667 863 1000
863 667 864 1000
864 667 866 1000
866 667 879 1000
879 355 933 359
879 359 933 408
879 408 933 410
879 410 885 464
885 410 933 464
879 464 880 1000
880 464 884 1000
884 464 885 1000
885 464 889 1000
889 464 891 1000
891 464 895 1000
895 464 933 467
895 467 897 1000
897 467 933 486
897 486 933 530
897 530 933 532
897 532 933 565
897 565 933 600
897 600 933 614
897 614 901 1000
901 614 904 1000
904 614 907 1000
907 614 933 619
907 619 933 653
907 653 908 1000
908 653 909 1000
909 653 912 1000
912 653 933 1000
933 355 937 386
933 386 937 1000
937 355 938 1000
938 355 972 393
938 393 941 1000
941 393 945 1000
945 393 946 1000
946 393 972 416
946 416 972 459
946 459 949 1000
949 459 950 1000
950 459 951 1000
951 459 953 1000
953 459 954 1000
954 459 972 507
954 507 956 1000
956 507 958 1000
958 507 972 544
958 544 972 556
958 556 972 1000
972 355 980 410
972 410 980 441
972 441 973 1000
973 441 980 1000
980 355 1054 356
980 356 1054 360
980 360 1054 362
980 362 1054 419
980 419 1054 427
980 427 983 1000
983 427 984 1000
984 427 989 439
984 439 989 1000
989 427 995 446
989 446 995 1000
995 427 998 1000
998 427 1004 479
998 479 1004 1000
1004 427 1010 470
1004 470 1010 1000
1010 427 1054 458
1010 458 1014 1000
1014 458 1054 501
1014 501 1017 1000
1017 501 1054 508
1017 508 1054 556
1017 556 1021 1000
1021 556 1054 559
1021 559 1054 565
1021 565 1025 1000
1025 565 1027 1000
1027 565 1030 1000
1030 565 1031 1000
1031 565 1054 576
1031 576 1032 1000
1032 576 1054 601
1032 601 1054 632
1032 632 1034 1000
1034 632 1036 1000
1036 632 1054 668
1036 668 1054 687
1036 687 1054 1000
1054 355 1061 372
1054 372 1061 405
1054 405 1061 1000
1061 355 1064 1000
1064 355 1069 376
1064 376 1069 1000
1069 355 1070 1000
1070 355 1071 1000
1071 355 1075 416
1075 355 1078 416
1078 355 1134 416
1071 416 1076 459
1071 459 1076 1000
1076 416 1078 1000
1078 416 1134 459
1078 459 1134 479
1078 479 1134 510
1078 510 1134 512
1078 512 1134 551
1078 551 1134 568
1078 568 1080 1000
1080 568 1134 611
1080 611 1081 1000
1081 611 1086 1000
1086 611 1087 1000
1087 611 1090 1000
1090 611 1095 1000
1095 611 1097 1000
1097 611 1134 631
1097 631 1134 642
1097 642 1099 1000
1099 642 1103 1000
1103 642 1134 674
1103 674 1106 1000
1106 674 1134 691
1106 691 1134 712
1106 712 1108 1000
1108 712 1109 1000
1109 712 1134 715
1109 715 1134 739
1109 739 1134 1000
1134 355 1189 359
1134 359 1189 415
1134 415 1137 1000
1137 415 1189 460
1137 460 1138 1000
1138 460 1143 1000
1143 460 1189 466
1143 466 1144 1000
1144 466 1146 1000
1146 466 1150 1000
1150 466 1189 467
1150 467 1153 1000
1153 467 1155 1000
1155 467 1189 495
1155 495 1159 1000
1159 495 1161 1000
1161 495 1163 1000
1163 495 1189 502
1163 502 1166 1000
1166 502 1167 1000
1167 502 1170 1000
1170 502 1172 1000
1172 502 1174 1000
1174 502 1175 1000
1175 502 1189 517
1175 517 1189 521
1175 521 1177 1000
1177 521 1189 1000
1189 355 1190 1000
1190 355 1193 1000
1193 355 1194 1000
1194 355 1195 1000
1195 355 1199 1000
1199 355 1203 386
1199 386 1203 1000
1203 355 1254 356
1203 356 1254 419
1203 419 1209 434
1203 434 1209 1000
1209 419 1254 458
1209 458 1254 467
1209 467 1254 503
1209 503 1254 535
1209 535 1211 1000
1211 535 1254 551
1211 551 1214 1000
1214 551 1216 1000
1216 551 1254 554
1216 554 1220 1000
1220 554 1254 578
1220 578 1254 604
1220 604 1223 1000
1223 604 1224 1000
1224 604 1254 607
1224 607 1254 640
1224 640 1227 1000
1227 640 1254 651
1227 651 1254 676
1227 676 1254 697
1227 697 1228 1000
1228 697 1254 717
1228 717 1254 1000
1254 355 2000 356
1254 356 1305 368
1305 356 1313 368
1313 356 1358 368
1358 356 1413 368
1413 356 2000 357
1413 357 2000 368
1254 368 2000 369
1254 369 1295 373
1295 369 2000 373
1254 373 1321 377
1321 373 2000 377
1254 377 1320 382
1320 377 1350 382
1350 377 2000 382
1254 382 1260 429
1260 382 1318 429
1318 382 1320 429
1320 382 1374 385
1320 385 1374 429
1374 382 1399 429
1399 382 2000 384
1399 384 2000 387
1399 387 2000 388
1399 388 2000 391
1399 391 2000 393
1399 393 2000 395
1399 395 1450 429
1450 395 2000 396
1450 396 2000 398
1450 398 1486 429
1486 398 2000 401
1486 401 1501 429
1501 401 1538 429
1538 401 1561 429
1561 401 2000 403
1561 403 1562 429
1562 403 2000 404
1562 404 1576 429
1576 404 1580 429
1580 404 2000 405
1580 405 1608 429
1608 405 1641 429
1641 405 2000 429
1254 429 1286 449
1286 429 2000 430
1286 430 1345 449
1345 430 1382 449
1382 430 2000 431
1382 431 2000 433
1382 433 1421 449
1421 433 2000 434
1421 434 2000 435
1421 435 1436 449
1436 435 1479 449
1479 435 2000 449
1254 449 2000 450
1254 450 1255 1000
1255 450 1257 1000
1257 450 1258 1000
1258 450 1262 1000
1262 450 1265 1000
1265 450 1329 454
1265 454 1329 499
1265 499 1329 523
1265 523 1329 537
1265 537 1329 543
1265 543 1267 1000
1267 543 1329 582
1267 582 1329 611
1267 611 1329 617
1267 617 1329 655
1267 655 1272 1000
1272 655 1329 676
1272 676 1329 700
1272 700 1276 1000
1276 700 1279 1000
1279 700 1285 1000
1285 700 1329 708
1285 708 1287 1000
1287 708 1292 1000
1292 708 1296 1000
1296 708 1299 1000
1299 708 1302 1000
1302 708 1329 713
1302 713 1329 739
1302 739 1329 763
1302 763 1329 786
1302 786 1304 1000
1304 786 1329 1000
1329 450 1334 459
1329 459 1334 1000
1334 450 1336 1000
1336 450 1338 1000
1338 450 1375 488
1338 488 1375 532
1338 532 1375 535
1338 535 1375 580
1338 580 1375 592
1338 592 1375 631
1338 631 1341 1000
1341 631 1344 1000
1344 631 1375 645
1344 645 1375 681
1344 681 1348 1000
1348 681 1375 694
1348 694 1350 1000
1350 694 1352 1000
1352 694 1353 1000
1353 694 1375 1000
1375 450 1420 462
1420 450 2000 451
1420 451 1474 462
1474 451 2000 453
1474 453 1489 462
1489 453 2000 462
1375 462 1387 466
1387 462 2000 466
1375 466 1381 470
1381 466 2000 470
1375 470 2000 472
1375 472 1426 512
1426 472 1459 512
1459 472 2000 474
1459 474 1493 512
1493 474 1507 512
1507 474 2000 478
1507 478 2000 482
1507 482 1548 512
1548 482 1573 512
1573 482 2000 484
1573 484 1611 512
1611 484 2000 487
1611 487 2000 490
1611 490 1618 512
1618 490 1621 512
1621 490 2000 493
1621 493 1643 512
1643 493 1675 512
1675 493 1706 512
1706 493 2000 512
1375 512 1376 1000
1376 512 1428 533
1428 512 2000 513
1428 513 1486 533
1486 513 1525 533
1525 513 2000 515
1525 515 2000 516
1525 516 1561 533
1561 516 2000 517
1561 517 2000 519
1561 519 2000 533
1376 533 2000 537
1376 537 2000 538
1376 538 2000 541
1376 541 1398 568
1398 541 2000 542
1398 542 2000 545
1398 545 2000 548
1398 548 2000 550
1398 550 2000 552
1398 552 2000 553
1398 553 2000 554
1398 554 1403 568
1403 554 1415 568
1415 554 1455 568
1455 554 1498 568
1498 554 1518 568
1518 554 2000 568
1376 568 2000 571
1376 571 1388 604
1388 571 1449 604
1449 571 2000 575
1449 575 2000 576
1449 576 2000 579
1449 579 1478 604
1478 579 2000 582
1478 582 2000 585
1478 585 1491 604
1491 585 1535 604
1535 585 1551 604
1551 585 1575 604
1575 585 2000 586
1575 586 1599 604
1599 586 1621 604
1621 586 1633 604
1633 586 2000 604
1376 604 1390 617
1390 604 2000 606
1390 606 1401 617
1401 606 1424 617
1424 606 2000 608
1424 608 2000 617
1376 617 1377 1000
1377 617 1405 649
1377 649 1405 661
1377 661 1379 1000
1379 661 1382 1000
1382 661 1385 1000
1385 661 1388 1000
1388 661 1389 1000
1389 661 1405 1000
1405 617 1408 1000
1408 617 1410 1000
1410 617 1413 1000
1413 617 1414 1000
1414 617 1416 1000
1416 617 1433 641
1416 641 1417 1000
1417 641 1433 1000
1433 617 2000 620
1433 620 2000 622
1433 622 1472 637
1472 622 2000 623
1472 623 1485 637
1485 623 2000 624
1485 624 2000 625
1485 625 1501 637
1501 625 2000 637
1433 637 2000 640
1433 640 2000 643
1433 643 1435 664
1435 643 2000 645
1435 645 2000 646
1435 646 1442 664
1442 646 1487 664
1487 646 2000 647
1487 647 1513 664
1513 647 1539 664
1539 647 1542 664
1542 647 2000 664
1433 664 1475 693
1475 664 2000 667
1475 667 2000 669
1475 669 2000 671
1475 671 2000 672
1475 672 2000 673
1475 673 1513 693
1513 673 1547 693
1547 673 2000 676
1547 676 2000 677
1547 677 2000 679
1547 679 2000 680
1547 680 2000 693
1433 693 2000 694
1433 694 2000 695
1433 695 2000 696
1433 696 2000 697
1433 697 1472 706
1472 697 2000 706
1433 706 1469 728
1469 706 1487 728
1487 706 2000 709
1487 709 1489 728
1489 709 2000 710
1489 710 2000 712
1489 712 2000 713
1489 713 2000 714
1489 714 2000 715
1489 715 2000 728
1433 728 1442 737
1433 737 1442 1000
1442 728 2000 730
1442 730 2000 731
1442 731 1448 755
1448 731 2000 734
1448 734 2000 735
1448 735 1475 755
1475 735 1485 755
1485 735 2000 738
1485 738 1502 755
1502 738 1506 755
1506 738 2000 740
1506 740 2000 755
1442 755 1443 1000
1443 755 1448 1000
1448 755 1492 762
1448 762 1492 773
1448 773 1451 1000
1451 773 1456 1000
1456 773 1492 791
1456 791 1457 1000
1457 791 1492 809
1457 809 1492 1000
1492 755 1541 779
1541 755 2000 757
1541 757 2000 760
1541 760 1557 779
1557 760 2000 761
1557 761 2000 763
1557 763 1576 779
1576 763 1618 779
1618 763 1629 779
1629 763 2000 779
1492 779 1542 787
1542 779 1562 787
1562 779 2000 787
1492 787 1494 1000
1494 787 1503 1000
1503 787 1516 795
1516 787 2000 788
1516 788 2000 795
1503 795 2000 799
1503 799 1544 805
1544 799 2000 805
1503 805 2000 807
1503 807 1543 823
1543 807 1556 823
1556 807 1590 823
1590 807 1605 823
1605 807 2000 808
1605 808 1639 823
1639 808 2000 823
1503 823 1528 838
1528 823 2000 824
1528 824 2000 825
1528 825 2000 827
1528 827 2000 828
1528 828 2000 838
1503 838 1514 1000
1514 838 1519 1000
1519 838 1522 1000
1522 838 1561 841
1522 841 1525 1000
1525 841 1526 1000
1526 841 1561 1000
1561 838 2000 839
1561 839 1568 850
1568 839 2000 840
1568 840 2000 850
1561 850 2000 852
1561 852 2000 853
1561 853 2000 855
1561 855 1567 863
1567 855 2000 863
1561 863 1562 1000
1562 863 2000 866
1562 866 1576 1000
1576 866 1582 1000
1582 866 1585 1000
1585 866 1609 867
1585 867 1609 1000
1609 866 2000 867
1609 867 2000 873
1609 873 2000 878
1609 878 1613 1000
1613 878 1614 1000
1614 878 1640 1000
1640 878 2000 880
1640 880 2000 882
1640 882 1658 890
1658 882 2000 890
1640 890 2000 895
1640 895 1676 904
1676 895 1709 904
1709 895 2000 904
1640 904 2000 908
1640 908 1646 1000
1646 908 1666 1000
1666 908 1680 1000
1680 908 1691 1000
1691 908 1705 1000
1705 908 2000 914
1705 914 2000 915
1705 915 2000 920
1705 920 1711 1000
1711 920 2000 921
1711 921 2000 929
1711 929 2000 930
1711 930 1734 1000
1734 930 2000 933
1734 933 2000 935
1734 935 1751 1000
1751 935 1764 1000
1764 935 2000 940
1764 940 1775 1000
1775 940 1776 1000
1776 940 2000 947
1776 947 1799 1000
1799 947 1802 1000
1802 947 1803 1000
1803 947 1809 1000
1809 947 2000 953
1809 953 1822 1000
1822 953 1831 1000
1831 953 2000 958
1831 958 2000 961
1831 961 1834 1000
1834 961 2000 962
1834 962 1841 1000
1841 962 1852 1000
1852 962 2000 1000
